Indice,Maligno,Dispositivo,TipologiaAttacco,RMSE:
0,1,7,7,3.234648082458126
14,1,7,9,20.352533910550882
25,1,7,5,0.3586789934097332
42,1,7,9,10.510950552094744
44,1,7,1,22.330006556716558
47,0,7,0,0.015183025589673058
92,1,7,9,5.904615850776858
103,1,7,8,16.96704723811301
111,1,7,10,4.7142124200571
112,1,7,9,17.9080600508713
119,0,7,0,0.1690430840010057
124,1,7,6,12.519420238715734
135,1,7,9,4.906070500037848
138,1,7,10,18.338658675751695
156,1,7,8,10.01824395225557
190,1,7,10,7.333048155066053
191,1,7,8,14.63699549461532
212,1,7,3,2.0216765262344416
225,1,7,6,23.997580887934188
226,1,7,9,14.121522183394793
247,1,7,4,0.3586790108976326
255,1,7,9,26.21245890353091
277,1,7,9,26.058430994665912
285,1,7,8,17.549426312645384
288,1,7,4,0.3586790108976326
298,1,7,3,2.169991005352604
317,1,7,9,15.741608150737866
321,1,7,6,10.496516912442118
323,1,7,10,21.25606406050987
329,1,7,4,0.3586790108976326
339,1,7,6,13.419816983466616
383,1,7,9,19.910255155738756
386,1,7,8,14.193379749737177
393,1,7,9,6.69648549230772
396,1,7,2,10.898626487054784
403,1,7,9,23.489433309385582
412,1,7,4,0.3586790108976326
461,1,7,10,9.449338582619482
463,1,7,4,0.3586790108976326
467,1,7,7,3.3592767530418888
469,1,7,9,14.341628236493888
472,1,7,9,9.685323362707383
474,1,7,4,0.3586790108976326
478,1,7,5,0.3586789934097332
483,1,7,6,9.00828769824928
493,1,7,9,15.922968729875754
508,1,7,8,19.996883823090126
522,1,7,5,0.3586789934097332
533,1,7,7,0.6787224822048554
545,1,7,10,17.901804079337943
549,1,7,5,0.3586789934097332
551,1,7,10,18.33104889066453
559,1,7,6,15.006918863498136
564,1,7,3,2.1802309799515585
568,1,7,5,0.3586789934097332
569,1,7,9,19.408242526265482
575,1,7,9,24.436963555098302
590,1,7,10,12.238783196854161
596,1,7,10,20.35121271888619
611,1,7,1,14.074469833228196
617,1,7,10,15.631495076795343
661,0,7,0,0.016712631561907863
672,1,7,9,5.759699253162803
681,1,7,10,4.318543377827267
696,1,7,4,0.3586790108976326
714,1,7,7,0.8448773340318723
718,1,7,9,15.19363924259186
720,1,7,5,0.3586789934097332
723,1,7,8,21.892728009478773
728,1,7,4,0.3586790108976326
729,1,7,4,0.3586790108976326
758,1,7,6,19.439288241014783
768,1,7,6,14.56584276684471
777,1,7,8,15.497834542473148
780,1,7,8,23.109567097176882
782,1,7,9,20.71396595329117
795,1,7,1,12.70585617141535
803,1,7,9,13.823979604851772
806,0,7,0,0.026366288635531906
831,1,7,8,12.347176400835815
833,1,7,5,0.3586789934097332
847,1,7,8,12.060953741465415
856,1,7,10,11.380935630482165
860,1,7,4,0.3586790108976326
878,1,7,1,18.958555108122862
881,1,7,4,0.3586790108976326
889,1,7,10,16.62848287247021
902,1,7,9,3.5652392352637974
904,1,7,6,4.151430918713398
952,1,7,9,16.1655780224063
974,0,7,0,0.03175122527806162
975,1,7,5,0.3586789934097332
984,1,7,6,5.247592274529162
999,1,7,6,12.065561683027273
1004,1,7,9,25.60169937309767
1017,1,7,5,0.3586789949470627
1022,1,7,3,0.9374584819060103
1023,1,7,8,20.166327149344074
1026,1,7,10,12.267658212869717
1032,1,7,9,25.165902811636723
1033,1,7,5,0.3586789934097332
1046,1,7,9,24.170114669731248
1049,1,7,1,5.659848686067915
1086,1,7,9,25.544949236695402
1099,1,7,9,14.772890002373563
1106,1,7,6,23.526518542809914
1147,1,7,5,0.3586789934097332
1170,1,7,4,0.3586790108976326
1185,1,7,5,0.3586789934097332
1188,1,7,9,20.012857039866688
1205,1,7,6,13.443708024901968
1210,1,7,4,0.3586790108976326
1214,1,7,2,7.679478150239829
1219,1,7,10,13.811599170699251
1221,1,7,3,2.3501152288153557
1229,1,7,10,11.16738308099021
1243,1,7,6,14.657033668038725
1244,1,7,6,14.059983248840124
1275,1,7,8,17.456948512058254
1281,1,7,9,15.522880139516102
1302,1,7,5,0.3586789934097332
1304,0,7,0,0.0119680500522154
1310,1,7,5,0.3586789934097332
1312,1,7,9,4.354607894474948
1319,1,7,10,4.596316902306351
1323,1,7,1,10.00795142809589
1330,1,7,4,0.358679009087165
1332,1,7,8,17.279097208082796
1333,1,7,7,4.355399614697812
1336,1,7,3,2.4024308292233583
1352,1,7,1,21.864155618057204
1360,1,7,4,0.3586790108976326
1374,1,7,6,9.810894158615055
1381,1,7,5,0.3586789934097332
1384,1,7,2,7.607998367355101
1396,1,7,9,14.027138997781735
1398,1,7,4,0.3586790108976326
1399,1,7,9,12.398346635416447
1402,1,7,8,13.776205111274265
1416,1,7,10,15.825058546116304
1424,1,7,6,12.088355699766451
1447,1,7,9,2.3371320236829907
1459,1,7,6,4.037071250038161
1468,1,7,4,0.3586790108976326
1469,1,7,5,0.3586789934097332
1474,1,7,6,7.9015793680325315
1480,1,7,9,13.232496299263634
1494,1,7,9,14.842295080818928
1505,1,7,9,24.507774082143463
1517,1,7,4,0.3586790108976326
1531,1,7,8,11.321248581248973
1545,1,7,5,0.3586789934097332
1570,1,7,8,5.511082850352208
1573,1,7,6,21.734902640640396
1574,1,7,6,23.98652365606033
1588,1,7,8,7.989913088675457
1598,1,7,8,17.381983812911155
1602,1,7,8,14.0829067530391
1616,1,7,6,11.260303199719853
1634,1,7,5,0.3586789949470627
1643,1,7,6,21.032113042929808
1692,1,7,5,0.3586789934097332
1704,0,7,0,0.02583014928571333
1711,1,7,6,7.059456900768697
1719,1,7,9,20.632948435306965
1730,1,7,2,8.325692586958935
1741,1,7,8,7.204160748208169
1761,1,7,9,19.073735343672176
1786,1,7,1,16.086799620794366
1817,1,7,4,0.3586790108976326
1824,1,7,4,0.3586790108976326
1839,1,7,9,15.60373828936118
1846,0,7,0,0.02691950537105929
1862,1,7,8,24.030131053473625
1874,0,7,0,0.0121074533581088
1876,1,7,2,12.357401725038931
1880,1,7,9,24.7689755116345
1883,1,7,4,0.3586790108976326
1889,1,7,7,3.8954685661746673
1905,1,7,6,10.740822856258655
1906,1,7,4,0.3586790108976326
1921,1,7,5,0.3586789934097332
1923,1,7,9,16.698485569288998
1946,1,7,9,13.357830526341932
1949,0,7,0,0.01278157785068868
1954,0,7,0,0.027115803621995952
1965,1,7,9,25.746946187022136
1967,1,7,7,0.571528841803007
1987,1,7,9,16.445685901394622
1994,1,7,7,4.568845274705566
2007,1,7,9,21.762406127517217
2009,1,7,5,0.3586789949470627
2019,1,7,5,0.3586789934097332
2020,1,7,6,11.985191800980372
2024,0,7,0,0.013352985854459013
2029,1,7,8,20.88936586639423
2046,1,7,6,5.603307632235159
2063,1,7,5,0.3586789934097332
2072,1,7,9,20.663527931766666
2077,1,7,9,8.124748538594995
2082,1,7,8,17.616242551293393
2089,1,7,5,0.3586789934097332
2091,1,7,7,0.3775893223205879
2097,1,7,3,2.0702456122778177
2113,1,7,4,0.3586790108976326
2121,1,7,4,0.3586790108976326
2126,1,7,4,0.3586790108976326
2133,1,7,3,2.179540271850512
2139,1,7,10,10.017032232246402
2140,1,7,1,4.5003999058972335
2142,1,7,6,22.566107560602507
2146,1,7,9,9.013653661473235
2153,1,7,8,2.910601164016141
2158,1,7,5,0.3586789934097332
2163,1,7,9,25.329778380835155
2175,1,7,4,0.3586790108976326
2190,1,7,1,12.314047018862045
2199,1,7,4,0.3586790108976326
2202,1,7,10,20.888577826619688
2214,1,7,10,21.223310001964496
2221,1,7,1,13.478138807904076
2237,1,7,1,11.238015370223001
2244,1,7,4,0.358679009087165
2249,0,7,0,0.019655901111828022
2255,1,7,1,8.282286686037327
2268,1,7,6,14.744238729990442
2292,1,7,10,10.664666556424079
2322,1,7,5,0.3586789934097332
2328,1,7,8,27.50599503809374
2335,1,7,10,20.457514774169066
2360,1,7,5,0.3586789934097332
2363,1,7,5,0.3586789934097332
2371,1,7,4,0.3586790108976326
2373,1,7,8,5.173269719422898
2380,1,7,9,7.042559079573755
2392,1,7,6,12.987943992190319
2397,1,7,10,12.329756370409797
2430,1,7,5,0.3586789934097332
2432,1,7,8,15.903480351967136
2436,1,7,4,0.3586790108976326
2445,1,7,1,9.176474707540434
2447,1,7,1,20.380994999222526
2449,1,7,5,0.3586789934097332
2451,1,7,5,0.3586789934097332
2470,1,7,4,0.3586790108976326
2475,1,7,9,20.847925738754917
2494,1,7,10,9.195869991756442
2497,1,7,10,3.493850342667756
2508,1,7,10,16.409767904668247
2552,1,7,3,2.3515313234472686
2572,1,7,4,0.3586790108976326
2589,1,7,3,2.370005506873932
2598,1,7,4,0.3586790108976326
2604,1,7,1,16.23047885487527
2606,1,7,6,13.35963137062387
2618,1,7,8,12.008163822929262
2626,0,7,0,0.01254839456506224
2642,1,7,7,2.324058050292835
2653,1,7,6,3.9328365481344836
2656,1,7,8,12.776969984909192
2658,1,7,10,16.930347011135886
2665,1,7,4,0.3586790108976326
2668,0,7,0,0.021706459564551885
2669,1,7,4,0.3586790108976326
2670,1,7,5,0.3586789934097332
2671,1,7,6,11.271407115571703
2694,1,7,7,0.8009440203692
2696,1,7,2,2.004211921610227
2701,1,7,6,7.426911845847427
2702,1,7,6,11.270249449320064
2705,1,7,6,23.576738205072914
2708,1,7,1,6.228026287331063
2717,1,7,4,0.3586790108976326
2748,1,7,2,6.23244013772092
2756,1,7,8,19.670592226094858
2757,1,7,10,17.166920754027267
2760,1,7,5,0.3586789934097332
2767,1,7,5,0.3586789934097332
2772,1,7,9,12.181611886685987
2778,1,7,5,0.3586789934097332
2781,1,7,3,2.3769305792453306
2796,1,7,8,11.117542333685382
2799,1,7,8,17.37734371563674
2803,0,7,0,0.018206855452194057
2823,1,7,8,14.836523149548292
2827,1,7,7,3.943106926631392
2842,1,7,5,0.3586789949470627
2849,1,7,5,0.3586789949470627
2862,1,7,4,0.3586790108976326
2863,1,7,7,0.859939010126071
2883,1,7,4,0.3586790108976326
2891,1,7,8,16.565781566588115
2897,1,7,10,21.234290883498154
2902,1,7,10,5.38084319668427
2903,1,7,6,9.591010713588002
2929,1,7,5,0.3586789934097332
2930,1,7,8,11.187708163671955
2947,1,7,1,10.315348504217509
2952,1,7,9,18.902731398254957
2955,1,7,2,11.27134989679213
2957,1,7,1,21.00548284446872
2963,0,7,0,0.030728097259451664
2972,1,7,7,3.6628891668201415
2991,1,7,6,16.69749313826268
3021,1,7,1,19.867503114514847
3038,1,7,8,13.813531183168244
3045,1,7,9,19.914899884936805
3048,1,7,4,0.3586790108976326
3049,1,7,10,6.590732841768534
3066,1,7,9,2.6629971621087036
3079,1,7,9,4.8194597391805045
3086,1,7,10,10.960874438909867
3094,1,7,8,22.66756253048807
3109,1,7,6,8.971282529396934
3110,1,7,8,22.68611223958733
3122,1,7,6,14.881107142293681
3126,1,7,10,15.28170448188921
3147,1,7,1,11.593721233726372
3148,1,7,1,15.585090862681536
3153,1,7,10,18.117518944025534
3173,1,7,5,0.3586789934097332
3177,0,7,0,0.009672902924053988
3180,1,7,7,1.6427967123030172
3188,1,7,9,16.792574417117827
3218,1,7,4,0.3586790108976326
3227,1,7,8,7.72330225259743
3249,1,7,8,28.431782348434925
3258,1,7,8,12.334776120794295
3268,1,7,5,0.3586789934097332
3292,1,7,7,2.7738940898464044
3297,1,7,4,0.3586790108976326
3300,1,7,9,24.207785179070115
3324,1,7,8,6.607728670644991
3325,1,7,6,23.723942643190245
3361,1,7,4,0.3586790108976326
3376,1,7,9,22.158269378388717
3413,1,7,5,0.3586789934097332
3419,1,7,4,0.3586790108976326
3423,1,7,5,0.3586789934097332
3425,1,7,5,0.3586789934097332
3427,1,7,1,11.149485232212687
3457,1,7,9,15.014176854967173
3461,1,7,4,0.3586790108976326
3465,1,7,8,16.85490507474484
3468,1,7,6,10.148361341258623
3470,1,7,7,4.45106042758335
3473,1,7,4,0.3586790108976326
3481,1,7,5,0.3586789934097332
3484,1,7,9,14.555985900670821
3497,1,7,5,0.3586789934097332
3498,1,7,8,27.677200831697387
3501,1,7,7,2.4463149666210104
3515,1,7,1,19.33937271542089
3551,1,7,8,25.220696601327266
3561,1,7,9,7.240930776795715
3577,1,7,9,6.0334498391386475
3580,1,7,9,14.35503952985023
3582,1,7,8,15.754606001644982
3597,1,7,1,23.23005392862646
3601,1,7,9,13.097016794632365
3608,1,7,9,14.547055793347566
3636,1,7,9,16.729828738870786
3639,1,7,10,21.22773184968994
3647,1,7,9,22.702220963105688
3651,1,7,4,0.3586790108976326
3653,1,7,6,9.647746056495151
3661,1,7,8,28.192309361055468
3676,1,7,10,14.4989482650454
3678,1,7,8,23.492844608660576
3681,1,7,3,0.931078975423561
3685,1,7,8,20.33108020887812
3686,1,7,6,11.01589253239192
3714,1,7,2,2.1141679897530996
3723,1,7,5,0.3586789934097332
3726,1,7,6,24.074438837432222
3737,1,7,4,0.3586790108976326
3739,1,7,8,16.63135239412174
3746,0,7,0,0.028979424464061657
3748,1,7,4,0.3586790108976326
3751,1,7,9,24.3595448572212
3754,1,7,2,14.05357181198528
3758,1,7,8,22.702909922404785
3789,1,7,8,15.039909005472733
3794,1,7,4,0.358679009087165
3805,1,7,6,5.916458207754618
3810,1,7,1,9.29823788991811
3811,1,7,5,0.3586789934097332
3821,1,7,7,4.52647328329293
3836,1,7,9,13.36324587458274
3843,1,7,8,11.494296075758697
3846,1,7,10,10.059866443027003
3858,1,7,9,19.77018272417039
3873,1,7,9,16.35746102652718
3880,1,7,6,21.591742883848415
3883,1,7,9,24.938770228046618
3887,1,7,2,8.000611136009276
3907,1,7,6,8.255010008391872
3930,1,7,8,22.303850107831643
3945,1,7,4,0.3586790108976326
3951,1,7,8,25.82907870055273
3959,1,7,5,0.3586789934097332
3968,1,7,6,13.347393287004262
3991,1,7,6,18.19070164065125
3999,1,7,9,23.970072159987026
4008,1,7,6,6.900068490110352
4017,1,7,4,0.3586790108976326
4018,1,7,10,11.616494969200213
4019,1,7,6,10.433300635168116
4028,1,7,1,16.793489202498147
4039,1,7,5,0.3586789934097332
4044,1,7,3,1.42791769043055
4057,1,7,8,15.01304768651124
4084,1,7,7,3.9922054777330604
4092,1,7,8,21.503453025579578
4094,1,7,8,24.07918419591713
4096,1,7,10,11.34768387926195
4101,1,7,10,20.611786151747307
4108,1,7,4,0.3586790108976326
4115,1,7,5,0.3586789934097332
4117,1,7,4,0.3586790108976326
4127,0,7,0,0.016616955026611775
4140,1,7,7,1.3532710507300418
4144,1,7,9,19.936016871698005
4156,1,7,5,0.3586789934097332
4162,1,7,5,0.3586789934097332
4203,1,7,9,5.598009506130431
4208,1,7,9,21.603503923629226
4218,1,7,10,19.65091869338093
4225,1,7,1,19.851711469598406
4228,1,7,9,21.45970227075424
4237,1,7,4,0.3586790108976326
4286,1,7,2,2.1073053093443805
4287,1,7,5,0.3586789934097332
4308,1,7,9,26.359307590252136
4313,1,7,8,11.410379857985223
4314,1,7,8,17.31874636039781
4319,1,7,2,7.334023574800895
4325,1,7,5,0.3586789934097332
4334,1,7,7,2.116493602958962
4341,0,7,0,0.021048083547870144
4343,1,7,10,5.242626015455368
4346,1,7,9,24.95313589732713
4351,1,7,7,1.34417343890659
4369,1,7,9,14.219380127026552
4373,1,7,4,0.3586790108976326
4379,1,7,5,0.3586789934097332
4409,1,7,7,0.9483866461296908
4411,1,7,10,21.26456544719887
4416,1,7,1,17.694219413859358
4424,1,7,5,0.3586789934097332
4433,1,7,10,3.401465954642367
4446,1,7,10,13.543158409884649
4464,1,7,9,11.721304667120698
4507,1,7,9,16.336869140708096
4514,1,7,6,22.517832108368918
4526,1,7,6,4.286737765352486
4531,1,7,9,15.079290771595485
4533,1,7,10,16.42638891886065
4536,1,7,9,20.78112257215215
4543,1,7,10,4.829006003237393
4547,1,7,1,17.939802792244897
4554,1,7,9,23.90533435032292
4584,1,7,10,10.677755211631531
4588,1,7,9,2.349780763717478
4597,0,7,0,0.02557829624673837
4603,1,7,1,5.669020298951602
4609,1,7,8,10.285072436448747
4614,1,7,2,10.97418956005584
4627,1,7,6,13.725295234352982
4633,1,7,9,11.972989149445104
4644,1,7,10,6.311865277953635
4651,1,7,4,0.3586790108976326
4673,1,7,4,0.3586790108976326
4674,1,7,10,16.068813029734947
4676,1,7,9,11.14423333249237
4678,1,7,9,15.92703267959928
4682,1,7,10,20.989059281997417
4696,1,7,10,6.038100639709864
4697,1,7,10,10.24555210568789
4705,1,7,8,19.00300637928316
4708,1,7,4,0.3586790108976326
4717,1,7,8,23.123875918487244
4721,1,7,6,22.8349266978245
4729,1,7,7,0.9649373339128533
4740,1,7,1,22.378274061070325
4753,1,7,5,0.3586789934097332
4757,1,7,10,12.422886937509205
4761,1,7,6,19.975037080305828
4776,1,7,1,20.31266807064807
4777,1,7,1,11.371770627194483
4788,1,7,6,14.357355256445254
4801,1,7,8,8.14662706984045
4802,1,7,6,14.900016459444393
4822,1,7,9,23.283959375823105
4824,1,7,10,11.360229929551034
4833,1,7,5,0.3586789934097332
4857,1,7,8,28.204824705281613
4859,1,7,2,11.922811918834658
4885,1,7,6,7.367521178173338
4892,1,7,2,8.185730854171075
4922,1,7,8,17.022966514626955
4933,1,7,9,26.109959659547016
4942,1,7,9,11.250458358688089
4957,1,7,9,9.898394798908651
4975,1,7,6,14.420912342018454
4985,1,7,9,20.777345714839242
4995,1,7,9,23.475306380911782
5007,1,7,9,16.076575600503062
5010,1,7,6,21.889322954471236
5022,1,7,9,25.17164861904478
5032,1,7,8,22.19399434053164
5044,1,7,6,21.785674416280614
5071,1,7,4,0.3586790108976326
5096,1,7,9,13.805317723538842
5102,1,7,5,0.3586789934097332
5105,1,7,5,0.3586789934097332
5111,1,7,3,2.411754928465617
5129,1,7,9,14.665562359969936
5131,1,7,5,0.3586789934097332
5142,1,7,6,8.264662927418089
5153,1,7,7,2.1289193458624944
5154,1,7,10,6.6109106853263295
5179,1,7,10,14.292487738261878
5187,1,7,9,19.94974942047056
5195,1,7,9,25.545637999640032
5211,1,7,4,0.3586790108976326
5217,1,7,8,23.278074684588447
5228,1,7,10,5.0580193031613705
5231,1,7,5,0.3586789934097332
5234,1,7,7,4.341597198338847
5237,1,7,6,12.531279049553833
5238,1,7,5,0.3586789934097332
5247,1,7,4,0.3586790108976326
5249,1,7,9,25.70050390995587
5252,1,7,6,14.858565846429677
5265,1,7,4,0.3586790108976326
5272,1,7,6,14.826040626545256
5296,1,7,6,14.792708614037783
5300,1,7,5,0.3586789934097332
5315,1,7,9,20.801243346260232
5317,1,7,8,9.745461040852755
5318,1,7,8,21.362068436298006
5325,1,7,1,19.739441250521065
5335,1,7,8,8.52981014603643
5339,0,7,0,0.01637406582947411
5374,0,7,0,0.01469549521136234
5376,1,7,8,9.513214402225284
5384,1,7,8,24.02927588823165
5401,1,7,9,13.887758345029901
5415,1,7,8,19.506535301628784
5416,1,7,6,22.574298483814033
5442,1,7,5,0.3586789934097332
5444,1,7,1,14.680414440502839
5454,0,7,0,0.029416816450771082
5456,1,7,7,3.9438390596246795
5462,1,7,5,0.3586789934097332
5464,1,7,6,23.19193234163285
5504,1,7,9,23.96220228645977
5512,1,7,7,3.754864334987922
5513,1,7,8,9.565356691214898
5538,1,7,9,24.140019270311548
5544,1,7,8,24.09180080752436
5564,0,7,0,0.01973660209202107
5567,1,7,1,6.264179825561244
5579,1,7,9,26.48333752902913
5581,1,7,9,13.615251686157254
5597,1,7,9,24.247546827328588
5604,1,7,1,9.684406461204427
5610,1,7,1,21.578125483567963
5646,1,7,9,17.4953586488619
5648,1,7,6,8.26195263976065
5677,1,7,1,20.526327431386733
5686,1,7,8,19.369919769280287
5702,1,7,10,18.2735732353552
5721,1,7,9,10.595759253666492
5723,1,7,9,14.604453353967042
5724,1,7,5,0.3586789934097332
5733,1,7,5,0.3586789934097332
5758,1,7,9,12.323975287814486
5761,1,7,10,13.779749474678862
5764,1,7,9,24.939560286501393
5769,1,7,4,0.8985353976525232
5777,1,7,5,0.3586789934097332
5780,1,7,7,3.0254174982721556
5785,1,7,4,0.3586790108976326
5803,1,7,8,26.546077813810278
5807,1,7,9,4.335841577243388
5818,1,7,7,1.3626168506461418
5840,1,7,9,25.52007724435819
5855,1,7,3,1.1524911289258837
5862,1,7,5,0.3586789934097332
5867,0,7,0,0.01435335294875495
5869,1,7,8,25.66326431365789
5890,1,7,9,15.108761918048595
5899,1,7,8,13.83446988726796
5900,1,7,5,0.3586789934097332
5922,1,7,10,7.6481160604611444
5925,1,7,10,21.236788864118836
5934,0,7,0,0.27732720875983485
5945,1,7,5,0.3586789934097332
5950,0,7,0,0.012888100052537078
5957,0,7,0,0.014051529070162657
5962,1,7,7,3.4008098730005374
5966,1,7,9,23.460111245483816
5971,1,7,9,7.753171422693095
5972,1,7,5,0.3586789934097332
6003,1,7,1,18.15326924482079
6005,1,7,9,26.422194390594935
6026,1,7,9,16.545365472591122
6042,1,7,9,20.862227858104383
6049,1,7,9,9.333867239351193
6053,1,7,9,8.547490530917443
6055,1,7,8,5.575626283394822
6060,1,7,6,17.427899338575088
6065,1,7,4,0.3586790108976326
6087,1,7,8,7.266249526498874
6094,1,7,4,0.3586790108976326
6114,1,7,4,0.3586790108976326
6124,1,7,6,22.583238614474276
6141,1,7,9,24.400993438877624
6155,1,7,8,11.048870263584016
6172,1,7,10,17.837220952070265
6176,1,7,8,6.664790379925604
6179,1,7,7,1.0644444603847463
6183,1,7,8,22.02830630309235
6193,1,7,7,0.7741987526001226
6225,1,7,9,19.720046668430125
6226,0,7,0,0.025808508826775583
6228,1,7,5,0.3586789934097332
6232,1,7,9,25.157325730578357
6233,1,7,8,28.447367684174605
6238,1,7,9,26.206392068927364
6241,1,7,1,13.367254287930393
6247,1,7,1,19.36957367940163
6251,1,7,8,13.00070944135668
6254,1,7,1,17.25227203922631
6260,1,7,6,8.001488181436105
6270,1,7,4,0.3586790108976326
6291,1,7,9,3.42742480597061
6296,1,7,8,24.58688885324148
6313,1,7,4,0.3586790108976326
6317,1,7,6,22.835472062226337
6319,1,7,6,13.036908599725837
6320,1,7,5,0.3586789934097332
6323,1,7,9,16.030519111745445
6329,1,7,10,8.490585709275711
6354,1,7,8,28.080182380315826
6356,1,7,5,0.3586789934097332
6363,1,7,6,14.684241721973418
6368,1,7,5,0.3586789934097332
6371,1,7,9,26.300043004393473
6388,1,7,3,1.5335223331840817
6398,1,7,8,13.76442273402348
6409,1,7,10,3.9315077606221602
6418,1,7,10,13.883298466805709
6427,1,7,6,10.573378579082323
6430,1,7,5,0.3586789934097332
6445,1,7,5,0.3586789934097332
6449,1,7,7,1.3992587963125116
6468,1,7,8,10.10470632958458
6472,1,7,8,23.501130383695017
6474,1,7,9,24.032735209964493
6480,1,7,4,0.3586790108976326
6504,1,7,8,8.042888820242121
6505,1,7,8,23.601818388701858
6514,1,7,9,24.955549005346384
6527,1,7,1,5.228945697368392
6544,1,7,2,1.463174999433729
6547,1,7,8,5.288058275723177
6552,1,7,4,0.3586790108976326
6579,1,7,4,0.358679009087165
6604,1,7,5,0.3586789949470627
6606,1,7,4,0.3586790108976326
6608,1,7,4,0.3586790108976326
6614,1,7,5,0.3586789934097332
6622,1,7,9,18.626304857274253
6637,1,7,4,0.3586790108976326
6646,1,7,9,22.661578893615097
6670,1,7,8,27.091230159415815
6672,1,7,4,0.3586790108976326
6682,1,7,4,0.3586790108976326
6701,1,7,4,0.3586790108976326
6706,1,7,8,16.04032585515941
6727,1,7,5,0.3586789934097332
6738,1,7,6,20.231814962237987
6741,1,7,6,24.07449070197939
6742,1,7,9,3.444218805309004
6770,1,7,4,0.3586790108976326
6771,1,7,7,1.75014480038811
6773,1,7,6,16.53047914913817
6780,1,7,3,2.420714208090021
6785,1,7,8,3.967568225011617
6789,1,7,4,0.3586790108976326
6795,1,7,8,12.564658365069768
6808,1,7,4,0.3586790108976326
6819,1,7,6,23.386152196363053
6820,1,7,10,12.260305696716305
6826,1,7,7,4.33718017500702
6833,1,7,8,9.560230823136727
6836,1,7,3,2.2609400687834516
6844,1,7,6,12.452605310608527
6847,1,7,5,0.3586789934097332
6862,1,7,9,5.911712365927925
6877,1,7,4,0.358679009087165
6881,1,7,8,16.30404050835893
6887,1,7,6,23.863079719717298
6899,1,7,8,27.413361500768332
6925,1,7,4,0.3586790108976326
6926,1,7,5,0.3586789934097332
6927,1,7,6,15.675252811828171
6935,1,7,5,0.3586789934097332
6938,1,7,7,0.9508735792521317
6949,1,7,9,22.92878145703629
6952,1,7,1,3.8452899419400093
6958,1,7,8,23.00307584744454
6962,1,7,5,0.3586789934097332
6993,0,7,0,0.20028576267008988
6996,1,7,6,14.6275555290998
7003,1,7,1,22.658149072555975
7005,1,7,10,4.985127546338487
7010,1,7,8,10.883271984292122
7012,1,7,6,18.25300104913748
7016,1,7,9,5.464199607141407
7030,1,7,6,6.662178747365993
7051,1,7,8,8.537085144468413
7052,1,7,1,4.3098340693925445
7064,1,7,9,20.913655042083338
7069,1,7,8,18.90987044473065
7071,1,7,8,21.889298842609517
7075,1,7,10,11.280965283403024
7082,1,7,6,13.407583902606527
7090,1,7,7,2.7037147895893696
7091,1,7,10,8.151166431135321
7109,1,7,4,0.3586790108976326
7158,1,7,1,4.4953881330632965
7165,1,7,6,10.058251417609917
7176,1,7,10,20.684756072807467
7178,1,7,3,0.9407360127068211
7200,1,7,7,1.937726383977577
7203,1,7,3,1.7943803167031194
7206,1,7,10,11.619505277627722
7216,1,7,4,0.3586790108976326
7222,1,7,4,0.3586790108976326
7237,1,7,8,9.444415013750989
7239,1,7,9,5.413987832992823
7242,1,7,7,2.9451382030104765
7264,1,7,9,22.143088818609264
7279,1,7,5,0.3586789934097332
7299,1,7,9,15.881242702516534
7311,1,7,9,14.489303013803768
7325,1,7,8,24.58450326499198
7335,1,7,4,0.3586790108976326
7340,1,7,9,15.422894177993392
7343,1,7,5,0.3586789934097332
7345,1,7,4,0.3586790108976326
7363,1,7,5,0.3586789934097332
7366,1,7,5,0.3586789934097332
7374,1,7,3,2.004962071132021
7380,1,7,9,24.76369662431143
7431,1,7,5,0.3586789934097332
7441,1,7,9,10.69724945449136
7476,1,7,5,0.3586789934097332
7478,1,7,6,5.557380385601122
7501,1,7,8,23.026015554400782
7509,1,7,6,22.570810857393422
7515,1,7,5,0.3586789934097332
7520,1,7,9,20.644764861623027
7524,1,7,3,2.406382115335175
7530,1,7,4,0.3586790108976326
7531,0,7,0,0.023195180094237024
7532,1,7,9,21.284947192948884
7536,1,7,4,0.3586790108976326
7556,1,7,5,0.3586789934097332
7570,1,7,10,20.563436401132126
7572,1,7,9,26.402906599284773
7576,1,7,4,0.3586790108976326
7583,1,7,5,0.3586789934097332
7606,1,7,6,12.2926302085456
7611,1,7,3,2.170257314823205
7613,1,7,8,11.515449105971658
7659,1,7,5,0.3586789934097332
7666,1,7,6,11.846809085862382
7668,1,7,5,0.3586789934097332
7698,1,7,5,0.3586789934097332
7704,1,7,8,16.563591520883474
7715,0,7,0,0.016604880561872606
7719,0,7,0,0.05756852687967503
7720,1,7,9,16.653170461665464
7726,1,7,8,27.756416685009498
7729,1,7,9,26.16416030016558
7733,1,7,8,18.883653320886
7738,1,7,10,11.81474674999891
7761,1,7,4,0.3586790108976326
7765,1,7,6,13.919101131802755
7771,1,7,9,6.206846067729395
7774,1,7,4,0.3586790108976326
7791,1,7,5,0.3586789934097332
7798,1,7,4,0.3586790108976326
7807,1,7,9,10.864824217190206
7816,1,7,5,0.3586789949470627
7832,1,7,6,14.502070520438183
7836,1,7,1,17.829251012631698
7837,1,7,4,0.3586790108976326
7841,1,7,9,10.594425996129793
7848,1,7,8,28.117723727622003
7867,1,7,5,0.3586789934097332
7884,1,7,5,0.3586789934097332
7893,1,7,9,12.87904733334217
7914,1,7,5,0.3586789934097332
7934,1,7,6,21.29219089990144
7944,1,7,1,22.940893842309464
7970,1,7,5,0.3586789934097332
7982,0,7,0,0.016627228500183173
7984,1,7,9,23.23532085603066
7988,1,7,9,4.5384018893204
8007,1,7,8,17.260312881575864
8037,1,7,5,0.3586789934097332
8046,1,7,9,16.725048793424424
8070,1,7,6,12.436606606304764
8095,1,7,5,0.3586789934097332
8100,1,7,6,22.178653636062293
8110,1,7,3,1.2403313016787834
8117,1,7,8,23.133012401718865
8128,1,7,4,0.3586790108976326
8147,1,7,5,0.3586789934097332
8171,1,7,9,14.06161418427389
8186,1,7,9,25.527662865185153
8195,0,7,0,0.018710704593690224
8197,1,7,6,19.33237096094961
8198,1,7,1,14.4320074635597
8204,1,7,9,16.20835298692183
8208,1,7,5,0.3586789949470627
8211,1,7,9,24.51071250305931
8217,1,7,4,0.3586790108976326
8226,1,7,8,24.830445840608306
8227,1,7,6,18.91255989661523
8245,1,7,4,0.3586790108976326
8256,0,7,0,0.042792693948232874
8257,0,7,0,0.03009307484424203
8262,1,7,6,19.45036026772508
8266,1,7,6,13.207824244523657
8270,1,7,10,9.510761373026638
8282,1,7,10,8.513550841957095
8289,1,7,5,0.3586789934097332
8315,1,7,9,24.612943185206404
8317,1,7,7,4.2361108467611785
8328,1,7,2,1.3329511393138205
8337,1,7,5,0.3586789934097332
8338,1,7,5,0.3586789934097332
8345,1,7,4,0.3586790108976326
8347,1,7,8,16.017650711410514
8349,1,7,9,9.93966865728254
8375,0,7,0,0.024551516359475445
8387,1,7,10,21.296313102902264
8388,1,7,8,18.387400111632296
8395,1,7,9,22.17021319358637
8401,1,7,7,2.216679546538561
8415,1,7,10,6.930470491780508
8427,1,7,10,8.923099867041408
8434,1,7,10,15.302427708051757
8444,1,7,9,25.906690670296566
8449,1,7,5,0.3586789934097332
8451,1,7,9,5.24788978984776
8455,0,7,0,0.11727513344666475
8460,1,7,9,16.707977462752655
8463,1,7,9,22.421775513916796
8465,1,7,9,21.236359035996884
8471,1,7,9,15.0759360399424
8476,1,7,9,14.89816766684952
8480,1,7,8,25.741672571226506
8487,0,7,0,0.012730468777076972
8499,1,7,4,0.3586790108976326
8500,1,7,9,22.730913198594468
8534,1,7,8,25.65691621390239
8538,1,7,2,11.656546958662101
8541,1,7,3,1.865721032588684
8550,1,7,7,4.265671432114444
8556,1,7,1,5.9034294826991465
8562,1,7,5,0.3586789934097332
8563,1,7,4,0.3586790108976326
8591,1,7,4,0.3586790108976326
8606,0,7,0,0.011816207814760941
8611,1,7,7,2.230658758165515
8628,1,7,6,20.768537119258003
8629,1,7,6,17.472817630362297
8632,1,7,4,0.3586790108976326
8643,1,7,1,12.281170285264585
8653,1,7,6,14.782111756671263
8655,1,7,8,27.096101427016784
8698,1,7,5,0.3586789934097332
8714,1,7,1,22.507980124812708
8721,1,7,6,21.278935833639917
8728,1,7,9,24.62504357156361
8735,1,7,1,6.531523394295688
8743,1,7,8,19.589628888091934
8745,1,7,9,16.631774684609567
8756,1,7,10,20.38011685104591
8757,1,7,8,8.413245833818563
8765,1,7,5,0.3586789934097332
8767,1,7,6,23.164211740662967
8798,1,7,5,0.3586789934097332
8808,1,7,9,25.594079234467987
8822,1,7,4,0.3586790108976326
8825,1,7,5,0.3586789934097332
8826,1,7,6,22.4049019042341
8831,1,7,5,0.3586789934097332
8843,1,7,4,0.3586790108976326
8849,1,7,4,0.3586790108976326
8850,1,7,7,3.273113227746993
8858,1,7,8,16.173557734197054
8867,1,7,6,14.342991793806029
8880,1,7,6,18.77299773719033
8881,1,7,6,11.630645410191176
8896,1,7,4,0.3586790108976326
8902,1,7,8,13.579000888970688
8907,1,7,4,0.3586790108976326
8913,1,7,10,20.62964823262059
8923,1,7,8,15.762612132843255
8928,1,7,2,1.5567096807985124
8938,1,7,8,17.699756662707664
8949,1,7,4,0.3586790108976326
8954,1,7,8,14.356172968242474
8955,1,7,6,23.458477822638002
8959,1,7,9,19.587792652669318
8984,1,7,9,25.907792039744347
8989,1,7,1,20.175591500682277
9012,1,7,5,0.3586789949470627
9025,1,7,1,22.062186509737494
9044,1,7,4,0.3586790108976326
9057,1,7,5,0.3586789934097332
9062,1,7,4,0.3586790108976326
9065,1,7,7,3.573617292569281
9071,1,7,9,26.41417508552676
9099,1,7,6,17.804109477557414
9102,0,7,0,0.061055487301676974
9109,1,7,5,0.3586789934097332
9118,1,7,7,4.033816256102679
9121,1,7,5,0.3586789934097332
9128,0,7,0,0.02482984619768872
9152,1,7,2,6.208247686990156
9154,1,7,7,0.3572980249294568
9162,1,7,9,22.287686876824303
9171,1,7,5,0.3586789934097332
9186,0,7,0,0.016381134537799425
9187,1,7,8,16.825429537001916
9189,1,7,8,27.614629274459965
9197,1,7,9,7.354871886432309
9203,1,7,6,18.048419082533435
9211,1,7,8,22.914587499284433
9217,1,7,9,13.328376412374693
9226,1,7,1,10.34371750052737
9237,1,7,10,9.798423335620006
9238,1,7,5,0.3586789934097332
9262,1,7,2,12.347745458545134
9265,1,7,7,3.1872682744961702
9266,1,7,8,23.26050165679974
9279,1,7,4,0.3586790108976326
9289,1,7,2,8.987930968848973
9312,1,7,9,22.55429630256381
9333,1,7,9,15.770947615973418
9347,1,7,3,2.2384599029115853
9356,1,7,4,0.3586790108976326
9368,1,7,6,22.200171693047487
9394,1,7,5,0.3586789934097332
9408,1,7,5,0.3586789934097332
9411,0,7,0,0.03027426770564899
9412,1,7,9,21.30738378800293
9421,1,7,4,0.3586790108976326
9426,1,7,9,23.58428649581734
9429,1,7,4,0.3586790108976326
9439,1,7,8,19.59488770540945
9441,1,7,5,0.3586789934097332
9443,1,7,9,12.4380936118029
9455,1,7,5,0.3586789934097332
9463,1,7,8,10.08520642650691
9474,1,7,5,0.3586789934097332
9475,1,7,10,19.098966145788673
9478,1,7,6,19.56828669379325
9484,1,7,8,7.220610022288948
9485,1,7,6,18.03194046358478
9492,0,7,0,0.02629161468364005
9512,1,7,9,16.664912473371878
9528,1,7,6,7.415948006839702
9538,1,7,9,17.09994053790109
9540,1,7,5,0.3586789934097332
9549,1,7,3,2.373453636812692
9563,1,7,8,18.037507353782836
9578,1,7,9,15.609555255534922
9579,1,7,8,22.301715964062595
9585,1,7,6,23.379180618392375
9607,1,7,7,0.8502944201992961
9608,1,7,4,0.358679009087165
9612,1,7,6,23.399383586804902
9623,1,7,10,16.92326739249977
9636,1,7,1,17.460626581268972
9644,1,7,9,24.027315387240538
9645,0,7,0,0.014547730629022138
9647,1,7,6,23.300965755948123
9668,1,7,5,0.3586789934097332
9680,1,7,8,16.509414630626384
9695,1,7,5,0.3586789934097332
9703,1,7,9,19.18493852436607
9721,1,7,9,10.677488583176494
9732,1,7,8,12.692782354725315
9737,1,7,4,0.3586790108976326
9739,1,7,3,1.4128883084885344
9748,1,7,5,0.3586789934097332
9750,1,7,6,22.955508431871223
9752,0,7,0,0.025371710765441226
9788,1,7,4,0.3586790108976326
9790,1,7,10,8.938551665254495
9799,1,7,5,0.3586789934097332
9801,1,7,4,0.3586790108976326
9802,1,7,8,12.349809285625488
9819,1,7,9,24.12008436790172
9840,1,7,5,0.3586789934097332
9858,1,7,4,0.3586790108976326
9869,1,7,8,26.279692600386444
9883,1,7,4,0.3586790108976326
9884,1,7,6,11.829416967772998
9885,1,7,9,13.710278726741674
9923,1,7,6,5.90337334140606
9926,1,7,4,0.358679009087165
9927,1,7,6,7.193129709786846
9939,1,7,8,11.517738718395549
9957,1,7,2,10.30435823196228
9961,1,7,6,20.17818384916555
9977,1,7,5,0.3586789934097332
9986,0,7,0,0.007983796209504488
9987,1,7,9,13.456757789378669
9988,1,7,1,9.567552097469578
10001,1,7,9,23.547201090043753
10010,0,7,0,0.01774156607408998
10024,1,7,7,4.268707610892364
10030,1,7,10,12.789518928362074
10038,1,7,1,10.073132562962279
10040,1,7,8,12.44180707563074
10041,1,7,3,2.4110676051207944
10049,1,7,8,17.444422945989615
10057,1,7,6,15.638909793693676
10082,0,7,0,0.02719017376280063
10090,1,7,7,2.6158774109171437
10097,1,7,4,0.3586790108976326
10101,1,7,4,0.3586790108976326
10118,1,7,10,20.704396559881392
10121,0,7,0,0.020422640207951287
10140,1,7,8,17.39551519972232
10159,1,7,7,1.3635538093686423
10165,1,7,9,15.693567294347426
10170,1,7,6,17.86224398094447
10176,1,7,6,22.855296575953435
10186,1,7,10,16.136028561971287
10191,1,7,9,23.85651302867853
10194,1,7,2,8.552512427208358
10205,1,7,1,13.270638766403472
10212,1,7,10,3.117939702994368
10220,1,7,6,21.145100612016257
10225,1,7,9,11.96908880941229
10231,1,7,10,21.272067031313682
10267,1,7,5,0.3586789934097332
10283,1,7,9,13.445822789693837
10287,1,7,8,16.376680950518754
10304,1,7,9,21.547522291676277
10309,1,7,9,25.016982279381537
10312,1,7,6,23.90966292182005
10324,1,7,10,5.126629915377809
10326,1,7,1,7.847559766066568
10337,1,7,1,7.69500856330366
10338,1,7,9,15.40828780911735
10362,1,7,1,18.322379299384554
10368,1,7,5,0.3586789934097332
10372,1,7,3,1.0636493340389328
10375,1,7,8,5.154036167764027
10388,1,7,9,13.617273841473802
10404,1,7,1,4.30545921635542
10405,1,7,4,0.3586790108976326
10421,1,7,4,0.3586790108976326
10424,1,7,6,14.71659786800309
10426,1,7,8,20.294859373806954
10439,1,7,5,0.3586789934097332
10453,1,7,9,26.24368313991738
10480,1,7,5,0.3586789934097332
10483,1,7,4,0.3586790108976326
10493,0,7,0,0.021551224155181375
10494,1,7,2,10.855241993736488
10502,1,7,7,2.561419370948383
10504,1,7,9,23.188645513966804
10509,1,7,6,13.996118963425243
10511,1,7,9,14.537543021143764
10543,1,7,4,0.3586790108976326
10546,1,7,9,22.992707171403133
10548,1,7,8,11.86911582342269
10575,1,7,4,0.3586790108976326
10590,1,7,8,16.79184719361947
10605,1,7,6,13.126302634371694
10607,1,7,9,14.496235308425357
10610,1,7,1,18.261707666539042
10637,1,7,10,14.21066013169839
10641,1,7,7,2.5115322711494743
10677,1,7,9,26.34782122135623
10679,0,7,0,0.01864963737538626
10682,1,7,4,0.3586790108976326
10697,1,7,10,15.438480483751773
10734,1,7,7,4.089651317830985
10743,1,7,10,8.262674972606586
10753,1,7,8,13.611428966967091
10762,1,7,8,25.76234827504152
10766,1,7,9,23.339454127021142
10783,1,7,4,0.3586790108976326
10785,1,7,6,23.762651922546034
10807,1,7,4,0.3586790108976326
10813,1,7,6,10.585176557867202
10818,1,7,7,4.554976222183409
10834,1,7,1,20.809261205453197
10862,1,7,6,17.098336032560884
10888,1,7,6,7.275767450800934
10896,1,7,9,21.665816566548255
10899,1,7,2,3.2557303494349275
10905,1,7,8,28.527485888125167
10907,1,7,4,0.358679009087165
10928,1,7,9,24.101457231119827
10940,1,7,10,15.337640564298828
10948,1,7,10,12.430268298075037
10950,1,7,9,14.648571591633031
10954,1,7,3,2.295001382094301
10969,1,7,7,3.125005474718598
10971,1,7,10,15.270089679391964
10972,1,7,9,16.18939322398633
10980,1,7,6,4.715757835826333
10984,1,7,5,0.3586789934097332
11000,1,7,6,13.645314318445422
11011,1,7,6,23.965124853205186
11015,1,7,5,0.3586789934097332
11020,1,7,5,0.3586789934097332
11031,1,7,3,2.4462844698721797
11068,1,7,5,0.3586789934097332
11086,1,7,5,0.3586789934097332
11089,0,7,0,0.021459714032061032
11090,1,7,4,0.3586790108976326
11092,0,7,0,0.02006151450891871
11097,1,7,6,7.208053281163457
11154,1,7,6,15.916571961391279
11161,1,7,5,0.3586789934097332
11164,1,7,7,4.045810781597485
11179,1,7,5,0.3586789934097332
11181,1,7,5,0.3586789934097332
11185,1,7,7,1.8078593133966987
11199,1,7,8,25.91090198981148
11220,1,7,8,4.519109756190654
11246,1,7,6,14.489964384190623
11261,1,7,9,8.077229943994938
11278,1,7,5,0.3586789949470627
11289,1,7,10,4.0355255507753265
11311,1,7,8,11.965199694050188
11331,1,7,4,0.3586790108976326
11350,1,7,9,8.842860865563127
11358,1,7,1,15.631456114286308
11359,1,7,8,10.203393635263652
11371,1,7,6,21.58855932652218
11375,0,7,0,0.018109683321739553
11386,1,7,9,5.018430097786989
11392,1,7,9,18.68380845508113
11419,1,7,1,23.246820789928044
11429,1,7,5,0.3586789934097332
11440,1,7,9,11.752953333055423
11461,1,7,8,23.026231941399814
11470,1,7,9,3.4904021312594953
11472,1,7,10,21.2524716128777
11483,1,7,2,9.010776307932845
11490,1,7,4,0.3586790108976326
11534,1,7,7,0.543156695300768
11541,1,7,6,9.789844245987227
11544,1,7,6,10.807559427798846
11558,1,7,5,0.3586789934097332
11561,1,7,4,0.3586790108976326
11565,1,7,10,20.455903135434696
11566,1,7,9,23.921366765358496
11567,1,7,6,6.932036174625295
11590,0,7,0,0.025463812674684918
11601,1,7,10,7.896125611348543
11611,1,7,9,10.66761612175069
11612,1,7,10,6.429203758597987
11634,1,7,4,0.358679009087165
11641,1,7,8,8.973415944220688
11666,1,7,4,0.3586790108976326
11686,1,7,9,9.948914833281641
11701,1,7,8,23.321763209386123
11708,1,7,9,26.033224616060487
11712,1,7,8,18.01455510723003
11717,1,7,8,5.688047087984281
11724,0,7,0,0.02357992911093244
11727,1,7,3,1.682276375292686
11737,1,7,7,0.8208709931027124
11739,1,7,5,0.3586789934097332
11741,1,7,6,6.921687731963655
11753,1,7,5,0.3586789934097332
11759,1,7,7,2.4364527182713767
11762,1,7,8,17.64595938717107
11771,1,7,10,15.31899157498842
11778,1,7,6,11.8898336886581
11780,1,7,8,9.836577942838847
11790,1,7,1,16.861796060250022
11801,1,7,9,14.53770482234751
11850,0,7,0,0.028918739696215626
11890,1,7,8,21.418830022056696
11900,1,7,9,9.947501525047835
11906,1,7,7,2.361186729929964
11928,1,7,6,14.849786206962024
11941,1,7,6,15.154339928737587
11964,1,7,4,0.3586790108976326
11970,1,7,4,0.3586790108976326
11981,1,7,9,7.321799719752198
11983,1,7,8,21.638018505734042
11986,1,7,8,5.473052487803097
11997,1,7,1,18.10049555288969
12000,1,7,9,21.659720900473356
12001,1,7,9,4.788102714461269
12007,1,7,9,9.344001419553503
12011,1,7,5,0.3586789934097332
12014,1,7,9,24.542445536131982
12030,1,7,9,4.650104413936688
12036,1,7,1,13.445369414644082
12041,1,7,10,11.297498750517557
12049,1,7,4,0.3586790108976326
12053,1,7,3,1.6876619321316628
12068,1,7,8,28.500969944321366
12083,1,7,7,4.586991815909407
12087,1,7,1,6.823075704189188
12102,1,7,9,19.19433979908816
12103,1,7,4,0.3586790108976326
12115,1,7,4,0.3586790108976326
12131,1,7,5,0.3586789934097332
12132,1,7,4,0.3586790108976326
12134,1,7,5,0.3586789934097332
12137,1,7,7,1.4382064361797247
12150,1,7,8,26.464670592420745
12152,1,7,4,0.3586790108976326
12167,1,7,9,18.124517507349903
12169,1,7,9,16.83225589543178
12170,1,7,4,0.3586790108976326
12173,1,7,7,4.266913662834332
12195,1,7,6,23.2963360931386
12203,1,7,2,13.984322285621857
12207,1,7,4,0.3586790108976326
12220,1,7,3,2.4333015313038056
12230,1,7,10,9.564652284100932
12231,1,7,6,23.25772683196758
12237,1,7,4,0.358679009087165
12239,1,7,6,13.709388416081342
12254,1,7,8,10.349333079880125
12257,1,7,8,20.42965586114039
12265,1,7,5,0.3586789934097332
12266,1,7,8,23.73305987021481
12269,1,7,8,16.08219493145168
12289,1,7,6,23.864428222226227
12304,1,7,9,25.146932836126254
12305,1,7,2,11.684855522043897
12323,1,7,6,14.834926858175802
12330,1,7,10,7.252514494746463
12331,1,7,9,20.972217885451848
12334,1,7,5,0.3586789934097332
12339,1,7,8,14.779448569039834
12342,1,7,9,25.842280279128182
12344,1,7,1,14.414137918860492
12357,1,7,6,22.658806690169527
12362,1,7,9,25.951348594123413
12369,1,7,6,6.16914251292788
12372,1,7,4,0.3586790108976326
12383,1,7,3,2.4027480413543145
12394,0,7,0,0.028312569686345008
12398,1,7,5,0.3586789934097332
12404,1,7,6,10.198201933291141
12425,1,7,9,16.132229521900225
12429,0,7,0,0.015124981117124322
12430,1,7,6,23.161949006611767
12453,1,7,9,12.429532279043897
12472,1,7,4,0.3586790108976326
12475,1,7,8,17.817835249814596
12478,1,7,5,0.3586789949470627
12492,1,7,7,3.355647256791582
12494,1,7,5,0.3586789934097332
12500,0,7,0,0.024507917633237546
12506,1,7,10,9.031799865430404
12511,1,7,9,18.258875284378494
12515,1,7,6,17.143483864927557
12523,1,7,1,11.552793710872596
12525,1,7,4,0.3586790108976326
12532,1,7,4,0.3586790108976326
12550,1,7,10,17.45395008993995
12589,1,7,6,18.162505988833026
12591,1,7,9,10.864002171857006
12603,1,7,8,20.874274369354225
12614,1,7,10,14.143654308173325
12621,1,7,4,0.3586790108976326
12622,1,7,10,3.5037248517104924
12625,1,7,10,13.951193320265217
12626,1,7,9,16.298215063409184
12660,1,7,9,13.16596064616719
12662,1,7,5,0.3586789934097332
12664,1,7,5,0.3586789934097332
12683,0,7,0,0.03551758309989463
12686,1,7,10,10.283766870510535
12695,1,7,7,0.4454995076520223
12709,1,7,6,9.326341775648855
12713,1,7,9,21.441538180057425
12732,1,7,9,25.16231464392815
12736,1,7,10,7.063941093973028
12750,1,7,10,11.701412052603477
12760,1,7,5,0.3586789934097332
12762,1,7,4,0.3586790108976326
12773,1,7,1,17.95575786407867
12774,1,7,5,0.3586789949470627
12782,1,7,3,2.4109925597839004
12788,1,7,4,0.3586790108976326
12796,1,7,6,9.729454761819305
12804,1,7,4,0.3586790108976326
12814,1,7,4,0.3586790108976326
12815,1,7,5,0.3586789934097332
12831,1,7,5,0.3586789934097332
12866,1,7,5,0.3586789934097332
12877,1,7,5,0.3586789934097332
12878,1,7,9,13.186773399346068
12880,1,7,7,2.871747768699072
12889,1,7,8,27.136287542222743
12893,1,7,9,17.693973065866082
12897,0,7,0,0.019785823257073492
12931,1,7,6,22.032994986826967
12932,1,7,10,6.690277866215247
12938,1,7,9,16.014800809020382
12944,1,7,4,0.3586790108976326
12951,1,7,4,0.3586790108976326
12959,1,7,6,10.013641182486444
12977,1,7,6,12.990294816004416
12992,1,7,4,0.3586790108976326
12999,1,7,5,0.3586789934097332
13001,1,7,7,2.202698024362443
13019,1,7,3,2.4021974522966425
13039,1,7,10,13.324361377276265
13044,1,7,1,22.19498650242994
13075,1,7,10,14.154843289396778
13080,1,7,1,17.495999659405623
13090,1,7,10,5.406048023274155
13099,1,7,9,17.099318898844825
13111,1,7,9,8.811279708363497
13124,0,7,0,0.01727561705756864
13125,1,7,5,0.3586789934097332
13147,1,7,8,15.084652335153363
13162,1,7,2,13.56198885226132
13172,1,7,6,13.22960923900099
13173,1,7,6,17.786878588024543
13174,1,7,6,23.13042308926008
13197,1,7,2,9.17007758053661
13198,1,7,9,11.819728938060308
13207,1,7,9,12.96499603699015
13220,0,7,0,0.011901879303989652
13223,1,7,9,3.3563089620679243
13230,1,7,1,20.050398230615336
13231,1,7,10,16.017348378470995
13233,1,7,6,10.217859617478652
13252,1,7,9,15.356649900192986
13254,1,7,6,10.805817095405317
13255,1,7,9,16.46124152153007
13258,1,7,8,28.204060145294303
13264,1,7,2,10.201324980311682
13268,1,7,7,0.49089427071243624
13272,1,7,4,0.3586790108976326
13286,1,7,10,19.3387432785449
13287,1,7,6,23.26159793184285
13291,1,7,5,0.3586789934097332
13294,1,7,10,13.388702246131457
13299,1,7,7,3.335407076897938
13302,1,7,1,11.712676376305462
13314,1,7,8,13.264467769288892
13331,1,7,9,20.60629528029713
13334,0,7,0,0.013072184533714481
13357,1,7,9,11.687216262415818
13361,1,7,8,5.368311223435521
13390,1,7,9,24.141349151007816
13405,1,7,8,4.929321446440751
13421,1,7,8,17.23247578653405
13440,1,7,9,25.698610638275984
13442,1,7,6,20.872341636618504
13466,1,7,3,2.392312156057051
13480,1,7,9,21.31695145189339
13488,1,7,9,19.073827326066915
13489,1,7,4,0.3586790108976326
13540,1,7,7,4.443723388259846
13550,1,7,6,21.871999191071804
13552,1,7,10,20.900918121790248
13575,1,7,10,16.67844490842638
13586,1,7,4,0.3586790108976326
13588,1,7,1,21.83534017089007
13630,1,7,6,14.759818446882745
13641,1,7,8,16.16259501369751
13652,1,7,4,0.3586790108976326
13654,0,7,0,0.024271114824828778
13657,1,7,8,7.2944523159876695
13662,1,7,5,0.3586789934097332
13700,1,7,7,3.1805646249870776
13715,1,7,8,8.837940762318446
13717,1,7,2,13.931062263725268
13727,1,7,8,18.44705948374623
13753,1,7,9,16.63515171698194
13759,1,7,10,9.626593415044574
13760,1,7,3,2.2961260517460547
13767,1,7,6,8.674404070882215
13771,1,7,8,14.762319532080655
13780,1,7,5,0.3586789949470627
13783,1,7,5,0.3586789934097332
13789,1,7,6,19.84703375156489
13815,1,7,8,22.70253763221707
13824,1,7,5,0.3586789934097332
13849,1,7,8,6.9262621258826895
13850,1,7,4,0.3586790108976326
13862,1,7,6,21.05495411413201
13866,1,7,5,0.3586789934097332
13874,1,7,8,5.707380923847701
13923,1,7,6,12.690505661481007
13931,1,7,8,16.010703926623403
13935,1,7,9,14.950770109827811
13936,1,7,6,7.370641440731357
13960,1,7,7,3.96913742314832
13967,1,7,5,0.3586789934097332
13970,1,7,1,14.515821037913241
13976,1,7,8,16.066532531094342
13991,1,7,10,11.351645680917535
13998,1,7,1,20.94886214455183
14019,1,7,8,17.52845781048275
14021,1,7,9,24.039887234995724
14040,1,7,2,8.65781139687383
14045,1,7,5,0.3586789934097332
14072,1,7,9,18.377072347318833
14090,1,7,8,16.77454390857287
14126,1,7,9,23.507937540784614
14136,1,7,1,11.373387512580512
14145,1,7,9,25.877399492808276
14151,1,7,8,28.52737543969432
14160,1,7,7,4.329374123493385
14166,1,7,6,13.134585714840952
14180,1,7,6,23.469416488418393
14182,1,7,5,0.3586789934097332
14187,1,7,9,19.863458593805564
14188,1,7,2,9.014522533825227
14218,1,7,2,6.618359544627705
14223,1,7,10,11.983276017519659
14248,1,7,5,0.3586789934097332
14252,1,7,8,16.47617703135128
14256,1,7,5,0.3586789934097332
14266,0,7,0,0.1790959530769675
14279,0,7,0,0.02090984391921309
14303,1,7,8,22.672714363227684
14313,1,7,9,17.38213681515613
14315,1,7,5,0.3586789934097332
14331,1,7,5,0.3586789934097332
14347,1,7,3,1.3062113008470944
14348,1,7,7,4.412768239533207
14351,1,7,1,15.534299312115616
14358,1,7,5,0.3586789934097332
14373,1,7,4,0.3586790108976326
14380,1,7,9,9.378149600841082
14381,1,7,5,0.3586789934097332
14415,0,7,0,0.013624446371958976
14428,1,7,5,0.3586789934097332
14435,1,7,5,0.3586789934097332
14454,1,7,8,4.080484452755203
14461,1,7,9,20.20415418520297
14465,1,7,9,8.563895921087125
14500,1,7,6,6.774159590439741
14501,1,7,9,9.866227409025823
14506,1,7,9,26.246661543007654
14507,1,7,5,0.3586789949470627
14556,1,7,9,19.53632553985005
14558,1,7,8,9.596804841056693
14563,1,7,8,3.192609606676193
14577,1,7,9,25.446395165764635
14588,1,7,6,22.842738308983908
14592,1,7,7,4.313840844099699
14644,1,7,8,7.079714611723064
14645,1,7,10,14.346329881018976
14656,1,7,9,12.99753707323735
14658,1,7,5,0.3586789934097332
14662,1,7,6,21.86758683166039
14666,1,7,8,23.09992458272451
14675,1,7,6,17.215917820268555
14680,1,7,9,23.958123379468773
14687,1,7,1,11.278001064633543
14689,1,7,9,22.164970964967097
14691,1,7,2,12.532001912666264
14703,1,7,9,25.677221534053164
14714,1,7,8,25.231996942969218
14743,1,7,6,5.26638165453065
14756,1,7,7,2.840165944688784
14765,1,7,10,19.179198604293134
14781,1,7,10,19.838970496127434
14790,1,7,6,12.338961452923202
14799,1,7,6,10.365332239157773
14803,1,7,3,1.6803012174039829
14811,1,7,9,24.31884738871646
14820,1,7,5,0.3586789934097332
14823,1,7,10,20.758077998159163
14825,1,7,8,7.361415633158812
14830,0,7,0,0.020114587802442845
14836,1,7,4,0.358679009087165
14840,1,7,10,8.259480137670199
14841,1,7,3,2.2943318157050414
14872,1,7,6,11.132469906437727
14878,1,7,9,15.951994999957
14888,1,7,6,20.6149622077176
14898,1,7,8,21.92056313912356
14911,1,7,10,12.013421544942265
14915,1,7,9,19.475865891434367
14928,1,7,6,18.89259150377337
14938,1,7,9,7.790424211473656
14946,1,7,6,18.384558981727764
14950,1,7,10,7.4350683161314155
14954,1,7,10,20.611850695250066
14977,1,7,4,0.3586790108976326
14996,1,7,10,19.71192819675627
15010,1,7,10,21.242593015772282
15016,1,7,10,18.762607433276337
15026,1,7,9,21.051965411458198
15064,1,7,10,12.050306707813446
15096,1,7,5,0.3586789934097332
15104,1,7,1,18.32569863100669
15106,1,7,4,0.3586790108976326
15112,1,7,3,1.9705454693887232
15119,1,7,10,8.241028957963735
15123,1,7,6,16.950193598616504
15128,1,7,1,8.218563982718084
15132,1,7,6,20.05092239724213
15136,1,7,6,23.78219420842855
15145,1,7,2,1.2224711078843782
15157,1,7,9,16.311988046545945
15174,1,7,9,13.22022649439585
15185,0,7,0,0.015514667722267736
15204,1,7,6,17.36708886493404
15222,1,7,6,13.875002304729904
15234,1,7,9,24.25885084267408
15239,1,7,3,1.8070508606725235
15257,1,7,9,13.295289362204368
15275,1,7,8,13.2138451353126
15285,1,7,4,0.3586790108976326
15297,0,7,0,0.0137660343489831
15302,1,7,10,14.572124969463387
15309,1,7,9,9.879199409798533
15325,1,7,9,25.611820956298683
15326,1,7,10,12.24269030224981
15327,1,7,5,0.3586789934097332
15332,1,7,2,6.503519676173083
15352,1,7,6,20.24784411846626
15358,1,7,5,0.3586789934097332
15380,1,7,8,15.724930259378619
15391,1,7,5,0.3586789934097332
15404,1,7,8,15.217901455344151
15405,1,7,8,16.827846235465277
15412,1,7,9,8.617816595207824
15415,1,7,8,6.44930671706503
15444,1,7,7,0.7027033859422108
15463,1,7,8,17.992670288105003
15467,1,7,10,9.687277053154999
15502,1,7,5,0.3586789934097332
15504,1,7,5,0.3586789934097332
15507,1,7,8,24.912956298792533
15508,1,7,5,0.3586789934097332
15526,1,7,8,20.50837693662797
15528,1,7,7,1.7471014850928164
15533,1,7,9,14.108000558466212
15564,1,7,7,2.4385195685335637
15567,1,7,4,0.3586790108976326
15570,1,7,2,8.375201303759226
15579,1,7,6,16.89257324782884
15589,1,7,8,28.174407126232826
15597,1,7,8,9.79335656927733
15614,1,7,6,21.048427135436945
15636,1,7,2,5.3375885118953885
15637,1,7,7,4.054027976693923
15656,1,7,8,22.63478973157105
15660,1,7,5,0.3586789934097332
15687,1,7,5,0.3586789934097332
15688,1,7,9,6.303828362593546
15702,0,7,0,0.01725842317418156
15720,1,7,9,15.445441966380384
15727,1,7,5,0.3586789934097332
15732,1,7,7,1.0141019903084716
15735,1,7,4,0.3586790108976326
15739,1,7,8,21.63173559931883
15761,1,7,8,10.055984845421719
15763,1,7,7,3.7895485667013253
15767,1,7,9,25.31720733748989
15779,1,7,9,20.336635307843054
15781,1,7,6,10.414295673746835
15782,1,7,5,0.3586789934097332
15788,1,7,8,20.541423641168553
15802,1,7,2,10.154821863548337
15804,1,7,9,10.4029114750537
15805,1,7,9,14.377348099355165
15814,1,7,5,0.3586789934097332
15818,1,7,7,2.5837515390517565
15821,1,7,9,25.33428182216587
15850,1,7,8,26.309557481173695
15851,1,7,8,15.300421113008563
15860,0,7,0,0.01260524992980862
15873,0,7,0,0.04347300827191842
15884,1,7,7,3.2564442619416365
15887,1,7,8,12.069793733023504
15901,1,7,9,9.26923055072839
15907,1,7,9,17.007003943059143
15912,1,7,9,12.283337841910189
15921,1,7,8,15.199245940162877
15936,1,7,3,0.9668963931636982
15942,1,7,6,13.502663133105882
15953,1,7,7,0.386432874476599
15966,1,7,1,5.912320214699381
15973,1,7,7,0.6088899010781592
15994,1,7,6,7.894679842227625
15999,1,7,9,20.987267757505915
16000,1,7,7,4.492449236390538
16004,1,7,6,15.456046312928198
16007,1,7,8,18.125105452955417
16051,1,7,9,23.906387788728093
16054,1,7,6,22.877593805349687
16056,1,7,8,13.062144757275734
16057,1,7,9,25.611589268338243
16063,1,7,4,0.3586790108976326
16072,1,7,4,0.3586790108976326
16073,1,7,2,10.709062966714336
16074,1,7,2,7.3674546243036065
16077,1,7,5,0.3586789934097332
16099,1,7,6,23.164143629727334
16113,1,7,8,12.866958430772328
16122,1,7,8,19.09700738029734
16130,1,7,10,15.954572245744716
16148,0,7,0,0.1960695721194924
16163,1,7,4,0.3586790108976326
16178,1,7,8,24.302710694768084
16194,1,7,8,6.213762141177832
16196,1,7,1,3.8915018530080188
16200,1,7,9,24.043474305301157
16204,1,7,6,13.96989633826436
16243,1,7,6,20.453815894673838
16244,1,7,9,16.47057375339144
16278,1,7,3,2.0550423161853
16281,1,7,6,10.584473397517572
16309,1,7,6,11.570219372511064
16314,1,7,10,20.775788591718946
16319,1,7,1,16.269044288366672
16326,1,7,10,14.243480163278564
16354,1,7,4,0.3586790108976326
16355,1,7,10,18.776939467356694
16359,1,7,4,0.3586790108976326
16374,1,7,9,25.796846723313806
16378,1,7,9,25.61277110201196
16388,1,7,9,25.69306831409135
16401,1,7,7,4.10525025908089
16402,0,7,0,0.03657998143884992
16409,1,7,8,18.324499411856536
16410,1,7,5,0.3586789934097332
16412,1,7,5,0.3586789934097332
16418,1,7,4,0.3586790108976326
16421,1,7,5,0.3586789934097332
16472,1,7,10,3.393668252151023
16474,1,7,3,2.413718818196313
16514,1,7,9,23.94851677065899
16522,1,7,2,13.339974317148316
16526,1,7,10,16.924323652126493
16543,1,7,4,0.3586790108976326
16545,1,7,1,20.318465060922986
16547,1,7,8,23.024257488627953
16551,1,7,7,3.421423236446786
16564,1,7,5,0.3586789934097332
16570,0,7,0,0.030144335409645423
16578,0,7,0,0.011905060977251821
16587,1,7,1,17.33883536972874
16589,1,7,10,12.055292884833804
16591,1,7,5,0.3586789934097332
16608,1,7,4,0.3586790108976326
16612,1,7,8,20.595888932704582
16614,1,7,6,13.409667989175427
16617,1,7,6,10.159220470999095
16618,1,7,6,5.787591205223011
16627,0,7,0,0.01433667669848095
16654,1,7,1,22.405207197063433
16663,1,7,8,26.765173986921948
16667,1,7,6,20.848151357644653
16684,1,7,5,0.3586789934097332
16685,1,7,8,6.267401513949161
16700,1,7,8,24.378114589184158
16721,1,7,6,23.239174519153536
16724,1,7,6,9.626444627620206
16738,1,7,6,23.12622648043329
16757,0,7,0,0.012134915521902174
16761,1,7,3,2.4374775585466164
16779,1,7,8,21.7997920646847
16780,1,7,1,21.233290797351078
16791,0,7,0,0.2618115267098063
16795,1,7,10,15.43528179675483
16812,1,7,9,10.458616998879966
16853,1,7,9,15.029484745364082
16855,1,7,9,25.080764573774736
16893,1,7,10,8.876394315538711
16929,1,7,8,2.5209906803923436
16932,1,7,6,11.417372818947515
16940,1,7,10,12.224963685721248
16942,1,7,5,0.3586789934097332
16952,1,7,10,18.189841680690638
16975,1,7,4,0.3586790108976326
16984,1,7,10,10.938415027421135
16993,1,7,1,6.144720590204484
17007,1,7,8,7.32037316218222
17014,1,7,9,15.436572762133407
17018,1,7,7,4.380433685205162
17029,1,7,5,0.3586789934097332
17034,1,7,2,4.9411005731245545
17067,1,7,10,3.409962988646822
17085,1,7,2,13.839808691338316
17088,1,7,8,20.45656130096961
17093,1,7,10,15.653321598253306
17104,1,7,2,13.459956820495199
17136,1,7,9,15.421400149067122
17138,0,7,0,0.026548264028954056
17148,1,7,9,16.446211291182532
17156,1,7,7,4.301419532968787
17173,1,7,5,0.3586789934097332
17182,1,7,4,0.3586790108976326
17184,1,7,6,18.188169270081303
17195,1,7,1,12.82960455254214
17212,1,7,6,11.846128230330063
17225,1,7,5,0.3586789949470627
17229,1,7,6,23.86592267307859
17231,1,7,10,7.609194477174881
17283,1,7,9,23.38580300833918
17286,1,7,5,0.3586789934097332
17289,1,7,9,25.90888791597554
17292,1,7,1,6.308475267993605
17303,1,7,8,26.50875970056256
17320,1,7,7,4.613904001535819
17321,0,7,0,0.015612328484831368
17326,1,7,10,4.305222248851559
17353,1,7,7,1.8980030268606343
17356,1,7,5,0.3586789934097332
17393,1,7,9,8.785010021096818
17400,1,7,3,1.938027058150684
17451,1,7,7,4.478752734666533
17455,1,7,9,13.173837699463075
17456,1,7,9,13.130006518229811
17466,1,7,5,0.3586789934097332
17470,1,7,9,7.950805623474593
17471,1,7,1,8.020262906292825
17478,1,7,9,8.812201039900673
17487,1,7,6,22.318148650753784
17488,1,7,7,3.2437688336985104
17508,1,7,9,25.1762395917639
17522,1,7,9,26.20775878853543
17537,1,7,8,20.53847372079369
17540,1,7,8,5.16455588177276
17559,1,7,10,14.25304692469012
17562,1,7,10,11.398891862812741
17565,1,7,5,0.3586789934097332
17571,1,7,2,13.9048273054919
17602,1,7,6,7.222099729920938
17613,1,7,10,14.647403586502739
17614,1,7,7,2.911219928465674
17620,1,7,2,6.748453872855929
17621,1,7,8,21.27859184158452
17624,0,7,0,0.02584592182427343
17638,1,7,1,14.138612817572003
17644,1,7,1,18.143852942526525
17664,1,7,5,0.3586789934097332
17691,1,7,6,14.69939845830641
17698,1,7,4,0.3586790108976326
17711,1,7,9,10.698777817997538
17713,1,7,2,1.414991591688718
17716,1,7,8,12.872605348431913
17718,1,7,5,0.3586789934097332
17727,0,7,0,0.02311489991937463
17729,1,7,2,2.331711110943975
17733,1,7,8,27.919218751602443
17736,1,7,1,18.068775026700152
17769,1,7,3,1.832466042798636
17773,1,7,10,12.176909392769403
17774,0,7,0,0.023090802961799824
17787,1,7,8,10.44781071180733
17805,1,7,5,0.3586789934097332
17822,0,7,0,0.06951070675391849
17840,1,7,5,0.3586789934097332
17848,1,7,8,15.657766009939854
17852,0,7,0,0.012665750902535286
17854,1,7,8,17.427751164231307
17856,0,7,0,0.2831955249361245
17882,1,7,6,12.049958656196207
17883,1,7,6,6.351223948664822
17884,1,7,9,8.128639651393698
17892,1,7,5,0.3586789934097332
17899,1,7,9,25.28346279760846
17915,1,7,6,18.474244979581922
17920,1,7,7,3.4044819576853875
17941,1,7,8,28.10045088099333
17970,1,7,2,10.276256516960942
17972,1,7,9,24.740440388347945
17994,1,7,7,2.218336997382509
17996,1,7,5,0.3586789934097332
18026,1,7,8,13.011821707927592
18028,1,7,5,0.3586789934097332
18029,1,7,9,13.70010994358163
18040,1,7,5,0.3586789934097332
18052,1,7,8,16.571879386981145
18064,0,7,0,0.26562554874457817
18069,1,7,9,25.317513506585147
18086,1,7,6,11.214747926535669
18093,1,7,4,0.3586790108976326
18094,1,7,5,0.3586789934097332
18095,1,7,3,1.5818032678289156
18108,1,7,1,9.867709700829366
18116,1,7,6,8.45023461013659
18130,1,7,4,0.3586790108976326
18144,1,7,4,0.3586790108976326
18149,1,7,5,0.3586789934097332
18165,1,7,7,4.343334899097712
18175,1,7,1,22.251147173210683
18205,1,7,4,0.3586790108976326
18206,1,7,6,23.627909648621657
18207,1,7,8,27.53490661243114
18213,1,7,9,21.03260865924998
18221,1,7,9,3.976600885466387
18223,1,7,2,13.895619192344627
18224,1,7,8,7.783035025076397
18240,1,7,5,0.3586789934097332
18247,1,7,5,0.3586789934097332
18250,1,7,8,14.600638332274047
18260,1,7,5,0.3586789934097332
18273,1,7,8,6.810657466917037
18282,1,7,4,0.3586790108976326
18285,1,7,4,0.3586790108976326
18316,0,7,0,0.021429122370357635
18322,1,7,10,20.563680016443715
18342,1,7,8,14.884555216901587
18349,1,7,6,5.623249861057308
18356,1,7,9,26.352692782817495
18358,1,7,3,1.884190563803711
18392,1,7,4,0.3586790108976326
18397,1,7,9,25.03151778828315
18400,1,7,3,2.235805007347406
18408,1,7,1,23.11407290910568
18423,1,7,4,0.3586790108976326
18431,1,7,5,0.3586789934097332
18433,1,7,4,0.3586790108976326
18437,0,7,0,0.07769048643987016
18463,1,7,1,9.49440442088544
18475,1,7,2,8.204755079268391
18485,1,7,9,6.920124750532733
18503,1,7,9,15.573122240331378
18514,1,7,9,18.155025845105374
18517,1,7,4,0.3586790108976326
18523,1,7,4,0.3586790108976326
18538,1,7,9,21.84116949814452
18539,1,7,9,7.627344053289632
18541,1,7,6,20.5226230194148
18554,1,7,8,24.049038945825618
18564,1,7,6,8.868584862779146
18592,1,7,7,4.196899021433991
18600,1,7,9,21.692943783909538
18619,1,7,8,20.19154134172682
18622,1,7,9,16.171768021825475
18632,1,7,10,11.618469029955104
18634,1,7,7,4.574363198656707
18637,1,7,10,4.5511153225012215
18642,1,7,6,7.226985106909231
18644,1,7,10,9.177454746913162
18648,1,7,3,0.6095620261361757
18655,1,7,7,0.9882393192416039
18666,1,7,9,12.671306217651935
18672,1,7,4,0.3586790108976326
18676,1,7,10,17.220856986563312
18688,1,7,8,7.962697272669552
18693,1,7,6,7.3416922790665655
18705,1,7,5,0.3586789934097332
18706,1,7,7,0.8926670916933377
18707,1,7,8,24.46303898331969
18717,1,7,6,14.567355478306911
18730,1,7,5,0.3586789934097332
18736,1,7,6,9.649105271021295
18738,1,7,2,11.583658140569767
18742,1,7,9,26.354344836152496
18757,1,7,4,0.3586790108976326
18764,1,7,8,22.304222739477947
18765,1,7,1,12.635172426513279
18773,1,7,5,0.3586789949470627
18789,1,7,3,2.4538050430885487
18810,1,7,3,2.3224380724958222
18815,1,7,1,9.626682085015728
18823,1,7,6,20.359914134051817
18828,1,7,8,13.390222453055655
18829,1,7,6,22.68526361124898
18833,1,7,4,0.3586790108976326
18843,1,7,6,23.089826003650757
18856,1,7,6,23.966796180650526
18866,1,7,8,7.392375321227255
18867,1,7,5,0.3586789934097332
18871,1,7,9,8.56310610234527
18879,1,7,8,11.082507148117164
18882,1,7,5,0.3586789934097332
18893,1,7,9,25.050025328384198
18900,1,7,10,9.997781831932883
18913,0,7,0,0.016143842746641955
18915,1,7,2,13.009134089546414
18920,1,7,4,0.3586790108976326
18931,1,7,9,18.68434173149624
18950,1,7,8,15.707944304346096
18992,1,7,10,6.145515283998283
19000,1,7,6,14.732270923611964
19002,1,7,8,20.63013155606459
19006,1,7,5,0.3586789934097332
19020,1,7,6,11.394532991745585
19025,1,7,9,10.856813031044329
19028,1,7,4,0.3586790108976326
19033,1,7,5,0.3586789934097332
19036,1,7,9,26.240791106085602
19040,1,7,1,9.954655018822594
19044,0,7,0,0.013987414289416996
19058,1,7,10,12.016920460636822
19074,0,7,0,0.015809972363292846
19081,1,7,4,0.3586790108976326
19086,1,7,4,0.3586790108976326
19089,1,7,6,22.38511157107799
19095,1,7,4,0.3586790108976326
19098,1,7,7,4.638927216645837
19124,1,7,9,23.96541201149396
19137,1,7,8,27.27894479942045
19145,1,7,6,19.342133342960693
19156,1,7,7,2.8832501245689564
19157,1,7,10,9.69990827670174
19164,1,7,1,16.667656519482218
19165,1,7,4,0.3586790108976326
19170,1,7,6,13.932754827430642
19174,1,7,9,24.240619626757933
19182,1,7,9,8.737355061508474
19185,1,7,1,15.060392670757645
19190,1,7,10,9.704246872820844
19191,1,7,4,0.3586790108976326
19199,1,7,8,17.32523611163092
19214,1,7,2,13.839126963543094
19222,1,7,8,15.006389285883959
19230,1,7,4,0.3586790108976326
19241,1,7,8,17.13521552654453
19246,1,7,8,25.151980181966085
19250,1,7,4,0.3586790108976326
19254,1,7,4,0.3586790108976326
19266,1,7,6,15.561449200988655
19277,1,7,4,0.3586790108976326
19282,1,7,4,0.3586790108976326
19296,0,7,0,0.07325442851531848
19298,1,7,6,22.640566184080704
19319,1,7,6,14.86848786462784
19338,1,7,7,4.609392103485268
19377,1,7,9,13.250157702436434
19398,0,7,0,0.012257469314341624
19405,1,7,4,0.3586790108976326
19408,1,7,9,26.27548986512469
19417,1,7,8,5.884866569460853
19419,0,7,0,0.03160995335185867
19441,1,7,5,0.3586789934097332
19486,1,7,8,21.511337118575927
19505,1,7,5,0.3586789934097332
19512,1,7,3,1.8783135831918352
19524,1,7,6,21.439429169076362
19528,1,7,4,0.3586790108976326
19531,1,7,1,14.052250107447419
19536,1,7,8,11.771696469674373
19602,1,7,5,0.3586789934097332
19603,1,7,9,25.60465380524341
19610,1,7,10,8.759093862898734
19616,1,7,10,5.39857800995993
19623,1,7,6,16.422279004393143
19624,1,7,7,3.7535205496323143
19629,1,7,8,7.4987956116922705
19636,1,7,5,0.3586789934097332
19650,1,7,5,0.3586789934097332
19658,1,7,9,22.438544583999175
19670,1,7,4,0.3586790108976326
19690,1,7,5,0.3586789934097332
19716,1,7,5,0.3586789934097332
19722,1,7,8,11.90456169184035
19737,1,7,6,4.9266231169756285
19738,1,7,8,28.4032139146237
19750,1,7,9,15.029923509810576
19754,1,7,10,11.480293642914555
19775,1,7,9,19.43809681537464
19776,1,7,9,6.4840084997594
19790,1,7,10,19.41417551529683
19803,1,7,5,0.3586789934097332
19812,1,7,2,8.216467330470671
19822,1,7,8,28.128231782899885
19833,1,7,4,0.3586790108976326
19842,1,7,9,16.876455219433396
19843,1,7,8,27.551585402421292
19875,1,7,1,12.080404652793062
19891,1,7,4,0.3586790108976326
19902,1,7,6,22.617387384392384
19912,1,7,7,2.466116878120327
19915,0,7,0,0.017880678817366283
19925,1,7,6,17.210931840182212
19934,1,7,1,12.335611019546842
19940,0,7,0,0.026038989972553037
19947,1,7,6,23.115789498530393
19951,1,7,6,20.17896930977082
19958,1,7,8,2.410761974108213
19962,1,7,5,0.3586789934097332
19971,1,7,1,13.85135280668904
19982,1,7,8,26.76095691564958
19984,1,7,9,14.894519617342691
19995,1,7,8,17.324023710932014
19997,1,7,9,24.478097883377316
20012,1,7,6,8.101289204612808
20014,1,7,10,12.172630183859836
20015,1,7,9,25.642383493374588
20020,1,7,6,13.819712598418532
20025,1,7,5,0.3586789934097332
20038,1,7,9,12.730789067025727
20049,1,7,4,0.3586790108976326
20053,1,7,5,0.3586789934097332
20070,1,7,10,12.042036691681288
20078,1,7,6,22.841416353984176
20082,1,7,2,10.533666543812776
20083,1,7,4,0.3586790108976326
20094,0,7,0,0.02210291618622573
20106,1,7,3,1.9345317354926754
20121,1,7,6,14.998614825163532
20122,1,7,8,24.662278362446237
20152,1,7,8,17.06262743435411
20160,1,7,7,4.563718585532871
20166,1,7,5,0.3586789934097332
20167,1,7,10,15.531058262998396
20195,1,7,1,12.11126465798899
20202,1,7,3,2.422399753917021
20210,1,7,8,18.86294352050041
20220,1,7,8,23.2080375836613
20232,1,7,4,0.3586790108976326
20247,1,7,2,10.582580382255653
20258,1,7,7,1.7859018731860885
20259,1,7,9,26.036949206955335
20273,1,7,4,0.3586790108976326
20279,1,7,1,11.319396540763172
20281,1,7,6,17.14590561397033
20284,1,7,10,8.793859982758812
20285,1,7,6,6.587725127860721
20286,1,7,5,0.3586789934097332
20291,1,7,5,0.3586789949470627
20300,1,7,6,19.4356578165795
20307,1,7,6,7.425719572800769
20322,1,7,9,13.545178330139462
20327,1,7,9,17.708591854190377
20346,1,7,6,23.629786062406374
20349,1,7,8,5.535506215183286
20352,1,7,9,15.794401674023344
20357,1,7,1,18.664576861107953
20364,1,7,4,0.3586790108976326
20372,1,7,5,0.3586789934097332
20395,1,7,9,16.436996092307254
20416,1,7,4,0.3586790108976326
20420,1,7,9,6.7641947929535
20430,1,7,5,0.3586789934097332
20456,1,7,4,0.3586790108976326
20461,1,7,3,2.158549000301955
20463,1,7,8,11.274230591682484
20465,1,7,9,18.05582113923095
20469,1,7,6,21.281818305882165
20481,1,7,6,13.299769946933134
20487,1,7,9,15.12857189695279
20496,1,7,9,25.905016499535453
20515,1,7,8,22.682298126811112
20531,1,7,6,14.455944830216028
20536,1,7,1,6.72142618977023
20541,1,7,2,2.353551975344022
20544,1,7,1,7.093053827999425
20546,1,7,4,0.3586790108976326
20569,1,7,8,16.738479908623813
20575,1,7,7,3.7136597945596765
20578,1,7,9,24.190462191932557
20582,1,7,10,8.923792831546404
20608,1,7,4,0.358679009087165
20610,1,7,8,26.087388701296256
20626,1,7,4,0.3586790108976326
20631,1,7,10,7.991865868586928
20651,1,7,9,25.925158922799085
20654,1,7,7,0.88810963870926
20667,1,7,6,20.68574562073914
20671,1,7,3,0.9372581387438469
20700,1,7,9,11.453356810841306
20702,1,7,2,5.788649424779283
20712,1,7,5,0.3586789934097332
20717,1,7,3,2.4264670824375933
20724,1,7,8,25.82620052610246
20732,1,7,8,10.096408372640045
20737,1,7,7,3.227283386591144
20767,1,7,6,14.281903668385155
20770,1,7,9,5.074401238003506
20779,1,7,6,16.532384273374227
20786,1,7,6,6.239779916209296
20790,1,7,7,4.034556423590745
20844,1,7,9,7.342994542754987
20847,1,7,9,21.69330759867834
20852,1,7,9,25.186357936740425
20853,1,7,9,26.403878884221587
20868,1,7,1,14.1441670410607
20874,1,7,10,19.5152989974327
20877,1,7,4,0.3586790108976326
20880,1,7,5,0.3586789934097332
20929,1,7,6,20.367274746595346
20941,1,7,7,3.89864627217946
20947,1,7,5,0.3586789934097332
20966,1,7,7,2.069149839324502
20968,1,7,5,0.3586789949470627
20973,1,7,9,16.608218156757108
20974,1,7,9,4.904125353392467
20980,1,7,3,1.365308162311313
20989,1,7,8,15.711688764627722
21031,1,7,2,1.9556702542028568
21036,1,7,4,0.3586790108976326
21043,1,7,8,21.397994837795416
21045,1,7,9,12.158488078713315
21063,1,7,5,0.3586789934097332
21065,1,7,10,10.84369450938534
21079,1,7,6,18.44442164504403
21092,1,7,9,11.684558457181915
21098,1,7,8,10.903629653011206
21102,1,7,4,0.3586790108976326
21131,1,7,8,14.006350408889366
21146,1,7,7,3.7240325838209296
21152,1,7,8,24.436398925145028
21156,1,7,8,10.849650288974235
21176,1,7,5,0.3586789934097332
21182,1,7,9,26.243163397333102
21194,1,7,4,0.3586790108976326
21203,1,7,9,23.48971413116014
21204,1,7,9,5.836923994915093
21207,1,7,9,22.169871896232646
21225,1,7,1,5.427918678382437
21246,1,7,8,9.782782561913416
21255,1,7,10,14.60428795605798
21257,1,7,5,0.3586789934097332
21258,1,7,1,19.570076109776387
21269,1,7,2,12.292612241266626
21270,1,7,6,17.71014920916833
21273,0,7,0,0.028789508199917217
21280,1,7,10,10.422287721483508
21289,1,7,9,11.166243544484127
21304,1,7,5,0.3586789934097332
21310,1,7,10,7.488518249394728
21311,1,7,6,21.589959739388814
21319,1,7,9,23.835938050777347
21321,1,7,7,2.8197862064382635
21325,1,7,5,0.3586789934097332
21338,1,7,5,0.3586789934097332
21342,1,7,5,0.3586789934097332
21347,1,7,8,7.3847681337366184
21349,1,7,4,0.3586790108976326
21361,1,7,5,0.3586789934097332
21364,1,7,9,26.41454577391163
21373,1,7,9,25.693303190975264
21382,0,7,0,0.016185972252916656
21384,1,7,5,0.3586789934097332
21385,1,7,4,0.3586790108976326
21393,1,7,6,14.69318295670943
21400,1,7,5,0.3586789934097332
21409,1,7,9,25.17535551182265
21411,1,7,10,11.550708800460123
21431,1,7,7,3.674966223791412
21437,1,7,5,0.3586789934097332
21438,1,7,6,22.061032380123915
21451,1,7,8,13.048996343353908
21458,1,7,4,0.3586790108976326
21465,1,7,4,0.3586790108976326
21477,1,7,6,14.019387003260144
21481,1,7,10,7.75709712881827
21497,1,7,6,13.754545232038843
21505,1,7,6,15.41548606600919
21525,1,7,2,7.231552940032924
21545,1,7,9,24.831699262316647
21565,1,7,9,24.11590954754788
21573,1,7,4,0.3586790108976326
21582,1,7,5,0.3586789934097332
21596,1,7,10,7.365672216522818
21597,1,7,10,16.91597091838903
21608,1,7,6,22.205973711569747
21614,1,7,5,0.3586789934097332
21623,0,7,0,0.010994843823537055
21628,1,7,8,8.891662343026777
21636,1,7,4,0.3586790108976326
21638,1,7,6,17.610799721399182
21649,1,7,4,0.3586790108976326
21654,1,7,1,15.280580651137011
21687,1,7,1,15.75662064551987
21709,1,7,10,12.00806101525244
21711,1,7,9,26.381769424758435
21722,1,7,4,0.3586790108976326
21742,1,7,3,1.7365746274130898
21744,1,7,2,10.24451108229034
21746,1,7,4,0.3586790108976326
21748,0,7,0,0.013193017650097234
21760,1,7,1,20.390525740827474
21811,1,7,9,26.01901614368572
21826,1,7,6,13.565346987673967
21832,1,7,10,11.223575115784088
21850,1,7,9,26.442726259169845
21867,1,7,4,0.3586790108976326
21868,1,7,1,18.371108794788515
21880,1,7,8,6.948924139811837
21896,1,7,8,12.05542388723429
21897,0,7,0,0.021695494555040287
21908,1,7,1,6.351749879582619
21925,1,7,4,0.3586790108976326
21942,1,7,6,10.496916843522612
21964,1,7,6,16.554861241834516
21966,1,7,5,0.3586789934097332
21968,1,7,5,0.3586789934097332
21969,1,7,8,25.61380716518274
21975,1,7,8,11.1160538236997
21989,1,7,5,0.3586789934097332
21995,1,7,1,10.769231879663312
21997,1,7,4,0.3586790108976326
22002,1,7,9,25.36444668931163
22019,1,7,4,0.3586790108976326
22023,1,7,10,4.801603257872696
22025,0,7,0,0.01596360458847511
22030,1,7,3,2.3350268590040457
22031,1,7,5,0.3586789934097332
22036,1,7,4,0.3586790108976326
22110,1,7,10,20.512715284543347
22114,0,7,0,0.027603752160410326
22124,1,7,1,20.281977379450566
22127,1,7,1,6.180401367102828
22147,1,7,6,22.940197474562403
22152,1,7,6,7.227697881754207
22160,1,7,6,21.505129569250617
22169,1,7,10,11.98554289445518
22178,1,7,1,18.59533588463285
22180,1,7,5,0.3586789934097332
22191,1,7,7,2.369052132676719
22192,1,7,7,2.4067196890947806
22204,1,7,4,0.358679009087165
22213,1,7,9,22.886076917555222
22217,1,7,6,14.004269013394879
22232,1,7,8,27.136321147879713
22233,1,7,10,5.4905516957248945
22243,1,7,9,24.995630285362292
22270,1,7,9,20.862528497547874
22280,1,7,9,26.34733005841798
22290,1,7,10,4.417307119828609
22308,1,7,4,0.3586790108976326
22310,1,7,2,9.7053143535339
22311,0,7,0,0.016707884091355353
22338,0,7,0,0.013144023627528431
22347,1,7,8,9.548546031588225
22358,1,7,6,9.959672487021644
22359,1,7,7,3.389732314623298
22364,1,7,9,13.084567700532832
22370,1,7,10,7.481345194648974
22381,1,7,2,10.71239783506417
22386,1,7,6,23.143258089797957
22387,1,7,4,0.3586790108976326
22415,1,7,9,15.604830141008014
22444,1,7,1,13.737717630585392
22454,1,7,6,12.121130117035595
22461,1,7,5,0.3586789934097332
22471,1,7,9,26.146552706373313
22479,1,7,9,12.258255708751793
22483,1,7,7,0.6789722825376541
22501,1,7,10,15.95428457525673
22503,1,7,9,23.96655360043535
22505,1,7,4,0.3586790108976326
22509,1,7,5,0.3586789949470627
22516,1,7,9,26.18407355270822
22524,1,7,6,22.783922009988206
22545,1,7,8,16.804175788703027
22547,1,7,9,21.84464744351018
22550,1,7,4,0.3586790108976326
22559,1,7,9,26.153835755163975
22561,1,7,3,2.3557388638087393
22575,1,7,5,0.3586789934097332
22576,1,7,6,21.693754265450604
22608,1,7,3,0.8914214951817458
22616,1,7,3,1.946473343979004
22622,1,7,10,15.103656581812038
22630,1,7,9,15.82901880034576
22635,1,7,5,0.3586789934097332
22639,1,7,8,22.433022612230932
22665,1,7,7,4.58459986176082
22666,1,7,6,16.396507722029007
22680,1,7,4,0.3586790108976326
22682,1,7,4,0.3586790108976326
22685,1,7,10,11.264158428201135
22690,1,7,4,0.3586790108976326
22703,1,7,6,23.380073749994434
22710,1,7,1,22.56073826116716
22717,1,7,4,0.3586790108976326
22726,0,7,0,0.04826270959120615
22730,1,7,9,25.973418476049325
22735,1,7,5,0.3586789934097332
22796,0,7,0,0.012756706506503263
22832,1,7,5,0.3586789934097332
22834,1,7,9,23.759916845006934
22844,0,7,0,0.013462687283731059
22847,1,7,9,4.133936990833086
22850,1,7,5,0.3586789949470627
22859,1,7,10,16.56147527857045
22886,1,7,10,11.07799339365079
22895,1,7,6,8.608019451450152
22908,1,7,9,14.83210113314161
22911,1,7,9,7.8842167970962915
22919,1,7,10,20.801424867141197
22928,1,7,4,0.3586790108976326
22956,1,7,4,0.3586790108976326
22962,1,7,9,25.470402267451533
22966,1,7,1,13.492400549885486
22970,1,7,9,25.96376816129824
22981,1,7,6,16.03206247481097
22983,1,7,10,6.404482830328601
22996,1,7,8,21.66803944929904
23024,1,7,5,0.3586789934097332
23026,0,7,0,0.012185972202626788
23027,1,7,9,10.228229644167971
23045,1,7,4,0.3586790108976326
23047,1,7,5,0.3586789934097332
23049,1,7,5,0.3586789934097332
23057,1,7,9,23.483898710947877
23063,1,7,10,14.288783277816698
23084,1,7,9,26.343376915155563
23092,1,7,3,2.3759743723462337
23100,1,7,8,13.589281372304482
23102,1,7,6,22.58881751412681
23108,1,7,8,10.606690526795065
23121,1,7,4,0.3586790108976326
23140,1,7,6,15.30612784609345
23144,1,7,10,11.034781800614464
23152,1,7,8,14.211578047345881
23159,1,7,9,17.153762384310923
23169,1,7,9,23.25537464484825
23187,1,7,6,21.29249068128883
23200,1,7,6,18.059777381228965
23232,1,7,8,24.4790056790873
23237,1,7,9,12.39068962974723
23257,1,7,9,4.1103129448291105
23258,1,7,7,0.4493115208903778
23264,0,7,0,0.01943150638363927
23291,0,7,0,0.018918999728708887
23298,1,7,8,5.636569250985033
23302,1,7,7,4.462953027177145
23316,1,7,9,8.594497202381186
23320,1,7,8,24.282301772620492
23325,1,7,9,8.505054695902528
23331,1,7,8,21.35200852884082
23347,1,7,4,0.3586790108976326
23349,1,7,5,0.3586789934097332
23361,1,7,5,0.3586789934097332
23367,1,7,9,22.373605395730195
23369,1,7,5,0.3586789934097332
23370,1,7,9,18.641842443799348
23376,1,7,8,20.276870941532934
23387,1,7,8,18.065046804094802
23403,1,7,9,25.953284058214926
23406,1,7,10,17.224863677931967
23417,1,7,8,21.636961913814577
23430,1,7,8,2.993948152587963
23434,1,7,6,8.104654969221968
23437,1,7,1,21.49100899680026
23440,1,7,1,12.28029467936194
23448,1,7,9,22.790636870615447
23461,1,7,9,9.702207957875022
23474,1,7,5,0.3586789934097332
23487,1,7,6,19.48926631035287
23491,1,7,7,4.092004943371712
23494,1,7,5,0.3586789934097332
23502,1,7,10,20.761315991829616
23541,1,7,8,14.136657254480257
23565,0,7,0,0.01535805096307097
23566,1,7,6,23.59623259672937
23575,1,7,5,0.3586789934097332
23586,1,7,8,18.827592972817143
23592,1,7,9,17.59543655148269
23593,1,7,9,9.901064987153902
23598,1,7,4,0.3586790108976326
23608,1,7,4,0.3586790108976326
23629,1,7,4,0.3586790108976326
23673,1,7,6,23.362928159568387
23679,1,7,8,20.774856357374098
23686,1,7,9,13.597101545217823
23687,1,7,5,0.3586789934097332
23697,1,7,6,17.80010408593775
23700,1,7,9,9.507493153534446
23709,1,7,9,11.585847510459562
23714,1,7,9,12.34708926503428
23723,1,7,8,6.658004035854251
23739,1,7,7,4.107001378052526
23746,1,7,10,5.707824808221644
23768,1,7,4,0.3586790108976326
23779,1,7,6,23.38328442353988
23782,1,7,5,0.3586789934097332
23784,1,7,6,23.760476470080054
23790,1,7,9,16.797505337063996
23796,1,7,3,1.9882584347717562
23809,1,7,10,7.48716989645384
23832,1,7,7,1.4485160401760098
23865,1,7,8,6.979875957763231
23866,1,7,10,20.05553074568493
23869,1,7,1,11.162996785736308
23877,1,7,10,5.492102641328163
23895,1,7,9,13.537851136926752
23910,1,7,10,21.248590600329766
23912,1,7,10,19.113005796930334
23954,1,7,9,22.824127921500722
23961,1,7,9,15.54208848769601
24010,1,7,3,2.3728809539460722
24018,1,7,10,18.631750165457763
24022,1,7,9,8.202161365665486
24027,1,7,4,0.3586790108976326
24041,1,7,6,6.341752815510817
24052,1,7,5,0.3586789934097332
24071,1,7,10,12.389041008951677
24072,1,7,9,24.98627079163862
24078,1,7,9,23.72013513054323
24085,1,7,9,15.009753806926751
24099,1,7,4,0.3586790108976326
24104,1,7,5,0.3586789934097332
24105,1,7,7,2.7346949613846934
24106,1,7,8,28.428641329683074
24113,1,7,9,13.369538968371327
24117,1,7,4,0.3586790108976326
24119,1,7,8,6.922312466328328
24126,1,7,6,12.921339561416042
24130,1,7,6,5.298858373800334
24141,1,7,1,16.83784413497443
24152,1,7,6,12.903895772012348
24169,1,7,6,22.540782166245826
24172,1,7,8,27.216049757013213
24173,1,7,10,7.764024321013521
24194,1,7,5,0.3586789934097332
24202,1,7,8,12.808589197260583
24218,1,7,10,13.247491208042819
24231,0,7,0,0.019979266125685024
24258,1,7,5,0.3586789934097332
24268,1,7,6,5.321696813479855
24281,1,7,2,3.321392266448511
24289,1,7,7,1.0851279745387932
24296,1,7,9,16.3002790136532
24298,1,7,8,23.424048440044565
24300,1,7,6,20.626462052856155
24303,1,7,10,16.87464362743615
24304,1,7,6,13.126294142670254
24330,1,7,4,0.3586790108976326
24341,1,7,9,20.410314922315806
24343,1,7,4,0.3586790108976326
24352,1,7,5,0.3586789934097332
24353,1,7,9,19.77520339510406
24354,1,7,8,14.88856816310783
24358,0,7,0,0.024817155377540766
24362,1,7,5,0.3586789934097332
24367,1,7,9,23.50507818470074
24371,1,7,5,0.3586789934097332
24387,1,7,5,0.3586789934097332
24389,1,7,9,24.33743051722214
24401,1,7,6,5.546081506543689
24408,1,7,6,20.03191732884878
24412,1,7,4,0.358679009087165
24414,1,7,10,4.83782112387595
24427,0,7,0,0.021870229663002543
24445,1,7,7,4.4363435769463635
24454,1,7,1,16.209995043370665
24485,1,7,1,21.363441446895873
24498,1,7,10,21.241895277212386
24501,0,7,0,0.02371389347919915
24506,1,7,9,17.006737505844118
24521,1,7,9,17.010978425139818
24527,1,7,8,2.4538493891723117
24533,1,7,7,4.152511571188725
24544,1,7,5,0.3586789934097332
24547,1,7,5,0.3586789934097332
24551,1,7,7,1.8373367211539218
24554,1,7,4,0.3586790108976326
24567,1,7,5,0.3586789934097332
24569,1,7,4,0.3586790108976326
24573,1,7,9,9.519675384324316
24578,1,7,4,0.3586790108976326
24616,1,7,1,8.619331093303424
24621,1,7,9,14.639891210312717
24629,1,7,10,4.901016039021639
24632,1,7,8,14.847785436843825
24633,1,7,10,9.347816051224322
24647,1,7,6,19.501769545466097
24648,1,7,6,19.80670912682368
24653,1,7,6,20.051482691073208
24656,1,7,10,4.271083547326954
24658,1,7,8,15.132498665074948
24680,1,7,5,0.3586789934097332
24701,1,7,2,8.309876068226924
24702,1,7,6,4.891922923448605
24709,1,7,8,27.2509730446027
24716,1,7,5,0.3586789934097332
24727,1,7,8,24.343685457094796
24728,1,7,9,7.393827044903199
24738,1,7,1,14.384641810466771
24740,1,7,4,0.3586790108976326
24750,1,7,6,21.507552826097125
24755,1,7,1,17.645166085903067
24761,1,7,5,0.3586789934097332
24763,0,7,0,0.026418161280515922
24767,1,7,5,0.3586789934097332
24777,1,7,5,0.3586789934097332
24786,1,7,10,10.823182632723787
24794,1,7,3,2.298704257002684
24797,1,7,9,26.342561625189393
24800,1,7,9,12.281148079249116
24805,1,7,9,13.096080285764309
24806,1,7,10,13.387957555767937
24811,1,7,4,0.3586790108976326
24821,1,7,9,14.988084122873037
24852,1,7,9,6.8683022583548325
24857,1,7,9,8.398452457145892
24861,1,7,8,25.79441900886722
24871,1,7,4,0.3586790108976326
24887,1,7,8,15.445726433978255
24893,1,7,6,13.795789604004014
24918,1,7,1,21.835298395100086
24924,0,7,0,0.014619807135653095
24927,1,7,8,6.320728516764049
24928,1,7,9,14.476145613860075
24940,1,7,8,5.924046504370258
24949,1,7,4,0.358679009087165
24955,1,7,7,3.8467052836523092
24964,1,7,5,0.3586789934097332
24969,1,7,6,21.86838411423548
24977,1,7,8,16.078818008247282
24982,1,7,9,11.449113254283944
24988,1,7,8,17.001391123970638
24995,1,7,8,12.060356815272694
25006,1,7,1,7.70015153409946
25017,1,7,4,0.3586790108976326
25022,1,7,1,13.649793654544327
25033,1,7,4,0.3586790108976326
25039,1,7,1,10.819903981470452
25057,1,7,6,19.779339624418387
25058,1,7,4,0.3586790108976326
25071,0,7,0,0.025666714507899133
25089,1,7,9,2.8415111073060952
25096,1,7,8,18.053444621254407
25104,1,7,4,0.3586790108976326
25105,1,7,5,0.3586789934097332
25106,1,7,10,8.586254647016453
25117,1,7,3,1.8662963576551677
25135,1,7,5,0.3586789934097332
25151,1,7,5,0.3586789934097332
25155,1,7,5,0.3586789934097332
25158,1,7,5,0.3586789934097332
25166,1,7,1,21.253461445948794
25169,1,7,9,26.21398439915085
25182,1,7,4,0.3586790108976326
25188,1,7,3,1.3686803542145163
25190,1,7,10,17.966798512587268
25194,1,7,8,27.51188023411638
25234,1,7,7,4.57675528434951
25256,1,7,5,0.3586789949470627
25264,1,7,4,0.3586790108976326
25266,1,7,5,0.3586789934097332
25277,1,7,4,0.3586790108976326
25287,1,7,5,0.3586789934097332
25290,1,7,5,0.3586789934097332
25300,1,7,9,25.52631148271474
25305,1,7,1,10.392339960379097
25311,1,7,8,22.767849197547157
25317,1,7,5,0.3586789934097332
25323,1,7,9,17.711177580245252
25350,0,7,0,0.022754153256826618
25368,1,7,7,2.470287654367061
25379,1,7,2,5.078909348695766
25399,1,7,2,3.2619075609754904
25403,1,7,4,0.3586790108976326
25427,1,7,4,0.3586790108976326
25430,1,7,5,0.3586789934097332
25444,1,7,5,0.3586789934097332
25447,1,7,8,19.745077386305432
25453,1,7,7,4.395436833450123
25460,1,7,4,0.3586790108976326
25474,1,7,8,17.66526117983696
25478,1,7,5,0.3586789934097332
25479,1,7,5,0.3586789934097332
25483,1,7,4,0.3586790108976326
25498,1,7,5,0.3586789934097332
25505,1,7,6,22.650856009880986
25510,1,7,9,20.073411280860007
25520,1,7,6,23.480356765150905
25549,1,7,4,0.3586790108976326
25556,0,7,0,0.019279222986521315
25565,1,7,10,15.61755825192181
25574,1,7,4,0.3586790108976326
25575,1,7,4,0.3586790108976326
25596,0,7,0,0.2312730845215974
25597,1,7,4,0.3586790108976326
25601,1,7,5,0.3586789934097332
25603,1,7,6,14.713886868346103
25616,1,7,9,5.651732025091207
25625,0,7,0,0.04467931494713901
25678,1,7,9,18.202829676583285
25713,1,7,1,6.055464869963474
25726,1,7,10,14.88891714540601
25731,1,7,3,1.8875248472612745
25739,1,7,8,28.538542600602753
25762,1,7,8,16.02171095374301
25768,1,7,9,23.28720880937057
25775,1,7,5,0.3586789934097332
25779,1,7,1,19.431283595292545
25793,1,7,9,12.139273482550397
25797,1,7,9,25.47138167258485
25807,1,7,5,0.3586789934097332
25829,1,7,9,26.405837025930865
25832,1,7,5,0.3586789934097332
25863,1,7,9,25.278037513432015
25864,1,7,6,22.952397898226632
25869,1,7,7,1.6308371790741536
25876,1,7,2,12.007756062549168
25889,1,7,6,22.75494304175311
25906,1,7,7,3.055283573874584
25922,1,7,10,5.718139484595364
25923,1,7,7,4.1641094060979515
25924,1,7,8,9.56572992229562
25939,1,7,3,1.9456900647648854
25940,1,7,1,21.357846972973775
25967,1,7,9,16.37710491789331
25971,1,7,8,28.001043462856558
25978,1,7,9,12.305571832910761
25997,1,7,8,14.125039987221033
25998,1,7,9,14.680646971160245
26005,1,7,4,0.3586790108976326
26019,1,7,6,10.23816337506222
26060,1,7,6,11.851633502142894
26081,1,7,7,2.1566459245785543
26083,1,7,6,6.720628552919603
26088,1,7,8,16.00104165644923
26099,1,7,7,0.8068160269036034
26111,1,7,4,0.3586790108976326
26114,1,7,7,3.2597253562315367
26120,1,7,6,21.056138396013917
26155,1,7,10,11.36789424795589
26157,1,7,4,0.3586790108976326
26162,1,7,4,0.3586790108976326
26172,1,7,8,21.14476643584183
26178,1,7,9,10.900717602266083
26181,1,7,4,0.3586790108976326
26229,1,7,8,16.097073601163366
26256,1,7,7,4.389758163192037
26259,1,7,5,0.3586789934097332
26274,1,7,2,6.357679294926863
26277,1,7,9,21.16236294715776
26280,1,7,9,24.11332249332005
26290,1,7,10,14.269871652645845
26299,1,7,10,15.982721430870377
26321,1,7,10,9.729626678772492
26333,1,7,8,22.702212116295293
26370,1,7,6,19.617386837102817
26381,1,7,9,4.949062228868609
26383,0,7,0,0.012021614744224007
26385,1,7,10,11.537966778166217
26407,1,7,8,14.302974648375121
26410,1,7,9,25.942652085874588
26434,1,7,3,2.278250953678564
26438,0,7,0,0.014938521612854713
26458,1,7,10,13.319231603734892
26466,1,7,7,0.7336009821425353
26468,1,7,1,12.452114871264616
26476,1,7,2,8.6755556035308
26510,1,7,10,16.42253576184387
26513,1,7,6,23.175031583992148
26535,1,7,6,23.053159203428077
26540,1,7,10,11.386012824200437
26551,1,7,1,6.057010893721273
26575,1,7,1,23.22882618094256
26594,1,7,1,21.62885133240023
26598,1,7,8,13.691066293795993
26634,1,7,6,23.867499458323422
26642,1,7,10,13.119498024707607
26648,1,7,8,22.255003175576558
26651,1,7,8,10.712534960359624
26654,1,7,9,24.363795414082837
26661,1,7,6,10.7984799927413
26662,0,7,0,0.02946053973451854
26663,1,7,1,6.046631875032292
26666,1,7,6,14.548190556146974
26672,1,7,6,10.593412323428485
26680,1,7,9,16.49262114713845
26689,1,7,1,7.941433411996816
26714,1,7,10,15.870876268690166
26721,1,7,5,0.3586789934097332
26732,1,7,5,0.3586789934097332
26733,0,7,0,0.0957468998335948
26737,1,7,4,0.3586790108976326
26747,1,7,6,12.636422948108255
26752,0,7,0,0.012296273526023247
26768,1,7,9,13.399358606707624
26775,1,7,5,0.3586789934097332
26776,1,7,10,5.288159418151536
26784,1,7,9,25.85737336550314
26807,1,7,5,0.3586789934097332
26821,1,7,4,0.3586790108976326
26824,1,7,8,3.293389969552176
26831,1,7,10,13.757347402313643
26832,1,7,5,0.3586789934097332
26843,1,7,10,21.22666446694264
26855,0,7,0,0.012746438740548014
26861,1,7,10,10.422871663881303
26867,1,7,9,23.860707558512168
26881,1,7,1,18.441995315917406
26892,1,7,1,8.327700751542128
26893,1,7,5,0.3586789934097332
26901,1,7,6,7.886298177343354
26903,1,7,5,0.3586789934097332
26922,1,7,6,11.699936568975316
26929,1,7,2,11.343230780190048
26934,1,7,9,5.311828280044031
26939,1,7,6,16.317775071610452
26967,1,7,6,16.57526491464033
26969,1,7,8,13.391393928688911
26973,1,7,8,6.093929587038994
26980,1,7,5,0.3586789934097332
26985,1,7,4,0.3586790108976326
26997,1,7,5,0.3586789934097332
26998,1,7,5,0.3586789934097332
27016,1,7,9,14.79231239052943
27022,1,7,10,13.967098876197298
27024,1,7,3,2.2563995261797016
27079,1,7,10,8.960794232668514
27089,1,7,1,7.679553722543046
27103,1,7,7,2.6608760148801776
27106,1,7,8,20.616514892934475
27108,1,7,5,0.3586789934097332
27110,1,7,3,1.4166031929835194
27130,1,7,10,6.041422315881015
27138,1,7,8,18.495329300586192
27140,1,7,2,7.538978993322205
27141,1,7,2,3.0419389153738114
27144,1,7,8,20.245253298611328
27151,1,7,10,11.987879496811255
27152,1,7,3,2.2121346013007863
27165,1,7,8,28.528003523721964
27183,1,7,8,10.077473503673968
27186,1,7,5,0.3586789934097332
27197,1,7,1,12.342660282243331
27204,1,7,6,22.92998317189401
27209,1,7,9,25.667270621125436
27217,1,7,4,0.3586790108976326
27223,1,7,4,0.3586790108976326
27224,0,7,0,0.024826646445670685
27227,1,7,9,17.420796786351985
27243,0,7,0,0.018250683111590983
27255,1,7,10,12.379975633876917
27266,1,7,3,2.4022904412924877
27292,1,7,9,14.822825006311572
27296,0,7,0,0.013574035198972595
27297,1,7,9,6.989235513653758
27299,1,7,4,0.3586790108976326
27303,1,7,9,7.51664941935133
27305,1,7,10,20.97595054804459
27315,1,7,4,0.3586790108976326
27333,1,7,5,0.3586789934097332
27338,1,7,6,20.295036751042957
27343,1,7,4,0.3586790108976326
27355,1,7,6,16.860059188976553
27367,1,7,1,18.363499667280788
27377,1,7,9,13.378139757660263
27400,1,7,7,3.5925600405514304
27407,1,7,5,0.3586789934097332
27410,1,7,4,0.3586790108976326
27414,1,7,7,1.0495021459497655
27423,1,7,5,0.3586789934097332
27424,1,7,5,0.3586789934097332
27425,1,7,6,17.182991598163714
27444,1,7,10,4.1906478469231105
27467,1,7,2,13.66972882109542
27474,1,7,8,28.44350701291193
27489,1,7,4,0.3586790108976326
27493,1,7,9,16.56514117746277
27506,1,7,5,0.3586789934097332
27510,1,7,4,0.3586790108976326
27511,1,7,7,4.419479913942819
27526,1,7,6,22.932030304023513
27541,1,7,6,16.671217466816845
27549,1,7,10,20.56724151638483
27560,1,7,3,1.9206489683414214
27607,1,7,1,6.853853737391653
27610,1,7,1,18.765505224978885
27649,1,7,6,18.797566364573875
27656,1,7,7,4.171030842452239
27658,0,7,0,0.019379470391286232
27671,1,7,5,0.3586789934097332
27674,1,7,6,21.291806747721818
27688,1,7,3,1.5326698942895485
27704,1,7,9,25.713956848122955
27748,1,7,8,19.40420276785884
27755,1,7,4,0.3586790108976326
27759,1,7,3,1.9798880915203916
27761,1,7,9,21.839367648730168
27781,1,7,6,16.596667251459607
27784,1,7,10,12.41709057063774
27796,1,7,7,3.424557143119004
27822,1,7,4,0.3586790108976326
27834,1,7,9,25.79008043879147
27839,1,7,5,0.3586789934097332
27860,1,7,10,3.5223127643948913
27879,1,7,8,23.016537498272072
27912,1,7,8,23.93370925014705
27915,1,7,6,19.732893424642942
27919,1,7,8,24.71769371448868
27926,1,7,5,0.3586789934097332
27940,1,7,9,12.33544824659986
27946,1,7,7,1.4593988911205824
27959,1,7,9,3.744034123304688
27967,1,7,10,15.572557790637452
27994,1,7,8,7.93996146799338
28009,1,7,4,0.358679009087165
28027,1,7,4,0.3586790108976326
28038,1,7,9,12.935948863581075
28071,1,7,7,2.126973969282099
28089,0,7,0,0.012801545044342773
28103,1,7,5,0.3586789934097332
28119,1,7,8,24.57545314099054
28120,1,7,3,1.9760870565508388
28123,1,7,5,0.3586789934097332
28124,1,7,10,7.657532267409441
28134,1,7,8,20.89364905842183
28155,1,7,1,20.796309426572368
28168,0,7,0,0.02441987752841119
28173,0,7,0,0.020160856361347186
28183,1,7,5,0.3586789934097332
28225,1,7,9,5.464734198010753
28230,1,7,10,5.822985904086876
28231,1,7,6,21.80514795534622
28241,1,7,5,0.3586789934097332
28242,1,7,8,14.007101431628321
28266,1,7,1,16.765887544529438
28269,1,7,8,23.734431984529817
28270,1,7,10,9.43695345990054
28274,1,7,9,12.019146916093554
28283,1,7,2,6.980263313173442
28313,1,7,8,12.696657046169111
28349,1,7,9,19.904340548170754
28355,1,7,9,25.611092520780762
28378,1,7,5,0.3586789934097332
28380,1,7,10,12.675124022695883
28387,0,7,0,0.012790122955543442
28397,1,7,10,12.52453196802461
28403,1,7,8,12.485829107986735
28414,1,7,4,0.3586790108976326
28416,1,7,10,4.839463917854784
28429,1,7,9,25.2824740139078
28437,1,7,10,11.290193096588721
28448,1,7,10,17.08096856705081
28453,1,7,2,12.716697120265449
28455,1,7,5,0.3586789934097332
28461,1,7,10,10.812979421312084
28484,1,7,5,0.3586789934097332
28495,1,7,8,13.002600611361158
28497,1,7,8,12.965318420329819
28508,1,7,9,12.41975063711225
28527,1,7,9,5.856433608831468
28532,1,7,8,8.799339554789862
28572,1,7,5,0.3586789934097332
28573,1,7,6,7.954760789043242
28578,1,7,5,0.3586789934097332
28602,1,7,9,2.219740482936036
28605,1,7,8,15.65096946937261
28617,0,7,0,0.012572533693746288
28635,1,7,7,4.512187650112799
28646,1,7,3,1.38619632540825
28652,1,7,5,0.3586789934097332
28669,1,7,7,1.4391585068181112
28672,1,7,6,20.061833325807296
28675,1,7,10,10.838635910141184
28676,1,7,7,2.584202147346378
28678,1,7,8,21.634575748873022
28680,1,7,7,4.581732409536162
28681,1,7,10,12.83569149640818
28691,1,7,1,21.447459073181452
28699,1,7,4,0.358679009087165
28702,1,7,9,25.676793011601376
28708,1,7,5,0.3586789934097332
28751,1,7,9,26.11576917603869
28761,1,7,9,11.175000587034036
28769,1,7,9,25.95024541700606
28776,1,7,4,0.3586790108976326
28782,1,7,2,5.922901681650591
28788,1,7,8,22.43313263343395
28793,1,7,5,0.3586789934097332
28798,1,7,8,19.91727142941049
28817,0,7,0,0.015106159995887826
28842,1,7,4,0.3586790108976326
28862,1,7,4,0.3586790108976326
28864,1,7,1,15.217211064922239
28875,1,7,9,25.261686968646682
28876,1,7,4,0.3586790108976326
28894,1,7,9,21.819206189410384
28904,1,7,9,9.538208967199946
28913,1,7,8,10.367926789142482
28914,1,7,4,0.3586790108976326
28919,1,7,7,3.8579038441427462
28922,1,7,2,10.183402907123474
28927,1,7,4,0.3586790108976326
28928,0,7,0,0.017920527672776347
28938,1,7,5,0.3586789934097332
28951,1,7,1,23.176192954064263
28954,1,7,5,0.3586789934097332
28955,1,7,8,17.29481496378898
28958,1,7,9,14.871379198040461
28961,1,7,7,1.8039570700756113
28964,1,7,8,21.927112487003637
28969,1,7,8,15.046914166211133
28973,1,7,9,8.37534489137905
28980,1,7,6,9.540779280772222
28984,1,7,6,23.27710277328801
28993,1,7,6,18.472410880419652
29010,1,7,6,14.472111495394431
29053,1,7,8,21.209085202023907
29055,1,7,6,19.423491368242175
29069,1,7,1,4.376763360653202
29070,1,7,6,13.886081699582457
29073,1,7,4,0.3586790108976326
29075,1,7,7,2.5376502520585724
29082,1,7,6,8.72371695977508
29094,1,7,5,0.3586789934097332
29105,1,7,6,13.852662554896629
29110,1,7,3,1.4184307986553784
29116,1,7,9,8.764534012209163
29117,1,7,6,23.296876106677157
29127,0,7,0,0.0341216792723056
29164,1,7,8,21.60924388528477
29169,1,7,9,25.530548000468727
29172,1,7,6,21.784411339034147
29175,1,7,2,9.809957816522024
29184,1,7,4,0.3586790108976326
29185,1,7,8,17.659643813997242
29191,1,7,9,16.67764908861893
29218,1,7,8,23.27466380257385
29257,1,7,1,16.563029563438043
29268,1,7,9,15.399985248105448
29275,1,7,1,13.265897362346156
29294,1,7,9,26.352724513019425
29296,1,7,5,0.3586789949470627
29305,1,7,6,22.778121136598788
29309,1,7,5,0.3586789934097332
29312,1,7,8,17.632372552233516
29325,1,7,1,16.662462314271615
29326,1,7,5,0.3586789934097332
29332,1,7,8,16.472358167647112
29334,1,7,10,16.874814191161306
29335,1,7,9,3.442282274414058
29336,1,7,5,0.3586789934097332
29341,1,7,8,16.532097078841467
29346,1,7,10,19.945103767706623
29359,1,7,5,0.3586789934097332
29368,1,7,9,21.54606218105589
29395,1,7,4,0.3586790108976326
29398,1,7,9,20.067299917872475
29400,1,7,1,9.320205906827042
29414,1,7,1,5.517833779887383
29422,1,7,10,13.004125685418334
29436,1,7,4,0.3586790108976326
29460,1,7,8,20.8693493914212
29465,1,7,9,15.673372328989332
29468,1,7,6,6.043614331585376
29471,1,7,7,3.323665419988991
29498,1,7,9,26.131081263633448
29507,1,7,10,11.553905881478414
29509,1,7,5,0.3586789934097332
29531,1,7,8,15.420484447352955
29536,1,7,9,3.2736192854487416
29549,1,7,10,16.41678873491452
29553,1,7,10,15.304473921216303
29556,0,7,0,0.023522323199253056
29569,1,7,5,0.3586789949470627
29571,1,7,9,8.39165534135273
29583,1,7,10,12.221763811259214
29591,1,7,5,0.3586789934097332
29592,1,7,6,21.74570215586458
29595,1,7,4,0.3586790108976326
29596,1,7,5,0.3586789934097332
29610,1,7,1,9.057902470306388
29611,1,7,8,15.93387357390792
29630,1,7,2,13.154866483278152
29640,1,7,9,18.771512282401467
29654,1,7,6,12.182806908835179
29670,1,7,9,8.383495303005885
29676,1,7,8,22.269613739599894
29691,1,7,6,23.656794246422276
29701,1,7,5,0.3586789934097332
29713,1,7,8,19.66996596445091
29715,1,7,1,4.022312014223273
29721,1,7,3,2.350902375274285
29724,1,7,10,13.106177396003629
29736,1,7,8,17.630256771467703
29750,1,7,10,6.708949370982074
29754,1,7,1,15.438165442323495
29755,1,7,6,23.347740587369312
29772,1,7,6,6.6686110487138555
29775,1,7,10,11.72201098201516
29776,1,7,8,18.18351095862077
29794,1,7,1,15.710427575053796
29798,1,7,8,14.70677337200347
29800,1,7,5,0.3586789934097332
29801,1,7,1,16.07286018784097
29809,1,7,1,7.452483079845842
29810,1,7,6,23.45750198251648
29816,1,7,5,0.3586789949470627
29824,1,7,5,0.3586789934097332
29829,1,7,9,15.907052278358513
29833,1,7,10,17.304426466923996
29836,1,7,9,15.103610764830178
29855,1,7,5,0.3586789934097332
29889,1,7,9,24.7911498229989
29903,0,7,0,0.012367183395946403
29917,1,7,6,17.759475018991644
29948,1,7,7,4.514438905131276
29949,1,7,1,4.834832021215928
29962,1,7,3,2.3808587269657657
29963,1,7,1,22.21884339286336
29973,1,7,7,3.5146101734948405
29977,1,7,6,23.963189588289143
29978,1,7,10,12.383183580527946
29981,1,7,1,4.666584450923603
30004,1,7,3,2.2230115186638564
30019,1,7,1,22.801008432050676
30032,1,7,6,14.111203686495337
30039,1,7,9,21.650622901290987
30048,1,7,5,0.3586789934097332
30056,1,7,4,0.3586790108976326
30057,1,7,10,14.18885986331281
30065,1,7,3,2.379509160567221
30070,1,7,9,23.908443162819964
30080,1,7,1,10.966072144911603
30082,1,7,4,0.3586790108976326
30086,1,7,5,0.3586789934097332
30107,1,7,9,23.5667654855362
30111,1,7,1,20.753595739586043
30117,1,7,4,0.358679009087165
30132,1,7,6,23.382837003331787
30140,1,7,5,0.3586789934097332
30144,1,7,8,21.34259005782614
30168,1,7,7,1.2151828149039157
30171,1,7,5,0.3586789934097332
30178,1,7,8,9.614396964065177
30183,1,7,6,14.568291491611495
30184,1,7,9,8.828013545875631
30190,1,7,9,23.979759012803264
30197,1,7,10,3.536060300585786
30204,1,7,1,18.520455357015404
30214,1,7,9,23.48034567425755
30218,1,7,6,12.812051745296381
30259,1,7,6,12.685387084186337
30278,1,7,8,10.645740552822094
30293,1,7,3,2.4067958318599914
30304,1,7,9,9.803798210810186
30307,1,7,5,0.3586789934097332
30320,1,7,4,0.3586790108976326
30324,1,7,5,0.3586789934097332
30332,1,7,9,25.015749612132815
30355,1,7,1,16.46074711714758
30359,1,7,6,21.21823000085762
30395,1,7,3,1.9313080083221132
30400,1,7,10,13.515922471758136
30409,1,7,9,22.67050616275612
30418,0,7,0,0.028757067717330886
30420,1,7,8,19.69591884384573
30422,1,7,6,17.266806059810712
30427,1,7,8,26.492416883508557
30433,1,7,4,0.3586790108976326
30442,1,7,8,28.068527734706077
30453,1,7,8,24.488441119637432
30456,1,7,8,13.4480902820429
30476,1,7,7,4.187144027137132
30481,0,7,0,0.012740632953460286
30483,1,7,4,0.3586790108976326
30517,1,7,10,20.59187733163497
30520,1,7,4,0.3586790108976326
30528,1,7,9,8.388926997181313
30571,1,7,5,0.3586789934097332
30584,1,7,2,4.418757816988478
30592,1,7,6,14.509067877293353
30598,1,7,7,2.3821003272331587
30599,1,7,4,0.3586790108976326
30600,1,7,9,21.711940942841967
30601,1,7,9,24.80392325994555
30603,0,7,0,0.11054717904230438
30605,1,7,9,14.112036122783667
30608,1,7,8,21.52265415020956
30610,1,7,4,0.3586790108976326
30628,1,7,10,20.103131530732956
30652,0,7,0,0.026862509356558265
30679,1,7,9,26.384806506509
30683,1,7,9,5.4484249915599845
30689,1,7,2,13.86306871361167
30718,1,7,9,22.402714508768526
30722,1,7,1,18.446067451811633
30750,1,7,5,0.3586789934097332
30757,1,7,1,13.648105623067263
30766,1,7,1,18.266537323811196
30775,1,7,4,0.3586790108976326
30782,1,7,5,0.3586789934097332
30784,1,7,2,10.789972533945162
30786,1,7,6,14.076755739816177
30794,1,7,7,3.2843335002522283
30795,1,7,6,22.98095122677942
30797,1,7,10,5.084384180152209
30808,0,7,0,0.05823866809073456
30811,1,7,6,14.124052533022022
30816,1,7,6,9.187478893776778
30841,1,7,6,20.559973572613337
30842,1,7,4,0.3586790108976326
30847,1,7,10,11.019719560385091
30856,1,7,6,14.115466789088654
30857,1,7,4,0.3586790108976326
30867,1,7,4,0.3586790108976326
30873,1,7,9,24.37943953022915
30889,1,7,9,16.468584211541874
30897,1,7,5,0.3586789934097332
30922,1,7,10,11.00019801532008
30934,1,7,10,20.23810920031287
30947,1,7,1,15.148772417668216
30958,1,7,8,7.330856549874525
30964,1,7,5,0.3586789934097332
30973,1,7,10,12.334793081307389
31011,1,7,5,0.3586789934097332
31013,1,7,5,0.3586789934097332
31023,1,7,9,10.611120900636113
31026,1,7,9,15.071080716598154
31029,1,7,2,6.558742413643753
31038,0,7,0,0.10714802490566509
31042,0,7,0,0.013489096318843237
31043,1,7,9,24.115394778075036
31053,1,7,9,11.826165364020236
31060,1,7,10,11.811320067415574
31061,1,7,2,14.078919974137195
31066,1,7,10,20.99081112457236
31068,1,7,6,23.943313086594095
31079,1,7,7,1.1932613953001412
31080,1,7,7,3.7993163409684922
31088,1,7,4,0.3586790108976326
31118,0,7,0,0.013094008343621245
31123,1,7,8,23.717562975005674
31126,1,7,10,16.90401202336868
31131,1,7,9,15.074087199402546
31139,1,7,4,0.3586790108976326
31154,1,7,6,6.254280377113819
31159,1,7,7,2.017277190682317
31160,1,7,6,8.499156304216333
31178,1,7,8,3.5868654054324556
31185,1,7,4,0.3586790108976326
31186,1,7,1,22.01761863086486
31189,0,7,0,0.017277362250824525
31194,1,7,4,0.3586790108976326
31195,1,7,4,0.3586790108976326
31196,1,7,5,0.3586789934097332
31207,1,7,9,16.603815761199122
31218,1,7,8,17.636636698503192
31227,1,7,2,3.0166664890420716
31260,1,7,7,3.5658641347181983
31267,1,7,1,7.013111909449775
31276,1,7,9,6.531681912254305
31292,1,7,2,10.010182496872918
31303,1,7,9,23.765231289765758
31310,1,7,8,21.25470425248371
31316,1,7,9,16.48561466011271
31348,1,7,4,0.358679009087165
31358,1,7,9,10.057308817525742
31372,0,7,0,0.013302077098182782
31400,1,7,8,15.040853327102466
31401,1,7,8,13.334385349653946
31410,1,7,5,0.3586789934097332
31417,1,7,6,21.2856121579081
31419,1,7,9,10.905552978515255
31422,1,7,2,1.572793173396169
31424,1,7,5,0.3586789934097332
31433,1,7,9,26.40457480160753
31447,1,7,5,0.3586789934097332
31451,1,7,9,12.648373086584503
31453,1,7,6,23.19048766134313
31458,1,7,1,13.035513887150296
31459,1,7,1,17.27129640262923
31461,1,7,6,11.880084338760524
31478,1,7,4,0.3586790108976326
31481,1,7,7,1.728675078151402
31482,0,7,0,0.016553802010173587
31490,1,7,8,23.61625134321436
31494,0,7,0,0.0268783210656487
31519,1,7,1,20.4358278347423
31527,1,7,10,3.016827144623914
31545,1,7,6,11.372976310819595
31550,1,7,7,0.3481845772392501
31552,1,7,8,9.247994944597608
31572,1,7,4,0.3586790108976326
31582,1,7,10,14.404615299458666
31584,1,7,8,8.892359601568925
31608,0,7,0,0.24562862156710685
31628,1,7,4,0.3586790108976326
31641,1,7,7,1.354583656129914
31646,1,7,9,26.21604214678782
31655,1,7,8,17.1938698164317
31657,1,7,5,0.3586789934097332
31667,1,7,7,1.7978508117029062
31706,1,7,5,0.3586789934097332
31715,1,7,9,4.688575540509571
31717,1,7,9,25.338339999421294
31723,1,7,1,8.217374100635706
31734,1,7,6,13.69881564897906
31745,1,7,8,15.716894057331276
31764,1,7,5,0.3586789934097332
31776,1,7,6,23.10743296019053
31782,1,7,5,0.3586789934097332
31791,0,7,0,0.01716108942215545
31792,1,7,9,15.985793131188002
31794,1,7,3,2.2870390189241983
31807,1,7,7,2.9081937232726145
31813,1,7,5,0.3586789934097332
31814,1,7,4,0.3586790108976326
31821,1,7,9,25.49415115253369
31828,1,7,10,20.800626372359943
31838,1,7,5,0.3586789934097332
31850,1,7,3,2.293803740676832
31852,1,7,4,0.3586790108976326
31855,1,7,1,22.217726636888187
31864,1,7,6,13.202032896343537
31872,1,7,5,0.3586789934097332
31877,1,7,10,9.245569892365864
31890,0,7,0,0.027535643615094866
31894,1,7,5,0.3586789934097332
31905,1,7,9,25.60650740342203
31916,1,7,8,5.861949297389665
31930,1,7,5,0.3586789949470627
31937,1,7,7,3.6803833150951455
31938,1,7,9,26.35909506653403
31939,1,7,8,23.130521704424446
31944,1,7,8,24.060527202575738
31952,1,7,8,20.201807676213075
31955,1,7,6,14.976445162826607
31973,1,7,6,5.323339440705192
31984,0,7,0,0.1774463464343139
31986,0,7,0,0.1960997217640942
32004,1,7,6,22.27888955543081
32023,1,7,9,26.42198873505048
32031,1,7,8,14.517330729428686
32037,1,7,8,16.681171319562594
32040,1,7,10,9.3768812579722
32068,1,7,3,2.250136337184928
32070,1,7,4,0.3586790108976326
32072,0,7,0,0.057480410879746605
32076,1,7,9,13.624301155853994
32112,1,7,9,26.3790325431909
32115,1,7,9,16.672136103225352
32119,1,7,7,4.135411233501366
32133,1,7,4,0.3586790108976326
32141,1,7,4,0.3586790108976326
32146,1,7,8,15.419647642968856
32164,1,7,3,1.601033450826046
32169,1,7,10,6.038742582881382
32175,1,7,9,25.51287402302202
32188,1,7,6,15.14516310425993
32214,1,7,7,4.486360825410918
32221,1,7,10,12.032104858909795
32229,1,7,6,21.68478253194888
32237,1,7,7,2.6052154921107653
32253,1,7,9,22.11705193631496
32259,1,7,8,11.048279859412569
32272,1,7,4,0.3586790108976326
32276,1,7,1,15.39210934212009
32295,1,7,10,12.413186958084237
32327,1,7,10,11.040114194385367
32340,1,7,9,18.998936035712795
32348,0,7,0,0.017597426324817873
32352,1,7,6,23.524004806047923
32353,1,7,5,0.3586789934097332
32373,1,7,5,0.3586789934097332
32379,1,7,5,0.3586789934097332
32386,1,7,4,0.3586790108976326
32387,1,7,8,17.27561748477988
32390,1,7,3,2.40208110928496
32392,1,7,5,0.3586789934097332
32395,1,7,7,4.610445428544155
32396,1,7,10,20.425500747065357
32408,1,7,6,14.368400795920442
32429,1,7,7,2.11355117352143
32451,1,7,9,16.63379557031676
32455,1,7,10,19.883947170547312
32456,1,7,9,16.60675441529165
32459,1,7,6,23.185814654972905
32463,1,7,9,10.66472624455046
32479,1,7,9,20.979736418169967
32482,1,7,1,6.313099207083719
32483,1,7,3,1.7910333994850198
32493,1,7,4,0.3586790108976326
32511,1,7,10,10.898613216212953
32516,1,7,9,24.44692796118144
32519,1,7,8,16.870939092930783
32532,1,7,10,15.57371325380569
32565,1,7,8,11.59207729206966
32574,1,7,6,19.41713752068697
32576,1,7,5,0.3586789934097332
32577,1,7,7,4.364914881446563
32594,1,7,5,0.3586789934097332
32617,1,7,4,0.3586790108976326
32635,1,7,8,6.793677765683609
32639,1,7,7,2.8228901722414363
32673,1,7,8,16.6358466838039
32676,1,7,6,9.989343139757123
32684,1,7,9,16.722452099688223
32688,1,7,2,10.101659686829601
32693,1,7,1,14.901778526799884
32717,1,7,7,3.618311644516959
32729,1,7,4,0.3586790108976326
32733,1,7,9,26.207682918516742
32742,1,7,5,0.3586789934097332
32750,1,7,8,15.528461233498307
32769,1,7,8,16.71710212371037
32786,1,7,10,7.847106362965407
32792,1,7,8,16.08987186701324
32798,1,7,10,7.126153891264807
32800,1,7,9,21.53402932508762
32841,1,7,9,23.106503868019086
32842,1,7,6,21.101770031194647
32851,0,7,0,0.02274622185357898
32862,1,7,9,5.480999191261859
32867,1,7,8,13.147100868632474
32874,1,7,1,16.319623354947524
32885,1,7,4,0.358679009087165
32889,1,7,7,3.228041094544885
32895,1,7,2,11.45970595396192
32919,0,7,0,0.018044712963027048
32935,1,7,6,14.657516912075057
32949,1,7,8,5.755164187595542
32952,1,7,9,15.022480293007611
32961,1,7,8,3.4557440689456245
32987,0,7,0,0.016572897276616094
32999,1,7,6,23.154487283303776
33016,1,7,5,0.3586789934097332
33017,1,7,8,18.68429060183982
33044,1,7,6,23.254226927458866
33047,1,7,6,14.998003638634907
33070,1,7,5,0.3586789934097332
33077,1,7,8,3.590174780306648
33082,1,7,8,21.96040274818503
33085,0,7,0,0.19268733292305643
33104,1,7,4,0.3586790108976326
33109,1,7,10,16.48315960984405
33115,1,7,10,4.767263348881076
33136,1,7,5,0.3586789934097332
33143,1,7,9,23.288350928274966
33186,1,7,9,22.664128939201834
33190,1,7,5,0.3586789934097332
33197,1,7,9,7.465419150168885
33203,1,7,9,20.102370368120756
33212,0,7,0,0.017039528527168484
33219,1,7,6,23.95692114979576
33225,1,7,5,0.3586789934097332
33226,1,7,8,16.35282351220456
33242,1,7,4,0.3586790108976326
33246,1,7,1,4.797225364582623
33270,1,7,2,11.165046184778195
33273,1,7,4,0.3586790108976326
33278,1,7,3,2.4521932689289785
33285,1,7,8,23.114907509673753
33287,1,7,5,0.3586789934097332
33311,1,7,2,13.049702700220514
33313,1,7,9,13.143635557685084
33318,1,7,7,3.7440203206510634
33329,1,7,6,14.19226824065
33344,1,7,3,2.4044593732545705
33347,1,7,9,14.110088861889631
33360,1,7,9,15.391090758505607
33363,1,7,5,0.3586789934097332
33365,1,7,10,12.32122970207009
33409,1,7,5,0.3586789934097332
33416,1,7,5,0.3586789934097332
33423,1,7,8,7.407780816490992
33427,1,7,9,10.281409125009207
33437,1,7,6,13.703464577249758
33448,1,7,10,7.809143332508221
33449,1,7,2,6.922693228900117
33458,1,7,3,2.0760823530856487
33460,1,7,4,0.3586790108976326
33465,0,7,0,0.01300693065922038
33477,1,7,6,21.14869808618299
33479,1,7,9,25.909675347500873
33489,0,7,0,0.033547578553045576
33494,1,7,6,22.1976629802511
33508,1,7,5,0.3586789934097332
33538,1,7,9,16.27026984604115
33543,1,7,9,25.552993523241152
33581,1,7,2,9.698921610105906
33612,0,7,0,0.1955020556882678
33615,1,7,8,4.371175050587715
33622,1,7,7,2.6054746672378957
33637,1,7,10,20.749665759324788
33650,1,7,7,3.259581091739
33653,1,7,8,9.819399653996413
33658,1,7,8,22.81111556692017
33660,1,7,6,16.08096738098648
33672,1,7,9,17.274618059345187
33692,0,7,0,0.013413892541894448
33706,1,7,7,1.9473077710778532
33719,1,7,6,14.574769153538728
33740,1,7,1,10.214148247872357
33786,0,7,0,0.013158496994270132
33791,1,7,4,0.3586790108976326
33796,1,7,1,13.87984267847627
33806,1,7,4,0.3586790108976326
33818,1,7,8,17.67948387332889
33829,1,7,3,2.3951847380634295
33831,1,7,1,22.299105797548194
33851,1,7,5,0.3586789934097332
33854,1,7,4,0.3586790108976326
33866,1,7,6,3.933907513240372
33868,1,7,9,16.00340225747668
33896,1,7,9,26.3799764493555
33913,1,7,10,6.295602465277702
33914,1,7,4,0.3586790108976326
33917,1,7,8,17.513438758426545
33918,1,7,1,17.794420803844943
33930,1,7,9,11.150587615981294
33937,1,7,7,2.4135459696730637
33947,1,7,5,0.3586789949470627
33961,1,7,2,6.694652734311089
33963,1,7,4,0.3586790108976326
33978,1,7,6,19.937274014506425
33984,1,7,9,16.18147680130432
33985,1,7,10,6.3134185944106616
34017,1,7,10,18.153692686850565
34045,1,7,8,13.94183503537411
34067,1,7,1,12.297166189124885
34084,1,7,1,16.70131357336472
34087,0,7,0,0.022801081889487144
34091,1,7,4,0.3586790108976326
34092,0,7,0,0.019077389653375687
34099,1,7,6,21.74528251405928
34105,1,7,1,8.87242534677677
34113,1,7,5,0.3586789934097332
34121,1,7,5,0.3586789934097332
34126,1,7,8,9.421029865883805
34133,1,7,5,0.3586789934097332
34146,1,7,4,0.3586790108976326
34149,1,7,4,0.3586790108976326
34155,1,7,5,0.3586789934097332
34167,1,7,4,0.3586790108976326
34170,1,7,1,23.064281293119294
34180,1,7,7,1.0736004230761558
34205,1,7,9,8.255077488260238
34208,1,7,8,23.216682039830552
34209,1,7,6,15.066438728904497
34212,1,7,2,5.394960935826764
34220,1,7,8,22.560895861108467
34242,1,7,9,25.4969281974626
34253,1,7,3,0.9601091269812083
34259,1,7,9,26.06360352156055
34290,1,7,9,15.402453015694343
34322,1,7,9,16.03548329743354
34343,1,7,10,8.77036847858441
34354,1,7,10,7.100796626834637
34358,1,7,1,7.296248565954361
34368,1,7,1,9.731680337865745
34371,1,7,5,0.3586789934097332
34372,1,7,8,12.300484249577057
34380,1,7,4,0.3586790108976326
34386,1,7,9,23.0425041414944
34402,1,7,10,5.336604278664461
34403,0,7,0,0.015885887863240435
34405,1,7,2,13.01632869139641
34427,1,7,9,25.020669280280412
34451,1,7,6,23.531934860550045
34461,1,7,8,19.588039332788455
34471,1,7,8,16.324133201363892
34475,1,7,8,16.776860923960495
34479,1,7,9,8.501901683692004
34483,1,7,10,7.099323019089907
34495,1,7,9,12.107437495484099
34499,1,7,3,2.3576616839014517
34508,0,7,0,0.021576582766965918
34527,1,7,8,25.673510281997444
34555,1,7,10,8.732192321783703
34592,1,7,1,23.07037921030423
34640,1,7,8,11.4440266351698
34643,1,7,6,10.970214044794746
34660,1,7,9,10.614610391405023
34661,1,7,8,2.9460007856199106
34672,1,7,9,18.156072578388542
34675,1,7,3,0.8669424659307213
34679,1,7,9,7.7599508256103515
34680,1,7,5,0.3586789934097332
34681,1,7,7,2.3770532391316332
34700,1,7,2,9.478704233527697
34709,1,7,9,16.926620350946486
34713,1,7,9,17.873369607848684
34732,1,7,8,12.797171187341222
34737,1,7,6,9.798488688005579
34771,1,7,5,0.3586789934097332
34775,1,7,5,0.3586789934097332
34782,1,7,7,0.9712345150624817
34789,1,7,8,9.95983130608381
34802,1,7,6,17.072773866590055
34808,1,7,6,7.224257606173127
34822,1,7,6,23.70072476139385
34825,1,7,6,11.923025717847123
34826,1,7,5,0.3586789934097332
34867,1,7,5,0.3586789934097332
34880,1,7,5,0.3586789934097332
34900,1,7,3,1.731867172290135
34912,1,7,10,20.891508623758735
34918,1,7,2,3.270502202979893
34928,1,7,5,0.3586789934097332
34929,1,7,5,0.3586789934097332
34943,1,7,5,0.3586789934097332
34964,1,7,9,23.947521351389334
34967,1,7,9,24.279523511280875
34970,1,7,6,20.2331399913444
34972,1,7,8,8.086709424631568
34981,1,7,8,14.222186290037035
34989,1,7,6,9.561369744121633
34998,1,7,8,10.505634430818594
35007,0,7,0,0.017501040346914694
35010,1,7,1,7.807537499043607
35018,1,7,5,0.3586789934097332
35020,1,7,3,0.6785932284216863
35031,1,7,4,0.3586790108976326
35041,1,7,6,8.87528948649317
35052,1,7,9,12.550611020243805
35066,1,7,9,25.81450972403909
35074,1,7,9,9.95599251331206
35082,1,7,1,18.236188525760387
35098,1,7,3,1.9061891588697937
35109,1,7,5,0.3586789934097332
35116,1,7,9,26.201540244829925
35118,1,7,1,18.74052690733285
35120,1,7,8,5.689443162100766
35145,1,7,6,20.63597131044057
35157,1,7,4,0.3586790108976326
35164,1,7,5,0.3586789934097332
35185,1,7,1,22.97080545866584
35192,1,7,5,0.3586789934097332
35201,1,7,6,23.127023553871737
35211,1,7,8,2.6117532047165986
35215,1,7,2,11.743418485477767
35235,1,7,8,17.097453081980706
35241,1,7,7,1.9595085526784013
35245,1,7,2,12.742330806037202
35268,1,7,9,23.1125886455049
35282,1,7,1,12.8593441693724
35290,1,7,5,0.3586789934097332
35305,1,7,8,5.695221112669795
35312,1,7,4,0.3586790108976326
35324,1,7,7,1.754431846912659
35328,1,7,7,1.8691104234695202
35334,1,7,8,24.193870898576368
35361,1,7,9,11.991339431915328
35384,1,7,10,21.23233926007506
35388,1,7,3,0.9314240600139642
35408,1,7,5,0.3586789934097332
35421,1,7,4,0.3586790108976326
35423,1,7,10,18.56475525630482
35433,1,7,8,7.4320909615392505
35452,1,7,5,0.3586789934097332
35460,1,7,9,15.424882341849768
35466,1,7,6,21.437330117380043
35468,1,7,6,23.534750522606583
35475,1,7,9,14.85937198612987
35476,1,7,8,15.050368156223877
35489,1,7,9,6.36773737911251
35507,1,7,5,0.3586789934097332
35509,1,7,2,12.96985799036088
35515,1,7,6,14.277569788788169
35520,1,7,8,21.670119705272356
35521,1,7,6,18.83474743491159
35524,1,7,4,0.3586790108976326
35526,1,7,9,14.862104886036759
35549,1,7,8,21.74187778392894
35557,1,7,6,23.572180980367854
35558,1,7,6,23.608165422598262
35562,1,7,10,13.344341076692869
35574,0,7,0,0.02978759210924121
35586,1,7,5,0.3586789934097332
35591,0,7,0,0.019615810068354875
35601,1,7,9,23.76431816257574
35611,1,7,8,12.687700373994028
35614,1,7,8,10.381393068283057
35627,1,7,10,11.13429642535092
35657,1,7,5,0.3586789934097332
35667,1,7,2,8.09310401451103
35669,0,7,0,0.02332773999956779
35673,1,7,9,2.7618913488635175
35683,1,7,10,16.92688980375638
35689,1,7,7,4.526608672108974
35691,1,7,6,14.72255665539429
35692,1,7,6,5.359072875271447
35698,1,7,9,17.839802302639136
35751,1,7,3,2.3656152283666825
35752,1,7,4,0.3586790108976326
35754,0,7,0,0.022885071464937096
35757,1,7,9,23.291076484815147
35771,1,7,9,23.403544043218204
35795,1,7,2,13.301610498738158
35808,1,7,4,0.3586790108976326
35809,1,7,1,19.550974555182616
35815,1,7,2,9.706641134551184
35834,1,7,8,28.438160157676037
35835,0,7,0,0.011950629559933751
35836,1,7,4,0.3586790108976326
35840,1,7,6,5.652470729062411
35853,1,7,9,22.96574347502319
35859,1,7,5,0.3586789934097332
35863,1,7,8,8.518463508517003
35873,1,7,9,12.480114033927995
35911,1,7,6,23.835504938407684
35912,1,7,5,0.3586789934097332
35916,1,7,10,5.283041304759438
35917,1,7,4,0.358679009087165
35920,1,7,10,17.280690377521324
35923,1,7,5,0.3586789934097332
35925,1,7,8,7.389685545588812
35948,1,7,8,28.354080488604424
35959,1,7,9,14.530998084145832
35967,1,7,9,18.905572078262633
35979,1,7,10,19.3694012776299
36005,1,7,8,14.514096713569675
36007,1,7,1,12.868673368719564
36008,1,7,4,0.3586790108976326
36051,1,7,6,23.745570506031044
36086,1,7,6,23.61933980104707
36093,1,7,9,4.862403412072985
36099,1,7,9,24.17025036351142
36116,1,7,1,17.925257301958887
36118,1,7,6,23.132968468356946
36132,1,7,9,9.660371583731
36140,1,7,6,8.477927448097764
36141,1,7,9,19.06446558920214
36145,1,7,6,22.619621376218554
36148,1,7,9,15.829269642311132
36153,1,7,6,23.768674905189897
36176,1,7,10,8.257091690671027
36183,1,7,5,0.3586789934097332
36204,1,7,4,0.3586790108976326
36246,1,7,10,21.234611846220822
36247,1,7,6,6.156830029285471
36255,1,7,3,2.030571724861607
36256,1,7,9,8.781092494013956
36272,1,7,10,15.595467781326152
36273,1,7,7,0.356207079275672
36277,1,7,4,0.358679009087165
36278,1,7,10,10.655074726896618
36280,1,7,10,15.524669134095529
36282,1,7,5,0.3586789934097332
36283,1,7,9,25.631036073394885
36294,1,7,9,19.92263938405025
36301,1,7,6,18.44442539550584
36325,1,7,7,4.57156410218863
36326,1,7,9,10.916915827694872
36329,1,7,6,9.19640153327674
36376,1,7,8,20.000817921599555
36389,1,7,8,7.626634851261806
36395,1,7,9,20.789423005919044
36408,1,7,10,11.47738402015505
36415,1,7,5,0.3586789934097332
36421,1,7,8,21.555733588090895
36434,1,7,10,4.754314164351131
36439,1,7,9,25.6405531730317
36445,1,7,1,7.211498986472618
36462,0,7,0,0.027779254476895294
36476,1,7,10,3.324267001331411
36487,1,7,4,0.3586790108976326
36497,1,7,4,0.3586790108976326
36499,1,7,4,0.3586790108976326
36517,1,7,6,15.75939027234843
36521,1,7,6,15.47790819007714
36524,1,7,4,0.3586790108976326
36537,1,7,6,15.396403354986157
36539,1,7,3,2.4230396823057783
36543,1,7,8,7.623879429119711
36548,1,7,10,21.230418221088897
36549,1,7,5,0.3586789934097332
36551,1,7,6,18.19285005611611
36584,1,7,8,14.969874888983615
36586,1,7,5,0.3586789934097332
36595,1,7,9,15.261384131060812
36667,1,7,9,7.408155265290924
36668,1,7,6,23.599917939929774
36689,1,7,9,24.03697777211199
36695,1,7,5,0.3586789934097332
36698,1,7,9,8.539585196380784
36704,1,7,6,14.01521455441802
36710,1,7,1,6.303529149569866
36722,1,7,8,21.985330872370653
36726,1,7,4,0.3586790108976326
36730,1,7,4,0.3586790108976326
36754,1,7,4,0.3586790108976326
36763,1,7,4,0.3586790108976326
36772,1,7,10,18.43449366482981
36802,1,7,10,16.658788303923075
36808,1,7,1,20.439292760792366
36826,1,7,5,0.3586789934097332
36828,1,7,10,18.003222345791016
36831,1,7,7,2.7963268616899977
36842,1,7,4,0.3586790108976326
36849,1,7,8,28.27558007222366
36856,1,7,8,16.61158650649169
36867,1,7,9,16.711190854928308
36876,1,7,8,24.582896856436133
36887,1,7,9,15.88402983251233
36901,1,7,10,13.127798232878545
36902,1,7,5,0.3586789934097332
36908,1,7,7,1.2557280193374216
36909,1,7,10,8.169959153891652
36924,1,7,8,20.46543143045531
36935,1,7,9,23.00948473427129
36948,1,7,9,21.66177864416329
36972,1,7,5,0.3586789934097332
36974,1,7,8,4.222787869983685
36983,1,7,1,12.174492169952964
36987,1,7,5,0.3586789934097332
36997,1,7,9,12.871093079484055
37004,1,7,10,5.28703014060607
37016,1,7,9,13.114420326701628
37050,1,7,1,23.255951991234035
37071,1,7,5,0.3586789934097332
37081,1,7,10,14.868982445639706
37089,1,7,9,25.795714895767354
37098,1,7,8,16.23729705688077
37107,1,7,8,28.01229307299649
37109,1,7,4,0.3586790108976326
37110,1,7,4,0.3586790108976326
37111,1,7,4,0.3586790108976326
37113,1,7,1,22.797630610720578
37137,1,7,3,2.204210366033605
37147,1,7,10,17.908931976306075
37154,1,7,9,17.14807060590971
37155,1,7,4,0.3586790108976326
37179,1,7,6,11.83745229714903
37184,1,7,1,15.991643481645974
37189,1,7,9,7.163575308588962
37191,1,7,5,0.3586789934097332
37192,1,7,9,12.193797548688984
37203,1,7,4,0.3586790108976326
37208,1,7,10,15.220963748993327
37217,0,7,0,0.02093717203426093
37238,1,7,6,21.28529168559699
37241,1,7,8,26.43917084795268
37246,1,7,10,6.271959863940126
37249,1,7,4,0.3586790108976326
37250,1,7,10,10.414037388821193
37261,1,7,6,14.303847327167336
37271,1,7,5,0.3586789934097332
37287,1,7,8,25.363067402239988
37288,1,7,8,11.685821073349409
37293,1,7,8,24.82403593830563
37301,1,7,9,10.919995641193292
37303,1,7,1,4.041934993946109
37309,1,7,6,18.052365092505497
37316,1,7,1,17.458402216367958
37331,1,7,1,3.586917006742144
37335,1,7,9,15.664201241205582
37362,1,7,8,11.768076790821782
37391,1,7,9,21.063073381310154
37395,1,7,3,2.267800434848917
37400,1,7,10,7.808745106418569
37405,1,7,8,28.11276016684924
37430,1,7,7,1.6798359368583804
37438,1,7,8,20.212795918584668
37439,1,7,8,10.730030003386375
37450,1,7,7,1.5182927823287526
37464,1,7,6,23.673518715729003
37476,1,7,1,18.63816117902339
37480,1,7,4,0.3586790108976326
37485,1,7,5,0.3586789934097332
37491,1,7,6,22.120600555049208
37493,1,7,9,25.467150002435996
37501,1,7,8,27.027265391504137
37519,1,7,9,23.574641688914493
37528,1,7,9,20.401116849808325
37529,1,7,10,8.939958293938215
37542,1,7,6,23.87968473984857
37555,1,7,9,8.799900226523336
37568,1,7,10,4.294593902917096
37586,1,7,5,0.3586789934097332
37588,1,7,8,21.815969554939738
37600,1,7,4,0.3586790108976326
37606,1,7,9,10.398951233157884
37616,1,7,5,0.3586789934097332
37618,1,7,10,21.248457496350248
37626,1,7,4,0.3586790108976326
37627,1,7,7,4.169498742512577
37638,1,7,5,0.3586789934097332
37655,1,7,5,0.3586789934097332
37667,1,7,5,0.3586789934097332
37674,1,7,6,22.96043191145703
37677,1,7,8,7.787943079895705
37714,1,7,6,20.10391002829761
37724,1,7,10,18.984195970144945
37726,1,7,2,4.730029404870473
37732,1,7,10,20.572541126900603
37737,1,7,4,0.3586790108976326
37742,1,7,8,23.41139849223684
37756,1,7,7,3.2057999632995546
37764,1,7,8,11.209246847310416
37765,1,7,8,24.277551742162267
37771,1,7,5,0.3586789934097332
37776,1,7,8,11.863854410116565
37785,1,7,3,1.9871705172051533
37799,1,7,6,18.15816016503435
37813,1,7,2,4.659583342392206
37822,1,7,4,0.358679009087165
37834,1,7,6,15.060274919430304
37835,1,7,4,0.3586790108976326
37838,1,7,5,0.3586789934097332
37862,1,7,9,9.504840441433084
37890,1,7,10,3.004021551409683
37893,1,7,5,0.3586789934097332
37907,1,7,2,4.377422770562505
37927,1,7,7,3.793176281516839
37953,1,7,1,3.876808864384466
37954,1,7,9,15.525898484849368
37956,1,7,5,0.3586789934097332
37996,1,7,9,4.356485281035451
38001,1,7,9,23.826166694702458
38002,1,7,9,26.378760384020435
38034,1,7,3,2.3268495638679325
38042,1,7,9,24.2187048273016
38045,1,7,8,20.051098968981417
38046,1,7,9,3.1065413047124846
38059,0,7,0,0.014061439725772696
38062,1,7,9,3.6018601080256487
38066,1,7,9,15.242634915266427
38083,1,7,8,8.65310868140577
38089,1,7,7,1.4877593289726951
38091,1,7,7,3.199747922588235
38093,1,7,5,0.3586789934097332
38120,1,7,6,14.72481228647311
38129,1,7,9,12.292687770113204
38132,1,7,9,16.214180216938214
38134,1,7,8,15.999993681805375
38149,1,7,5,0.3586789934097332
38154,1,7,10,7.845289756399796
38174,1,7,10,7.575158564995619
38193,1,7,3,0.6790768052712314
38199,1,7,4,0.3586790108976326
38220,1,7,8,14.330347602532864
38226,1,7,8,14.101985511228795
38234,1,7,1,18.131970786860407
38259,1,7,7,4.005601310508298
38268,1,7,5,0.3586789934097332
38270,1,7,4,0.3586790108976326
38299,1,7,9,15.17041242672192
38313,1,7,4,0.3586790108976326
38315,1,7,1,11.37660683833858
38327,1,7,4,0.3586790108976326
38337,1,7,6,13.686178028978865
38338,1,7,4,0.3586790108976326
38343,1,7,10,18.379906665619217
38374,1,7,4,0.3586790108976326
38384,1,7,9,9.319548967055496
38387,1,7,1,17.689981616004363
38395,1,7,2,5.477089234395383
38399,1,7,7,1.8073833875473393
38421,1,7,4,0.3586790108976326
38425,1,7,9,21.937963484093807
38428,1,7,8,2.785066652568797
38437,1,7,5,0.3586789934097332
38439,1,7,5,0.3586789934097332
38449,1,7,1,11.577246732684646
38459,1,7,6,12.359428305224883
38468,1,7,8,20.189909069841743
38469,1,7,6,4.361753973014716
38474,1,7,1,23.103541457959814
38480,1,7,1,8.59115252802554
38483,1,7,6,17.82985872361722
38503,0,7,0,0.022542857928164742
38510,1,7,1,19.08653709541365
38513,1,7,7,1.3100626619073705
38529,0,7,0,0.12096777241337471
38534,1,7,10,6.0757333775711055
38545,1,7,7,3.5536476054793753
38549,1,7,9,23.29929716883878
38581,1,7,8,15.399865292315814
38585,1,7,8,13.574393704409502
38611,1,7,10,11.377660088106634
38649,1,7,4,0.3586790108976326
38708,1,7,4,0.3586790108976326
38710,1,7,10,8.911289763425502
38712,1,7,5,0.3586789934097332
38717,1,7,8,25.829275203429926
38720,1,7,8,4.979961526625439
38721,1,7,6,9.978339848041447
38751,1,7,4,0.3586790108976326
38757,1,7,5,0.3586789934097332
38763,1,7,1,10.841781758486947
38790,1,7,5,0.3586789934097332
38810,1,7,8,12.817825447280672
38827,1,7,4,0.3586790108976326
38831,1,7,9,24.125354826725573
38841,1,7,7,2.145584769900752
38845,1,7,3,2.4311333455082123
38858,1,7,5,0.3586789934097332
38863,1,7,5,0.3586789934097332
38868,1,7,4,0.3586790108976326
38878,1,7,2,12.132197899488549
38917,0,7,0,0.032650641244959124
38918,1,7,9,21.97834818455616
38931,0,7,0,0.013610719716789597
38942,1,7,2,6.2513728875506285
38944,1,7,10,21.205364173018
38961,1,7,4,0.3586790108976326
38964,1,7,5,0.3586789934097332
38966,1,7,5,0.3586789934097332
38971,1,7,5,0.3586789934097332
38972,1,7,2,10.603328006771843
38982,1,7,2,11.874154093752477
39006,1,7,4,0.3586790108976326
39017,1,7,10,12.385334947419532
39027,1,7,10,5.024392728040047
39035,1,7,8,11.558563086807197
39039,1,7,4,0.3586790108976326
39047,0,7,0,0.016999551239969737
39053,0,7,0,0.014393565251885636
39060,1,7,5,0.3586789934097332
39070,1,7,3,2.338634896738135
39072,1,7,8,8.157114014256194
39074,1,7,5,0.3586789934097332
39096,1,7,9,9.765893492154937
39110,1,7,9,9.069207154954805
39125,1,7,4,0.3586790108976326
39127,1,7,7,4.006592666770641
39139,1,7,9,18.642750535126645
39155,1,7,4,0.3586790108976326
39161,1,7,6,14.206061292450253
39165,1,7,5,0.3586789934097332
39167,1,7,10,21.247338701144535
39177,1,7,9,21.498803433805133
39186,1,7,6,15.077724556405833
39194,1,7,10,10.603720748363552
39195,1,7,4,0.3586790108976326
39228,1,7,9,26.347903999536623
39250,0,7,0,0.026595302183440268
39258,0,7,0,0.014816167903054445
39260,1,7,9,26.047769085249595
39263,1,7,1,21.8348771443505
39268,1,7,1,7.78850031043318
39286,1,7,8,26.835756103033276
39289,1,7,7,3.8776303125842957
39324,1,7,9,26.215733123292893
39325,1,7,4,0.3586790108976326
39328,1,7,8,24.8162855307998
39332,1,7,8,7.8469686592283745
39341,1,7,5,0.3586789934097332
39345,1,7,5,0.3586789934097332
39363,1,7,8,17.140284383018976
39384,1,7,10,10.830780014185768
39396,1,7,4,0.3586790108976326
39422,1,7,7,1.326322512735323
39432,1,7,10,14.242320320556088
39441,1,7,8,25.522838175776585
39444,0,7,0,0.01813603432105808
39445,1,7,5,0.3586789934097332
39452,1,7,4,0.3586790108976326
39461,1,7,4,0.3586790108976326
39469,1,7,6,21.810218419865798
39472,1,7,5,0.3586789934097332
39476,1,7,10,8.46280801842297
39481,1,7,2,7.504073381093157
39487,1,7,6,23.5176402801472
39495,1,7,2,2.2555567987109706
39502,1,7,9,26.159725980484485
39511,1,7,2,4.566434723904251
39521,1,7,6,14.603683730844118
39536,1,7,10,8.200481739174817
39540,1,7,4,0.3586790108976326
39562,1,7,5,0.3586789934097332
39564,1,7,7,0.7010236851238286
39597,1,7,6,21.304157486079742
39610,1,7,10,21.172521561995683
39618,1,7,8,18.76129982698607
39619,1,7,9,24.021027581984615
39639,1,7,1,19.09586676219135
39641,1,7,6,23.367875698091343
39643,0,7,0,0.06711457785214528
39656,1,7,10,21.077812778927942
39662,1,7,9,18.107771135879638
39665,1,7,10,20.0956155553382
39666,0,7,0,0.017230238977217868
39667,1,7,6,19.163360684447373
39668,1,7,5,0.3586789934097332
39676,1,7,9,11.022405903155661
39683,1,7,8,5.5450757572372265
39692,1,7,8,23.004269759573543
39693,1,7,4,0.3586790108976326
39695,1,7,8,6.738534790997976
39696,1,7,5,0.3586789934097332
39707,1,7,1,7.797025997055424
39713,0,7,0,0.02595225910666072
39743,1,7,5,0.3586789934097332
39773,1,7,6,10.623031841760953
39780,1,7,9,19.624069891683543
39797,1,7,4,0.358679009087165
39806,1,7,1,4.855587172302227
39819,1,7,9,19.416634641484894
39827,1,7,5,0.3586789934097332
39888,1,7,7,1.243468200012445
39898,1,7,10,5.703275029753316
39923,1,7,4,0.3586790108976326
39930,1,7,5,0.3586789934097332
39942,1,7,9,26.33332504532419
39947,1,7,6,17.01399774783256
39953,1,7,9,9.460222087567317
39956,1,7,9,23.699533597010635
39959,1,7,5,0.3586789934097332
39961,1,7,5,0.3586789934097332
39966,1,7,9,10.416195040518613
39980,1,7,10,21.268356814075045
40002,1,7,3,1.3147538749412706
40011,1,7,8,25.657473978814224
40023,1,7,9,13.204330269859385
40056,1,7,9,4.4841017576036215
40084,1,7,6,19.76497823751473
40086,1,7,9,25.474298468245067
40087,0,7,0,0.018098935184125586
40091,1,7,5,0.3586789934097332
40095,1,7,8,10.28424971205503
40098,1,7,10,19.410800709653785
40106,1,7,4,0.3586790108976326
40116,1,7,9,22.368173968679393
40120,1,7,5,0.3586789934097332
40132,1,7,6,21.067526852303384
40149,1,7,6,21.977665408010026
40157,0,7,0,0.013717691590399757
40162,1,7,7,4.524047560391565
40169,1,7,10,12.402100049195726
40180,1,7,8,18.66566949685799
40182,1,7,9,23.12623945243721
40189,1,7,5,0.3586789934097332
40195,1,7,10,9.017795307335765
40224,1,7,8,17.896379835969412
40228,1,7,5,0.3586789934097332
40231,1,7,8,10.74987561390812
40233,1,7,1,10.647301046999655
40234,1,7,8,12.071708105886167
40238,1,7,5,0.3586789934097332
40247,1,7,1,22.288179034497333
40251,1,7,2,5.973077030592218
40258,1,7,9,5.961965596225045
40264,1,7,4,0.3586790108976326
40267,1,7,9,14.707833907556468
40276,1,7,5,0.3586789934097332
40291,1,7,6,21.528681141032553
40293,1,7,6,19.874379362865064
40340,1,7,5,0.3586789934097332
40343,1,7,5,0.3586789934097332
40364,1,7,4,0.3586790108976326
40371,1,7,5,0.3586789934097332
40373,1,7,6,16.444671871897846
40378,1,7,4,0.3586790108976326
40392,1,7,4,0.3586790108976326
40401,1,7,8,27.008590085989056
40403,1,7,10,18.981993832228003
40415,1,7,9,13.221474087407705
40416,0,7,0,0.011771742776802709
40419,1,7,9,21.680125703789923
40427,1,7,8,10.446607567802733
40435,1,7,8,14.811774328698455
40453,1,7,8,18.432509067406716
40454,1,7,5,0.3586789934097332
40458,1,7,7,3.506424196153774
40462,1,7,10,14.519324239541081
40469,0,7,0,0.015074641067995545
40486,1,7,9,12.96363198609954
40491,1,7,9,13.532768170287488
40492,1,7,8,25.74323416899076
40496,1,7,8,9.982965618682723
40540,1,7,10,17.145996807391935
40544,1,7,5,0.3586789934097332
40565,1,7,9,10.15924045279137
40585,1,7,6,17.0662386750303
40587,1,7,8,14.906846653644525
40614,1,7,5,0.3586789934097332
40626,1,7,3,2.3554383522947147
40633,1,7,8,21.599248303900378
40634,1,7,8,8.75907314256979
40642,0,7,0,0.013682375107321825
40647,1,7,7,4.499422832291722
40676,1,7,7,3.9081689983393044
40685,1,7,2,8.160281709409034
40690,1,7,5,0.3586789934097332
40696,1,7,9,10.475179180000355
40715,1,7,8,9.603267427007482
40722,1,7,5,0.3586789934097332
40723,1,7,3,2.3569977454915647
40736,1,7,9,23.613374869633986
40741,1,7,7,1.9505953093209576
40742,1,7,4,0.3586790108976326
40757,1,7,5,0.3586789949470627
40761,1,7,5,0.3586789949470627
40762,1,7,4,0.3586790108976326
40764,1,7,8,8.492178731492203
40769,1,7,6,14.916123511692467
40774,1,7,5,0.3586789934097332
40784,0,7,0,0.014033415179358657
40791,1,7,8,11.18055966310486
40793,0,7,0,0.013098679319108773
40871,1,7,6,17.803321616767853
40879,1,7,10,12.233006194532143
40880,1,7,5,0.3586789934097332
40883,1,7,5,0.3586789934097332
40886,1,7,5,0.3586789934097332
40892,1,7,8,18.870885189398358
40896,1,7,10,16.412731901699274
40907,1,7,5,0.3586789934097332
40914,1,7,8,24.047947745794836
40921,1,7,8,19.726742784056437
40923,1,7,8,22.54537760655525
40929,1,7,5,0.3586789934097332
40940,1,7,4,0.3586790108976326
40962,1,7,6,8.593777973318126
40974,1,7,9,6.360847117647447
40985,1,7,3,1.8669647424286446
41003,1,7,10,7.445538703468327
41024,1,7,4,0.3586790108976326
41031,1,7,6,6.62059315022103
41052,1,7,9,7.717820456619529
41057,1,7,10,20.916652506122162
41062,1,7,6,17.385994072477885
41087,1,7,6,13.508219921151603
41088,1,7,5,0.3586789949470627
41098,1,7,5,0.3586789949470627
41099,0,7,0,0.020106194577306818
41102,1,7,2,4.855742293331723
41115,1,7,10,7.945706726285539
41119,1,7,4,0.3586790108976326
41128,1,7,1,21.376344157785113
41136,1,7,8,20.88485858315327
41138,1,7,5,0.3586789934097332
41143,1,7,8,9.992859757746244
41144,1,7,8,28.11984300199336
41148,1,7,10,18.381672789442593
41158,1,7,1,17.63677863784052
41160,1,7,6,8.511023320619227
41212,0,7,0,0.023874203639264742
41225,1,7,5,0.3586789934097332
41242,1,7,9,14.176699605446288
41244,1,7,9,17.011462820873284
41246,1,7,9,2.30612506576149
41252,1,7,8,15.47040402370279
41260,1,7,10,8.456137083292479
41275,1,7,6,8.804340195394309
41292,1,7,1,21.32860840504615
41298,1,7,5,0.3586789934097332
41306,1,7,4,0.3586790108976326
41348,1,7,6,6.838444694078612
41355,1,7,4,0.3586790108976326
41360,1,7,7,1.0201271857315557
41371,1,7,10,20.01281820089362
41374,1,7,7,2.5598195842889684
41375,1,7,6,23.860861514872035
41378,1,7,8,9.237382840205482
41385,1,7,2,6.567691041347735
41392,1,7,5,0.3586789949470627
41400,1,7,8,26.07864297205857
41404,1,7,6,14.218599075844395
41414,1,7,4,0.3586790108976326
41418,1,7,5,0.3586789934097332
41431,1,7,9,10.696859983547867
41439,1,7,4,0.3586790108976326
41484,1,7,9,15.270837847500008
41489,1,7,9,20.58500072785255
41504,1,7,5,0.3586789934097332
41524,1,7,9,18.832225623677292
41525,1,7,3,2.387109157989072
41592,1,7,6,15.032577605042182
41612,1,7,2,7.8633707249567255
41629,1,7,8,3.508151379028555
41631,1,7,2,12.658258332868346
41633,1,7,6,17.872622625970518
41636,1,7,8,12.230828835736117
41640,1,7,7,3.7340298659026585
41658,1,7,3,1.51033488673216
41667,1,7,9,15.925425382093868
41668,1,7,5,0.3586789934097332
41675,1,7,5,0.3586789934097332
41705,1,7,10,4.823268556252016
41714,1,7,9,23.46732393374615
41715,1,7,5,0.3586789934097332
41717,1,7,6,15.752342862394396
41731,1,7,6,16.44542918294699
41734,1,7,8,4.774687306584994
41758,1,7,1,21.51371059014237
41760,1,7,8,19.360494719727562
41768,1,7,3,2.3846960600162896
41794,0,7,0,0.04455568689712456
41795,0,7,0,0.027725825165384244
41810,1,7,1,4.658711952716357
41812,1,7,7,0.9113975043513292
41832,1,7,9,22.497720873137983
41835,1,7,1,4.739211733935518
41838,1,7,8,24.038105070034987
41853,1,7,4,0.3586790108976326
41857,1,7,3,2.071883632306913
41883,1,7,10,15.236280254495197
41902,1,7,10,20.90816890228158
41908,1,7,5,0.3586789934097332
41937,1,7,3,0.945540598705505
41946,1,7,10,20.872408065006347
41953,0,7,0,0.012083986315484737
41965,1,7,6,19.429321856351148
41970,1,7,7,2.183920351959254
41975,1,7,1,21.539141240666186
41980,1,7,6,10.135247215850038
41996,1,7,7,3.9091473957584313
42007,1,7,10,3.776388483174001
42013,1,7,6,11.576748947111899
42034,1,7,4,0.3586790108976326
42039,1,7,8,16.474348925795603
42043,1,7,6,20.294201046958587
42051,1,7,6,10.125918207900478
42058,1,7,5,0.3586789934097332
42060,1,7,8,12.824794465036419
42061,1,7,3,2.329263873389942
42062,1,7,9,19.105853907860254
42070,1,7,4,0.3586790108976326
42085,1,7,6,15.545792337797579
42090,1,7,3,2.062162132581036
42092,1,7,10,14.642437883798719
42100,1,7,8,13.821035927893622
42115,1,7,5,0.3586789934097332
42119,1,7,9,23.5746602606995
42136,1,7,3,2.2307618027781633
42138,1,7,10,8.706174304743472
42152,1,7,6,22.753180458885172
42159,1,7,4,0.3586790108976326
42161,1,7,1,18.044809886677907
42163,0,7,0,0.01887567827070768
42178,1,7,7,1.8832281037410235
42188,1,7,1,9.700869242007554
42193,1,7,6,11.575287181193149
42207,1,7,8,14.587078776286905
42211,1,7,8,18.04646503468091
42227,1,7,10,18.59312760020067
42228,1,7,4,0.3586790108976326
42230,1,7,8,23.39054377050478
42233,1,7,3,1.863068644061887
42237,1,7,3,2.4699949566870174
42245,1,7,4,0.3586790108976326
42247,1,7,3,2.3550266668769146
42260,1,7,1,13.598463597291742
42263,1,7,5,0.3586789934097332
42267,1,7,5,0.3586789934097332
42286,1,7,9,5.07494722750413
42300,1,7,6,21.28528976435862
42316,1,7,10,7.726567850701275
42341,1,7,2,4.511631389623455
42342,1,7,9,24.41690642093337
42352,0,7,0,0.026520771503625952
42356,1,7,7,0.8351808171535037
42378,1,7,7,0.9466592633172215
42393,1,7,1,20.15750873117134
42402,1,7,9,14.236907528691198
42404,1,7,6,6.833869047114682
42406,1,7,4,0.3586790108976326
42412,1,7,9,16.336118020164275
42415,1,7,9,23.949523793308742
42417,1,7,8,11.5670006616396
42418,1,7,8,25.579981395544955
42420,1,7,9,16.27589977647753
42442,1,7,5,0.3586789934097332
42453,1,7,9,23.29512910351893
42468,1,7,1,11.272752827039039
42482,1,7,8,14.480993130838293
42499,0,7,0,0.07273625104163339
42507,1,7,6,23.116884247625332
42519,1,7,1,12.817841959122207
42526,1,7,8,14.062227788395447
42527,1,7,5,0.3586789934097332
42563,1,7,10,8.92313375268828
42573,1,7,2,11.357745480302505
42578,1,7,9,24.782322893762643
42584,1,7,4,0.3586790108976326
42610,1,7,5,0.3586789934097332
42613,1,7,4,0.3586790108976326
42631,1,7,5,0.3586789934097332
42635,1,7,6,8.455801536472075
42641,1,7,1,3.9556217416299124
42643,0,7,0,0.018039602216244476
42655,1,7,9,8.87460751293489
42673,1,7,8,24.05130548752597
42679,1,7,4,0.358679009087165
42689,1,7,8,24.582241234901517
42712,0,7,0,0.01612074998957516
42740,1,7,5,0.3586789934097332
42743,1,7,5,0.3586789934097332
42747,1,7,10,19.268534271885482
42751,1,7,10,18.130789856750713
42759,1,7,4,0.3586790108976326
42770,1,7,6,22.685406117938058
42775,1,7,5,0.3586789934097332
42781,1,7,3,1.7411513740384474
42802,1,7,6,7.1451904119476595
42807,1,7,6,21.435453778492654
42826,1,7,10,12.378048743985813
42827,1,7,8,4.758359356579525
42830,1,7,3,1.3594456823488326
42856,1,7,9,12.103684169759857
42880,1,7,9,23.969049249016404
42893,0,7,0,0.016889085213630414
42903,1,7,5,0.3586789934097332
42914,1,7,9,13.711317860084298
42918,1,7,1,16.4220636311032
42952,1,7,6,11.145543025173186
42964,1,7,9,18.290650506175485
42966,1,7,6,13.06217057029928
42979,1,7,9,16.851387807543965
42983,1,7,8,13.63874562066467
42986,1,7,8,28.227794624046556
42990,1,7,10,11.388750024890777
43005,1,7,8,23.496213954237852
43008,1,7,4,0.3586790108976326
43019,1,7,6,21.282978292074333
43027,1,7,9,3.035894349746358
43033,1,7,10,21.25724003301707
43036,1,7,6,17.321630092448736
43046,1,7,9,20.80449675140922
43047,1,7,9,17.091676649651355
43060,1,7,5,0.3586789934097332
43082,1,7,9,21.66584074533873
43097,1,7,8,15.897675519871388
43129,1,7,5,0.3586789934097332
43140,1,7,8,13.893710813506292
43145,1,7,6,18.605723126909123
43148,1,7,1,19.31302829221484
43151,1,7,9,9.88366245805674
43168,1,7,8,14.268946885637996
43170,1,7,6,12.31675080813594
43176,1,7,6,23.736261336117337
43181,1,7,4,0.3586790108976326
43182,1,7,5,0.3586789934097332
43193,1,7,5,0.3586789934097332
43195,1,7,10,8.568084626725742
43196,1,7,7,4.3438941979813945
43208,1,7,8,19.658084737071782
43209,0,7,0,0.026899477044520722
43256,0,7,0,0.011461430918357817
43258,1,7,1,12.2114725458161
43272,1,7,6,14.420480308714787
43283,1,7,1,20.76383860580584
43292,1,7,8,28.43520686157146
43302,1,7,8,17.118836039579413
43310,1,7,8,23.27739103261249
43312,1,7,8,11.69526309316798
43316,1,7,4,0.358679009087165
43332,1,7,8,8.131698857530846
43339,1,7,10,10.676344514119796
43340,0,7,0,0.02759295973557556
43342,1,7,5,0.3586789934097332
43343,1,7,6,13.500904548306378
43347,1,7,4,0.3586790108976326
43351,1,7,9,11.648556080351204
43374,1,7,4,0.3586790108976326
43376,1,7,4,0.3586790108976326
43377,1,7,9,14.639663046648622
43385,1,7,3,0.6380816304899595
43386,1,7,8,14.447631309037245
43397,1,7,3,1.7585209329742386
43417,1,7,9,26.38910841734066
43421,1,7,9,13.69753100601696
43424,1,7,9,14.630007761574522
43436,1,7,9,25.358915875690467
43457,1,7,2,12.095624461571424
43460,0,7,0,0.011753619237307732
43465,1,7,5,0.3586789934097332
43473,1,7,5,0.3586789934097332
43475,1,7,4,0.3586790108976326
43477,1,7,10,11.374078649140934
43488,1,7,7,1.2272543956142
43496,1,7,4,0.3586790108976326
43500,1,7,6,14.576322029976287
43536,1,7,5,0.3586789934097332
43544,1,7,8,6.0320785355666935
43550,1,7,7,3.752114599351661
43573,1,7,3,1.7561332855912342
43576,1,7,9,18.24697322276282
43580,1,7,8,14.776531429594044
43581,1,7,9,16.10546103028113
43605,1,7,6,5.421875754145141
43607,1,7,8,8.007890247356391
43617,1,7,6,5.87070001641326
43621,1,7,5,0.3586789934097332
43639,1,7,8,13.033586748900483
43649,1,7,9,23.26517390284763
43676,1,7,10,7.843500998911034
43680,1,7,3,2.1938058435478776
43708,1,7,9,19.774813141765645
43720,1,7,5,0.3586789934097332
43728,1,7,6,13.39238913821387
43731,1,7,10,7.077875639205788
43775,1,7,7,1.00582859666877
43784,1,7,2,7.8960163997917
43786,1,7,8,10.08929014195606
43795,1,7,8,13.534264064058691
43800,1,7,7,2.3991614902379452
43804,1,7,7,4.0356146469063034
43820,1,7,8,4.196226783233567
43826,1,7,8,20.332171357747786
43832,1,7,9,25.804937093461305
43842,1,7,5,0.3586789934097332
43843,1,7,4,0.3586790108976326
43851,1,7,3,2.093110294674072
43856,1,7,9,24.57135781349088
43859,1,7,6,12.46992208956926
43877,1,7,4,0.3586790108976326
43889,1,7,4,0.3586790108976326
43899,1,7,8,15.151896927135661
43906,1,7,6,16.9127653126868
43907,1,7,8,8.426556129775605
43918,1,7,8,26.819377091571
43923,1,7,5,0.3586789934097332
43945,1,7,1,19.654952029400988
43948,1,7,5,0.3586789934097332
43957,1,7,4,0.3586790108976326
43960,1,7,10,18.249709278260955
43963,1,7,4,0.3586790108976326
43964,1,7,4,0.3586790108976326
43966,1,7,8,23.401099148918956
43967,1,7,10,8.892840711074989
43968,1,7,6,22.59424957828499
43980,1,7,10,17.02520712868496
43985,1,7,9,24.75748527855806
43986,1,7,5,0.3586789934097332
43995,1,7,8,16.56988561772656
44000,1,7,9,15.359129231528446
44007,1,7,9,16.75756277373838
44014,1,7,9,17.10793277809131
44016,1,7,8,21.28877514759259
44026,1,7,7,3.1736426412758116
44032,1,7,9,9.723381759141656
44055,1,7,10,15.68709734565477
44073,1,7,4,0.3586790108976326
44075,1,7,8,18.65118215527628
44084,1,7,5,0.3586789934097332
44108,1,7,10,5.589440459938916
44114,1,7,4,0.3586790108976326
44146,1,7,7,4.539112608854071
44169,1,7,8,7.41774798295061
44177,1,7,2,9.642189347205035
44179,1,7,10,7.0699258933541875
44185,1,7,3,2.18078695120403
44208,1,7,1,4.182698801566683
44217,1,7,1,11.225475591269728
44221,1,7,4,1.5623688155974853
44222,1,7,9,13.872019259163103
44229,1,7,8,18.388564938179645
44241,1,7,1,22.967843024350675
44244,1,7,5,0.3586789934097332
44260,1,7,4,0.3586790108976326
44263,1,7,2,9.344082438996992
44268,1,7,6,21.98061571094686
44272,1,7,9,21.94925127969997
44288,1,7,10,17.03672426700926
44318,1,7,6,14.28850082677617
44326,1,7,1,7.093983648249201
44337,1,7,6,13.791454239798908
44341,1,7,5,0.3586789934097332
44347,1,7,2,1.620141711183597
44350,0,7,0,0.023477306487313266
44375,1,7,10,7.1457450746413285
44382,1,7,3,1.8538561613413667
44383,1,7,5,0.3586789934097332
44385,1,7,8,12.113944492203943
44391,1,7,9,15.646398715044793
44396,1,7,6,23.197934051279127
44401,1,7,5,0.3586789934097332
44402,1,7,1,5.331241974364912
44406,1,7,8,13.009272353514623
44409,1,7,9,26.02090133154685
44440,1,7,10,10.963671807169135
44469,1,7,5,0.3586789934097332
44472,1,7,4,0.3586790108976326
44474,1,7,8,19.693953321936807
44491,1,7,9,16.30825875714872
44508,1,7,9,20.51323622661646
44514,1,7,8,19.118769332918877
44518,1,7,4,0.3586790108976326
44552,1,7,2,7.884014877122739
44553,1,7,1,12.551736931726968
44560,1,7,1,17.94023965900023
44569,1,7,6,16.160793287146884
44578,1,7,9,21.781951154156083
44599,1,7,6,24.05775792900739
44605,1,7,8,5.672899802016386
44621,1,7,10,10.515017581467347
44624,1,7,1,22.794400502551852
44629,1,7,4,0.3586790108976326
44635,1,7,8,11.996311832423562
44645,1,7,9,2.900530843073878
44646,1,7,4,0.3586790108976326
44651,1,7,4,0.3586790108976326
44656,1,7,4,0.3586790108976326
44675,1,7,8,14.996476998579592
44689,1,7,4,0.3586790108976326
44705,1,7,1,16.04905775131075
44728,1,7,1,16.417542044593734
44743,1,7,3,1.5746952207348732
44753,1,7,9,24.065206496249978
44762,1,7,9,13.108407531433391
44776,1,7,5,0.3586789934097332
44778,1,7,10,15.721180992730504
44785,1,7,2,13.214051956816762
44787,1,7,8,19.489411299688015
44791,1,7,4,0.3586790108976326
44794,1,7,6,14.722051890647403
44820,1,7,2,4.738826006480795
44828,1,7,4,0.3586790108976326
44856,1,7,6,8.483958908970532
44858,1,7,9,22.424204771266545
44859,1,7,5,0.3586789934097332
44881,1,7,9,22.400089934781047
44920,1,7,6,14.085664125300413
44924,1,7,7,4.2281523427820025
44939,0,7,0,0.036298166236867886
44945,0,7,0,0.025869386087828208
44957,1,7,8,8.587381076448393
44960,1,7,6,20.649790919536787
44966,1,7,5,0.3586789934097332
44976,1,7,6,19.14481765089771
44979,1,7,1,18.04048018382985
44983,1,7,7,3.7999814095638014
44989,1,7,10,9.698509108893893
44993,1,7,5,0.3586789934097332
44998,1,7,9,5.573159816614563
45001,1,7,7,2.5197908598854366
45023,0,7,0,0.020039791504324344
45029,1,7,5,0.3586789934097332
45032,1,7,9,7.775376977055805
45038,1,7,8,16.727341495957585
45049,1,7,6,15.214325902463338
45064,1,7,9,17.7878035131837
45066,1,7,3,2.3351540153900006
45090,1,7,4,0.3586790108976326
45106,1,7,10,14.111082640711919
45111,1,7,5,0.3586789934097332
45112,1,7,9,26.36057427829326
45113,1,7,2,13.843702752454751
45133,1,7,6,12.835737746462296
45135,1,7,9,16.440397015934188
45137,1,7,6,10.812904187268845
45143,1,7,5,0.3586789934097332
45148,1,7,7,2.5119383510461
45158,1,7,9,11.336818656939663
45159,1,7,8,25.35167840602754
45161,1,7,9,12.072744449397709
45162,1,7,9,13.234532854614196
45174,0,7,0,0.01154029403101903
45175,1,7,9,22.515332188087992
45176,1,7,9,13.253784178090836
45195,1,7,5,0.3586789934097332
45199,1,7,7,1.839034410905135
45212,1,7,10,20.710425033791186
45218,1,7,5,0.3586789934097332
45226,1,7,1,19.51573641541191
45254,1,7,4,0.3586790108976326
45256,1,7,6,22.859265773868454
45258,1,7,9,18.39647340552726
45265,1,7,7,4.301110689722982
45286,1,7,5,0.3586789934097332
45297,1,7,7,1.7526318003207986
45298,1,7,9,21.001768199930478
45304,1,7,10,14.595031296925676
45314,1,7,8,25.761395501092583
45329,1,7,6,16.308527685917078
45356,1,7,9,23.191173941404223
45377,1,7,9,3.2713863822455274
45378,1,7,9,9.767158840394824
45393,1,7,7,4.267702233301197
45396,1,7,6,12.666692973276758
45399,1,7,9,8.590448663538327
45411,1,7,5,0.3586789934097332
45424,1,7,5,0.3586789934097332
45436,1,7,8,18.158912053114317
45446,1,7,9,14.56853401600957
45454,1,7,10,10.251607887808973
45455,1,7,9,24.102145557929898
45461,1,7,8,2.7165205144858513
45508,1,7,7,4.28939496785339
45521,1,7,2,7.165837815960688
45534,0,7,0,0.033864765635108034
45547,1,7,9,18.456744807099074
45562,1,7,6,8.913893950995666
45570,1,7,9,22.985857487513375
45598,1,7,1,18.250125467749985
45600,1,7,8,26.24015091471771
45611,1,7,9,11.054778261269675
45618,1,7,8,23.969423994351935
45628,1,7,10,15.82550022333873
45630,1,7,4,0.3586790108976326
45633,0,7,0,0.014543587239737
45643,1,7,6,14.472913837705526
45646,0,7,0,0.018618082481252757
45682,1,7,9,21.697436984730576
45686,1,7,5,0.3586789934097332
45695,1,7,5,0.3586789934097332
45697,1,7,6,9.611811145111979
45709,1,7,5,0.3586789934097332
45716,1,7,5,0.3586789934097332
45743,1,7,9,25.607512043797204
45749,1,7,10,11.420631743449682
45752,1,7,8,13.601271650623156
45756,1,7,5,0.3586789949470627
45778,1,7,9,24.0792187844558
45783,1,7,9,9.614172221840692
45785,1,7,9,25.836562917062473
45801,1,7,4,0.3586790108976326
45802,1,7,5,0.3586789934097332
45828,1,7,5,0.3586789934097332
45839,1,7,9,11.264655663365435
45841,1,7,5,0.3586789934097332
45855,1,7,8,16.073274330965344
45863,1,7,6,15.139112499610404
45887,1,7,7,2.115065784318603
45891,1,7,10,10.080182828436236
45897,1,7,4,0.3586790108976326
45898,1,7,6,22.97771121373622
45920,0,7,0,0.012855270453667075
45930,1,7,4,0.3586790108976326
45954,1,7,9,24.311725589918534
45964,1,7,3,2.053977176302694
45980,1,7,2,4.690511173501149
45994,1,7,10,4.067427105622936
45995,1,7,4,0.3586790108976326
46004,1,7,7,4.3756136911218295
46007,1,7,6,13.824511265251454
46031,1,7,4,0.3586790108976326
46056,1,7,1,16.404990861010912
46065,1,7,5,0.3586789934097332
46078,1,7,5,0.3586789934097332
46101,0,7,0,0.021883921231692107
46106,1,7,7,0.3617382347600536
46113,1,7,4,0.3586790108976326
46115,1,7,1,10.940100357668689
46125,1,7,8,24.577973600656417
46136,1,7,9,3.555664105382578
46141,1,7,3,2.3478781936633215
46154,1,7,2,11.151556398029475
46155,1,7,8,28.5051855840524
46158,1,7,4,0.3586790108976326
46167,1,7,8,4.398233013806075
46178,1,7,8,16.355571226461493
46192,1,7,7,2.653971470900957
46206,1,7,7,4.296005006572304
46207,1,7,9,19.558362661660965
46209,1,7,4,0.3586790108976326
46227,1,7,8,10.340461172783685
46231,0,7,0,0.01768737693985876
46234,1,7,9,12.390309060911997
46245,1,7,4,0.3586790108976326
46251,1,7,6,21.794914734847143
46252,1,7,8,5.683930810132609
46282,1,7,7,2.879269666517077
46286,1,7,5,0.3586789934097332
46295,1,7,5,0.3586789934097332
46310,1,7,9,21.095470748083976
46316,1,7,5,0.3586789934097332
46319,1,7,9,5.240987605371586
46326,1,7,10,14.702533530689292
46331,1,7,1,12.86068204777995
46333,1,7,8,6.789384529486817
46345,1,7,9,8.395966115438055
46363,1,7,6,23.76215658503851
46366,1,7,7,3.4536341871776397
46388,1,7,5,0.3586789934097332
46394,1,7,8,11.882051664142143
46398,1,7,1,6.496773189433982
46400,1,7,10,16.414107953733723
46404,1,7,4,0.3586790108976326
46406,1,7,6,5.381341419619012
46407,1,7,4,0.3586790108976326
46411,1,7,6,12.02191161590467
46413,1,7,6,23.381435464101305
46417,1,7,10,11.784056359629856
46422,1,7,4,0.3586790108976326
46435,1,7,8,18.74458356237942
46464,1,7,7,3.4419020708195522
46472,1,7,8,19.57984517753802
46501,1,7,4,0.3586790108976326
46516,1,7,6,9.926869386327553
46530,1,7,8,13.961397168528784
46538,1,7,4,0.3586790108976326
46539,1,7,8,27.961914159091922
46544,1,7,3,1.5416811182783765
46560,1,7,2,2.4387839878379776
46574,1,7,8,21.22790556993092
46595,1,7,8,9.81426863384361
46602,1,7,4,0.3586790108976326
46606,1,7,3,1.8255358399130894
46607,1,7,1,18.237216601951932
46619,1,7,7,2.448495550072418
46621,1,7,8,24.553880698900098
46622,1,7,10,21.226352114056052
46641,0,7,0,0.016600251898920445
46658,1,7,4,0.3586790108976326
46667,1,7,6,16.36350959494784
46675,1,7,3,2.3308049100631667
46676,1,7,9,25.442689290361425
46681,1,7,7,1.2311821456056784
46710,1,7,7,1.0698656870895986
46716,1,7,8,9.438305887569385
46724,1,7,7,4.594777578367356
46748,1,7,8,16.962393928089657
46751,1,7,5,0.3586789934097332
46752,1,7,4,0.3586790108976326
46763,1,7,6,15.76522871464604
46766,1,7,1,4.521084078152682
46794,1,7,5,0.3586789934097332
46811,1,7,5,0.3586789934097332
46817,1,7,2,7.992959303690136
46821,1,7,8,8.27586573880008
46829,1,7,9,19.368043974691894
46833,1,7,10,4.926991417957824
46837,0,7,0,0.03162647807902982
46842,1,7,2,12.434987084925615
46852,1,7,7,4.014177805183949
46857,1,7,6,6.531239936936592
46860,1,7,7,0.9229739012065546
46881,1,7,9,25.59290070226147
46883,1,7,10,17.853236311207723
46890,1,7,9,16.263863452034226
46907,1,7,9,24.068202060904564
46916,1,7,6,14.954379722216611
46924,1,7,8,26.306729898540773
46933,1,7,7,4.22857924108798
46939,1,7,3,2.3478217909937
46973,1,7,9,25.5447815242617
46977,1,7,6,15.40391835786146
46984,1,7,10,14.056543083556699
46991,1,7,4,0.358679009087165
47004,1,7,8,28.49579980949103
47009,1,7,7,0.9201436312466754
47053,1,7,3,1.2147710514657233
47085,1,7,6,19.433832192752885
47086,1,7,6,22.33544478670952
47107,1,7,5,0.3586789934097332
47110,1,7,3,1.6991550421191322
47120,1,7,5,0.3586789934097332
47135,1,7,5,0.3586789934097332
47154,1,7,6,11.10279322049047
47161,1,7,4,0.3586790108976326
47171,1,7,9,16.48005940927976
47210,1,7,8,2.535327801886503
47213,1,7,1,17.886261530297258
47218,1,7,9,12.213114439176161
47228,0,7,0,0.02929245294931835
47233,1,7,8,18.190122544263364
47244,1,7,8,12.053811651203517
47246,1,7,4,0.3586790108976326
47255,1,7,5,0.3586789934097332
47262,1,7,5,0.3586789934097332
47263,1,7,4,0.3586790108976326
47267,1,7,1,11.478547986666815
47273,1,7,7,2.5731854685914373
47275,0,7,0,0.2535345773989908
47278,1,7,10,17.85698736168908
47293,1,7,4,0.3586790108976326
47299,1,7,10,8.226949596498219
47320,1,7,6,5.41780514514246
47322,1,7,6,11.191991823886221
47330,1,7,10,9.732584295577116
47355,1,7,4,0.358679009087165
47359,1,7,10,12.376585061549692
47426,1,7,7,2.226181303493547
47449,1,7,9,25.627806696112952
47457,1,7,9,7.470126204163401
47480,1,7,6,8.231134477993939
47498,1,7,8,9.60680700774474
47506,1,7,10,8.854084228899644
47522,1,7,4,0.3586790108976326
47527,1,7,5,0.3586789934097332
47529,1,7,4,0.3586790108976326
47550,1,7,6,10.445030198820625
47566,1,7,5,0.3586789934097332
47583,1,7,10,7.3381907792429395
47596,1,7,8,23.16447329153352
47629,1,7,6,5.329639065915696
47643,1,7,5,0.3586789934097332
47652,0,7,0,0.018229233176563796
47653,1,7,8,18.39883321350282
47664,1,7,1,13.116888839317838
47684,0,7,0,0.20005207622155233
47685,1,7,6,11.863724875788563
47693,1,7,8,5.595730235269922
47695,1,7,9,11.193280331835403
47702,1,7,4,0.3586790108976326
47718,1,7,10,13.654262660136132
47720,1,7,9,23.70574005891986
47740,1,7,8,24.816207806976056
47748,1,7,9,4.4127754547135645
47756,1,7,9,20.77316963949616
47757,1,7,5,0.3586789934097332
47767,1,7,3,2.3556496062717227
47772,1,7,9,25.99474555820813
47773,1,7,4,0.358679009087165
47778,1,7,4,0.3586790108976326
47797,1,7,4,0.3586790108976326
47821,1,7,8,24.063446035609186
47843,1,7,7,4.002547801695316
47869,1,7,7,4.349706506770859
47872,1,7,5,0.3586789934097332
47879,1,7,6,12.635926580704703
47880,1,7,4,0.3586790108976326
47908,1,7,6,14.659980994021925
47940,1,7,6,23.866403320955314
47941,1,7,9,8.44334079747716
47956,1,7,7,2.0524653719517705
47968,1,7,10,17.74236088374096
47973,1,7,6,20.622238786930737
47977,1,7,6,14.6839242206818
47988,1,7,8,24.073346616410568
48007,1,7,5,0.3586789934097332
48034,1,7,10,7.3801461997660365
48048,1,7,8,13.110298025239366
48065,1,7,6,6.241076347959856
48091,1,7,6,14.952361623886974
48097,1,7,6,21.424665937503832
48105,1,7,8,16.69625026034141
48109,1,7,7,3.0812571258356343
48112,1,7,7,2.7756890194128494
48122,0,7,0,0.023052311296949447
48125,1,7,8,28.480541293186704
48134,1,7,4,0.3586790108976326
48141,1,7,10,8.926876807143447
48142,1,7,10,15.738359886174695
48153,1,7,1,15.914706375480556
48155,1,7,4,0.358679009087165
48158,1,7,4,0.3586790108976326
48159,1,7,9,16.72418019430502
48197,1,7,10,14.191600534350751
48220,1,7,5,0.3586789934097332
48233,1,7,9,25.501585110258766
48244,0,7,0,0.017442916653485196
48249,1,7,8,18.59748284145791
48251,1,7,6,12.800655874348582
48267,1,7,3,2.087629409192177
48282,1,7,5,0.3586789934097332
48283,1,7,1,18.01819024528356
48288,1,7,10,8.716762898062697
48292,1,7,6,11.283222458561745
48302,1,7,8,14.112637500424412
48305,1,7,6,7.916025644657998
48320,1,7,4,0.3586790108976326
48321,1,7,5,0.3586789934097332
48331,1,7,6,23.146157263106527
48342,1,7,10,10.82567178156048
48348,1,7,4,0.3586790108976326
48363,1,7,8,21.291952420844385
48372,1,7,8,20.617125326687333
48375,1,7,6,24.074906437096598
48377,1,7,10,11.244564109971801
48384,1,7,4,0.3586790108976326
48391,1,7,10,16.010752332687677
48396,1,7,6,11.275712877521658
48407,1,7,6,7.4728861495294145
48408,1,7,6,23.520018597929436
48411,1,7,5,0.3586789934097332
48456,0,7,0,0.02382512317249628
48473,1,7,5,0.3586789949470627
48484,1,7,6,16.973731951327025
48488,1,7,10,7.9372384747225055
48491,1,7,1,18.192958079564868
48497,1,7,6,14.08223787031114
48499,1,7,4,0.3586790108976326
48504,1,7,3,2.377314875338409
48519,1,7,6,23.866613443151017
48528,1,7,6,22.40189137078925
48542,1,7,10,12.33586652155372
48551,1,7,4,0.3586790108976326
48561,1,7,1,16.351909812297762
48568,1,7,9,21.820310150479216
48572,1,7,4,0.3586790108976326
48581,1,7,7,2.286660776894146
48586,1,7,9,25.8375374118702
48616,1,7,3,2.4379039822485633
48623,1,7,6,13.789365753996103
48641,1,7,10,15.75060031933985
48647,1,7,9,19.834715149809956
48648,1,7,8,12.126573214863699
48664,0,7,0,0.016230074036590533
48665,1,7,9,16.647089526807306
48674,1,7,5,0.3586789934097332
48675,1,7,7,3.119305611748753
48676,1,7,4,0.3586790108976326
48680,1,7,6,4.91266352296515
48690,1,7,8,19.628109256790477
48707,1,7,10,20.337629647728146
48713,1,7,9,13.316116907535598
48724,1,7,6,8.842752412747554
48731,1,7,6,12.059736144755545
48741,1,7,10,8.516321375676023
48747,1,7,9,11.279353142111676
48753,1,7,2,6.509164543942068
48759,1,7,1,15.264026852816574
48762,1,7,6,6.258381883829284
48763,1,7,4,0.3586790108976326
48768,1,7,9,23.69854577759814
48779,1,7,8,12.310463465276976
48780,0,7,0,0.018772849178917427
48787,1,7,4,0.3586790108976326
48803,1,7,5,0.3586789934097332
48809,1,7,1,14.208087666794945
48827,1,7,9,9.976534486717057
48835,1,7,6,23.526430143642557
48841,1,7,8,20.789301465614066
48847,1,7,1,14.331187866339196
48854,1,7,9,16.02498392059568
48858,0,7,0,0.014172350640383509
48864,1,7,4,0.3586790108976326
48895,1,7,10,10.998068509999621
48899,1,7,2,11.155758776792135
48917,1,7,4,0.3586790108976326
48922,1,7,5,0.3586789934097332
48932,1,7,6,20.105548592606674
48933,1,7,9,5.650229174465071
48934,1,7,6,24.02413517907477
48937,1,7,4,0.3586790108976326
48940,1,7,6,23.46169389336136
48950,0,7,0,0.028218148238281216
48954,1,7,4,0.3586790108976326
48958,1,7,9,18.259308121705054
48987,1,7,8,25.655931377094586
49013,1,7,4,0.358679009087165
49015,1,7,5,0.3586789934097332
49024,1,7,10,18.93660122129504
49026,1,7,2,13.723445887483434
49028,1,7,1,13.839072773272653
49030,1,7,8,12.676922462210579
49031,1,7,4,0.3586790108976326
49048,1,7,9,20.464389201925606
49059,1,7,9,23.45420001604908
49073,1,7,9,24.76489409443673
49075,1,7,5,0.3586789934097332
49117,1,7,1,11.590174935222995
49151,1,7,4,0.3586790108976326
49157,1,7,9,24.576116651276894
49177,1,7,10,9.855072839102087
49180,1,7,10,21.087354008776696
49187,1,7,6,10.5621227515053
49190,1,7,9,26.289469169208047
49193,1,7,4,0.3586790108976326
49194,0,7,0,0.015702628916050575
49210,1,7,4,0.3586790108976326
49219,1,7,2,10.367264612461062
49227,1,7,7,4.2002773724923035
49250,1,7,5,0.3586789934097332
49259,1,7,8,21.674200150621726
49273,1,7,1,15.365982828388578
49287,1,7,10,9.482074000209211
49305,1,7,1,14.94961212756753
49316,1,7,4,0.3586790108976326
49340,1,7,9,15.070100142367252
49350,1,7,8,26.28554934556806
49368,1,7,1,19.000856463303805
49378,1,7,6,20.270206828259024
49411,1,7,6,20.41179020416819
49417,1,7,9,12.212453178180024
49418,1,7,5,0.3586789934097332
49427,1,7,5,0.3586789934097332
49436,1,7,6,22.401828783603342
49457,1,7,6,18.494442929607896
49477,1,7,5,0.3586789934097332
49481,1,7,8,28.209696055631046
49486,1,7,10,20.04643145823208
49490,1,7,6,15.029511958209698
49498,1,7,9,12.591929660861766
49507,1,7,9,23.953998855578057
49511,1,7,5,0.3586789934097332
49513,1,7,5,0.3586789934097332
49518,1,7,5,0.3586789934097332
49529,1,7,8,23.593166980136083
49533,1,7,10,3.4185903815395915
49537,1,7,10,11.439474488829916
49544,1,7,10,20.910530077828906
49548,1,7,7,0.9074496201187772
49550,1,7,3,2.4145029182335835
49557,1,7,5,0.3586789934097332
49565,1,7,3,1.3538622749574247
49572,1,7,7,2.7236528551858084
49584,1,7,4,0.3586790108976326
49588,1,7,8,28.505822921731347
49594,1,7,10,19.384212387424476
49602,1,7,8,13.393641236791796
49605,1,7,5,0.3586789934097332
49606,1,7,2,2.61490379932195
49622,1,7,3,2.0694526511827753
49639,1,7,7,3.3745743062226263
49655,1,7,10,5.61432239473266
49661,1,7,4,0.3586790108976326
49667,1,7,9,17.988945308878193
49670,1,7,9,6.218121886718464
49682,1,7,5,0.3586789934097332
49683,1,7,4,0.3586790108976326
49708,1,7,8,6.092966881528538
49714,1,7,4,0.3586790108976326
49732,1,7,7,4.256679634279856
49740,1,7,5,0.3586789934097332
49742,1,7,6,10.345675874772281
49765,1,7,4,0.3586790108976326
49773,1,7,3,2.3234127903769433
49796,1,7,10,15.617445753895062
49813,1,7,9,22.06274429359983
49822,1,7,1,18.158304931476927
49837,0,7,0,0.09113735076894398
49854,1,7,1,16.199791730360904
49866,1,7,4,0.3586790108976326
49869,1,7,6,21.010602181039875
49873,1,7,5,0.3586789934097332
49880,1,7,1,16.38454464319046
49882,1,7,2,10.382067503551715
49883,0,7,0,0.025541346726290833
49888,1,7,1,12.647486563492542
49912,0,7,0,0.012315608085143774
49922,1,7,7,1.879169242346199
49931,1,7,2,9.82862050030197
49941,1,7,10,20.2007712637664
49942,1,7,5,0.3586789934097332
49952,1,7,4,0.358679009087165
49953,1,7,9,14.624200760202008
49955,1,7,4,0.3586790108976326
49959,1,7,8,11.10825869516366
49960,1,7,5,0.3586789934097332
49961,1,7,10,7.316058473978166
49972,1,7,9,20.64762411684716
49977,1,7,6,12.831027469303129
49979,1,7,8,17.829178636079902
49992,0,7,0,0.01667991959469083
49993,1,7,5,0.3586789934097332
49994,1,7,8,26.52714100670166
50005,1,7,4,0.3586790108976326
50016,1,7,10,7.684984683861964
50025,1,7,10,16.298725246204846
50029,1,7,7,2.892828003339516
50038,1,7,9,9.218961276948
50050,0,7,0,0.014939499745193405
50056,1,7,3,2.36337286054161
50060,1,7,9,23.401707894662703
50068,1,7,9,16.57544846654079
50084,1,7,10,16.739323219417717
50106,1,7,1,6.234363898473368
50134,1,7,5,0.3586789934097332
50161,1,7,10,20.09472294742962
50164,1,7,8,22.479377713112047
50165,1,7,10,11.038455047758895
50172,1,7,6,10.615937157695297
50180,1,7,4,0.3586790108976326
50209,1,7,9,19.90567988103237
50221,1,7,9,6.557760830301598
50225,1,7,9,25.901641013401626
50247,1,7,10,15.54634073874475
50248,1,7,8,17.72616543234862
50272,1,7,8,18.570888058349535
50279,1,7,6,23.358819947752362
50292,1,7,2,5.316812419776848
50309,1,7,7,2.872280388756446
50327,1,7,9,24.073047575199563
50331,1,7,6,6.921638770717717
50366,1,7,7,2.1523837447724707
50367,1,7,6,11.860792424498477
50371,1,7,10,6.212764292555765
50388,1,7,8,22.26061356370866
50389,1,7,4,0.3586790108976326
50392,1,7,6,6.100106338799742
50398,1,7,8,12.827035620541817
50407,1,7,8,28.51119721898421
50409,1,7,6,8.979351998185951
50411,1,7,4,0.3586790108976326
50414,1,7,3,1.1887327522999211
50416,1,7,4,0.3586790108976326
50422,0,7,0,0.013092921788144805
50491,1,7,4,0.3586790108976326
50505,1,7,6,11.81891456243511
50521,1,7,5,0.3586789934097332
50525,1,7,8,6.081770937585289
50526,1,7,8,23.08690892842833
50536,1,7,5,0.3586789934097332
50555,1,7,8,3.6295780606730204
50561,1,7,7,4.3616556762242595
50566,1,7,6,13.854712222019632
50576,1,7,4,0.3586790108976326
50579,1,7,5,0.3586789934097332
50583,1,7,4,0.358679009087165
50591,1,7,9,24.61641162491872
50592,1,7,8,14.456867225893946
50596,1,7,8,14.277637777425992
50607,1,7,2,6.811719992594899
50608,1,7,3,2.1548836327313405
50624,1,7,7,3.885593658588182
50634,1,7,10,10.012400379691865
50636,1,7,10,17.090401103378067
50648,1,7,5,0.3586789934097332
50661,1,7,10,9.60528303976562
50663,1,7,9,14.593260849511362
50669,1,7,9,7.958341498845035
50672,1,7,3,1.38356073327035
50677,1,7,1,16.033716673404786
50678,1,7,5,0.3586789934097332
50706,1,7,1,16.415332446112856
50708,1,7,8,13.34040037479207
50730,1,7,10,16.819497154444214
50731,1,7,4,0.3586790108976326
50753,1,7,9,19.671969037596607
50754,1,7,6,22.997400835021576
50756,0,7,0,0.01815404748869529
50765,1,7,6,14.08754111781516
50772,1,7,9,10.107795488268764
50786,1,7,8,8.486788572887955
50789,1,7,10,20.583692581853427
50802,1,7,6,22.43189372929303
50805,1,7,10,14.06363154956092
50814,1,7,9,24.424193500184312
50834,1,7,6,9.324843382894944
50838,1,7,6,13.692617406457378
50843,1,7,1,16.250698220145193
50854,1,7,10,21.170761194910916
50883,1,7,9,9.70738123658773
50897,1,7,10,6.459547500421078
50903,1,7,9,10.814505085150182
50906,1,7,3,2.355602291697063
50913,1,7,9,13.634974332646038
50917,1,7,1,15.917899389177762
50921,1,7,8,19.521790948998415
50933,1,7,7,1.8998275696025455
50937,0,7,0,0.02325642128015521
50938,1,7,4,0.3586790108976326
50962,1,7,4,0.3586790108976326
50967,1,7,10,11.628118499301218
50975,1,7,6,18.286631468297173
50980,1,7,5,0.3586789934097332
50993,1,7,8,18.596322942834796
50996,1,7,6,23.35175657328566
50998,1,7,6,7.009910205762187
51009,1,7,9,7.2560709201069225
51015,1,7,9,13.421714229420656
51023,1,7,8,19.3934780180821
51027,1,7,6,5.635319476941198
51030,1,7,5,0.3586789934097332
51044,1,7,8,6.043324462966089
51046,1,7,5,0.3586789934097332
51050,1,7,8,19.74181610862693
51055,1,7,9,25.99670177584501
51059,1,7,4,0.3586790108976326
51060,1,7,4,0.3586790108976326
51121,1,7,6,14.242888339737242
51129,1,7,9,24.095481152270107
51131,1,7,8,8.842218671318221
51132,0,7,0,0.20145926987464385
51139,1,7,8,4.507241214054916
51174,1,7,10,19.119390608339053
51175,1,7,3,2.362869061343327
51217,1,7,4,0.3586790108976326
51218,1,7,8,27.8958348465456
51226,1,7,9,26.245025142392734
51259,1,7,5,0.3586789934097332
51276,1,7,10,7.144577287224556
51277,1,7,4,0.3586790108976326
51281,1,7,1,13.011780318636857
51288,1,7,8,27.18871682797168
51291,1,7,8,12.249855534510752
51299,0,7,0,0.013179609929716821
51307,1,7,5,0.3586789934097332
51314,1,7,4,0.3586790108976326
51322,1,7,8,24.741283530494346
51326,1,7,9,24.053199427939653
51337,1,7,9,19.381289019221313
51342,1,7,9,25.108130718434026
51353,1,7,8,16.019505392988325
51357,1,7,6,22.070661919431895
51364,1,7,9,24.305597341226537
51372,1,7,4,0.3586790108976326
51396,1,7,9,15.660545930768267
51398,1,7,5,0.3586789934097332
51399,1,7,6,4.560655894081285
51402,1,7,10,18.19058866815087
51417,1,7,6,14.629580230499961
51427,1,7,10,10.27566033131513
51429,1,7,9,16.473330658211935
51433,1,7,1,10.000520944278051
51443,1,7,1,18.117665271590692
51445,1,7,8,9.613847264296696
51477,1,7,6,23.40606085434356
51478,1,7,4,0.3586790108976326
51536,1,7,10,8.32979771741858
51541,1,7,9,25.256560288831725
51542,1,7,10,7.074160413533442
51543,1,7,5,0.3586789934097332
51552,1,7,1,14.863478787435108
51561,1,7,1,5.6318729327958135
51570,1,7,5,0.3586789934097332
51571,1,7,10,20.248712155321698
51574,1,7,9,15.591469966686107
51585,1,7,9,25.70088242215858
51593,1,7,9,25.623567804352774
51605,1,7,7,2.2304553504372877
51612,1,7,9,20.669519940629854
51629,1,7,5,0.3586789934097332
51657,1,7,5,0.3586789934097332
51663,1,7,6,19.90624673232718
51687,1,7,8,6.291483498331481
51709,1,7,9,5.961341722087145
51714,1,7,3,1.40685967629442
51751,1,7,4,0.3586790108976326
51755,1,7,7,2.7867558110321453
51779,1,7,9,22.41943017760221
51786,1,7,10,8.55414498256565
51790,1,7,6,21.480927000886492
51796,1,7,7,3.0656774910398257
51828,1,7,7,3.9154899391102673
51830,1,7,8,27.336685012441304
51833,1,7,9,14.803645844420442
51846,1,7,5,0.3586789949470627
51849,1,7,4,0.3586790108976326
51859,1,7,9,18.278621753546414
51864,1,7,3,2.325873797158081
51872,1,7,7,4.095938164451115
51886,1,7,4,0.3586790108976326
51889,1,7,2,11.997794264146064
51890,1,7,4,0.3586790108976326
51893,1,7,5,0.3586789934097332
51897,1,7,6,17.579586851582373
51903,1,7,5,0.3586789934097332
51910,1,7,6,10.014915721801252
51927,1,7,2,5.604087804156199
51929,1,7,4,0.3586790108976326
51932,1,7,6,18.96124085531424
51933,1,7,6,10.019113972740247
51940,1,7,9,4.383298328502873
51947,1,7,7,1.1019642020909468
51970,1,7,9,22.17427694301816
51977,1,7,6,18.898995064381253
51987,1,7,10,8.58473871826494
51999,1,7,9,21.62231102229939
52003,1,7,8,19.529271125541094
52009,1,7,8,7.874588577884431
52015,1,7,9,12.388130294575449
52026,0,7,0,0.016198351120495016
52040,1,7,4,0.3586790108976326
52045,1,7,8,17.665660605235924
52067,1,7,5,0.3586789934097332
52082,1,7,6,5.686468436309381
52100,1,7,6,6.56340077555143
52115,1,7,9,25.2480741988729
52117,1,7,8,17.94341880472661
52125,1,7,9,8.371012881470614
52129,1,7,6,22.625301060000268
52137,1,7,5,0.3586789934097332
52149,0,7,0,0.025114232738883493
52165,1,7,7,4.6211262487072995
52170,1,7,8,10.14780275921444
52177,1,7,6,8.868901932621116
52179,1,7,10,20.34998785341621
52190,1,7,8,12.176978665005123
52192,1,7,3,1.7982071568181155
52195,1,7,8,13.355331321076944
52196,1,7,10,20.608855535674422
52202,1,7,9,22.3511973603971
52221,1,7,6,21.731354633545802
52222,1,7,9,25.77468429299405
52240,1,7,1,6.589807286120545
52245,1,7,8,11.445849172217262
52253,0,7,0,0.013267822143253585
52277,1,7,9,5.871488683587403
52288,1,7,9,2.1493193531202843
52297,1,7,6,23.193078460714556
52300,1,7,4,0.3586790108976326
52304,1,7,9,16.073289508520272
52317,1,7,4,0.3586790108976326
52325,1,7,9,16.821938058708486
52331,1,7,7,0.3714093300149797
52332,1,7,5,0.3586789934097332
52335,1,7,9,10.35936953187295
52337,1,7,7,1.4952382519652445
52344,1,7,9,23.305632222282004
52346,0,7,0,0.022887859447517676
52355,1,7,4,0.358679009087165
52356,1,7,5,0.3586789934097332
52369,1,7,3,2.4022873007529024
52371,1,7,8,26.300507777027633
52376,1,7,3,2.387485849477239
52381,1,7,5,0.3586789934097332
52393,1,7,2,11.612345063164986
52405,1,7,10,4.40377044553889
52410,1,7,5,0.3586789934097332
52437,1,7,9,20.64181702806024
52460,1,7,8,8.808621018970502
52485,1,7,3,2.3933165260781646
52503,1,7,5,0.3586789934097332
52521,1,7,5,0.3586789934097332
52525,1,7,9,16.68351505383652
52531,0,7,0,0.016516729196479448
52545,1,7,6,18.755347811749544
52559,1,7,5,0.3586789934097332
52576,0,7,0,0.02005838972816996
52599,1,7,6,23.16286719390278
52603,1,7,7,3.8591872154708464
52605,1,7,10,20.878656141359965
52606,1,7,9,12.662553796470254
52631,1,7,8,22.570623036684758
52632,1,7,5,0.3586789934097332
52639,1,7,9,13.626673478646351
52658,1,7,9,8.685081180425968
52661,1,7,8,9.430975111573456
52666,1,7,8,14.657256904536233
52677,1,7,9,12.945837471607321
52689,1,7,7,2.0199195857254404
52714,0,7,0,0.013192287516853678
52715,1,7,6,17.553694041650335
52727,1,7,4,0.3586790108976326
52728,1,7,8,10.197616923120727
52735,1,7,2,9.083273912141337
52737,1,7,5,0.3586789934097332
52748,1,7,9,23.644700831528706
52756,1,7,2,8.223328198925817
52761,1,7,4,0.3586790108976326
52775,1,7,9,19.214101444637244
52778,1,7,4,0.3586790108976326
52798,1,7,9,11.006587032465152
52811,1,7,6,22.06072584401028
52814,1,7,4,0.7565759599438446
52815,1,7,9,7.220611177953126
52840,1,7,7,3.5186229083177976
52847,0,7,0,0.022159553454433236
52875,1,7,8,12.078476552004815
52879,1,7,5,0.3586789934097332
52880,1,7,1,17.272617186076967
52883,1,7,7,4.556432556216716
52903,1,7,4,0.3586790108976326
52907,1,7,5,0.3586789934097332
52910,1,7,6,13.304389733717873
52922,1,7,10,13.313205204521921
52944,1,7,7,3.548804688973075
52948,1,7,8,3.921035013923678
52952,1,7,4,0.3586790108976326
52963,1,7,8,24.03130740080582
52968,1,7,1,10.37514140477326
52976,1,7,5,0.3586789934097332
52997,1,7,6,19.301674484207417
53008,1,7,6,14.423385260387981
53012,1,7,6,17.122708312828046
53014,1,7,9,18.979980381490837
53030,1,7,8,14.71238078779798
53037,1,7,6,5.801112257041921
53038,1,7,7,0.6160036052660032
53047,1,7,10,9.23801502557429
53068,0,7,0,0.013367688206875164
53097,0,7,0,0.02788543870458852
53105,1,7,9,19.075105756582964
53109,1,7,6,7.61208580205088
53117,1,7,9,15.847770782683433
53125,1,7,5,0.3586789934097332
53136,1,7,6,20.06753478263021
53150,1,7,1,11.101152204484382
53159,1,7,4,0.3586790108976326
53162,1,7,9,23.99249943167321
53163,1,7,8,14.651436249899195
53172,1,7,6,23.96810893491686
53177,0,7,0,0.018219182347017884
53178,1,7,6,21.72348454020991
53189,1,7,8,19.606174932323782
53195,1,7,10,7.146738017912848
53197,1,7,6,23.855741395182722
53203,1,7,6,23.358140597128934
53212,1,7,9,24.062598591443923
53214,1,7,5,0.3586789934097332
53231,1,7,8,11.851053152661548
53233,1,7,5,0.3586789934097332
53250,1,7,7,0.587245554097779
53266,1,7,5,0.3586789934097332
53267,1,7,5,0.3586789934097332
53297,1,7,8,14.691955994175146
53344,1,7,9,26.205849389590778
53357,1,7,4,0.3586790108976326
53359,1,7,5,0.3586789934097332
53376,0,7,0,0.016569637012980594
53399,1,7,4,0.3586790108976326
53434,1,7,4,0.3586790108976326
53438,0,7,0,0.028920170966116505
53439,1,7,6,21.99927999381484
53444,1,7,8,20.870942795812322
53445,1,7,1,17.59971472232456
53467,0,7,0,0.018375004887727947
53473,1,7,8,2.984502626457584
53477,1,7,5,0.3586789934097332
53491,1,7,8,8.809800964732682
53502,1,7,4,0.3586790108976326
53507,0,7,0,0.011395233433961451
53527,1,7,7,4.280413117694682
53553,1,7,6,20.548746365501028
53555,1,7,5,0.3586789934097332
53585,1,7,6,14.782800260012742
53590,1,7,5,0.3586789934097332
53596,1,7,5,0.3586789934097332
53602,1,7,8,12.791389704110605
53638,1,7,4,0.3586790108976326
53657,1,7,10,4.564594343638031
53659,1,7,1,11.654145021287423
53666,1,7,5,0.3586789934097332
53674,1,7,8,20.445265405827456
53675,1,7,8,20.453672284991267
53696,1,7,8,14.506607714817378
53697,0,7,0,0.016632841292135624
53701,1,7,10,11.36951415305209
53707,1,7,10,18.312043628430747
53710,1,7,9,25.374986442918942
53715,1,7,1,16.40372188856674
53722,1,7,9,12.67574719976315
53723,1,7,8,16.71448485967314
53725,1,7,4,0.3586790108976326
53729,1,7,1,11.473018511512997
53732,1,7,4,0.3586790108976326
53734,1,7,5,0.3586789934097332
53747,1,7,9,16.74983434195236
53784,1,7,4,0.3586790108976326
53793,1,7,4,0.3586790108976326
53794,1,7,9,26.150097618519638
53797,1,7,10,18.761082788301312
53819,1,7,8,25.622063035806267
53826,1,7,9,16.84793376684411
53831,1,7,3,1.5938378878747659
53839,1,7,10,12.16235781737181
53877,1,7,6,20.180336284055716
53882,0,7,0,0.01915362773039718
53884,1,7,5,0.3586789934097332
53885,1,7,10,9.549621163033384
53900,1,7,9,14.044417796967844
53912,1,7,5,0.3586789934097332
53915,1,7,5,0.3586789934097332
53937,1,7,9,14.688780593222685
53948,1,7,5,0.3586789934097332
53949,1,7,8,20.04986420342555
53955,1,7,9,24.984513907598465
53964,1,7,3,2.3759925808160043
53969,1,7,2,7.491200066780549
53983,1,7,1,4.06731489536525
53987,1,7,6,8.675451378790948
53988,1,7,8,16.29206937610863
54033,1,7,2,10.852810105813953
54034,1,7,9,22.99700412197649
54037,1,7,4,0.3586790108976326
54039,1,7,5,0.3586789934097332
54055,1,7,4,0.3586790108976326
54074,1,7,2,5.775825096396246
54080,1,7,9,24.591362825134688
54104,1,7,8,9.880752253892512
54114,1,7,9,9.808852320061757
54121,1,7,9,12.166690373360376
54128,1,7,9,20.143568928553332
54135,1,7,8,15.091954857763437
54136,1,7,9,21.853395070744586
54153,1,7,1,10.644644652948257
54165,1,7,5,0.3586789934097332
54177,1,7,8,26.159196913900757
54205,1,7,4,0.3586790108976326
54208,1,7,8,18.77993306248862
54212,1,7,2,5.62099844941596
54219,0,7,0,0.027289827858066416
54220,1,7,5,0.3586789934097332
54235,1,7,8,10.902954596794046
54246,1,7,10,17.229541521914495
54253,1,7,10,12.394279624602113
54286,0,7,0,0.023672410336356087
54288,1,7,4,0.3586790108976326
54289,1,7,4,0.3586790108976326
54292,1,7,6,20.78133133184658
54296,1,7,1,22.52666906530172
54299,1,7,9,23.571541789199205
54305,1,7,10,20.172166365819887
54308,1,7,4,0.3586790108976326
54324,1,7,8,23.953781677902004
54325,1,7,5,0.3586789934097332
54328,1,7,8,9.848903018584172
54332,1,7,9,14.89454555566049
54354,1,7,7,2.449659410439334
54357,1,7,10,16.700471245145447
54375,1,7,6,21.437072635274426
54397,1,7,8,20.582064227821533
54408,1,7,9,15.023406831678399
54409,1,7,5,0.3586789934097332
54412,1,7,3,0.9948004933813526
54418,1,7,5,0.3586789934097332
54420,1,7,9,15.073967913829616
54452,1,7,3,0.7115798334942302
54455,1,7,8,17.17929059931328
54458,1,7,5,0.3586789934097332
54465,1,7,10,9.830202435694002
54496,1,7,10,7.0657519724779565
54499,1,7,5,0.3586789934097332
54500,1,7,9,23.25300230433714
54509,1,7,4,0.3586790108976326
54520,1,7,10,21.129585358961098
54523,1,7,8,23.70544240539403
54524,1,7,4,0.3586790108976326
54525,1,7,2,11.0707767372025
54535,1,7,4,0.3586790108976326
54545,1,7,4,0.3586790108976326
54546,1,7,5,0.3586789934097332
54558,1,7,9,23.714959104352964
54582,1,7,6,21.227782522519234
54584,1,7,8,19.38467930065122
54594,1,7,4,0.3586790108976326
54600,1,7,1,9.358337930156877
54608,1,7,6,12.46258523544093
54612,1,7,6,8.868706353419896
54642,1,7,8,3.913955780488774
54646,1,7,9,24.406901951956268
54652,1,7,8,7.766827037548567
54659,1,7,7,1.812798437081823
54678,1,7,8,9.58579101465615
54690,1,7,4,0.3586790108976326
54697,1,7,10,21.24441431548136
54701,0,7,0,0.02215223238310002
54710,1,7,8,12.156488732767178
54729,1,7,7,2.2021196886126613
54730,1,7,5,0.3586789934097332
54736,1,7,10,4.83000104516876
54754,1,7,7,4.354690989894507
54756,1,7,3,0.995758450140966
54768,1,7,10,21.232952870041334
54772,1,7,1,12.364502975310028
54775,1,7,6,23.336834141994025
54785,1,7,9,16.594259579788325
54793,0,7,0,0.04385128613271947
54808,0,7,0,0.2152873498357871
54815,1,7,1,22.490121851794058
54816,1,7,7,2.8098252445280294
54817,1,7,5,0.3586789934097332
54829,1,7,9,22.049213920104147
54857,1,7,5,0.3586789934097332
54862,1,7,2,1.222992253677233
54867,1,7,2,10.099248076111353
54871,1,7,8,13.403367721070255
54876,1,7,8,6.622194848476869
54886,1,7,4,0.3586790108976326
54900,1,7,1,22.86078801796953
54901,1,7,2,5.209779208593977
54909,1,7,9,18.97631095270058
54919,1,7,6,22.381588600208946
54926,1,7,5,0.3586789934097332
54930,1,7,6,15.149406961036043
54934,1,7,9,26.370527833021516
54935,1,7,6,8.99040414027027
54941,1,7,8,8.515842525194664
54945,1,7,10,11.724675934309717
54963,1,7,9,25.90409567063502
54968,1,7,7,4.632672883726769
55024,1,7,5,0.3586789934097332
55030,1,7,4,0.3586790108976326
55040,1,7,9,26.348365887727823
55062,1,7,9,24.786608207786628
55067,1,7,4,0.3586790108976326
55076,1,7,8,8.68363084347521
55077,1,7,6,21.728030106695098
55086,1,7,1,19.12908082512975
55094,1,7,3,2.394243822111183
55096,1,7,6,17.720065482365147
55103,1,7,5,0.3586789934097332
55124,1,7,9,19.373522499406242
55129,1,7,9,12.955350409417383
55139,1,7,8,26.27982074956471
55148,1,7,10,14.656621306728812
55183,1,7,5,0.3586789934097332
55186,1,7,5,0.3586789949470627
55188,1,7,6,7.736579923261849
55205,1,7,5,0.3586789934097332
55212,1,7,8,24.92122182208105
55215,1,7,1,11.349505874376597
55216,1,7,8,20.885315268002323
55243,1,7,9,25.950237272927993
55244,1,7,9,11.47716773218026
55245,1,7,5,0.3586789934097332
55252,1,7,5,0.3586789934097332
55284,1,7,5,0.3586789934097332
55285,1,7,1,19.638735106241207
55287,1,7,6,22.25196264326339
55298,1,7,8,23.632769980725314
55308,1,7,10,6.254756427427331
55310,1,7,9,17.282045163865078
55311,1,7,1,21.037616831869837
55312,1,7,9,25.085055651551347
55326,1,7,5,0.3586789934097332
55365,1,7,4,0.3586790108976326
55371,1,7,8,13.776678099435085
55381,1,7,9,20.94576397318438
55385,1,7,5,0.3586789934097332
55387,1,7,9,9.5796097096953
55396,1,7,9,13.398342120739636
55404,1,7,2,4.2966080292631625
55410,1,7,3,2.4006362870450597
55416,1,7,9,7.181163750644334
55424,1,7,9,14.071296839769314
55425,1,7,4,0.3586790108976326
55427,1,7,2,4.125911519587195
55432,1,7,8,19.45778371762975
55459,1,7,3,2.2722812397232977
55469,1,7,10,8.829774417691503
55496,1,7,4,0.3586790108976326
55503,1,7,9,23.84864974683583
55520,1,7,4,0.3586790108976326
55523,1,7,8,17.94519160873758
55530,1,7,4,0.3586790108976326
55532,1,7,8,24.07283817581613
55535,1,7,8,22.27541289111407
55538,1,7,8,13.94864982383651
55542,1,7,10,20.06531249026672
55559,1,7,10,4.654170672671397
55573,1,7,8,17.90917716233003
55584,1,7,1,9.088810853693953
55594,1,7,5,0.3586789934097332
55596,1,7,8,9.665777413012242
55598,1,7,8,12.354809536836799
55604,1,7,1,18.71955841525957
55628,1,7,1,19.507021430042492
55634,1,7,2,12.552245373148304
55637,1,7,8,3.835518867399023
55639,1,7,5,0.3586789934097332
55641,1,7,8,25.1401984885342
55663,1,7,3,1.8027131716366986
55677,1,7,9,16.693892360909427
55679,1,7,7,0.9786221021177495
55685,1,7,8,7.844530632249698
55688,1,7,2,12.414880932461793
55695,1,7,5,0.3586789934097332
55702,1,7,4,0.3586790108976326
55705,1,7,9,15.494891640758592
55719,1,7,8,17.39019124389831
55720,1,7,3,1.1286709911951418
55724,1,7,10,9.219385724808804
55729,1,7,5,0.3586789934097332
55731,1,7,5,0.3586789934097332
55735,1,7,1,8.689943727365232
55739,1,7,7,1.6522838409401497
55740,1,7,6,17.97924714542403
55755,1,7,5,0.3586789934097332
55757,1,7,9,14.768088728236185
55761,1,7,7,1.6240520959917226
55777,1,7,5,0.3586789934097332
55785,1,7,5,0.3586789934097332
55804,1,7,4,0.3586790108976326
55809,1,7,4,0.3586790108976326
55818,1,7,9,12.010948878654709
55821,1,7,8,18.201527393951515
55841,0,7,0,0.036999106527126124
55843,1,7,9,22.78581465151265
55864,1,7,4,0.3586790108976326
55868,1,7,5,0.3586789934097332
55879,1,7,10,7.75442851990104
55886,1,7,2,5.153943149360534
55908,1,7,10,7.303704858821881
55911,1,7,4,0.3586790108976326
55924,1,7,10,19.177238951143835
55940,1,7,3,2.223194926071965
55942,1,7,4,0.3586790108976326
55944,1,7,8,12.070813995976724
55959,1,7,7,1.6039497233244364
55989,1,7,6,21.259706397547905
55995,1,7,8,7.0531345960116045
55997,1,7,10,3.0199188507734496
56012,1,7,10,11.171668489958254
56030,1,7,10,7.746260986446047
56037,1,7,6,20.186440734837195
56044,1,7,5,0.3586789934097332
56059,1,7,9,23.704671775574134
56060,1,7,5,0.3586789934097332
56069,1,7,9,12.353436113994343
56072,1,7,9,25.731520503236197
56075,1,7,5,0.3586789934097332
56105,1,7,2,8.052429436221322
56111,1,7,10,20.969605425237276
56123,1,7,8,16.836646405453365
56127,1,7,8,21.24563507355092
56132,1,7,8,4.189817419166983
56133,1,7,6,21.74301317395726
56134,1,7,8,17.684545635999967
56139,1,7,9,15.3033753284747
56140,1,7,9,25.924209136905667
56144,1,7,9,26.373891552936044
56160,1,7,1,11.940205709045207
56171,1,7,8,17.32802366784628
56191,1,7,6,19.276121205120788
56195,1,7,8,24.731592448930197
56200,1,7,5,0.3586789934097332
56207,1,7,5,0.3586789934097332
56211,1,7,6,14.829232457290148
56231,1,7,7,1.1671477232431728
56234,1,7,6,22.54779028053812
56255,1,7,9,16.64886313697329
56291,1,7,8,26.670297109154262
56294,1,7,5,0.3586789934097332
56312,0,7,0,0.015996473819737567
56314,1,7,9,25.902500740195087
56329,1,7,8,21.13848007631542
56330,1,7,1,22.17414939486658
56333,1,7,4,0.3586790108976326
56334,1,7,4,0.3586790108976326
56343,1,7,9,12.738069868696748
56367,1,7,1,15.460821180669285
56396,1,7,10,4.466271291965775
56402,1,7,2,3.694435442205009
56410,1,7,4,0.3586790108976326
56413,1,7,9,9.708771756829742
56416,1,7,5,0.3586789934097332
56423,1,7,4,0.3586790108976326
56427,1,7,6,21.60982476163382
56438,1,7,7,3.1292440752207975
56440,1,7,10,8.992328077282323
56459,1,7,9,26.413647715345103
56466,1,7,8,28.546676229828176
56468,1,7,4,0.3586790108976326
56469,1,7,10,8.346743100413416
56471,1,7,6,6.718628789587058
56474,1,7,6,21.801463864938952
56477,1,7,9,24.79066811046191
56487,1,7,1,18.231972261524596
56495,1,7,3,2.3590264918052415
56507,1,7,9,24.451161793308987
56517,1,7,9,16.145530702892113
56538,1,7,8,22.406932181216565
56564,1,7,1,22.920720744641503
56569,1,7,8,12.717476930185198
56584,1,7,9,16.207583100728858
56596,1,7,7,1.3325173687841574
56603,1,7,3,2.2863740730187927
56607,1,7,4,0.358679009087165
56625,1,7,2,13.742725468449123
56627,1,7,2,12.98657519323134
56630,1,7,1,6.069368615155849
56631,1,7,4,0.3586790108976326
56634,1,7,3,1.4258889604141978
56635,1,7,1,18.127593433774752
56643,1,7,4,0.3586790108976326
56658,1,7,5,0.3586789934097332
56661,1,7,5,0.3586789934097332
56665,1,7,8,14.009793516477256
56667,1,7,6,22.065628471871484
56676,1,7,4,0.3586790108976326
56718,1,7,4,0.3586790108976326
56723,1,7,8,2.3577738631366167
56731,1,7,9,15.428469669510228
56738,1,7,5,0.3586789934097332
56746,1,7,6,15.603385812125838
56757,1,7,1,21.10982662826461
56768,1,7,1,14.971885835242272
56771,1,7,10,11.858877041303561
56782,1,7,5,0.3586789934097332
56792,1,7,8,18.351545399693393
56799,1,7,9,22.953303247420063
56811,1,7,5,0.3586789934097332
56813,1,7,7,4.17717667565804
56824,1,7,7,4.502390064829088
56846,1,7,6,11.016383819576943
56860,1,7,6,11.62521843453555
56869,1,7,1,22.025267724406085
56877,1,7,3,1.5908803425962958
56878,1,7,10,20.8974073619824
56899,1,7,6,4.478589154507631
56915,1,7,6,15.15186303406105
56916,1,7,6,4.690829377787329
56917,1,7,2,13.887279073088203
56945,1,7,9,7.359197856306197
56949,1,7,4,0.3586790108976326
56953,1,7,4,0.3586790108976326
56964,1,7,9,25.258041621282224
56967,1,7,8,12.256035140109633
56979,1,7,10,12.202673008825498
56985,1,7,10,12.371932693756717
56992,0,7,0,0.011496483974226054
56995,1,7,1,21.755416173833368
57000,1,7,9,16.08713278491235
57007,1,7,4,0.3586790108976326
57012,1,7,7,2.39731796115114
57015,0,7,0,0.01815119962801457
57034,1,7,5,0.3586789934097332
57039,1,7,6,17.353257510201924
57041,1,7,9,26.38088509106024
57059,1,7,2,7.965910775663827
57063,1,7,7,1.8643005991383035
57083,1,7,1,21.1986975733993
57084,1,7,8,12.732481053700239
57093,1,7,6,21.43223526473471
57096,1,7,6,14.722854688598293
57114,1,7,4,0.3586790108976326
57126,1,7,7,1.0891139968201529
57133,1,7,7,4.529791401815682
57137,1,7,10,11.431416989094087
57146,1,7,8,7.882724851182846
57157,1,7,9,17.077606761920567
57160,1,7,5,0.3586789949470627
57178,1,7,8,10.751309672289352
57183,1,7,10,3.146852869258598
57192,1,7,9,23.628250382855104
57194,1,7,8,4.743484293403721
57215,1,7,8,27.246080389508894
57229,0,7,0,0.13289630662153787
57250,1,7,4,0.3586790108976326
57274,0,7,0,0.028926618328962362
57280,1,7,2,6.78630763175971
57292,1,7,5,0.3586789934097332
57307,1,7,8,28.363214153566556
57312,1,7,4,0.3586790108976326
57323,1,7,2,5.087446941776606
57329,1,7,10,16.604873787591348
57339,1,7,6,14.014064121799485
57341,1,7,1,3.5812878480994685
57403,1,7,4,0.3586790108976326
57411,1,7,5,0.3586789934097332
57417,1,7,6,12.590441405651445
57421,1,7,1,18.7079285369852
57447,1,7,8,13.034195248727443
57455,1,7,8,2.3982923476589795
57460,1,7,1,8.521843259290206
57467,1,7,5,0.3586789934097332
57485,1,7,8,25.138851867824084
57491,1,7,5,0.3586789934097332
57516,1,7,8,24.85080434967327
57535,0,7,0,0.016755998517511687
57545,1,7,2,11.170983760004274
57549,1,7,5,0.3586789934097332
57559,1,7,1,15.67745478239416
57584,1,7,9,16.136653533190106
57588,1,7,9,23.136778138857327
57589,1,7,6,7.78139015366655
57596,1,7,8,15.559239279822906
57607,1,7,9,5.888910148193015
57615,1,7,8,11.27081897924234
57647,1,7,6,12.123893548147203
57660,1,7,8,5.614736655053418
57663,1,7,4,0.3586790108976326
57666,1,7,2,4.289390801533741
57671,1,7,1,13.17149390071757
57676,1,7,9,3.169671639162452
57691,1,7,5,0.3586789934097332
57704,1,7,10,7.69291375251569
57707,1,7,2,12.390531769657226
57731,1,7,10,6.532748325131152
57761,1,7,8,17.589684853476008
57766,1,7,4,0.3586790108976326
57768,1,7,6,11.13944916893206
57775,1,7,10,18.94414276623318
57783,1,7,10,14.159004908594628
57784,1,7,9,17.445326206917454
57788,1,7,8,23.10170288140352
57803,1,7,5,0.3586789934097332
57808,1,7,5,0.3586789934097332
57817,1,7,10,11.86768749233412
57818,1,7,7,1.054531657145408
57824,1,7,10,19.85238333659117
57844,1,7,2,10.430100596342943
57851,1,7,9,16.37418229444493
57867,1,7,10,16.922950035828695
57876,1,7,6,11.835609974507978
57881,1,7,10,19.132305369719244
57902,1,7,6,23.938378070712467
57904,1,7,9,5.577967722425287
57914,1,7,4,0.3586790108976326
57931,1,7,10,11.012786845662545
57937,1,7,6,9.480922856360868
57939,1,7,10,15.309356235810597
57947,1,7,8,17.081320635468863
57951,1,7,6,8.85549433684263
57963,1,7,7,0.34786973980529307
57971,1,7,5,0.3586789934097332
57994,1,7,5,0.3586789934097332
57996,1,7,5,0.3586789934097332
57997,1,7,8,24.90407631525508
58025,1,7,9,25.36526655912952
58027,1,7,5,0.3586789934097332
58037,1,7,3,2.35341682351998
58046,1,7,9,10.485122322079185
58048,1,7,5,0.3586789934097332
58061,1,7,4,0.3586790108976326
58074,1,7,2,13.634941484331142
58080,1,7,6,15.669265894942543
58085,1,7,9,23.682905741053915
58086,1,7,8,15.705751880934049
58111,1,7,6,7.9279820970375114
58123,1,7,3,2.0235481412534067
58130,0,7,0,0.03533458964064128
58134,1,7,9,24.103962513069497
58137,1,7,6,17.753517584497477
58149,1,7,10,15.146126677695683
58161,1,7,4,0.3586790108976326
58174,1,7,6,22.506157908900697
58180,1,7,4,0.358679009087165
58184,1,7,4,0.3586790108976326
58189,1,7,8,26.761693056209634
58198,1,7,1,10.00382233858444
58209,1,7,4,0.3586790108976326
58210,1,7,6,23.235874928175587
58226,1,7,6,15.805157888694549
58237,1,7,9,14.009844018402955
58243,1,7,9,16.732070427413692
58247,0,7,0,0.02722665923769981
58259,1,7,1,20.5433007890637
58264,1,7,9,16.707736133264486
58265,1,7,5,0.3586789934097332
58266,1,7,5,0.3586789934097332
58270,1,7,8,17.69553717680056
58271,1,7,10,15.589842620819399
58274,1,7,10,17.85338055374794
58299,1,7,8,7.210046401428171
58305,1,7,4,0.3586790108976326
58320,1,7,6,14.646102608250231
58324,1,7,9,10.394879475437588
58325,1,7,7,4.039756819808222
58327,1,7,8,8.51445927220052
58337,1,7,8,5.950745471240878
58344,0,7,0,0.022992532124696746
58346,1,7,8,24.707478485509352
58377,1,7,8,18.97533595962765
58407,0,7,0,0.029844002516070094
58420,1,7,10,10.244653281628848
58422,0,7,0,0.015441540878129326
58425,1,7,7,3.2434976514376834
58434,1,7,9,6.096215716961271
58468,0,7,0,0.03737838033175854
58472,1,7,6,21.730197298769703
58476,1,7,8,10.199149371525642
58512,1,7,3,1.3774126572028376
58523,1,7,10,20.141582002702574
58540,1,7,5,0.3586789934097332
58544,1,7,8,10.135388191401153
58554,1,7,5,0.3586789934097332
58557,1,7,4,0.3586790108976326
58562,1,7,8,2.453343377024072
58578,1,7,1,11.20280443426697
58584,1,7,4,0.3586790108976326
58591,1,7,9,10.291120623532393
58592,1,7,9,15.060548007891823
58609,0,7,0,0.018523009876007367
58612,1,7,5,0.3586789934097332
58629,1,7,10,18.471532851979973
58634,1,7,6,17.380473115834217
58648,1,7,5,0.3586789934097332
58649,0,7,0,0.027694189946304758
58654,1,7,5,0.3586789934097332
58666,1,7,4,0.3586790108976326
58669,1,7,4,0.3586790108976326
58674,1,7,8,19.114475194338446
58698,1,7,9,24.36568267401267
58713,1,7,9,16.175993492704656
58717,1,7,10,11.044488224003803
58729,1,7,9,3.513440531913515
58730,1,7,5,0.3586789934097332
58733,1,7,6,13.596695717051347
58736,1,7,7,4.609671487170103
58741,1,7,1,4.103779809010873
58758,0,7,0,0.022359120204235604
58766,1,7,6,10.156297568923756
58769,1,7,8,17.174584413169388
58778,1,7,7,2.440500797859501
58794,1,7,2,7.527275237184733
58795,1,7,4,0.3586790108976326
58798,1,7,4,0.3586790108976326
58801,1,7,4,0.3586790108976326
58806,1,7,5,0.3586789934097332
58818,1,7,9,26.292757024483123
58838,1,7,8,11.848471402785409
58849,1,7,5,0.3586789934097332
58852,1,7,4,0.3586790108976326
58863,1,7,8,23.305732658234206
58866,1,7,6,7.3518762800828075
58869,1,7,9,22.967292495942473
58874,1,7,9,21.657959331443635
58879,1,7,6,8.65061421030383
58892,1,7,2,2.6497771472396465
58903,1,7,5,0.3586789934097332
58910,1,7,6,19.541181025772197
58912,1,7,4,0.3586790108976326
58920,1,7,4,0.3586790108976326
58950,1,7,8,23.013812215408205
58952,1,7,8,19.00770727263687
58980,1,7,6,23.090882023978068
58983,1,7,8,27.448193637363225
59008,1,7,4,0.3586790108976326
59009,1,7,8,9.331789224180664
59022,1,7,10,10.130381516529587
59032,1,7,4,0.3586790108976326
59046,1,7,10,11.699363393875862
59055,1,7,4,0.358679009087165
59065,1,7,7,1.6899488979948825
59082,1,7,10,11.1014498200616
59090,1,7,8,9.726796441086773
59091,1,7,9,16.753700717465527
59092,1,7,5,0.3586789934097332
59112,1,7,9,15.82603245715119
59120,1,7,6,22.582616305167313
59123,1,7,4,0.3586790108976326
59134,1,7,6,21.240235809202428
59166,1,7,6,23.402330514974626
59174,1,7,10,20.779539525804218
59183,1,7,6,20.00093810096698
59191,1,7,6,14.508791965398805
59208,1,7,5,0.3586789934097332
59212,1,7,9,22.372202175646212
59213,1,7,10,10.83133907567465
59216,1,7,1,22.808391935676635
59218,1,7,4,0.3586790108976326
59244,1,7,10,10.456922238035151
59254,0,7,0,0.02307936231208401
59276,1,7,3,2.4266220364905338
59280,1,7,7,3.738068081024197
59281,1,7,9,26.400766475220788
59283,1,7,7,0.3697971723549251
59291,1,7,8,22.99004531366244
59297,1,7,6,7.440526818314404
59358,1,7,2,6.761489153055291
59372,0,7,0,0.011786657690835351
59380,1,7,9,22.787275413301835
59390,1,7,7,3.9470618960232238
59403,1,7,5,0.3586789949470627
59405,1,7,5,0.3586789949470627
59414,1,7,9,23.13440510724557
59423,1,7,10,17.785708027316893
59424,1,7,1,18.63881496406345
59431,1,7,5,0.3586789934097332
59460,1,7,4,0.3586790108976326
59482,1,7,5,0.3586789934097332
59483,1,7,4,0.3586790108976326
59489,1,7,10,11.037372223415801
59491,1,7,9,16.466870315578163
59541,1,7,9,13.230240801654956
59545,1,7,10,16.022410502354905
59546,1,7,10,9.687614130381213
59573,1,7,5,0.3586789934097332
59589,1,7,8,7.496352558105344
59600,1,7,7,4.45952725365023
59609,1,7,10,16.09566674326479
59617,1,7,4,0.3586790108976326
59626,1,7,8,24.76951146301525
59661,1,7,3,1.080715496308339
59676,0,7,0,0.0807853437669297
59712,1,7,5,0.3586789934097332
59717,1,7,9,5.870799472164876
59718,1,7,1,17.134451208135946
59729,1,7,7,3.5956506842408227
59730,1,7,4,0.3586790108976326
59740,1,7,5,0.3586789934097332
59750,1,7,8,7.401916591201765
59751,1,7,4,0.3586790108976326
59776,1,7,6,21.38169826477633
59784,0,7,0,0.014733558835364074
59793,1,7,4,0.358679009087165
59809,1,7,8,3.845490820816575
59811,1,7,7,4.615205562084327
59814,1,7,5,0.3586789934097332
59817,1,7,8,25.83457333310758
59827,1,7,10,19.022431730469286
59829,1,7,5,0.3586789934097332
59840,1,7,9,13.58241201586672
59842,1,7,6,17.811532931845264
59846,0,7,0,0.018325541395466723
59851,1,7,5,0.3586789934097332
59853,1,7,6,5.591403035654432
59865,1,7,10,16.485662948093733
59885,1,7,1,21.225730802577058
59886,1,7,2,8.596660638653026
59909,1,7,9,23.635333704541445
59913,0,7,0,0.1210190409625361
59915,1,7,5,0.3586789934097332
59922,1,7,10,7.306863156933475
59925,1,7,8,17.179758060088425
59936,1,7,6,10.17170381825278
59956,1,7,8,18.689239062219542
59959,1,7,2,2.5956829579883713
59962,1,7,9,24.981531835921295
59965,0,7,0,0.04983362454249799
60000,0,7,0,0.03302848122981258
60008,1,7,8,21.74547889525295
60013,1,7,1,22.5397482676472
60020,1,7,4,0.3586790108976326
60033,1,7,5,0.3586789934097332
60038,1,7,6,20.24254062005479
60045,1,7,5,0.3586789934097332
60060,1,7,4,0.358679009087165
60075,1,7,10,10.01313056311904
60089,1,7,4,0.3586790108976326
60100,1,7,4,0.3586790108976326
60108,1,7,4,0.3586790108976326
60110,1,7,6,15.772512193161843
60124,1,7,6,23.138510760568693
60137,1,7,6,15.746438433795431
60139,1,7,9,23.771811443845795
60146,1,7,8,15.45352884574852
60151,1,7,5,0.3586789934097332
60168,1,7,6,6.78584488444391
60173,1,7,9,7.110258932953407
60178,1,7,6,23.653188774997478
60184,1,7,4,0.3586790108976326
60185,1,7,4,0.3586790108976326
60191,1,7,4,0.3586790108976326
60196,1,7,3,2.299716538590233
60203,1,7,4,0.3586790108976326
60214,1,7,5,0.3586789934097332
60219,0,7,0,0.03168109194224557
60229,1,7,9,21.099381392476552
60257,1,7,10,18.702649320970632
60267,1,7,4,0.3586790108976326
60289,1,7,6,10.892685602276025
60294,1,7,8,22.412553488648378
60300,1,7,6,8.708110687134425
60350,1,7,7,1.2370160983132463
60354,1,7,9,11.385846920926165
60359,1,7,1,15.553036104236337
60404,1,7,9,24.374362428935736
60406,1,7,1,17.131054603243033
60417,1,7,6,13.41780162916205
60420,1,7,5,0.3586789949470627
60439,1,7,4,0.3586790108976326
60459,1,7,2,10.681689977406183
60462,0,7,0,0.02524201488893377
60470,1,7,4,0.3586790108976326
60477,1,7,8,15.640079018210601
60494,1,7,9,12.414254033463273
60495,1,7,4,0.3586790108976326
60506,1,7,6,21.26348168972901
60513,1,7,5,0.3586789934097332
60524,1,7,4,0.3586790108976326
60528,1,7,8,15.59534212292153
60533,1,7,1,21.89693898900724
60538,1,7,8,19.299815361411152
60541,1,7,1,20.46555021535377
60551,1,7,10,12.27437278487224
60552,1,7,8,5.41845453805539
60554,1,7,9,5.714931597497678
60564,1,7,9,25.910818658095735
60582,1,7,10,12.69454315033861
60589,1,7,9,25.71343519530245
60605,1,7,9,18.255756700896722
60606,1,7,8,8.634732210657846
60621,0,7,0,0.03853410282543089
60671,1,7,2,7.862812225952287
60691,1,7,4,0.3586790108976326
60711,1,7,5,0.3586789934097332
60712,1,7,8,11.741323645514603
60720,1,7,1,17.700920080593985
60727,0,7,0,0.016101521492867518
60732,1,7,10,19.36847014470288
60745,1,7,5,0.3586789949470627
60746,1,7,9,6.079709734320471
60749,1,7,5,0.3586789934097332
60758,1,7,10,12.40592116050652
60761,1,7,9,25.96765228574704
60763,1,7,6,16.67324868087385
60770,1,7,10,4.651324179328704
60771,1,7,8,20.203543350105022
60774,1,7,10,16.31157480145084
60780,1,7,1,12.574056191265859
60790,1,7,3,2.402172427199575
60794,1,7,9,16.12954565369792
60796,1,7,8,27.208220608189436
60798,1,7,9,13.455928237198727
60801,1,7,1,18.96763334906547
60810,1,7,2,10.673826684409615
60814,1,7,8,23.082790558014782
60828,1,7,7,2.578187507145259
60841,1,7,8,21.51702966378624
60843,1,7,9,15.24266830114866
60855,1,7,7,3.790849512855605
60873,1,7,4,0.3586790108976326
60882,1,7,9,23.429415532984613
60886,1,7,9,11.978980018397573
60888,1,7,8,4.358139351162634
60898,1,7,8,16.86801240496552
60899,1,7,2,13.8752608458217
60901,1,7,9,24.618133836677533
60914,0,7,0,0.012214277883393491
60933,1,7,5,0.3586789934097332
60945,1,7,5,0.3586789934097332
60956,1,7,9,15.42104184816817
61006,1,7,5,0.3586789949470627
61007,1,7,4,0.358679009087165
61011,1,7,5,0.3586789934097332
61022,1,7,7,2.7988121338438003
61026,1,7,4,0.3586790108976326
61035,1,7,1,22.690091692930444
61057,1,7,5,0.3586789934097332
61058,1,7,3,2.4256451108199024
61060,1,7,5,0.3586789934097332
61072,1,7,1,20.077159916794304
61078,1,7,1,12.501979436597427
61081,1,7,8,13.385955457100994
61082,1,7,5,0.3586789934097332
61090,1,7,1,6.171740793318791
61096,0,7,0,0.01262573718636923
61124,1,7,6,23.589339249645587
61130,1,7,7,1.8328892495581872
61141,1,7,5,0.3586789934097332
61145,1,7,1,14.778108797941302
61151,1,7,8,6.019783077540571
61157,1,7,6,16.845941648905466
61162,1,7,1,20.081410665356447
61164,1,7,8,14.468582464258091
61181,1,7,8,14.766391501845218
61189,1,7,4,0.3586790108976326
61207,1,7,3,1.083972266944486
61214,1,7,9,14.231580686265861
61236,1,7,4,0.3586790108976326
61240,1,7,5,0.3586789934097332
61275,1,7,8,14.20276045609029
61288,1,7,10,10.298538197645332
61301,1,7,10,9.81428084371871
61304,1,7,8,16.280869164239366
61338,0,7,0,0.024826467399270195
61348,1,7,8,12.716381686536762
61371,1,7,6,22.59045605306752
61380,1,7,5,0.3586789934097332
61386,1,7,7,1.6213988316163723
61390,1,7,8,17.44644940793658
61403,1,7,9,25.639991501916775
61404,1,7,10,4.523601334249319
61405,0,7,0,0.24883671754813416
61413,1,7,4,0.3586790108976326
61424,1,7,1,19.053557530469412
61451,1,7,6,21.009038754225617
61457,1,7,6,14.570869082580991
61461,1,7,8,15.612642973093289
61474,1,7,8,16.500766281266092
61500,1,7,2,10.181669408322545
61509,1,7,10,17.015746094952615
61537,1,7,1,16.747615895753256
61556,1,7,7,1.1599949531872693
61571,1,7,7,4.270488005537219
61615,1,7,6,11.043329736845168
61635,1,7,9,23.10445820464105
61636,1,7,8,15.670711853268445
61639,1,7,9,21.095406524549805
61680,1,7,10,19.184751873081744
61697,1,7,1,13.868387326833993
61705,1,7,2,9.856607442370471
61729,1,7,5,0.3586789934097332
61732,1,7,10,17.392085709949114
61745,0,7,0,0.015034791266532066
61752,0,7,0,0.026762402305552015
61760,1,7,6,23.03105158729966
61777,1,7,3,1.6025279730374236
61787,1,7,1,18.36952264744802
61808,1,7,3,2.3073295359778307
61811,1,7,9,20.609759504095603
61813,1,7,6,10.908993458745465
61821,1,7,6,23.45912681571327
61840,1,7,9,25.276617217135595
61844,0,7,0,0.014156652643661668
61866,1,7,9,26.024807391194653
61869,1,7,4,0.3586790108976326
61885,1,7,6,12.089559655868975
61889,1,7,6,18.72249390178454
61900,0,7,0,0.01894023386690086
61906,1,7,4,0.3586790108976326
61913,1,7,8,6.532266793799986
61917,1,7,9,20.321808721820524
61919,1,7,4,0.3586790108976326
61922,1,7,10,7.082601639962591
61930,1,7,5,0.3586789934097332
61938,1,7,6,9.47110238200932
61939,1,7,7,3.1393080425688233
61942,1,7,10,13.401205207434304
61951,1,7,7,4.241080217092236
61956,0,7,0,0.023304731853356297
61967,1,7,9,3.3160930700355724
61972,1,7,6,5.293162143874315
61977,1,7,5,0.3586789934097332
61979,1,7,5,0.3586789934097332
61995,1,7,5,0.3586789934097332
61999,1,7,6,7.4449107611210446
62005,1,7,9,6.191076272427225
62027,1,7,8,10.54691911573044
62032,1,7,8,23.00247919262292
62041,1,7,5,0.3586789934097332
62045,1,7,10,8.17515305972259
62049,0,7,0,0.015573195765492716
62051,1,7,5,0.3586789934097332
62053,1,7,10,10.922131729953515
62060,1,7,8,13.814901264338925
62077,1,7,2,5.838419779139144
62082,1,7,6,13.007952669434454
62083,1,7,10,16.72734594801158
62112,1,7,6,9.313450257655722
62115,1,7,10,20.106311372956768
62122,1,7,8,15.722609427817623
62123,1,7,9,16.22769998732088
62133,1,7,5,0.3586789934097332
62145,0,7,0,0.11629942476824232
62160,1,7,7,3.40204558654528
62184,1,7,9,24.570677613416997
62185,0,7,0,0.027544470512792626
62188,1,7,8,7.517367102131989
62207,1,7,1,13.868154023485488
62216,1,7,9,25.161398811954157
62229,1,7,8,23.093304201430485
62231,1,7,7,1.735264667688843
62255,0,7,0,0.21313468481655504
62260,1,7,1,18.501986188433523
62263,1,7,4,0.3586790108976326
62301,1,7,6,13.503333886634099
62311,1,7,9,19.71979736202703
62312,1,7,5,0.3586789934097332
62328,1,7,5,0.3586789934097332
62339,1,7,10,14.062194876722543
62340,1,7,6,7.894833422516998
62349,1,7,1,14.604062205990424
62350,1,7,8,25.525910061800673
62367,1,7,8,23.439438981471792
62368,1,7,9,5.700729886668942
62373,1,7,3,2.339757409688077
62378,0,7,0,0.020887081317320824
62383,1,7,5,0.3586789934097332
62384,1,7,1,10.060142261121868
62409,1,7,9,25.937771529095244
62410,1,7,6,20.30662487499384
62412,1,7,1,16.06557728893049
62417,1,7,5,0.3586789934097332
62438,1,7,9,23.270774900765765
62441,1,7,5,0.3586789934097332
62451,1,7,1,20.91832615821857
62463,1,7,3,2.3471970282252745
62479,1,7,5,0.3586789934097332
62494,1,7,9,19.351335264030258
62497,1,7,9,5.496020723993503
62524,1,7,9,25.238802453763128
62542,1,7,7,2.5350004954852174
62547,1,7,6,19.956790979712657
62553,1,7,3,2.334874744086492
62572,1,7,9,4.272501278728083
62586,1,7,9,25.48596867773973
62597,1,7,6,15.547291352714094
62600,1,7,9,19.08267246523414
62604,1,7,8,9.959775606621141
62614,1,7,9,26.17901131406467
62635,1,7,10,7.170058663796389
62674,1,7,5,0.3586789949470627
62676,1,7,1,3.9713447445193943
62704,1,7,1,16.615108965224458
62708,1,7,4,0.3586790108976326
62712,1,7,7,1.7580317500703562
62717,0,7,0,0.021089552125996544
62720,1,7,6,15.163567569924139
62722,1,7,9,21.775717799340576
62729,1,7,1,14.828691150165886
62745,1,7,4,0.3586790108976326
62747,1,7,10,12.373188385511916
62750,1,7,4,0.3586790108976326
62757,1,7,9,13.131094157978065
62786,1,7,8,14.685610095302637
62806,1,7,9,21.02833882260588
62808,1,7,2,12.21476569247896
62809,1,7,6,14.975705343717589
62820,1,7,6,6.31442444015677
62836,1,7,7,4.468834926813158
62841,1,7,9,24.127066876346852
62850,1,7,8,22.776227989192968
62851,1,7,8,26.285200969512122
62853,1,7,9,22.801705959911526
62855,1,7,1,22.04661309537495
62878,1,7,4,0.3586790108976326
62881,1,7,9,3.5254271637153587
62886,1,7,8,24.569436137670415
62890,1,7,6,12.313703980159701
62895,1,7,2,12.216420404960848
62912,1,7,1,12.375520527954766
62932,1,7,10,15.30434691415547
62938,1,7,8,21.59244310492723
62955,1,7,2,10.280331766686722
62957,1,7,10,8.242183470463843
62960,1,7,2,4.881104224400756
62964,1,7,5,0.3586789934097332
62972,1,7,5,0.3586789934097332
62973,1,7,10,7.47961745675035
62978,1,7,4,0.3586790108976326
62984,1,7,5,0.3586789934097332
63014,1,7,9,14.053249405874926
63033,1,7,9,5.089463804797927
63044,1,7,8,24.604675049621246
63053,1,7,9,25.044685102948502
63068,1,7,3,1.1768139688756758
63073,1,7,4,0.3586790108976326
63105,1,7,4,0.3586790108976326
63116,1,7,6,20.885856241107117
63127,1,7,10,12.90352382483808
63128,1,7,2,9.382173850202928
63129,1,7,10,18.148789431957105
63140,1,7,10,5.596754229551199
63159,1,7,6,22.56698574922396
63175,1,7,10,21.127648098057932
63185,1,7,10,15.86939108550498
63188,1,7,8,27.967933459352672
63189,1,7,8,11.955412209155268
63190,1,7,4,0.3586790108976326
63205,1,7,1,9.219032369341791
63211,1,7,6,19.40325480603557
63226,1,7,10,9.317536205052287
63241,1,7,10,9.545183670131111
63243,0,7,0,0.015308040248422848
63265,1,7,1,20.86280318175262
63279,1,7,4,0.358679009087165
63288,1,7,9,15.23538178110638
63291,1,7,4,0.3586790108976326
63298,1,7,9,20.105123321494112
63299,1,7,10,7.003553132707357
63312,1,7,8,4.762351514835159
63314,1,7,9,18.278233510889006
63316,1,7,8,24.90058120124664
63328,1,7,5,0.3586789934097332
63330,1,7,6,23.349391976087485
63348,1,7,7,0.8395183298088331
63353,1,7,9,24.32284316004064
63360,1,7,4,0.3586790108976326
63363,1,7,9,12.538423057496056
63376,1,7,9,26.314948887859302
63381,1,7,9,22.103507370869483
63382,1,7,4,0.3586790108976326
63393,1,7,3,1.922737620166919
63398,1,7,8,23.395500947176817
63408,1,7,1,16.602351464861503
63413,1,7,8,19.43751428230215
63414,1,7,10,13.514191978955099
63422,1,7,5,0.3586789934097332
63426,0,7,0,0.024176156348798872
63427,1,7,5,0.3586789934097332
63429,1,7,4,0.3586790108976326
63432,1,7,8,18.91664022775015
63447,1,7,6,23.038649252549103
63456,1,7,5,0.3586789934097332
63466,1,7,9,12.587748823944981
63483,1,7,2,3.4318566268955384
63484,1,7,7,1.7700645651829434
63494,1,7,9,12.066601069059292
63523,1,7,10,19.133178870779858
63531,1,7,6,12.959532352261464
63540,1,7,9,25.82063007488739
63547,1,7,4,0.3586790108976326
63558,1,7,9,7.362262724955952
63582,1,7,9,15.255135064410714
63607,1,7,8,23.48688251763924
63611,1,7,6,19.26784004378506
63612,1,7,5,0.3586789934097332
63643,1,7,9,25.166451432787216
63661,1,7,5,0.3586789934097332
63666,1,7,8,12.895448809969421
63668,0,7,0,0.03025835476378443
63673,1,7,9,25.172377072432646
63690,1,7,9,16.43633067406902
63699,1,7,10,12.166804856273203
63709,1,7,8,15.710090235795832
63716,1,7,6,18.357562350448504
63723,1,7,6,23.807983120471704
63724,1,7,8,5.861417372433708
63726,1,7,8,9.734028415945886
63735,1,7,9,24.94862301246556
63762,1,7,4,0.3586790108976326
63768,1,7,9,24.57532576603011
63786,1,7,8,11.167742317080306
63792,1,7,7,4.26236770178734
63809,1,7,9,14.87733478156508
63830,1,7,7,0.34454563630038926
63871,1,7,3,0.7928680419713041
63872,1,7,1,18.357940556469675
63902,1,7,9,5.294121143915408
63903,1,7,3,2.063981871536832
63904,1,7,5,0.3586789949470627
63907,1,7,6,7.863464580806254
63920,1,7,6,22.125776908809314
63931,1,7,8,9.430800600075413
63933,1,7,1,16.022656864160076
63956,1,7,7,3.324433684733877
63972,1,7,5,0.3586789934097332
63976,1,7,2,11.124960837976372
63979,1,7,6,21.25900770049091
63985,1,7,10,3.388310004947558
64004,1,7,10,7.057662112619665
64018,1,7,5,0.3586789934097332
64028,1,7,9,11.27137033054092
64029,1,7,6,17.763378868664365
64030,1,7,8,23.71314044030869
64033,1,7,10,5.389944829900032
64044,1,7,9,10.639055965791679
64056,1,7,4,0.3586790108976326
64063,1,7,1,7.1220304661076295
64069,1,7,10,19.99982627117242
64086,1,7,8,20.582210950944557
64096,1,7,7,4.080184996190006
64117,1,7,1,20.464841664598524
64126,1,7,5,0.3586789934097332
64143,1,7,5,0.3586789934097332
64153,0,7,0,0.01898824163961347
64156,1,7,5,0.3586789934097332
64168,1,7,8,14.13620185370778
64172,1,7,1,22.975175713553288
64186,1,7,5,0.3586789934097332
64195,1,7,4,0.3586790108976326
64200,1,7,1,16.090475480412717
64201,1,7,4,0.358679009087165
64207,1,7,6,13.341992155430422
64208,1,7,4,0.3586790108976326
64222,1,7,5,0.3586789934097332
64223,1,7,8,12.868944097313479
64231,1,7,5,0.3586789934097332
64237,1,7,9,22.505148042018387
64249,1,7,10,5.5964973001911975
64279,1,7,4,0.3586790108976326
64280,1,7,4,0.3586790108976326
64282,1,7,4,0.3586790108976326
64303,1,7,8,10.659494861145216
64305,1,7,6,23.254832987240544
64312,1,7,9,26.381909542388776
64332,1,7,9,23.49932239269035
64379,1,7,6,12.287494645343624
64384,1,7,6,23.196880612381566
64385,1,7,8,17.375587634104086
64404,1,7,10,7.393931665208437
64428,1,7,1,7.229308079507599
64440,1,7,2,8.227046872546186
64461,1,7,5,0.3586789934097332
64474,1,7,10,12.37797746828897
64476,0,7,0,0.19600568862748807
64478,1,7,2,8.685004956155597
64495,1,7,6,8.636421903515398
64516,1,7,3,2.4032996327661738
64522,0,7,0,0.2531461591148513
64532,1,7,5,0.3586789934097332
64541,1,7,6,6.4341267871843595
64552,1,7,8,14.413986838035795
64554,1,7,7,2.4147615747430424
64555,1,7,8,19.45294828195483
64566,1,7,6,10.68379950473554
64571,1,7,9,25.7994061029411
64585,1,7,9,9.773317064439857
64593,1,7,1,14.378099093813772
64606,1,7,7,1.6210636368237625
64619,1,7,6,9.148935384645064
64622,1,7,2,7.838697083831156
64623,1,7,9,2.7357841901195425
64625,1,7,8,15.63908851654066
64627,1,7,9,7.86262466768111
64628,1,7,6,23.05938329325207
64641,1,7,10,21.2645331750134
64661,1,7,10,6.857893830845035
64663,1,7,5,0.3586789934097332
64688,1,7,9,13.922327326688862
64689,1,7,5,0.3586789934097332
64693,1,7,6,7.165525611209104
64715,1,7,6,16.87160287073004
64718,1,7,6,8.173918658849542
64725,1,7,6,9.701502833230654
64734,1,7,8,27.41238274187414
64738,1,7,6,12.378617458868288
64762,1,7,1,22.648526373364117
64769,1,7,7,1.89759168495195
64800,1,7,8,14.068967727281478
64807,1,7,8,16.735271790729023
64817,1,7,8,21.264609023288276
64819,1,7,6,14.633953993892566
64821,1,7,4,0.3586790108976326
64827,1,7,10,11.367708523259383
64831,1,7,10,13.441789192560194
64833,1,7,1,5.799950557923952
64843,1,7,9,16.36638313362123
64845,1,7,10,5.089526059876844
64859,1,7,6,11.620395967346518
64872,1,7,10,10.484688358313761
64875,1,7,1,11.711726703397806
64880,1,7,6,14.952306776632549
64889,1,7,9,23.51552574881946
64894,1,7,8,8.271577236395794
64897,1,7,7,4.346658016847494
64903,1,7,1,6.887362741186736
64936,1,7,6,20.580351150833263
64946,1,7,4,0.3586790108976326
64959,1,7,9,14.745639047258633
64962,1,7,5,0.3586789934097332
64963,1,7,9,26.101969985785402
64979,1,7,9,23.701035012002812
64984,1,7,1,16.083015968752207
64994,1,7,6,23.419254668833982
64995,1,7,8,16.550059249664095
65005,1,7,3,1.6640632012356529
65051,1,7,3,2.3537358533270254
65056,1,7,9,21.940300440253175
65058,1,7,5,0.3586789934097332
65060,1,7,4,0.3586790108976326
65084,1,7,9,20.586354642526757
65086,1,7,6,22.13551190391513
65099,1,7,10,7.290894451918536
65110,1,7,9,13.88496064257788
65122,1,7,4,0.3586790108976326
65139,1,7,6,23.23552106861595
65157,1,7,4,0.358679009087165
65158,1,7,10,11.998605662658353
65162,1,7,8,16.56610023298897
65174,1,7,9,25.173189849736975
65183,1,7,6,3.8737083735316915
65184,1,7,6,20.01337932900678
65194,0,7,0,0.0337333535253005
65203,1,7,1,7.798615216281941
65224,1,7,9,7.4529800373211605
65225,1,7,9,10.595792927579518
65246,1,7,9,13.670052430491562
65251,1,7,5,0.3586789934097332
65255,1,7,9,16.964023481680485
65263,1,7,5,0.3586789934097332
65265,1,7,2,2.287932404686586
65278,0,7,0,0.02696714706886664
65286,0,7,0,0.09986715172429213
65305,1,7,10,10.4085342593296
65308,1,7,10,8.845765437503154
65330,1,7,8,24.786516888521383
65335,0,7,0,0.029017631382629822
65338,1,7,6,9.428745928577127
65363,1,7,8,21.5099150334002
65372,1,7,4,0.3586790108976326
65380,1,7,9,26.141152171779815
65381,1,7,4,0.3586790108976326
65402,1,7,9,23.574951536162132
65411,1,7,6,7.035156602475542
65420,1,7,3,2.4025227985377953
65423,1,7,8,24.49386444968745
65428,1,7,9,23.229837592362422
65430,0,7,0,0.014318038710897039
65435,1,7,9,13.926638792635195
65444,1,7,9,15.978145535472262
65445,1,7,6,17.692690332805828
65457,1,7,10,17.356818195985433
65460,1,7,5,0.3586789934097332
65466,1,7,3,1.120139958668369
65479,1,7,10,14.038397838882824
65483,1,7,4,0.3586790108976326
65503,1,7,7,2.358885384735688
65507,1,7,4,0.3586790108976326
65511,1,7,9,26.425521862707285
65535,1,7,5,0.3586789934097332
65554,1,7,3,2.2183982075235265
65557,1,7,10,17.852042380620162
65595,1,7,4,0.3586790108976326
65597,1,7,6,8.864739315186416
65601,1,7,5,0.3586789934097332
65616,1,7,4,0.3586790108976326
65617,1,7,1,4.419609864368552
65625,1,7,9,23.64061408538215
65630,0,7,0,0.01964581092760619
65636,1,7,9,15.146212510494577
65638,0,7,0,0.023872772574494265
65657,1,7,8,10.413424376539743
65667,1,7,8,21.385657082543094
65668,1,7,8,11.717218107368558
65678,1,7,3,1.6747640469598808
65698,1,7,8,5.315744147816985
65704,1,7,8,12.503362843086425
65709,1,7,8,28.23442691717891
65712,1,7,9,23.8469261033299
65713,1,7,8,18.68918065015313
65729,1,7,10,6.0348157100533895
65750,1,7,9,8.715118310127512
65769,1,7,6,11.293602780940725
65775,1,7,10,5.878330475432617
65778,1,7,2,3.6719170692826717
65780,1,7,4,0.3586790108976326
65781,1,7,6,13.517678982792818
65794,1,7,10,7.110635092562886
65795,1,7,6,18.44849555954701
65808,1,7,8,15.472258457880384
65820,1,7,8,28.524600381291044
65831,1,7,2,10.05274934350846
65836,1,7,3,1.0595719547749913
65837,1,7,1,19.015617468743276
65842,1,7,8,4.510914582620764
65864,1,7,10,12.917310454983722
65869,1,7,10,20.479710929132686
65875,1,7,2,6.545597057477179
65889,1,7,4,0.3586790108976326
65890,1,7,8,23.089631526913283
65968,1,7,10,16.391216852940154
65971,0,7,0,0.018412661710986943
65978,1,7,9,24.6159141156674
65980,1,7,8,15.715136817455894
66015,1,7,4,0.3586790108976326
66030,1,7,4,0.3586790108976326
66033,1,7,8,8.837042736537688
66035,1,7,3,1.7438525085675076
66039,1,7,3,2.4274485744435124
66051,1,7,9,16.04080095973446
66052,1,7,2,13.458901264290041
66055,1,7,2,13.427857722025577
66082,1,7,6,13.824046072540535
66083,0,7,0,0.025787263822882565
66084,1,7,3,1.374419178639911
66086,1,7,2,2.294178762739439
66119,1,7,9,8.128011229824356
66121,1,7,8,10.110813105560501
66135,1,7,5,0.3586789934097332
66138,1,7,4,0.3586790108976326
66140,1,7,6,13.91944279182573
66141,1,7,8,18.720170752494813
66149,1,7,6,13.821646153248576
66153,1,7,9,9.834106195035842
66180,1,7,5,0.3586789934097332
66223,1,7,8,13.674827683100624
66254,1,7,6,20.052708261786503
66255,1,7,9,15.385828639725446
66298,1,7,2,9.319603566560424
66299,1,7,10,9.926471571154183
66334,0,7,0,0.024554912844128668
66338,1,7,9,25.52715591250058
66339,1,7,10,11.710324793312456
66349,1,7,10,15.33058302372674
66367,1,7,9,11.664243331353962
66390,1,7,4,0.3586790108976326
66393,1,7,5,0.3586789934097332
66413,1,7,4,0.3586790108976326
66429,1,7,3,2.074940634470952
66435,1,7,10,2.908742985316195
66438,1,7,9,25.39732359620065
66444,1,7,8,22.370564499668095
66464,1,7,5,0.3586789934097332
66471,1,7,6,14.782863890827729
66475,1,7,7,4.317988927001031
66482,1,7,9,25.180872430092705
66499,1,7,1,14.79991364333884
66501,1,7,5,0.3586789934097332
66514,1,7,9,22.07172825004595
66520,1,7,9,14.262265197242678
66527,1,7,5,0.3586789934097332
66543,1,7,6,5.61140689284888
66548,0,7,0,0.01557358613018593
66550,1,7,9,12.403931200033787
66558,1,7,8,14.223269162447817
66565,1,7,9,10.296832572595793
66568,1,7,9,22.531453549143407
66586,1,7,9,22.48387536095146
66587,1,7,4,0.3586790108976326
66595,1,7,2,5.3786327595320715
66614,1,7,8,18.236161136562952
66619,1,7,1,17.522276951212305
66625,1,7,8,27.834882282619887
66657,1,7,9,15.739465031977623
66659,1,7,6,23.404344827830613
66662,1,7,5,0.3586789934097332
66664,1,7,8,24.57882415887371
66673,1,7,5,0.3586789934097332
66696,1,7,6,22.841061022990964
66719,1,7,1,3.638022430218781
66727,1,7,2,3.4590971690468355
66728,0,7,0,0.027893945422203827
66729,1,7,2,4.688713714980659
66734,1,7,4,0.3586790108976326
66743,1,7,8,23.13061638287641
66753,1,7,5,0.3586789934097332
66761,1,7,10,3.3292562512094
66790,1,7,4,0.358679009087165
66799,1,7,8,18.149759511115217
66808,1,7,8,24.56498105156537
66814,1,7,6,12.123131494641
66817,1,7,8,12.006776750781212
66841,1,7,9,14.003544917208039
66844,1,7,9,18.287525127594975
66855,1,7,4,0.3586790108976326
66859,1,7,7,1.8092445303558222
66868,1,7,7,2.533420007020261
66876,1,7,8,23.02311667116921
66881,1,7,9,15.267757308499759
66892,1,7,9,9.33474163800025
66902,1,7,5,0.3586789934097332
66909,1,7,7,4.169773799034755
66917,1,7,8,20.575234367462095
66919,1,7,6,12.603688402302431
66931,1,7,6,4.703731644584903
66932,1,7,8,24.55455566809157
66936,1,7,10,16.955228335414112
66940,1,7,6,12.094007729879804
66974,1,7,9,23.469953098399497
66984,1,7,8,5.164182392196549
66993,1,7,8,16.37390277042359
66998,1,7,5,0.3586789934097332
66999,1,7,9,7.109956308648638
67013,1,7,3,1.9693623491826595
67019,1,7,8,26.349636233884073
67037,1,7,6,4.153091568085402
67041,1,7,6,23.74733204150967
67042,1,7,8,8.563709694042904
67054,1,7,10,15.686266735107116
67060,1,7,3,2.4531905362602906
67071,1,7,3,2.067492462249755
67091,1,7,4,0.3586790108976326
67097,1,7,5,0.3586789934097332
67101,1,7,10,13.24894043180395
67110,1,7,8,22.426429527292
67122,1,7,7,3.6597452774088537
67133,1,7,8,16.448688085836544
67135,1,7,8,13.701144211156276
67137,1,7,1,16.279521389586225
67143,1,7,4,0.3586790108976326
67150,1,7,9,14.771438558959925
67168,1,7,7,0.7123101899912404
67174,1,7,8,23.106817348906795
67177,1,7,6,14.350025206643057
67189,1,7,10,15.953662156241368
67202,1,7,5,0.3586789934097332
67229,1,7,6,7.626197180388943
67230,1,7,2,7.374586167708449
67231,1,7,6,20.81408880305101
67238,1,7,4,0.3586790108976326
67241,1,7,5,0.3586789934097332
67242,1,7,1,5.351692264740076
67254,1,7,3,1.0405956212449488
67255,1,7,4,0.3586790108976326
67271,1,7,8,11.128726387575336
67286,1,7,2,4.416727429490959
67288,1,7,9,21.57162981609858
67293,1,7,5,0.3586789934097332
67294,1,7,9,15.525293569396037
67320,1,7,5,0.3586789934097332
67326,1,7,10,6.673159050518404
67342,1,7,7,1.5204080510151838
67357,1,7,4,0.3586790108976326
67359,0,7,0,0.0147979165971217
67362,1,7,4,0.3586790108976326
67371,1,7,3,1.0961257062381564
67381,1,7,6,21.83451448214772
67389,1,7,1,21.626131991632054
67398,1,7,2,12.95558319701381
67403,1,7,9,20.98651493204359
67424,1,7,4,0.3586790108976326
67438,1,7,8,23.12080571168684
67443,1,7,8,20.581195241911033
67445,1,7,1,11.629474147670047
67448,1,7,5,0.3586789934097332
67451,1,7,9,26.112927475739472
67466,1,7,4,0.3586790108976326
67468,1,7,6,14.340282677268423
67478,1,7,10,11.614798124296984
67479,1,7,8,16.604006953721985
67485,1,7,5,0.3586789934097332
67493,1,7,9,16.753255701701068
67505,1,7,5,0.3586789934097332
67520,1,7,1,23.161843990899474
67540,0,7,0,0.012644405557398913
67552,1,7,3,2.3409938064143496
67568,1,7,9,19.514885615874366
67572,1,7,8,25.675216461641913
67573,1,7,10,11.072271340098997
67579,1,7,8,25.17177214629973
67582,1,7,5,0.3586789934097332
67590,1,7,8,16.161337871592636
67611,1,7,10,20.51806954020424
67620,1,7,9,10.928136568440257
67624,1,7,8,17.553232592551424
67649,1,7,8,26.748387706773123
67651,1,7,1,7.365945818541809
67653,1,7,8,8.588199351956861
67657,1,7,6,6.544208948907621
67659,1,7,1,10.044395308236
67669,1,7,6,20.5962086670446
67686,1,7,9,7.9768562641540255
67693,1,7,8,18.995287185302917
67702,1,7,5,0.3586789934097332
67706,1,7,9,16.57266639757189
67708,1,7,8,5.155476682320187
67724,1,7,9,9.482422700623548
67726,1,7,5,0.3586789934097332
67730,1,7,1,21.367800121146328
67731,1,7,9,18.272921392671595
67740,1,7,4,0.3586790108976326
67746,1,7,5,0.3586789934097332
67752,1,7,5,0.3586789934097332
67764,1,7,1,6.455567703014523
67766,1,7,6,9.964326144768144
67775,1,7,1,23.195454343090148
67786,1,7,8,27.540606870464284
67790,1,7,3,0.9971805832660552
67794,1,7,9,19.93312827958229
67800,1,7,5,0.3586789934097332
67806,1,7,4,0.3586790108976326
67811,1,7,9,11.833352186141003
67814,0,7,0,0.016057939586995577
67816,1,7,5,0.3586789934097332
67827,1,7,8,11.188799578862257
67845,1,7,5,0.3586789949470627
67859,1,7,8,18.656116370908364
67867,0,7,0,0.01821583053249607
67871,1,7,7,2.4093704495416217
67888,1,7,5,0.3586789934097332
67894,1,7,3,2.4223926727321814
67909,1,7,6,21.295768674183066
67911,1,7,1,21.14521385463999
67917,1,7,5,0.3586789934097332
67920,1,7,9,4.190407039203157
67930,1,7,9,24.145136209192444
67956,1,7,8,12.636763777146985
67971,1,7,9,23.535275939134795
67981,1,7,7,3.5801020852674648
67995,1,7,6,21.27720408243481
68011,1,7,4,0.3586790108976326
68014,1,7,6,7.62845398839276
68024,1,7,5,0.3586789934097332
68034,1,7,5,0.3586789934097332
68037,1,7,10,9.51830655844326
68067,1,7,2,3.2873615317740854
68070,1,7,9,21.83553570038899
68079,1,7,6,15.021671207833194
68093,1,7,6,14.684664973068484
68100,1,7,10,9.034831140263421
68106,1,7,6,11.844548324063325
68121,0,7,0,0.026551456887554073
68124,1,7,8,17.123374303597135
68127,1,7,1,17.72064375907104
68136,1,7,6,18.155021771717955
68144,1,7,7,1.5020683587223957
68167,1,7,3,2.4034761673492278
68181,1,7,3,2.397985265803448
68185,1,7,6,21.261672018314314
68187,1,7,5,0.3586789934097332
68205,1,7,4,0.3586790108976326
68206,1,7,4,0.3586790108976326
68207,1,7,9,12.553458965070131
68209,1,7,8,17.455240990517147
68222,1,7,5,0.3586789934097332
68228,1,7,10,19.685611537543753
68230,1,7,5,0.3586789934097332
68243,1,7,8,20.132452122079506
68270,1,7,9,14.60311125701633
68271,1,7,9,12.896718537553607
68290,1,7,8,17.526246841658455
68293,1,7,9,20.220278820007
68296,0,7,0,0.01799481575025478
68315,1,7,6,18.569208081447496
68316,1,7,9,16.07785435057
68328,1,7,4,0.3586790108976326
68337,1,7,6,14.511751901136076
68350,1,7,3,2.2287531527363518
68351,1,7,7,4.500934714457595
68353,1,7,10,9.9066475240997
68354,1,7,5,0.3586789934097332
68364,1,7,6,9.92144623436902
68366,1,7,7,4.408978147459039
68373,1,7,3,2.395622014228104
68388,1,7,4,0.3586790108976326
68407,1,7,10,9.128308932667696
68411,1,7,9,12.323033222866895
68419,1,7,9,20.448601523467477
68428,1,7,9,24.408559161662147
68430,1,7,7,1.956349846457389
68441,1,7,10,8.925241262669747
68444,1,7,5,0.3586789934097332
68450,1,7,8,19.633846167146302
68467,1,7,8,15.31753494666968
68468,1,7,8,25.247905630634097
68470,1,7,10,11.296930578113004
68473,1,7,8,19.058367771258773
68491,1,7,10,20.028016645426447
68494,1,7,8,8.176288708427945
68498,1,7,9,10.554591785867165
68515,1,7,9,13.2627990100513
68517,1,7,1,13.755775382500806
68519,1,7,9,18.33671444001344
68522,1,7,10,12.355055530211127
68529,1,7,10,21.257682756446005
68538,0,7,0,0.02563345411398977
68567,1,7,6,20.835541766587504
68592,1,7,7,1.4677168528508575
68636,1,7,9,10.177293853047871
68649,1,7,5,0.3586789934097332
68650,1,7,8,13.928235986140816
68680,1,7,8,19.68911695178933
68688,1,7,8,20.148715795019204
68694,1,7,7,2.0520873743961117
68695,0,7,0,0.022033212317230117
68698,1,7,10,12.1246505692513
68700,1,7,7,3.647503930835274
68702,0,7,0,0.015813386025483694
68716,1,7,9,3.5944396388256417
68726,1,7,1,5.86356136194448
68727,1,7,8,13.81909350241988
68734,1,7,8,28.45058420154054
68740,1,7,3,1.7842625865862518
68745,1,7,4,0.3586790108976326
68763,1,7,8,25.163683095040263
68765,1,7,8,10.610802118081045
68786,1,7,4,0.3586790108976326
68802,1,7,5,0.3586789934097332
68806,1,7,9,14.145909698237793
68821,1,7,9,17.721409727149304
68831,1,7,5,0.3586789934097332
68840,1,7,1,7.912094935553156
68849,1,7,6,13.744307822284512
68851,1,7,9,20.91207184960316
68859,1,7,10,16.837546141914064
68911,1,7,6,23.60439487472007
68918,1,7,3,2.357918416348505
68921,1,7,4,0.3586790108976326
68924,1,7,9,19.296734628498758
68931,0,7,0,0.023093696216115227
68953,1,7,5,0.3586789934097332
68957,1,7,9,11.713428345962402
68970,0,7,0,0.019993119688883468
68989,1,7,4,0.3586790108976326
69006,1,7,5,0.3586789934097332
69022,1,7,2,13.756923215454211
69069,1,7,6,5.5395716792548155
69072,1,7,9,12.970182679982521
69076,1,7,8,20.268446773087504
69086,1,7,4,0.3586790108976326
69094,1,7,8,25.66399756770716
69096,1,7,8,2.6418234970726813
69102,1,7,10,16.767172843261807
69107,1,7,3,0.9511681578839616
69135,1,7,10,4.4247446927684795
69148,1,7,9,12.664329791326058
69153,1,7,7,1.0602058710428348
69156,1,7,5,0.3586789934097332
69160,1,7,6,21.798220973942396
69204,0,7,0,0.012722061384480496
69211,1,7,6,15.130278440666801
69219,1,7,7,3.676148548988669
69231,1,7,9,19.990844906674173
69236,1,7,6,17.525483444074304
69240,1,7,8,28.48074726990189
69246,1,7,5,0.3586789934097332
69255,1,7,4,0.3586790108976326
69258,1,7,4,0.3586790108976326
69260,1,7,4,0.3586790108976326
69264,1,7,9,3.8191471843995926
69292,1,7,10,21.28653435943355
69294,1,7,2,11.530450795706331
69297,1,7,7,3.8651904820771623
69300,1,7,4,0.3586790108976326
69305,1,7,1,17.50849225248191
69311,1,7,6,14.397264248088764
69328,1,7,8,8.637317702972306
69330,1,7,4,0.3586790108976326
69337,1,7,6,12.031625183580797
69348,1,7,5,0.3586789934097332
69352,1,7,8,11.15946220134243
69357,1,7,8,15.717965884205338
69379,1,7,10,20.16720692110823
69393,1,7,2,10.508283884028227
69402,1,7,7,2.480203118806071
69410,1,7,5,0.3586789949470627
69428,1,7,1,13.561188944637912
69433,1,7,6,22.52190498823029
69445,1,7,1,22.996666673993257
69463,1,7,10,20.353542394452578
69470,1,7,6,14.279889791836018
69490,1,7,9,22.805842599401807
69498,1,7,8,17.140863144217093
69524,1,7,4,0.3586790108976326
69528,1,7,4,0.3586790108976326
69535,1,7,1,17.85791827514978
69536,1,7,7,3.9855121924582195
69544,1,7,3,2.3566796358921125
69586,1,7,7,4.466519323477494
69588,1,7,1,12.564293795686146
69596,1,7,10,5.646091585050324
69610,1,7,1,19.480380967411147
69622,0,7,0,0.2551601695835518
69623,1,7,8,28.461139088635885
69630,1,7,9,26.29543214263174
69658,1,7,1,13.66321418234033
69659,1,7,10,4.424110738773863
69673,1,7,10,5.371793085598861
69681,1,7,8,15.18768552639584
69685,1,7,6,21.974707868529826
69695,1,7,9,11.142159772330027
69716,1,7,10,18.666328486969828
69754,1,7,6,22.83858540867031
69770,1,7,8,14.536895472624352
69780,1,7,5,0.3586789934097332
69788,1,7,6,15.363787071319138
69793,1,7,9,25.16273201469262
69795,1,7,8,11.978914039438104
69796,1,7,8,17.672457462336656
69814,1,7,6,16.751629284237
69816,1,7,9,15.171141322400965
69825,1,7,9,23.456386945061453
69858,1,7,2,5.223875906131474
69864,1,7,9,5.00435233561167
69868,1,7,6,21.728527805703635
69890,1,7,10,7.7185978952174015
69892,1,7,5,0.3586789934097332
69900,1,7,5,0.3586789934097332
69901,1,7,2,8.92453076283866
69906,1,7,6,23.288287842293073
69928,1,7,8,18.81643410409511
69942,1,7,5,0.3586789934097332
69967,1,7,9,20.071796263768725
70008,1,7,5,0.3586789934097332
70020,1,7,5,0.3586789934097332
70032,1,7,5,0.3586789934097332
70033,1,7,1,9.889283152160935
70047,1,7,9,24.809222828910922
70056,1,7,1,13.997602820981793
70058,1,7,6,7.60875518322566
70094,1,7,7,0.7853374236661382
70098,1,7,8,19.879716839647315
70105,1,7,9,6.320350004935004
70121,1,7,6,8.709825508676598
70123,1,7,6,23.48403411348333
70128,1,7,8,19.894714314239174
70162,1,7,6,9.052939093834153
70164,1,7,9,9.412058094934865
70186,1,7,4,0.358679009087165
70195,1,7,5,0.3586789949470627
70201,1,7,5,0.3586789934097332
70203,1,7,2,8.569556099318357
70205,1,7,4,0.3586790108976326
70207,1,7,9,15.511361211241447
70220,1,7,5,0.3586789934097332
70223,1,7,7,3.7156419249170787
70230,1,7,7,3.578524071384305
70267,1,7,9,24.13438019917822
70282,1,7,9,14.530263024574447
70297,1,7,5,0.3586789934097332
70298,1,7,8,15.645615835183563
70301,1,7,1,19.496630500447726
70309,1,7,7,2.514285675616834
70319,1,7,9,19.857067454430762
70331,1,7,5,0.3586789934097332
70334,1,7,6,23.1287074830697
70355,1,7,2,3.9809638628446473
70358,1,7,9,15.980190827755163
70364,1,7,4,0.3586790108976326
70367,1,7,10,3.586284883762456
70376,1,7,9,15.127063071081633
70395,1,7,10,21.273014796903045
70408,1,7,9,16.7142626028917
70409,1,7,4,0.3586790108976326
70413,1,7,8,10.871640294786543
70426,1,7,10,9.293472906344856
70441,1,7,8,7.675608493057049
70449,1,7,5,0.3586789934097332
70450,1,7,9,22.598986843949806
70451,1,7,9,8.395102516974577
70476,1,7,6,12.27160333179446
70478,1,7,10,12.300088115077873
70480,1,7,3,1.542273966425381
70482,1,7,5,0.3586789934097332
70485,1,7,10,20.301215797037056
70492,1,7,5,0.3586789934097332
70530,1,7,5,0.3586789934097332
70539,1,7,4,0.3586790108976326
70547,1,7,9,12.608801605063976
70556,1,7,8,28.28455776120494
70557,1,7,3,2.315678989632769
70572,1,7,7,3.526186420849313
70575,0,7,0,0.12105211287687717
70579,1,7,8,22.794989330207233
70580,1,7,1,15.206832927111432
70589,1,7,4,0.3586790108976326
70591,1,7,5,0.3586789934097332
70594,1,7,9,16.340022801530495
70595,1,7,7,1.0326854567620194
70598,1,7,5,0.3586789934097332
70614,1,7,1,5.381351122209407
70618,1,7,8,12.375704433014691
70621,1,7,10,20.180706379785477
70638,1,7,10,6.993383646849355
70640,1,7,7,3.035118202512562
70642,1,7,6,18.860774075193568
70654,1,7,9,16.592551132240025
70681,1,7,10,7.956610780345258
70687,1,7,7,1.5015665363287902
70705,0,7,0,0.012397082365014179
70714,1,7,9,25.625297396824106
70736,1,7,3,0.892385101382327
70738,1,7,6,9.15652751557148
70757,1,7,9,17.59608353311825
70780,1,7,5,0.3586789934097332
70804,1,7,8,26.88573689526694
70823,1,7,3,2.2537345750184334
70830,1,7,7,3.1183573279962866
70840,1,7,5,0.3586789934097332
70855,1,7,5,0.3586789934097332
70858,1,7,6,19.906502483787047
70884,0,7,0,0.02298632709168395
70896,1,7,9,24.13505671245942
70901,1,7,10,11.70455885551849
70910,1,7,8,6.7023693657318315
70915,1,7,9,26.33956002835206
70928,1,7,2,5.163237118514294
70933,1,7,3,2.350328928551431
70938,1,7,9,18.36586986840879
70949,1,7,5,0.3586789934097332
70964,1,7,8,12.160334395067734
70965,1,7,8,14.341647923676614
70975,0,7,0,0.012921382501755818
70977,1,7,1,10.426861923399407
70997,1,7,10,19.70801112304415
70999,1,7,1,7.979352505716469
71002,1,7,9,15.093097341499458
71012,1,7,5,0.3586789934097332
71013,1,7,10,8.886608153182426
71021,1,7,10,7.769961959985809
71026,1,7,5,0.3586789934097332
71054,1,7,6,18.36945198864905
71064,1,7,4,0.3586790108976326
71078,1,7,3,2.3991825382725485
71099,1,7,9,19.59064432929501
71100,1,7,4,0.358679009087165
71103,1,7,9,24.093225239927243
71114,1,7,8,10.354803264269913
71122,1,7,8,13.578472121517068
71124,1,7,8,9.745360879192921
71126,1,7,7,3.755116056736239
71133,1,7,7,2.622658615142094
71135,1,7,9,18.117187858732294
71159,1,7,4,0.3586790108976326
71169,1,7,7,4.163962794026077
71170,1,7,4,0.3586790108976326
71176,1,7,9,14.87767579471987
71209,1,7,6,18.900203766857228
71211,0,7,0,0.012172152575291618
71214,0,7,0,0.2133382381897848
71222,1,7,5,0.3586789934097332
71231,1,7,5,0.3586789934097332
71242,1,7,5,0.3586789934097332
71243,1,7,6,21.53188876865324
71252,1,7,4,0.3586790108976326
71257,1,7,4,0.3586790108976326
71275,1,7,10,18.77019500202854
71276,1,7,5,0.3586789934097332
71277,1,7,8,19.5071352953076
71281,1,7,9,22.368339046662857
71284,1,7,9,9.191957409967786
71305,1,7,5,0.3586789934097332
71315,1,7,5,0.3586789934097332
71316,1,7,9,8.883284375253117
71328,1,7,9,18.56066671014777
71330,1,7,9,15.077093486557953
71331,1,7,5,0.3586789949470627
71333,1,7,6,19.40342565616921
71339,0,7,0,0.04479699995385325
71340,1,7,8,7.30516478851461
71347,1,7,1,20.402354882655036
71365,1,7,4,0.3586790108976326
71373,0,7,0,0.016383530450527255
71399,1,7,5,0.3586789934097332
71414,1,7,9,10.705529368069646
71426,0,7,0,0.023853467908760775
71430,1,7,5,0.3586789934097332
71431,1,7,9,15.567687823491074
71432,1,7,6,17.53522148434364
71436,1,7,9,12.021986382192141
71444,1,7,8,22.648205968807893
71452,1,7,9,17.732811794320174
71458,1,7,1,13.165828530833
71469,1,7,5,0.3586789934097332
71472,1,7,4,0.3586790108976326
71475,1,7,2,6.858022088335209
71492,1,7,9,12.467163946732162
71496,1,7,10,12.102615214997947
71512,1,7,6,22.12506372973294
71545,1,7,1,19.453553149511638
71553,1,7,4,0.3586790108976326
71564,1,7,8,19.341230699184308
71583,1,7,4,0.3586790108976326
71592,1,7,8,5.248010376908448
71598,1,7,8,22.340862569111835
71627,1,7,10,11.18958342032068
71659,1,7,8,12.77764875695899
71666,1,7,6,22.835675917465775
71670,1,7,9,18.834978900689162
71684,1,7,2,12.248295926543106
71695,1,7,4,0.3586790108976326
71703,1,7,8,18.896900195651376
71708,1,7,9,3.1538037049658416
71713,1,7,8,15.89977151375955
71715,1,7,4,0.3586790108976326
71719,1,7,4,0.3586790108976326
71725,1,7,1,16.80350269291818
71726,1,7,5,0.3586789934097332
71733,1,7,7,1.5518160553148705
71736,1,7,5,0.3586789934097332
71755,1,7,6,18.002841275435802
71761,1,7,8,13.316219097820346
71763,1,7,9,14.5849111475707
71791,1,7,3,2.2378989628758665
71796,1,7,9,12.012726413194367
71803,1,7,9,22.511806430968104
71805,1,7,4,0.3586790108976326
71810,1,7,1,4.912670607744809
71827,1,7,10,8.716136188458735
71834,1,7,9,12.96707880057879
71839,1,7,6,13.419957255514344
71841,1,7,6,23.60052734523071
71874,1,7,8,23.10691082911898
71879,1,7,10,9.314444015737847
71904,1,7,8,24.57678118531382
71908,1,7,10,16.858925797115354
71914,1,7,1,8.103879709420115
71918,1,7,6,13.5220574145085
71935,1,7,4,0.3586790108976326
71939,1,7,4,0.3586790108976326
71970,1,7,5,0.3586789949470627
71972,1,7,10,11.297035658581066
71990,1,7,5,0.3586789934097332
71992,1,7,10,21.234268931634674
72007,1,7,4,0.3586790108976326
72008,1,7,4,0.3586790108976326
72009,1,7,8,24.567766821987238
72020,1,7,5,0.3586789934097332
72026,1,7,5,0.3586789934097332
72059,1,7,10,5.890210625692324
72070,1,7,3,2.3754181819725093
72077,1,7,9,10.144738656356846
72079,1,7,10,19.676548997801643
72080,1,7,9,22.650224543311083
72081,1,7,7,0.3529928442761161
72082,1,7,10,11.684636254275004
72085,1,7,1,10.2488074928692
72126,1,7,3,2.399175467427757
72127,1,7,2,3.6567416065698066
72134,1,7,6,17.351063592904982
72138,1,7,4,0.3586790108976326
72143,1,7,9,6.552823285658463
72158,1,7,6,23.783640171312477
72166,1,7,8,25.742164764183265
72177,1,7,10,14.711142261368892
72179,1,7,9,16.73050170333086
72186,0,7,0,0.013630410363665767
72207,1,7,8,9.86347834569037
72217,0,7,0,0.028118409290239895
72227,1,7,7,4.089147055660883
72231,1,7,5,0.3586789934097332
72240,1,7,9,5.664323697530163
72250,0,7,0,0.02498361576338731
72276,1,7,9,16.166304958451644
72301,1,7,8,14.427878961634358
72310,1,7,8,8.615614453702175
72313,1,7,6,22.999497678615583
72316,1,7,6,10.580436634124144
72320,1,7,4,0.3586790108976326
72326,1,7,8,28.057742493258
72344,1,7,3,2.3701355900814383
72351,1,7,8,24.753953294380747
72354,1,7,3,2.3384401266843637
72356,1,7,6,11.846012040578332
72383,1,7,4,0.3586790108976326
72391,1,7,8,17.94429038621734
72409,1,7,10,18.722678635838573
72423,1,7,10,15.362810861496811
72438,1,7,8,16.020481349318274
72442,1,7,10,10.756662912501996
72448,1,7,4,0.3586790108976326
72454,1,7,9,7.926354573225154
72456,1,7,8,16.42846905516453
72466,1,7,2,10.114614241186915
72480,1,7,7,1.546851831135837
72487,1,7,1,8.520738749237028
72488,1,7,6,15.879198362478139
72504,0,7,0,0.016041800324278235
72525,1,7,8,16.467283531821163
72526,1,7,8,7.337505083942369
72527,1,7,10,15.768716262931028
72529,1,7,9,22.560075672984134
72545,1,7,7,4.200001786722027
72546,1,7,9,14.355989416233482
72547,1,7,5,0.3586789949470627
72561,1,7,8,6.7135194440804815
72573,1,7,10,17.08932211294716
72586,1,7,5,0.3586789934097332
72594,0,7,0,0.019942026367740964
72596,1,7,6,23.251218593367412
72608,1,7,8,16.661887819101413
72621,1,7,9,23.445582257959213
72637,1,7,1,8.559756501932085
72674,1,7,7,0.9570851953145104
72676,1,7,10,19.12094372974818
72689,1,7,6,10.516148426367485
72691,1,7,9,14.64940021274263
72694,1,7,6,12.915708767009933
72704,1,7,9,5.3738052839688635
72716,1,7,8,6.912044501499672
72731,1,7,9,18.369981870056492
72747,1,7,7,1.3062865323893387
72763,1,7,4,0.3586790108976326
72764,1,7,8,14.304376789274118
72778,1,7,5,0.3586789934097332
72829,0,7,0,0.03413545317747638
72833,1,7,4,0.3586790108976326
72835,1,7,10,20.961374684471206
72838,1,7,10,7.619275213274215
72855,1,7,1,21.754947218854223
72859,1,7,4,0.3586790108976326
72863,1,7,7,2.1972414342312594
72892,1,7,8,5.235097154835159
72898,1,7,2,10.138957598457218
72936,1,7,1,21.018563782707194
72952,1,7,10,5.832213566392375
72962,1,7,4,0.358679009087165
72978,1,7,9,15.703465284309516
72997,1,7,6,19.169819987337306
73000,1,7,7,2.183456330377778
73015,1,7,7,0.3501983134508113
73017,0,7,0,0.01751240867743852
73024,1,7,9,18.046662647094706
73035,1,7,7,0.7379360304976945
73037,1,7,7,0.3989882103876258
73039,1,7,6,6.781568198387962
73048,1,7,9,17.260694600071528
73075,1,7,5,0.3586789934097332
73119,1,7,1,18.188922274901078
73120,1,7,6,16.592680057818303
73135,1,7,4,0.3586790108976326
73138,1,7,8,19.88899094509807
73144,1,7,9,9.310724621115241
73173,1,7,3,2.32443795880467
73175,1,7,10,13.735078277312777
73176,1,7,10,16.022297679699335
73181,1,7,6,20.726519960878843
73184,1,7,6,8.245052990008807
73193,1,7,8,19.300514214394887
73263,1,7,6,14.812057927115449
73271,1,7,8,28.404304193232225
73273,1,7,9,11.898136002503497
73274,1,7,1,12.394460619592397
73278,0,7,0,0.014209334343963908
73285,1,7,5,0.3586789934097332
73288,1,7,9,13.48105178061116
73294,1,7,4,0.3586790108976326
73330,1,7,1,15.922563145127656
73360,1,7,10,14.234339404851246
73363,1,7,8,27.08173334312655
73402,1,7,8,7.465284174918853
73414,0,7,0,0.017269170443417355
73420,1,7,9,5.91917478419243
73425,1,7,4,0.3586790108976326
73428,1,7,5,0.3586789934097332
73432,1,7,8,12.678125572188396
73442,1,7,8,14.796459420987174
73444,1,7,1,12.373044160017576
73447,1,7,1,9.158858475849817
73448,1,7,10,15.41361566695855
73452,1,7,7,1.2233933065108549
73457,0,7,0,0.02047107807457619
73467,0,7,0,0.026427621998803788
73474,1,7,9,25.78879157400549
73491,1,7,6,9.196178814564709
73505,1,7,4,0.3586790108976326
73516,1,7,9,14.546684215725383
73518,1,7,10,11.553729380688498
73542,1,7,5,0.3586789934097332
73556,1,7,6,20.06869123125441
73571,1,7,9,14.604685535863124
73582,1,7,6,8.431875342831407
73583,1,7,6,8.866554779932132
73591,1,7,1,22.374309817657128
73597,1,7,6,18.253806889011102
73602,1,7,8,9.46704905500065
73607,1,7,9,15.279414577605637
73609,1,7,4,0.3586790108976326
73615,1,7,9,15.92583984965019
73622,1,7,7,1.5332726507496293
73626,1,7,5,0.3586789949470627
73628,1,7,9,14.754150938004122
73639,1,7,7,1.7808665724844364
73646,1,7,8,21.4727550993854
73655,1,7,1,13.358095801224964
73667,1,7,6,14.71466813146391
73669,1,7,3,2.098407463438975
73687,1,7,10,10.035522850895026
73698,1,7,7,1.4109646891973637
73705,1,7,9,23.576468971056528
73712,1,7,4,0.3586790108976326
73729,1,7,9,17.313585100631208
73733,1,7,3,2.014917799233079
73743,1,7,9,26.10490377813658
73744,1,7,10,20.966650651816146
73752,1,7,10,11.544799933260395
73759,1,7,3,2.3815361402571336
73765,1,7,7,2.145981958578027
73767,1,7,6,14.06582470442256
73786,1,7,9,11.071311160908515
73793,1,7,8,25.336096638338464
73833,1,7,10,17.738846440174196
73837,1,7,7,1.7469364063133226
73839,1,7,10,8.781530079713818
73844,1,7,10,5.328224138267382
73847,1,7,6,23.02422703117595
73860,1,7,2,7.597601444531539
73894,1,7,4,0.3586790108976326
73902,1,7,3,2.027978985359635
73910,1,7,8,21.361678699085378
73912,1,7,8,23.713461131181322
73923,1,7,8,11.791998897414556
73933,1,7,3,2.381679009213361
73940,1,7,4,0.358679009087165
73942,1,7,9,8.33760425081323
73947,1,7,10,12.143243215287542
73948,1,7,5,0.3586789934097332
73956,1,7,9,19.216569198435614
73964,1,7,5,0.3586789934097332
73965,1,7,9,19.662578761515924
73971,1,7,8,7.429881721818236
73972,1,7,8,22.1187669592624
74003,1,7,9,22.612994655707812
74022,1,7,9,10.141320717543797
74035,1,7,6,5.839091592777244
74067,1,7,5,0.3586789934097332
74069,1,7,6,22.24473364062884
74092,1,7,8,23.10429235896313
74097,1,7,7,2.1545038022366505
74112,1,7,10,12.58252759394955
74117,1,7,2,4.01108093025032
74123,1,7,8,26.278484479915328
74135,1,7,9,20.833684077708252
74136,1,7,9,14.041998187514968
74140,1,7,10,18.572082071836707
74149,1,7,7,1.0624655374703857
74159,1,7,9,19.776357759976545
74160,1,7,10,8.400454407942036
74181,1,7,10,7.301656276533527
74203,1,7,8,23.464750690597437
74212,1,7,1,12.424525468091973
74231,1,7,9,22.93559240380196
74235,1,7,4,0.3586790108976326
74242,1,7,8,23.398951309625346
74245,1,7,10,9.018932236327426
74273,1,7,9,23.519666807673428
74306,1,7,5,0.3586789934097332
74327,1,7,9,7.739003844284114
74339,1,7,5,0.3586789934097332
74350,1,7,3,2.323686644676556
74353,1,7,10,13.669736127299512
74355,1,7,6,22.84115450460727
74367,1,7,8,9.111400626215062
74379,0,7,0,0.023398331823242923
74389,1,7,1,15.331215005765253
74395,1,7,6,20.518240654067107
74397,1,7,1,12.933768264593931
74400,1,7,7,3.221360841955293
74423,1,7,5,0.3586789934097332
74435,1,7,7,4.5183679356354896
74464,0,7,0,0.012470485041391956
74469,1,7,1,12.053104363956532
74480,1,7,9,12.749264786243156
74492,1,7,6,21.60237251480697
74502,1,7,8,8.539150484225116
74512,1,7,7,0.8368444318445206
74513,1,7,5,0.3586789934097332
74537,1,7,5,0.3586789934097332
74543,1,7,7,4.42287811032479
74572,1,7,1,20.96548877346035
74580,1,7,8,18.969279577451978
74590,1,7,2,1.9365988570009538
74595,1,7,9,4.168396955280152
74610,1,7,9,8.420264621764826
74617,1,7,9,22.95499955812257
74635,1,7,1,22.505935778293317
74636,1,7,6,14.547478550886508
74650,1,7,10,20.986689327670966
74660,1,7,7,1.9741336842652366
74675,1,7,8,27.01712849361566
74682,1,7,6,12.464248328470603
74683,1,7,9,25.770128432917787
74697,1,7,6,5.322366496781512
74715,1,7,8,13.777841351525433
74727,1,7,9,23.636006769227514
74750,1,7,4,0.3586790108976326
74751,0,7,0,0.015092740266143725
74766,1,7,5,0.3586789934097332
74776,1,7,9,19.102366713501
74793,1,7,4,0.3586790108976326
74828,1,7,9,26.344605116882075
74850,1,7,8,12.569542772820043
74851,1,7,9,26.295725147058906
74854,0,7,0,0.14580306021661357
74912,1,7,2,8.222573627793972
74913,1,7,8,7.4892713499121175
74919,1,7,3,1.945164240555419
74928,1,7,1,12.726681884188132
74933,1,7,7,2.872007807623574
74946,1,7,10,19.386968953631666
74948,1,7,6,21.536170545642324
74960,1,7,2,2.125340621646294
74986,1,7,4,0.3586790108976326
74987,1,7,8,6.975121192585289
74991,1,7,2,6.992189714668976
75000,0,7,0,0.016717717578324933
75012,1,7,6,21.169547966220062
75017,1,7,9,6.414213205504549
75022,1,7,5,0.3586789949470627
75032,1,7,1,16.00166097454499
75046,1,7,6,20.80399241465834
75051,1,7,4,0.3586790108976326
75059,1,7,3,0.8201262588134332
75062,1,7,6,13.136338832297852
75066,1,7,9,25.624031284149464
75086,1,7,6,15.088786278932961
75092,1,7,8,2.7192859446284725
75095,1,7,1,13.840284245059058
75103,1,7,5,0.3586789934097332
75130,1,7,1,17.5191590979644
75131,0,7,0,0.018014199878670135
75141,0,7,0,0.023903130155867886
75142,1,7,1,23.00500321855541
75163,1,7,6,17.47836198796723
75178,1,7,8,8.037013867274878
75184,1,7,5,0.3586789934097332
75189,1,7,4,0.3586790108976326
75194,1,7,8,24.74723895555919
75195,1,7,1,18.17359149795644
75201,1,7,6,14.718678278313924
75203,1,7,6,13.70643663374584
75238,1,7,5,0.3586789934097332
75256,1,7,6,7.238572632445707
75267,1,7,10,5.094310284363868
75274,1,7,5,0.3586789934097332
75317,1,7,7,0.9819291080765192
75322,1,7,4,0.3586790108976326
75325,1,7,9,7.93182954722523
75331,1,7,6,8.186040670911291
75352,1,7,1,6.460466444732593
75361,1,7,9,22.22549701598176
75393,1,7,7,1.6598528242569321
75398,1,7,9,23.4951684714952
75401,1,7,7,0.9445260460277094
75436,1,7,8,24.080539284609223
75438,1,7,9,16.32007874675422
75456,1,7,2,14.070135304255238
75463,0,7,0,0.014098592582496195
75464,1,7,5,0.3586789934097332
75479,1,7,3,2.1324866517371484
75484,1,7,2,7.132443828311365
75487,1,7,5,0.3586789934097332
75510,1,7,1,5.831111091945696
75520,1,7,8,25.65683718529572
75525,1,7,1,15.02760120625342
75532,1,7,10,7.630925374352761
75546,1,7,8,24.724627639535623
75548,1,7,1,12.334036205975087
75578,1,7,8,27.138317897277506
75617,1,7,9,19.18970220607617
75622,1,7,6,21.823950055523593
75651,1,7,9,24.20072499394287
75660,1,7,3,2.23234543691449
75665,1,7,9,23.93591321554638
75677,1,7,4,0.3586790108976326
75678,1,7,5,0.3586789934097332
75679,1,7,7,0.8106216459903958
75684,1,7,6,17.580532805198
75701,1,7,10,12.879501298697221
75714,1,7,8,10.06233481594169
75718,1,7,5,0.3586789934097332
75740,0,7,0,0.012408680288913869
75744,1,7,5,0.3586789949470627
75748,1,7,5,0.3586789949470627
75749,1,7,9,16.609899839810044
75751,1,7,1,13.327896350637472
75756,1,7,6,12.499203118426133
75762,1,7,7,3.5129960062371803
75778,1,7,7,1.54359288045473
75783,0,7,0,0.02591848452603728
75784,1,7,4,0.3586790108976326
75806,1,7,9,18.247489623540815
75811,1,7,5,0.3586789934097332
75816,1,7,10,19.112905917612107
75818,1,7,9,15.107431030496688
75851,1,7,7,2.2969268960991487
75908,1,7,9,23.523247279295806
75914,1,7,6,12.375275379029379
75915,1,7,9,20.10873376164857
75934,1,7,4,0.3586790108976326
75936,1,7,4,0.3586790108976326
75949,1,7,10,12.973785750262312
75954,1,7,5,0.3586789934097332
75968,1,7,6,18.179838612384685
75973,1,7,3,2.1758176159544442
75982,1,7,5,0.3586789934097332
75995,1,7,4,0.3586790108976326
76021,1,7,4,0.3586790108976326
76033,1,7,6,19.58687287110133
76039,1,7,10,14.740458720251995
76044,1,7,4,0.3586790108976326
76046,1,7,8,11.430541296843648
76047,1,7,9,26.22063479189999
76053,1,7,9,23.56779589057883
76057,1,7,7,3.405149454941876
76059,1,7,5,0.3586789949470627
76076,1,7,6,23.865699315864926
76085,1,7,2,2.8032046995077553
76087,1,7,8,25.80285380005595
76104,1,7,9,20.03329368185735
76123,1,7,5,0.3586789934097332
76125,1,7,4,0.3586790108976326
76128,1,7,9,22.513609737190254
76140,1,7,4,0.3586790108976326
76169,1,7,8,10.737366057000326
76171,1,7,8,13.318768084365605
76177,1,7,8,17.78049319931358
76179,1,7,2,4.414664994259283
76181,1,7,1,22.587503369956732
76193,1,7,5,0.3586789934097332
76195,1,7,5,0.3586789934097332
76204,1,7,8,13.618912247574249
76228,1,7,5,0.3586789934097332
76265,1,7,6,14.618025514847655
76266,1,7,9,19.121164393905946
76269,1,7,5,0.3586789934097332
76297,1,7,6,11.201554534522014
76309,1,7,8,16.693559082646836
76361,1,7,3,1.8134150194058476
76371,1,7,9,9.199849168780721
76385,1,7,9,24.044301328858964
76404,1,7,8,16.86294440780175
76411,1,7,8,23.245437533967262
76412,1,7,4,0.3586790108976326
76441,1,7,9,25.813096361585366
76442,1,7,5,0.3586789934097332
76465,1,7,8,19.529043734394698
76471,1,7,1,22.495452838066402
76472,1,7,5,0.3586789934097332
76493,1,7,7,1.5968089880215652
76498,0,7,0,0.011993152661639844
76542,1,7,5,0.3586789934097332
76547,1,7,2,8.613946481445666
76554,1,7,10,5.953053479274658
76555,1,7,9,19.429897512036828
76556,1,7,8,6.585284549946276
76566,1,7,9,12.768498495474459
76577,1,7,4,0.3586790108976326
76593,1,7,3,2.3924787092009243
76601,1,7,9,26.218699258128932
76606,1,7,5,0.3586789934097332
76618,1,7,6,10.178513067687492
76622,1,7,6,22.87451316137965
76655,1,7,8,12.738400905677937
76656,1,7,8,12.50775467807844
76663,1,7,6,7.768453965048829
76664,1,7,1,7.698587349168382
76667,1,7,9,26.04519523266072
76670,1,7,9,26.46487406834462
76673,1,7,9,25.464379831462487
76675,1,7,5,0.3586789934097332
76686,1,7,1,21.875290637481182
76698,1,7,7,0.45038255243177316
76708,1,7,8,13.200690383562147
76716,1,7,5,0.3586789934097332
76740,1,7,6,17.402458465241295
76769,1,7,4,0.3586790108976326
76770,1,7,7,4.417129563139979
76785,1,7,8,21.854734605898347
76794,1,7,5,0.3586789949470627
76795,1,7,6,14.679045285015349
76822,1,7,9,16.35314845516109
76825,1,7,8,5.3681904052433485
76830,1,7,6,23.468732483509964
76839,1,7,9,15.952324230409697
76840,1,7,5,0.3586789934097332
76844,1,7,9,8.057278367271435
76856,1,7,5,0.3586789934097332
76870,1,7,9,26.003357449771112
76871,1,7,8,17.55608320764763
76879,1,7,1,21.186837696878033
76918,1,7,5,0.3586789934097332
76920,1,7,1,12.172083954589416
76937,1,7,10,4.904418949340589
76938,1,7,5,0.3586789934097332
76942,1,7,8,4.176373543930285
76966,1,7,9,10.973620711431582
76978,1,7,5,0.3586789934097332
76988,1,7,9,8.203937386478088
77003,1,7,1,13.272792321292878
77010,1,7,4,0.3586790108976326
77026,1,7,9,26.179719767813218
77038,1,7,5,0.3586789934097332
77041,1,7,10,9.194141571757912
77049,1,7,10,10.088008565743777
77052,1,7,8,14.782019708666319
77056,1,7,4,0.3586790108976326
77078,1,7,9,25.602208048278683
77084,1,7,6,18.505092860894944
77100,1,7,5,0.3586789934097332
77113,1,7,8,3.119824052537494
77119,1,7,10,11.182580981804522
77141,1,7,9,24.452027997775243
77154,1,7,6,15.670880383950017
77155,1,7,5,0.3586789934097332
77160,1,7,4,0.3586790108976326
77166,1,7,8,9.31658681593727
77168,1,7,5,0.3586789934097332
77193,1,7,8,25.470034783765357
77200,0,7,0,0.0341451892395545
77203,1,7,3,2.3714264243231296
77212,1,7,8,24.584158069553684
77228,1,7,1,16.198790572119254
77234,1,7,9,25.568327658641056
77239,1,7,8,28.044269326663418
77252,1,7,9,19.77135378920824
77257,1,7,5,0.3586789934097332
77274,1,7,8,18.518517210512083
77295,1,7,5,0.3586789934097332
77304,1,7,4,0.3586790108976326
77310,1,7,4,0.3586790108976326
77315,1,7,8,23.158840062618246
77335,1,7,5,0.3586789934097332
77338,1,7,6,11.355748886987643
77344,1,7,10,18.356901893113964
77347,1,7,9,9.779496813828711
77361,1,7,6,15.07019146111568
77363,1,7,10,10.06249957186286
77374,1,7,3,1.8568638854273112
77390,1,7,4,0.3586790108976326
77391,1,7,8,23.589415243907954
77402,1,7,10,21.239652819355967
77435,1,7,5,0.3586789949470627
77437,1,7,4,0.358679009087165
77439,1,7,5,0.3586789934097332
77451,1,7,5,0.3586789934097332
77454,1,7,5,0.3586789934097332
77464,1,7,4,0.3586790108976326
77470,1,7,7,2.034860271831422
77474,1,7,5,0.3586789934097332
77480,1,7,8,23.114335073535926
77486,1,7,4,0.3586790108976326
77489,0,7,0,0.023063673403165723
77496,1,7,8,27.27884859222093
77512,1,7,4,0.3586790108976326
77516,1,7,4,0.3586790108976326
77540,1,7,8,10.463362135788934
77547,1,7,9,17.991439139229954
77557,0,7,0,0.05820415500013127
77562,1,7,5,0.3586789934097332
77588,1,7,7,4.60032983435187
77602,1,7,9,25.117538768161943
77605,1,7,5,0.3586789934097332
77616,1,7,4,0.3586790108976326
77682,1,7,6,18.46107160953873
77700,1,7,7,4.624882019397727
77713,1,7,6,16.22017202300978
77724,1,7,9,16.148273972143077
77735,1,7,4,0.3586790108976326
77746,1,7,9,8.980572999287176
77751,1,7,5,0.3586789934097332
77772,1,7,5,0.3586789934097332
77802,1,7,6,8.868141764608056
77807,1,7,8,27.076679155498454
77815,1,7,6,19.90777434620306
77842,1,7,1,14.571061645673092
77858,1,7,8,11.446631397351759
77866,1,7,10,3.578132551056002
77872,1,7,10,20.04039061467805
77893,1,7,4,0.3586790108976326
77906,1,7,1,5.507396119306948
77915,1,7,5,0.3586789934097332
77920,1,7,9,23.423473584640472
77929,1,7,5,0.3586789934097332
77951,1,7,6,14.487875656044594
77957,1,7,5,0.3586789934097332
77963,1,7,6,21.05587350672837
77968,1,7,6,23.98351698951728
77970,1,7,8,21.099292262239565
77972,1,7,1,12.775688170148143
77975,1,7,4,0.3586790108976326
77978,1,7,2,12.572057728376798
77988,1,7,5,0.3586789934097332
77990,1,7,1,8.482055648198097
77991,1,7,9,24.254057603804185
78001,1,7,9,21.205770747907845
78008,1,7,9,21.47643949717291
78010,1,7,7,3.704608694217285
78019,1,7,10,3.6872308035545345
78021,1,7,8,12.243709119280894
78031,1,7,4,0.3586790108976326
78050,1,7,2,8.788349477742193
78070,1,7,5,0.3586789934097332
78096,1,7,4,0.3586790108976326
78097,1,7,8,10.437536882564697
78100,1,7,3,1.8736258210472765
78103,1,7,5,0.3586789949470627
78116,1,7,9,13.372626021575194
78145,1,7,10,9.505726843853894
78157,1,7,4,0.3586790108976326
78161,1,7,10,7.069684281437119
78177,1,7,5,0.3586789934097332
78183,1,7,8,14.477569564549832
78193,1,7,9,20.86977933557142
78203,1,7,4,0.3586790108976326
78211,1,7,5,0.3586789934097332
78217,1,7,4,0.3586790108976326
78227,1,7,9,16.2267534118144
78236,1,7,9,12.09732704454128
78238,1,7,5,0.3586789934097332
78240,1,7,10,21.230772972159915
78247,1,7,4,0.3586790108976326
78252,1,7,5,0.3586789934097332
78264,1,7,1,14.045146909192297
78269,1,7,2,10.052139351925979
78272,1,7,6,7.378004791461644
78276,1,7,5,0.3586789934097332
78278,0,7,0,0.020673380162758243
78282,1,7,7,2.445316884381355
78293,1,7,9,11.143433135188218
78300,0,7,0,0.01605282320381773
78305,1,7,10,20.789112854329414
78318,1,7,7,1.4709834536879238
78320,1,7,8,6.631882086484883
78327,1,7,5,0.3586789934097332
78331,0,7,0,0.013763670918715042
78332,1,7,5,0.3586789934097332
78351,1,7,4,0.3586790108976326
78377,1,7,8,24.28292682172949
78381,0,7,0,0.012907572946590992
78397,1,7,10,18.737913132007748
78401,1,7,8,21.34286719220444
78423,1,7,7,4.5775357102918495
78435,1,7,1,20.356512939359167
78440,1,7,10,3.3872124115008546
78456,1,7,7,4.341912582837467
78464,1,7,4,0.3586790108976326
78471,1,7,6,12.429980881481463
78487,1,7,1,12.719436614228348
78497,1,7,9,22.78157919657858
78513,1,7,10,17.72324599611465
78520,1,7,4,0.3586790108976326
78529,1,7,6,9.046720613249738
78534,1,7,9,15.497247578153102
78550,1,7,5,0.3586789934097332
78552,1,7,6,8.796332786759438
78571,1,7,6,11.24576338158247
78574,1,7,9,19.688894288695412
78575,1,7,5,0.3586789934097332
78586,1,7,5,0.3586789934097332
78587,1,7,6,23.386894301642954
78589,1,7,5,0.3586789934097332
78591,1,7,9,24.118592889833444
78608,1,7,7,4.4176635725619615
78634,1,7,4,0.3586790108976326
78639,1,7,8,15.883726047266371
78641,1,7,10,8.64074275128607
78654,1,7,6,23.30002373699137
78661,1,7,8,20.115940176709945
78676,1,7,5,0.3586789934097332
78687,1,7,7,2.410073609015287
78703,1,7,8,12.689518957977405
78704,1,7,8,14.556174387857498
78727,1,7,10,16.29683121459781
78736,1,7,6,20.805178193410516
78739,1,7,8,24.89988624093332
78751,1,7,6,17.790865173095938
78768,1,7,2,8.282125359739814
78769,1,7,8,11.820439504781923
78772,1,7,4,0.3586790108976326
78788,1,7,4,0.3586790108976326
78796,1,7,5,0.3586789934097332
78802,1,7,5,0.3586789934097332
78803,1,7,9,21.636166217749953
78807,1,7,9,8.221076703462682
78812,1,7,6,17.056219471280176
78813,1,7,7,1.6901402248395208
78823,1,7,10,12.553163026850651
78829,1,7,9,14.656372822790406
78845,1,7,7,1.950726857845185
78847,1,7,6,20.151417565444977
78854,1,7,1,18.454489473151654
78868,1,7,8,25.457383710253268
78894,1,7,9,14.131422931268736
78919,1,7,8,22.6827597338808
78943,1,7,4,0.3586790108976326
78948,1,7,5,0.3586789934097332
78956,1,7,10,10.976204286275115
78977,1,7,9,21.662924671826904
78983,1,7,3,1.9210452194090837
78992,1,7,4,0.3586790108976326
79001,1,7,9,22.90493854082412
79003,1,7,2,9.51287952574337
79008,1,7,6,23.004927596551646
79049,1,7,10,21.05733435385117
79051,1,7,9,10.698504675804637
79057,1,7,9,24.960911750613693
79058,1,7,9,24.595329343011194
79079,1,7,5,0.3586789934097332
79083,1,7,6,21.10572062544541
79089,1,7,4,0.3586790108976326
79104,0,7,0,0.025462395955810273
79113,1,7,9,25.851398918247757
79121,1,7,10,5.434195529514468
79132,1,7,5,0.3586789934097332
79167,0,7,0,0.028210795672924862
79169,1,7,1,4.77251491767006
79183,1,7,4,0.3586790108976326
79189,1,7,4,0.3586790108976326
79190,1,7,4,0.3586790108976326
79200,1,7,8,27.722654053573763
79202,1,7,5,0.3586789934097332
79207,1,7,5,0.3586789934097332
79217,1,7,4,0.3586790108976326
79222,1,7,1,7.64618167943825
79226,1,7,9,23.4241159968026
79233,1,7,9,15.886178757475511
79241,1,7,7,2.6033855914184674
79246,1,7,4,0.3586790108976326
79255,1,7,6,6.303912746639604
79260,1,7,8,23.03337584284676
79262,1,7,6,20.843533107896523
79272,1,7,9,26.25624892665983
79280,1,7,4,0.3586790108976326
79284,1,7,10,19.45805203750957
79292,1,7,6,23.85923771695588
79294,1,7,3,1.8119192021173165
79300,1,7,5,0.3586789934097332
79301,1,7,5,0.3586789934097332
79308,1,7,10,7.087355249597457
79324,1,7,9,21.988795682290434
79354,1,7,6,23.600196328447552
79357,1,7,8,21.683738688279043
79363,1,7,7,2.2049138931335994
79364,1,7,10,16.20757163446489
79402,1,7,8,9.088471525639488
79409,1,7,4,0.3586790108976326
79415,1,7,9,24.227365145561055
79427,1,7,6,15.128305278561223
79432,0,7,0,0.01639865681466246
79433,1,7,9,18.111991043490974
79445,1,7,5,0.3586789934097332
79452,1,7,10,10.016873715673878
79466,1,7,4,0.3586790108976326
79468,1,7,3,2.2440647702363923
79476,1,7,10,15.461838909826374
79481,1,7,3,2.3899476313046777
79491,1,7,4,0.3586790108976326
79536,1,7,2,13.710345871672779
79543,1,7,9,19.12004619670619
79544,1,7,10,8.997751925366067
79548,1,7,6,23.111235711322887
79550,1,7,10,10.775198802019743
79571,1,7,3,2.3823040031063507
79589,1,7,8,25.550430113138603
79603,1,7,6,19.569638724713258
79607,1,7,2,11.845118647258495
79617,1,7,4,0.358679009087165
79629,1,7,3,1.86048933544107
79647,1,7,5,0.3586789934097332
79652,1,7,9,11.816776597868651
79653,1,7,7,3.4994925239547485
79666,1,7,9,16.721174161301235
79670,0,7,0,0.027918325285509547
79671,1,7,8,12.257358000908992
79681,1,7,9,2.5299757505016864
79682,1,7,5,0.3586789934097332
79685,1,7,4,0.3586790108976326
79692,1,7,10,3.0019527025884756
79699,1,7,8,14.191360483451007
79714,0,7,0,0.015387909004237211
79717,1,7,8,2.9467856986788634
79731,1,7,9,18.675532410477057
79751,1,7,6,6.050850324467781
79768,1,7,6,13.179181673497316
79779,1,7,3,2.402908995699171
79786,1,7,1,12.894495836249746
79789,1,7,8,13.061476986783417
79813,1,7,9,13.042973089754652
79817,1,7,10,18.948973523502072
79818,0,7,0,0.015137594895363572
79823,1,7,8,28.49981553358507
79826,1,7,10,15.980350296914251
79827,1,7,8,12.44586010890418
79846,1,7,3,1.9270678975811846
79854,1,7,6,9.710961844795163
79859,1,7,8,17.62496727715311
79864,1,7,9,8.48886129115798
79885,1,7,8,14.345212562065573
79899,1,7,8,14.214704899100392
79906,1,7,8,25.73890421625082
79911,1,7,6,10.336589586405012
79927,1,7,6,8.548442940234635
79933,1,7,6,23.42957651208433
79939,1,7,9,3.8181477890676776
79956,1,7,8,25.563202723627036
79959,1,7,9,24.20480892121125
79964,1,7,4,0.3586790108976326
79974,1,7,8,18.22542075230923
79981,1,7,6,13.66223146469493
79995,1,7,7,3.6070328291690563
79996,1,7,9,6.581015606977005
80013,1,7,6,12.085978575795554
80022,1,7,4,0.3586790108976326
80024,1,7,9,14.602712812973449
80034,1,7,2,12.466270362650068
80046,1,7,8,8.879412965329012
80049,1,7,4,0.3586790108976326
80058,1,7,4,0.3586790108976326
80071,1,7,2,11.326301013007745
80084,1,7,9,22.60157397724173
80118,1,7,4,0.3586790108976326
80129,1,7,9,19.04207321611795
80133,1,7,1,14.417712703947553
80178,1,7,9,19.866357036205244
80183,1,7,7,4.514756854762746
80189,1,7,9,24.556985978719407
80190,1,7,5,0.3586789934097332
80193,1,7,6,21.052952216725714
80227,1,7,6,14.653701507586332
80234,1,7,6,8.140087422877757
80238,1,7,6,14.042019392027203
80243,1,7,8,5.327070222620276
80272,1,7,4,0.3586790108976326
80277,1,7,8,27.852799456565446
80293,1,7,8,18.395346115606202
80297,1,7,2,13.394839878742337
80312,1,7,9,24.41198202744305
80314,1,7,5,0.3586789934097332
80328,1,7,5,0.3586789934097332
80329,1,7,6,22.103652771368484
80348,1,7,9,25.679141549741
80351,1,7,8,5.628403848098896
80355,1,7,9,18.77903332125489
80357,1,7,10,11.021441740789662
80360,1,7,5,0.3586789934097332
80362,1,7,5,0.3586789934097332
80366,1,7,10,16.867317268384994
80387,1,7,1,22.921636062111872
80395,1,7,10,18.917558918665264
80399,1,7,9,15.545934943116455
80408,1,7,7,4.583376592230081
80413,1,7,6,19.109150731762075
80416,1,7,9,24.091433182724973
80441,1,7,8,4.191626206465493
80464,1,7,8,20.28188731177801
80502,1,7,9,24.861544583699086
80508,1,7,9,11.408416911314443
80524,1,7,7,2.402739188517892
80528,1,7,2,7.2595049022000975
80531,1,7,4,0.3586790108976326
80550,1,7,10,11.777587579478569
80551,1,7,8,23.34310937355368
80563,1,7,5,0.3586789949470627
80577,1,7,1,18.48017121708718
80579,1,7,4,0.3586790108976326
80587,1,7,6,12.523278915307031
80590,1,7,9,20.870783349800885
80598,1,7,8,23.07315876583694
80610,1,7,4,0.3586790108976326
80615,1,7,10,19.22638139625391
80632,1,7,8,28.47596674447206
80652,1,7,5,0.3586789934097332
80653,1,7,5,0.3586789934097332
80657,1,7,9,26.346749010361638
80667,1,7,8,23.098797301840833
80672,1,7,8,26.356840004848813
80674,1,7,8,27.51052417714428
80675,1,7,4,0.3586790108976326
80676,1,7,6,13.953530174175084
80695,1,7,1,12.338156225011424
80699,1,7,8,22.51682309313512
80705,1,7,4,0.3586790108976326
80726,1,7,9,13.126750567799913
80727,1,7,9,24.892848287051663
80734,1,7,3,2.0834610015531454
80745,1,7,9,19.292330409640947
80755,1,7,9,25.48891225856236
80763,1,7,5,0.3586789934097332
80764,1,7,8,24.31149170210048
80775,1,7,7,2.271224308310191
80779,1,7,8,20.608701115614554
80780,1,7,8,2.5751555030532054
80783,1,7,10,6.393114650124072
80790,1,7,4,0.358679009087165
80824,1,7,9,24.25802496163321
80825,1,7,2,7.758215355645615
80833,1,7,10,15.770100940974501
80866,1,7,6,10.372942062266477
80867,1,7,9,15.652427862829223
80881,1,7,7,2.6878854528873055
80898,1,7,1,11.645158126288903
80900,1,7,10,20.795736686338188
80904,1,7,2,5.3389544925192585
80909,1,7,4,0.3586790108976326
80920,1,7,9,26.489497419313697
80932,1,7,6,11.852163195389313
80945,1,7,7,1.1174955510186584
80952,1,7,4,0.3586790108976326
80957,1,7,6,13.943955361817297
80964,1,7,2,13.64205323822246
80971,1,7,4,0.3586790108976326
80988,1,7,7,3.4249302601079408
80993,1,7,10,7.241285636812079
81001,1,7,5,0.3586789934097332
81026,1,7,8,17.291206957111225
81027,1,7,2,11.785214013645243
81051,1,7,6,19.051886308518853
81073,1,7,4,0.3586790108976326
81076,1,7,2,13.379092856657623
81117,1,7,9,14.139009068599842
81123,1,7,4,0.3586790108976326
81129,1,7,4,0.3586790108976326
81142,1,7,9,8.71148124345695
81165,1,7,8,13.185789531810762
81180,1,7,8,28.504112942669952
81217,1,7,8,13.562943675273315
81225,1,7,3,0.7855105755245667
81226,1,7,3,2.407124358432463
81248,1,7,1,14.793789623895488
81256,1,7,4,0.3586790108976326
81263,1,7,5,0.3586789934097332
81282,1,7,8,6.032915921089325
81293,1,7,9,15.731984486579115
81323,1,7,4,0.3586790108976326
81328,1,7,6,10.850416607817104
81339,1,7,6,11.44173909328625
81371,1,7,6,13.066740482517277
81372,1,7,6,7.615772502392831
81383,1,7,1,4.553339647596212
81386,1,7,1,11.06581188501915
81390,1,7,5,0.3586789934097332
81393,1,7,7,4.595733881760187
81394,1,7,8,14.531644833855925
81407,1,7,5,0.3586789934097332
81424,1,7,4,0.3586790108976326
81436,1,7,7,1.3536668191573935
81458,1,7,7,0.5689904166763474
81465,1,7,9,8.682480602286235
81474,1,7,6,23.69957851032065
81476,1,7,8,17.159104981957096
81487,1,7,1,15.679201144918439
81497,1,7,5,0.3586789934097332
81519,1,7,5,0.3586789934097332
81526,1,7,5,0.3586789934097332
81531,1,7,1,18.171131738573937
81535,1,7,1,23.005880442191735
81538,1,7,10,9.173818125232113
81539,1,7,4,0.358679009087165
81549,1,7,6,23.5946640640923
81563,0,7,0,0.19307086223753575
81568,1,7,6,22.955371044428016
81583,1,7,2,10.042196794993878
81590,1,7,6,7.803378796966952
81610,1,7,8,16.981119032819535
81614,1,7,1,21.583894148972902
81620,1,7,9,14.216925405979747
81624,1,7,6,19.40855645701253
81632,1,7,9,16.137313709788483
81633,1,7,1,16.660900565851062
81642,1,7,5,0.3586789934097332
81647,1,7,9,24.08438913960055
81649,1,7,4,0.3586790108976326
81654,1,7,9,11.536439475062961
81662,1,7,5,0.3586789934097332
81663,1,7,3,1.577000755940612
81665,1,7,5,0.3586789934097332
81667,1,7,5,0.3586789934097332
81670,1,7,2,1.8421608316781692
81681,0,7,0,0.1537176517808098
81696,1,7,6,23.409418492161766
81700,1,7,5,0.3586789934097332
81717,1,7,10,18.21652795330858
81720,0,7,0,0.016067195417641105
81745,1,7,6,17.956719223880544
81759,1,7,6,19.453699227355465
81763,1,7,4,0.3586790108976326
81769,1,7,8,27.854278492879384
81770,1,7,1,14.973640743829138
81778,1,7,6,21.302141001987003
81780,1,7,3,2.3640630271627856
81787,0,7,0,0.02472725569747837
81791,1,7,6,20.13265720033112
81792,1,7,10,18.16909095620819
81803,1,7,9,8.263214921257624
81808,1,7,4,0.3586790108976326
81809,1,7,7,3.2288714972016113
81832,1,7,6,17.773968817887965
81842,1,7,4,0.3586790108976326
81861,1,7,4,0.3586790108976326
81869,1,7,10,18.367735881551816
81875,1,7,6,18.159260196719973
81882,1,7,5,0.3586789934097332
81890,1,7,8,17.438070096084203
81891,1,7,10,18.61330608460564
81892,0,7,0,0.01580393344019431
81900,1,7,8,11.239426500238322
81910,1,7,8,19.260227461712333
81971,1,7,8,24.40028577570033
81972,1,7,8,27.28608913385656
81986,1,7,10,7.631030117856986
81993,1,7,9,4.108108828440848
82060,1,7,9,7.160444393271237
82062,1,7,9,13.431489552881507
82069,1,7,10,8.37855872743912
82080,1,7,9,14.03794494906137
82098,1,7,9,6.581140837616429
82102,1,7,5,0.3586789934097332
82110,1,7,10,21.264193673254866
82121,1,7,9,23.48663272356253
82123,1,7,4,0.3586790108976326
82131,1,7,6,9.710931448447255
82141,1,7,10,6.035728519861812
82167,1,7,5,0.3586789949470627
82188,1,7,9,16.489492640686112
82194,1,7,1,8.545884492547053
82197,1,7,8,17.483945424974447
82202,1,7,9,6.021182556992892
82205,1,7,6,8.300299890758739
82209,1,7,5,0.3586789934097332
82211,1,7,9,26.368906662408218
82232,0,7,0,0.22206793505849073
82254,1,7,9,21.699413879057754
82255,1,7,9,14.546339213372248
82257,1,7,10,14.679966849835198
82282,1,7,4,0.3586790108976326
82287,0,7,0,0.023858235284729686
82289,1,7,9,14.309677591361085
82328,1,7,6,23.158023829499804
82348,1,7,9,16.575874526409603
82356,1,7,10,11.564570965467384
82359,1,7,6,14.655633810040525
82361,1,7,1,16.68780694177725
82369,1,7,1,19.980757534718464
82374,1,7,4,0.3586790108976326
82375,1,7,6,18.519826623158277
82384,1,7,3,2.3062722505951703
82454,1,7,8,28.46325329369335
82473,1,7,1,8.291567161427677
82484,1,7,1,23.2073888161485
82487,1,7,5,0.3586789934097332
82491,1,7,5,0.3586789934097332
82494,1,7,5,0.3586789934097332
82505,1,7,1,21.77157000267255
82535,1,7,6,21.288560376438497
82536,1,7,8,12.356583073787837
82537,1,7,6,13.997344444140634
82539,1,7,9,23.518145511190667
82542,1,7,6,14.597494251939109
82576,1,7,10,4.83080304911211
82580,1,7,8,11.399319484994747
82584,1,7,6,10.064699661553277
82594,1,7,9,6.078500961226956
82623,1,7,9,3.001385461840462
82625,1,7,5,0.3586789934097332
82637,1,7,7,3.7262793260782643
82639,1,7,9,18.24451088084705
82659,1,7,1,20.32412077349174
82696,1,7,6,23.714699054806267
82717,1,7,10,11.75094914079789
82725,1,7,9,6.668882890572684
82730,1,7,8,15.336616759220504
82741,1,7,4,0.3586790108976326
82746,1,7,2,7.35071150650709
82752,1,7,9,11.294472254161883
82753,1,7,8,24.490539813111553
82764,1,7,5,0.3586789934097332
82771,1,7,5,0.3586789934097332
82776,1,7,9,26.433890058346908
82777,0,7,0,0.017520705784846977
82787,1,7,9,15.994600604076894
82796,1,7,7,3.9273252194479733
82805,1,7,6,14.055855814452825
82806,1,7,1,8.850921099336345
82807,1,7,6,21.28157563821973
82813,1,7,10,11.388690950855214
82814,1,7,8,14.140129206165769
82819,1,7,6,15.324212456785043
82830,1,7,8,18.434622242594326
82839,1,7,8,26.22435522822597
82841,1,7,9,9.674671186884648
82853,1,7,6,23.67439729286486
82859,1,7,9,16.181946815740552
82860,1,7,9,5.730958222939778
82886,0,7,0,0.027693047293555373
82899,1,7,1,17.938025395135927
82908,1,7,8,2.399356291987292
82926,0,7,0,0.23099747195834275
82932,1,7,7,3.553805149393899
82933,1,7,6,17.056621452330244
82940,0,7,0,0.01680253062326698
82952,0,7,0,0.016612113466973666
82960,1,7,8,15.444148635298244
82966,1,7,3,2.0745426266533165
82981,1,7,5,0.3586789934097332
83002,0,7,0,0.019479152238494682
83011,0,7,0,0.031609306289679964
83017,1,7,9,13.837342365800097
83028,1,7,8,18.63013130457716
83030,1,7,5,0.3586789934097332
83033,1,7,1,4.5270537246048805
83042,1,7,7,4.098658787756981
83051,1,7,4,0.3586790108976326
83075,1,7,7,0.5885521745514023
83092,0,7,0,0.07348272505129748
83098,1,7,6,15.088499263648984
83099,1,7,3,1.545514342308735
83102,1,7,4,0.3586790108976326
83106,1,7,10,10.695423260074673
83107,1,7,8,23.731298714371935
83113,1,7,4,0.3586790108976326
83131,1,7,5,0.3586789934097332
83166,1,7,5,0.3586789934097332
83170,1,7,1,13.540486384063863
83181,1,7,9,16.73724289870198
83184,1,7,10,3.9140382921600043
83195,1,7,10,12.36535988996282
83198,1,7,4,0.3586790108976326
83201,1,7,5,0.3586789934097332
83208,1,7,9,21.01273941799336
83215,1,7,9,20.2262582885973
83223,1,7,8,14.976457877521447
83226,1,7,1,11.212036929068844
83230,1,7,9,4.45129599873513
83242,1,7,5,0.3586789934097332
83249,1,7,9,7.094669119314589
83286,1,7,5,0.3586789934097332
83287,1,7,8,14.132747381300453
83298,1,7,5,0.3586789934097332
83309,1,7,8,16.450631593900347
83322,1,7,4,0.3586790108976326
83358,1,7,1,3.8014345025166416
83360,1,7,6,6.7740892391240175
83373,1,7,3,1.7560629908468404
83386,1,7,4,0.3586790108976326
83396,1,7,8,19.12085577162577
83399,1,7,9,25.164807514724114
83412,1,7,6,22.083881551943556
83421,1,7,9,9.532790888886927
83441,1,7,9,22.902412989765935
83449,1,7,4,0.358679009087165
83455,1,7,9,5.310435371905378
83462,1,7,5,0.3586789934097332
83468,1,7,6,5.222953829197305
83472,1,7,9,16.748129954226474
83485,1,7,2,10.909026499756282
83521,1,7,2,13.724196420657801
83526,1,7,6,13.586675031452359
83529,1,7,9,24.732768443601657
83530,1,7,6,19.671903440551958
83532,1,7,5,0.3586789934097332
83547,1,7,4,0.3586790108976326
83550,1,7,6,23.17152065904124
83570,1,7,8,13.108595651805619
83576,1,7,5,0.3586789934097332
83597,1,7,9,6.731959066751486
83610,1,7,5,0.3586789934097332
83622,1,7,9,15.712682201539971
83629,1,7,8,16.361020912960427
83630,1,7,8,7.563277397924988
83631,1,7,8,4.2269538326331615
83659,1,7,10,20.436527354600187
83665,1,7,9,14.664828545662699
83669,1,7,4,0.3586790108976326
83689,1,7,1,15.3970956259979
83705,1,7,9,8.230175978624032
83715,1,7,10,5.952554347458902
83721,0,7,0,0.015884798764044018
83724,1,7,4,0.3586790108976326
83732,1,7,9,24.661004751767983
83745,1,7,10,6.897972680379035
83761,1,7,6,7.350226342601511
83765,1,7,8,7.2435243782326015
83767,1,7,5,0.3586789949470627
83796,1,7,10,7.409928471550281
83799,1,7,9,11.025830292357401
83808,1,7,2,8.444882870758834
83814,1,7,10,4.163830548297513
83828,1,7,9,26.17811177975228
83841,1,7,1,19.08387158774811
83849,1,7,9,21.649282084330352
83867,1,7,6,23.041495058380804
83896,1,7,10,7.619569150661679
83923,1,7,8,21.637070990941083
83929,1,7,7,4.1741022153973155
83939,1,7,2,9.452011553674506
83945,1,7,9,18.376570283993406
83962,1,7,5,0.3586789934097332
83972,1,7,10,17.57737598076534
83993,1,7,8,26.71314727057503
84002,1,7,7,3.2038183024658102
84009,1,7,7,2.5111261577968413
84024,1,7,9,8.49345776549403
84033,1,7,5,0.3586789934097332
84034,1,7,8,9.413456890922184
84035,1,7,9,24.766211621921673
84037,1,7,4,0.3586790108976326
84045,1,7,9,25.85672256720312
84058,1,7,6,9.767000271526143
84066,1,7,8,23.950236712221447
84098,1,7,6,11.78857574235037
84108,1,7,8,25.291894126483736
84129,1,7,8,22.480337298168436
84130,1,7,8,13.852438351802688
84133,1,7,6,21.136831613618664
84134,1,7,7,3.316431132767516
84145,1,7,2,1.100049255406966
84147,1,7,5,0.3586789934097332
84152,1,7,6,14.20606506314896
84170,1,7,2,9.502693235607333
84181,1,7,4,0.3586790108976326
84187,1,7,4,0.3586790108976326
84206,1,7,7,3.746847208079039
84211,0,7,0,0.013622593085720527
84212,1,7,10,5.272688291014587
84213,1,7,6,7.191021975373335
84214,1,7,4,0.3586790108976326
84218,1,7,7,0.9777520281865069
84245,1,7,5,0.3586789934097332
84255,1,7,8,8.656161584374017
84259,0,7,0,0.013348557627070153
84278,1,7,7,4.119501758477157
84292,1,7,10,12.770071934553673
84295,1,7,5,0.3586789934097332
84302,0,7,0,0.017495580578824617
84311,1,7,9,2.9262161492560805
84320,1,7,3,2.3326501683309395
84321,1,7,10,20.715824497168285
84322,1,7,1,16.55941849846406
84329,1,7,1,7.961835060599947
84335,1,7,4,0.3586790108976326
84339,1,7,4,0.3586790108976326
84348,1,7,4,0.3586790108976326
84350,1,7,6,10.14614757504034
84363,1,7,8,14.562949072157311
84367,1,7,9,16.222922285182598
84368,1,7,1,12.819759032646258
84379,1,7,8,14.785350195049533
84381,0,7,0,0.2096254035006654
84383,0,7,0,0.025737032994016383
84396,0,7,0,0.02404683264657151
84415,1,7,7,3.330038945528759
84435,1,7,3,1.742472513598237
84438,1,7,9,13.241163488239042
84453,1,7,4,0.3586790108976326
84457,1,7,5,0.3586789934097332
84466,1,7,5,0.3586789934097332
84476,1,7,7,1.8160835272433777
84494,1,7,10,9.027366017423827
84503,1,7,7,1.7357300431588616
84504,1,7,1,8.514347944110783
84510,1,7,9,26.067347244050527
84523,1,7,7,0.5580993615986157
84533,1,7,10,14.107050381175384
84543,1,7,7,4.372668917241262
84557,1,7,9,8.021352007517544
84575,1,7,6,23.873226388457656
84579,1,7,8,22.579920832364564
84602,1,7,8,25.78362183574066
84610,1,7,8,8.674324189728232
84637,1,7,2,12.75484452511552
84655,1,7,8,28.461349969734858
84664,1,7,10,20.208085087777548
84672,1,7,8,12.214287865407096
84677,0,7,0,0.025805163974347765
84681,0,7,0,0.03989550104385466
84684,1,7,4,0.3586790108976326
84685,1,7,9,26.242116212442912
84701,1,7,5,0.3586789949470627
84718,1,7,6,13.49971886222501
84736,1,7,7,4.078713224359923
84757,1,7,9,22.930628122973697
84780,1,7,3,1.6593566324010895
84799,0,7,0,0.0246611314409301
84802,1,7,8,25.254300111610583
84806,1,7,9,18.904581538282393
84817,1,7,6,4.7866137374424245
84819,1,7,8,14.706317832623483
84821,1,7,7,1.2925400905844764
84843,1,7,7,4.361488344861344
84861,1,7,4,0.3586790108976326
84880,0,7,0,0.044019370100738905
84885,1,7,10,10.081694526898852
84895,1,7,8,28.17662730503574
84900,1,7,9,14.688265892728486
84905,1,7,10,20.440113079845073
84917,1,7,5,0.3586789934097332
84923,1,7,9,16.54637880252704
84947,1,7,8,12.712938977568973
84969,1,7,8,28.408978197355516
84972,1,7,9,13.643741914078525
84973,1,7,7,1.1121101171962235
85042,1,7,8,25.77748322624318
85045,1,7,5,0.3586789934097332
85069,1,7,5,0.3586789934097332
85092,1,7,6,15.76312318656534
85107,1,7,8,21.64243907796657
85108,1,7,4,0.3586790108976326
85110,1,7,8,14.658050472865087
85120,1,7,8,26.885229172024726
85121,1,7,9,15.061136253677024
85132,0,7,0,0.027540501256317802
85133,1,7,6,8.614278851535675
85135,1,7,5,0.3586789934097332
85137,1,7,7,3.884233198791728
85140,1,7,8,15.840832880530508
85147,1,7,9,8.233327855624198
85156,1,7,10,12.391923503382172
85181,1,7,1,22.482272135407065
85182,1,7,6,14.891166637221493
85184,1,7,8,12.961070849950186
85185,1,7,8,6.8380744064221215
85187,1,7,10,10.993033579654803
85195,1,7,4,0.3586790108976326
85198,0,7,0,0.013795635284371258
85201,1,7,6,8.61158444584084
85220,1,7,6,21.06413220130874
85222,1,7,2,3.139097835068955
85236,1,7,9,14.261461273443654
85249,0,7,0,0.01864716119447854
85255,1,7,8,26.31785387483616
85291,1,7,8,24.64400138508119
85311,1,7,1,10.304811038905042
85321,1,7,9,11.173000017784949
85354,1,7,4,0.3586790108976326
85366,1,7,5,0.3586789934097332
85367,1,7,8,25.743427052441987
85379,1,7,9,6.103700014162106
85385,1,7,5,0.3586789934097332
85393,1,7,9,15.784699493569569
85403,1,7,9,25.9180562770348
85412,1,7,9,23.00913625386704
85422,1,7,10,7.256296728532107
85428,1,7,1,18.66241115699823
85456,0,7,0,0.03377567158095964
85466,1,7,10,6.962227336935844
85471,1,7,4,0.3586790108976326
85492,1,7,9,7.684761699313979
85500,1,7,8,22.55471338756245
85509,1,7,4,0.3586790108976326
85514,1,7,7,0.9949541959591711
85518,1,7,4,0.3586790108976326
85522,1,7,4,0.3586790108976326
85523,1,7,6,15.086551223277075
85525,1,7,10,21.266735806237815
85533,1,7,6,22.8428428893082
85538,1,7,8,9.963764802179222
85540,1,7,2,12.710975410631118
85542,1,7,9,13.27545958967517
85546,1,7,5,0.3586789934097332
85588,1,7,8,23.603207457125816
85591,1,7,5,0.3586789934097332
85592,1,7,8,6.978626979287604
85597,1,7,1,23.284319051062795
85620,1,7,8,17.231986680667514
85628,1,7,7,4.1770612526245605
85633,1,7,9,14.24894569537582
85662,1,7,4,0.3586790108976326
85669,1,7,4,0.3586790108976326
85676,1,7,8,5.446459881698907
85678,1,7,6,9.68417594343645
85679,1,7,9,17.612861137907146
85682,1,7,1,8.701634558267214
85694,1,7,8,10.151433981213094
85702,1,7,6,22.059820073833905
85711,1,7,1,16.190854098038802
85731,1,7,3,2.43030854194477
85738,1,7,6,22.57230601840054
85763,1,7,5,0.3586789934097332
85774,1,7,2,13.878121639524526
85785,1,7,3,2.304483956876743
85790,0,7,0,0.016354553707889116
85791,1,7,5,0.3586789934097332
85800,1,7,1,18.238338513788985
85813,1,7,5,0.3586789934097332
85819,1,7,9,20.309982938811853
85834,0,7,0,0.24961116057819357
85835,0,7,0,0.017526684677123105
85846,1,7,9,2.1462004827931653
85848,1,7,8,12.672494004204992
85850,1,7,6,13.039167804529065
85858,1,7,5,0.3586789934097332
85880,1,7,8,23.507907479873396
85887,1,7,8,15.038480943642028
85893,0,7,0,0.013913592660130347
85894,1,7,8,11.018040998735078
85932,1,7,8,19.368473097654576
85945,1,7,8,7.419973977016138
85949,1,7,10,9.311645381937899
85957,0,7,0,0.020135121428948848
85959,1,7,1,21.03699551705881
85963,1,7,5,0.3586789934097332
85967,1,7,4,0.3586790108976326
85972,1,7,5,0.3586789934097332
85995,1,7,2,3.0114290562086823
86010,1,7,1,16.981527943511132
86020,1,7,9,17.64073409164974
86029,1,7,8,16.026733922659837
86047,1,7,6,15.129240779070146
86052,1,7,8,19.892021585725118
86055,1,7,7,3.7780251573098087
86068,1,7,9,14.349392159576444
86084,1,7,10,20.188894866339336
86090,1,7,8,3.991375277333025
86096,1,7,8,25.930326417946908
86111,1,7,10,5.341689638977784
86120,1,7,7,2.6318631441774407
86153,1,7,6,15.489105700393598
86157,1,7,9,16.67867394168336
86167,1,7,5,0.3586789934097332
86172,1,7,5,0.3586789934097332
86173,1,7,9,9.724202996959281
86183,1,7,9,14.417446457928506
86187,1,7,8,13.39103968685337
86195,1,7,1,14.396794546133801
86201,1,7,8,8.031121243720177
86215,1,7,7,3.4396744920126068
86242,1,7,5,0.3586789934097332
86255,1,7,8,21.677619531616145
86297,1,7,6,14.70576485133915
86308,1,7,5,0.3586789934097332
86332,1,7,9,20.605042023058775
86343,1,7,6,17.391467560541304
86346,1,7,10,11.281428655951292
86360,1,7,8,10.908963041604164
86365,1,7,8,10.615874767775402
86371,1,7,2,1.2652729990248985
86382,1,7,8,16.375902974078297
86386,1,7,5,0.3586789949470627
86391,1,7,9,15.436888160982743
86412,1,7,9,18.609214676072988
86413,1,7,9,15.102176910389066
86419,1,7,1,12.924576720452635
86436,1,7,6,15.145781323407174
86450,1,7,9,15.659266804996388
86465,1,7,9,11.266196336629548
86486,0,7,0,0.026506267140051096
86498,1,7,5,0.3586789934097332
86500,1,7,10,15.178156278238344
86514,1,7,5,0.3586789934097332
86554,1,7,6,16.046771700887493
86559,1,7,5,0.3586789934097332
86577,1,7,8,12.003756515609034
86592,1,7,7,2.4636828533465183
86597,1,7,6,10.340240776771644
86617,1,7,4,0.3586790108976326
86640,1,7,9,24.12978052166375
86643,0,7,0,0.027291923928032057
86665,1,7,8,20.216219275189307
86667,0,7,0,0.024213622550847278
86668,1,7,9,26.413181700234297
86678,1,7,1,20.12645948647665
86691,0,7,0,0.03192215081859703
86702,1,7,3,1.310973057383706
86718,1,7,5,0.3586789934097332
86720,1,7,5,0.3586789934097332
86722,1,7,6,16.294536464896954
86740,1,7,5,0.3586789934097332
86755,1,7,6,20.476873668179753
86784,1,7,7,1.227761749447975
86785,1,7,9,15.097188597444857
86800,1,7,7,4.577446044311918
86818,1,7,3,2.3707295323447535
86828,1,7,6,23.142702957035123
86829,1,7,6,20.02930978149402
86834,1,7,8,20.697172502720957
86839,1,7,1,14.7323096645421
86872,1,7,4,0.3586790108976326
86873,1,7,4,0.3586790108976326
86878,1,7,5,0.3586789934097332
86880,1,7,6,20.848580381413235
86881,1,7,3,2.3546792768572673
86885,1,7,6,18.91394411926077
86888,1,7,10,12.0583675001226
86923,1,7,5,0.3586789934097332
86930,1,7,1,14.05563977156587
86940,1,7,6,21.933154686819318
86945,1,7,8,12.751475185207157
86956,1,7,7,1.5168287733436379
86960,1,7,4,0.3586790108976326
86977,1,7,4,0.3586790108976326
86994,1,7,4,0.3586790108976326
87006,1,7,7,1.6588653693868665
87011,1,7,10,11.208454260575865
87018,1,7,9,26.258507800556192
87030,1,7,5,0.3586789934097332
87039,1,7,2,3.5365168959316127
87040,1,7,7,2.4827576805093123
87041,1,7,9,17.09895826286544
87056,1,7,6,7.222450485578821
87084,1,7,8,13.702227493090984
87086,1,7,9,23.250959397442127
87095,1,7,8,27.68175112563349
87129,1,7,6,23.960927259717927
87130,1,7,8,16.35931595726139
87133,1,7,8,2.672504092967629
87141,1,7,8,9.325531910664434
87150,1,7,6,12.94646950864992
87153,1,7,4,0.3586790108976326
87166,1,7,6,21.565562055392515
87168,1,7,10,17.69137618143414
87177,0,7,0,0.01517330902954357
87207,1,7,6,14.067768891854582
87218,1,7,5,0.3586789934097332
87222,1,7,10,4.426226283382354
87241,0,7,0,0.023675242588539754
87291,1,7,2,13.798122192611205
87313,1,7,6,10.583630101419976
87315,1,7,4,0.3586790108976326
87319,0,7,0,0.017363215413804776
87320,1,7,9,24.06305082721885
87340,1,7,6,12.897566194206256
87344,1,7,9,6.196872088157204
87354,1,7,9,21.697946526296295
87366,1,7,8,28.484810075987763
87372,0,7,0,0.011908864306552436
87380,1,7,1,18.09640458588456
87395,1,7,8,10.57196286967987
87397,1,7,9,21.84181299372316
87409,1,7,2,13.576725620661318
87417,1,7,5,0.3586789934097332
87432,1,7,5,0.3586789934097332
87441,1,7,10,20.466031103832524
87443,1,7,7,4.169984501666688
87457,1,7,9,16.20783714479246
87469,1,7,8,6.997486482877051
87480,1,7,1,18.380329365073923
87481,1,7,8,13.44090547718995
87483,1,7,2,12.234910724523944
87490,1,7,6,6.102415825240742
87502,0,7,0,0.27464824799355475
87515,1,7,1,6.183768427384193
87520,1,7,4,0.3586790108976326
87525,1,7,6,10.035122836826101
87528,1,7,8,27.587222000205003
87530,1,7,7,2.5461542964301715
87532,1,7,9,24.563465107256913
87535,1,7,5,0.3586789934097332
87545,1,7,8,15.047984702862108
87549,1,7,9,12.292090389181459
87556,1,7,9,21.323002179419138
87567,1,7,4,0.3586790108976326
87582,1,7,9,24.31508657719299
87587,1,7,1,16.592836846477272
87614,1,7,9,24.09302593674713
87617,1,7,6,14.21921113655666
87621,1,7,6,18.30105559476827
87624,1,7,1,8.348927798750235
87630,1,7,4,0.3586790108976326
87633,1,7,9,21.477075661588184
87651,1,7,6,23.052523997171406
87656,1,7,8,8.5389753220837
87663,1,7,7,2.2440475310425674
87664,1,7,9,11.050043505609311
87668,1,7,2,11.696306089241473
87678,1,7,9,9.308112572415284
87684,1,7,9,14.021024043819633
87715,1,7,6,22.430972117657202
87731,1,7,6,22.583959483653818
87741,1,7,10,19.12246287560512
87762,1,7,4,0.3586790108976326
87767,1,7,6,6.423044790690492
87778,1,7,10,12.284267313738107
87784,1,7,4,0.3586790108976326
87785,0,7,0,0.03259334715016973
87792,1,7,9,16.03022282927047
87831,1,7,9,9.304875722903942
87834,1,7,8,27.82397814212344
87853,1,7,5,0.3586789934097332
87860,1,7,9,26.030355431617654
87888,1,7,5,0.3586789934097332
87889,1,7,6,14.774567947474706
87901,1,7,8,3.591876883279927
87904,1,7,4,0.3586790108976326
87905,1,7,3,2.068265047875304
87906,1,7,2,13.399718656676153
87925,1,7,8,5.2776706766811206
87950,1,7,6,23.78653986248254
87957,1,7,10,14.587771569282168
87968,1,7,7,1.5543741462115652
87987,1,7,8,15.85592009877506
87989,1,7,10,12.77661421263143
87993,1,7,7,4.46300445944295
88003,1,7,9,23.983380666424093
88006,1,7,10,17.85123040500845
88018,1,7,6,21.95033235841228
88023,1,7,8,22.119294734197396
88044,1,7,5,0.3586789934097332
88056,1,7,2,8.2568341114561
88060,1,7,8,14.338234957941005
88067,1,7,1,18.22864079646479
88076,1,7,8,23.13440734193818
88099,1,7,8,16.638907154260934
88107,1,7,4,0.3586790108976326
88113,1,7,7,1.5076985125309124
88118,1,7,9,24.778415556507596
88140,1,7,10,11.239703948793357
88145,1,7,1,13.556304277962779
88189,1,7,4,0.3586790108976326
88198,1,7,6,19.716127436929195
88204,1,7,1,18.16699612554262
88207,0,7,0,0.013507576068622082
88209,1,7,8,27.01098840291623
88217,1,7,5,0.3586789934097332
88223,1,7,4,0.3586790108976326
88224,1,7,4,0.3586790108976326
88232,1,7,9,15.938267402161278
88243,1,7,4,0.3586790108976326
88249,1,7,4,0.3586790108976326
88258,1,7,3,1.180788351096618
88276,1,7,6,18.110158672360413
88285,1,7,8,13.74986630200861
88300,1,7,1,9.25051993273879
88307,1,7,4,0.3586790108976326
88317,1,7,6,19.619525189917688
88334,1,7,1,14.3971966161177
88342,1,7,6,8.737134951158051
88352,1,7,8,19.525579922684738
88354,1,7,9,20.91390524912688
88374,1,7,8,19.14349985388805
88378,1,7,5,0.3586789949470627
88379,1,7,3,2.02543350080259
88394,1,7,9,24.71109918458767
88402,1,7,10,12.376958044905438
88444,1,7,2,11.279644618827634
88447,1,7,9,12.247699987733803
88450,1,7,1,19.14991844282203
88452,1,7,10,14.792195378742784
88456,1,7,3,1.5173294587091455
88458,1,7,9,11.862241900792188
88462,1,7,9,16.58655644904122
88469,1,7,7,1.9759103574251904
88492,0,7,0,0.01644453772079909
88496,1,7,2,7.220168985812129
88503,1,7,9,24.81066465420521
88504,1,7,8,28.542206271205945
88515,1,7,9,25.91292243955884
88527,1,7,6,17.58717540877323
88528,1,7,8,14.43977877829816
88543,1,7,9,23.034281120938715
88549,1,7,8,8.54362409158822
88557,1,7,3,0.808237505080038
88560,1,7,7,3.4933601201785205
88607,1,7,5,0.3586789934097332
88611,1,7,7,4.309469787912126
88612,1,7,6,13.37404498197074
88614,1,7,5,0.3586789934097332
88617,0,7,0,0.013888517785094678
88633,1,7,10,19.829109097162913
88634,1,7,2,11.134943288393066
88638,1,7,8,20.21176656451061
88647,1,7,8,18.117571133427077
88657,0,7,0,0.03394784440768528
88659,1,7,9,16.129166508132762
88663,1,7,2,13.688560698873625
88666,1,7,6,13.660725080448902
88668,1,7,6,23.38223508436044
88674,1,7,1,8.450277050391811
88681,1,7,2,4.273631597231472
88731,1,7,10,4.374732508444959
88745,1,7,10,20.97353941028544
88784,1,7,7,3.1819234613305603
88786,1,7,8,10.005976687895702
88788,1,7,7,1.967798110372995
88790,1,7,7,4.398352261254083
88798,1,7,4,0.3586790108976326
88801,1,7,9,14.63676752775218
88809,1,7,10,5.198532279425476
88824,1,7,4,0.3586790108976326
88826,0,7,0,0.028744550224599326
88852,1,7,5,0.3586789934097332
88854,1,7,2,6.076119517194279
88858,1,7,10,5.389815112974764
88885,1,7,7,1.734986323083527
88889,1,7,10,11.457181645654574
88897,1,7,4,0.3586790108976326
88923,1,7,2,1.9311304029066925
88926,1,7,9,26.33676586144728
88944,1,7,4,0.3586790108976326
88946,0,7,0,0.013795577409403228
88948,1,7,8,9.699690791896076
88951,1,7,8,20.920805036526513
88960,1,7,9,22.786476970870797
88998,1,7,3,2.3097990856572066
89019,1,7,5,0.3586789949470627
89024,1,7,8,5.349309300001255
89031,1,7,4,0.3586790108976326
89037,1,7,9,21.725391620261227
89043,1,7,9,23.91126817023745
89047,1,7,8,26.89873780051824
89049,1,7,9,12.423828424893124
89054,1,7,7,2.7033475746200075
89082,1,7,7,3.4183265116785964
89110,1,7,5,0.3586789934097332
89125,1,7,8,10.84989411526438
89129,1,7,1,19.170069291405255
89155,1,7,3,2.0955405959013023
89161,1,7,9,11.705581126930385
89173,1,7,9,25.53828343365523
89174,0,7,0,0.031480971390308206
89233,1,7,7,1.2878960208890318
89240,1,7,2,11.496674658465595
89244,1,7,1,13.513907157802063
89250,1,7,9,8.268628878741103
89251,1,7,6,5.578060464261443
89258,1,7,3,1.858827307582605
89259,1,7,8,16.80740434925994
89264,1,7,9,13.063950171555101
89267,1,7,9,22.558152824722445
89282,1,7,6,15.64462211667254
89295,1,7,3,2.4293854718914436
89297,1,7,5,0.3586789934097332
89304,1,7,1,5.720273669543697
89331,1,7,5,0.3586789934097332
89339,1,7,6,18.49218830600816
89355,1,7,8,24.578037981446936
89373,1,7,3,0.788810715222706
89376,1,7,8,28.24336849939372
89394,1,7,5,0.3586789934097332
89401,1,7,8,21.86613265508282
89412,1,7,6,22.402472690733468
89434,0,7,0,0.03131340577964584
89442,1,7,5,0.3586789934097332
89457,1,7,8,18.896237188975583
89460,1,7,9,14.447386943578879
89463,1,7,2,4.810251116788251
89465,1,7,10,5.586589294232827
89467,1,7,4,0.3586790108976326
89475,1,7,10,4.753100337753971
89486,1,7,4,0.3586790108976326
89490,1,7,1,7.470098520974985
89503,1,7,10,11.875573504981322
89505,1,7,4,0.3586790108976326
89507,1,7,9,21.767637223030647
89529,1,7,10,11.139361481821906
89533,1,7,5,0.3586789934097332
89546,1,7,4,0.3586790108976326
89560,1,7,5,0.3586789934097332
89576,1,7,5,0.3586789934097332
89587,1,7,5,0.3586789934097332
89589,1,7,9,6.924764242736865
89590,1,7,7,2.237335101286965
89600,1,7,5,0.3586789934097332
89602,1,7,9,9.461728804262648
89617,1,7,8,24.905762942582548
89619,1,7,2,5.2248886458926975
89640,1,7,9,12.75040055026968
89644,1,7,7,2.5311608261058116
89681,1,7,6,20.56811068896295
89695,1,7,8,16.063817653147183
89697,1,7,9,15.692370558846177
89710,1,7,1,10.307223710795839
89714,1,7,1,13.485370440890243
89758,1,7,5,0.3586789934097332
89770,1,7,4,0.3586790108976326
89771,1,7,9,23.20973081717861
89773,1,7,8,18.812489329175243
89804,1,7,4,0.3586790108976326
89811,1,7,4,0.3586790108976326
89817,1,7,5,0.3586789934097332
89821,1,7,9,11.204159055349354
89833,1,7,8,16.567447434411626
89846,1,7,7,2.4401636444886856
89852,1,7,4,0.3586790108976326
89854,1,7,9,18.73325657270278
89863,1,7,4,0.3586790108976326
89880,1,7,1,6.349312183679547
89881,1,7,6,15.079489418583792
89884,1,7,9,26.458698177718553
89897,1,7,10,21.243940339966798
89923,1,7,9,20.65208337973877
89948,1,7,8,17.390349334310365
89958,1,7,5,0.3586789934097332
89970,1,7,1,11.606275460590695
89974,1,7,5,0.3586789934097332
89977,1,7,4,0.3586790108976326
90008,1,7,5,0.3586789934097332
90019,0,7,0,0.016116265336389966
90020,1,7,4,0.3586790108976326
90044,1,7,9,13.762107632851043
90053,1,7,8,25.032193915989577
90059,1,7,4,0.358679009087165
90062,1,7,8,8.470183020519084
90080,1,7,9,15.562046140675525
90090,1,7,9,15.852112977210876
90097,1,7,9,12.616012542002764
90103,1,7,10,21.237300910706292
90104,1,7,1,17.402656423058925
90110,1,7,9,18.574777032150752
90130,0,7,0,0.012473608959452214
90131,1,7,10,17.334011755808096
90133,1,7,8,15.78231746900644
90137,1,7,10,21.306638314962186
90163,1,7,7,3.6985608985463396
90173,0,7,0,0.012443866222579402
90181,0,7,0,0.018173178509849643
90182,1,7,9,10.24298821286274
90192,1,7,7,4.47076911686319
90196,1,7,8,25.73541524135913
90200,1,7,3,1.122799546222518
90205,1,7,8,8.532187753520354
90206,1,7,9,9.900319335527424
90213,1,7,10,12.484738445945352
90216,1,7,9,25.901357436924314
90223,1,7,10,9.367298554922428
90226,1,7,7,3.193596307447753
90238,1,7,3,1.6542198252519433
90246,1,7,4,0.3586790108976326
90247,0,7,0,0.028951747315465598
90258,1,7,5,0.3586789934097332
90309,1,7,10,16.597175985604107
90336,1,7,8,24.903143502993675
90340,1,7,6,7.541031331399694
90341,1,7,4,0.358679009087165
90356,1,7,8,13.502721975072639
90358,1,7,9,5.06077455386098
90362,1,7,5,0.3586789934097332
90367,1,7,3,1.3204091078594034
90374,1,7,1,7.77134676691567
90385,1,7,4,0.3586790108976326
90407,1,7,8,5.907845915703362
90426,1,7,10,12.376771601032116
90442,1,7,5,0.3586789934097332
90450,1,7,8,7.969852342685599
90461,1,7,8,26.822003175423614
90464,1,7,4,0.3586790108976326
90466,1,7,4,0.3586790108976326
90474,0,7,0,0.01798829873740863
90478,1,7,5,0.3586789934097332
90487,1,7,6,16.857875037227398
90513,1,7,1,16.774862682264637
90515,1,7,9,19.92219665943745
90522,1,7,8,14.494706066238466
90570,1,7,5,0.3586789934097332
90571,0,7,0,0.023823017025466884
90573,1,7,6,15.159290253457133
90583,1,7,4,0.3586790108976326
90585,1,7,10,15.285533244414149
90597,1,7,5,0.3586789934097332
90604,1,7,9,14.606332560226027
90621,1,7,5,0.3586789934097332
90624,1,7,9,9.815115260538951
90626,1,7,10,17.224796670215472
90627,0,7,0,0.017928285338927284
90628,1,7,4,0.358679009087165
90629,1,7,1,17.96882362082811
90649,1,7,8,21.363186688416246
90650,1,7,8,13.609584728632976
90665,1,7,7,2.231250706489754
90666,1,7,1,22.931568358769553
90672,1,7,9,17.4583729203337
90693,1,7,10,20.98291470784006
90698,1,7,8,20.46861758759047
90709,1,7,8,22.652956641696854
90710,1,7,4,0.3586790108976326
90734,1,7,8,17.725236842061527
90778,1,7,5,0.3586789934097332
90781,1,7,5,0.3586789934097332
90798,1,7,4,0.3586790108976326
90805,1,7,8,15.335837183703267
90809,1,7,6,21.66129895690354
90823,1,7,8,7.345337228513762
90830,1,7,8,24.58155042347247
90852,1,7,7,2.6046802969030005
90874,1,7,10,11.292121939600973
90881,1,7,6,10.221137173089986
90899,1,7,10,4.697126291442426
90906,1,7,8,20.25671283969941
90936,1,7,9,16.16825553063153
90963,1,7,6,11.869106857499931
90972,1,7,5,0.3586789934097332
90973,1,7,10,18.51435426639314
90976,1,7,8,17.050580880822174
90979,1,7,8,20.587104812419362
90983,1,7,6,18.23067552423457
90998,1,7,8,14.340521261963831
91000,1,7,9,16.21952167787128
91007,1,7,9,20.631203952382634
91015,1,7,3,0.9913239745216348
91050,1,7,10,12.478019044805581
91053,1,7,8,19.434187337014187
91060,1,7,1,22.275477488172942
91086,1,7,1,19.242599232427903
91106,1,7,9,16.213095873967
91114,1,7,8,12.77789591664597
91118,1,7,8,2.4534933860278776
91130,1,7,4,0.3586790108976326
91144,1,7,8,15.741494061409279
91148,1,7,8,15.352135763509382
91157,1,7,5,0.3586789934097332
91161,1,7,4,0.3586790108976326
91169,1,7,6,19.843363148735442
91170,1,7,6,18.933796228805583
91176,1,7,9,6.2744074731959785
91186,1,7,10,19.639423691577665
91187,1,7,1,16.76076716935855
91193,1,7,10,11.704004667915353
91203,1,7,8,10.14844147046982
91205,1,7,9,21.337434190842576
91213,1,7,8,17.98866137373728
91245,1,7,5,0.3586789934097332
91262,1,7,8,21.109520036982673
91267,1,7,3,1.0179336276235225
91271,1,7,9,20.913380583796013
91272,1,7,8,12.29161255349217
91273,1,7,8,25.833988812370187
91286,1,7,4,0.3586790108976326
91297,1,7,9,5.838003625812243
91299,1,7,8,11.705597964802044
91308,1,7,8,22.392832767789663
91333,1,7,4,0.3586790108976326
91341,1,7,4,0.3586790108976326
91365,1,7,4,0.3586790108976326
91372,1,7,4,0.3586790108976326
91379,1,7,1,19.848567093356014
91415,1,7,6,9.96311121074927
91419,1,7,1,14.340153746485987
91439,1,7,9,15.069313173825636
91440,0,7,0,0.026420528813355132
91448,1,7,4,0.3586790108976326
91450,1,7,9,15.947304817951286
91487,1,7,4,0.3586790108976326
91515,0,7,0,0.027536566945745484
91516,1,7,1,6.811144201676477
91520,1,7,10,11.386535170662183
91529,1,7,8,12.453748441730916
91531,1,7,7,1.4388650063674062
91534,1,7,5,0.3586789934097332
91557,1,7,9,25.708995927377778
91562,1,7,8,12.690365845214913
91567,1,7,2,10.653734231736061
91568,1,7,7,1.59132951280459
91573,1,7,6,5.343227623924256
91575,1,7,9,20.355180038236263
91585,1,7,3,2.402443785205728
91588,1,7,8,15.034539172771694
91592,1,7,1,19.566080108857136
91603,1,7,8,28.17749217696987
91614,1,7,9,23.174289120329373
91620,1,7,9,16.538370282008234
91630,1,7,9,16.364575002387905
91644,1,7,4,0.358679009087165
91653,1,7,7,1.767310126553927
91668,1,7,5,0.3586789934097332
91697,1,7,5,0.3586789934097332
91699,0,7,0,0.025423152412222292
91741,1,7,2,9.076378009132196
91758,1,7,6,23.099601876240463
91766,1,7,10,2.9147694386780825
91769,1,7,1,17.20435297886851
91781,1,7,9,16.508088836711412
91787,1,7,5,0.3586789934097332
91826,0,7,0,0.01273300547224637
91851,1,7,9,25.469352710820583
91868,1,7,3,2.131037750127741
91874,1,7,1,5.071290486467957
91875,1,7,3,2.341303633106395
91897,1,7,7,4.628229874524458
91898,1,7,5,0.3586789934097332
91937,1,7,8,13.03688765358025
91941,1,7,9,16.369679856681095
91945,1,7,10,8.258803172995707
91953,1,7,4,0.3586790108976326
91958,1,7,8,3.8279514314684375
91961,1,7,3,2.2273301207188085
91963,1,7,6,15.102057898343784
91964,1,7,9,14.675281204840957
91972,1,7,9,17.29828621019489
91975,1,7,6,19.455993173980048
91978,1,7,1,11.696031942853336
91994,1,7,6,17.804231133400297
91999,1,7,4,0.3586790108976326
92001,1,7,9,16.299465744292334
92010,1,7,9,8.685815905809765
92022,1,7,4,0.3586790108976326
92030,1,7,7,4.361148781728067
92036,1,7,3,2.415731840333091
92040,1,7,9,9.009497626214797
92044,1,7,4,0.3586790108976326
92052,1,7,5,0.3586789934097332
92054,1,7,1,18.324780536399388
92057,1,7,5,0.3586789934097332
92061,1,7,8,24.416776901711195
92063,1,7,5,0.3586789934097332
92066,1,7,6,4.397015541863208
92072,1,7,9,26.3729920330439
92081,1,7,10,12.354467217155287
92086,1,7,9,15.679067326021805
92088,1,7,9,20.157754122507235
92096,1,7,10,4.682656323425113
92101,1,7,8,23.382810927155024
92102,1,7,5,0.3586789934097332
92111,0,7,0,0.026193454522285817
92122,1,7,5,0.3586789934097332
92123,1,7,7,4.448635367410494
92129,1,7,4,0.3586790108976326
92140,1,7,6,22.4446632263165
92143,1,7,9,22.6878734669923
92146,1,7,7,4.42386712677753
92157,1,7,10,19.29232722469311
92158,1,7,9,17.326011587188994
92165,1,7,4,0.3586790108976326
92166,1,7,9,25.15436178454496
92175,1,7,9,24.340742497072704
92185,1,7,9,6.5373665269429875
92194,1,7,5,0.3586789949470627
92215,0,7,0,0.030896741620832415
92221,1,7,6,11.676447931898513
92222,1,7,9,8.663289720571449
92244,0,7,0,0.09949296400426137
92264,1,7,4,0.3586790108976326
92291,1,7,3,2.10847479401621
92294,1,7,10,4.322459935739792
92318,1,7,3,2.262175398715134
92319,1,7,5,0.3586789934097332
92321,1,7,5,0.3586789934097332
92322,1,7,7,4.253096853080432
92325,1,7,8,9.900802328869762
92340,1,7,9,22.934071487478597
92341,1,7,9,8.804886890316219
92344,1,7,9,6.488954160901837
92351,1,7,9,25.371028912260208
92353,1,7,4,0.3586790108976326
92354,1,7,1,15.527549317994257
92356,1,7,8,4.549382703253763
92358,1,7,2,1.727233490315656
92365,1,7,7,2.9021683329627863
92401,1,7,8,24.568508811363127
92409,1,7,2,7.271642969798208
92414,1,7,1,23.13180137766477
92431,1,7,6,21.207777755935698
92450,1,7,10,14.660706650728978
92456,1,7,4,0.3586790108976326
92465,1,7,6,23.212954597333244
92474,1,7,9,21.820640690071322
92489,1,7,6,22.571117217147357
92527,1,7,8,11.19156037962827
92528,1,7,8,20.59234137884545
92529,1,7,8,12.093863075075106
92542,1,7,7,3.9218221646289724
92565,1,7,1,9.532193557996933
92568,1,7,7,3.3420323143022364
92574,1,7,5,0.3586789934097332
92575,1,7,6,5.866181940114494
92582,1,7,8,15.893892837183053
92596,1,7,1,18.6277480311236
92599,1,7,9,21.79900752321616
92600,1,7,4,0.3586790108976326
92611,1,7,1,3.8412874850948127
92619,0,7,0,0.023572382167151174
92623,1,7,1,18.111258975238364
92634,1,7,8,28.40425585335801
92644,1,7,7,4.175492155214595
92670,1,7,10,18.239554742531894
92699,1,7,6,16.778754755297932
92703,1,7,4,0.3586790108976326
92709,1,7,6,6.580675918120302
92731,1,7,6,23.372029478774568
92742,1,7,4,0.3586790108976326
92766,1,7,6,23.95525668439997
92778,1,7,2,3.056470400823808
92782,1,7,7,2.34350542944125
92796,0,7,0,0.02440646515530377
92812,1,7,8,13.789213096981035
92820,1,7,8,23.127765743239067
92823,1,7,6,21.674022553864425
92841,1,7,2,11.831333395532074
92874,1,7,9,17.90599725786708
92909,1,7,4,0.358679009087165
92913,1,7,9,26.334077888827448
92937,1,7,6,7.362056469146641
92941,1,7,6,11.450165302710232
92952,1,7,2,9.005665018473978
92962,1,7,3,2.404534919222056
92967,1,7,6,7.139664737983519
92979,1,7,9,14.869317369845628
92992,1,7,2,10.893324389363531
93004,1,7,9,11.80201729491374
93020,1,7,8,12.371149645177718
93032,1,7,6,23.25765122956083
93037,1,7,10,9.544595804442647
93040,1,7,8,11.747148658025552
93066,1,7,10,17.600935797986295
93072,1,7,9,16.582962316210107
93110,1,7,4,0.3586790108976326
93117,1,7,10,12.17192401261284
93126,1,7,1,17.457491161181796
93135,1,7,5,0.3586789934097332
93148,1,7,6,5.94544806183901
93157,1,7,6,13.655718340272934
93165,1,7,4,0.3586790108976326
93175,0,7,0,0.02777831116315283
93197,1,7,6,21.28455275350854
93220,1,7,10,9.348200575217955
93237,1,7,8,12.423537301696161
93266,1,7,2,0.8743979357819852
93267,1,7,3,1.93849711408524
93290,1,7,5,0.3586789934097332
93295,1,7,5,0.3586789934097332
93311,1,7,4,0.3586790108976326
93322,1,7,9,14.415803051892608
93329,1,7,8,15.224063389198655
93331,1,7,6,4.9293964532038475
93374,1,7,3,2.4194445011078374
93380,1,7,9,6.6433369445764425
93391,0,7,0,0.20621793643279152
93397,1,7,4,0.3586790108976326
93410,1,7,10,15.199186500327079
93433,1,7,9,18.248102874980656
93436,1,7,5,0.3586789934097332
93452,1,7,1,12.954602353824265
93463,1,7,3,1.1479137983167198
93476,1,7,10,4.451455653974406
93478,1,7,5,0.3586789934097332
93500,1,7,9,23.84256092864268
93516,1,7,9,9.802096097959124
93518,1,7,9,18.730172973301674
93520,0,7,0,0.02886963473909143
93542,1,7,8,21.58071772228939
93543,1,7,6,13.970280820057377
93547,1,7,6,19.388246998263448
93551,1,7,1,11.805994916136665
93563,1,7,7,0.9146380629693565
93574,0,7,0,0.027126405109534027
93585,1,7,5,0.3586789934097332
93608,1,7,10,17.299477210093066
93611,1,7,5,0.3586789934097332
93623,0,7,0,0.024417659074608286
93627,1,7,9,17.135027456167936
93631,1,7,1,18.501892770890677
93652,1,7,8,21.556029666877194
93658,1,7,10,16.38996535563162
93668,1,7,9,14.428262563128373
93669,1,7,4,0.358679009087165
93682,1,7,6,21.31617269382193
93684,1,7,5,0.3586789934097332
93690,1,7,6,21.581760792169423
93696,1,7,8,11.556330380698048
93714,1,7,10,21.29512651961471
93721,1,7,10,11.626743242632175
93726,1,7,8,21.579336616255837
93729,1,7,9,19.526799324248525
93731,1,7,10,9.11481796529477
93732,0,7,0,0.031880182266014925
93748,1,7,8,3.196379578331241
93760,1,7,2,12.235843101199292
93763,1,7,6,7.398909736206999
93768,1,7,6,23.25031018137367
93776,1,7,3,1.7359013625392117
93778,1,7,8,14.776969409764453
93779,1,7,8,24.730205462967312
93821,1,7,8,22.851537044861363
93841,1,7,3,2.4412199977341627
93849,1,7,10,9.677881154718309
93859,1,7,8,15.96578161291741
93865,1,7,8,22.974456832728713
93868,1,7,6,14.98247612728518
93897,1,7,7,3.443089782852886
93898,1,7,5,0.3586789934097332
93909,1,7,10,16.766086118151872
93914,1,7,1,6.968681052219281
93917,1,7,3,0.6255902642733462
93919,1,7,1,20.773765711172643
93921,1,7,9,18.770227929885035
93947,1,7,8,21.911569200862743
93949,1,7,4,0.358679009087165
93952,1,7,1,7.011261612517566
93953,1,7,6,21.061429939663224
93959,1,7,2,5.907683921491805
93980,1,7,8,21.363681883251918
93982,1,7,4,0.3586790108976326
93989,1,7,8,17.29821912429688
93990,1,7,5,0.3586789934097332
94001,1,7,8,22.41907978993046
94009,1,7,3,0.3580366649087221
94010,1,7,7,3.474454753634153
94031,1,7,10,11.116045759053332
94034,1,7,7,4.149792244836141
94040,1,7,10,3.531349978916519
94045,1,7,5,0.3586789934097332
94064,1,7,9,25.266714676105458
94069,1,7,9,16.287056999233926
94077,1,7,6,6.305624363016356
94101,1,7,4,0.3586790108976326
94102,1,7,5,0.3586789934097332
94105,1,7,8,19.119181923998752
94118,1,7,5,0.3586789934097332
94132,1,7,6,22.980164918765784
94140,1,7,7,1.8546654173162695
94142,1,7,9,24.108141340816015
94151,1,7,9,20.77039777625758
94156,0,7,0,0.01649837205909996
94176,1,7,5,0.3586789934097332
94185,1,7,6,14.084280235219088
94190,1,7,8,17.27382135258774
94191,1,7,7,3.62388558368895
94196,1,7,2,11.828211974975288
94256,1,7,8,19.40653355617102
94271,1,7,9,3.701012733877273
94277,1,7,9,15.129592488760382
94301,1,7,9,18.03573513200189
94303,1,7,4,0.3586790108976326
94306,1,7,6,22.440205494820088
94318,1,7,1,21.777434510477207
94321,1,7,3,2.3641941712593284
94334,1,7,2,11.38230672476076
94336,1,7,9,5.556088275277545
94338,1,7,8,23.38313502589355
94344,1,7,8,7.078428772691973
94356,1,7,9,15.075406826713678
94357,1,7,8,8.74671074869543
94372,1,7,7,2.7403441647202853
94380,1,7,1,10.450407543429334
94382,1,7,10,7.118407785718184
94403,1,7,7,3.010889076956825
94425,0,7,0,0.02661294789463568
94442,1,7,10,14.37699604020595
94443,1,7,10,9.286770254108053
94444,1,7,10,4.90513195170648
94450,1,7,7,1.8851348669724646
94473,1,7,5,0.3586789934097332
94477,1,7,9,16.105740049995337
94486,1,7,9,15.839017129811735
94491,1,7,10,7.997703847915424
94496,1,7,10,4.167718882153057
94507,1,7,1,12.436857651000397
94519,1,7,7,1.9951460164527912
94528,1,7,8,24.741565162430234
94533,1,7,7,4.589974187811378
94538,1,7,9,22.14029732421546
94540,1,7,9,19.42536029053664
94542,1,7,6,18.9652134176323
94544,1,7,10,21.27931357661891
94547,1,7,8,24.719335386902358
94549,1,7,10,8.97794227107693
94557,1,7,4,0.3586790108976326
94562,1,7,9,23.400362252062546
94566,1,7,9,24.80046345336038
94578,1,7,6,20.55656202651134
94609,1,7,8,14.731417839687355
94615,1,7,9,5.396524254202402
94619,1,7,8,13.273025462407508
94620,1,7,9,23.10222841593452
94625,1,7,4,0.3586790108976326
94642,1,7,7,3.159819267877272
94644,0,7,0,0.012755356023135376
94663,1,7,9,4.593286517919229
94682,1,7,3,1.0743603191354396
94688,1,7,8,5.4129894972130375
94690,1,7,1,21.034918238648938
94721,1,7,5,0.3586789934097332
94723,1,7,3,1.585043325507501
94724,1,7,9,23.574063142315087
94744,1,7,4,0.3586790108976326
94765,1,7,6,6.615672433386302
94766,1,7,8,11.40636214338867
94771,1,7,9,15.65570662472349
94804,1,7,4,0.3586790108976326
94814,1,7,8,8.8620059403971
94816,0,7,0,0.013119297043051719
94820,1,7,9,16.629974756629437
94826,1,7,1,19.726283080621016
94832,1,7,8,21.238518791012073
94859,1,7,10,4.320154427516814
94860,1,7,6,20.63180168695611
94864,1,7,4,0.3586790108976326
94884,1,7,4,0.3586790108976326
94893,1,7,8,22.770105998247995
94909,1,7,10,10.01845378877723
94918,1,7,6,11.432132183765443
94930,1,7,1,6.197796662421126
94937,1,7,5,0.3586789934097332
94940,1,7,10,9.803924533445254
94945,1,7,6,17.35787236291373
94952,1,7,5,0.3586789934097332
94957,1,7,5,0.3586789934097332
94966,1,7,9,22.604600004772234
94968,1,7,6,14.913785639902594
94971,1,7,6,4.99383591976768
94982,1,7,7,4.340996341187154
94985,1,7,4,0.3586790108976326
94993,0,7,0,0.029538187815443723
95018,1,7,8,21.665490418352285
95037,1,7,4,0.3586790108976326
95043,1,7,9,26.08802479838908
95062,1,7,4,0.3586790108976326
95064,1,7,8,11.671223788023529
95068,1,7,1,18.92670777313933
95070,1,7,9,4.819930002462538
95095,1,7,4,0.3586790108976326
95101,1,7,1,21.39872046682244
95107,1,7,6,23.191253984960408
95110,0,7,0,0.014907843981079099
95124,1,7,1,17.934134685466724
95130,1,7,4,0.3586790108976326
95135,0,7,0,0.2653810651458671
95146,1,7,4,0.3586790108976326
95147,1,7,6,23.23341689168642
95169,1,7,6,11.906982814207733
95190,1,7,7,2.0628833580224937
95192,1,7,8,25.83352524452841
95222,1,7,6,10.161742143457895
95234,1,7,5,0.3586789934097332
95238,1,7,1,20.571997883375804
95245,1,7,9,23.63439667782835
95248,1,7,7,4.432189033546575
95250,1,7,4,0.3586790108976326
95251,1,7,8,16.426421986479003
95253,1,7,4,0.3586790108976326
95262,1,7,5,0.3586789934097332
95268,1,7,9,25.509482164455015
95275,1,7,6,20.382824051892953
95280,1,7,7,2.7938780073269642
95284,1,7,6,14.07640043732102
95303,1,7,9,9.765390732503743
95307,1,7,10,8.87884686428159
95317,1,7,9,13.568115203518028
95329,1,7,9,19.71863453892087
95330,1,7,6,23.380947061189374
95336,1,7,3,2.40042015197428
95338,1,7,8,25.5642004448727
95351,1,7,1,8.368169083384453
95360,1,7,8,13.431009212184806
95368,1,7,6,16.08836351575385
95371,1,7,1,20.558894535059075
95374,1,7,9,9.689068327729446
95379,1,7,5,0.3586789934097332
95380,1,7,9,24.03656231725089
95398,1,7,4,0.3586790108976326
95416,1,7,10,10.285509825715252
95431,1,7,10,15.615369514108286
95483,1,7,9,18.880881138355818
95501,1,7,2,6.240708145571217
95510,1,7,9,10.99191372876379
95515,1,7,5,0.3586789934097332
95544,1,7,9,15.819184870396773
95547,1,7,9,24.93321296581281
95549,0,7,0,0.017879881593348298
95591,1,7,10,19.153094944868712
95610,1,7,2,8.312788820716682
95621,1,7,9,2.8285161455383814
95625,1,7,5,0.3586789934097332
95629,1,7,9,24.131711429741728
95636,1,7,5,0.3586789934097332
95637,1,7,8,4.761128685005497
95644,1,7,5,0.3586789934097332
95655,1,7,10,10.126874384792586
95663,1,7,9,24.613457138677912
95666,1,7,2,9.758459515251783
95700,1,7,10,14.760889962614144
95710,1,7,1,9.068549947762119
95730,1,7,6,18.83506390097744
95732,1,7,5,0.3586789934097332
95752,1,7,8,10.385982389401748
95758,1,7,6,10.894643744672956
95774,1,7,2,10.437064610768008
95775,1,7,7,4.298027594464905
95778,1,7,5,0.3586789949470627
95790,1,7,8,15.898516744439982
95794,1,7,7,0.9906089110978653
95795,1,7,9,15.571711543076676
95808,1,7,5,0.3586789934097332
95813,1,7,6,20.07331087048849
95818,1,7,9,22.797907630573174
95820,0,7,0,0.023127556170204514
95823,1,7,3,2.374961314164935
95824,1,7,6,14.79592197151892
95841,1,7,2,11.0700195761426
95844,1,7,9,26.376270345403658
95847,1,7,9,26.261947451020045
95853,1,7,8,12.00006137217854
95878,1,7,3,0.8727289309526044
95882,0,7,0,0.07376390951525975
95884,0,7,0,0.01897895437554999
95893,1,7,10,19.71603292901009
95910,0,7,0,0.01161321200785214
95912,1,7,10,12.845950196924623
95915,1,7,9,24.094601232261834
95917,1,7,7,4.43563268430658
95922,1,7,6,23.775045834813508
95923,1,7,9,8.943370158693078
95931,1,7,7,0.8003643968379578
95935,1,7,9,25.20646856389844
95969,0,7,0,0.018388178379187565
95971,1,7,9,14.585810195844616
95972,1,7,10,15.526305678790983
95986,1,7,8,16.578792862509665
95987,1,7,4,0.3586790108976326
96003,1,7,9,20.145751332627647
96004,1,7,1,6.83763985865985
96007,1,7,9,17.453971941463404
96011,1,7,9,15.281754113791678
96013,1,7,6,8.406874686505558
96035,1,7,9,26.439942461773352
96043,1,7,5,0.3586789934097332
96049,1,7,9,8.2730009401213
96061,1,7,8,25.749314502903026
96063,1,7,8,18.744562783898782
96082,1,7,8,26.48819082090328
96083,1,7,9,18.145420454512625
96090,1,7,9,23.003603668178844
96091,1,7,8,26.661797807319783
96115,1,7,8,21.252769583886217
96127,1,7,9,24.02666534418396
96131,1,7,8,15.190038872130822
96144,1,7,8,28.177494784984574
96145,1,7,7,1.1471960150018885
96149,1,7,8,4.435361797295172
96151,1,7,4,0.3586790108976326
96152,1,7,10,7.291268516682049
96158,0,7,0,0.30115682035770897
96179,1,7,6,8.868073877909632
96189,1,7,1,19.030543182538068
96191,1,7,5,0.3586789934097332
96193,1,7,4,0.3586790108976326
96221,1,7,6,20.423246192974553
96224,1,7,8,14.430452174178923
96266,1,7,8,26.46626960866091
96274,1,7,8,14.381255785910534
96279,1,7,9,23.479626975155437
96290,1,7,5,0.3586789949470627
96302,1,7,6,13.022476894343978
96309,1,7,1,8.00339464313647
96314,1,7,8,19.809609896466828
96317,0,7,0,0.011579856933301968
96326,1,7,8,24.82597912194374
96334,1,7,4,0.3586790108976326
96336,1,7,5,0.3586789934097332
96346,1,7,9,16.37264649383132
96348,0,7,0,0.021804263563428
96354,1,7,9,24.74472754699535
96358,1,7,8,13.003071266028646
96420,1,7,10,11.209472954528579
96428,1,7,9,12.175546616294366
96466,1,7,6,12.090513874257699
96489,1,7,2,4.645162539395867
96502,1,7,7,3.7298289446667794
96503,1,7,6,18.128565311623362
96507,1,7,8,19.120656950035183
96543,1,7,8,26.294951502126942
96551,1,7,8,21.761213959687225
96568,1,7,8,12.2486796682984
96575,1,7,5,0.3586789934097332
96581,0,7,0,0.012158506744068036
96585,1,7,1,20.179791847421537
96588,1,7,8,10.97886422992486
96594,1,7,5,0.3586789934097332
96611,1,7,5,0.3586789934097332
96671,1,7,4,0.3586790108976326
96674,1,7,4,0.3586790108976326
96678,1,7,10,21.21732745978573
96684,1,7,10,14.712231786653494
96691,1,7,8,27.592764964684726
96713,1,7,8,5.4827051816571455
96716,1,7,4,0.3586790108976326
96722,1,7,4,0.3586790108976326
96739,1,7,9,13.833154459586543
96746,1,7,8,15.906597311232
96753,1,7,1,21.46022219327753
96755,1,7,5,0.3586789934097332
96782,1,7,8,22.961217126748824
96783,0,7,0,0.10291858317194212
96788,1,7,6,9.148533442006402
96794,1,7,9,26.360530560386277
96806,0,7,0,0.07385700959129805
96812,1,7,10,6.088026859318615
96814,1,7,9,25.615693807285975
96816,1,7,8,19.51696294741711
96844,1,7,10,3.2179181386953792
96845,1,7,9,4.549326654516321
96862,1,7,1,18.064700619908397
96885,1,7,10,12.499770396499349
96889,1,7,3,1.9224464222993158
96895,1,7,10,20.801501060888246
96901,1,7,10,11.1160384872099
96902,1,7,7,3.0570434773997
96903,1,7,10,19.66642143975214
96911,1,7,9,5.532247318374379
96927,1,7,4,0.3586790108976326
96968,1,7,8,15.283241279060457
96974,1,7,5,0.3586789934097332
96996,0,7,0,0.06932023593272392
97009,1,7,9,26.43822233027819
97017,1,7,9,24.57568726208707
97031,1,7,1,20.13693113957844
97039,1,7,6,23.380936391744427
97046,1,7,1,6.075816079067826
97065,1,7,1,22.868236519553744
97069,1,7,5,0.3586789934097332
97081,1,7,5,0.3586789934097332
97112,1,7,7,4.17622236069127
97125,1,7,7,2.1368048199850684
97151,1,7,9,26.339780340009
97154,1,7,9,15.680308006521058
97162,1,7,5,0.3586789934097332
97166,1,7,5,0.3586789934097332
97171,1,7,9,14.934924906879319
97179,1,7,6,4.289466137988391
97190,1,7,9,16.71971910943893
97192,1,7,6,13.621596969947518
97210,1,7,5,0.3586789934097332
97212,1,7,2,13.296813733895226
97219,1,7,8,22.626728132054566
97221,1,7,2,7.671290419235525
97225,1,7,9,24.62270763467326
97255,1,7,4,0.3586790108976326
97267,0,7,0,0.026031618529554948
97269,1,7,7,1.5207659903276969
97276,1,7,9,15.623346092388731
97277,1,7,10,2.955974164792638
97287,1,7,7,1.6052586321656708
97293,1,7,5,0.3586789934097332
97294,1,7,9,22.692072359996768
97307,1,7,5,0.3586789934097332
97308,1,7,10,21.288406824197686
97334,1,7,6,8.59613528103662
97349,0,7,0,0.017500336442970568
97357,1,7,4,0.358679009087165
97365,1,7,4,0.3586790108976326
97372,1,7,9,24.53501577497928
97375,1,7,5,0.3586789934097332
97429,1,7,8,21.003697646055674
97439,1,7,9,24.11552774348343
97440,1,7,5,0.3586789934097332
97459,1,7,9,23.751579509737372
97461,1,7,5,0.3586789934097332
97471,1,7,5,0.3586789934097332
97502,1,7,5,0.3586789934097332
97516,1,7,9,20.1837597773458
97521,1,7,5,0.3586789934097332
97543,1,7,6,12.0169989985631
97546,1,7,8,15.722333961719679
97547,1,7,10,16.526381229306153
97580,1,7,5,0.3586789934097332
97583,0,7,0,0.018016021635289398
97586,1,7,10,7.150098182594767
97597,1,7,8,26.322852399751362
97601,1,7,4,0.3586790108976326
97602,1,7,7,3.751412140639384
97614,1,7,7,1.1486374663912897
97621,1,7,5,0.3586789934097332
97629,1,7,6,19.458971125891303
97659,1,7,6,7.605501245500819
97666,1,7,9,24.551579531057996
97669,1,7,5,0.3586789934097332
97707,1,7,1,4.785682668432082
97717,1,7,5,0.3586789934097332
97729,1,7,9,12.187171739315387
97734,1,7,10,17.279276929925675
97750,1,7,6,15.043426916285137
97756,0,7,0,0.023617755649482514
97757,1,7,4,0.3586790108976326
97765,1,7,1,12.014273424231696
97783,1,7,7,2.9485032497616865
97796,1,7,8,10.449499573811837
97802,1,7,10,11.892722085695349
97805,1,7,10,17.344343804187872
97810,1,7,8,14.121284435408114
97839,1,7,8,21.824888863310136
97841,1,7,3,2.3996241443857307
97855,1,7,5,0.3586789934097332
97896,1,7,6,23.401925930544778
97901,1,7,9,25.549593426541083
97903,1,7,7,2.003233407089882
97924,1,7,9,18.893631461603274
97925,1,7,9,14.079848670019562
97955,1,7,6,20.888772121736874
97959,1,7,10,3.3172839013260345
97960,1,7,8,15.574752634237443
97966,1,7,6,21.111374552394107
97975,1,7,1,18.25557369840658
98002,1,7,9,5.455530643402707
98004,1,7,8,24.0684459604955
98005,1,7,7,2.4971276296502247
98006,1,7,1,21.582853355459303
98027,1,7,10,12.44343194900236
98033,1,7,10,16.414542100443956
98054,1,7,9,13.068403197725196
98056,1,7,8,13.235703360644765
98058,1,7,1,21.51434239715919
98060,1,7,10,6.889589132367664
98071,1,7,5,0.3586789949470627
98074,1,7,10,8.476770673573458
98077,0,7,0,0.027369341425486592
98090,1,7,9,22.501875406231424
98096,1,7,6,20.005234907075206
98097,0,7,0,0.02659464889085044
98108,1,7,9,15.529806407428739
98109,1,7,9,18.24905601536479
98119,1,7,9,16.259778344391837
98123,1,7,8,17.900796294198074
98151,1,7,6,22.8494757551233
98169,1,7,7,1.4251318021016788
98172,1,7,6,23.89230036740671
98175,1,7,6,18.328016489945913
98179,1,7,4,0.3586790108976326
98180,0,7,0,0.01265101228158428
98182,1,7,9,14.610569668446342
98187,1,7,4,0.3586790108976326
98217,1,7,8,24.220841763730842
98246,1,7,5,0.3586789934097332
98249,0,7,0,0.014053637860662632
98250,1,7,6,7.901409162149268
98255,1,7,9,22.59762051254367
98260,1,7,10,20.99138540559027
98261,1,7,7,1.2808123647154341
98271,1,7,6,18.488017850100803
98281,1,7,5,0.3586789934097332
98286,1,7,5,0.3586789934097332
98305,1,7,9,8.879054060964812
98307,1,7,9,25.789947410442835
98309,1,7,5,0.3586789934097332
98323,1,7,6,11.342454126435255
98336,1,7,2,11.017331135336542
98364,1,7,9,9.659455776908148
98379,1,7,8,24.043188089056514
98380,1,7,7,4.374211334647833
98384,1,7,4,0.3586790108976326
98394,1,7,8,21.249062476206177
98405,1,7,4,0.3586790108976326
98408,1,7,9,3.591337832271048
98426,1,7,10,9.09630022696527
98449,1,7,7,2.0272214309719008
98455,1,7,4,0.3586790108976326
98456,1,7,9,9.345997137099424
98463,1,7,9,24.64900145178125
98468,1,7,4,0.3586790108976326
98469,1,7,6,9.027374100303406
98474,0,7,0,0.02664715624839796
98475,1,7,3,1.653348226262177
98484,0,7,0,0.02487836324689369
98492,1,7,8,12.453225334261006
98509,1,7,9,9.75073839725543
98514,1,7,10,17.47794510775789
98559,1,7,9,22.720624385814
98564,1,7,9,23.326620280279634
98566,1,7,10,10.650289119471937
98569,1,7,6,16.666609979918654
98581,1,7,10,5.6549291524241925
98606,1,7,3,2.4005380066059074
98638,1,7,5,0.3586789934097332
98647,1,7,8,14.584055425800571
98653,1,7,9,16.753733830303293
98659,1,7,8,18.201840852486313
98675,1,7,2,10.275126663351275
98684,1,7,7,3.9857637559819588
98700,1,7,2,4.446797100407326
98709,1,7,7,3.387433472072923
98719,1,7,5,0.3586789934097332
98726,1,7,5,0.3586789934097332
98735,1,7,9,8.810373041362876
98742,1,7,5,0.3586789934097332
98748,1,7,8,14.419319671398696
98755,1,7,7,1.7981221188039302
98758,1,7,8,17.439335068128383
98760,1,7,5,0.3586789934097332
98770,1,7,10,3.379701108208702
98772,1,7,1,17.819639972277695
98774,1,7,8,20.499476668694115
98790,1,7,8,4.834612448816205
98811,1,7,9,24.631838651436944
98814,1,7,3,1.9861985222653356
98819,1,7,6,23.46448699090395
98820,1,7,9,10.366646806506205
98833,1,7,8,24.300787487919717
98844,1,7,10,11.739673157486928
98854,1,7,8,23.700980135836772
98882,1,7,4,0.3586790108976326
98893,1,7,1,6.457761169043928
98904,1,7,10,4.931930498972787
98906,1,7,10,16.495433009673924
98933,1,7,4,0.3586790108976326
98938,1,7,9,15.489962408059908
98949,1,7,10,11.191254762874188
98954,1,7,5,0.3586789934097332
98962,1,7,1,16.170188174195406
98967,1,7,10,12.666137612315309
98974,1,7,10,8.540471503906437
98984,1,7,9,10.968742399667955
98994,1,7,8,8.759385177750577
99001,1,7,6,10.505988846986886
99004,1,7,4,0.3586790108976326
99051,1,7,6,4.926917653477413
99053,1,7,6,9.659440996127545
99058,1,7,5,0.3586789934097332
99072,1,7,10,19.539016750113394
99074,1,7,6,11.567826079069594
99080,1,7,9,24.198066878015194
99088,1,7,6,9.558193490542703
99098,1,7,8,11.626161167093374
99109,1,7,10,9.76784253803664
99111,1,7,9,16.727371137174433
99128,1,7,5,0.3586789934097332
99153,1,7,8,14.771031500867776
99170,1,7,9,20.62634569503113
99177,1,7,6,24.022483181943517
99191,1,7,9,24.74822306509228
99197,1,7,5,0.3586789934097332
99209,1,7,3,2.3816954246617015
99222,1,7,9,10.475207081387849
99246,1,7,4,0.3586790108976326
99270,1,7,4,0.3586790108976326
99271,1,7,6,7.1529772948121035
99288,1,7,1,15.550660956549184
99296,1,7,4,0.3586790108976326
99317,1,7,8,24.582170390511212
99318,1,7,9,26.16305494748326
99322,1,7,8,16.651373185510483
99329,1,7,8,16.438205916728197
99331,1,7,9,16.330555513217064
99334,1,7,4,0.3586790108976326
99341,1,7,10,7.156663982531077
99360,1,7,7,2.9842226166959374
99367,1,7,6,15.974545042409446
99371,1,7,7,1.8074367078510312
99374,1,7,2,6.019664740252431
99381,1,7,9,5.6400408035568494
99390,1,7,9,21.46944911412427
99399,1,7,5,0.3586789934097332
99407,0,7,0,0.03256939646234859
99417,1,7,4,0.3586790108976326
99421,1,7,9,5.899377796172276
99426,1,7,10,13.859381463011875
99450,1,7,7,1.8668975103168748
99452,1,7,7,3.2633431957698447
99459,1,7,4,0.3586790108976326
99460,1,7,8,18.915547051998004
99505,1,7,9,12.02567097742512
99521,1,7,9,19.983768435467006
99523,1,7,6,14.615175452018148
99531,1,7,6,10.119642550177844
99566,1,7,1,8.707933852826196
99580,1,7,5,0.3586789934097332
99588,0,7,0,0.013502857575494671
99593,1,7,3,2.0827323282126677
99594,1,7,9,18.96111154837469
99627,1,7,8,25.06752663491904
99649,1,7,4,0.3586790108976326
99650,1,7,9,25.629852201235053
99659,1,7,5,0.3586789934097332
99661,1,7,9,11.170023724735703
99682,1,7,5,0.3586789949470627
99690,1,7,8,11.235759076938749
99712,1,7,1,20.721046837667927
99720,1,7,9,23.71616825777247
99723,1,7,8,13.706149148810045
99725,1,7,6,14.765279720629065
99746,1,7,10,15.226436106734877
99771,1,7,8,22.224518049834657
99774,1,7,9,14.632466658576368
99777,1,7,5,0.3586789934097332
99786,1,7,9,23.387538767859034
99795,1,7,9,11.281384213081825
99800,1,7,5,0.3586789934097332
99824,1,7,4,0.3586790108976326
99828,1,7,2,1.2736013895510503
99839,1,7,3,2.4147782173848897
99840,1,7,8,19.28154357139434
99850,1,7,4,0.3586790108976326
99853,1,7,8,18.961438943787144
99858,1,7,10,4.173937893431179
99864,1,7,9,19.851321746118185
99869,1,7,6,23.792180394749764
99890,1,7,9,22.535276464928174
99893,1,7,6,17.693117408883435
99901,1,7,4,0.3586790108976326
99904,1,7,8,27.191692201481917
99908,1,7,9,15.44236988788994
99924,1,7,8,16.039393994406158
99933,1,7,1,3.743967489047201
99941,1,7,9,23.864150392039434
99949,1,7,1,11.499327559850485
99979,1,7,6,17.39007601868766
99987,1,7,7,2.3212094785339623
99996,1,7,5,0.3586789934097332
100001,1,7,6,12.642294625618536
100003,1,7,1,8.692652869158913
100015,1,7,8,11.80781729138642
100020,1,7,4,0.3586790108976326
100025,1,7,2,11.04918994365179
100058,1,7,4,0.3586790108976326
100059,1,7,9,18.47624262461882
100064,1,7,1,18.118410111233207
100084,1,7,2,9.959481188269915
100095,1,7,10,8.266599797742792
100101,0,7,0,0.019408369937241585
100116,1,7,5,0.3586789934097332
100119,1,7,9,16.338425016641494
100121,1,7,8,15.305063047864111
100126,1,7,5,0.3586789934097332
100128,1,7,6,18.074549917563626
100129,1,7,6,11.824419632134477
100140,1,7,8,12.238846002511378
100143,1,7,9,4.586625047476614
100144,1,7,5,0.3586789934097332
100180,1,7,3,2.309761234083263
100184,1,7,8,4.806558877723906
100215,0,7,0,0.027744776141491678
100221,1,7,8,23.14504367427578
100231,0,7,0,0.015919540318523946
100233,1,7,5,0.3586789934097332
100234,1,7,5,0.3586789934097332
100242,1,7,8,14.227794313945656
100254,1,7,5,0.3586789934097332
100256,1,7,2,13.682539144262437
100264,0,7,0,0.025945501669891468
100273,1,7,10,14.1515000481883
100281,1,7,9,25.901178294374105
100288,1,7,10,16.180012106471995
100317,1,7,6,23.652641466103486
100348,1,7,4,0.3586790108976326
100354,1,7,4,0.3586790108976326
100369,1,7,8,14.46303596313329
100372,1,7,8,7.943722816093636
100375,1,7,4,0.3586790108976326
100387,1,7,6,19.5925932778854
100388,1,7,7,1.9003183784086723
100402,1,7,6,23.731128703918074
100406,1,7,9,24.408190468797468
100417,1,7,5,0.3586789934097332
100418,1,7,10,5.6563354322784845
100419,1,7,4,0.3586790108976326
100424,1,7,10,20.460298118640647
100426,1,7,9,15.60855257227003
100438,1,7,10,15.711499029094758
100439,1,7,9,11.048029556671334
100445,1,7,10,7.412156132831537
100453,1,7,9,22.32522589562935
100467,1,7,9,18.688851846541162
100478,1,7,9,25.232571561548337
100482,1,7,1,9.718289805065826
100492,1,7,9,10.2924568643698
100495,1,7,1,11.897240547973134
100526,1,7,9,21.64454179451605
100579,1,7,1,18.33729230091398
100634,1,7,7,4.268279015215775
100644,1,7,9,11.819281570486657
100648,1,7,8,25.323894436478966
100672,1,7,4,0.3586790108976326
100674,1,7,8,20.381277749998844
100695,1,7,5,0.3586789934097332
100701,1,7,8,11.495014493842755
100703,0,7,0,0.014786226171009328
100716,1,7,8,15.35314567909635
100718,1,7,6,8.973533749500437
100726,1,7,9,15.774089161412771
100733,1,7,9,24.195188733384366
100736,1,7,10,3.342113836411468
100747,1,7,7,0.9809757865740869
100749,1,7,8,10.881606103106874
100757,1,7,8,23.67430152739721
100765,1,7,9,20.83359829015541
100767,1,7,6,14.618239835903609
100773,1,7,7,0.8784347403526405
100778,1,7,3,1.865434700339368
100791,1,7,8,15.806484136116307
100813,1,7,6,15.63928654407302
100864,1,7,4,0.3586790108976326
100879,1,7,10,7.86966773666423
100885,1,7,4,0.3586790108976326
100886,1,7,9,13.355065811470867
100887,0,7,0,0.021727668364405504
100890,1,7,8,25.826642476366825
100901,1,7,7,3.712162661203098
100902,1,7,5,0.3586789934097332
100923,1,7,9,20.668227288930552
100927,1,7,9,22.344425579399214
100944,1,7,8,27.42857824283128
100951,1,7,8,22.021808680450565
100956,1,7,6,21.624215153782362
100959,1,7,9,15.026500069607739
100961,1,7,4,0.3586790108976326
100971,1,7,9,6.0952422671131385
100984,1,7,1,16.601088055562904
100991,1,7,1,22.0317229016445
100996,0,7,0,0.01817726963235582
101045,1,7,9,5.012353276069733
101049,1,7,2,9.319639902068104
101058,1,7,5,0.3586789934097332
101064,1,7,6,11.154059732849959
101081,1,7,10,15.300364749616543
101084,1,7,7,3.487951487008566
101086,1,7,10,12.264169365574674
101098,1,7,2,1.8539250384535053
101136,1,7,9,23.593389942190225
101150,1,7,9,23.235911712797222
101155,1,7,9,18.828871205597892
101162,1,7,1,19.63781967418166
101173,1,7,3,2.3005062593455032
101184,1,7,10,12.38555357403616
101198,1,7,4,0.3586790108976326
101205,1,7,7,3.877263455769949
101208,1,7,5,0.3586789934097332
101209,1,7,8,12.302792937390127
101214,1,7,5,0.3586789934097332
101223,1,7,9,17.369042515353627
101225,1,7,10,11.173708931574165
101226,1,7,2,9.096325316362384
101243,1,7,5,0.3586789934097332
101251,1,7,7,2.1161222767426646
101257,1,7,4,0.358679009087165
101273,1,7,5,0.3586789949470627
101295,0,7,0,0.015422716490947912
101314,1,7,10,4.327650139502776
101342,1,7,7,2.454229043131963
101344,1,7,6,20.172350000416955
101345,0,7,0,0.2149660820094372
101358,1,7,9,16.139701294458728
101361,1,7,4,0.3586790108976326
101389,1,7,10,3.717595873427145
101395,1,7,1,11.600511169471963
101407,1,7,6,18.924819784151083
101418,1,7,10,7.136230337925652
101423,1,7,5,0.3586789934097332
101428,1,7,5,0.3586789934097332
101438,1,7,6,5.250534043224393
101457,1,7,3,2.267933366769547
101466,1,7,1,7.678163690721805
101501,1,7,3,2.4116535441999556
101502,1,7,2,3.024295518447609
101505,1,7,6,18.36062147431208
101521,1,7,6,14.831346922540915
101530,1,7,8,15.27024978143426
101541,1,7,8,14.11655671976032
101543,1,7,6,10.743742102859063
101556,1,7,6,9.8395370345718
101628,1,7,8,11.113375915434434
101632,1,7,10,12.429768780078804
101640,1,7,5,0.3586789934097332
101650,0,7,0,0.02129014543041091
101667,1,7,8,2.729966734422903
101672,1,7,8,9.75250702695068
101675,1,7,9,13.741323297074743
101676,0,7,0,0.02006132829945786
101695,1,7,10,20.510614148314122
101706,1,7,9,4.227567682608482
101737,1,7,9,7.342079934376144
101738,1,7,10,7.40886685026491
101739,1,7,1,19.73467577669479
101756,1,7,7,1.4078664668108272
101775,1,7,6,14.293728658245378
101785,1,7,7,3.4770643945774684
101796,1,7,9,16.64136422010971
101804,1,7,5,0.3586789934097332
101821,1,7,10,19.204726760798696
101822,1,7,4,0.3586790108976326
101825,1,7,2,1.2582819328198145
101828,1,7,8,28.187308437413886
101834,1,7,5,0.3586789934097332
101848,1,7,5,0.3586789934097332
101853,1,7,10,7.514436946975106
101865,1,7,5,0.3586789934097332
101873,1,7,6,23.12870666105849
101887,1,7,8,6.175291080001658
101890,0,7,0,0.023375891115284007
101897,1,7,4,0.3586790108976326
101899,1,7,9,7.252618328449684
101914,1,7,1,6.7626953426020275
101920,1,7,6,23.012633131567526
101936,1,7,10,4.823007566931511
101943,1,7,8,6.48960552674638
101958,1,7,9,24.612388346712724
101969,1,7,9,9.513200228748966
101973,1,7,8,19.89368192737164
101985,1,7,8,13.427299968259922
102016,1,7,8,19.566522300115405
102020,1,7,3,0.9196957526177323
102050,1,7,4,0.3586790108976326
102052,1,7,8,7.983474960454684
102053,1,7,4,0.3586790108976326
102056,1,7,9,7.413639524774475
102057,1,7,8,21.40095886326599
102071,1,7,6,9.324247926868564
102089,1,7,7,4.468965387649466
102091,0,7,0,0.028269701803312872
102106,1,7,1,6.070637714704603
102107,1,7,6,19.43382616001332
102108,1,7,5,0.3586789934097332
102134,1,7,10,4.115742243247929
102150,1,7,9,14.557391381367081
102165,1,7,9,10.410211866763516
102168,1,7,4,0.3586790108976326
102176,1,7,3,2.401274714325172
102201,1,7,4,0.3586790108976326
102222,1,7,3,1.8454981246864781
102224,1,7,4,0.3586790108976326
102238,1,7,4,0.3586790108976326
102241,1,7,5,0.3586789934097332
102258,1,7,7,3.157716244884658
102276,1,7,6,22.219507096788963
102296,1,7,5,0.3586789934097332
102299,1,7,6,19.959361162128847
102301,1,7,4,0.3586790108976326
102309,1,7,8,16.93035436253761
102310,1,7,5,0.3586789934097332
102316,1,7,4,0.3586790108976326
102322,1,7,4,0.358679009087165
102338,1,7,10,18.25706867846924
102357,1,7,7,3.036763420240434
102359,1,7,5,0.3586789934097332
102449,1,7,1,19.90928220398973
102455,1,7,6,11.593746163257107
102457,1,7,4,0.3586790108976326
102458,1,7,9,26.0732734872455
102460,1,7,4,0.3586790108976326
102462,1,7,7,1.6504377492019313
102497,0,7,0,0.023933445133572148
102505,1,7,3,2.347861103104098
102509,1,7,6,16.679617904585772
102514,1,7,6,14.261252241636232
102518,1,7,1,19.743854240445906
102521,1,7,1,6.350933244509439
102538,0,7,0,0.026654733238713778
102544,1,7,8,21.162242323507595
102578,1,7,9,25.798991057958744
102583,1,7,9,7.748224320706717
102592,1,7,8,16.283269259189993
102593,1,7,8,19.16784156218174
102606,1,7,8,27.43095140552284
102608,1,7,4,0.3586790108976326
102610,1,7,8,17.81399577779077
102617,1,7,9,16.228171149983165
102636,1,7,4,0.3586790108976326
102638,1,7,9,15.421319550158646
102640,1,7,1,14.157753296955528
102647,1,7,1,18.063066026761117
102653,1,7,10,21.24631675833143
102660,1,7,4,0.3586790108976326
102668,1,7,4,0.358679009087165
102678,1,7,8,14.938104378784079
102694,1,7,4,0.3586790108976326
102704,1,7,10,10.130883065012275
102731,1,7,2,12.97236762710471
102756,1,7,6,6.527267283940316
102759,1,7,4,0.3586790108976326
102763,1,7,4,0.3586790108976326
102768,1,7,4,0.3586790108976326
102775,1,7,8,14.442940199957881
102780,1,7,9,16.50712583951652
102782,1,7,2,12.387399684902475
102783,1,7,6,23.0495690125955
102799,1,7,8,18.163358512771026
102801,0,7,0,0.030062812968442935
102802,1,7,4,0.3586790108976326
102803,0,7,0,0.015494412255990625
102806,1,7,9,11.04967451633831
102817,1,7,8,15.436749382347024
102822,1,7,2,11.361488614002031
102834,1,7,8,9.308542931204649
102840,1,7,6,8.653579403924589
102847,1,7,6,19.78489472359909
102849,1,7,8,13.037096495933437
102859,1,7,6,12.853405310846524
102865,1,7,10,21.25141093148661
102872,1,7,1,4.876262979092759
102894,1,7,5,0.3586789934097332
102902,1,7,8,7.783496194389481
102910,0,7,0,0.02333846301576691
102919,1,7,5,0.3586789934097332
102925,1,7,8,21.67311317608148
102927,1,7,8,25.66188396555353
102932,1,7,8,11.043675124995385
102976,1,7,1,9.189397870753513
102977,1,7,2,4.302103379490618
102988,1,7,6,13.947533525789963
102994,1,7,4,0.3586790108976326
103005,1,7,5,0.3586789934097332
103008,1,7,5,0.3586789934097332
103023,1,7,5,0.3586789934097332
103024,1,7,4,0.3586790108976326
103025,1,7,6,18.99168837365112
103027,1,7,8,13.946719046471566
103049,1,7,4,0.3586790108976326
103055,1,7,7,4.237933197186341
103067,1,7,6,9.799495030957083
103077,1,7,10,7.889387410755116
103079,1,7,4,0.3586790108976326
103090,1,7,10,4.67837706687389
103092,0,7,0,0.18690786386440325
103094,1,7,6,22.046309831333687
103109,1,7,5,0.3586789934097332
103119,1,7,7,2.5618069681951323
103137,1,7,9,18.897935389339775
103150,1,7,5,0.3586789934097332
103153,1,7,4,0.3586790108976326
103155,1,7,8,10.422832406084169
103187,1,7,4,0.3586790108976326
103204,1,7,9,20.596044597574327
103225,1,7,8,12.850614317132342
103234,1,7,3,1.38408481376863
103246,1,7,6,5.068398961932391
103253,1,7,5,0.3586789934097332
103268,1,7,5,0.3586789949470627
103272,1,7,5,0.3586789949470627
103277,1,7,4,0.3586790108976326
103281,0,7,0,0.02137107973760628
103282,1,7,8,24.40212315371587
103283,1,7,5,0.3586789934097332
103292,1,7,3,1.3090563139071236
103299,1,7,10,6.039918338630626
103315,1,7,10,4.0458319698237375
103316,1,7,9,21.02482508020873
103329,1,7,6,22.594862286343478
103371,1,7,6,17.9240868481035
103375,1,7,8,28.551752666455975
103382,1,7,9,18.901733289381195
103383,1,7,9,20.580781447900016
103390,1,7,10,11.568551706303076
103396,1,7,5,0.3586789934097332
103411,1,7,5,0.3586789934097332
103429,1,7,6,23.306846086198103
103433,1,7,5,0.3586789934097332
103462,1,7,8,16.242593511131812
103483,1,7,8,26.251063937053537
103484,0,7,0,0.021912930194053572
103488,1,7,9,13.631444270561307
103513,1,7,1,6.813962948010178
103533,1,7,9,10.373734821447844
103535,1,7,9,7.532410632380669
103537,1,7,9,17.706419277936497
103543,1,7,6,10.404230046414675
103544,1,7,9,26.072967642022437
103554,1,7,9,9.473307003279732
103572,1,7,2,10.732688048114225
103576,1,7,1,11.602117349020272
103578,1,7,9,17.961226155047616
103588,1,7,8,16.26369958061601
103593,1,7,6,23.755037786155043
103594,1,7,4,0.3586790108976326
103603,1,7,8,11.05093084928736
103610,1,7,4,0.3586790108976326
103620,1,7,3,2.396166580568038
103623,1,7,7,3.892781057525282
103627,1,7,4,0.3586790108976326
103660,1,7,5,0.3586789934097332
103662,1,7,9,16.708659742599288
103672,1,7,9,11.224792435865822
103679,1,7,6,18.253209058268013
103690,1,7,3,0.869071655658486
103713,1,7,9,26.05912137260023
103730,1,7,9,16.729622029391773
103756,1,7,10,20.77128132607116
103766,1,7,9,15.062208300282373
103777,1,7,5,0.3586789934097332
103783,1,7,1,6.157527729579694
103786,1,7,10,8.385890026538528
103788,0,7,0,0.01999377974187379
103789,1,7,9,11.47007271634121
103791,1,7,5,0.3586789934097332
103793,1,7,6,18.100682900175496
103798,1,7,8,16.465967298758166
103811,1,7,10,12.919222195542627
103821,1,7,6,23.140058732913012
103823,1,7,7,4.190974742537568
103825,1,7,10,12.026511688572699
103829,0,7,0,0.031011644113190295
103838,1,7,9,11.40672208204465
103841,1,7,6,7.835883214960831
103844,1,7,1,21.789141904798207
103849,1,7,9,3.8540488850536714
103857,1,7,9,19.357930168551068
103859,1,7,2,11.02101362313895
103868,1,7,1,18.01886177787574
103870,1,7,6,20.231080115746604
103878,0,7,0,0.08894759947783851
103889,1,7,9,25.613157538329315
103899,1,7,9,26.254240592253204
103902,1,7,4,0.3586790108976326
103903,1,7,2,12.873537196750402
103967,1,7,9,13.614447615062433
103987,1,7,7,4.476942068615979
104001,1,7,10,6.001095022376691
104011,1,7,9,8.233797736353846
104012,1,7,5,0.3586789934097332
104015,0,7,0,0.014573513102960612
104034,1,7,4,0.3586790108976326
104064,1,7,5,0.3586789934097332
104065,1,7,8,25.6874176191108
104077,1,7,10,21.125783798307978
104085,0,7,0,0.014756499111583377
104091,1,7,5,0.3586789934097332
104103,1,7,1,19.33579996069952
104139,1,7,4,0.3586790108976326
104140,1,7,7,4.208324913823267
104167,1,7,6,19.914458230802765
104189,1,7,10,8.800496684425715
104210,1,7,6,23.463327505617215
104217,1,7,9,17.115774450364512
104219,1,7,7,3.6375726532612633
104224,1,7,9,9.369797257094952
104240,1,7,7,2.5575314869532555
104247,1,7,9,11.03549001029669
104258,1,7,10,10.097415479979492
104272,1,7,8,18.965614319787626
104300,1,7,1,21.756868589010704
104304,1,7,6,18.52070791934687
104333,1,7,5,0.3586789934097332
104350,1,7,2,11.2114563220428
104365,1,7,8,16.7773254080163
104382,1,7,6,4.431328521256772
104385,1,7,9,15.553662312802757
104390,1,7,5,0.3586789934097332
104396,1,7,10,9.962776341006064
104397,1,7,10,10.401765077837998
104400,1,7,9,21.940684058282248
104402,1,7,9,21.326243457801034
104444,0,7,0,0.015499524452525231
104450,1,7,8,23.500419005939296
104458,1,7,8,15.445013956703981
104459,1,7,5,0.3586789934097332
104473,1,7,3,1.8130979377766514
104481,1,7,4,0.3586790108976326
104496,1,7,6,15.033537254879707
104500,1,7,9,15.923403442054148
104525,1,7,8,11.64889477474017
104526,1,7,8,27.306244721161057
104529,1,7,8,11.966652969094707
104537,1,7,1,10.203649801029146
104543,1,7,9,4.577220489690897
104546,0,7,0,0.21993080719550126
104548,1,7,3,2.3426935268131657
104570,1,7,1,22.09911206098038
104579,1,7,1,10.353322765609208
104593,1,7,9,16.083290841121652
104627,1,7,5,0.3586789934097332
104647,1,7,9,24.467586560505474
104661,1,7,1,18.794885766410257
104666,1,7,6,18.947461510245983
104671,1,7,10,19.68858804760693
104674,1,7,9,22.78034041656507
104675,1,7,10,8.877594162134834
104696,1,7,4,0.3586790108976326
104716,1,7,6,23.070397430625405
104723,1,7,6,6.28657311986953
104725,1,7,7,3.1845055793074786
104727,1,7,5,0.3586789934097332
104740,1,7,6,23.710987405841813
104745,1,7,6,10.138499609986077
104758,1,7,2,1.01700057159623
104782,1,7,3,2.407577668463302
104784,1,7,4,0.3586790108976326
104800,1,7,6,14.731884971417298
104803,1,7,9,20.60205625196549
104809,1,7,9,12.669772728879233
104835,1,7,9,5.067905022663543
104836,1,7,9,21.383195198694125
104842,1,7,5,0.3586789934097332
104857,1,7,10,11.290055429571535
104859,1,7,8,8.622223018351853
104860,0,7,0,0.09655304160970697
104861,0,7,0,0.016531810463013625
104894,1,7,3,2.360953005236446
104903,1,7,5,0.3586789949470627
104931,1,7,10,19.782096392023895
104950,1,7,3,2.3540780077980377
104952,1,7,3,2.1449647038649933
104956,1,7,7,4.444583036855483
104995,1,7,8,27.938894467673016
104998,1,7,2,8.172163029376014
105001,1,7,9,4.63891802167189
105008,1,7,1,15.71814381465993
105009,1,7,5,0.3586789934097332
105034,1,7,6,15.056765326647765
105039,1,7,9,22.880309997096344
105041,1,7,6,8.255881275793627
105049,1,7,10,18.709491440202346
105052,1,7,6,6.167420703727382
105057,1,7,7,2.733940740419968
105062,1,7,5,0.3586789934097332
105069,1,7,8,22.064621033807438
105151,1,7,1,18.98737491220408
105152,1,7,5,0.3586789934097332
105180,1,7,1,12.803137196077897
105181,1,7,9,24.402282367036637
105197,1,7,5,0.3586789934097332
105210,1,7,5,0.3586789934097332
105211,1,7,9,20.969443033359642
105221,1,7,9,23.24339367491241
105252,1,7,6,21.281440486777864
105259,0,7,0,0.03905047232762393
105268,1,7,6,10.766041914997876
105285,1,7,6,22.137082386528526
105296,1,7,10,14.25851929768922
105298,1,7,2,7.992166255954898
105322,1,7,8,18.72067443028158
105339,1,7,8,24.821357169486454
105353,1,7,9,9.809572379439995
105375,1,7,1,7.925489272630397
105383,1,7,1,9.096836779304958
105399,1,7,9,12.28064212557951
105408,1,7,9,19.283660891271115
105414,1,7,9,11.182673702093172
105416,1,7,10,4.121520838732378
105418,1,7,5,0.3586789934097332
105428,0,7,0,0.01193829613125407
105450,1,7,9,4.307009184913485
105454,1,7,6,23.803005394228713
105456,1,7,4,0.3586790108976326
105465,1,7,5,0.3586789934097332
105467,1,7,7,3.8368115806395218
105478,0,7,0,0.022737587097190815
105490,1,7,1,16.837351974791094
105492,1,7,8,12.72465843518648
105493,1,7,1,22.30539868124356
105494,1,7,6,23.603616814003203
105519,1,7,8,24.088734012469434
105528,0,7,0,0.015168063126281918
105540,1,7,9,11.677673847358276
105541,1,7,6,20.77359644382838
105542,1,7,6,21.91037293461932
105551,1,7,9,15.978110366603156
105558,1,7,7,3.906704164864467
105565,1,7,6,6.587877587853354
105585,1,7,4,0.3586790108976326
105586,1,7,8,10.697362974943166
105614,1,7,10,4.8315405954667945
105634,1,7,9,20.581475067499024
105662,1,7,4,0.358679009087165
105669,1,7,7,3.722858485242546
105684,1,7,8,18.997112965841982
105694,1,7,5,0.3586789934097332
105700,1,7,2,10.394209091931204
105720,1,7,9,22.414996558544544
105722,0,7,0,0.0263512659193814
105730,1,7,1,16.692344314435132
105733,1,7,9,26.08556793780049
105735,1,7,8,28.560218529742883
105744,1,7,1,17.96753739940867
105755,1,7,4,0.3586790108976326
105757,1,7,4,0.3586790108976326
105774,1,7,9,23.71495044660598
105779,1,7,9,6.40406281796609
105780,1,7,8,20.603247853508563
105787,1,7,5,0.3586789934097332
105793,1,7,9,25.668577639820217
105804,1,7,5,0.3586789934097332
105831,1,7,4,0.3586790108976326
105845,1,7,2,11.671022005866575
105851,1,7,7,2.5040580126002094
105855,1,7,9,13.81294217647461
105858,0,7,0,0.01740360702556816
105862,1,7,10,17.57239648247699
105872,1,7,6,16.852988806526568
105877,1,7,1,19.256126399478536
105883,1,7,6,14.510754359647176
105887,1,7,4,0.3586790108976326
105889,1,7,6,7.416811047500223
105895,1,7,9,18.311377170455412
105901,0,7,0,0.023644221341995616
105912,1,7,6,18.15627941553224
105918,1,7,1,18.212831239794795
105925,1,7,8,17.588896377266245
105946,1,7,10,20.58975431099272
105977,1,7,2,2.6446458159858417
105979,1,7,9,11.576857207658017
105980,1,7,10,19.786318535972097
105989,1,7,6,4.61983721082044
106020,1,7,10,20.036110223492827
106030,1,7,6,16.900555159833917
106033,1,7,1,16.381056127853345
106041,1,7,4,0.3586790108976326
106044,1,7,10,4.302266620262536
106050,1,7,6,7.405680700604124
106060,1,7,4,0.3586790108976326
106063,1,7,6,23.73524692404511
106067,1,7,6,24.069823907597705
106073,0,7,0,0.013509314243745798
106080,1,7,10,19.168826208195426
106099,1,7,8,7.390580899758639
106117,1,7,4,0.3586790108976326
106155,1,7,8,20.113923904131045
106166,1,7,9,22.8216822814003
106180,1,7,8,28.173975672213338
106186,1,7,8,9.984573112728379
106195,1,7,4,0.3586790108976326
106203,1,7,6,11.548772116039046
106213,1,7,6,12.29412687824355
106228,1,7,10,19.645042699974198
106233,1,7,9,25.49764620477021
106237,1,7,8,25.834615115282308
106238,1,7,9,14.81167140490358
106257,1,7,10,15.093643581306676
106275,1,7,3,0.9241195143832576
106279,1,7,6,11.426136686950747
106294,1,7,2,3.96118968817842
106312,1,7,9,8.00365903633301
106322,1,7,5,0.3586789934097332
106332,1,7,7,2.6273916146832286
106339,1,7,8,11.661793105107629
106356,1,7,9,26.089570249526222
106360,1,7,9,12.036861501509996
106367,1,7,7,4.604452740185475
106370,1,7,8,25.46239943836228
106371,1,7,8,8.425222475959792
106381,1,7,8,5.50154142541469
106382,1,7,4,0.3586790108976326
106401,1,7,5,0.3586789934097332
106406,1,7,3,2.3618361361908495
106417,1,7,7,4.132355697809913
106420,1,7,5,0.3586789934097332
106421,1,7,10,3.5386541081751512
106433,1,7,5,0.3586789934097332
106451,0,7,0,0.017277087229565703
106452,1,7,6,13.523896011114438
106463,1,7,5,0.3586789934097332
106480,1,7,6,13.01428808485196
106481,1,7,4,0.3586790108976326
106483,1,7,8,17.714430957806936
106495,1,7,5,0.3586789934097332
106499,1,7,7,1.961550523050304
106521,1,7,9,24.227022640862852
106523,1,7,6,22.59544216119411
106528,1,7,10,16.023245051539007
106530,1,7,5,0.3586789949470627
106547,1,7,8,21.280780518470436
106549,1,7,5,0.3586789934097332
106554,1,7,9,15.562272438204344
106561,1,7,9,13.058869927873861
106562,1,7,1,16.06898719465014
106600,1,7,6,20.659830817169958
106605,1,7,10,7.812200275456512
106613,1,7,9,15.10919448556282
106624,1,7,3,2.0671890458284423
106633,1,7,9,22.162591828727482
106635,1,7,4,0.3586790108976326
106641,1,7,8,21.688406678474028
106643,1,7,6,18.26224552847821
106648,1,7,8,5.520585939669988
106651,1,7,8,16.47652948436492
106685,1,7,5,0.3586789934097332
106691,0,7,0,0.013147384208560979
106692,1,7,4,0.3586790108976326
106693,1,7,5,0.3586789934097332
106715,1,7,6,5.485592402305437
106722,1,7,8,9.313247101133571
106729,1,7,10,18.474591964567704
106735,1,7,4,0.3586790108976326
106762,1,7,6,23.61423037532089
106765,1,7,8,12.707380125186049
106769,1,7,4,0.3586790108976326
106772,1,7,8,15.880468927954615
106773,1,7,5,0.3586789934097332
106779,1,7,8,18.164387538020243
106792,1,7,6,23.07774092748089
106803,1,7,8,7.77475207257822
106806,1,7,7,1.8843928009482542
106825,1,7,9,13.041630637037127
106826,1,7,6,12.07693214675189
106832,0,7,0,0.03045334823276899
106839,1,7,9,24.70967778841256
106885,1,7,9,24.584813689406026
106887,1,7,2,10.613986103161606
106904,1,7,1,8.487057448671065
106913,1,7,8,26.30131725738957
106939,1,7,4,0.3586790108976326
106957,1,7,10,7.131305792711384
106981,1,7,5,0.3586789934097332
106986,1,7,9,4.080448509984034
106997,1,7,9,19.617213680947636
107002,1,7,8,19.66616981172745
107008,1,7,4,0.3586790108976326
107032,1,7,8,22.2950116109642
107033,1,7,5,0.3586789934097332
107057,1,7,5,0.3586789934097332
107081,1,7,9,10.551605986278425
107088,1,7,8,26.50805244326265
107089,0,7,0,0.01998339089105973
107090,1,7,1,21.34978248778354
107135,1,7,9,11.27913796619599
107138,0,7,0,0.01239627214053862
107155,1,7,9,26.196280979783225
107180,1,7,10,11.864778779611939
107182,1,7,8,15.901564130464063
107190,1,7,8,24.009025056926134
107199,1,7,1,18.023137865335393
107227,1,7,7,0.6321745834189907
107232,1,7,9,16.170465209147125
107247,1,7,10,14.496369832680644
107263,1,7,9,8.367512158667651
107275,1,7,9,23.582480605430543
107286,1,7,7,3.409075057431919
107300,1,7,10,12.060408932273639
107308,1,7,9,24.944969086879777
107311,1,7,10,8.43183779018228
107327,1,7,2,10.121700850892106
107343,1,7,1,13.660100257153712
107363,1,7,9,12.755277420507968
107379,1,7,9,18.99847158291683
107407,1,7,8,8.53686387078017
107412,1,7,8,6.809552326560723
107416,1,7,10,7.749410677705789
107422,1,7,1,22.794995282008802
107425,1,7,9,18.13690694197195
107440,1,7,9,4.363186863124599
107441,1,7,10,21.271321865469353
107447,1,7,10,11.257089745629937
107452,1,7,8,4.8217251728297
107455,1,7,10,6.821416607366504
107457,1,7,10,18.66132467925743
107464,1,7,6,18.72446877836716
107470,1,7,6,22.572969639089443
107491,1,7,4,0.3586790108976326
107501,1,7,9,24.109715860919586
107508,0,7,0,0.19738338311270565
107520,1,7,10,4.188023376477636
107522,1,7,6,21.23780305715829
107534,1,7,10,18.791732030105525
107539,1,7,9,6.752245854988448
107560,1,7,5,0.3586789949470627
107568,1,7,5,0.3586789949470627
107577,0,7,0,0.02975908968422338
107579,1,7,4,0.3586790108976326
107587,1,7,5,0.3586789934097332
107588,1,7,6,13.036100560749391
107614,1,7,4,0.3586790108976326
107632,1,7,8,9.426510931360761
107641,1,7,4,0.3586790108976326
107650,1,7,1,10.60855747255126
107651,1,7,3,2.3861543127500857
107657,1,7,4,0.3586790108976326
107673,1,7,8,24.074628271667265
107676,1,7,10,20.00174315551993
107681,1,7,9,17.59496054518074
107691,0,7,0,0.02888335457110062
107705,1,7,5,0.3586789934097332
107707,1,7,5,0.3586789934097332
107725,1,7,5,0.3586789934097332
107728,1,7,5,0.3586789934097332
107730,1,7,10,7.1717077326743635
107734,1,7,6,23.14855882102631
107745,1,7,5,0.3586789934097332
107750,1,7,5,0.3586789934097332
107763,1,7,5,0.3586789934097332
107773,1,7,9,24.530945540048496
107792,1,7,9,12.01092743996161
107797,1,7,9,14.892352496820491
107804,1,7,1,5.436996052848126
107807,1,7,3,2.3222772314556175
107812,1,7,1,18.360317512082027
107819,1,7,1,12.284186989397298
107830,1,7,8,17.533242520885864
107847,1,7,8,15.908089431328206
107852,1,7,9,9.933766329656226
107883,1,7,8,15.098759049174326
107890,1,7,3,2.37633325760673
107897,1,7,9,15.382144692209316
107899,1,7,8,4.533919025372969
107904,1,7,5,0.3586789934097332
107906,1,7,10,17.49388899443686
107910,1,7,1,8.820448815468819
107925,1,7,10,20.388193580786304
107948,1,7,10,11.06503876486047
107953,1,7,5,0.3586789934097332
107954,1,7,10,14.310315275126124
107966,1,7,9,26.160972732325245
107967,1,7,1,21.307613414116467
107971,1,7,6,15.653684210072914
108011,1,7,4,0.3586790108976326
108028,1,7,4,0.3586790108976326
108033,1,7,8,18.147193459449085
108038,1,7,10,11.739756036204005
108043,1,7,8,6.925935594039553
108051,1,7,8,24.8882433723651
108059,1,7,4,0.3586790108976326
108062,1,7,4,0.3586790108976326
108063,1,7,9,13.280206900748054
108070,1,7,9,16.47558498781702
108109,1,7,9,22.81201239690569
108116,1,7,4,0.3586790108976326
108134,1,7,1,22.50185714517457
108142,1,7,9,26.087644111376846
108160,1,7,9,13.84616514762728
108168,1,7,5,0.3586789949470627
108172,1,7,5,0.3586789949470627
108177,1,7,8,15.227271527385524
108178,1,7,3,1.3646203698342547
108201,1,7,10,7.739877100875165
108208,1,7,10,16.893444798274952
108216,1,7,5,0.3586789934097332
108240,1,7,1,10.168920593134343
108241,1,7,1,7.273524428381022
108273,1,7,10,4.54681716180239
108295,1,7,10,19.67044304192069
108303,1,7,2,2.768923913732146
108307,1,7,2,3.4010598383939867
108313,1,7,3,2.3643458053922353
108316,1,7,8,26.76581864899297
108325,1,7,6,21.798163197568034
108334,1,7,5,0.3586789934097332
108341,1,7,1,21.09814017672115
108354,1,7,4,0.3586790108976326
108360,1,7,1,14.14900545037154
108368,1,7,6,10.562319203675438
108372,1,7,4,0.3586790108976326
108389,1,7,8,21.431050619171998
108391,0,7,0,0.028102786001107372
108394,1,7,9,6.6060388980789915
108400,1,7,9,26.14858134436938
108401,1,7,9,10.515258910716918
108404,1,7,5,0.3586789934097332
108407,0,7,0,0.032394246767693285
108424,1,7,5,0.3586789934097332
108430,1,7,10,17.357156340122337
108442,1,7,4,0.3586790108976326
108452,1,7,10,16.817075466611396
108465,1,7,4,0.358679009087165
108467,1,7,6,5.434410522926785
108468,1,7,7,1.867250685560872
108482,0,7,0,0.01400123915967749
108490,0,7,0,0.012528108396379904
108514,1,7,5,0.3586789934097332
108515,1,7,9,13.130958683694008
108522,1,7,10,13.714485203011073
108523,1,7,4,0.3586790108976326
108541,1,7,4,0.3586790108976326
108544,1,7,8,17.079111905451935
108591,1,7,4,0.3586790108976326
108600,1,7,9,9.614191598163327
108601,1,7,4,0.3586790108976326
108602,1,7,4,0.3586790108976326
108610,1,7,9,25.78424311586082
108612,1,7,3,2.404301267376054
108616,1,7,7,2.2915899135886004
108618,1,7,5,0.3586789934097332
108628,1,7,10,5.381496273587059
108631,1,7,7,2.2212087351927146
108636,1,7,1,7.096797435991257
108676,1,7,6,18.080669286986126
108705,1,7,7,1.6593819802880871
108716,1,7,8,28.070505128968666
108728,1,7,1,17.02216431536844
108737,1,7,5,0.3586789934097332
108743,0,7,0,0.0270154429791966
108750,1,7,6,13.943099477815837
108770,1,7,5,0.3586789934097332
108776,1,7,5,0.3586789934097332
108782,1,7,9,24.449424152480187
108787,1,7,2,14.009516087706185
108795,1,7,10,17.59977212292005
108802,1,7,9,26.378279699538055
108807,1,7,8,24.04016289987444
108809,1,7,2,7.650098242550033
108818,1,7,9,15.609004111481829
108819,1,7,9,14.265908335417059
108823,1,7,1,19.79905262001983
108844,1,7,10,14.499619087316919
108851,1,7,7,2.4710256149400367
108861,0,7,0,0.026255843898375385
108883,1,7,8,13.518696766109436
108917,1,7,8,23.406071578353462
108931,1,7,9,23.54704823505891
108950,1,7,9,9.062623706258805
108956,1,7,10,20.565791489156695
108980,1,7,8,23.16148777040835
108983,1,7,9,22.494838737143365
108992,1,7,4,0.3586790108976326
108998,1,7,7,4.066087314512562
109000,1,7,1,7.09912944063863
109027,1,7,5,0.3586789934097332
109028,1,7,5,0.3586789934097332
109051,1,7,8,12.976560565896046
109058,1,7,10,14.40853893028672
109068,1,7,5,0.3586789934097332
109075,1,7,5,0.3586789934097332
109080,1,7,9,3.4258583665088844
109099,0,7,0,0.05237801386378533
109100,1,7,10,15.116506831935217
109111,1,7,6,13.486184637475825
109113,1,7,8,28.521216332613754
109118,1,7,5,0.3586789949470627
109125,1,7,9,23.63637025609384
109133,1,7,4,0.3586790108976326
109135,1,7,9,24.647256580421065
109140,1,7,8,25.243307154400043
109143,1,7,8,14.697872332237296
109155,1,7,8,26.28228692869364
109171,1,7,3,1.6112271062142862
109184,1,7,8,25.091627708463314
109213,1,7,6,4.484648833202161
109214,1,7,9,26.058927322626154
109219,1,7,10,8.515028803038165
109225,1,7,10,17.273137820432755
109235,1,7,2,11.11792963240685
109237,1,7,3,2.298717594148674
109258,1,7,6,23.02388357208205
109259,1,7,6,12.578899863666813
109261,1,7,6,20.626352275686575
109276,1,7,6,21.910687202526216
109293,1,7,10,11.693148639667433
109307,1,7,9,9.944475465263942
109308,1,7,5,0.3586789934097332
109313,1,7,8,22.294532325783997
109367,1,7,4,0.3586790108976326
109381,1,7,9,12.353738140206861
109387,1,7,4,0.3586790108976326
109391,1,7,5,0.3586789934097332
109394,1,7,6,22.93335542378793
109398,1,7,8,25.83257725172457
109407,1,7,6,21.63507261222911
109442,1,7,3,2.3746878835315477
109462,1,7,1,17.912216889537483
109488,1,7,5,0.3586789949470627
109490,1,7,8,10.500712718351302
109497,1,7,1,16.94353192724505
109499,1,7,3,2.239276123046611
109502,1,7,9,12.115861244936374
109506,1,7,5,0.3586789934097332
109507,1,7,1,17.56031007906977
109513,1,7,6,11.225313709732342
109542,1,7,4,0.3586790108976326
109556,1,7,5,0.3586789934097332
109573,1,7,2,9.041584808193683
109579,1,7,10,12.401065595926255
109580,1,7,9,22.881706721822972
109596,1,7,4,0.3586790108976326
109597,1,7,1,10.66676481323483
109598,1,7,5,0.3586789934097332
109604,1,7,7,4.385770760551212
109605,1,7,6,17.964343364383605
109622,1,7,10,7.470813807042075
109624,1,7,9,4.865050020897143
109645,1,7,5,0.3586789934097332
109648,1,7,9,11.824943068132939
109655,1,7,5,0.3586789934097332
109657,1,7,8,11.11282893107543
109661,1,7,9,25.917601066534967
109668,1,7,9,25.357189525233245
109669,1,7,8,10.428610640979828
109673,1,7,9,20.78028429564415
109680,1,7,4,0.3586790108976326
109681,1,7,6,8.160212164711668
109682,1,7,10,4.157900115025865
109689,1,7,9,25.901841564521852
109690,1,7,8,26.9058024004758
109691,1,7,9,17.10118679295176
109698,1,7,8,28.04090167381461
109713,1,7,4,0.3586790108976326
109721,1,7,4,0.3586790108976326
109731,1,7,8,6.471744615701107
109771,1,7,2,13.53711658048594
109776,1,7,10,19.97338059359402
109802,1,7,4,0.3586790108976326
109809,1,7,10,12.343342414833433
109813,0,7,0,0.26316093927741613
109817,1,7,10,12.409170519441627
109831,1,7,6,14.791019718303355
109832,1,7,9,23.957138556992874
109849,1,7,9,16.78174525552703
109879,1,7,8,9.78101702812464
109886,1,7,1,15.159939859841586
109897,1,7,9,14.569588025694598
109903,1,7,7,1.4666815670213642
109910,1,7,6,16.69634539684761
109913,1,7,6,18.666573047457646
109922,1,7,7,1.8591042994578513
109923,1,7,9,25.803566018770244
109928,1,7,9,22.50363128235609
109938,1,7,1,19.124889339512745
109948,1,7,10,12.140958963110911
109953,1,7,6,8.23466093257636
109954,1,7,8,26.822366801178507
109970,1,7,4,0.3586790108976326
109977,1,7,4,0.3586790108976326
109985,1,7,6,20.002314745700808
109997,1,7,7,1.7678635764982424
110006,1,7,8,2.734418068037169
110009,1,7,8,3.8475828480224927
110011,1,7,9,6.523996775944674
110014,1,7,9,23.678450600713884
110019,1,7,6,21.326820903464537
110022,0,7,0,0.013905121839621892
110034,1,7,1,21.737657329403643
110050,1,7,6,14.944088728111804
110053,1,7,6,22.83834274316564
110055,1,7,10,11.03674483040285
110056,1,7,8,8.891784591473964
110058,1,7,9,26.281440560822166
110063,1,7,5,0.3586789934097332
110071,1,7,10,10.882776833598536
110076,1,7,6,20.907144062979093
110078,1,7,9,16.11961269733763
110081,1,7,9,13.524377972379012
110082,1,7,5,0.3586789934097332
110094,1,7,6,23.981090364215767
110107,1,7,9,12.567671033859627
110130,1,7,6,5.067350123445689
110134,0,7,0,0.07402916246373949
110139,1,7,6,21.725204230826158
110142,1,7,8,6.850470886032251
110145,1,7,5,0.3586789934097332
110166,1,7,5,0.3586789934097332
110179,1,7,10,15.263407350534688
110184,1,7,3,1.1240340273898555
110186,1,7,7,4.366627936610967
110209,1,7,9,13.602449991828795
110219,1,7,8,13.416976093736118
110224,1,7,8,12.815002533280223
110228,1,7,8,24.013232290794168
110229,1,7,7,1.7281262626181315
110233,1,7,9,16.645239361223027
110238,1,7,9,9.746665377995987
110239,1,7,8,20.882392639002493
110244,1,7,8,7.753703302457546
110245,1,7,10,19.004074046153768
110248,1,7,6,23.523037503227577
110258,1,7,10,18.0455483568274
110260,1,7,4,0.3586790108976326
110264,1,7,8,18.00205116961477
110292,1,7,9,23.53372527045117
110330,1,7,1,13.065258765902186
110337,1,7,10,11.200838255152524
110354,0,7,0,0.04444979648230644
110355,1,7,9,26.12405870963358
110356,1,7,6,9.70866375812364
110357,1,7,9,19.60481082713963
110358,1,7,6,15.675183601074346
110371,1,7,6,13.527925285836364
110380,1,7,8,11.789473150710007
110393,1,7,5,0.3586789934097332
110400,1,7,4,0.3586790108976326
110410,1,7,6,18.99098645876728
110430,1,7,6,20.689455351632628
110450,1,7,6,21.138755395318352
110465,1,7,4,0.3586790108976326
110473,1,7,8,12.755196006765832
110480,1,7,2,11.337487547421059
110483,1,7,4,0.3586790108976326
110489,1,7,6,12.52145745948064
110522,1,7,2,11.373318957993456
110525,1,7,9,24.416946012956736
110566,1,7,9,26.04751279646616
110582,1,7,9,4.6081137864083805
110614,1,7,9,25.313835348033585
110630,1,7,8,18.403617892679627
110653,1,7,9,23.283155317867422
110677,1,7,6,5.700511346549353
110682,1,7,5,0.3586789934097332
110685,1,7,1,16.811720714371614
110686,1,7,2,3.3315328841914873
110694,1,7,1,21.91034914019242
110702,1,7,5,0.3586789934097332
110706,1,7,1,6.481394504530067
110717,1,7,6,14.984062337775832
110724,0,7,0,0.025894536887653648
110731,1,7,9,9.766124929131745
110754,1,7,5,0.3586789934097332
110755,1,7,4,0.3586790108976326
110766,1,7,9,21.96069829081283
110795,1,7,7,3.5235566616185414
110817,1,7,7,1.0241936686927693
110824,1,7,10,15.949335698133456
110825,1,7,5,0.3586789934097332
110829,1,7,9,8.799919980224663
110830,1,7,4,0.3586790108976326
110834,1,7,1,6.2858502207712865
110836,1,7,6,16.34437000063809
110839,1,7,3,1.4441683893109762
110840,1,7,8,14.041456920391354
110843,1,7,6,22.589415193587357
110845,1,7,1,22.735894164464526
110846,1,7,6,16.841971037089138
110854,1,7,7,3.192959572629864
110858,1,7,5,0.3586789934097332
110880,1,7,2,6.796706164814215
110886,1,7,8,24.499371581299588
110888,1,7,10,12.030586649953397
110897,0,7,0,0.0320278494858728
110904,1,7,2,10.99734968262082
110914,1,7,1,5.843022446483624
110936,1,7,6,23.254620337958873
110937,1,7,8,20.466371494587474
110938,1,7,9,4.760867452755966
110962,1,7,1,21.615874033921017
110965,1,7,1,8.47802459960395
110980,1,7,8,13.183408753336984
110982,1,7,6,12.85371459733571
110984,1,7,9,14.12582215924386
110995,1,7,5,0.3586789934097332
111007,1,7,5,0.3586789934097332
111013,1,7,4,0.3586790108976326
111022,1,7,4,0.3586790108976326
111032,1,7,6,16.15210118166576
111049,0,7,0,0.019575664433441334
111051,1,7,8,5.213648895228552
111081,1,7,4,0.3586790108976326
111096,1,7,6,11.842937358722901
111105,0,7,0,0.014420058791453423
111123,1,7,3,2.2542534778407686
111130,1,7,5,0.3586789934097332
111134,1,7,5,0.3586789934097332
111136,1,7,9,15.464602718716062
111157,1,7,6,13.228063079163439
111162,1,7,8,12.67301079747328
111166,0,7,0,0.013306620449423951
111179,1,7,8,7.4391919035383545
111182,1,7,5,0.3586789934097332
111197,0,7,0,0.020482475951989182
111224,0,7,0,0.1971277739821609
111227,1,7,9,25.616880491582613
111238,1,7,6,4.132273154746693
111246,1,7,4,0.3586790108976326
111254,1,7,8,13.029171553625833
111266,1,7,5,0.3586789934097332
111269,1,7,9,26.48701685632878
111273,1,7,9,25.36414429314209
111293,1,7,1,20.31399773657337
111294,1,7,2,13.068056685037028
111316,1,7,8,12.19794758657319
111317,1,7,10,5.079095017399097
111320,1,7,5,0.3586789934097332
111338,1,7,1,16.025501984332443
111349,1,7,7,3.791925472844504
111355,1,7,6,18.9394411806651
111369,1,7,9,16.169628702077922
111371,1,7,9,21.32079554896926
111391,1,7,5,0.3586789934097332
111397,1,7,8,27.01978942064353
111398,1,7,5,0.3586789934097332
111403,1,7,5,0.3586789934097332
111420,1,7,8,11.550305619049876
111428,1,7,8,24.490216215790504
111436,1,7,10,11.362098836082087
111444,1,7,1,18.494142634934274
111449,1,7,7,1.277790777975473
111467,1,7,5,0.3586789949470627
111470,1,7,9,25.560176125273298
111478,1,7,10,12.150365997134529
111481,1,7,8,27.554289145557895
111483,1,7,5,0.3586789934097332
111507,1,7,8,23.66442173351557
111508,1,7,10,15.80575336050159
111513,0,7,0,0.22691964183924532
111524,1,7,6,15.15059815517074
111527,1,7,2,7.576514248168292
111529,1,7,6,10.740169957354382
111556,0,7,0,0.008499366752292912
111559,0,7,0,0.015166028298913021
111590,1,7,6,17.218672817177104
111604,1,7,6,14.049918028222471
111610,1,7,4,0.3586790108976326
111624,1,7,4,0.3586790108976326
111627,1,7,6,9.44589569436641
111651,1,7,5,0.3586789934097332
111655,1,7,2,11.252271571685979
111673,1,7,5,0.3586789934097332
111686,1,7,8,17.205342884502386
111712,1,7,2,13.84951784610829
111722,1,7,9,10.934383688854663
111729,1,7,6,13.105314155507351
111743,1,7,8,21.549841050211334
111751,1,7,1,17.276731960261685
111762,1,7,6,10.810788870247679
111769,1,7,9,22.98321960806176
111771,1,7,9,25.755628541075357
111773,1,7,9,16.3784513252722
111782,1,7,8,10.162870697178857
111785,1,7,8,16.06096303830555
111795,1,7,6,23.174945005392285
111814,1,7,1,8.871516854022513
111839,1,7,8,18.382244872160218
111843,1,7,5,0.3586789934097332
111846,1,7,10,5.060664601755822
111850,1,7,10,14.090586775633422
111854,1,7,9,18.689627953190765
111866,1,7,5,0.3586789934097332
111885,1,7,5,0.3586789934097332
111897,1,7,6,22.9422146588931
111912,1,7,7,3.0996694155002897
111918,1,7,8,27.50480052848905
111932,1,7,8,28.460427750325213
111943,1,7,9,25.060511785830833
111953,1,7,10,21.229608060219203
111967,1,7,7,2.6599091608553276
111978,1,7,1,11.275959271895474
111994,1,7,8,8.900684761396455
112019,1,7,6,14.475326931210086
112040,1,7,5,0.3586789934097332
112045,1,7,10,18.518324591721008
112048,1,7,8,16.189489839689266
112065,1,7,6,14.242133864517479
112072,1,7,4,0.3586790108976326
112074,1,7,6,14.166848368012904
112111,1,7,5,0.3586789934097332
112114,1,7,8,16.165197432309196
112124,1,7,8,6.796197486495689
112145,1,7,9,25.97460280787695
112159,1,7,9,21.96821866026465
112175,1,7,8,5.138936016632754
112178,1,7,5,0.3586789949470627
112198,1,7,8,25.152207514447998
112218,1,7,6,16.004720242599333
112226,1,7,6,15.028037238558628
112229,1,7,7,3.6462369154593035
112260,1,7,1,16.553471448049944
112264,1,7,6,20.62319410258621
112269,1,7,8,7.423703361813628
112289,1,7,6,11.65418135045348
112290,1,7,9,9.769096420242976
112313,1,7,5,0.3586789934097332
112321,1,7,2,10.599624803902724
112337,1,7,6,20.518992312548015
112352,1,7,5,0.3586789934097332
112354,1,7,4,0.3586790108976326
112367,1,7,8,15.872191007519547
112374,1,7,1,20.087590055609635
112382,1,7,5,0.3586789934097332
112386,1,7,7,0.4406625089960202
112392,1,7,7,4.336462703649286
112395,1,7,9,7.36155807311503
112410,1,7,4,0.3586790108976326
112429,1,7,8,8.861903128039094
112437,1,7,10,20.980302049832485
112440,1,7,6,13.652348465263103
112443,1,7,8,7.415680386406279
112478,1,7,7,4.077721460524951
112484,1,7,10,5.3734765819385535
112486,1,7,9,12.716314461477499
112497,1,7,4,0.3586790108976326
112523,1,7,3,2.0296977603091193
112525,1,7,10,20.76894065537105
112555,1,7,4,0.358679009087165
112556,1,7,5,0.3586789949470627
112559,1,7,6,10.434075392382862
112574,1,7,5,0.3586789934097332
112576,1,7,5,0.3586789934097332
112588,1,7,1,16.00882227611734
112603,1,7,8,26.88855810831645
112635,1,7,3,1.8135462405935057
112668,1,7,10,12.192320033323512
112684,1,7,7,2.572672604960222
112688,1,7,9,19.916986484135883
112697,1,7,4,0.3586790108976326
112699,1,7,8,16.00991265917157
112707,1,7,8,16.449319640740914
112709,1,7,8,18.081270816683684
112724,1,7,10,21.2351875200808
112754,1,7,8,21.668723395087888
112757,1,7,7,1.0051106674884733
112766,1,7,8,12.147541225386439
112780,1,7,9,19.66164423081062
112783,1,7,2,11.33339231502096
112796,1,7,10,12.005826565816424
112800,0,7,0,0.2246665091139518
112810,1,7,4,0.3586790108976326
112839,1,7,8,25.639291435718043
112848,1,7,8,24.720912923053838
112871,1,7,5,0.3586789934097332
112876,1,7,5,0.3586789934097332
112877,1,7,8,15.00623808774311
112893,1,7,1,16.24918468810473
112906,1,7,8,14.260275419831956
112910,0,7,0,0.013367104625673589
112928,1,7,6,10.609810539921574
112942,1,7,3,1.5206662578976504
112956,1,7,4,0.3586790108976326
112978,1,7,9,8.514528292800236
112979,1,7,9,14.317363290459257
112981,1,7,4,0.3586790108976326
112982,1,7,4,0.3586790108976326
112997,1,7,7,3.904109874185721
113016,1,7,1,18.220692072100082
113040,1,7,9,26.35986084339123
113050,1,7,10,18.371249149347342
113059,1,7,8,26.500670140953524
113068,1,7,7,2.2144377666261166
113078,1,7,8,5.61555272903674
113080,1,7,1,16.05856092842339
113081,0,7,0,0.011869029950377646
113084,1,7,6,23.97282704281431
113085,1,7,8,13.04753539410196
113089,1,7,8,4.182895617776816
113091,1,7,10,21.231189642119187
113095,1,7,9,7.4637863212971425
113096,1,7,5,0.3586789934097332
113117,1,7,9,15.250211710008989
113119,1,7,4,0.3586790108976326
113124,1,7,9,24.704551124161704
113127,1,7,4,0.3586790108976326
113128,1,7,4,0.3586790108976326
113136,1,7,1,17.926283895529266
113139,1,7,7,4.548941493901561
113168,1,7,4,0.3586790108976326
113184,1,7,7,4.004577634343227
113191,1,7,6,16.521642967022142
113209,1,7,4,0.358679009087165
113214,1,7,9,26.378225771281887
113236,0,7,0,0.012452025440545866
113237,1,7,10,4.715350836023499
113238,1,7,9,22.724102762983357
113243,1,7,5,0.3586789934097332
113244,1,7,10,4.720423869313755
113248,1,7,3,2.389925118265852
113250,1,7,8,4.187587564885742
113254,1,7,8,25.845250540779443
113267,1,7,8,15.907140981548075
113271,1,7,9,23.89545968194148
113279,0,7,0,0.016591511844190013
113284,1,7,8,21.968572189462375
113288,1,7,10,11.523389861448734
113293,1,7,9,10.058359741065281
113298,1,7,4,0.3586790108976326
113318,1,7,7,4.561120724641097
113321,1,7,8,20.64755641926036
113324,1,7,9,20.59049595149242
113325,1,7,6,10.3446189682113
113326,1,7,9,23.521022481974374
113331,1,7,1,4.854554406591624
113335,1,7,8,28.12987968097599
113343,1,7,2,9.018876954850507
113346,1,7,6,4.94585261911863
113352,1,7,1,19.174559264726227
113359,1,7,7,3.432461980821717
113365,1,7,5,0.3586789934097332
113371,1,7,5,0.3586789934097332
113385,1,7,1,8.452624062748075
113387,1,7,5,0.3586789934097332
113390,1,7,6,14.277812773906998
113415,0,7,0,0.22672256480798753
113417,1,7,6,20.06520434926728
113423,1,7,8,5.269055375809285
113442,1,7,1,14.248506099347287
113444,1,7,6,23.072455300573015
113464,1,7,5,0.3586789934097332
113466,1,7,1,9.48631523416091
113481,1,7,9,25.30715034388276
113484,0,7,0,0.01490752014455628
113496,1,7,5,0.3586789934097332
113504,1,7,6,8.553467611632607
113507,1,7,6,8.889374912529737
113510,1,7,8,16.03208687076329
113518,1,7,8,17.513949304570286
113519,1,7,8,28.203133395374664
113534,1,7,2,4.7551514907817705
113535,1,7,8,9.307655951948876
113539,1,7,2,10.988792729053117
113572,1,7,8,4.578634220545313
113579,1,7,8,2.7862747615626753
113596,1,7,9,9.939344618519794
113640,1,7,1,10.204640056366522
113648,1,7,5,0.3586789934097332
113650,1,7,10,11.700205473347957
113657,1,7,8,25.764725017741398
113679,1,7,1,22.43788536469723
113685,1,7,5,0.3586789934097332
113688,1,7,4,0.3586790108976326
113689,1,7,10,4.070438424918134
113698,1,7,10,17.575919213091975
113703,1,7,7,0.7506281046568725
113706,1,7,1,17.966035056561882
113722,1,7,8,15.848091104692319
113725,1,7,1,17.824266452757378
113744,1,7,4,0.3586790108976326
113759,1,7,6,11.629081816393848
113767,1,7,9,9.48195074705525
113781,0,7,0,0.01597122397689901
113795,1,7,4,0.3586790108976326
113808,1,7,10,18.63529235482026
113821,1,7,2,5.984606802765485
113822,1,7,6,16.314200787388323
113823,1,7,1,12.453951864362848
113839,1,7,1,18.33377860080233
113858,1,7,4,0.3586790108976326
113874,1,7,10,9.800638784617028
113876,1,7,8,8.47345356316881
113890,1,7,2,14.03738701769202
113892,1,7,10,8.901930055207423
113897,1,7,5,0.3586789934097332
113925,1,7,7,0.95216645193661
113948,1,7,7,1.7540502335054562
113952,1,7,1,15.802220537880057
113961,1,7,5,0.3586789934097332
113962,1,7,4,0.3586790108976326
113969,1,7,9,10.262424699668045
113970,1,7,9,15.627268441756964
114002,1,7,8,23.082121109435185
114016,1,7,8,17.201392606849048
114027,0,7,0,0.18658738847829706
114033,1,7,6,20.600851142896712
114038,1,7,6,17.982429449672143
114043,1,7,6,13.520668077986299
114051,1,7,7,3.162036200975883
114060,1,7,9,26.42250623115342
114073,1,7,6,20.86982272424877
114074,1,7,9,25.515776914466446
114093,1,7,8,8.456303059749459
114126,1,7,1,17.41127424024447
114149,1,7,9,12.243213450071512
114151,1,7,1,9.08748274310814
114152,1,7,9,15.303440070030383
114154,1,7,4,0.3586790108976326
114157,1,7,9,15.13331476071769
114158,1,7,5,0.3586789934097332
114165,1,7,8,13.851496143664642
114178,1,7,6,7.02304213307725
114182,1,7,8,12.885017318910403
114194,1,7,10,11.035625574173267
114217,1,7,4,0.3586790108976326
114233,1,7,5,0.3586789934097332
114255,1,7,8,28.010210523344035
114265,1,7,7,2.1538590790163976
114279,1,7,1,22.070492716081233
114286,1,7,1,3.997226520272992
114288,1,7,8,7.4498700270008795
114297,1,7,7,3.291075030828722
114300,1,7,9,15.353343310342273
114301,1,7,8,12.261820439094322
114309,1,7,8,23.716689601653613
114310,1,7,4,0.3586790108976326
114326,1,7,10,13.00431953469963
114365,1,7,6,6.599818925390147
114372,1,7,6,23.527701976764412
114376,1,7,10,6.63659603452384
114386,1,7,10,12.24611949472607
114400,1,7,4,0.358679009087165
114423,1,7,9,25.757917637451847
114430,1,7,6,15.64933899983636
114432,1,7,6,5.891037235678666
114449,1,7,10,20.791093000169724
114461,1,7,1,12.643532603869815
114462,1,7,10,18.78534376080386
114473,1,7,5,0.3586789934097332
114480,1,7,4,0.3586790108976326
114504,1,7,10,9.164117762607521
114505,1,7,8,13.954650652243211
114508,1,7,1,8.764847307694861
114510,1,7,9,26.43788233013609
114518,1,7,8,9.366739646412906
114519,1,7,3,2.3420958442873494
114522,1,7,10,7.870946809023095
114545,1,7,6,22.399360606396314
114552,0,7,0,0.015671312334969576
114560,1,7,8,4.19246260656579
114566,1,7,9,15.917937676960605
114568,1,7,1,17.075373113270256
114572,1,7,1,10.921025667516634
114603,1,7,7,0.6102452039988784
114613,0,7,0,0.019835910408080793
114614,1,7,6,8.747602261155048
114640,1,7,4,0.3586790108976326
114641,1,7,4,0.3586790108976326
114644,1,7,9,9.520769595798297
114648,1,7,6,18.095161348381723
114664,1,7,9,11.193815293941801
114667,1,7,1,7.83431609473757
114677,1,7,1,13.226293254408587
114678,1,7,1,22.62663063503786
114684,1,7,8,17.65403143885814
114686,1,7,8,14.089768612785626
114733,1,7,7,3.9956082579169214
114740,1,7,5,0.3586789934097332
114751,1,7,9,21.0575108614987
114752,1,7,4,0.3586790108976326
114764,1,7,9,24.381564266968457
114773,0,7,0,0.022602789550346385
114782,1,7,6,21.79433353724104
114784,1,7,6,18.331529748492382
114790,1,7,5,0.3586789934097332
114791,1,7,5,0.3586789934097332
114794,1,7,9,15.35337578529029
114797,1,7,4,0.3586790108976326
114820,1,7,4,0.3586790108976326
114822,1,7,8,16.686708559157097
114835,1,7,9,9.569800913936792
114839,1,7,4,0.3586790108976326
114846,0,7,0,0.015509144221359423
114848,0,7,0,0.03577960942637506
114851,1,7,9,13.81874436993849
114865,1,7,9,22.890483387736957
114869,1,7,6,18.316300440187465
114872,1,7,5,0.3586789934097332
114874,1,7,4,0.3586790108976326
114880,1,7,9,8.937790445098813
114885,1,7,9,11.642404835351762
114905,1,7,7,4.1916564288051
114932,1,7,7,0.9908584242003717
114936,1,7,3,2.2950336369431215
114939,1,7,9,17.580550953303238
114954,1,7,2,1.5812116266179208
114957,1,7,8,18.162845970961158
114962,1,7,8,6.151663675733882
114981,0,7,0,0.017002777596911427
114984,1,7,7,2.9258295110212456
114994,1,7,4,0.3586790108976326
115005,1,7,6,21.31999187336909
115012,1,7,8,13.34152698477538
115029,1,7,6,12.110928623645504
115032,1,7,6,6.388410242616309
115034,1,7,3,2.4284596158134435
115036,1,7,5,0.3586789934097332
115037,1,7,4,0.3586790108976326
115038,1,7,10,13.004601820305599
115040,1,7,4,0.3586790108976326
115051,1,7,1,5.771531051122337
115055,1,7,5,0.3586789934097332
115076,1,7,10,12.71187101238012
115100,1,7,4,0.3586790108976326
115123,1,7,9,25.040511458694173
115127,1,7,4,0.3586790108976326
115136,1,7,7,3.3576611679983945
115171,1,7,5,0.3586789934097332
115172,1,7,9,8.948430436181505
115177,1,7,10,9.317864359694088
115185,1,7,9,16.015945782383266
115193,1,7,10,14.492483727332374
115205,1,7,5,0.3586789934097332
115209,1,7,4,0.3586790108976326
115211,1,7,3,2.3403263912715833
115236,1,7,4,0.3586790108976326
115239,1,7,8,14.653412005674044
115262,1,7,5,0.3586789949470627
115313,1,7,9,25.551639774656792
115316,1,7,7,3.245709716809262
115318,1,7,1,8.78579282663065
115327,1,7,7,4.524119611709815
115334,1,7,6,11.810089294473984
115337,1,7,9,25.230149645228337
115342,1,7,8,27.816924575521714
115345,1,7,8,18.501285275819153
115351,1,7,7,3.8331028639768294
115365,1,7,8,11.377190308907577
115368,1,7,1,19.92767071607545
115377,1,7,8,14.561165597292955
115396,1,7,6,14.812525785631475
115412,1,7,9,25.622104082318625
115430,1,7,6,21.629129335520393
115449,1,7,9,24.192910424535167
115455,1,7,10,16.671603269644386
115468,1,7,7,2.881328894228172
115476,1,7,8,18.759006451847387
115477,1,7,4,0.3586790108976326
115485,1,7,5,0.3586789934097332
115494,1,7,10,18.42509314500047
115501,1,7,8,27.54780221668811
115504,1,7,5,0.3586789934097332
115532,1,7,3,2.3340029593703577
115540,1,7,10,13.77312891657539
115559,1,7,3,2.3388708652626016
115561,1,7,8,9.90774029847164
115564,1,7,5,0.3586789934097332
115566,1,7,9,22.545172819581683
115577,1,7,4,0.358679009087165
115595,1,7,8,26.486231160920866
115596,1,7,4,0.3586790108976326
115600,1,7,4,0.3586790108976326
115604,1,7,4,0.3586790108976326
115612,1,7,4,0.3586790108976326
115619,1,7,10,16.86109702801642
115623,1,7,9,14.634754177127535
115626,1,7,6,23.854882711542686
115655,1,7,10,16.07809325686427
115660,0,7,0,0.013726617014338603
115664,1,7,5,0.3586789934097332
115674,1,7,8,28.444858008908763
115686,1,7,8,26.02894521406755
115690,1,7,10,11.289169003190711
115712,0,7,0,0.017291642814206917
115719,1,7,7,3.520328693535293
115732,1,7,6,9.509444563095302
115738,1,7,9,25.928281054052807
115742,1,7,9,7.440883101383335
115748,1,7,9,10.22285404522154
115758,1,7,4,0.3586790108976326
115771,1,7,9,26.163594464467227
115787,1,7,9,26.374684864680265
115790,1,7,9,5.802039405520576
115799,1,7,4,0.3586790108976326
115802,1,7,6,15.635536027897736
115810,1,7,9,8.616766155936423
115811,1,7,5,0.3586789934097332
115820,1,7,8,8.270403027553591
115828,1,7,8,27.05203556596963
115830,1,7,1,10.329869694706588
115860,1,7,8,27.340900876315573
115878,1,7,8,11.95256469997965
115881,1,7,9,6.946441257145702
115895,1,7,4,0.3586790108976326
115896,1,7,4,0.3586790108976326
115920,1,7,9,19.425517565799293
115924,1,7,8,9.94927069567947
115944,1,7,9,23.543309375054328
115945,1,7,8,28.136608764409672
115969,1,7,5,0.3586789934097332
115977,1,7,1,7.978498199031191
115997,1,7,8,21.633025828548053
116016,1,7,8,17.750728209316755
116017,1,7,9,23.82242111522466
116028,1,7,6,13.260151623338865
116052,1,7,3,2.416901357139581
116053,1,7,6,23.055987599788825
116054,1,7,1,20.357219546064584
116131,1,7,8,7.106274477076421
116133,1,7,3,2.4018474694599545
116144,1,7,8,12.998660376245404
116147,1,7,9,9.985782018957948
116164,1,7,9,22.498976782031352
116171,1,7,6,16.985212431891153
116174,1,7,7,3.997065379535357
116184,1,7,9,26.205328133231394
116186,1,7,8,23.47497485059483
116226,1,7,9,23.695016265297365
116228,1,7,9,25.611633747734583
116247,1,7,8,10.397459073328056
116261,0,7,0,0.36836657316386273
116273,1,7,5,0.3586789934097332
116291,1,7,5,0.3586789949470627
116297,1,7,10,14.782883714645859
116307,1,7,4,0.3586790108976326
116315,0,7,0,0.012141030483006677
116327,1,7,9,18.440574259639792
116334,1,7,9,9.379889815052191
116342,1,7,10,19.271352924954414
116343,1,7,10,5.462656021897072
116353,1,7,4,0.3586790108976326
116359,0,7,0,0.15373792422476698
116385,1,7,5,0.3586789934097332
116398,1,7,7,4.080300752381727
116406,1,7,4,0.3586790108976326
116409,1,7,8,27.978496123042596
116413,1,7,1,17.675714855143063
116414,1,7,1,6.384729950949971
116419,1,7,9,13.777679362408609
116425,1,7,1,15.838593991285608
116434,1,7,6,12.121971741857712
116439,0,7,0,0.022078126659113573
116443,1,7,8,23.805683321918675
116446,1,7,10,10.555614467428546
116447,1,7,8,24.736092151713464
116471,1,7,6,23.245813474511433
116488,1,7,6,18.06767085053707
116495,1,7,9,7.592262061463284
116496,1,7,9,13.320304161007199
116497,1,7,6,21.735496070540574
116503,1,7,9,22.427319252374577
116504,1,7,10,11.407989520671453
116506,1,7,7,2.644761807449045
116510,1,7,5,0.3586789934097332
116524,1,7,5,0.3586789949470627
116526,1,7,6,13.42020481976017
116530,1,7,1,6.536390965550351
116535,1,7,9,20.35014288137043
116536,1,7,9,16.23851969885352
116549,1,7,7,0.7682058412175595
116558,1,7,10,10.427147449524837
116567,1,7,10,12.39550506821978
116568,1,7,10,12.228465639407483
116572,1,7,6,18.564378517131566
116581,1,7,3,2.3507880238768863
116586,1,7,6,23.37988681775822
116591,1,7,4,0.3586790108976326
116592,1,7,4,0.3586790108976326
116595,1,7,9,19.783917642375766
116598,1,7,6,18.827413836664203
116604,0,7,0,0.015994642446679246
116607,1,7,4,0.3586790108976326
116609,1,7,7,2.454535206530343
116611,0,7,0,0.01326615123516149
116614,1,7,7,0.9667180724860377
116617,1,7,4,0.3586790108976326
116629,1,7,6,18.076860572019083
116637,1,7,5,0.3586789934097332
116646,1,7,1,19.292025439443155
116666,1,7,4,0.3586790108976326
116680,1,7,10,12.348567800213948
116683,1,7,9,22.19925585560216
116690,1,7,7,3.9930399098763365
116691,1,7,5,0.3586789934097332
116699,1,7,8,2.4305538727268865
116716,1,7,5,0.3586789934097332
116727,1,7,8,16.474093369400414
116735,1,7,10,9.310230903008732
116742,1,7,10,3.631566546200179
116743,1,7,9,23.96522291687767
116749,1,7,1,19.754767563429986
116767,1,7,9,14.889423245815696
116768,1,7,9,14.054561890328793
116785,1,7,8,22.318339116900187
116792,1,7,6,22.332985509137313
116811,1,7,3,2.143217443169586
116814,1,7,9,8.727319857144815
116817,1,7,5,0.3586789934097332
116820,1,7,6,23.98372573426794
116828,1,7,8,11.955884619681525
116829,1,7,8,23.483714120921874
116830,1,7,8,12.847330402092963
116857,1,7,7,0.4828788414112328
116858,1,7,5,0.3586789934097332
116867,1,7,6,22.290855484295783
116882,1,7,8,12.343563414367303
116886,1,7,6,21.502188144032747
116888,1,7,10,5.372572067583115
116889,1,7,1,4.216422628219952
116893,1,7,6,9.071183366523401
116903,1,7,4,0.3586790108976326
116904,1,7,4,0.3586790108976326
116906,1,7,5,0.3586789934097332
116924,1,7,8,18.164696360312103
116928,1,7,6,21.102430028352583
116941,1,7,9,6.576882042356608
116946,1,7,8,3.9562576833602905
116949,1,7,6,17.229979247725957
116953,1,7,10,8.271982629439549
116959,1,7,10,10.230096704831825
116961,1,7,9,16.23291436934485
116963,1,7,4,0.3586790108976326
117002,1,7,6,18.149199459174742
117008,1,7,9,14.886433483330517
117017,1,7,5,0.3586789934097332
117034,1,7,2,12.26159614490346
117037,1,7,7,2.953069053626492
117045,1,7,8,17.635796706343367
117050,1,7,8,18.649735135878366
117051,1,7,3,2.3962951738219473
117071,1,7,6,10.493809425092648
117089,1,7,6,7.4193582570677545
117095,1,7,10,15.756331092771237
117111,1,7,9,12.513647725349074
117122,1,7,5,0.3586789934097332
117127,1,7,8,3.3680917824227468
117128,1,7,8,15.581800332000453
117137,1,7,9,16.23843763151127
117142,1,7,8,13.008945436703906
117143,1,7,10,5.4051598963191
117152,1,7,6,7.096114144858876
117162,1,7,9,12.24470853229014
117169,1,7,8,22.747585452096097
117172,1,7,9,15.107949624224814
117196,1,7,8,12.608021561560829
117207,1,7,6,14.211468872268187
117208,1,7,7,2.2143909303379843
117215,1,7,10,19.882330077184402
117238,1,7,10,15.646480826084767
117256,1,7,1,13.638948504207558
117271,1,7,10,9.428984642185004
117278,1,7,10,15.162249258356663
117280,1,7,6,14.724495357285468
117286,1,7,5,0.3586789934097332
117288,1,7,5,0.3586789934097332
117311,1,7,8,28.495857875214366
117312,1,7,8,17.259878226691335
117359,1,7,8,27.136364640230582
117371,1,7,9,16.484324370297674
117372,1,7,9,16.145859094768248
117376,1,7,9,16.677829335550122
117395,1,7,9,15.968961349776546
117405,1,7,8,23.351227124797557
117406,1,7,7,2.9074889217902826
117411,1,7,8,26.914665765506413
117438,1,7,7,4.520225396727828
117439,1,7,6,23.877427639907772
117441,1,7,10,21.22185480010126
117446,1,7,9,20.459067033896712
117449,1,7,8,5.920493685564034
117457,1,7,9,8.39421961393788
117468,1,7,10,5.091583255343892
117487,1,7,9,24.408909904332546
117488,1,7,8,7.464533093505171
117498,1,7,9,11.342192135255672
117501,1,7,8,6.044212994980324
117533,1,7,4,0.3586790108976326
117537,1,7,4,0.3586790108976326
117539,1,7,8,5.336893098439716
117551,1,7,9,24.79575399239272
117554,1,7,6,12.78144267336792
117563,1,7,4,0.3586790108976326
117595,1,7,8,8.531359482530315
117607,1,7,9,12.518262621660357
117616,1,7,6,21.276997700554237
117625,1,7,8,18.082171682724407
117641,1,7,9,12.194916657186853
117645,1,7,6,5.09290882278916
117662,1,7,9,25.739084351350815
117673,1,7,5,0.3586789934097332
117675,1,7,5,0.3586789934097332
117677,1,7,3,2.308618511063343
117682,1,7,8,12.977864926120695
117683,1,7,9,25.92237331057709
117692,0,7,0,0.02760741399141909
117700,1,7,4,0.3586790108976326
117720,1,7,4,0.3586790108976326
117724,0,7,0,0.026948329200251038
117727,1,7,10,11.044067148251331
117747,1,7,4,0.3586790108976326
117750,1,7,5,0.3586789934097332
117752,1,7,1,19.655739389933387
117756,1,7,3,2.1575368156828127
117760,1,7,4,0.3586790108976326
117763,1,7,8,22.078316637043244
117770,1,7,4,0.3586790108976326
117784,1,7,9,16.583461696340756
117785,1,7,1,11.075104174131486
117813,1,7,6,21.405437133550922
117816,1,7,6,21.66643075121958
117824,1,7,7,4.115240176029979
117857,1,7,5,0.3586789934097332
117862,1,7,8,23.67322117358741
117869,1,7,8,15.411985069583398
117881,1,7,3,2.270750546976754
117884,1,7,8,24.170159522014938
117887,1,7,6,10.122015159167129
117889,1,7,5,0.3586789934097332
117898,1,7,9,7.149320606744909
117904,1,7,9,16.96817137796267
117918,1,7,9,21.330397780941432
117920,1,7,5,0.3586789934097332
117937,1,7,10,16.03515860705715
117944,1,7,4,0.3586790108976326
117946,1,7,9,13.944321157481678
117952,1,7,10,4.465266849118161
117955,1,7,8,12.2813251140318
117961,1,7,8,16.61649966799617
117977,1,7,5,0.3586789934097332
117984,1,7,4,0.3586790108976326
118018,1,7,7,4.541569716685535
118026,0,7,0,0.022442660867085015
118027,1,7,8,27.99435369220532
118028,1,7,9,14.7645910554845
118032,1,7,8,18.867786738662094
118053,1,7,6,21.88041792691391
118055,1,7,2,10.046441180653972
118057,1,7,8,11.405974936892894
118065,1,7,10,19.129677520725355
118078,1,7,8,11.290136622964312
118082,1,7,5,0.3586789934097332
118098,1,7,6,19.828636800402005
118102,1,7,3,1.4014136677281581
118127,1,7,8,14.971316435224495
118134,1,7,6,22.5837779558606
118138,0,7,0,0.026854866388447553
118142,1,7,8,3.7115799288840243
118148,1,7,9,15.704500124708995
118150,1,7,6,13.124757539822959
118164,1,7,7,4.309822155014467
118174,1,7,5,0.3586789934097332
118186,1,7,9,14.895112252064164
118194,1,7,9,19.700218996310493
118205,1,7,7,1.885602519410535
118211,1,7,8,12.27550764288191
118214,1,7,6,19.677970432426623
118253,1,7,5,0.3586789934097332
118266,1,7,6,23.159615906721402
118273,1,7,8,21.255819647487943
118291,1,7,10,16.22625750687805
118294,1,7,5,0.3586789934097332
118300,1,7,3,2.2310396161319574
118309,1,7,9,12.98267961447588
118331,1,7,5,0.3586789934097332
118339,1,7,4,0.3586790108976326
118372,1,7,6,14.088424271879198
118381,1,7,6,23.857029620141308
118392,0,7,0,0.027069866919676038
118393,1,7,9,6.81929426153528
118397,1,7,5,0.3586789934097332
118399,0,7,0,0.0161808319730847
118407,1,7,3,0.8848789407512526
118422,1,7,9,25.52994069411655
118423,1,7,8,28.40787835938265
118444,1,7,4,0.3586790108976326
118459,1,7,8,17.165456015956387
118488,1,7,1,12.644064168030278
118493,1,7,1,21.626632863498845
118504,1,7,6,20.19217166520245
118513,1,7,4,0.358679009087165
118544,1,7,1,20.281248510261864
118548,1,7,6,9.895145176049889
118557,1,7,5,0.3586789934097332
118563,1,7,8,18.874133425460997
118572,1,7,6,13.373702000312138
118583,1,7,10,21.196621264969004
118584,1,7,2,3.0218651639879095
118586,1,7,6,18.039726821830023
118602,1,7,5,0.3586789934097332
118628,1,7,8,17.760166949450024
118635,1,7,10,12.029506708832853
118639,1,7,8,7.623824883318039
118649,1,7,10,17.073606416808666
118657,0,7,0,0.020861920940293984
118669,1,7,6,21.294473389753563
118689,1,7,10,16.30913529334248
118690,1,7,8,12.582620013761415
118705,1,7,8,18.817987220176764
118725,1,7,4,0.3586790108976326
118730,1,7,1,22.05646620271645
118735,1,7,4,0.3586790108976326
118751,1,7,9,14.674502472214044
118758,1,7,9,22.572488687684327
118785,1,7,9,7.793950043870803
118795,1,7,1,18.39001889735692
118806,1,7,6,20.508003762038385
118807,1,7,8,23.427458123424593
118814,1,7,9,7.292308245500546
118831,1,7,5,0.3586789934097332
118845,1,7,4,0.3586790108976326
118883,1,7,4,0.358679009087165
118896,0,7,0,0.025237387816145703
118906,1,7,5,0.3586789934097332
118910,1,7,6,15.866578162008254
118925,1,7,1,22.222747282976343
118938,1,7,8,25.374299400265233
118940,1,7,4,0.3586790108976326
118947,1,7,7,3.8523111909008847
118964,1,7,7,2.3065030787670326
118977,1,7,8,13.025745752454428
118988,1,7,7,1.1083137787361328
119005,1,7,10,10.654656726052572
119056,1,7,4,0.3586790108976326
119062,0,7,0,0.22160840765479606
119067,1,7,8,9.732359150222216
119072,0,7,0,0.025217317231777312
119093,1,7,1,9.08125458102405
119104,1,7,4,0.3586790108976326
119105,1,7,4,0.3586790108976326
119112,1,7,9,26.24393915559303
119125,1,7,6,12.135542694174609
119130,1,7,1,10.566398587819911
119137,0,7,0,0.027587351835247406
119158,1,7,6,17.381954771608026
119161,1,7,10,8.604958158821143
119181,1,7,4,0.3586790108976326
119221,1,7,9,14.359601131771356
119231,1,7,8,24.069623240328657
119245,1,7,5,0.3586789934097332
119270,1,7,6,13.996591111065856
119278,1,7,10,21.197911685662355
119279,1,7,2,5.07391366288176
119289,1,7,9,5.808932700336315
119296,1,7,6,12.609123155818589
119307,0,7,0,0.013920961774513435
119312,1,7,6,11.396147046624302
119313,1,7,3,2.395507787842337
119331,1,7,8,21.61926354952524
119333,1,7,8,11.956288330607956
119335,1,7,7,2.1482371609248316
119338,1,7,9,14.91423549723197
119343,1,7,10,12.740029877237317
119349,1,7,5,0.3586789934097332
119350,1,7,2,13.86263396521775
119359,1,7,10,12.728868304457972
119371,1,7,5,0.3586789934097332
119379,1,7,3,2.1014311893540003
119392,0,7,0,0.027861295450110863
119393,1,7,9,3.798353647052124
119397,0,7,0,0.030272733735165223
119405,1,7,5,0.3586789934097332
119413,1,7,8,23.122414503182654
119414,1,7,6,13.531073083846916
119423,1,7,9,11.068055594510119
119431,1,7,9,15.001849602157394
119434,1,7,6,11.448044468172574
119459,1,7,5,0.3586789934097332
119468,1,7,8,22.682921527554704
119471,1,7,6,19.95891640076457
119472,1,7,1,20.131802121554625
119478,1,7,10,19.291243799368523
119484,1,7,6,17.796716657725714
119539,1,7,2,6.8021178065110295
119568,1,7,7,2.031707972346591
119569,1,7,5,0.3586789949470627
119572,1,7,5,0.3586789949470627
119604,1,7,8,21.255662348911503
119607,1,7,9,23.120231264827826
119608,1,7,6,22.95101084977763
119611,1,7,10,9.774756063464975
119613,1,7,8,10.063745005517212
119617,1,7,4,0.3586790108976326
119621,1,7,10,13.190028230434839
119623,1,7,10,14.46342903268427
119624,1,7,5,0.3586789934097332
119626,1,7,6,10.189639409154662
119637,1,7,4,0.3586790108976326
119665,1,7,10,5.492782775097527
119669,1,7,6,10.928375684769314
119681,1,7,4,0.3586790108976326
119686,0,7,0,0.06123688460467578
119698,1,7,5,0.3586789934097332
119699,1,7,1,3.8653077447057975
119715,1,7,8,14.85696920862347
119724,1,7,5,0.3586789934097332
119734,0,7,0,0.025788989907215978
119754,1,7,9,17.677241021897526
119758,1,7,8,25.747019018625842
119787,1,7,6,8.094601863034947
119791,1,7,9,8.712757540911564
119799,1,7,4,0.3586790108976326
119818,1,7,1,6.369670394904437
119853,1,7,5,0.3586789934097332
119856,1,7,6,14.663154184735616
119865,0,7,0,0.01124567501278141
119870,1,7,6,22.37885711325968
119872,1,7,5,0.3586789949470627
119899,1,7,5,0.3586789949470627
119915,1,7,9,23.8945781473497
119919,1,7,3,1.0156052915985543
119938,1,7,8,28.299111968604645
119944,1,7,6,14.055055834779198
119947,1,7,7,4.201543959583349
119951,1,7,4,0.3586790108976326
119954,1,7,5,0.3586789934097332
119958,1,7,4,0.3586790108976326
119963,1,7,9,23.745868812511333
120019,1,7,10,21.24810243365693
120033,1,7,9,3.090163002527716
120035,1,7,8,24.02539647702005
120041,1,7,9,20.18869113559893
120054,1,7,9,10.724902572036978
120063,1,7,4,0.3586790108976326
120069,1,7,9,14.101229796068
120080,1,7,9,24.953510989426857
120084,1,7,4,0.3586790108976326
120090,1,7,8,22.208684169638186
120099,1,7,8,10.16045990899927
120113,1,7,10,20.24705341388808
120114,0,7,0,0.015381475970752376
120115,1,7,10,20.426457055086626
120139,1,7,2,12.829066337495279
120142,1,7,4,0.3586790108976326
120157,1,7,5,0.3586789934097332
120201,1,7,5,0.3586789934097332
120208,1,7,2,6.64753369077502
120217,1,7,5,0.3586789934097332
120220,1,7,5,0.3586789934097332
120226,1,7,6,11.190217959412784
120234,1,7,8,9.823360715735225
120245,1,7,8,28.53637144073184
120246,1,7,1,6.1586318259215345
120247,1,7,10,5.4788787635464695
120253,1,7,1,17.94019076200756
120254,1,7,8,2.0240895508194394
120260,1,7,5,0.3586789934097332
120261,1,7,1,10.191584666237604
120265,1,7,6,23.46653085297509
120271,1,7,1,6.00065034783863
120273,1,7,5,0.3586789934097332
120276,1,7,9,8.172513499893196
120277,1,7,9,7.2380048377317525
120281,1,7,4,0.3586790108976326
120327,1,7,6,13.076353662807119
120336,1,7,9,20.646388653599537
120346,0,7,0,0.012150557498749772
120359,0,7,0,0.01748194600367643
120361,1,7,5,0.3586789934097332
120362,1,7,9,9.952469093168089
120377,1,7,7,2.685664541045007
120405,1,7,5,0.3586789934097332
120414,1,7,8,12.885965578802331
120438,1,7,7,3.805032848749598
120443,1,7,1,19.23437362496591
120444,1,7,4,0.3586790108976326
120445,1,7,4,0.3586790108976326
120467,0,7,0,0.01861044450642376
120473,1,7,7,4.353291243251112
120478,1,7,8,8.328777167285425
120482,1,7,9,17.95836467686836
120487,1,7,8,11.183736652071815
120491,1,7,8,9.353470809154295
120493,1,7,9,5.146159540608342
120508,1,7,5,0.3586789934097332
120509,1,7,9,19.421996086389054
120515,1,7,8,21.465808842370688
120526,1,7,4,0.3586790108976326
120551,1,7,4,0.3586790108976326
120560,1,7,5,0.3586789934097332
120565,1,7,4,0.3586790108976326
120577,1,7,6,16.749540121282788
120588,1,7,4,0.3586790108976326
120612,1,7,9,7.160250666628543
120618,1,7,8,21.342781742781142
120633,1,7,9,25.070916054462845
120637,1,7,7,3.800787079466327
120652,1,7,4,0.3586790108976326
120681,1,7,6,23.8700405613209
120683,1,7,9,17.16501515641438
120686,1,7,5,0.3586789934097332
120687,1,7,9,7.857974821991806
120693,1,7,8,13.037470764365587
120710,1,7,6,11.065422409052255
120711,1,7,6,9.241412627146692
120719,1,7,5,0.3586789934097332
120720,1,7,4,0.3586790108976326
120722,1,7,7,4.645821275004329
120751,1,7,9,24.53005614827904
120754,1,7,6,23.612968626372826
120763,1,7,9,4.664788594237689
120768,1,7,9,12.92756420843722
120772,1,7,2,11.584485602030076
120777,1,7,8,16.526347492142058
120782,1,7,8,11.173055386420119
120784,1,7,9,26.016084738189694
120790,1,7,5,0.3586789934097332
120794,1,7,4,0.3586790108976326
120795,1,7,6,23.46396711344926
120800,1,7,6,7.759154710329164
120802,1,7,9,10.169127799808225
120830,1,7,7,4.130289383213262
120832,1,7,9,5.685746638417326
120840,1,7,10,5.433250534642255
120841,0,7,0,0.02942904739406577
120857,1,7,8,21.31480550521396
120875,1,7,6,22.90760072386363
120877,1,7,1,11.019496246721241
120910,1,7,8,10.810810538278577
120926,1,7,5,0.3586789934097332
120936,1,7,10,4.349114177909147
120937,1,7,7,1.6552658362254729
120959,1,7,7,2.993853025563187
120960,1,7,1,18.840974677933488
120978,1,7,1,22.780067921444584
120990,1,7,6,9.28181726193023
120997,1,7,2,9.219525528058117
121004,1,7,8,19.671406427192803
121005,1,7,8,23.429672078500932
121013,1,7,5,0.3586789934097332
121017,0,7,0,0.022376462849453792
121023,1,7,1,15.084669105717506
121030,1,7,4,0.3586790108976326
121038,1,7,8,22.75074638747212
121056,1,7,4,0.3586790108976326
121059,0,7,0,0.012458077497434541
121060,1,7,8,22.706169730968004
121061,1,7,10,6.021146038316756
121093,1,7,4,0.3586790108976326
121107,1,7,3,2.3516967645021545
121127,1,7,5,0.3586789934097332
121135,1,7,10,6.8502379693590045
121166,1,7,4,0.3586790108976326
121177,1,7,4,0.3586790108976326
121191,1,7,4,0.3586790108976326
121192,1,7,10,16.57754026290329
121196,1,7,6,11.367187237225192
121206,0,7,0,0.022769891786271448
121221,1,7,5,0.3586789934097332
121228,1,7,9,4.281727335957927
121230,1,7,9,19.49852082541696
121261,1,7,6,7.1268313397577225
121273,1,7,10,4.187575756430475
121285,1,7,2,13.684867245987027
121290,1,7,4,0.3586790108976326
121291,1,7,9,9.907171539227214
121304,1,7,5,0.3586789934097332
121306,0,7,0,0.023824870307925024
121312,1,7,10,21.251842771930637
121318,1,7,4,0.3586790108976326
121327,1,7,6,9.485820323557743
121336,0,7,0,0.022748163841326566
121343,1,7,5,0.3586789934097332
121349,1,7,9,21.655812573075405
121355,1,7,10,16.59701977564751
121356,1,7,8,24.356978081027012
121364,1,7,5,0.3586789934097332
121367,0,7,0,0.07431314951558801
121383,1,7,1,5.698475288223807
121404,1,7,5,0.3586789934097332
121406,1,7,1,16.026283470820246
121410,1,7,9,24.811939096827526
121442,1,7,9,21.377959821610204
121473,1,7,6,5.768724291134866
121487,1,7,3,2.382219285423067
121492,1,7,9,22.369741838846295
121498,1,7,8,5.513433214427633
121500,1,7,8,14.85996495357256
121502,1,7,5,0.3586789934097332
121515,1,7,6,19.205857954685392
121524,1,7,9,17.109358889442817
121528,1,7,6,7.778323934760006
121539,1,7,4,0.3586790108976326
121541,1,7,4,0.3586790108976326
121544,1,7,8,19.010013655443597
121567,1,7,5,0.3586789934097332
121581,1,7,6,8.146825034798997
121590,1,7,1,15.857484665136806
121596,1,7,6,14.80396040584367
121600,1,7,5,0.3586789934097332
121623,1,7,8,17.54734903721418
121644,1,7,4,0.3586790108976326
121649,1,7,9,13.963883879097745
121659,1,7,5,0.3586789934097332
121679,1,7,3,2.405438728585701
121684,1,7,8,17.068235645191233
121697,0,7,0,0.024222376506138472
121714,1,7,7,4.474117391752206
121716,1,7,4,0.3586790108976326
121718,1,7,9,10.368882093038694
121724,1,7,5,0.3586789949470627
121738,1,7,1,15.146590542483462
121752,1,7,6,19.325972417126795
121773,1,7,1,18.240786435545548
121787,1,7,9,11.339603951290494
121802,1,7,10,13.62731153695908
121803,1,7,8,22.51878416210473
121806,1,7,1,14.902997446247568
121812,1,7,5,0.3586789934097332
121816,1,7,9,25.62845998695163
121822,1,7,8,10.36937812035762
121828,0,7,0,0.016373980965249543
121833,1,7,8,12.283621962802256
121839,1,7,9,13.055280286101159
121848,1,7,9,24.593665398556205
121861,1,7,8,21.681463000256457
121866,1,7,9,14.994215056042146
121868,1,7,2,8.294245779474153
121881,1,7,9,23.36707460042749
121913,1,7,6,15.074104902699554
121914,1,7,8,5.592150625180149
121926,1,7,5,0.3586789934097332
121948,1,7,2,4.627060584221616
121954,1,7,5,0.3586789934097332
121971,1,7,3,1.1394870323604551
121972,1,7,4,0.3586790108976326
121988,1,7,3,2.4138522365929993
121995,1,7,9,25.710865795431527
122006,1,7,6,17.98181232388045
122007,1,7,1,15.790970450933534
122012,1,7,1,16.27470309657861
122022,1,7,10,19.69521994154866
122038,1,7,6,11.624387822728623
122070,1,7,10,12.232037003947816
122073,1,7,5,0.3586789934097332
122076,1,7,6,19.671841551905228
122101,1,7,5,0.3586789934097332
122116,1,7,8,13.369462000713677
122122,1,7,9,20.998202616411504
122149,1,7,9,13.349747842311398
122156,1,7,5,0.3586789934097332
122158,1,7,1,19.842444957823965
122174,1,7,5,0.3586789934097332
122184,1,7,5,0.3586789934097332
122205,1,7,9,26.27489898769832
122209,1,7,9,16.577381000882607
122212,1,7,6,16.603462304442047
122239,1,7,5,0.3586789934097332
122243,1,7,8,7.527738359128532
122260,1,7,6,10.593770059497237
122261,1,7,9,25.033851502999823
122265,1,7,4,0.3586790108976326
122270,0,7,0,0.1997112176388398
122274,1,7,6,18.942368641079852
122279,1,7,6,22.759908054477517
122290,1,7,2,2.5469040859984986
122300,1,7,1,15.127874948030252
122303,1,7,6,19.903268664147035
122315,1,7,3,2.119803915048497
122324,1,7,8,24.760281327334546
122337,1,7,6,10.126765204918259
122348,1,7,8,4.660658049323976
122362,1,7,6,10.277376822240841
122379,1,7,6,5.03947287639057
122402,1,7,10,13.756890702943515
122403,1,7,6,23.404068698058634
122428,1,7,2,13.497284736248877
122431,1,7,7,2.465220505049301
122443,1,7,8,24.57928268955364
122453,1,7,7,1.0509181193244865
122469,1,7,6,21.49182625121574
122491,1,7,2,13.024790208683916
122493,1,7,6,23.568170063264002
122502,1,7,4,0.3586790108976326
122506,1,7,8,24.505291424974086
122507,1,7,9,25.542025817833157
122513,1,7,2,7.22868370384896
122545,1,7,3,2.329242781753339
122547,1,7,3,1.0807670912403995
122553,1,7,7,2.96249489136327
122578,1,7,4,0.3586790108976326
122591,1,7,6,19.877500615355682
122636,1,7,9,12.093867098278649
122653,1,7,5,0.3586789934097332
122673,1,7,9,8.21168540158802
122716,1,7,6,23.96568262047664
122725,1,7,9,9.786118467942142
122749,1,7,8,21.863863468436794
122751,1,7,10,6.420977114945551
122770,1,7,9,24.07369863021057
122775,1,7,4,0.3586790108976326
122777,1,7,6,12.934463113889048
122790,1,7,6,18.48691064172986
122803,1,7,5,0.3586789934097332
122804,0,7,0,0.024140696375635175
122812,1,7,8,19.81109495169353
122813,1,7,10,11.15374711816235
122814,1,7,5,0.3586789934097332
122828,1,7,9,4.730628621403866
122835,1,7,7,0.7947733343075035
122839,1,7,3,1.4092600787067366
122848,1,7,8,21.351517066543817
122860,1,7,7,1.214894322192468
122878,1,7,6,15.09814143220004
122885,1,7,2,6.25234316633117
122902,1,7,10,21.226404046636908
122911,1,7,8,19.766544923788015
122913,0,7,0,0.016913181151322138
122921,1,7,5,0.3586789934097332
122936,1,7,3,0.963413076363865
122947,1,7,1,20.934749642023334
122956,1,7,8,17.418394741809927
122968,1,7,9,12.929615903488154
122985,1,7,4,0.3586790108976326
122991,1,7,4,0.3586790108976326
122999,1,7,8,18.9213789774638
123008,1,7,7,1.2242784552493844
123029,1,7,9,25.153990665964972
123039,1,7,9,18.99518150016659
123052,1,7,7,0.9846882670855798
123071,1,7,6,14.7816515895388
123077,0,7,0,0.013927153118795476
123079,1,7,9,24.369135765013137
123082,1,7,9,6.773133885507481
123085,1,7,5,0.3586789934097332
123096,1,7,4,0.3586790108976326
123111,1,7,8,14.007575993418355
123139,1,7,9,24.192987439230723
123143,1,7,3,2.3484262072426505
123150,1,7,9,13.302912834255123
123153,1,7,9,18.892102212501168
123162,1,7,5,0.3586789934097332
123165,1,7,9,13.61316690523958
123191,1,7,7,1.4445049717443672
123192,1,7,4,0.3586790108976326
123203,1,7,6,16.286436092262587
123209,1,7,6,20.792300475915024
123242,1,7,10,15.36128153658316
123259,1,7,10,20.794971487822888
123278,1,7,9,16.33057296834721
123280,1,7,2,12.045297205952474
123284,1,7,9,15.888548595628562
123287,1,7,4,0.3586790108976326
123288,1,7,9,25.795523686853198
123294,1,7,8,7.021694509237577
123304,0,7,0,0.019255601462079063
123305,1,7,8,18.76949318444154
123320,1,7,5,0.3586789934097332
123338,1,7,7,3.860109559435145
123356,1,7,1,18.06434348811979
123379,1,7,9,25.314198056495282
123395,1,7,3,1.202736780180341
123399,1,7,8,18.885909222309863
123402,1,7,9,21.311050773989404
123428,1,7,10,15.811771544321775
123429,0,7,0,0.02132395886307738
123432,1,7,9,13.295406695612584
123439,1,7,4,0.3586790108976326
123458,1,7,6,8.29923834305742
123474,1,7,8,22.018454656180985
123483,1,7,8,18.409761674880045
123498,1,7,6,13.625474841725032
123525,1,7,4,0.3586790108976326
123539,1,7,1,16.719522525730152
123548,1,7,9,26.21806217772023
123549,1,7,4,0.3586790108976326
123571,1,7,10,20.415863243517403
123593,1,7,3,2.323867022365975
123598,1,7,9,25.330816653571674
123602,1,7,6,4.049700877629061
123604,1,7,6,4.080533553655025
123611,1,7,9,23.138729182771065
123640,1,7,4,0.3586790108976326
123644,1,7,10,21.25404874854259
123650,1,7,6,23.41287777646185
123661,1,7,10,17.213442780410183
123692,1,7,3,1.9173361894786487
123701,1,7,10,6.912808582961018
123716,1,7,9,16.70731717096726
123720,1,7,10,14.506179848585276
123723,1,7,8,18.593881479862546
123725,1,7,1,14.42809256725862
123728,1,7,9,14.636903968571838
123777,1,7,5,0.3586789934097332
123785,1,7,5,0.3586789934097332
123790,1,7,1,8.23010532214671
123798,1,7,10,11.131799883027938
123804,1,7,6,17.858175457091736
123806,1,7,8,9.618115243871236
123820,1,7,9,15.024175007372708
123836,1,7,4,0.3586790108976326
123854,1,7,9,14.87963658538648
123872,1,7,10,17.98936849326928
123877,1,7,9,23.223988770266157
123888,1,7,9,8.809277356053766
123893,1,7,6,16.720669943358843
123912,1,7,2,9.439140356328156
123933,1,7,5,0.3586789934097332
123969,1,7,10,7.763923329818764
123992,1,7,4,0.3586790108976326
123993,1,7,4,0.3586790108976326
123994,1,7,6,17.233678211014237
123995,1,7,4,0.3586790108976326
124001,1,7,6,17.183729487222763
124017,0,7,0,0.014992220577180434
124026,1,7,10,15.687244124220696
124037,1,7,4,0.3586790108976326
124038,1,7,4,0.3586790108976326
124054,1,7,6,11.603247208698475
124071,1,7,9,25.518146142516706
124080,1,7,8,19.9866645933543
124085,1,7,7,1.2464536627803262
124087,1,7,9,23.606632104366437
124096,1,7,1,7.501543319003476
124098,1,7,4,0.3586790108976326
124106,1,7,6,18.258107089592976
124109,1,7,10,3.0376628983780316
124118,1,7,6,17.84589591488283
124141,1,7,2,8.469641017873377
124143,1,7,6,23.384154344303393
124150,1,7,8,11.192872309111813
124157,1,7,8,24.48671676784724
124207,1,7,8,23.73280655571602
124209,1,7,1,18.720917360343332
124213,1,7,1,4.09319813080454
124215,1,7,6,16.89620665531363
124221,1,7,9,4.4770039156549
124222,1,7,5,0.3586789934097332
124259,1,7,10,16.205289483025435
124261,1,7,6,16.637074629274196
124274,1,7,1,18.44830538958285
124279,1,7,5,0.3586789934097332
124280,1,7,1,21.917927835432284
124281,1,7,10,6.8457528781311465
124295,1,7,6,14.66783412670812
124299,1,7,8,14.28532216238486
124341,1,7,7,4.353994847842268
124344,0,7,0,0.013543661532294965
124347,1,7,8,3.0739160230164257
124348,1,7,4,0.3586790108976326
124350,1,7,9,3.289854392045571
124358,1,7,8,14.110432660858967
124379,1,7,1,6.251325770488044
124382,1,7,1,11.656205104455358
124393,1,7,10,20.058104923410987
124406,1,7,5,0.3586789934097332
124413,1,7,3,2.107886278822473
124420,1,7,4,0.3586790108976326
124453,1,7,6,22.1836621333563
124457,1,7,5,0.3586789934097332
124468,1,7,8,14.837192020453706
124471,1,7,4,0.3586790108976326
124479,1,7,3,2.3399591937915223
124485,1,7,5,0.3586789934097332
124490,1,7,1,7.552717999979108
124509,1,7,4,0.358679009087165
124524,1,7,10,18.543359582106817
124534,1,7,10,9.395333728996926
124546,1,7,8,17.914779373198577
124555,0,7,0,0.02413952899868764
124558,1,7,6,23.74680587624878
124563,1,7,1,23.104909073306583
124566,1,7,6,14.561429359411715
124573,1,7,6,13.955773834359116
124604,0,7,0,0.019645488818121688
124624,1,7,6,20.56641950238077
124632,1,7,1,22.282287329974775
124645,1,7,6,18.12767651631083
124650,1,7,4,0.3586790108976326
124652,1,7,3,2.335395335194777
124655,1,7,7,0.7541856705088353
124676,1,7,4,0.3586790108976326
124688,1,7,9,18.942076360356214
124689,1,7,2,12.447148701757248
124694,0,7,0,0.013490452972983761
124715,1,7,10,12.31129965376286
124731,1,7,5,0.3586789934097332
124733,1,7,10,17.940967610921984
124750,1,7,8,21.000494488338937
124756,1,7,5,0.3586789934097332
124780,1,7,3,2.3439648351012248
124784,1,7,3,2.1471699477889463
124811,1,7,1,22.48588675576206
124830,1,7,8,23.6763669180019
124854,1,7,9,5.760827410546042
124856,1,7,5,0.3586789934097332
124885,1,7,6,15.29814222011813
124888,1,7,5,0.3586789949470627
124898,1,7,10,12.03378188179233
124900,1,7,5,0.3586789934097332
124902,1,7,9,5.5420405846701435
124909,1,7,9,2.8999964005907577
124991,1,7,5,0.3586789934097332
125001,1,7,8,24.07531163854337
125003,1,7,8,17.036274560786634
125016,0,7,0,0.023218604965312795
125019,1,7,2,10.664729298285984
125025,1,7,4,0.3586790108976326
125036,1,7,9,10.335412289778343
125040,1,7,4,0.3586790108976326
125049,1,7,9,15.353178471993894
125064,1,7,6,17.07582782840965
125067,1,7,8,24.487146709801102
125072,0,7,0,0.18398493234093027
125088,1,7,6,6.619427412554145
125104,1,7,4,0.3586790108976326
125113,1,7,6,6.909310599658127
125117,1,7,6,20.509308735541683
125155,1,7,6,19.402820114927337
125157,1,7,9,5.949130223732947
125165,1,7,9,9.505437246543329
125198,0,7,0,0.012458963638628412
125210,0,7,0,0.02208522862936927
125213,1,7,9,10.91935673118084
125215,1,7,6,13.287512508937693
125217,1,7,4,0.3586790108976326
125234,1,7,4,0.3586790108976326
125242,1,7,6,23.296694366181438
125248,1,7,9,26.00894340260672
125250,1,7,4,0.358679009087165
125251,1,7,1,14.233542933485165
125257,1,7,9,7.339564564822106
125276,1,7,9,23.721592677262294
125286,1,7,9,15.138579093651902
125287,0,7,0,0.02062038331978492
125293,1,7,10,15.44052813882341
125332,1,7,4,0.3586790108976326
125342,1,7,9,26.414908094667215
125344,1,7,9,26.469010115161208
125345,0,7,0,0.02749910085623712
125348,1,7,1,19.96111262869235
125354,1,7,9,11.804778190482923
125358,1,7,7,2.4443867015541354
125363,1,7,1,16.774093203278362
125364,1,7,8,4.544233762422932
125370,1,7,4,0.3586790108976326
125378,1,7,8,17.300170208974922
125392,1,7,8,22.431748480010597
125402,0,7,0,0.020767605738580816
125405,1,7,9,18.045528019486195
125410,0,7,0,0.021375727234714138
125414,1,7,5,0.3586789934097332
125417,1,7,8,10.912750475793208
125418,1,7,10,11.990477003482276
125431,1,7,2,3.7318185527682344
125437,1,7,4,0.3586790108976326
125439,1,7,4,0.3586790108976326
125446,1,7,5,0.3586789934097332
125487,1,7,9,17.098244518068956
125488,1,7,4,0.3586790108976326
125489,1,7,7,2.2551729883799445
125530,1,7,5,0.3586789949470627
125533,1,7,8,5.653279639782656
125539,1,7,7,1.93267346778051
125540,1,7,8,18.866674759198578
125557,1,7,5,0.3586789934097332
125559,1,7,3,1.8890763211686095
125600,0,7,0,0.017488222079899394
125604,1,7,10,16.77451906517101
125612,1,7,6,6.886935048003252
125621,1,7,4,0.3586790108976326
125640,1,7,10,12.958525673033023
125665,1,7,8,6.739830769341464
125670,1,7,4,0.3586790108976326
125673,1,7,5,0.3586789934097332
125674,1,7,9,16.52742026018256
125675,1,7,9,5.129663988547829
125681,1,7,9,8.944192209078594
125682,1,7,1,11.800798254677916
125690,1,7,9,8.39302632189988
125692,1,7,4,0.3586790108976326
125699,1,7,10,11.212790953124237
125700,1,7,9,19.538483767868808
125701,1,7,9,8.967788239400724
125702,1,7,10,10.927239978852308
125707,1,7,10,16.471582134773943
125710,1,7,8,18.48680905882055
125739,1,7,6,21.31194030798531
125741,1,7,3,2.4011774652063216
125750,1,7,6,20.302265927057583
125778,1,7,10,11.61848095073401
125779,1,7,9,19.109053726820907
125797,1,7,4,0.3586790108976326
125836,1,7,10,8.927250100529816
125841,1,7,9,17.415217818051328
125848,1,7,1,10.544156884773587
125857,1,7,1,7.183287853837221
125877,1,7,8,19.062639955500227
125879,1,7,10,19.209162649216328
125883,1,7,5,0.3586789934097332
125891,1,7,10,14.101459134705673
125907,1,7,6,20.612549697537705
125936,1,7,1,9.051665667348441
125951,1,7,9,15.063453388639202
125976,1,7,4,0.3586790108976326
125978,1,7,3,2.40522768566968
125980,1,7,7,4.056776863327448
126014,1,7,1,14.708338950425192
126044,1,7,6,21.28172839752
126051,1,7,6,14.935511332975665
126076,1,7,9,12.852118947965826
126079,1,7,8,17.307234824900867
126101,1,7,3,0.7897197803393405
126104,1,7,4,0.3586790108976326
126106,1,7,6,23.782055756443675
126122,1,7,4,0.3586790108976326
126132,1,7,9,12.302481238644084
126136,1,7,4,0.3586790108976326
126137,1,7,3,1.8658639497390461
126143,1,7,6,7.238391931682879
126147,1,7,8,21.378332803424392
126160,1,7,5,0.3586789934097332
126183,1,7,4,0.3586790108976326
126184,1,7,1,22.47623706350659
126224,1,7,2,12.933705690484135
126229,1,7,9,17.036549507951467
126231,1,7,4,0.358679009087165
126238,1,7,9,24.235938084226145
126242,0,7,0,0.016734644114444544
126257,1,7,6,22.92854428181009
126258,1,7,4,0.3586790108976326
126260,1,7,7,3.1860368755535213
126261,1,7,8,28.474298927395804
126262,1,7,10,12.374870919466238
126275,1,7,6,19.166944189377574
126277,1,7,9,21.64844838029472
126296,1,7,1,16.241721478946427
126298,1,7,9,14.384507167661477
126301,1,7,1,9.072175703057223
126302,1,7,10,7.988133148419929
126311,1,7,6,10.425128739935799
126322,1,7,3,0.8259163042149381
126347,1,7,6,23.20762336270522
126353,1,7,5,0.3586789934097332
126354,1,7,9,25.53006004761609
126360,1,7,1,18.579188954507416
126361,1,7,3,2.259711129923665
126362,1,7,9,3.939881547427243
126373,1,7,5,0.3586789934097332
126414,1,7,6,22.84627379380218
126423,1,7,5,0.3586789934097332
126436,1,7,6,17.80626403556475
126455,1,7,9,11.428389570222128
126458,1,7,10,10.044401867306277
126465,1,7,1,9.383356218735393
126511,1,7,10,7.678679524233106
126521,1,7,9,13.602232316952136
126526,1,7,10,16.33046831182376
126539,1,7,9,3.3753206020152002
126543,1,7,5,0.3586789934097332
126551,1,7,6,12.61421219741549
126553,1,7,9,25.30881891349622
126563,1,7,8,18.409623171980112
126599,1,7,5,0.3586789934097332
126600,1,7,7,4.295118180450751
126606,1,7,1,19.595045053215276
126608,1,7,3,2.405481554394825
126619,1,7,7,3.743644105395905
126620,1,7,6,22.864406846546345
126621,1,7,10,6.894919253335747
126626,1,7,8,21.656156915281098
126629,1,7,8,8.257946594990784
126638,1,7,4,0.3586790108976326
126651,1,7,1,22.460640812105215
126661,0,7,0,0.01509207022796057
126694,1,7,5,0.3586789934097332
126695,1,7,4,0.3586790108976326
126697,1,7,5,0.3586789934097332
126698,1,7,10,16.29794289360925
126700,1,7,9,14.496805106648415
126701,1,7,10,11.735887266193402
126707,1,7,8,5.353470576097265
126727,1,7,10,6.482589469721337
126729,0,7,0,0.01942034977312284
126732,1,7,5,0.3586789934097332
126734,1,7,9,13.328094126075582
126750,1,7,9,14.864861639416247
126764,1,7,6,7.97031789322136
126778,1,7,9,7.918213115771414
126783,1,7,9,23.703378187175158
126792,1,7,6,21.222187399993064
126797,1,7,9,7.246788889763911
126799,1,7,10,19.972882449768225
126815,1,7,5,0.3586789934097332
126819,1,7,7,3.4799073439750994
126822,1,7,1,18.09940904103338
126823,1,7,10,18.379210995547272
126836,1,7,2,7.42246389257302
126840,1,7,4,0.3586790108976326
126842,1,7,2,5.43596393831907
126844,1,7,6,23.143340865836592
126846,1,7,10,11.48371034069026
126849,1,7,7,1.0417542387695946
126874,1,7,10,20.70923185073781
126886,1,7,5,0.3586789934097332
126938,1,7,4,0.3586790108976326
126939,1,7,9,14.987492942545765
126946,1,7,7,4.342035146231778
126960,1,7,10,11.76472450096453
126982,1,7,8,7.115499471084755
126983,1,7,6,22.060907402341332
127000,1,7,10,11.73864486546201
127003,0,7,0,0.016714708726205566
127008,1,7,6,15.200228937158672
127026,0,7,0,0.017273190669100963
127036,1,7,9,5.949567611768081
127038,1,7,6,21.86575204127489
127039,1,7,4,0.3586790108976326
127043,1,7,5,0.3586789934097332
127052,1,7,5,0.3586789934097332
127071,1,7,2,4.893325709911549
127072,0,7,0,0.059117984747841155
127080,1,7,4,0.358679009087165
127083,1,7,8,12.86771802277894
127099,1,7,6,23.66469685321414
127103,1,7,7,1.7168334974166906
127115,1,7,6,16.375257321491734
127127,1,7,2,2.241282053751607
127131,1,7,4,0.3586790108976326
127138,1,7,8,21.48708186243784
127141,1,7,7,4.197283078658941
127164,1,7,6,21.133648057617002
127174,1,7,4,0.3586790108976326
127176,0,7,0,0.015169756570231426
127179,1,7,7,3.9716478305623437
127183,1,7,5,0.3586789934097332
127216,1,7,8,5.9202010117298585
127221,1,7,1,15.085960700025456
127249,1,7,6,22.060799829033726
127252,1,7,9,19.926997856261
127257,1,7,4,0.3586790108976326
127264,1,7,7,4.204529300075268
127300,1,7,4,0.3586790108976326
127309,1,7,4,0.3586790108976326
127311,1,7,1,23.26640506502555
127312,1,7,6,20.69000244254986
127313,1,7,8,4.6613367912625865
127314,1,7,5,0.3586789934097332
127328,1,7,9,5.857592428839157
127334,1,7,3,1.8914814966532916
127344,1,7,10,10.676672959555585
127350,1,7,9,25.491053290035477
127372,1,7,9,26.012883895948086
127395,1,7,6,7.45867845008773
127412,1,7,4,0.358679009087165
127434,1,7,4,0.3586790108976326
127438,1,7,10,20.473940865256115
127439,1,7,7,3.358845212507643
127454,1,7,6,14.51627057939694
127456,1,7,6,7.830076209709308
127475,1,7,5,0.3586789934097332
127489,0,7,0,0.01330762573317911
127528,1,7,7,2.1878215637189555
127531,0,7,0,0.015473304275003307
127544,1,7,5,0.3586789934097332
127550,1,7,2,4.41678398917462
127565,1,7,9,20.91403058076944
127572,1,7,5,0.3586789934097332
127580,1,7,9,16.065700208734675
127588,1,7,4,0.3586790108976326
127590,1,7,4,0.3586790108976326
127595,1,7,10,5.400091716052462
127607,1,7,6,16.322351515930556
127613,1,7,8,8.960212894647649
127626,1,7,9,14.431245694395805
127649,1,7,10,6.0698399584596565
127670,1,7,8,28.477522658515092
127679,1,7,1,7.848558008998526
127684,1,7,4,0.3586790108976326
127694,1,7,1,18.103115540507954
127704,1,7,7,3.541630916865761
127705,0,7,0,0.03258043635659497
127710,1,7,5,0.3586789934097332
127733,1,7,6,19.83454293330894
127734,1,7,7,2.9041130374397905
127739,1,7,5,0.3586789949470627
127740,1,7,4,0.358679009087165
127746,1,7,6,15.758086856180265
127753,1,7,5,0.3586789934097332
127764,1,7,10,9.001216729265831
127803,1,7,5,0.3586789934097332
127810,0,7,0,0.012363709154915206
127811,1,7,1,20.314799326767297
127824,1,7,6,5.867327737911734
127840,1,7,5,0.3586789934097332
127850,1,7,1,5.7585674766795405
127853,1,7,9,15.025155349646512
127865,1,7,9,15.789800787131634
127866,1,7,8,6.452042632681079
127905,1,7,4,0.3586790108976326
127907,1,7,5,0.3586789934097332
127920,1,7,6,8.409973938253696
127933,1,7,10,5.548303558606282
127945,1,7,4,0.3586790108976326
127962,1,7,3,1.5920075416668493
127976,1,7,4,0.3586790108976326
127985,1,7,8,19.824802157388838
127987,1,7,2,11.121280069943813
127990,1,7,6,5.58787407873682
127992,1,7,9,23.09546140512637
128010,1,7,8,13.58382705625112
128011,1,7,10,4.262378022840987
128029,1,7,8,19.581478745073895
128039,1,7,2,9.398989343268699
128040,1,7,8,14.2884230796786
128042,1,7,4,0.3586790108976326
128046,1,7,3,1.7924056088586364
128075,1,7,9,26.08073358036206
128080,0,7,0,0.012360537890070224
128107,1,7,4,0.3586790108976326
128108,0,7,0,0.013349720791838014
128131,1,7,9,26.35594908653123
128155,1,7,9,3.8347092188588965
128163,1,7,8,10.717348471417612
128170,1,7,8,27.580325973836544
128203,1,7,8,12.959146612096553
128210,1,7,6,11.335212651275125
128215,1,7,6,19.452773956965352
128219,1,7,10,18.740145925441606
128228,1,7,10,3.773932658300679
128248,1,7,9,12.568329002840732
128273,1,7,8,28.304078365914872
128275,1,7,2,10.64895105994522
128277,1,7,8,24.49809702723194
128307,1,7,10,20.29150011400539
128316,1,7,6,15.546687527871956
128323,1,7,5,0.3586789934097332
128332,1,7,8,20.47518995450654
128339,1,7,8,18.721573020023328
128351,1,7,7,4.060080600185494
128353,1,7,6,8.087496623124352
128355,1,7,9,24.18475495465873
128357,1,7,8,15.7906804911904
128369,1,7,8,12.114936851707448
128371,1,7,5,0.3586789934097332
128391,1,7,6,11.948618180129907
128404,1,7,1,17.820901636321757
128424,1,7,6,10.126123744066023
128430,1,7,9,25.63074349401203
128439,1,7,9,11.938575541042399
128446,1,7,5,0.3586789949470627
128452,1,7,8,21.244475121850595
128474,1,7,4,0.3586790108976326
128493,1,7,8,22.142659786512894
128496,1,7,7,4.342971768932883
128513,1,7,9,18.909476192641353
128523,0,7,0,0.029929516771912384
128525,1,7,8,2.19141290753362
128550,1,7,9,19.314225348171203
128557,1,7,10,15.289021593991508
128575,1,7,10,11.100289692729401
128578,1,7,9,25.95367070088675
128581,1,7,4,0.3586790108976326
128603,1,7,5,0.3586789934097332
128630,1,7,1,14.172851570447426
128646,1,7,8,19.530562095020947
128660,1,7,10,5.052114049509364
128674,1,7,5,0.3586789934097332
128678,1,7,9,6.99733152796374
128685,1,7,4,0.3586790108976326
128701,1,7,8,25.78587824583941
128735,1,7,6,13.691052819959443
128744,1,7,5,0.3586789934097332
128746,1,7,5,0.3586789934097332
128748,1,7,5,0.3586789934097332
128753,1,7,5,0.3586789934097332
128803,1,7,7,4.3844890470494615
128809,1,7,10,5.083168676039648
128818,1,7,5,0.3586789934097332
128859,1,7,9,25.688560744124405
128865,0,7,0,0.23361191900182934
128879,1,7,8,17.71345625876265
128899,1,7,9,18.850994600365777
128900,1,7,9,25.14984728123014
128901,1,7,5,0.3586789934097332
128909,1,7,5,0.3586789934097332
128943,1,7,9,22.509053836876937
128944,1,7,4,0.3586790108976326
128945,1,7,10,21.258750636976693
128947,1,7,9,10.160545809260437
128948,1,7,9,16.029477098561294
128950,1,7,6,8.637113784894344
128960,1,7,6,19.90333788228803
128968,1,7,10,8.285435813657093
128970,1,7,8,15.77184630497914
128979,1,7,4,0.3586790108976326
128986,1,7,5,0.3586789934097332
128992,1,7,1,20.6350395310249
129000,1,7,1,16.403437665285004
129001,1,7,8,25.509488765639254
129019,1,7,4,0.3586790108976326
129061,1,7,8,15.775020197518456
129062,1,7,6,19.453293196203283
129064,0,7,0,0.017446481975072547
129105,1,7,3,1.6385235412662498
129108,1,7,9,26.188434592895163
129117,1,7,9,22.834373654327937
129119,1,7,10,19.114560912875636
129122,1,7,5,0.3586789934097332
129135,1,7,4,0.3586790108976326
129139,1,7,4,0.3586790108976326
129144,1,7,8,10.358606552267542
129145,1,7,6,21.085768740133815
129156,1,7,6,18.978160454214386
129162,1,7,1,16.892810987953236
129174,1,7,9,14.72826247470624
129192,1,7,9,24.49843147796518
129194,1,7,7,0.9355959657226705
129197,1,7,7,1.7613328573855267
129212,1,7,5,0.3586789934097332
129232,1,7,9,6.8780288764550574
129240,1,7,5,0.3586789934097332
129257,1,7,5,0.3586789934097332
129264,1,7,7,1.6920867720734263
129269,1,7,9,22.879053961161535
129276,1,7,6,11.552514354151551
129285,1,7,9,21.304158332219586
129287,1,7,8,25.697139989094833
129309,1,7,4,0.3586790108976326
129317,1,7,1,21.277869245561504
129324,1,7,10,9.851932589410001
129326,1,7,8,28.431196289350826
129340,1,7,4,0.3586790108976326
129345,1,7,4,0.3586790108976326
129355,1,7,5,0.3586789934097332
129373,1,7,6,23.02196370749364
129375,0,7,0,0.021414563709404612
129384,1,7,6,13.884618074928264
129398,1,7,8,7.417655427078738
129399,1,7,9,15.526953463494428
129409,1,7,9,13.594797309533881
129428,1,7,2,11.249590778100039
129446,1,7,1,22.090962325556152
129456,1,7,9,18.796944143228096
129467,0,7,0,0.012454306037839218
129469,1,7,8,21.556537714007984
129472,1,7,10,20.580853575609876
129476,0,7,0,0.013539434950477113
129479,1,7,10,2.9569134065060374
129490,1,7,6,7.804632551203121
129523,1,7,4,0.3586790108976326
129555,1,7,6,17.27936448201841
129556,1,7,8,9.436188567959485
129567,1,7,4,0.3586790108976326
129578,1,7,7,0.8168922199843431
129582,1,7,1,17.3577206433263
129592,1,7,8,22.582570676133297
129601,0,7,0,0.25172061483926816
129611,1,7,4,0.3586790108976326
129616,1,7,1,17.464755555890974
129631,0,7,0,0.012867562397088021
129643,1,7,3,2.13128861475916
129645,1,7,5,0.3586789934097332
129657,1,7,1,16.602621120216163
129664,1,7,5,0.3586789934097332
129669,1,7,9,19.094987989877552
129692,1,7,3,2.1769496289666237
129697,1,7,5,0.3586789934097332
129707,1,7,2,11.566472057130435
129709,1,7,6,5.878970296763581
129711,1,7,6,23.179023987595468
129742,1,7,8,11.384704489877782
129762,1,7,8,5.405309412764856
129775,1,7,4,0.3586790108976326
129778,1,7,4,0.3586790108976326
129805,1,7,4,0.3586790108976326
129844,1,7,4,0.3586790108976326
129849,1,7,1,13.821427111701178
129858,1,7,10,10.126871963250416
129868,1,7,10,17.414178439667324
129875,1,7,8,12.365269105066952
129883,1,7,9,11.274142873500082
129889,1,7,6,14.63548774703179
129920,1,7,1,8.772586646260311
129953,1,7,8,7.578659809238794
129955,1,7,9,21.193180891854823
129968,1,7,5,0.3586789934097332
129969,1,7,4,0.3586790108976326
129979,1,7,7,1.5347240033773564
129990,1,7,5,0.3586789934097332
130007,1,7,4,0.3586790108976326
130019,1,7,8,11.68470021206442
130021,1,7,7,1.3395196514880696
130022,1,7,8,21.227309971309918
130030,1,7,6,9.202131983581952
130034,1,7,5,0.3586789934097332
130037,1,7,8,13.350765153035292
130042,1,7,4,0.3586790108976326
130054,1,7,8,10.977991768601404
130055,1,7,6,23.293807765044097
130058,1,7,6,12.991118401404377
130059,1,7,10,15.944085994265164
130070,1,7,6,15.08541197904315
130094,1,7,8,23.954872441349355
130109,1,7,6,21.61247406682078
130128,1,7,10,5.060371462775238
130136,1,7,9,14.568152072124517
130142,1,7,9,6.574840176900492
130157,1,7,9,20.873957244914624
130161,1,7,9,17.590418643958767
130176,1,7,5,0.3586789949470627
130190,1,7,9,10.722911506750359
130194,1,7,10,14.458058203609681
130206,1,7,1,8.230960575296391
130227,1,7,1,12.976998302153913
130231,1,7,5,0.3586789934097332
130232,1,7,8,3.2425178015215064
130237,1,7,10,6.998789465056054
130250,1,7,1,16.011073642439243
130260,1,7,10,11.376713046643175
130271,1,7,10,10.87683742524912
130276,1,7,4,0.3586790108976326
130285,1,7,2,13.717134813566801
130311,1,7,8,13.82180930467295
130317,1,7,8,25.472827780774928
130327,1,7,10,19.415221918172456
130328,1,7,5,0.3586789934097332
130337,1,7,1,6.068380732626121
130347,1,7,10,19.98045439977746
130353,1,7,4,0.3586790108976326
130357,1,7,4,0.3586790108976326
130377,1,7,8,26.75256673062089
130383,1,7,2,11.094373056625644
130396,1,7,8,6.987619634123159
130398,1,7,6,18.494074660753643
130404,1,7,2,13.110155138941382
130409,1,7,5,0.3586789934097332
130415,1,7,7,3.782706057643779
130420,1,7,6,19.056442167060915
130457,1,7,9,16.04697614423489
130464,1,7,9,17.600576165357918
130474,1,7,9,15.628965292971062
130478,1,7,6,16.86673428441854
130498,1,7,2,4.699434396993183
130516,1,7,8,19.118613927168198
130517,1,7,7,2.2638421867351375
130531,1,7,1,16.225295820049467
130541,1,7,9,12.337988055966676
130561,0,7,0,0.023005228938352582
130582,1,7,7,2.0838197311589215
130598,1,7,9,13.516347916896684
130620,1,7,5,0.3586789934097332
130629,1,7,6,19.87970648815144
130650,1,7,4,0.3586790108976326
130657,1,7,7,4.191009302378367
130667,1,7,8,20.587361298226416
130668,1,7,8,16.252133039325525
130669,1,7,8,7.767403572786267
130697,1,7,1,17.89619254110678
130713,1,7,1,22.476801122514594
130714,1,7,5,0.3586789934097332
130734,1,7,6,11.019292695156738
130758,1,7,10,18.45714276524184
130760,1,7,5,0.3586789934097332
130762,1,7,4,0.3586790108976326
130777,1,7,9,26.341086857054993
130778,1,7,8,15.105704043233573
130779,1,7,5,0.3586789934097332
130787,1,7,2,5.220845637711821
130791,1,7,8,4.160228100862287
130803,1,7,8,24.59083171720222
130806,1,7,9,14.312223388504322
130811,1,7,9,15.17899054186188
130813,1,7,7,1.352880689593537
130825,1,7,10,15.951195169781766
130827,1,7,7,4.5683023636964455
130828,1,7,9,25.602713409439694
130837,1,7,8,19.010012124558177
130838,1,7,8,7.968379545711841
130839,1,7,6,10.964831390717269
130844,1,7,10,9.58021516721159
130852,1,7,8,27.952486230060703
130857,1,7,9,13.54016664000156
130874,1,7,5,0.3586789934097332
130875,0,7,0,0.025934334595149933
130883,1,7,9,16.13851834292053
130885,1,7,5,0.3586789934097332
130888,1,7,7,2.0528741262384025
130892,1,7,9,23.86630127335582
130900,1,7,10,8.337166264992327
130907,1,7,6,13.702603832646245
130913,1,7,8,11.812933907777493
130917,1,7,5,0.3586789934097332
130922,1,7,6,20.81272544953936
130942,1,7,6,8.451218139064105
130945,1,7,8,24.236299178496413
130954,1,7,6,17.366381829664487
130957,1,7,5,0.3586789934097332
130963,1,7,4,0.3586790108976326
130964,1,7,5,0.3586789934097332
130966,1,7,3,1.5142510990425049
130967,1,7,5,0.3586789934097332
130981,1,7,5,0.3586789934097332
130999,1,7,6,14.69122473358107
131011,1,7,8,13.526465272621984
131016,1,7,5,0.3586789949470627
131026,1,7,9,4.81668501447589
131048,1,7,8,23.17812417309567
131059,1,7,6,21.320109913403176
131066,1,7,8,13.222105648001264
131084,1,7,8,9.847154075068845
131095,1,7,6,20.280632120848278
131106,1,7,4,0.3586790108976326
131124,1,7,2,7.225135864445322
131142,1,7,10,12.384966174477913
131148,1,7,10,21.320249363184242
131154,1,7,4,0.3586790108976326
131160,1,7,5,0.3586789934097332
131167,1,7,4,0.3586790108976326
131168,1,7,6,17.651950311684608
131172,1,7,10,8.778658405766121
131176,1,7,5,0.3586789934097332
131212,1,7,9,24.37767872738117
131224,1,7,9,23.118010377817612
131227,1,7,10,20.994806766008054
131245,0,7,0,0.017496754213910292
131260,1,7,8,4.831908778574479
131270,1,7,8,13.573521698209673
131273,1,7,8,5.804435336110046
131278,1,7,9,10.904860791908357
131279,1,7,8,9.782635151826211
131284,1,7,6,7.057363416730015
131290,1,7,5,0.3586789934097332
131293,1,7,8,19.463845939040645
131315,1,7,8,20.603850331119826
131323,1,7,5,0.3586789934097332
131348,1,7,6,6.789834883754836
131356,1,7,9,23.536435924263245
131360,1,7,5,0.3586789949470627
131361,1,7,1,20.953097375063365
131384,1,7,6,22.192221074135965
131402,1,7,5,0.3586789934097332
131416,1,7,8,10.366717602272603
131448,1,7,10,20.14658027857987
131460,1,7,8,18.325030662127503
131466,1,7,10,12.38632396173986
131473,1,7,4,0.3586790108976326
131483,1,7,3,1.7862177555677117
131485,1,7,8,10.977612860492208
131501,1,7,1,17.197374486141406
131538,1,7,9,16.57594783642507
131540,1,7,6,9.423318857207374
131558,0,7,0,0.30861225719350355
131593,1,7,9,22.530206653472725
131602,1,7,5,0.3586789934097332
131603,1,7,7,3.8127830734982706
131604,0,7,0,0.014742759740318502
131630,1,7,8,3.572513106357173
131634,1,7,7,2.538947491008762
131645,1,7,4,0.3586790108976326
131649,1,7,7,0.4459120061742301
131650,1,7,9,25.949813346969442
131664,1,7,6,13.028866973820335
131681,1,7,5,0.3586789934097332
131683,1,7,8,25.83183241793337
131688,1,7,10,10.737882670573908
131692,1,7,1,13.456342136055248
131696,1,7,8,16.97234269771274
131702,1,7,1,16.751998603028014
131714,1,7,4,0.358679009087165
131725,0,7,0,0.013495956447749107
131733,0,7,0,0.019098980855673128
131750,1,7,6,12.297734801803209
131755,1,7,8,16.36351434225665
131766,1,7,4,0.3586790108976326
131778,1,7,8,8.895972777270973
131782,1,7,5,0.3586789934097332
131790,1,7,8,8.15673325261731
131794,1,7,8,21.40159289377808
131819,0,7,0,0.023571348272006125
131820,1,7,9,16.67091658868286
131847,1,7,10,17.83121133946196
131859,1,7,4,0.3586790108976326
131860,1,7,8,20.551835914189848
131865,0,7,0,0.01582809744269591
131878,1,7,8,26.15636913905946
131894,1,7,6,22.123338554620286
131910,1,7,5,0.3586789934097332
131937,1,7,6,7.098242345315132
131942,1,7,9,9.755244072430402
131952,1,7,2,13.358628515726807
131958,1,7,8,25.561130746576975
131960,1,7,5,0.3586789934097332
131963,1,7,8,16.562712376710067
131969,1,7,4,0.3586790108976326
131983,1,7,6,10.949175896521057
131987,0,7,0,0.03966890633552149
131994,1,7,6,22.030092244303315
132003,1,7,10,21.28389420090149
132022,0,7,0,0.034471536044797677
132045,1,7,8,8.944220183223734
132057,1,7,8,15.741611623051243
132065,1,7,8,3.344978808832929
132067,1,7,4,0.3586790108976326
132071,1,7,6,13.939149229862824
132075,1,7,5,0.3586789934097332
132080,1,7,1,20.605045999228192
132091,1,7,9,11.339080726918006
132114,1,7,6,5.562870220295594
132125,1,7,6,5.631976993912626
132133,1,7,10,15.22035122016444
132136,1,7,10,10.73657780094875
132139,1,7,4,0.3586790108976326
132154,1,7,8,19.169443886846025
132170,1,7,10,21.245202243927352
132171,1,7,6,21.616233834660484
132192,1,7,10,15.441318929249695
132208,1,7,6,23.63243245885058
132210,1,7,4,0.3586790108976326
132211,1,7,8,8.648066485997823
132219,1,7,9,26.213342483512896
132230,1,7,8,27.321476131952057
132243,1,7,5,0.3586789934097332
132247,1,7,2,9.862024901929795
132248,1,7,8,20.035141786482995
132250,1,7,8,4.221449574053264
132251,1,7,1,11.158027597506559
132257,1,7,3,2.1873881222030325
132258,1,7,10,19.380405872865975
132260,1,7,1,7.870417784820722
132264,1,7,4,0.3586790108976326
132269,1,7,6,23.38833832619253
132291,1,7,6,14.783389785869598
132302,1,7,9,17.85239281471462
132349,1,7,4,0.358679009087165
132368,1,7,6,20.76628776465363
132372,1,7,7,2.7149988770605185
132384,1,7,5,0.3586789934097332
132385,1,7,8,7.870827511081139
132389,1,7,8,14.975797664321474
132402,1,7,1,18.701792097751824
132411,0,7,0,0.12126646821591833
132418,1,7,4,0.3586790108976326
132429,1,7,2,8.065334371221377
132439,0,7,0,0.01844813603905114
132460,1,7,7,2.1311579599772363
132463,1,7,4,0.3586790108976326
132464,1,7,4,0.3586790108976326
132482,1,7,9,17.11720475050996
132497,1,7,6,11.154483749654736
132500,1,7,4,0.3586790108976326
132503,1,7,6,18.60343734828642
132543,0,7,0,0.015447547810277176
132550,1,7,5,0.3586789934097332
132571,1,7,8,11.535339085397245
132573,1,7,9,24.24948870914586
132574,1,7,6,8.77288501337154
132589,1,7,5,0.3586789934097332
132604,1,7,4,0.3586790108976326
132611,1,7,8,22.867892680890492
132612,1,7,9,16.02394417419683
132619,1,7,8,13.526685526720934
132632,1,7,6,21.61146110132539
132639,1,7,9,26.168029014889687
132645,1,7,8,6.58753267846406
132650,1,7,10,15.080333843628319
132660,1,7,6,23.164053807945532
132674,1,7,8,7.965508404302585
132693,1,7,7,2.2536978778233774
132700,1,7,10,16.30392433825044
132701,1,7,4,0.3586790108976326
132702,1,7,6,21.99773970412183
132703,1,7,6,19.23338900571081
132710,1,7,6,16.392374442372702
132715,1,7,1,10.090085865990496
132718,1,7,6,10.737682018504062
132723,1,7,3,2.106514977941025
132727,1,7,9,16.702244239053663
132738,1,7,8,16.784196832304172
132740,1,7,9,12.544455129302943
132744,1,7,6,18.16330561570347
132747,1,7,4,0.3586790108976326
132749,1,7,6,14.793875153999293
132750,1,7,8,8.501970661585519
132751,1,7,3,2.4221581805884598
132759,1,7,10,13.730448375654575
132769,1,7,9,11.013387896287826
132771,1,7,9,15.053267924735419
132807,1,7,8,8.420824918618667
132812,1,7,5,0.3586789934097332
132827,1,7,4,0.3586790108976326
132833,1,7,6,23.96555448134054
132846,1,7,5,0.3586789934097332
132871,1,7,6,8.950384939724383
132876,1,7,8,11.218166195343816
132877,0,7,0,0.03220378532395275
132878,1,7,5,0.3586789934097332
132881,1,7,4,0.358679009087165
132927,0,7,0,0.02348689071315904
132944,1,7,9,24.866451031138748
132945,1,7,9,3.2145238453645955
132964,1,7,6,16.847751593824565
132966,1,7,10,11.23559872553297
132982,1,7,3,2.380316046507866
133002,1,7,7,4.620044371523951
133019,1,7,10,11.3845263460873
133071,1,7,8,13.962179327634585
133085,1,7,10,4.235726715273564
133087,1,7,10,8.888533350824767
133104,0,7,0,0.016929115863090077
133110,1,7,5,0.3586789934097332
133111,1,7,8,26.03929601990317
133117,1,7,4,0.3586790108976326
133119,1,7,3,2.2931837926907583
133130,1,7,1,21.312775248856347
133131,1,7,9,20.77479977008995
133144,1,7,10,10.204001684889805
133145,1,7,9,24.032927055582253
133154,1,7,10,14.091195953149258
133158,1,7,5,0.3586789934097332
133171,1,7,5,0.3586789934097332
133173,1,7,10,19.292648362188256
133180,1,7,1,17.824769524527696
133193,0,7,0,0.014164185991871933
133222,1,7,8,26.39533389459478
133228,1,7,6,15.394940430502997
133230,1,7,5,0.3586789934097332
133249,1,7,1,6.230528797804583
133275,1,7,5,0.3586789934097332
133277,1,7,8,12.37575422979669
133279,1,7,9,10.415172474826118
133283,1,7,5,0.3586789934097332
133291,0,7,0,0.016298412047069732
133297,1,7,9,5.184357512058093
133317,1,7,5,0.3586789934097332
133319,1,7,8,14.9088447314449
133321,1,7,5,0.3586789934097332
133336,1,7,6,19.800559278469787
133351,1,7,2,7.299247908343685
133365,0,7,0,0.014184546088929195
133382,1,7,9,25.267954528881166
133384,1,7,6,10.737597981017583
133386,1,7,9,18.218652108583097
133409,1,7,9,2.398201536735909
133412,1,7,5,0.3586789934097332
133418,1,7,9,16.278144430072366
133424,1,7,9,26.372209431838197
133429,1,7,6,16.835055356379108
133430,1,7,8,2.835590976671198
133437,1,7,5,0.3586789934097332
133438,1,7,9,24.14190388412027
133451,0,7,0,0.02669907874858575
133462,1,7,1,16.484071987871936
133471,1,7,8,25.38869581888247
133488,1,7,8,8.62519785518456
133506,1,7,4,0.3586790108976326
133516,1,7,8,11.494267677599272
133541,1,7,6,18.189591394923582
133543,1,7,9,26.30188346299657
133563,1,7,4,0.3586790108976326
133578,1,7,8,22.00356975624694
133585,1,7,5,0.3586789949470627
133586,1,7,9,24.403103464264415
133608,1,7,8,12.291966481860145
133611,1,7,10,19.272322747503353
133629,1,7,5,0.3586789934097332
133633,1,7,6,5.410893135465624
133636,1,7,4,0.3586790108976326
133648,1,7,4,0.3586790108976326
133656,0,7,0,0.040170018028363494
133669,1,7,5,0.3586789934097332
133680,1,7,5,0.3586789934097332
133688,1,7,4,0.3586790108976326
133690,1,7,4,0.3586790108976326
133719,1,7,5,0.3586789934097332
133739,1,7,9,20.502392508392315
133740,1,7,5,0.3586789934097332
133742,1,7,6,23.979667843225112
133750,1,7,10,11.451669760769681
133773,1,7,8,27.648988325200577
133788,1,7,4,0.3586790108976326
133806,1,7,1,22.446247841341545
133816,1,7,5,0.3586789934097332
133822,1,7,9,22.08104096056958
133847,1,7,4,0.3586790108976326
133851,1,7,8,14.013892682902952
133860,1,7,5,0.3586789934097332
133866,1,7,4,0.3586790108976326
133870,1,7,7,3.99894960033308
133912,1,7,9,26.223670509318225
133924,1,7,7,2.523752548879579
133931,1,7,9,10.474442483420052
133934,1,7,10,17.125891477065377
133948,1,7,5,0.3586789949470627
133951,1,7,6,13.74722689832391
133952,1,7,6,4.53188328851529
133953,1,7,2,3.2764647064488837
133983,1,7,1,20.762076218397855
133990,1,7,9,12.061851480226498
133993,1,7,6,15.859172922388563
134000,1,7,8,28.176558069323836
134003,1,7,6,23.438340449815033
134021,1,7,9,24.415606683121982
134024,1,7,2,1.5756195865046962
134025,1,7,1,13.022305513365753
134046,0,7,0,0.019940185072460377
134048,1,7,3,0.9802949784611387
134068,1,7,2,5.502321564874095
134071,1,7,2,12.178610205805583
134072,1,7,10,14.55637496892828
134087,1,7,5,0.3586789934097332
134102,1,7,10,21.257455969097517
134108,1,7,5,0.3586789934097332
134110,1,7,4,0.3586790108976326
134136,1,7,5,0.3586789934097332
134141,1,7,8,5.9664230744666495
134144,1,7,9,14.137916582327048
134147,1,7,9,15.389624564085777
134166,1,7,5,0.3586789934097332
134171,1,7,10,13.033243699747086
134187,1,7,10,15.328070413610629
134208,1,7,9,24.449388331533424
134214,1,7,8,17.29409718533926
134220,1,7,9,15.586478986026115
134230,1,7,8,20.157108343765866
134271,1,7,4,0.358679009087165
134274,1,7,10,12.904560528872384
134278,1,7,10,11.509127486977397
134281,1,7,8,23.933338929800755
134282,1,7,5,0.3586789934097332
134306,1,7,4,0.3586790108976326
134330,1,7,4,0.3586790108976326
134335,1,7,8,7.5756390604363
134350,1,7,6,9.065086214957374
134351,1,7,9,17.438860887755318
134356,1,7,4,0.3586790108976326
134373,1,7,6,18.350891777905378
134391,1,7,9,15.84291191183977
134394,1,7,7,2.5596818588361177
134413,1,7,9,6.868704560166298
134415,1,7,10,7.794182659334121
134416,0,7,0,0.015423123486151387
134418,1,7,9,3.826365986557419
134422,1,7,8,25.768543740821723
134423,1,7,4,0.3586790108976326
134439,0,7,0,0.027799973086456795
134458,1,7,9,26.186344552867002
134464,1,7,9,26.091461632891345
134466,1,7,5,0.3586789934097332
134468,1,7,8,18.68186575793821
134477,1,7,9,21.701278045194783
134493,1,7,1,11.694443721619166
134496,1,7,4,0.3586790108976326
134515,1,7,9,11.064266504342745
134518,1,7,8,15.48151371781533
134527,0,7,0,0.25806545246372586
134533,1,7,8,14.259809772288317
134570,1,7,4,0.358679009087165
134577,1,7,5,0.3586789949470627
134607,1,7,6,20.273297112244656
134611,1,7,8,2.3585223014566266
134624,1,7,6,7.191382203349365
134626,1,7,9,22.684005006374576
134627,1,7,7,1.0782369667919585
134636,1,7,4,0.3586790108976326
134657,1,7,2,12.196035069727591
134670,1,7,1,6.406021087612736
134687,1,7,8,21.493500016417222
134704,1,7,9,25.53619908683604
134707,1,7,3,2.2052309262746097
134709,1,7,1,20.998189298223657
134712,1,7,4,0.3586790108976326
134713,1,7,5,0.3586789934097332
134727,1,7,6,22.206527505042295
134740,0,7,0,0.012839179059221207
134742,1,7,9,7.127707381660282
134766,1,7,10,7.1807156147931845
134800,1,7,8,18.81389374172655
134817,1,7,2,8.279892333006487
134832,1,7,6,17.74448637501555
134836,1,7,6,23.189279982568326
134842,1,7,9,11.715863328984458
134844,1,7,6,21.428186984682007
134847,1,7,1,20.467791719515166
134852,1,7,6,13.760235720538699
134859,1,7,3,2.261357747641399
134861,1,7,9,15.027486494968405
134868,1,7,7,3.2214989686389526
134884,1,7,6,20.21928907151068
134919,1,7,8,6.6018543505338165
134927,1,7,9,7.822910497089532
134932,1,7,5,0.3586789934097332
134947,1,7,4,0.3586790108976326
134969,1,7,10,17.90312013108755
134972,1,7,8,6.560066995962448
134975,1,7,9,14.269269880430032
134981,1,7,4,0.3586790108976326
134992,1,7,1,6.081331802387005
135009,1,7,4,0.3586790108976326
135032,1,7,3,1.5484264451565708
135040,1,7,2,10.621505839847215
135051,1,7,5,0.3586789934097332
135052,1,7,6,13.651011131736913
135059,0,7,0,0.01464963940694941
135073,1,7,6,17.760604242582858
135087,1,7,5,0.3586789934097332
135092,1,7,6,4.725170193725449
135137,1,7,6,9.414316831381594
135144,1,7,4,0.3586790108976326
135146,1,7,6,11.620480696450063
135160,1,7,5,0.3586789934097332
135205,1,7,8,15.488995876091028
135217,1,7,7,3.1689173201985215
135229,1,7,8,13.765048551763263
135245,1,7,4,0.3586790108976326
135263,1,7,10,21.24582096358742
135280,1,7,4,0.3586790108976326
135301,1,7,2,11.946951058212957
135316,1,7,10,7.07341705467114
135319,1,7,6,14.494874487876276
135323,1,7,9,14.29207712083198
135332,1,7,8,9.819159591109381
135337,1,7,4,0.358679009087165
135347,1,7,3,2.050527389950883
135348,1,7,6,8.269419986457864
135352,0,7,0,0.026519961177076824
135355,1,7,7,0.41504190554098846
135386,1,7,9,26.067511793099396
135400,1,7,4,0.3586790108976326
135413,1,7,10,13.058223577059989
135421,1,7,6,11.864349491777913
135427,0,7,0,0.014474976604790826
135429,1,7,6,22.65709951168953
135439,0,7,0,0.013877303105837182
135441,1,7,9,14.627111839543165
135444,1,7,6,12.374443112415232
135449,1,7,1,23.2312690344889
135455,1,7,9,22.496597521142387
135468,1,7,10,14.246733485360766
135475,1,7,4,0.3586790108976326
135479,1,7,9,11.81883590268686
135481,1,7,6,20.871501756603816
135503,1,7,5,0.3586789934097332
135509,1,7,9,20.230012375271922
135510,1,7,8,24.666806679840764
135528,1,7,6,7.148428036027325
135530,1,7,10,7.504501453786713
135535,1,7,9,23.296378394010684
135545,1,7,9,19.434739085182308
135552,1,7,6,18.249085210709964
135580,1,7,8,13.035552154160527
135583,1,7,9,22.901503175422217
135590,1,7,7,3.4987785749361606
135614,1,7,10,3.5234531231029007
135630,1,7,1,11.039891376994284
135651,1,7,5,0.3586789934097332
135662,1,7,8,8.83736594655589
135663,1,7,6,6.540434247915725
135672,1,7,6,16.99872837978429
135679,1,7,10,10.481657710028472
135686,1,7,6,5.133306775221194
135691,1,7,8,19.505930189021026
135692,1,7,10,7.343585147212446
135703,1,7,6,20.811217252908722
135714,1,7,6,8.482048726329536
135717,1,7,6,16.736288577001673
135720,1,7,3,2.3073813715230167
135727,1,7,9,25.719657495411244
135728,1,7,3,1.021934088122444
135744,1,7,7,0.4326652891854766
135753,1,7,9,25.72227615836416
135754,1,7,2,9.22002458952816
135760,1,7,6,5.926343918391195
135761,1,7,6,21.92760882205601
135775,1,7,5,0.3586789934097332
135776,1,7,4,0.3586790108976326
135785,1,7,5,0.3586789934097332
135795,1,7,10,6.996144682957156
135807,1,7,6,12.67692245176797
135825,1,7,7,4.318871021477784
135827,1,7,5,0.3586789934097332
135848,1,7,6,18.19413694097659
135874,1,7,6,12.327265562660894
135897,1,7,5,0.3586789934097332
135899,1,7,5,0.3586789934097332
135917,1,7,8,16.263276025113345
135952,1,7,6,21.816516935999534
135959,1,7,3,2.2581531667268777
135966,1,7,9,14.869047589189876
135977,1,7,10,8.146687878837497
135988,1,7,9,26.415184121254985
135990,1,7,6,20.03276807358797
135993,1,7,3,2.2396790446511328
135999,1,7,10,7.1654123324775885
136000,1,7,10,13.957054586989175
136016,1,7,3,2.3353939590570305
136054,1,7,8,16.020116974376876
136074,1,7,2,5.183374157479406
136103,1,7,9,18.595650809587287
136107,1,7,8,10.42216440192631
136108,1,7,1,12.240380024697485
136113,1,7,5,0.3586789934097332
136114,1,7,1,5.940603514487237
136131,1,7,9,17.44776630684178
136157,1,7,4,0.3586790108976326
136159,1,7,8,27.13372377463053
136161,1,7,1,10.95206158230436
136166,1,7,4,0.3586790108976326
136172,1,7,8,18.738449786152316
136173,1,7,1,23.209646184923773
136178,1,7,6,21.69264795581808
136218,1,7,9,20.932171629975095
136232,0,7,0,0.015510872124395851
136243,1,7,8,25.930881971633866
136244,1,7,7,4.0463155478795
136256,1,7,4,0.1576604344591895
136261,1,7,1,14.47401951253482
136274,1,7,5,0.3586789949470627
136277,1,7,9,14.455747218361104
136284,1,7,6,21.884422483276367
136312,1,7,5,0.3586789934097332
136344,1,7,4,0.3586790108976326
136369,1,7,5,0.3586789934097332
136371,1,7,10,12.208575359290835
136377,1,7,8,13.280467015441191
136394,1,7,1,15.921749647053977
136400,1,7,10,5.386695919402037
136422,1,7,6,23.558961415595785
136436,1,7,9,12.303160783924385
136462,1,7,4,0.3586790108976326
136472,1,7,1,5.930670335163245
136488,1,7,7,2.1283198248900876
136497,1,7,9,16.376770146148317
136499,1,7,6,9.020339230948299
136520,1,7,10,17.27626385153172
136536,1,7,5,0.3586789934097332
136541,0,7,0,0.016619270533154196
136546,1,7,4,0.3586790108976326
136563,1,7,8,4.055194838920204
136572,1,7,2,11.371796598139333
136577,1,7,9,14.488489956934743
136589,1,7,9,13.090446010445747
136594,1,7,5,0.3586789934097332
136596,1,7,4,0.3586790108976326
136609,0,7,0,0.027716487439724734
136621,1,7,4,0.3586790108976326
136625,1,7,9,23.28921958895257
136632,1,7,9,23.203240015843384
136634,1,7,9,13.739586411113116
136635,1,7,5,0.3586789949470627
136636,1,7,6,16.78103925790906
136641,1,7,8,18.006653434601898
136670,1,7,1,21.15050598728679
136673,1,7,8,3.0028812239891463
136693,1,7,5,0.3586789934097332
136700,1,7,5,0.3586789934097332
136706,1,7,7,1.9343802679748698
136716,0,7,0,0.1260180589193788
136717,1,7,5,0.3586789934097332
136724,1,7,8,12.197476978638111
136734,1,7,5,0.3586789934097332
136735,1,7,6,17.58508282758
136753,1,7,8,17.467591180207123
136762,1,7,2,13.93171972898761
136793,1,7,10,9.444428493513886
136799,1,7,7,1.4581250310167715
136804,1,7,8,13.992655400453783
136805,1,7,6,14.001794864901518
136810,1,7,6,13.27954082745171
136820,1,7,8,14.42386107935819
136829,1,7,9,5.738463377461311
136831,1,7,5,0.3586789934097332
136839,1,7,10,4.019417105990739
136845,1,7,6,23.710794520006026
136853,1,7,4,0.3586790108976326
136866,1,7,6,23.75141368762023
136867,1,7,1,5.350069572027391
136883,1,7,8,8.534332810562487
136906,1,7,5,0.3586789934097332
136913,1,7,8,13.712234870533358
136916,1,7,5,0.3586789934097332
136928,1,7,3,2.215063575264482
136936,1,7,1,9.905343064962258
136939,1,7,8,19.204506545921085
136984,1,7,7,2.5127229528572244
136986,1,7,9,26.368161826886183
137004,1,7,6,22.645486796042064
137010,1,7,5,0.3586789934097332
137011,1,7,9,23.71159194498858
137019,1,7,8,12.810214244022168
137025,1,7,9,14.59824262363543
137030,1,7,6,4.219861653786542
137031,1,7,9,24.010784822382544
137049,1,7,4,0.3586790108976326
137050,1,7,4,0.3586790108976326
137053,1,7,8,23.121012743489807
137075,1,7,8,17.07395021839247
137107,1,7,5,0.3586789934097332
137116,1,7,4,0.3586790108976326
137128,1,7,7,2.650137549118319
137217,1,7,6,14.563093400462135
137247,1,7,10,6.40067095274358
137256,1,7,5,0.3586789934097332
137262,1,7,4,0.3586790108976326
137272,1,7,6,16.829669540595887
137321,1,7,5,0.3586789934097332
137336,1,7,5,0.3586789934097332
137337,1,7,9,9.220048595674124
137349,0,7,0,0.19594075267205877
137353,1,7,9,8.901224941162296
137354,1,7,9,15.301210841541552
137358,1,7,10,8.932504471990823
137369,1,7,1,4.676701212418269
137373,1,7,7,1.7735653864441994
137374,1,7,6,14.94544674775093
137389,1,7,8,20.265761155895206
137403,1,7,8,16.267666771108708
137421,1,7,1,14.588132229363271
137425,1,7,8,13.899461589637344
137433,1,7,5,0.3586789934097332
137434,1,7,2,10.866617230566877
137440,0,7,0,0.02001859022894463
137441,1,7,4,0.3586790108976326
137459,1,7,4,0.3586790108976326
137463,1,7,5,0.3586789934097332
137465,0,7,0,0.23505962298112873
137476,1,7,5,0.3586789934097332
137478,1,7,10,20.811783711122988
137479,1,7,9,7.763854092984912
137496,1,7,9,11.473884635400431
137505,1,7,9,13.580308620463402
137509,0,7,0,0.027724239758903448
137523,1,7,8,25.736254327348544
137570,1,7,9,24.753631852693893
137571,1,7,4,0.3586790108976326
137593,1,7,1,3.991991067583469
137612,1,7,5,0.3586789934097332
137615,1,7,5,0.3586789934097332
137626,1,7,6,17.752153143352587
137631,1,7,6,5.283322425699979
137649,1,7,9,5.080632531904056
137653,1,7,9,20.466784088188582
137675,1,7,5,0.3586789934097332
137707,1,7,4,0.3586790108976326
137718,1,7,9,23.117639662387077
137744,0,7,0,0.012934853730912682
137749,1,7,10,14.149949072034936
137752,1,7,9,2.84483841907166
137753,1,7,6,23.1067644095323
137781,1,7,9,14.8990826860152
137786,1,7,6,23.476435952267284
137825,1,7,6,6.808678390818747
137828,1,7,8,14.7975625440054
137835,1,7,8,21.341538934107128
137838,1,7,7,4.346393735518714
137845,1,7,6,21.407985743294827
137847,1,7,4,0.3586790108976326
137868,1,7,5,0.3586789934097332
137879,1,7,6,16.3404375320053
137880,1,7,5,0.3586789934097332
137884,1,7,6,13.72934941760074
137897,1,7,6,14.936856777197432
137898,1,7,6,23.399678678160566
137901,1,7,10,9.303180283731141
137904,1,7,6,21.037545654119285
137909,1,7,9,14.166074587264436
137913,1,7,5,0.3586789934097332
137916,1,7,9,15.209078407124059
137925,1,7,10,3.2370103915036643
137930,1,7,9,15.103186069908228
137961,1,7,7,4.588057443734733
137965,1,7,10,15.397289564866789
137968,1,7,9,15.332653185215937
137975,1,7,5,0.3586789934097332
137976,1,7,6,14.515231347842484
137981,1,7,9,19.444871792115727
137983,1,7,9,12.96420145810781
137990,1,7,9,9.36382094675568
138002,1,7,6,13.815865972310723
138006,1,7,7,4.369069174650058
138007,1,7,6,17.945125328617152
138014,1,7,3,1.4301168427521462
138027,1,7,6,18.95990914603445
138047,1,7,4,0.3586790108976326
138053,1,7,7,1.8834751539628813
138068,1,7,9,25.266859389393566
138069,1,7,4,0.3586790108976326
138070,1,7,10,5.38672068101558
138072,1,7,6,10.063326220721176
138121,1,7,8,25.764480626293473
138129,1,7,6,6.961562952728096
138134,1,7,2,11.094949107343796
138137,1,7,2,9.146200214185287
138141,0,7,0,0.013292245895323525
138147,1,7,10,3.470673804761307
138157,1,7,9,7.026857609587889
138168,1,7,2,10.144110502729385
138171,1,7,5,0.3586789934097332
138181,1,7,4,0.3586790108976326
138185,1,7,1,18.57096136488743
138194,1,7,6,17.979564667586338
138213,1,7,5,0.3586789934097332
138219,1,7,9,25.67171003861481
138236,1,7,6,19.307640060982067
138256,1,7,9,6.9635805391351555
138286,1,7,5,0.3586789934097332
138294,1,7,8,24.887887699634486
138304,1,7,8,7.553254569044462
138307,1,7,4,0.3586790108976326
138316,1,7,5,0.3586789949470627
138324,1,7,8,9.948343195419998
138363,1,7,9,17.289137165143007
138375,1,7,8,3.9750480540319617
138385,1,7,4,0.3586790108976326
138386,1,7,6,18.23832928323458
138390,1,7,8,5.403036598846072
138398,1,7,9,21.980959921411433
138402,1,7,6,20.591183823922098
138403,1,7,9,25.52820366449366
138409,1,7,10,14.498291623697778
138430,1,7,2,8.936863699173623
138434,1,7,4,0.3586790108976326
138441,1,7,6,12.92471506538078
138442,0,7,0,0.19866313954185674
138456,1,7,9,24.65527482223699
138469,1,7,9,23.575076891280066
138475,1,7,9,25.551235309553995
138478,1,7,8,23.950944403088517
138483,1,7,4,0.3586790108976326
138484,1,7,6,23.286088070111642
138485,1,7,1,22.933430364868176
138515,1,7,1,15.014607692075225
138534,1,7,4,0.3586790108976326
138541,1,7,7,3.1212402324080637
138545,1,7,5,0.3586789934097332
138552,1,7,2,4.181917242264773
138638,1,7,1,5.328151433173595
138648,1,7,10,19.716320426038703
138672,1,7,10,11.703181271301391
138680,1,7,5,0.3586789934097332
138686,1,7,5,0.3586789934097332
138691,1,7,6,12.576223686736553
138697,1,7,10,5.282607264366749
138703,1,7,6,12.40071060867594
138705,1,7,1,19.65203474565277
138715,1,7,10,20.856479337060215
138720,1,7,7,1.6727125463366475
138726,1,7,8,14.465459949089459
138739,1,7,8,16.322903151195792
138751,1,7,4,0.3586790108976326
138756,1,7,6,23.992501650440758
138775,1,7,5,0.3586789934097332
138788,1,7,5,0.3586789934097332
138799,1,7,9,21.96558033354025
138802,1,7,6,14.971011650076157
138815,1,7,6,15.005781430108094
138827,1,7,9,10.11852017961668
138831,1,7,7,3.7793299146613224
138832,1,7,6,14.09140312211633
138833,1,7,5,0.3586789934097332
138835,1,7,9,23.34536578125368
138841,1,7,9,26.18837977931136
138847,1,7,4,0.3586790108976326
138851,1,7,10,14.15914339626371
138854,1,7,9,19.916754473195628
138876,1,7,8,7.024957306214786
138891,1,7,7,4.3830514580973245
138905,1,7,1,12.5022074706034
138919,1,7,10,11.19250655795347
138931,1,7,6,13.833885186928681
138943,1,7,9,16.63622924463916
138945,1,7,9,11.272019802108524
138948,0,7,0,0.022246837788278077
138949,1,7,9,13.042880774528912
138967,1,7,6,6.921283219422716
138972,1,7,4,0.3586790108976326
138985,1,7,10,16.419605347416773
138989,1,7,6,19.599116320232934
139004,1,7,8,9.36560751570847
139006,1,7,9,8.63940067007055
139016,1,7,8,10.951305246326989
139035,1,7,1,18.10327317845778
139051,1,7,10,15.755497614693997
139054,1,7,10,12.164001702922059
139056,1,7,1,10.856600471769701
139062,1,7,6,14.082367778619863
139064,1,7,1,18.234662233031333
139066,0,7,0,0.011958300721242992
139078,1,7,2,0.9411360567537714
139081,1,7,2,5.748714335314275
139083,1,7,8,9.070198636903363
139089,1,7,3,2.365624112167364
139118,1,7,8,21.181210281143645
139149,1,7,7,3.854696858097881
139155,1,7,4,0.3586790108976326
139156,1,7,10,19.01363814109984
139158,1,7,5,0.3586789934097332
139159,1,7,8,13.981132091998132
139162,1,7,6,20.592577921260794
139193,1,7,2,11.938338529742923
139196,1,7,9,11.682312028140727
139207,1,7,9,25.65339893220045
139209,1,7,1,13.424120234967539
139210,1,7,1,13.046127887504927
139214,1,7,9,26.420625217751784
139215,1,7,10,19.1949876228381
139216,1,7,10,5.5841866616179034
139217,1,7,5,0.3586789934097332
139254,1,7,7,3.498429950819568
139261,1,7,6,19.789823320296822
139265,1,7,5,0.3586789934097332
139266,1,7,9,9.899640418570065
139275,1,7,8,9.831740724958426
139315,1,7,5,0.3586789934097332
139320,1,7,9,18.64558971680379
139321,1,7,8,5.632903293617303
139331,1,7,2,10.923917943972933
139341,1,7,2,6.380393245182214
139343,1,7,9,16.719402953986123
139360,1,7,6,12.347278884021247
139371,1,7,5,0.3586789934097332
139379,1,7,5,0.3586789934097332
139383,0,7,0,0.026288205907629255
139393,1,7,9,2.9454991562704786
139409,1,7,9,25.208746067317044
139411,1,7,9,14.262176505871883
139428,1,7,8,13.214616658264253
139437,1,7,8,11.365907156162743
139449,1,7,9,16.37267708991239
139461,1,7,1,9.265238471563466
139464,1,7,7,4.144974268564204
139478,1,7,8,22.474093226341267
139497,1,7,5,0.3586789934097332
139502,1,7,2,1.3043470137481425
139508,1,7,1,10.996820009390621
139509,1,7,10,3.8975925666025257
139529,1,7,6,21.023549768019503
139541,1,7,9,2.428239388409874
139543,1,7,9,24.130355005942807
139545,1,7,8,28.442822051168488
139553,1,7,9,24.922950543761658
139567,1,7,10,7.0664384357210075
139575,1,7,6,13.500915383501809
139577,1,7,10,20.780832848543195
139585,1,7,6,12.739233021844413
139601,1,7,8,11.446004434894887
139617,1,7,9,10.293570227413682
139665,1,7,6,9.329369115239448
139667,1,7,10,5.213106911793862
139675,1,7,10,4.646996650204284
139677,1,7,3,2.445477525682453
139689,1,7,7,0.904305930395902
139692,1,7,10,5.565520870181122
139696,1,7,7,4.334484174251236
139697,1,7,7,2.1321313666897805
139700,1,7,9,16.660592346345
139704,1,7,6,19.15032968737511
139724,1,7,4,0.3586790108976326
139727,1,7,1,9.267470683754542
139750,1,7,8,12.45897004274145
139754,1,7,5,0.3586789934097332
139771,1,7,6,12.077443106165916
139776,1,7,9,12.151355204798547
139792,1,7,8,18.23771082583393
139796,1,7,9,22.28857343481063
139804,1,7,4,0.3586790108976326
139810,1,7,4,0.3586790108976326
139818,1,7,1,10.7269774870427
139837,1,7,2,5.160144800971744
139841,1,7,8,5.297016807906192
139850,1,7,8,15.428111803604848
139858,1,7,4,0.3586790108976326
139865,1,7,5,0.3586789934097332
139873,1,7,3,1.5043824473435894
139876,1,7,9,21.033676941407617
139885,1,7,4,0.3586790108976326
139895,1,7,8,11.19350241356335
139917,1,7,4,0.3586790108976326
139925,1,7,4,0.3586790108976326
139942,1,7,3,2.3219792897596645
139955,1,7,5,0.3586789934097332
139961,1,7,9,25.46009929330142
139975,1,7,1,5.8962346877982
139977,1,7,6,15.440029748222626
139990,1,7,7,2.4310581990295868
140002,1,7,5,0.3586789934097332
140008,1,7,8,17.31878608441037
140027,1,7,2,13.71686348870339
140050,1,7,10,20.71370862651003
140062,1,7,6,15.69211853932244
140063,1,7,8,24.044499499872334
140066,1,7,10,7.601069905023436
140072,1,7,1,16.075976993160413
140080,1,7,9,26.377381733402153
140096,1,7,8,12.18654189511903
140097,1,7,4,0.3586790108976326
140105,1,7,10,11.384024988880338
140132,1,7,9,11.359207688061506
140169,1,7,2,11.74086724044152
140170,1,7,6,23.923109222241965
140171,1,7,3,2.457796591975662
140178,1,7,1,22.718948893811422
140189,0,7,0,0.11653938691215583
140190,1,7,6,8.707140320234114
140198,1,7,9,24.734155113858137
140200,1,7,10,16.99039214719136
140205,1,7,10,20.003179284240552
140206,1,7,3,2.2833320011132088
140218,1,7,8,23.10891816946566
140250,0,7,0,0.02652285833382798
140260,1,7,8,28.538237113273055
140268,1,7,5,0.3586789934097332
140272,1,7,4,0.3586790108976326
140275,1,7,7,3.06430129421386
140311,1,7,8,28.493345631914256
140323,1,7,10,4.3764129989808325
140329,1,7,8,8.405264758968254
140330,1,7,5,0.3586789934097332
140331,1,7,6,8.98100438105084
140335,1,7,3,2.3934880896554813
140346,1,7,7,2.891386255386095
140363,1,7,5,0.3586789934097332
140368,1,7,10,21.26920544530695
140379,1,7,2,13.789902003444302
140391,1,7,5,0.3586789934097332
140403,1,7,4,0.3586790108976326
140417,1,7,1,21.82185135232385
140438,1,7,9,18.146668047042702
140443,1,7,6,21.068577454417113
140449,1,7,2,7.369221178810034
140451,1,7,6,7.8982157397695385
140464,1,7,9,25.357596624247588
140479,1,7,7,1.0574314053728822
140490,1,7,9,11.048338573618052
140494,1,7,9,25.525498327462497
140495,0,7,0,0.022421215361311947
140504,0,7,0,0.025110913987507578
140505,1,7,5,0.3586789934097332
140521,1,7,4,0.3586790108976326
140524,1,7,9,23.42204783248302
140526,1,7,7,4.1458855958425245
140537,1,7,4,0.3586790108976326
140547,1,7,6,16.830566576736533
140559,1,7,9,24.68496545827167
140563,1,7,7,1.3459816440671322
140571,1,7,9,23.767161203368335
140576,1,7,7,2.4952774013003065
140577,1,7,5,0.3586789934097332
140622,1,7,6,21.28078413013996
140662,1,7,8,6.441749629290754
140688,1,7,9,15.99272167255336
140693,1,7,10,13.975783870218494
140694,1,7,9,19.633061205371472
140700,1,7,10,19.709607484308293
140702,1,7,9,14.91478178909313
140703,1,7,1,13.252373663174946
140713,1,7,5,0.3586789934097332
140714,1,7,9,25.554889478965098
140728,1,7,4,0.3586790108976326
140737,1,7,7,3.8096818440142957
140746,1,7,4,0.3586790108976326
140751,0,7,0,0.017387596367099266
140779,0,7,0,0.014731171485942501
140783,1,7,10,7.500442468739488
140794,1,7,5,0.3586789934097332
140818,1,7,9,25.618698646320237
140836,1,7,1,23.08889128289969
140859,1,7,7,4.624412359610445
140883,1,7,5,0.3586789934097332
140886,1,7,9,12.709826097592519
140895,1,7,10,14.761406057586246
140927,1,7,10,5.7928626956481395
140944,0,7,0,0.015718722114197857
140949,1,7,3,1.1052783816966751
140951,1,7,6,7.668715970416973
140957,1,7,9,25.388797194148015
140975,1,7,5,0.3586789934097332
141019,1,7,1,5.062691507639771
141024,1,7,8,16.270661227503815
141044,1,7,8,5.622195745559018
141045,1,7,7,2.1531988070962393
141072,1,7,3,1.748593132607374
141079,1,7,9,17.848212317306
141084,0,7,0,0.02658991234497749
141095,1,7,8,8.274708472949513
141099,1,7,6,19.794288840742045
141103,1,7,6,23.13345044226345
141108,1,7,10,7.113582486568179
141147,1,7,4,0.3586790108976326
141155,1,7,10,13.107691966195842
141163,1,7,9,24.588339862397195
141170,1,7,6,5.631640054085503
141183,1,7,8,28.537688906242767
141193,1,7,6,15.846666776055956
141200,1,7,4,0.3586790108976326
141216,1,7,9,14.258099684835974
141227,0,7,0,0.013154632852328848
141234,1,7,10,6.38675044525922
141239,1,7,10,10.064169293690803
141243,1,7,9,13.828635516015737
141248,1,7,9,17.103963826052315
141249,1,7,6,22.670459136329512
141253,1,7,9,25.691735316721708
141254,1,7,9,16.459288935512358
141255,1,7,9,19.02886284050279
141271,1,7,8,23.827356220085072
141297,1,7,7,4.529885400427112
141312,1,7,6,18.495858141222058
141314,0,7,0,0.024931224853028094
141316,1,7,10,9.318215416767302
141319,1,7,10,4.323176355254535
141334,1,7,10,13.32009412485784
141339,1,7,9,21.055464964829813
141349,1,7,9,18.839883625276208
141383,1,7,8,5.031232281713302
141386,1,7,8,25.32083278390403
141395,1,7,7,2.4458146367780293
141402,1,7,6,5.550872366796705
141403,1,7,6,16.962460281188598
141406,1,7,9,8.74088530696267
141436,1,7,9,18.919690212910158
141466,1,7,7,3.6581202726435325
141472,1,7,1,15.062919770418947
141495,1,7,8,28.510507065571925
141500,1,7,10,7.698957741949304
141501,1,7,8,26.284693302911833
141516,1,7,10,11.73837253609589
141522,1,7,5,0.3586789934097332
141540,1,7,9,16.908909687757255
141541,1,7,5,0.3586789949470627
141545,1,7,9,26.339792038374206
141548,0,7,0,0.016380658691253734
141551,1,7,6,5.505066091155019
141567,1,7,1,16.685192911464355
141570,1,7,3,1.3194962747683923
141572,1,7,8,13.597717773139742
141580,1,7,8,4.74299714958665
141585,1,7,3,1.9877435267591852
141589,1,7,6,6.827809385263141
141592,1,7,3,2.4024141296879167
141600,1,7,10,12.890103302074916
141609,1,7,9,16.568103838765364
141612,0,7,0,0.01904922536944311
141621,1,7,10,13.993762001114698
141623,1,7,7,4.41369015834818
141629,1,7,5,0.3586789934097332
141639,1,7,10,14.593427407868502
141640,1,7,4,0.3586790108976326
141655,1,7,8,6.752367866571898
141670,1,7,4,0.3586790108976326
141676,1,7,4,0.3586790108976326
141682,0,7,0,0.015086087343037494
141687,1,7,8,16.7927542980171
141701,1,7,4,0.3586790108976326
141708,1,7,4,0.3586790108976326
141711,1,7,1,15.68461739395966
141724,1,7,5,0.3586789934097332
141728,1,7,7,0.38956910227007613
141729,1,7,3,2.3729316888493743
141736,1,7,6,7.562763020532413
141760,1,7,2,13.927458127373093
141783,1,7,9,24.103956968760095
141785,1,7,1,5.383333495295642
141797,1,7,8,24.277764563237795
141806,1,7,3,2.509176785574552
141809,1,7,8,21.13668413915971
141819,1,7,5,0.3586789934097332
141820,1,7,5,0.3586789934097332
141828,1,7,10,20.967209624928852
141830,1,7,9,18.477027408846443
141837,1,7,9,6.194040990151102
141842,1,7,5,0.3586789934097332
141848,0,7,0,0.033672187598540064
141852,1,7,8,13.48430050613204
141866,1,7,4,0.3586790108976326
141885,1,7,4,0.3586790108976326
141886,1,7,9,25.968707471146722
141905,1,7,4,0.3586790108976326
141907,1,7,8,18.4074031788568
141929,1,7,3,2.3603662918147834
141933,1,7,6,15.115705123689457
141935,1,7,4,0.3586790108976326
141938,1,7,6,8.239938730150945
141946,1,7,9,25.95899826465096
141956,1,7,3,1.4211723685446436
141981,1,7,5,0.3586789934097332
142001,1,7,9,14.709973754403505
142019,1,7,9,11.00514577175977
142048,1,7,2,5.553731378940591
142061,1,7,4,0.3586790108976326
142071,1,7,7,0.7585240473366511
142074,1,7,9,17.942288664378246
142090,0,7,0,0.013974734739498165
142093,1,7,9,12.043317744894605
142094,1,7,10,5.090078296982171
142099,1,7,5,0.3586789934097332
142142,1,7,10,19.936769368699743
142155,1,7,10,4.06689585681927
142157,1,7,5,0.3586789934097332
142189,1,7,8,26.297883837955325
142197,1,7,5,0.3586789934097332
142213,1,7,3,2.089892370787707
142244,1,7,7,1.4284193415158264
142246,0,7,0,0.015547581937823182
142260,1,7,10,3.5067807446296237
142268,0,7,0,0.01243393576897857
142272,1,7,5,0.3586789934097332
142278,1,7,9,16.69965433738363
142289,1,7,10,21.254534272627193
142301,1,7,10,6.983670990815935
142324,1,7,6,14.465300132583236
142328,1,7,8,24.017275881200845
142351,1,7,10,4.65498037834278
142368,1,7,8,24.67406176692385
142371,1,7,7,0.5978593429536229
142374,1,7,6,14.59352288608883
142375,1,7,4,0.3586790108976326
142377,1,7,8,17.996104783008434
142378,1,7,9,15.222600045390763
142403,1,7,4,0.3586790108976326
142422,1,7,9,24.400431720386628
142423,1,7,8,9.270081921923968
142430,0,7,0,0.029229109633221152
142437,1,7,10,11.067787539600397
142438,1,7,9,6.316596864507126
142470,1,7,5,0.3586789949470627
142471,1,7,3,2.3016701838567024
142489,1,7,8,6.460426554155782
142490,1,7,10,19.13833319167772
142492,1,7,7,2.2707332383254775
142510,1,7,6,7.347572100343986
142515,1,7,8,20.120297198233448
142522,0,7,0,0.025601858602885857
142525,0,7,0,0.020391144483333016
142540,1,7,6,13.038607108723392
142574,1,7,9,19.35033534302304
142584,0,7,0,0.02513001353888954
142588,1,7,3,2.302876339710296
142590,1,7,4,0.3586790108976326
142597,1,7,2,7.270250288517986
142599,1,7,8,24.81646885246315
142600,1,7,9,16.708290951152904
142634,1,7,9,26.226053823272288
142677,1,7,5,0.3586789934097332
142684,1,7,8,13.444652220682805
142696,1,7,8,10.397989325200617
142723,1,7,8,21.377710513905214
142729,1,7,10,8.754384060382684
142731,1,7,4,0.3586790108976326
142738,1,7,9,17.103921517110134
142739,1,7,9,19.06830924000749
142775,1,7,1,19.57049197046229
142787,1,7,10,20.566970233225543
142788,1,7,4,0.3586790108976326
142789,1,7,9,20.19083576318349
142818,1,7,5,0.3586789934097332
142823,1,7,8,15.68916564704591
142824,1,7,6,20.12878778671687
142831,1,7,8,8.305602240107506
142851,1,7,5,0.3586789934097332
142874,1,7,4,0.3586790108976326
142894,1,7,4,0.3586790108976326
142911,1,7,7,2.9482433431519683
142922,1,7,8,9.673367413117614
142930,1,7,3,1.3008048616033447
142942,1,7,9,4.164283366757647
142947,1,7,7,0.9668119233228673
142950,1,7,5,0.3586789934097332
142960,1,7,10,21.24603732303496
142971,1,7,10,10.240749605368501
142978,1,7,1,19.564890808927085
142985,1,7,3,2.350736094257554
142991,1,7,8,9.081542171231376
142993,1,7,9,26.427111468007254
142995,1,7,8,27.023282044787006
143003,1,7,9,13.879009821277387
143014,1,7,10,14.15000040859352
143041,1,7,9,16.33477902795506
143059,1,7,7,3.844233719933462
143061,1,7,4,0.3586790108976326
143080,1,7,8,10.711603162728037
143087,0,7,0,0.33166593064174776
143092,1,7,9,6.728252687346895
143096,1,7,10,17.121637218398693
143101,1,7,1,11.190911556707528
143114,1,7,6,20.363646262968935
143142,1,7,4,0.3586790108976326
143143,1,7,6,16.99327152130524
143159,1,7,4,0.3586790108976326
143165,1,7,8,21.68972571313144
143168,1,7,9,7.642433774097974
143179,1,7,8,24.058513500161478
143183,1,7,6,6.625281400490591
143188,1,7,7,4.460130638381439
143192,1,7,6,23.87294672859574
143198,1,7,6,21.406980545761154
143199,0,7,0,0.24155234940185508
143205,1,7,10,21.26580565560889
143210,1,7,1,15.534583955516599
143221,1,7,7,3.4271858474782326
143228,1,7,4,0.3586790108976326
143230,1,7,6,23.305735020534424
143245,1,7,5,0.3586789934097332
143247,1,7,6,23.232100742688267
143252,0,7,0,0.026582940235134172
143258,1,7,9,25.7806799869484
143265,1,7,7,4.584957135962754
143275,1,7,10,11.212244692262571
143281,1,7,5,0.3586789934097332
143283,1,7,5,0.3586789934097332
143289,1,7,8,10.710891181533436
143304,1,7,5,0.3586789934097332
143317,1,7,9,25.591690465596237
143318,1,7,8,20.265335935973617
143339,1,7,9,24.53022355201885
143344,1,7,6,8.672667880214146
143353,1,7,8,12.976887775622075
143354,1,7,6,21.662751089813682
143381,1,7,3,1.8571471359903229
143390,1,7,10,16.593822675367996
143400,1,7,6,5.946561165723649
143403,1,7,9,14.043221327140083
143413,0,7,0,0.021930330265269596
143414,1,7,2,9.768356405077453
143442,0,7,0,0.029267003622637757
143443,1,7,9,18.476069864406572
143446,1,7,6,22.185285410791373
143464,1,7,3,2.112422946971607
143467,1,7,5,0.3586789934097332
143469,1,7,10,15.432403218437605
143479,1,7,1,22.693268414923523
143486,1,7,1,21.608842386813322
143487,1,7,6,14.980655882169604
143488,1,7,10,8.264654534149376
143495,1,7,4,0.3586790108976326
143496,1,7,4,0.3586790108976326
143522,1,7,6,14.94883076747989
143530,1,7,1,9.007217854543695
143532,1,7,10,5.370105107684202
143539,1,7,3,0.6565385864282838
143551,1,7,3,1.196599738303161
143555,1,7,8,20.57336431652179
143560,1,7,3,1.8534673335644365
143565,1,7,8,5.2879189215148
143583,1,7,6,21.31126858833931
143586,1,7,5,0.3586789934097332
143617,1,7,9,4.16986218745829
143650,1,7,4,0.3586790108976326
143673,1,7,5,0.3586789934097332
143680,1,7,8,14.974546751234133
143690,1,7,8,23.67033061319292
143693,1,7,5,0.3586789934097332
143694,1,7,9,22.33324258272132
143696,1,7,8,12.165243815022457
143700,1,7,2,5.634700584795177
143704,1,7,10,9.186655784360253
143708,1,7,4,0.3586790108976326
143726,1,7,6,23.301117006616696
143730,1,7,9,21.28464897891838
143734,1,7,8,19.456695891122955
143746,1,7,9,11.05694844049503
143765,1,7,8,27.534028562830706
143777,1,7,10,19.928266818772403
143783,1,7,4,0.3586790108976326
143787,1,7,1,22.775254631488373
143801,1,7,5,0.3586789934097332
143808,1,7,4,0.3586790108976326
143813,1,7,10,13.926674075256969
143828,1,7,10,3.9113530250072914
143832,1,7,9,17.589704807654968
143842,1,7,8,26.290944718512662
143866,1,7,4,0.3586790108976326
143869,1,7,7,1.2654791705949322
143880,1,7,10,13.573749675508665
143888,0,7,0,0.013996819877411382
143893,1,7,9,16.933449032852764
143899,1,7,1,22.94243534826219
143902,1,7,6,10.36889272519441
143907,1,7,6,4.215809437880323
143911,1,7,8,9.640616928835904
143918,1,7,8,26.44938234660708
143943,1,7,3,2.424536178447264
143948,1,7,9,11.679835387098109
143949,1,7,9,13.065306913204726
143970,1,7,1,15.714338557051914
144005,1,7,5,0.3586789949470627
144007,1,7,8,28.46795004494002
144008,1,7,5,0.3586789934097332
144010,1,7,9,14.77159350904148
144015,1,7,4,0.3586790108976326
144019,1,7,9,18.818924039345283
144045,1,7,7,4.349711424347208
144063,1,7,9,26.307162813351873
144065,1,7,8,19.34167589399364
144081,1,7,8,23.60090509178524
144085,1,7,4,0.3586790108976326
144090,1,7,6,9.935151651349459
144092,1,7,9,5.293042057097618
144093,1,7,9,15.993109871815085
144102,1,7,2,9.84862167791604
144107,1,7,6,21.58174941619591
144114,1,7,6,12.52278654437689
144118,0,7,0,0.18369901775812056
144126,1,7,8,27.03168282516571
144175,1,7,9,26.242764010444347
144197,1,7,10,9.055806825556065
144232,1,7,9,16.365912540996174
144247,1,7,4,0.3586790108976326
144249,1,7,2,3.167445518791583
144280,1,7,9,5.760623995840497
144284,1,7,5,0.3586789934097332
144291,0,7,0,0.017145984437228954
144295,0,7,0,0.023221163486439777
144309,1,7,6,24.07553320841528
144310,1,7,8,13.567519037945642
144317,1,7,8,26.1617716576325
144331,1,7,6,8.033550972791042
144336,1,7,4,0.358679009087165
144375,0,7,0,0.027440446531464827
144382,1,7,1,21.626548369161327
144393,1,7,7,4.225998673321474
144396,1,7,9,20.631142940612026
144405,1,7,6,23.38435193275945
144409,1,7,10,5.054256347773364
144411,1,7,3,2.3761009231085573
144415,1,7,6,19.419821034579137
144422,1,7,6,15.503623660203038
144426,1,7,9,14.464281418962647
144461,1,7,9,26.440434418230193
144462,1,7,10,10.484402179258801
144479,1,7,9,25.580117733723927
144481,1,7,2,3.798961544283453
144504,1,7,7,2.363336662648197
144511,1,7,1,22.573752342465212
144518,1,7,1,20.736868516616024
144539,1,7,5,0.3586789934097332
144541,1,7,4,0.3586790108976326
144544,1,7,5,0.3586789934097332
144568,1,7,10,11.183191536320566
144571,1,7,5,0.3586789934097332
144585,1,7,10,10.832717190354824
144597,1,7,9,16.65400948345693
144601,1,7,8,9.576353764425217
144603,1,7,8,13.567607732542053
144609,1,7,8,27.5030877785981
144613,1,7,10,19.468540873786317
144615,1,7,9,20.033852139136687
144619,1,7,9,26.328658447479285
144620,1,7,4,0.3586790108976326
144632,1,7,1,18.133967359956394
144648,1,7,10,8.369172530984287
144664,1,7,5,0.3586789934097332
144666,1,7,9,25.605397449685814
144673,1,7,10,19.666790206603192
144683,1,7,4,0.3586790108976326
144710,1,7,1,12.414545102916003
144723,1,7,5,0.3586789934097332
144731,1,7,10,20.773647272312036
144737,1,7,8,10.427476607223776
144740,1,7,4,0.3586790108976326
144754,1,7,5,0.3586789934097332
144757,1,7,10,19.176040854099085
144762,1,7,8,18.54674176070929
144780,1,7,9,26.326452626410806
144791,1,7,4,0.3586790108976326
144808,1,7,7,0.9062264561069434
144819,1,7,4,0.3586790108976326
144828,1,7,10,12.049435820270292
144838,1,7,5,0.3586789934097332
144843,0,7,0,0.023843963620353844
144850,1,7,7,3.506589425120916
144854,1,7,9,8.027129503519609
144863,1,7,6,23.459626594037633
144874,1,7,6,23.229259762242457
144877,1,7,8,22.30235213265464
144891,1,7,4,0.3586790108976326
144902,1,7,6,13.060537623200947
144903,1,7,6,23.414624890605186
144923,1,7,8,27.821146993421795
144925,1,7,6,23.169023772447904
144929,1,7,9,24.807251052611274
144955,1,7,6,16.666381664892018
144974,1,7,8,18.132820104544678
144991,1,7,6,21.311728909675374
144999,1,7,1,4.614144752072865
145008,1,7,6,15.895331289873798
145032,1,7,2,2.584379627111169
145037,1,7,5,0.3586789934097332
145044,1,7,5,0.3586789934097332
145047,1,7,10,21.23150814391907
145049,1,7,6,23.187443957930736
145054,1,7,6,12.225778762580548
145059,1,7,10,13.929346148660485
145075,1,7,6,17.228439722394928
145111,1,7,3,2.3570720750531873
145114,1,7,5,0.3586789934097332
145126,1,7,8,12.949552642942152
145127,1,7,4,0.3586790108976326
145132,1,7,9,16.53316181629513
145134,1,7,8,2.697119955456816
145153,1,7,8,26.281233611213075
145157,1,7,6,10.474837987922557
145169,1,7,7,4.606097456660111
145178,1,7,9,16.060699582660693
145180,1,7,8,16.933594944323616
145184,1,7,6,6.78667480731077
145225,1,7,2,11.034434494021806
145264,1,7,8,14.270195999824619
145273,1,7,9,22.971442637966813
145295,1,7,6,22.803558378554907
145302,1,7,6,12.451849237268732
145310,1,7,6,10.408594248883611
145311,1,7,3,0.8397869210492992
145335,0,7,0,0.18369901675622655
145344,1,7,4,0.358679009087165
145345,1,7,8,25.737081398006463
145346,1,7,5,0.3586789934097332
145351,1,7,1,5.415242021174303
145353,1,7,7,3.0830653016114575
145356,1,7,5,0.3586789934097332
145361,1,7,5,0.3586789934097332
145368,1,7,9,7.510382554939429
145403,1,7,9,5.794099490459886
145425,1,7,5,0.3586789934097332
145432,1,7,6,9.720018053330259
145441,1,7,7,3.139571370065534
145448,1,7,2,13.699146094004936
145455,1,7,5,0.3586789934097332
145480,1,7,5,0.3586789934097332
145487,1,7,6,24.023808818096573
145491,1,7,5,0.3586789934097332
145513,1,7,3,2.4175248596361003
145548,1,7,5,0.3586789934097332
145552,1,7,8,26.436306931390178
145554,1,7,6,23.72460380231245
145558,1,7,7,3.6982911082617247
145562,1,7,9,24.134008446717086
145580,1,7,1,5.3086917516578636
145591,1,7,5,0.3586789934097332
145596,1,7,10,12.767912626152322
145601,1,7,5,0.3586789934097332
145603,1,7,10,19.011165954978722
145615,0,7,0,0.016745079048438454
145635,1,7,10,16.298335667950333
145637,1,7,7,3.5117816776605575
145653,1,7,2,13.42108743175842
145664,1,7,1,4.594906787111422
145685,1,7,7,2.513012882651038
145707,1,7,4,0.3586790108976326
145717,1,7,6,4.938931116739837
145733,1,7,6,9.71941345473281
145735,1,7,7,3.311079601492403
145742,1,7,6,5.7297589120260914
145763,1,7,9,26.23877246850905
145775,1,7,5,0.3586789934097332
145794,1,7,4,0.3586790108976326
145802,1,7,5,0.3586789934097332
145811,1,7,7,0.5092540025415954
145819,1,7,5,0.3586789934097332
145824,1,7,9,12.474242235849955
145828,1,7,8,13.336442311699649
145836,1,7,7,4.495961947029696
145846,1,7,4,0.3586790108976326
145855,1,7,6,23.00655144154818
145858,1,7,7,2.614617554658566
145869,1,7,8,4.347905496555721
145895,1,7,9,4.1613771976895135
145897,1,7,5,0.3586789934097332
145918,1,7,9,6.777732052153346
145919,1,7,4,0.3586790108976326
145925,1,7,10,15.977358372208563
145931,1,7,6,4.689541887019175
145938,1,7,9,25.91910297309342
145947,1,7,9,15.17590110729445
145948,0,7,0,0.02350088878327989
145965,1,7,3,2.3492349670478467
145972,1,7,10,11.687478596315149
145982,1,7,9,14.86632750891661
145987,1,7,1,11.457806289753176
145993,0,7,0,0.14944438800266915
146019,1,7,2,12.327483946525124
146038,1,7,8,18.403682613634658
146052,1,7,8,14.667179896625978
146067,1,7,8,28.53533706961624
146091,1,7,6,11.060763732152575
146096,1,7,5,0.3586789934097332
146118,0,7,0,0.0183855593763037
146130,1,7,10,12.416011721176249
146138,1,7,9,20.973290955009738
146141,1,7,5,0.3586789934097332
146144,1,7,3,2.3844414069569924
146162,1,7,5,0.3586789934097332
146168,1,7,9,24.658110126621192
146180,1,7,1,8.146154497549539
146191,1,7,5,0.3586789934097332
146192,1,7,9,23.767660994276575
146206,1,7,9,25.841687474502017
146237,1,7,8,14.252618450748045
146244,1,7,9,23.01336563776173
146245,1,7,1,16.01123267097575
146274,1,7,9,19.0938645423883
146283,1,7,9,4.392046832376151
146291,1,7,4,0.3586790108976326
146292,1,7,3,2.3363860599819355
146300,1,7,3,2.357901124199694
146319,1,7,5,0.3586789934097332
146339,1,7,9,14.942889330947608
146341,1,7,7,4.339695488446433
146346,1,7,6,5.633443954054318
146349,1,7,6,12.361495581949747
146355,1,7,5,0.3586789949470627
146360,1,7,5,0.3586789934097332
146365,1,7,9,9.86113893738797
146372,1,7,10,11.88661880692622
146399,1,7,4,0.3586790108976326
146413,1,7,6,19.157289496960775
146419,1,7,4,0.3586790108976326
146429,1,7,9,4.051208927379032
146437,1,7,8,12.001495816793778
146451,1,7,7,1.350596603980746
146453,1,7,1,12.744686590338851
146470,1,7,9,12.674976389265991
146488,1,7,4,0.3586790108976326
146492,1,7,4,0.3586790108976326
146495,1,7,9,21.40690801307617
146517,1,7,1,23.205976215431026
146518,1,7,5,0.3586789934097332
146537,1,7,4,0.3586790108976326
146551,1,7,9,15.502140220180422
146553,1,7,8,8.761803170692724
146557,1,7,8,7.051298778630557
146559,1,7,1,10.762840042275176
146572,1,7,7,1.3248124873326235
146593,0,7,0,0.039416358353636195
146603,1,7,9,26.226148601957576
146619,1,7,9,10.11855321422424
146621,1,7,3,2.005503084396278
146622,1,7,9,11.93845853203534
146623,1,7,5,0.3586789934097332
146634,1,7,4,0.3586790108976326
146672,1,7,8,26.718437807632046
146684,1,7,9,8.24460355368994
146693,1,7,7,4.098175711948701
146694,1,7,4,0.3586790108976326
146708,1,7,1,9.02033898405735
146728,1,7,7,4.391978201651104
146733,1,7,7,1.1551562459993474
146746,1,7,8,2.71249465438833
146753,1,7,9,13.114241090262324
146762,1,7,9,21.758811681588238
146780,1,7,10,20.833406643743462
146792,1,7,6,19.344348044244057
146795,0,7,0,0.012312098266744982
146811,1,7,9,16.713453907119312
146829,1,7,8,20.614398750301106
146850,1,7,6,11.857185884247741
146855,1,7,6,7.7642719138199245
146857,1,7,9,23.08682752324638
146861,1,7,6,17.23048845051215
146864,1,7,7,1.1680724858205427
146869,1,7,2,1.3418512229158441
146872,1,7,4,0.3586790108976326
146883,1,7,8,20.596352400579566
146886,1,7,5,0.3586789934097332
146887,1,7,2,5.394723376811203
146890,1,7,4,0.3586790108976326
146897,1,7,7,2.267094971299384
146915,1,7,9,5.132191767296911
146933,0,7,0,0.012664098330137954
146937,1,7,10,4.052475919798947
146948,1,7,8,8.273510175410419
146950,1,7,6,10.685527354679056
146958,1,7,7,3.8931381902952222
146959,1,7,10,6.911697329735694
146964,1,7,7,3.190357861341475
146968,1,7,4,0.3586790108976326
146969,1,7,9,23.988156373058644
146990,1,7,10,5.636267140509021
146993,1,7,10,19.469587155992627
147022,1,7,3,1.9282814648398159
147028,1,7,2,5.313148034160487
147055,1,7,1,14.139228327696962
147061,1,7,1,15.839221607039555
147066,1,7,9,23.280142868091673
147082,1,7,6,23.177414416792303
147103,1,7,10,19.411214093664483
147124,1,7,5,0.3586789934097332
147160,1,7,9,11.051351821817146
147163,1,7,3,1.4154920777673181
147164,1,7,2,1.321719532812918
147165,1,7,3,0.7783171030343728
147166,1,7,4,0.3586790108976326
147175,1,7,5,0.3586789934097332
147181,1,7,9,14.18016789664184
147199,1,7,6,20.513657202805856
147204,1,7,3,2.368264236559476
147209,1,7,8,17.061301048154103
147215,1,7,1,5.387119957353254
147217,1,7,3,2.357251483608956
147218,0,7,0,0.013574008482928205
147234,1,7,8,24.914779782105743
147243,1,7,2,11.500647525874907
147262,1,7,10,20.457649830769604
147265,1,7,7,0.7593002124992468
147268,1,7,7,4.13381770974432
147286,1,7,9,21.917308981995255
147292,1,7,8,15.762551961271031
147314,1,7,4,0.3586790108976326
147360,1,7,4,0.3586790108976326
147364,0,7,0,0.026685335918750126
147381,1,7,4,0.3586790108976326
147406,1,7,3,1.5134508785717824
147407,1,7,6,19.995671876718625
147418,1,7,10,5.919612414627365
147420,1,7,9,20.34530072770796
147427,1,7,10,15.282822199536216
147438,1,7,6,12.076485906490209
147456,1,7,4,0.3586790108976326
147458,1,7,9,19.28034992364484
147472,1,7,8,23.12632995626615
147477,1,7,6,12.715666500822898
147481,1,7,6,9.198377463166238
147491,1,7,10,5.758737010063526
147496,1,7,8,7.416056214887799
147502,0,7,0,0.06793020802074563
147506,1,7,6,16.29466181932855
147512,1,7,8,13.441048886250005
147525,1,7,5,0.3586789934097332
147538,1,7,9,24.64245398841985
147563,1,7,5,0.3586789934097332
147567,1,7,4,0.3586790108976326
147600,1,7,9,15.290763805967094
147626,1,7,4,0.3586790108976326
147629,1,7,8,13.139571907970558
147632,1,7,8,18.40341570795411
147639,1,7,6,22.65919435996107
147642,1,7,10,11.175899757533172
147649,1,7,4,0.358679009087165
147660,1,7,2,6.605765257487849
147669,1,7,9,10.705939201104707
147670,0,7,0,0.026576332791571813
147679,1,7,5,0.3586789934097332
147683,1,7,8,15.706696662418066
147692,1,7,10,12.422112076267624
147693,0,7,0,0.01661631726911234
147694,1,7,8,11.01826135199884
147698,1,7,8,26.900470513808028
147701,1,7,9,17.607463264875147
147741,1,7,8,12.665522493220358
147749,1,7,8,16.934417141348668
147754,1,7,5,0.3586789934097332
147778,1,7,9,26.26579148267159
147782,1,7,7,0.3483911857170498
147787,1,7,4,0.3586790108976326
147800,1,7,9,14.586343020553526
147802,0,7,0,0.015931629656860725
147809,1,7,5,0.3586789934097332
147826,1,7,10,4.172063550971038
147837,0,7,0,0.020723135422600392
147855,0,7,0,0.018383025850054486
147860,1,7,5,0.3586789934097332
147865,1,7,9,12.45561874213905
147882,1,7,10,14.51994128546327
147886,1,7,8,20.475155537616114
147889,0,7,0,0.011970390743931187
147893,1,7,10,9.33230982251005
147899,1,7,4,0.3586790108976326
147902,1,7,5,0.3586789934097332
147911,1,7,6,22.979197057643965
147915,1,7,6,12.277847456667676
147921,1,7,4,0.358679009087165
147927,1,7,10,5.495355986033459
147932,1,7,9,24.09787180376954
147942,1,7,5,0.3586789934097332
147943,1,7,8,24.325461725028358
147966,1,7,10,10.702358626788657
147970,1,7,10,11.27775009415452
147972,1,7,6,11.943201085205686
147981,1,7,8,20.839364771357964
147982,1,7,8,18.86964970021465
147986,1,7,6,12.322705512174855
147995,1,7,10,12.365715581998248
148007,1,7,8,22.690644123479515
148008,1,7,8,11.34121739587643
148021,1,7,9,21.088594066512414
148053,1,7,8,22.07344086444443
148057,1,7,9,22.399531924933076
148062,1,7,9,18.642834430603003
148063,1,7,1,18.46319170067031
148068,0,7,0,0.023231880253431116
148069,1,7,9,9.95047470920773
148072,1,7,4,0.3586790108976326
148083,1,7,8,5.856791021304348
148088,1,7,9,3.914163344082728
148102,1,7,1,15.082521385639364
148110,1,7,9,14.903914377266204
148115,1,7,5,0.3586789934097332
148141,1,7,3,1.5010422957373621
148145,1,7,5,0.3586789934097332
148147,1,7,9,14.24125003862821
148162,1,7,6,16.918471580023095
148163,1,7,8,14.236405941556635
148166,1,7,9,17.88163833271019
148169,1,7,8,13.282409895581198
148185,1,7,8,2.4519065736369003
148188,1,7,8,18.966328452955512
148194,1,7,2,9.132967657827573
148214,1,7,2,2.4998886943187513
148223,1,7,6,13.495834260504374
148228,1,7,7,1.4410042267950134
148237,1,7,1,6.489940260652421
148239,1,7,9,17.665118928474854
148244,1,7,5,0.3586789934097332
148251,1,7,8,16.572206975671964
148273,1,7,2,12.382901323361109
148285,1,7,10,16.450891241426415
148294,1,7,2,6.507645861348541
148295,1,7,9,14.678682562777778
148296,1,7,6,13.410519875794197
148300,1,7,6,19.382048326846313
148302,1,7,4,0.3586790108976326
148308,1,7,8,12.168633776553873
148323,1,7,5,0.3586789934097332
148326,1,7,9,22.981351450757995
148330,1,7,9,26.304707907891288
148337,1,7,1,19.891244799827323
148341,1,7,5,0.3586789934097332
148343,1,7,5,0.3586789934097332
148352,1,7,10,20.889382890630912
148357,1,7,5,0.3586789934097332
148362,1,7,1,7.355894840169429
148363,1,7,6,9.039469498785383
148371,1,7,9,7.92262665104351
148382,1,7,3,0.8597511347538972
148409,1,7,1,5.3097210194057265
148432,1,7,9,25.268237903647265
148464,1,7,8,16.498894384507466
148470,1,7,9,17.823281572443914
148473,1,7,6,22.855721000510606
148479,1,7,6,11.53165868783005
148481,1,7,10,12.426202605465436
148484,1,7,5,0.3586789934097332
148494,1,7,3,2.0232946721195084
148500,1,7,6,10.62175024421603
148504,1,7,4,0.3586790108976326
148511,1,7,9,13.110978899168215
148553,1,7,6,13.769842787325624
148554,1,7,9,16.168664946049553
148561,1,7,1,16.511836365097125
148571,1,7,8,3.1084545476342704
148581,1,7,9,15.241511292034515
148582,1,7,8,19.78185714442638
148588,1,7,9,10.141373365903377
148591,1,7,7,4.414380118249211
148593,0,7,0,0.026613928952107273
148603,1,7,9,25.919739478702944
148608,1,7,4,0.3586790108976326
148617,1,7,2,6.2683750698596965
148618,1,7,1,8.733126929976985
148628,1,7,10,20.423242627034167
148632,1,7,9,15.001419817256416
148671,1,7,8,12.348610866652844
148672,1,7,3,2.293478986433338
148681,1,7,5,0.3586789934097332
148700,1,7,9,5.030963005315902
148706,1,7,5,0.3586789949470627
148717,1,7,6,17.59808743522472
148721,1,7,9,14.383709627915884
148723,1,7,6,11.573269398828247
148730,1,7,9,14.670037756622696
148744,1,7,9,9.697153796273211
148776,0,7,0,0.014701768854454235
148791,0,7,0,0.014737424920939525
148794,1,7,10,6.46237052792473
148796,1,7,5,0.3586789934097332
148820,1,7,9,26.243814038918227
148838,1,7,9,23.48190374896915
148862,1,7,5,0.3586789934097332
148873,1,7,8,23.520965738764673
148882,1,7,5,0.3586789934097332
148883,1,7,9,16.24445090587132
148896,1,7,8,9.778487689965939
148912,1,7,8,28.504227865543307
148917,1,7,2,2.4529233346663593
148925,1,7,9,24.310103428708572
148931,1,7,6,12.520420921664776
148939,1,7,4,0.3586790108976326
148941,1,7,10,9.339954471526077
148967,1,7,6,10.09436406115969
148998,0,7,0,0.0897260767484357
149000,1,7,1,21.31464385199815
149017,1,7,4,0.3586790108976326
149019,1,7,4,0.3586790108976326
149041,1,7,10,18.38322195214302
149043,1,7,4,0.3586790108976326
149048,1,7,4,0.3586790108976326
149050,1,7,9,25.91236994743399
149067,1,7,1,12.841036631461447
149073,1,7,8,18.681384084060948
149076,1,7,3,2.4951954855576233
149119,0,7,0,0.015425716627216552
149121,1,7,10,21.282131242310783
149135,1,7,8,16.78220100145068
149136,1,7,6,23.04794535341983
149139,1,7,10,19.804129301534335
149159,1,7,6,6.87352280608834
149167,1,7,2,13.980632830616132
149190,1,7,5,0.3586789934097332
149221,1,7,6,10.602263792936114
149230,1,7,8,11.167830887398404
149236,1,7,4,0.3586790108976326
149252,1,7,5,0.3586789934097332
149255,1,7,7,4.33133413583689
149259,1,7,10,21.220253695512643
149261,1,7,1,9.632244723912764
149263,1,7,9,20.99482805880633
149266,1,7,6,22.1348173975927
149268,1,7,10,14.832874301285957
149291,1,7,10,11.221755549671492
149300,1,7,10,21.303987576095892
149325,1,7,10,21.232851887643665
149340,1,7,5,0.3586789934097332
149342,1,7,6,22.316512841815992
149355,1,7,7,2.602957477700089
149384,0,7,0,0.012819236255275309
149395,1,7,10,12.355046487568753
149450,1,7,10,9.921498888624198
149451,1,7,6,21.872611163641977
149466,1,7,7,4.331870877759709
149475,1,7,10,5.278913767850949
149476,1,7,5,0.3586789949470627
149490,1,7,10,20.441476796553804
149492,1,7,4,0.3586790108976326
149495,1,7,2,4.282859675045337
149516,1,7,6,15.319293690662654
149518,1,7,9,18.792724115243594
149522,1,7,5,0.3586789934097332
149523,0,7,0,0.02203382289355092
149542,1,7,8,19.889293768978927
149557,1,7,10,8.39288744739566
149559,1,7,9,25.57502510822247
149568,1,7,9,6.379852083827865
149569,1,7,6,23.96460595068464
149589,1,7,8,8.27073166848512
149593,1,7,4,0.3586790108976326
149597,1,7,4,0.3586790108976326
149601,1,7,4,0.3586790108976326
149610,1,7,9,24.54507973498517
149618,1,7,8,20.385004944836854
149619,1,7,9,24.013542584271942
149631,1,7,8,8.147241861523993
149633,1,7,4,0.3586790108976326
149647,1,7,9,13.66203720272825
149650,1,7,10,16.49790201174433
149661,1,7,9,22.171495346241368
149662,1,7,5,0.3586789934097332
149664,1,7,10,11.773936232925747
149665,1,7,2,13.168088467196956
149672,0,7,0,0.26173340770868375
149679,1,7,5,0.3586789934097332
149680,1,7,9,26.373260364858936
149693,1,7,1,7.390023378018787
149695,1,7,2,13.468645860437443
149714,1,7,6,3.9115415744700606
149719,1,7,4,0.3586790108976326
149740,1,7,5,0.3586789934097332
149748,1,7,1,17.953940404712625
149757,1,7,2,12.076770428498008
149780,1,7,8,3.098986242563787
149792,1,7,9,24.594693161720883
149825,1,7,8,25.675237704217782
149826,1,7,10,16.87535222123704
149848,1,7,9,26.20235819476744
149849,1,7,8,19.002856430903364
149851,1,7,4,0.3586790108976326
149855,1,7,8,10.059438157054911
149860,1,7,4,0.3586790108976326
149878,1,7,8,5.313045843194462
149889,1,7,7,1.6603248744387693
149896,1,7,4,0.3586790108976326
149905,1,7,9,26.46507835085869
149907,1,7,4,0.3586790108976326
149916,1,7,6,15.861684654586726
149919,1,7,10,7.766551018232037
149923,1,7,9,3.879549642919051
149936,1,7,6,17.837717369999353
149971,1,7,8,19.27618541487382
149979,1,7,6,14.305990100101113
149983,1,7,9,10.361857675874884
149988,1,7,9,22.918929277460965
149993,1,7,6,14.654378106405826
150027,1,7,5,0.3586789934097332
150030,1,7,6,23.417426395728167
150051,1,7,8,17.29444666002323
150067,1,7,7,0.7983064297497039
150079,1,7,6,15.046862036731284
150087,0,7,0,0.02177669717085834
150090,1,7,9,26.264638628681514
150096,1,7,8,14.91044697391551
150120,1,7,7,4.60683853204499
150125,1,7,8,8.158511643219386
150129,1,7,8,21.932913941190595
150137,1,7,5,0.3586789934097332
150145,1,7,10,5.616236076466346
150147,1,7,8,19.529898829581267
150150,1,7,6,14.116806931382408
150155,1,7,8,15.035265462620517
150193,1,7,5,0.3586789934097332
150194,1,7,6,7.33402719295679
150196,1,7,4,0.3586790108976326
150201,1,7,9,14.532751085003573
150217,1,7,10,21.149181222908386
150232,1,7,9,6.716890086408484
150245,1,7,1,4.810555266071519
150255,0,7,0,0.2763416614992
150256,1,7,10,14.854362650442056
150271,0,7,0,0.013344578397945091
150296,1,7,8,14.086449775977492
150299,1,7,6,21.688843592563153
150304,1,7,6,14.305674002657815
150307,1,7,1,13.134162759202884
150330,1,7,9,25.79705126683939
150355,1,7,8,9.4359694469847
150369,1,7,8,23.95778103338535
150371,1,7,8,20.15426164426048
150382,1,7,5,0.3586789949470627
150400,1,7,5,0.3586789949470627
150401,1,7,9,24.211975380396126
150414,1,7,6,8.503858651501758
150416,1,7,10,11.674191756327467
150418,1,7,3,2.299158365210513
150420,1,7,8,12.965080399766306
150439,1,7,4,0.3586790108976326
150459,1,7,6,20.10340022510045
150462,0,7,0,0.02615792431115033
150475,1,7,8,11.365652347249048
150487,1,7,8,12.890798607436444
150492,1,7,6,15.146916470369359
150501,1,7,9,20.98285479090079
150515,1,7,1,21.26015526348877
150519,1,7,5,0.3586789934097332
150530,1,7,8,15.37058541120558
150534,1,7,4,0.3586790108976326
150535,1,7,6,20.157674167658886
150540,1,7,4,0.3586790108976326
150542,1,7,9,10.477679570548649
150557,1,7,10,20.618813308057845
150570,1,7,9,24.103761484591637
150576,1,7,4,0.3586790108976326
150597,1,7,8,27.823959703689713
150606,1,7,8,20.391006588247595
150608,1,7,8,4.1797978946259295
150634,1,7,1,5.388924602142323
150635,1,7,2,5.145165503199002
150650,1,7,6,11.148496996848477
150664,1,7,10,10.117778384029226
150668,1,7,8,3.7030594274595052
150677,1,7,1,9.476093040888411
150704,1,7,6,7.987736185239404
150717,1,7,10,8.211317367453672
150734,1,7,1,12.516053322076132
150740,1,7,10,20.67685743241204
150782,1,7,10,21.23826091298505
150786,1,7,4,0.3586790108976326
150790,1,7,1,18.063400655596798
150801,1,7,6,20.65185676661656
150803,1,7,3,1.0924600885943057
150810,1,7,9,13.96465893472296
150826,1,7,4,0.3586790108976326
150838,1,7,8,13.47998921442415
150843,1,7,5,0.3586789934097332
150845,1,7,6,10.231654767190161
150849,1,7,1,22.96388681013666
150878,1,7,6,20.637119631845472
150882,1,7,6,13.790166929561801
150893,1,7,9,16.632562234867695
150926,1,7,9,15.039760199252681
150927,0,7,0,0.0169012239638428
150932,1,7,9,11.18274768789738
150948,1,7,6,18.250355093984826
150953,1,7,6,13.418464692734577
150956,1,7,10,11.77985968856816
150972,1,7,8,22.07382506599145
150973,1,7,8,15.907590793708982
150985,1,7,8,25.185890966856157
150990,1,7,2,12.740325701251138
151005,1,7,5,0.3586789934097332
151009,1,7,5,0.3586789934097332
151014,1,7,5,0.3586789934097332
151018,1,7,7,2.1097785167282197
151022,1,7,1,8.332989147469196
151028,1,7,9,6.719270731582347
151049,0,7,0,0.019886002938401412
151119,1,7,10,3.357099556208118
151122,1,7,9,23.25982579466526
151127,1,7,5,0.3586789934097332
151128,1,7,10,11.265422180776437
151130,1,7,9,23.53765071041308
151132,1,7,10,11.992221524638857
151140,0,7,0,0.022532099214816005
151158,1,7,9,15.976789146573724
151168,1,7,9,15.454581771901724
151172,1,7,9,25.874239603864847
151186,1,7,5,0.3586789934097332
151192,1,7,10,15.488411988382905
151201,1,7,8,25.754314332038177
151207,1,7,8,20.328162713779868
151225,1,7,4,0.3586790108976326
151233,1,7,8,14.341504119099602
151235,1,7,9,20.586376221954144
151256,0,7,0,0.012419318747746641
151262,0,7,0,0.02731843299313215
151282,1,7,9,25.146007640009035
151298,1,7,9,20.630857464453296
151308,1,7,2,5.648129183211415
151326,1,7,3,1.9310539283309371
151338,1,7,1,18.030501608680133
151342,1,7,1,4.280431039298389
151349,1,7,8,8.586249068889158
151369,1,7,4,0.3586790108976326
151383,1,7,8,19.61298146208396
151389,0,7,0,0.04373931113747063
151392,1,7,5,0.3586789949470627
151395,1,7,8,12.579362478021354
151397,1,7,9,12.355203801516886
151402,1,7,8,14.104037620207668
151403,1,7,9,9.088656732944154
151406,1,7,8,12.207811050910701
151415,1,7,8,19.21448588379241
151421,1,7,9,16.46804541111281
151436,1,7,6,17.800278098765727
151438,1,7,4,0.3586790108976326
151442,1,7,8,20.318008924709567
151457,1,7,9,26.190123199730046
151461,1,7,4,0.3586790108976326
151475,1,7,9,21.703897373604274
151484,0,7,0,0.017946142933137985
151503,1,7,9,9.398796833866587
151509,1,7,6,19.237282238161104
151526,1,7,5,0.3586789934097332
151536,1,7,9,6.052116472537907
151544,0,7,0,0.017122411610976017
151548,1,7,10,15.189186161391468
151553,1,7,5,0.3586789934097332
151560,1,7,9,15.574758195570936
151566,1,7,4,0.3586790108976326
151571,1,7,8,14.138465102715912
151572,1,7,9,26.408201800925035
151583,1,7,8,4.452246961014278
151603,1,7,9,17.145320087987802
151607,1,7,4,0.3586790108976326
151609,1,7,8,3.1137069220048788
151615,1,7,4,0.3586790108976326
151620,1,7,9,26.334834448957203
151621,1,7,9,12.568815748576714
151634,1,7,8,14.464917946181146
151637,1,7,5,0.3586789934097332
151645,1,7,4,0.3586790108976326
151654,1,7,5,0.3586789934097332
151658,1,7,1,5.863418402549073
151661,1,7,2,9.45016624821095
151662,1,7,3,1.8759021358171568
151676,1,7,5,0.3586789934097332
151681,1,7,6,23.679487972079055
151692,1,7,3,1.464461235993609
151694,1,7,10,8.259767633638502
151696,1,7,4,0.3586790108976326
151698,1,7,4,0.3586790108976326
151708,1,7,8,24.16693264750665
151711,1,7,7,4.321171712037334
151722,1,7,10,17.478771812163185
151731,1,7,6,8.476037455733872
151735,1,7,8,23.42650596825359
151738,1,7,1,17.572698650097983
151745,1,7,8,3.971431027159977
151755,1,7,6,14.612386315547752
151760,1,7,9,5.759308331313892
151770,1,7,5,0.3586789934097332
151776,1,7,9,7.579289030116073
151782,1,7,3,2.2487674145462004
151784,1,7,10,20.959938271045257
151786,1,7,6,4.581448387699728
151805,1,7,9,15.60309721881287
151831,1,7,1,15.835791144921586
151847,1,7,9,6.956210096059445
151870,1,7,1,5.2424393804790075
151886,1,7,5,0.3586789949470627
151890,1,7,9,24.59896035460397
151891,1,7,9,23.293339415630133
151895,1,7,3,2.442285181235524
151905,1,7,1,11.175647736642818
151907,1,7,6,5.82475076254446
151920,1,7,6,22.38238303674953
151938,1,7,6,23.191735442196865
151946,1,7,4,0.3586790108976326
151951,1,7,4,0.3586790108976326
151965,0,7,0,0.011779047724724686
151967,1,7,8,26.351261753072006
151970,0,7,0,0.02651767337560203
151971,1,7,6,7.885731056835421
151984,1,7,5,0.3586789934097332
152010,1,7,5,0.3586789934097332
152019,1,7,6,16.886781570633534
152020,1,7,9,21.331298176686197
152035,1,7,8,9.288683538967735
152055,1,7,9,26.365342156257462
152075,0,7,0,0.03426400446289203
152116,1,7,6,5.941389752385378
152162,1,7,8,19.92972756835582
152165,1,7,9,26.418631539245986
152166,1,7,1,3.572364703375876
152191,1,7,9,16.89514439832128
152201,1,7,8,8.757504410300374
152204,1,7,5,0.3586789934097332
152218,1,7,9,22.028080860887854
152219,0,7,0,0.03096902342979521
152225,1,7,9,22.551464733767748
152241,1,7,5,0.3586789949470627
152242,1,7,9,20.847874070168785
152244,1,7,9,20.76617155865776
152264,1,7,7,3.3047406875440033
152268,1,7,9,14.734274255618017
152272,1,7,6,23.380486764449678
152273,1,7,4,0.3586790108976326
152277,1,7,6,9.554965716772932
152282,1,7,2,8.99973500477678
152305,1,7,9,5.967969731334226
152306,1,7,9,15.438894099550266
152337,1,7,1,18.18902815499338
152340,1,7,9,9.221962478806164
152352,1,7,3,1.5141375900777965
152363,1,7,6,23.11187256042541
152369,1,7,5,0.3586789934097332
152376,1,7,4,0.3586790108976326
152384,1,7,10,5.536716466906731
152428,1,7,7,1.6315313507488716
152430,1,7,9,20.194547083950763
152441,1,7,4,0.3586790108976326
152447,0,7,0,0.018675381242517854
152451,1,7,9,14.0878089187059
152467,1,7,4,0.3586790108976326
152470,1,7,9,13.006796408068135
152471,1,7,8,5.588865802740838
152476,1,7,6,23.86780658432991
152482,1,7,9,11.04238416628201
152485,1,7,8,19.000116608116688
152490,1,7,9,16.39742949225266
152493,1,7,5,0.3586789934097332
152496,1,7,8,6.2115973447566235
152506,1,7,8,18.06538989852636
152507,1,7,5,0.3586789949470627
152519,1,7,9,9.765136037386092
152526,1,7,10,20.565377222329868
152556,1,7,8,8.495784381107983
152563,1,7,5,0.3586789934097332
152575,1,7,5,0.3586789934097332
152576,1,7,9,5.861214788621772
152615,1,7,4,0.3586790108976326
152621,1,7,6,14.966928388073375
152633,1,7,5,0.3586789934097332
152663,1,7,2,5.653629948679421
152691,1,7,1,20.89815640386138
152694,1,7,7,1.694632504998161
152719,1,7,9,25.184407407101293
152722,1,7,10,14.596343086906252
152733,1,7,7,2.0078702803494113
152741,1,7,6,12.054774384347459
152743,1,7,8,10.425937150532887
152749,1,7,9,21.981610028373634
152796,1,7,5,0.3586789934097332
152802,1,7,10,7.089657427610785
152831,1,7,7,2.1158131498360326
152865,1,7,10,11.387293665304961
152870,1,7,8,21.092289642237215
152886,0,7,0,0.016172817202415795
152893,1,7,10,20.247439302040693
152902,1,7,9,15.150209357982652
152913,1,7,6,10.200770384627035
152914,1,7,6,6.640909440259038
152935,1,7,5,0.3586789934097332
152952,0,7,0,0.01664644901340192
152953,1,7,10,12.83105955122052
152972,1,7,10,7.111050743192518
152978,1,7,5,0.3586789934097332
152983,1,7,2,10.118950601795373
152995,1,7,9,14.687847562576293
153001,1,7,8,23.74389821275247
153025,1,7,1,22.151980770027315
153044,1,7,4,0.3586790108976326
153049,1,7,4,0.3586790108976326
153055,1,7,7,0.34822819487549966
153061,1,7,5,0.3586789934097332
153070,0,7,0,0.0118201125612778
153074,1,7,4,0.3586790108976326
153078,1,7,5,0.3586789934097332
153082,1,7,2,8.957944660509169
153090,1,7,2,7.590707605700555
153096,1,7,6,22.116220700633686
153100,1,7,5,0.3586789934097332
153126,1,7,4,0.3586790108976326
153130,1,7,10,12.385528860718924
153146,1,7,3,2.400352416946217
153155,1,7,8,27.96920757542006
153184,1,7,6,11.565872492242834
153199,1,7,8,15.55634519103807
153219,1,7,10,11.466770332987236
153245,1,7,6,13.0690309569321
153264,1,7,4,0.3586790108976326
153269,1,7,6,18.251451024447782
153271,1,7,9,3.5903572953323977
153287,1,7,9,3.356504646375449
153288,1,7,5,0.3586789934097332
153293,1,7,8,7.230764492133368
153295,0,7,0,0.030195477275041557
153301,1,7,6,8.185016912215444
153307,1,7,5,0.3586789934097332
153333,1,7,7,1.4686100108543938
153335,1,7,8,24.245610592493705
153337,1,7,9,24.96152547299464
153341,1,7,4,0.3586790108976326
153344,1,7,5,0.3586789934097332
153346,1,7,1,20.009402344775467
153351,1,7,5,0.3586789934097332
153357,1,7,9,10.566766396075359
153367,1,7,8,12.68879267728942
153368,1,7,5,0.3586789934097332
153369,1,7,10,21.245617299014167
153371,1,7,6,23.048598412066717
153415,0,7,0,0.06124578266647707
153452,1,7,6,20.396932707241767
153458,1,7,6,5.491818661009968
153461,1,7,3,2.147986509246464
153502,1,7,9,23.300072874957763
153510,1,7,1,15.892311336337105
153517,1,7,4,0.3586790108976326
153533,1,7,4,0.3586790108976326
153536,0,7,0,0.02375415033581136
153543,1,7,5,0.3586789934097332
153546,1,7,4,0.3586790108976326
153563,1,7,6,18.970641844266538
153567,1,7,1,10.349976813607192
153583,1,7,7,4.265308459620794
153607,1,7,9,22.44902980150685
153612,1,7,9,5.888086672833719
153625,1,7,9,16.143067536463494
153628,1,7,8,25.3511015640863
153632,1,7,7,4.645635055087434
153646,1,7,5,0.3586789934097332
153667,1,7,8,14.2509756378591
153668,1,7,9,8.483294793414634
153681,1,7,6,20.75539924794924
153700,1,7,3,2.208425867337111
153705,1,7,3,2.2805383543652322
153709,1,7,10,18.531391861391594
153720,1,7,1,15.677351521435575
153731,1,7,3,2.3665399653355643
153751,1,7,1,18.685690156801638
153760,1,7,6,14.654849297083768
153763,1,7,9,12.176765020212043
153774,1,7,4,0.3586790108976326
153791,1,7,9,15.122078850483533
153807,1,7,9,24.789893686957594
153809,1,7,9,4.306316816338545
153811,1,7,10,3.621708539231739
153818,1,7,4,0.3586790108976326
153826,1,7,8,5.331452407945275
153839,1,7,8,17.094582093293354
153841,1,7,8,8.33436658166803
153846,1,7,10,16.835895119924565
153898,1,7,6,6.052221492436644
153929,1,7,3,1.7330576385295182
153935,1,7,8,21.069955904773124
153936,1,7,1,7.163548185076857
153956,1,7,8,23.11036487430257
153961,1,7,8,18.62625243203226
153988,1,7,9,9.967510704090095
153997,1,7,2,10.414166787728995
154022,1,7,9,21.32693461996179
154057,1,7,9,18.726689022813066
154058,1,7,5,0.3586789934097332
154064,1,7,5,0.3586789934097332
154071,1,7,6,23.66971670381245
154075,0,7,0,0.01573137470847821
154093,1,7,6,21.696640272392315
154095,0,7,0,0.30537956826249735
154105,1,7,9,7.798396089494114
154122,1,7,5,0.3586789934097332
154125,1,7,6,18.066960094702242
154146,1,7,8,22.68488288802891
154164,1,7,1,21.443058549740194
154165,1,7,8,19.894849903617335
154167,1,7,8,7.456659754866475
154181,1,7,10,12.30615812237968
154206,1,7,5,0.3586789934097332
154213,1,7,7,2.704002081272265
154215,1,7,7,3.8169954974636546
154236,1,7,10,7.291197047731214
154246,1,7,5,0.3586789934097332
154252,1,7,10,11.037592779462596
154276,1,7,9,21.48285995806939
154286,1,7,8,16.397259823375716
154307,1,7,8,26.04573584695406
154308,0,7,0,0.11727512814322268
154311,1,7,6,14.395290215062884
154332,1,7,8,3.0609720324350222
154341,1,7,6,19.132397267591877
154346,1,7,6,14.725306733451841
154357,1,7,8,26.373380614125637
154385,1,7,6,24.0693687916463
154389,1,7,1,19.169504674333975
154395,0,7,0,0.02407085485202427
154411,1,7,4,0.3586790108976326
154415,1,7,5,0.3586789934097332
154417,1,7,1,7.112215958460103
154418,1,7,8,22.35680462199419
154449,1,7,10,20.06181366811628
154461,1,7,8,11.54058144571684
154469,1,7,8,13.007368842554591
154480,1,7,2,6.761179348903799
154500,1,7,8,3.1041570946472974
154503,1,7,10,13.624228263711279
154505,1,7,5,0.3586789934097332
154531,1,7,9,12.804747683376524
154546,1,7,3,2.3596278549684055
154550,1,7,8,14.901081234860674
154574,1,7,9,26.456142664361725
154581,1,7,7,4.5890472176629675
154583,1,7,9,9.536700572962841
154589,1,7,8,9.436900434953621
154597,1,7,8,24.88627871898333
154601,1,7,8,25.749273615598995
154632,1,7,9,14.722892705582437
154639,1,7,8,15.053401344890883
154641,1,7,8,13.358216907103706
154643,1,7,8,23.110080146568535
154647,1,7,10,14.660068790310907
154698,0,7,0,0.02496796234891729
154716,1,7,8,7.857199880592875
154718,1,7,5,0.3586789934097332
154724,1,7,6,9.597733301895405
154725,1,7,4,0.3586790108976326
154733,1,7,9,7.133806691136605
154745,1,7,4,0.358679009087165
154748,1,7,9,22.85630853404838
154777,1,7,10,13.024549579964683
154793,1,7,6,7.8257725163477145
154798,1,7,5,0.3586789934097332
154807,1,7,9,22.714945294077154
154808,1,7,10,17.513316323348562
154820,1,7,7,4.507012799275584
154827,1,7,10,9.913936451553596
154839,1,7,7,1.2826136881026835
154869,0,7,0,0.013439575034885139
154897,1,7,9,23.69519229406455
154898,1,7,8,8.171229327291103
154901,1,7,9,25.78164195114217
154912,1,7,5,0.3586789934097332
154933,0,7,0,0.23064018677155293
154951,1,7,4,0.3586790108976326
154957,1,7,6,13.272625802873574
154966,1,7,9,24.126528023805314
154970,1,7,1,12.080110543722958
154977,1,7,7,2.0108483074777515
155017,1,7,9,26.330648439854265
155018,1,7,8,27.886681349586876
155022,1,7,4,0.3586790108976326
155030,1,7,5,0.3586789934097332
155032,1,7,6,23.757056565166618
155033,1,7,4,0.3586790108976326
155039,1,7,5,0.3586789934097332
155041,1,7,5,0.3586789934097332
155046,1,7,9,15.599546698806433
155059,1,7,10,21.239706078564964
155065,1,7,4,0.358679009087165
155087,1,7,10,15.23683011953835
155106,1,7,9,17.76625933805431
155110,1,7,5,0.3586789934097332
155127,1,7,8,23.008501189994345
155135,1,7,5,0.3586789934097332
155142,1,7,8,12.574288519461433
155143,1,7,4,0.3586790108976326
155147,1,7,10,11.485186704187575
155148,1,7,10,16.552849223147717
155157,1,7,1,18.15678966236403
155168,1,7,1,14.46086548574956
155175,0,7,0,0.026600073469776386
155180,1,7,5,0.3586789934097332
155181,1,7,8,12.697759658100589
155183,1,7,4,0.3586790108976326
155191,1,7,8,3.8064786917183207
155201,1,7,3,1.3887656008057934
155206,1,7,9,12.631235351532894
155211,1,7,4,0.3586790108976326
155212,1,7,2,8.363589902930059
155220,1,7,2,11.420120952591079
155236,1,7,4,0.3586790108976326
155245,1,7,2,1.8783616009816155
155255,1,7,8,7.006610559133227
155261,1,7,6,14.960096674774341
155282,1,7,10,7.205537992926302
155287,1,7,1,5.6439643542078635
155288,1,7,5,0.3586789934097332
155313,1,7,6,13.230878184476806
155319,1,7,5,0.3586789934097332
155330,1,7,6,16.276855052549745
155340,1,7,9,14.35745266840491
155341,1,7,9,24.258634826825485
155353,1,7,4,0.3586790108976326
155366,1,7,2,3.400897699138837
155383,1,7,5,0.3586789934097332
155397,1,7,4,0.3586790108976326
155398,1,7,6,4.957137091828597
155417,1,7,6,21.264828512887064
155418,1,7,3,0.6115224760774907
155419,1,7,5,0.3586789934097332
155425,1,7,4,0.3586790108976326
155427,1,7,9,25.80663048890537
155433,1,7,6,23.147266096211872
155459,1,7,8,24.358018686708238
155464,1,7,10,8.71807568554497
155470,1,7,5,0.3586789934097332
155472,1,7,10,18.60447356226314
155478,0,7,0,0.01308204886763123
155481,1,7,10,17.323863281897193
155487,1,7,4,0.3586790108976326
155495,1,7,10,7.884698132736647
155500,1,7,10,21.26555914506734
155502,1,7,1,15.876374276525384
155517,1,7,9,16.256943354721713
155522,1,7,8,25.264027762267336
155536,1,7,6,23.977454299055626
155540,1,7,5,0.3586789934097332
155543,1,7,8,21.899533361099355
155586,1,7,4,0.3586790108976326
155594,1,7,4,0.3586790108976326
155596,1,7,8,14.144432800708113
155602,1,7,10,8.774948000616128
155606,1,7,9,23.68616218931024
155624,1,7,6,23.253558777334614
155630,1,7,8,9.447762586088157
155650,1,7,6,21.007055099547177
155654,1,7,8,26.739872852655715
155656,1,7,9,24.585990095871523
155669,1,7,5,0.3586789934097332
155679,1,7,5,0.3586789934097332
155692,1,7,6,5.824193916024283
155708,1,7,8,3.7301981479360173
155716,1,7,8,10.183857386466721
155727,1,7,4,0.3586790108976326
155736,1,7,8,15.774567458928793
155741,1,7,4,0.3586790108976326
155754,0,7,0,0.023855798672575063
155757,1,7,6,21.304483373394437
155758,1,7,6,13.891872668566766
155784,1,7,8,17.17573201266291
155795,1,7,9,25.675930952436325
155801,1,7,6,14.647784770596907
155803,1,7,5,0.3586789934097332
155804,1,7,8,27.695703292308362
155806,1,7,6,16.016043150785798
155810,1,7,10,19.652692546659264
155812,1,7,6,24.03307771508207
155825,1,7,7,1.7483734734598235
155844,1,7,7,2.6159545392125203
155846,1,7,7,1.5670999039487887
155849,1,7,8,21.41172772682273
155871,1,7,2,13.607979244713906
155872,1,7,1,22.3001472296643
155898,1,7,9,17.71177685462233
155900,1,7,8,16.645388091144063
155915,1,7,4,0.358679009087165
155921,1,7,10,12.939548945010737
155922,1,7,5,0.3586789934097332
155934,1,7,1,17.580667550569267
155939,1,7,9,15.84853102481178
155940,1,7,10,11.259468544738835
155950,1,7,1,8.43721819337121
155959,1,7,10,11.522850061258229
155966,1,7,7,4.476633958587545
155994,1,7,10,10.742618928005816
156000,1,7,5,0.3586789934097332
156011,0,7,0,0.017673769042946135
156028,1,7,5,0.3586789934097332
156048,1,7,4,0.3586790108976326
156050,0,7,0,0.11895621428420622
156071,1,7,6,8.806359138461264
156082,1,7,2,6.479283364363791
156088,1,7,9,19.785463771035477
156091,1,7,9,8.094387410878786
156105,1,7,9,12.362346123448845
156106,1,7,6,20.29424464109631
156108,0,7,0,0.02275171792186073
156110,1,7,1,18.304294825502996
156131,1,7,2,8.074020049357603
156140,1,7,8,4.416029332114401
156149,1,7,5,0.3586789934097332
156177,1,7,4,0.3586790108976326
156183,1,7,1,15.5262565441155
156191,1,7,10,12.378953689566929
156198,1,7,9,9.272575648560377
156202,1,7,9,25.165382082810023
156215,1,7,6,7.060245073992107
156242,1,7,7,1.171705668538408
156246,1,7,7,2.3331185860257055
156255,1,7,9,8.38888279491217
156306,1,7,8,15.34943208856928
156326,1,7,6,21.11408938936447
156327,1,7,8,13.169875412826672
156341,1,7,8,13.524810357776241
156346,1,7,9,24.768879323496364
156347,1,7,3,1.7943188493352977
156357,1,7,2,13.941346271590406
156369,1,7,4,0.3586790108976326
156374,1,7,6,12.356285333090335
156424,1,7,8,17.139391093271925
156445,1,7,10,11.36943329241721
156504,1,7,6,5.101419355223799
156507,1,7,8,16.02905067571855
156536,1,7,8,24.361886419605735
156538,1,7,9,24.578943449951915
156556,1,7,6,9.312511661371202
156569,1,7,4,0.3586790108976326
156578,1,7,6,10.571027491308161
156585,1,7,9,23.522805526283364
156588,1,7,9,23.751873461422342
156589,1,7,1,11.408637483462002
156590,1,7,9,8.927902971804764
156594,1,7,5,0.3586789934097332
156598,1,7,6,23.303712626603346
156607,1,7,9,8.22228937427704
156611,1,7,10,21.047589104564473
156633,1,7,4,0.3586790108976326
156647,1,7,10,10.22891508222042
156652,0,7,0,0.015903908670092316
156656,1,7,9,10.705608580630578
156667,1,7,10,8.097657394577217
156683,1,7,8,20.543809064819516
156691,1,7,5,0.3586789934097332
156695,1,7,9,13.616995951457675
156712,1,7,5,0.3586789934097332
156713,1,7,9,3.1841765826780506
156719,1,7,1,5.566974543816117
156727,1,7,4,0.3586790108976326
156729,1,7,7,1.5397301508374832
156733,1,7,9,13.585544758373294
156754,0,7,0,0.016193677228112786
156795,1,7,9,25.898249973123367
156817,1,7,9,20.30852945786998
156818,1,7,2,13.077365717137301
156825,1,7,5,0.3586789934097332
156830,1,7,9,13.092968890042897
156846,1,7,9,21.06231957628725
156881,1,7,10,20.72902839249453
156889,1,7,5,0.3586789934097332
156896,1,7,5,0.3586789934097332
156905,1,7,9,23.195304834428395
156925,0,7,0,0.028729983378965335
156941,1,7,8,14.483242125984688
156972,1,7,9,21.4339759843452
156998,1,7,5,0.3586789934097332
157003,1,7,9,26.247373416914446
157006,1,7,2,2.3971651644614163
157017,1,7,10,18.515647815016813
157028,1,7,6,12.8932401709342
157032,1,7,5,0.3586789934097332
157033,1,7,9,23.71450745936838
157041,1,7,6,12.122158966949995
157042,1,7,6,22.010456679337892
157045,1,7,9,23.708912009504754
157047,1,7,3,1.3729876171781321
157075,1,7,8,19.193317864279763
157077,1,7,9,20.466215903626484
157088,1,7,8,28.035094316014877
157091,1,7,1,13.037759684217809
157102,1,7,9,25.64931950803108
157103,1,7,5,0.3586789934097332
157118,1,7,10,18.154470871696375
157145,1,7,6,14.707215556384075
157152,1,7,4,0.3586790108976326
157153,1,7,6,15.746737638606064
157159,1,7,1,20.947392007320115
157161,1,7,8,21.353913949961374
157173,1,7,8,16.46958526954433
157175,1,7,5,0.3586789934097332
157178,1,7,6,12.228338544617404
157187,1,7,5,0.3586789934097332
157188,1,7,5,0.3586789934097332
157212,1,7,6,23.031386577602582
157215,1,7,7,1.5135107029022787
157219,1,7,7,1.0054203003275084
157233,1,7,8,12.210084163063998
157241,1,7,8,25.504388875810772
157249,1,7,7,4.644168344051911
157261,0,7,0,0.10509384670364413
157268,1,7,5,0.3586789934097332
157289,1,7,5,0.3586789934097332
157302,1,7,5,0.3586789934097332
157313,1,7,3,0.9157032632153277
157332,1,7,7,4.450077909397577
157370,1,7,8,24.247866490707803
157385,1,7,6,9.71477568059044
157404,1,7,5,0.3586789934097332
157406,1,7,8,13.14642232439475
157423,1,7,9,14.567635247182569
157424,1,7,9,4.231198121845118
157425,1,7,5,0.3586789934097332
157435,1,7,4,0.3586790108976326
157436,1,7,9,16.319281266888556
157442,1,7,1,20.825892965675465
157443,1,7,5,0.3586789934097332
157466,1,7,5,0.3586789934097332
157500,1,7,9,25.55372267803675
157511,1,7,9,15.964406678147782
157515,1,7,10,7.2169666111906725
157522,1,7,4,0.3586790108976326
157529,1,7,5,0.3586789934097332
157565,1,7,4,0.3586790108976326
157575,1,7,8,17.3579878804471
157583,1,7,9,23.52414874461231
157591,1,7,10,10.671530889703718
157594,1,7,9,26.445285277520988
157598,1,7,10,15.665869430345436
157606,1,7,4,0.3586790108976326
157617,1,7,4,0.3586790108976326
157622,0,7,0,0.2053555706629249
157626,1,7,6,19.6289874353648
157638,1,7,9,13.780278598531842
157644,1,7,9,8.20289896529099
157668,1,7,4,0.3586790108976326
157692,1,7,7,4.273345845421281
157695,1,7,8,16.03962804157185
157701,1,7,8,20.950819357282157
157708,1,7,8,5.483885157662614
157710,1,7,6,6.986121325756018
157722,1,7,10,8.148473489274172
157727,0,7,0,0.03192098319208137
157738,1,7,9,9.320728045188103
157741,1,7,8,16.56282252556579
157743,1,7,4,0.3586790108976326
157778,1,7,6,22.96626170953588
157790,0,7,0,0.04920350037726987
157826,1,7,8,18.765368741085137
157830,1,7,7,2.7150296129742753
157844,1,7,10,20.428171516122102
157893,1,7,8,19.59202572972594
157899,1,7,6,14.31114008842792
157913,1,7,9,17.36215574406036
157929,1,7,6,7.796890424861655
157931,1,7,8,5.647249668710169
157942,1,7,9,0.3592639289994338
157947,1,7,7,1.2279392774976585
157956,1,7,6,23.305658476895303
157967,1,7,5,0.3586789934097332
157968,1,7,4,0.3586790108976326
157975,1,7,1,13.820592599937774
157976,1,7,5,0.3586789934097332
157984,1,7,6,17.512468001389845
158004,1,7,4,0.3586790108976326
158012,1,7,5,0.3586789934097332
158017,0,7,0,0.021193102614070328
158030,1,7,8,13.39067695622277
158033,1,7,2,10.884827920956814
158046,1,7,4,0.358679009087165
158047,1,7,6,7.704912806144927
158059,1,7,10,7.110622114067433
158066,1,7,2,4.6445103525398075
158075,1,7,10,10.81376810172735
158091,1,7,9,24.365246925541086
158109,1,7,9,18.976452982310136
158114,1,7,6,15.476740259883082
158128,1,7,5,0.3586789934097332
158133,1,7,4,0.3586790108976326
158160,1,7,8,14.529390942707002
158162,1,7,9,10.88123902200188
158186,1,7,4,0.3586790108976326
158200,1,7,1,8.086166398961009
158207,1,7,4,0.3586790108976326
158212,1,7,5,0.3586789934097332
158216,1,7,5,0.3586789934097332
158218,1,7,9,8.588707264000737
158226,1,7,6,15.410474095676893
158240,1,7,5,0.3586789934097332
158257,1,7,8,8.528450372886155
158284,0,7,0,0.013259850411908206
158307,1,7,9,16.685118565680327
158308,1,7,2,9.927435220661879
158311,1,7,1,3.6108177285240717
158353,1,7,4,0.3586790108976326
158355,1,7,10,7.763585135483139
158370,1,7,9,20.463976227131873
158375,0,7,0,0.024638731384841028
158383,1,7,9,15.591499461143261
158386,1,7,1,19.479164017828953
158435,1,7,10,5.0040425135112985
158448,1,7,10,9.884547721339594
158465,1,7,8,9.48551115992075
158470,1,7,4,0.3586790108976326
158472,1,7,7,3.722521864316793
158475,1,7,10,7.86898291848708
158483,1,7,8,7.399603659533204
158498,1,7,4,0.3586790108976326
158500,1,7,9,16.100486839586726
158506,1,7,10,5.418694100123349
158512,1,7,8,2.980657336858133
158517,1,7,10,12.317293495391995
158535,1,7,2,6.893766114904505
158553,1,7,4,0.3586790108976326
158566,1,7,2,12.308753101707893
158574,1,7,9,21.250874085069835
158576,1,7,6,9.343820229211593
158591,1,7,8,14.441493591089095
158606,1,7,1,20.63130639121198
158609,0,7,0,0.11877244508382426
158616,1,7,9,24.3731521699672
158634,1,7,4,0.3586790108976326
158665,1,7,6,22.43683069741253
158675,1,7,9,25.93773339163698
158679,1,7,3,1.1725074675562377
158685,1,7,10,15.487040663081657
158728,1,7,9,25.55403050032285
158736,1,7,3,2.2267421233127314
158747,1,7,9,22.16826305200953
158752,1,7,4,0.3586790108976326
158756,1,7,2,11.238824419827957
158760,1,7,8,13.520981670802081
158784,1,7,7,0.894024859477341
158793,1,7,9,25.1977497124118
158805,1,7,1,18.100195433087737
158812,1,7,8,12.830214034466549
158828,1,7,5,0.3586789934097332
158839,1,7,7,4.357079511501047
158852,1,7,1,21.879037282799278
158877,0,7,0,0.019071205427921477
158881,1,7,4,0.3586790108976326
158896,1,7,4,0.3586790108976326
158916,1,7,1,16.017798537382475
158921,1,7,3,2.394647485190172
158926,1,7,10,8.530530812349104
158945,1,7,4,0.3586790108976326
158946,1,7,10,5.392153807087099
158950,1,7,8,15.760633617943855
158967,1,7,10,15.411094826415914
158972,0,7,0,0.019289369021033807
158974,1,7,8,13.520052421606612
158993,1,7,2,8.067491859390787
159001,1,7,5,0.3586789934097332
159005,1,7,9,9.43001834099319
159024,0,7,0,0.013589998540578936
159028,1,7,6,23.460346394251513
159032,1,7,5,0.3586789934097332
159041,1,7,10,12.310979916904332
159050,1,7,3,1.2466496593144891
159051,1,7,9,25.303970208409027
159053,1,7,9,20.91963337196981
159055,1,7,4,0.3586790108976326
159076,1,7,9,4.1845188881333115
159090,1,7,10,20.002619481459778
159135,1,7,1,8.116309167670465
159145,1,7,9,25.560120509446453
159149,1,7,4,0.3586790108976326
159160,1,7,9,25.727474219819218
159185,1,7,3,2.2211457066502653
159212,1,7,8,16.03338336725949
159225,1,7,8,12.227613877816859
159235,1,7,6,23.83765405180419
159244,0,7,0,0.19737431857464013
159252,1,7,8,4.751938260617851
159274,0,7,0,0.20781725702342532
159279,1,7,8,19.816367408569153
159286,1,7,4,0.3586790108976326
159320,1,7,6,12.460922708326907
159324,1,7,8,23.350712056050252
159336,1,7,5,0.3586789934097332
159347,1,7,3,1.1482337919887056
159351,1,7,7,0.6408472620312364
159352,1,7,6,11.80835122979138
159357,1,7,6,12.013794733877065
159358,1,7,5,0.3586789934097332
159371,1,7,9,26.322219022135407
159379,1,7,6,15.670923873285982
159394,1,7,6,19.341322292779477
159398,1,7,5,0.3586789934097332
159402,1,7,5,0.3586789934097332
159418,1,7,6,12.644286786535808
159422,1,7,5,0.3586789934097332
159441,1,7,6,22.82607171525846
159452,1,7,4,0.3586790108976326
159468,1,7,1,22.091892276856786
159486,1,7,5,0.3586789934097332
159487,1,7,10,14.414362388888765
159496,1,7,1,6.30241848802714
159507,1,7,2,11.1641994878602
159521,1,7,6,11.112128135045563
159525,1,7,8,25.763038113972836
159528,0,7,0,0.014395894880864764
159541,1,7,9,18.580359924448032
159542,1,7,1,21.767827058164354
159543,1,7,9,23.57778395550724
159551,1,7,6,14.973112766154602
159562,1,7,10,10.60171469609134
159583,1,7,9,24.86177237198413
159584,1,7,4,0.3586790108976326
159588,1,7,10,9.061571615476506
159594,1,7,9,10.968755133164414
159596,1,7,8,24.907811304441424
159605,1,7,6,14.958698577206558
159619,1,7,2,5.430122627489841
159620,1,7,8,13.267013920235778
159627,1,7,6,13.954791973795457
159636,1,7,10,14.251385346896987
159642,1,7,10,18.964504090680165
159650,1,7,7,1.9770484414032903
159674,1,7,2,11.562612371435677
159682,1,7,6,16.95226256012308
159692,1,7,1,17.270394067905855
159715,1,7,6,19.837044330754384
159729,1,7,4,0.3586790108976326
159739,1,7,8,11.067735856447147
159754,1,7,10,20.60423426002409
159757,1,7,9,17.508032840504153
159758,1,7,8,15.919300894168977
159761,1,7,10,7.28262032898153
159765,1,7,2,13.016591436461407
159768,1,7,10,10.723461653172158
159774,1,7,4,0.3586790108976326
159784,1,7,8,14.04098733303877
159790,1,7,7,4.0788279330171635
159820,1,7,1,20.66383231629876
159830,1,7,8,19.40414589647515
159832,1,7,4,0.3586790108976326
159847,1,7,4,0.3586790108976326
159866,1,7,4,0.3586790108976326
159871,1,7,9,24.11828206282564
159888,1,7,10,4.385947201594635
159907,1,7,8,23.639505108705077
159921,1,7,9,18.448967638304914
159939,1,7,8,26.28045870968881
159958,1,7,5,0.3586789934097332
159962,1,7,4,0.3586790108976326
159963,1,7,8,19.949321652591863
159968,1,7,4,0.3586790108976326
159986,1,7,5,0.3586789934097332
159987,1,7,9,7.883949891110175
160008,1,7,5,0.3586789934097332
160032,1,7,10,12.258251036307945
160047,1,7,9,15.151908498341118
160067,1,7,4,0.3586790108976326
160068,1,7,5,0.3586789934097332
160077,1,7,8,15.044249132121477
160080,1,7,8,8.532348631386194
160087,1,7,8,5.861904490242414
160101,0,7,0,0.25321686131434
160109,1,7,2,13.871020067735213
160138,1,7,8,22.5480777608583
160145,1,7,6,19.969329255529402
160157,1,7,6,14.934801132065552
160163,1,7,9,11.304540404247104
160167,1,7,5,0.3586789934097332
160168,1,7,5,0.3586789934097332
160178,1,7,8,16.635659050158658
160186,1,7,1,20.998776907868425
160187,1,7,5,0.3586789934097332
160200,1,7,6,14.771696707845097
160229,1,7,1,11.867336091808621
160230,1,7,4,0.3586790108976326
160234,1,7,6,12.963992917705806
160236,1,7,9,9.767870574771889
160246,1,7,7,2.060493173918652
160267,1,7,1,12.8580526159646
160276,1,7,3,2.1673833729336653
160284,1,7,3,1.9887284725803063
160286,1,7,9,22.36634356551519
160289,1,7,4,0.3586790108976326
160304,1,7,5,0.3586789934097332
160320,1,7,4,0.3586790108976326
160341,0,7,0,0.025749851391961138
160350,1,7,10,14.411522194791
160354,1,7,4,0.3586790108976326
160373,1,7,4,0.3586790108976326
160387,1,7,2,4.951201814941967
160395,1,7,6,21.37533651213533
160402,1,7,10,14.858267165127593
160407,0,7,0,0.029590684960567187
160420,1,7,9,9.883281765863261
160421,1,7,5,0.3586789934097332
160425,1,7,3,2.432737535894208
160428,1,7,6,17.136055292992072
160447,1,7,8,17.071920208354033
160448,1,7,10,11.88338242615629
160450,1,7,8,17.345271854619433
160455,1,7,8,16.25265258209675
160463,1,7,6,22.003179589007207
160469,1,7,8,20.161694701847566
160474,1,7,9,21.042682264771386
160477,1,7,5,0.3586789934097332
160479,1,7,6,16.161740157088374
160494,1,7,4,0.3586790108976326
160521,1,7,1,19.026180968414096
160530,1,7,4,0.3586790108976326
160538,1,7,7,0.7536742256378821
160554,1,7,6,18.155725745494443
160559,1,7,2,3.246660451466737
160562,1,7,5,0.3586789934097332
160579,1,7,4,0.3586790108976326
160588,1,7,5,0.3586789934097332
160593,1,7,7,4.1631384198194965
160606,1,7,5,0.3586789934097332
160617,1,7,4,0.3586790108976326
160626,1,7,8,15.046962026124975
160632,1,7,6,14.508333035319367
160639,1,7,9,19.0583449278523
160659,1,7,6,7.5242576502170255
160668,1,7,3,1.795563352207484
160676,1,7,9,16.28005963517099
160686,0,7,0,0.18283036623069113
160708,1,7,1,22.21216474653323
160747,1,7,5,0.3586789934097332
160764,1,7,5,0.3586789949470627
160780,1,7,5,0.3586789949470627
160791,1,7,9,14.808851805757905
160804,1,7,4,0.3586790108976326
160808,1,7,6,20.86897016763868
160809,1,7,8,28.537707796812068
160814,1,7,8,9.985957839157422
160824,1,7,9,3.4081784417452132
160856,1,7,10,19.95844220051365
160866,1,7,10,11.351434866164052
160873,1,7,8,11.28360457471266
160917,1,7,8,20.115365758870087
160923,1,7,9,21.909805797707207
160930,1,7,6,8.231545595879851
160947,1,7,10,6.038228909150956
160955,1,7,5,0.3586789934097332
160959,1,7,8,13.79081989079598
160961,1,7,10,18.870348251369855
160965,1,7,8,25.955077938137478
160966,1,7,6,7.138337343118912
160975,1,7,4,0.3586790108976326
160982,1,7,4,0.3586790108976326
160985,1,7,3,1.9295776365203001
160987,1,7,6,11.060897495799262
160995,0,7,0,0.01629717188375295
161028,1,7,8,13.468827038689222
161033,1,7,9,18.72880694670012
161045,1,7,9,7.526432905379342
161071,1,7,9,10.781400243821123
161074,1,7,1,5.6581612905800664
161083,1,7,6,21.80860211610306
161090,1,7,4,0.3586790108976326
161094,1,7,9,26.451016447084086
161103,1,7,5,0.3586789949470627
161112,1,7,7,1.5854189310703495
161128,1,7,1,9.817981612534197
161134,1,7,10,10.255273379893517
161154,1,7,1,19.727006502886166
161155,1,7,4,0.3586790108976326
161161,1,7,1,16.403099767047262
161168,1,7,6,10.23702655191329
161169,1,7,6,23.74861349501147
161191,1,7,1,10.23228009966062
161203,1,7,4,0.3586790108976326
161207,1,7,10,5.593588292470209
161209,1,7,10,7.110135640768071
161265,1,7,6,17.12554835862727
161281,1,7,6,19.56264657947068
161292,1,7,5,0.3586789934097332
161295,1,7,4,0.3586790108976326
161298,1,7,7,1.186151556754031
161300,1,7,10,9.252371699475251
161307,1,7,10,17.15342849212461
161316,1,7,9,9.821336301540134
161320,1,7,9,26.21822312327599
161321,1,7,5,0.3586789934097332
161325,1,7,8,12.001335558403898
161336,1,7,5,0.3586789934097332
161357,1,7,9,25.54286447906379
161363,1,7,9,22.994655313252903
161374,1,7,4,0.3586790108976326
161383,1,7,9,13.146069949504295
161394,1,7,9,13.002727203156043
161407,1,7,8,14.25661017241641
161419,1,7,5,0.3586789949470627
161424,1,7,7,2.0068887736645245
161433,1,7,1,21.203614050744676
161451,1,7,5,0.3586789934097332
161456,1,7,5,0.3586789934097332
161463,1,7,4,0.3586790108976326
161497,1,7,10,20.967770539068884
161505,1,7,9,9.755715941661032
161512,1,7,2,12.895609721097513
161526,1,7,9,15.696606031053442
161564,1,7,7,2.1972208839756457
161571,1,7,5,0.3586789934097332
161572,1,7,10,5.724004858751237
161588,1,7,9,14.536944165148029
161598,1,7,1,5.759561282171692
161610,1,7,5,0.3586789934097332
161611,1,7,3,2.011053871424725
161629,1,7,5,0.3586789934097332
161645,1,7,7,2.534666335975204
161666,1,7,10,11.273059408740876
161670,1,7,8,26.564478260127462
161678,1,7,5,0.3586789934097332
161697,1,7,3,1.4786952464872254
161713,1,7,8,15.94502013415232
161728,1,7,8,17.138685926966733
161737,1,7,10,11.18137185422451
161756,1,7,3,1.9459521409850566
161758,0,7,0,0.01655629172077616
161775,1,7,9,10.010339526577406
161781,1,7,10,7.5753467110077555
161790,1,7,10,10.510130788813893
161793,1,7,10,4.606687059861881
161824,1,7,4,0.358679009087165
161825,1,7,6,13.618724517067106
161826,1,7,8,13.325370892153407
161833,1,7,8,15.731293640973458
161837,1,7,5,0.3586789934097332
161840,1,7,8,28.069786919589852
161845,1,7,8,25.816691690575947
161847,1,7,8,24.116039858198224
161853,1,7,9,18.641522299246223
161858,1,7,8,28.009238334339727
161862,1,7,8,13.61292768691357
161869,1,7,5,0.3586789934097332
161871,1,7,9,20.913840032174285
161872,1,7,5,0.3586789934097332
161881,1,7,1,7.913340615746067
161889,1,7,6,17.89218481421111
161907,1,7,2,7.564429579226896
161912,1,7,9,25.934612382158374
161917,1,7,10,5.422578654424922
161919,1,7,9,23.209576364317844
161923,1,7,9,25.494629564262144
161924,1,7,9,12.728398543480337
161928,1,7,6,15.407504785516336
161934,1,7,9,17.099551413388046
161943,1,7,1,5.377936032022389
161947,1,7,7,1.0504014097839973
161958,1,7,6,23.87199723806147
161965,1,7,3,1.8855314338449092
161967,1,7,9,13.4326948097021
161968,1,7,5,0.3586789934097332
161977,1,7,10,17.429348999910545
161985,1,7,4,0.3586790108976326
161996,1,7,9,15.60051799760336
161998,1,7,6,16.025885059889664
162017,1,7,9,24.951087237345924
162034,1,7,1,14.520235949115262
162046,1,7,6,18.41290561815992
162060,1,7,8,24.06137818312338
162061,1,7,9,14.779194981885608
162070,1,7,4,0.3586790108976326
162080,1,7,1,20.823420727006262
162083,1,7,9,14.15033580083929
162088,1,7,2,10.962939136149357
162091,0,7,0,0.018377328494226425
162112,1,7,5,0.3586789934097332
162114,1,7,10,10.531554501764036
162116,1,7,9,25.525937270562007
162121,1,7,3,2.4093343447197424
162125,1,7,4,0.3586790108976326
162142,1,7,10,20.471368512648937
162143,1,7,8,16.738891336663215
162160,1,7,8,4.804474688043733
162198,1,7,2,4.880854146502999
162203,1,7,6,7.01220335872069
162207,1,7,8,20.38635137605802
162210,1,7,5,0.3586789934097332
162242,0,7,0,0.016498597863342252
162246,0,7,0,0.022534652828387694
162276,1,7,9,16.267907024838955
162310,1,7,10,15.8742926180647
162340,1,7,1,18.806142920157246
162344,1,7,8,11.248665227387308
162349,1,7,8,21.16405641181145
162350,1,7,9,16.626973434388344
162354,1,7,1,9.764465587354513
162359,1,7,1,18.964293649878492
162387,1,7,4,0.3586790108976326
162391,1,7,9,26.152106524060493
162392,1,7,5,0.3586789934097332
162393,1,7,7,3.528348919320541
162399,1,7,4,0.3586790108976326
162401,1,7,1,3.712346552180098
162402,1,7,6,13.841829292171502
162405,1,7,5,0.3586789934097332
162416,1,7,10,8.337075842310757
162417,1,7,9,25.60757222815897
162478,1,7,10,11.882265078633194
162480,1,7,6,11.766171193571465
162482,1,7,1,18.340437537872162
162494,0,7,0,0.022900774196356288
162495,1,7,8,4.679581604125825
162510,1,7,8,9.35085219169076
162515,1,7,8,23.478298094041794
162526,1,7,6,18.91490368752358
162531,1,7,5,0.3586789934097332
162541,1,7,1,18.187720217624687
162543,1,7,3,2.428732893163988
162545,1,7,4,0.3586790108976326
162553,1,7,8,26.499384199022863
162554,1,7,8,16.31152242253222
162559,1,7,2,8.614677987555021
162563,0,7,0,0.015067118322231447
162568,1,7,9,18.825993921259595
162572,1,7,8,14.38554736527461
162597,0,7,0,0.02167521636803677
162615,1,7,6,11.660353697644032
162620,1,7,5,0.3586789949470627
162660,1,7,9,4.610429901276363
162663,1,7,5,0.3586789934097332
162683,1,7,8,27.93832905874354
162694,1,7,10,12.40247106858643
162696,1,7,9,9.73272432633226
162698,1,7,1,18.13816697473164
162700,1,7,10,7.691065740549147
162710,1,7,7,4.36524723300872
162714,1,7,10,12.241216515783492
162716,1,7,8,22.325347872638783
162729,1,7,5,0.3586789934097332
162739,1,7,8,15.95579205671734
162749,0,7,0,0.009133330966198078
162755,1,7,6,14.56067191228236
162778,1,7,6,18.6449384583423
162794,1,7,9,6.669773224785637
162795,1,7,4,0.3586790108976326
162813,1,7,2,12.55650601900932
162814,1,7,8,9.635799089204045
162821,1,7,10,11.702651006151843
162825,1,7,9,16.669957307168794
162827,1,7,4,0.3586790108976326
162837,1,7,2,8.315337127202024
162840,1,7,9,15.620592248836456
162843,1,7,8,15.889360201127023
162848,1,7,10,12.262221025116645
162849,1,7,9,13.434744327885966
162856,1,7,1,17.80939081907156
162857,1,7,9,2.9725462551958928
162865,1,7,6,9.302987243690179
162875,1,7,9,15.258572095216646
162876,1,7,6,14.297427396849065
162895,1,7,9,22.554562427208484
162897,1,7,6,5.328795923313469
162902,1,7,2,10.928595855532539
162938,1,7,8,6.604328521992509
162942,1,7,9,26.356022707147428
162952,1,7,5,0.3586789934097332
162953,1,7,3,2.360715835117504
162959,1,7,6,15.012044171304927
162971,1,7,3,0.9681280997113059
162972,1,7,3,0.7932774914160095
162976,1,7,1,14.279740180412464
162979,1,7,4,0.3586790108976326
162983,1,7,5,0.3586789934097332
162988,1,7,8,26.417594653902242
162990,1,7,5,0.3586789934097332
162997,1,7,1,18.123277598510168
163001,1,7,9,20.42136609919187
163002,1,7,4,0.3586790108976326
163012,1,7,6,12.806545291401463
163018,1,7,1,20.138139785839208
163028,1,7,6,23.037214354471573
163037,1,7,7,2.8134063503440716
163041,1,7,1,15.276525547750099
163058,1,7,10,20.589230636177554
163071,1,7,3,2.365923893586036
163091,1,7,2,4.524649287564673
163096,0,7,0,0.026015168534107617
163107,1,7,10,18.072654679879356
163114,1,7,8,10.766932366095467
163126,1,7,7,2.2139661216669886
163133,1,7,6,6.317760765895124
163136,1,7,9,16.619467168554465
163163,1,7,6,23.20615807462623
163166,1,7,8,24.02207574001529
163218,1,7,5,0.3586789934097332
163221,1,7,6,14.53627719930712
163227,0,7,0,0.017114416072304992
163244,1,7,6,5.328714913946518
163252,1,7,9,6.225075325266085
163304,1,7,4,0.3586790108976326
163306,1,7,5,0.3586789934097332
163315,1,7,9,23.48314402645549
163323,1,7,10,5.104376879309406
163336,1,7,9,23.718009956469704
163359,1,7,9,25.363658663773954
163365,1,7,5,0.3586789934097332
163370,1,7,4,0.3586790108976326
163382,1,7,4,0.3586790108976326
163397,1,7,6,5.18769924314585
163419,1,7,6,12.015714299169284
163425,1,7,8,19.80736556568037
163430,1,7,8,28.5016101381828
163441,1,7,3,0.8565284881826148
163455,1,7,4,0.3586790108976326
163463,1,7,8,28.5334737793875
163469,1,7,9,17.59466889234035
163473,0,7,0,0.02202483904819373
163481,1,7,5,0.3586789934097332
163493,1,7,6,7.77702487423368
163500,1,7,9,23.499897780908874
163505,1,7,8,14.207017626638155
163520,1,7,9,22.519380908924095
163526,1,7,8,23.751025711955105
163527,1,7,6,11.845880701367665
163543,1,7,10,5.341230583692379
163548,1,7,9,20.669108740155373
163552,1,7,8,17.304010250736447
163557,1,7,5,0.3586789934097332
163558,1,7,9,23.402911965550533
163564,1,7,5,0.3586789934097332
163572,1,7,9,8.910050737277274
163573,1,7,9,18.539615184212387
163579,1,7,4,0.3586790108976326
163585,1,7,5,0.3586789934097332
163600,1,7,9,11.355802640149166
163611,1,7,4,0.3586790108976326
163614,1,7,8,8.756996792210167
163616,1,7,9,15.22661826574248
163618,1,7,5,0.3586789934097332
163633,0,7,0,0.023691912804441582
163646,1,7,6,22.06559349716228
163676,1,7,1,10.91891803322113
163696,1,7,5,0.3586789934097332
163699,1,7,4,0.3586790108976326
163702,0,7,0,0.18290749943671833
163710,1,7,5,0.3586789934097332
163726,1,7,5,0.3586789934097332
163730,1,7,8,7.362418276980883
163732,1,7,10,18.31968992753494
163745,1,7,5,0.3586789934097332
163749,1,7,8,22.980842527708045
163764,1,7,6,22.650531502244284
163777,1,7,9,7.7206132623020745
163784,1,7,2,5.015297222818143
163793,1,7,9,6.640767813489845
163794,1,7,10,12.113474722080078
163831,1,7,5,0.3586789949470627
163833,1,7,8,2.9773714948408054
163841,1,7,6,6.986736997792765
163851,1,7,4,0.3586790108976326
163864,1,7,10,17.298428390883146
163888,1,7,6,7.151399308637424
163904,1,7,7,0.7024225650110619
163916,1,7,1,18.104819308437232
163925,1,7,8,24.920148589898613
163938,0,7,0,0.015607785566140104
163954,1,7,9,14.349940235805521
163957,0,7,0,0.20297112980045337
163966,1,7,10,12.901308995509751
163974,1,7,8,21.35570004535183
163976,1,7,9,19.1904666504897
163988,1,7,4,0.3586790108976326
164009,1,7,1,13.086932530056908
164024,1,7,1,5.369727133926689
164026,1,7,10,20.992300605588195
164036,1,7,2,7.263317325397079
164043,1,7,7,2.4032237053332564
164046,1,7,5,0.3586789934097332
164082,1,7,3,2.1542661533319287
164088,1,7,1,17.969714837442833
164096,1,7,8,16.005266768790253
164112,1,7,5,0.3586789934097332
164124,1,7,3,2.425325921790667
164126,1,7,10,14.483213123860411
164130,1,7,5,0.3586789934097332
164135,1,7,9,24.620879838297945
164145,1,7,6,14.945158615167323
164161,1,7,4,0.358679009087165
164162,1,7,6,9.833738914723465
164191,1,7,8,28.53182035659011
164197,1,7,10,6.002563410081443
164209,1,7,4,0.3586790108976326
164222,1,7,3,1.5123411459223324
164235,1,7,8,14.855099417329207
164236,1,7,6,12.521242203806873
164238,1,7,3,2.424271134103473
164239,1,7,4,0.3586790108976326
164244,1,7,10,9.15235643883766
164264,1,7,7,0.3696018240190384
164276,0,7,0,0.006848637507236158
164281,1,7,10,15.742499295632614
164288,1,7,6,19.14201579034397
164290,1,7,9,11.06527251493234
164314,1,7,5,0.3586789934097332
164322,1,7,8,24.375415717807957
164333,1,7,9,17.82001895586012
164337,1,7,6,22.319789513026038
164342,1,7,8,20.26983542117263
164343,1,7,4,0.3586790108976326
164347,1,7,1,5.333952950481689
164366,1,7,9,20.587226359513007
164378,1,7,9,16.218675134569235
164384,1,7,9,14.380780517548232
164387,1,7,6,7.604989689255693
164392,1,7,5,0.3586789934097332
164409,1,7,6,13.284074361034643
164414,1,7,9,12.743967796100765
164456,1,7,8,4.416588490992055
164465,1,7,9,4.117468817543836
164479,1,7,6,23.261140518611814
164495,1,7,6,23.140585349230253
164506,1,7,3,1.0256541845354556
164508,1,7,3,2.3514918480582687
164510,1,7,6,22.73022638881432
164513,1,7,8,6.7375368296941875
164516,1,7,6,11.439221105482611
164517,1,7,5,0.3586789934097332
164518,1,7,5,0.3586789934097332
164533,1,7,5,0.3586789934097332
164544,1,7,9,24.893707986765023
164563,1,7,9,20.644371967993276
164571,1,7,10,4.9128052290154525
164578,1,7,10,15.097772556394023
164600,1,7,9,19.790712405524566
164656,1,7,7,4.575452538515364
164666,1,7,8,22.849892306298923
164676,1,7,4,0.3586790108976326
164698,1,7,9,23.95559619869902
164701,1,7,8,15.187867328592194
164708,1,7,2,13.679465249853797
164709,1,7,6,19.402186875465322
164710,1,7,6,17.935143077046792
164717,1,7,5,0.3586789934097332
164720,1,7,4,0.3586790108976326
164734,1,7,9,8.961636884122997
164753,1,7,1,19.956760405706035
164754,1,7,7,0.8523986665684452
164769,1,7,4,0.3586790108976326
164778,1,7,4,0.3586790108976326
164800,1,7,9,8.415148557484079
164806,1,7,5,0.3586789934097332
164866,1,7,5,0.3586789949470627
164882,1,7,8,28.23034350396552
164893,1,7,9,26.13382560639827
164899,1,7,4,0.3586790108976326
164902,1,7,8,11.777852207123022
164904,1,7,4,0.3586790108976326
164911,1,7,9,23.69963305455078
164912,1,7,7,3.2722267803078284
164913,1,7,1,6.193854843740544
164915,1,7,8,12.807792320254622
164926,1,7,5,0.3586789934097332
164933,1,7,1,21.36560634993168
164934,1,7,9,16.076896620045083
164944,1,7,6,19.818446141359882
164969,1,7,8,27.13684449335385
164977,1,7,1,22.88578093183111
165001,1,7,4,0.3586790108976326
165010,1,7,5,0.3586789934097332
165016,1,7,4,0.3586790108976326
165080,1,7,9,10.290938661391229
165083,1,7,6,22.13369467183131
165094,1,7,8,16.51660515107208
165102,1,7,8,16.98619558935063
165108,1,7,9,9.11808321762844
165137,1,7,6,18.986426910298338
165152,1,7,5,0.3586789934097332
165203,1,7,4,0.3586790108976326
165208,1,7,6,4.890348772334611
165230,0,7,0,0.017869981067830516
165232,1,7,6,22.077910394110848
165243,1,7,9,11.941230547898043
165244,1,7,5,0.3586789934097332
165250,1,7,5,0.3586789949470627
165252,0,7,0,0.01306936256577445
165257,1,7,8,17.640912292454377
165288,1,7,8,15.136255484714932
165301,1,7,9,19.418034702265366
165306,1,7,4,0.3586790108976326
165310,1,7,8,27.850009069613087
165335,1,7,4,0.3586790108976326
165339,1,7,5,0.3586789934097332
165351,1,7,2,11.860078133092683
165384,1,7,7,1.6912005078819463
165389,1,7,6,17.061943358825296
165396,1,7,7,3.6047714064528873
165399,1,7,10,12.802443891812901
165407,1,7,6,14.720192120797309
165408,1,7,5,0.3586789934097332
165418,1,7,9,15.701424940719747
165430,1,7,10,6.415031503034737
165435,1,7,1,4.038396428674929
165488,1,7,5,0.3586789934097332
165504,1,7,10,21.259945529427377
165523,1,7,7,4.087107626703182
165542,1,7,9,23.003268613631782
165583,1,7,10,8.777024409844113
165608,1,7,6,19.410804040410465
165609,1,7,8,24.327102740096137
165618,1,7,5,0.3586789934097332
165632,1,7,9,23.240155093763967
165669,1,7,5,0.3586789934097332
165673,1,7,5,0.3586789934097332
165679,1,7,10,4.465923966376502
165681,1,7,2,3.759886473360951
165706,1,7,1,6.982180488471851
165710,0,7,0,0.015488724062591951
165711,1,7,4,0.3586790108976326
165755,1,7,8,25.830247144656678
165779,1,7,6,11.764895468361916
165791,1,7,8,11.981354203577428
165804,1,7,4,0.3586790108976326
165812,1,7,4,0.3586790108976326
165819,1,7,9,5.842388368593495
165828,1,7,5,0.3586789934097332
165845,1,7,9,25.670775249462583
165850,1,7,9,7.419361859607385
165856,1,7,1,18.967112581075195
165858,1,7,5,0.3586789934097332
165860,1,7,10,12.196166878071033
165867,1,7,1,5.704602470531883
165888,0,7,0,0.026797900591891525
165891,1,7,6,21.288975336315904
165896,1,7,4,0.3586790108976326
165901,1,7,8,14.99852176559751
165903,1,7,6,16.53650606752031
165917,1,7,5,0.3586789934097332
165945,1,7,8,21.781709973748622
165946,1,7,10,5.3399732127043364
165954,1,7,5,0.3586789934097332
165965,1,7,10,19.654751428262628
165968,1,7,10,11.2880270622368
165969,1,7,9,4.7116486952506955
165973,1,7,9,26.204717357827146
165974,1,7,9,13.039849269655642
165989,1,7,5,0.3586789934097332
165995,1,7,10,10.179085474789279
166002,1,7,9,19.781997192462782
166003,1,7,6,22.21135478611216
166015,1,7,2,7.40606593202204
166019,1,7,8,27.864841230725784
166029,1,7,1,18.303627769190104
166033,1,7,8,22.8254426724063
166039,1,7,3,2.398903221409316
166042,1,7,5,0.3586789934097332
166049,0,7,0,0.013887425020629096
166057,1,7,5,0.3586789934097332
166062,1,7,1,10.058307778105089
166081,1,7,9,21.305572257565586
166088,1,7,10,18.346752003388318
166089,1,7,5,0.3586789934097332
166094,1,7,9,16.004655335521175
166111,1,7,10,16.081263222645873
166139,1,7,1,23.08437454447301
166141,1,7,10,12.75531267651472
166158,1,7,3,1.8065264505758385
166163,1,7,2,1.5913713491031505
166182,1,7,4,0.3586790108976326
166195,1,7,10,10.684322312301003
166221,1,7,6,13.788463245793219
166229,1,7,8,20.568240321774066
166233,1,7,10,20.40847587670152
166247,1,7,8,27.38659688159715
166301,1,7,9,22.881965787347845
166305,1,7,4,0.3586790108976326
166321,1,7,9,9.241199021000659
166329,1,7,2,6.281048264371157
166335,1,7,2,13.385618932610315
166337,1,7,5,0.3586789934097332
166340,1,7,8,24.267852000927206
166341,1,7,6,18.907504729502886
166342,1,7,10,8.495240880019622
166351,1,7,4,0.3586790108976326
166373,0,7,0,0.021587481526611437
166375,1,7,8,25.56589165239625
166383,1,7,10,21.321478191171717
166395,1,7,2,5.686898000526842
166396,1,7,9,24.653160434467015
166403,1,7,1,14.629611086931456
166429,1,7,9,26.237741826361997
166433,1,7,7,3.729493818576656
166440,1,7,8,25.29971758794772
166443,1,7,9,18.47894121389337
166444,1,7,5,0.3586789934097332
166450,1,7,8,19.73198604841452
166457,1,7,5,0.3586789934097332
166460,1,7,4,0.3586790108976326
166482,1,7,9,3.215553753605839
166484,1,7,10,11.744119325285672
166490,1,7,1,11.512290425120433
166492,1,7,10,12.239443296583365
166502,1,7,6,12.72317649449234
166513,1,7,10,16.120133357875044
166519,1,7,5,0.3586789934097332
166521,1,7,1,17.11800716068003
166528,0,7,0,0.0163934233613473
166545,1,7,9,15.434657365487775
166583,1,7,2,3.864760791128952
166601,1,7,8,7.651619257149719
166652,1,7,9,10.200778812319506
166665,1,7,9,17.484669644594778
166671,1,7,9,24.49451967501208
166681,1,7,4,0.358679009087165
166685,1,7,8,15.541159717129318
166732,1,7,9,4.426803680162017
166734,1,7,4,0.3586790108976326
166750,1,7,9,7.4967549200450705
166757,1,7,9,5.861900945665585
166763,1,7,8,6.912616520421551
166764,1,7,9,25.359428336680416
166765,1,7,6,13.56297854522674
166772,1,7,6,12.972014531674416
166788,1,7,6,6.096441782246773
166795,1,7,10,11.219591782208633
166804,1,7,1,21.45596791939847
166812,1,7,9,11.339283622942146
166823,1,7,9,6.0905562435315534
166828,1,7,10,14.961432077474777
166830,0,7,0,0.02118291894264026
166836,1,7,5,0.3586789934097332
166847,1,7,8,16.59821040417975
166850,1,7,9,22.75433271085531
166852,1,7,9,21.311844133891487
166859,1,7,6,11.040795082624244
166862,1,7,9,7.797593980233699
166864,1,7,9,6.728544482563803
166869,1,7,10,5.334088767293782
166887,1,7,8,23.662683031389193
166903,1,7,5,0.3586789934097332
166916,1,7,1,11.031454681626196
166933,1,7,8,28.474562901245434
166974,1,7,8,4.831958099985305
166978,1,7,3,1.7453355931246084
166979,1,7,8,4.7908942031912805
166995,1,7,5,0.3586789949470627
167007,1,7,7,3.2084575765748244
167026,1,7,7,2.6175753218858637
167035,1,7,7,2.3756645322307115
167043,1,7,5,0.3586789934097332
167045,1,7,9,15.204390412074021
167054,1,7,2,13.705901398966752
167055,1,7,8,25.003245111419993
167065,1,7,6,17.48561796810554
167076,1,7,5,0.3586789934097332
167078,1,7,8,15.051583559961811
167094,1,7,9,21.207849513961595
167120,1,7,4,0.3586790108976326
167122,1,7,3,2.416461066587197
167130,1,7,4,0.3586790108976326
167149,1,7,10,5.2597892192067235
167155,1,7,9,23.02842547696171
167158,1,7,4,0.3586790108976326
167170,1,7,5,0.3586789934097332
167175,1,7,4,0.3586790108976326
167182,1,7,4,0.3586790108976326
167183,1,7,9,25.6731793479514
167223,1,7,1,9.886245865745545
167226,1,7,6,14.473278695751777
167235,1,7,5,0.3586789934097332
167238,1,7,1,19.39139385640619
167259,1,7,7,3.6727474539167964
167280,1,7,9,11.154755121353158
167325,1,7,8,6.959897986375205
167328,1,7,4,0.3586790108976326
167334,1,7,6,20.064493000912098
167344,1,7,5,0.3586789949470627
167372,1,7,1,16.936195425369473
167391,1,7,4,0.3586790108976326
167393,1,7,8,14.982947252017734
167401,1,7,1,19.717319304442725
167411,1,7,8,19.455529378491597
167420,1,7,10,4.722228144191032
167429,1,7,6,11.656879349282256
167433,1,7,6,16.945871835850053
167462,1,7,1,4.505278680393928
167472,1,7,1,18.692132041676565
167524,1,7,4,0.3586790108976326
167526,1,7,7,3.80654058617003
167540,0,7,0,0.027432481910084246
167576,1,7,9,16.49224143090221
167582,1,7,9,8.240702639608458
167587,1,7,6,12.065988400888797
167589,1,7,10,19.67884012966787
167638,1,7,10,10.269516144359974
167647,1,7,7,0.9659876818818665
167663,1,7,2,7.414014872145571
167666,1,7,4,0.3586790108976326
167675,1,7,4,0.3586790108976326
167720,1,7,5,0.3586789934097332
167724,1,7,8,18.711623189832242
167740,1,7,9,15.252190318769044
167750,1,7,8,27.59210252226982
167758,1,7,9,10.331316211704674
167787,1,7,5,0.3586789934097332
167817,1,7,6,21.374752297704656
167818,1,7,1,5.998327090591797
167821,1,7,6,5.331201107362563
167822,1,7,6,22.83886641280963
167825,1,7,7,2.336913019630832
167830,1,7,5,0.3586789934097332
167833,1,7,6,13.769018355233587
167842,1,7,6,14.498161023767166
167849,1,7,4,0.3586790108976326
167853,1,7,10,19.175659952316906
167866,1,7,10,15.451924125586231
167884,1,7,7,4.467239961741749
167887,1,7,6,22.93249425035073
167888,1,7,6,23.404515208928462
167895,1,7,1,11.832331390276904
167898,1,7,9,15.951124378084671
167907,1,7,1,4.3373956658295985
167913,1,7,6,14.474736071623125
167915,1,7,5,0.3586789934097332
167918,1,7,8,17.95383342949479
167920,1,7,3,1.2621031180042461
167925,1,7,1,14.65100314594425
167929,1,7,8,12.262164599125631
167930,1,7,8,24.57839128330149
167950,1,7,8,5.495515594709459
167958,1,7,8,10.715687901427751
167966,1,7,3,2.3959083338872533
167977,1,7,3,0.9798197799109523
167988,1,7,8,15.574838198723521
167993,1,7,9,18.97163845310549
168007,1,7,6,12.797477237905422
168016,1,7,9,8.8787461779194
168027,1,7,8,6.624027001882934
168051,1,7,6,23.963963258833825
168064,1,7,1,17.461509806073764
168074,1,7,4,0.358679009087165
168080,1,7,9,10.174793628810592
168093,1,7,4,0.3586790108976326
168103,1,7,9,14.076863921653679
168114,1,7,4,0.3586790108976326
168123,0,7,0,0.01947800963368076
168130,1,7,6,13.541722286778624
168140,1,7,4,0.3586790108976326
168150,1,7,9,19.920200705540562
168153,1,7,8,28.186451088953092
168158,1,7,5,0.3586789934097332
168168,1,7,6,17.73328892629571
168179,1,7,2,6.266896252976606
168181,1,7,9,8.759091557913395
168200,1,7,5,0.3586789934097332
168226,1,7,6,21.286016997639997
168232,1,7,9,13.830894815139311
168241,1,7,8,10.059580107775844
168267,1,7,6,22.399635448226793
168286,1,7,2,12.850267263234764
168287,1,7,10,10.84466864895391
168297,1,7,8,28.43603553214281
168304,0,7,0,0.01599028361183918
168312,1,7,8,24.349442845583457
168315,1,7,1,17.550657380898308
168324,1,7,5,0.3586789934097332
168326,1,7,10,11.69036197379965
168346,1,7,9,16.286021867674783
168359,1,7,4,0.3586790108976326
168360,1,7,3,2.4011378834185675
168387,1,7,9,18.904543665539112
168392,1,7,10,19.46448942054665
168411,1,7,7,3.4400459114718323
168419,1,7,8,27.84410396959417
168420,1,7,9,16.67451342776398
168439,1,7,9,15.454806778989724
168450,1,7,8,14.446218542518713
168469,1,7,9,6.748460316285526
168477,1,7,7,0.7844906893159802
168480,1,7,9,11.738091457440799
168486,1,7,8,21.50802883693251
168489,1,7,7,3.8246260966710772
168514,1,7,5,0.3586789934097332
168525,1,7,4,0.3586790108976326
168532,1,7,6,6.32726810731821
168534,1,7,10,13.005943340935787
168536,1,7,10,12.975575286152026
168554,1,7,8,19.92889079418224
168564,1,7,1,9.235272462121996
168570,1,7,1,5.549315216168522
168587,1,7,8,19.124283970672128
168625,1,7,1,18.55314970040009
168650,1,7,6,12.498187368057904
168662,1,7,8,11.43853457661344
168666,1,7,4,0.3586790108976326
168670,1,7,9,8.100536877121455
168714,1,7,6,12.33950906762217
168764,1,7,8,19.89465872209941
168774,1,7,10,9.153261880668587
168776,1,7,10,6.411087256881737
168777,1,7,5,0.3586789934097332
168818,1,7,8,13.442209254682613
168819,1,7,4,0.3586790108976326
168822,1,7,6,13.179466088431278
168831,1,7,6,9.863616806224352
168837,1,7,5,0.3586789949470627
168839,1,7,10,8.520203039675886
168854,1,7,9,6.573969496101631
168857,1,7,6,21.60536464737261
168870,1,7,6,18.606064015939577
168872,1,7,5,0.3586789934097332
168874,1,7,1,13.654513143208936
168889,1,7,7,2.272036868076221
168897,1,7,5,0.3586789934097332
168907,1,7,5,0.3586789934097332
168936,1,7,10,11.45786031251645
168941,1,7,4,0.3586790108976326
168946,1,7,4,0.3586790108976326
168948,1,7,8,22.631377838069223
168958,1,7,4,0.3586790108976326
168959,1,7,9,25.695957895278895
168971,1,7,10,5.8823517490121615
168979,1,7,9,20.26481288610443
168992,1,7,8,21.52794774595797
168993,1,7,8,17.7684717272262
169000,1,7,4,0.3586790108976326
169011,1,7,8,11.954779765429798
169013,1,7,4,0.3586790108976326
169052,1,7,4,0.3586790108976326
169060,1,7,4,0.3586790108976326
169089,1,7,8,12.043825693484454
169090,1,7,10,8.773490342785536
169110,1,7,9,22.795790508519072
169118,1,7,2,7.144029524285405
169121,1,7,8,3.5800963261836882
169122,1,7,2,1.6106813937458775
169134,1,7,4,0.358679009087165
169153,1,7,8,22.832848742911498
169169,1,7,1,5.696158548147012
169173,1,7,9,11.425957012288917
169183,1,7,5,0.3586789934097332
169187,1,7,3,1.278514798985343
169209,1,7,9,11.836193197786232
169232,1,7,3,2.4347311346665097
169236,1,7,5,0.3586789934097332
169239,1,7,6,22.08507709889239
169244,1,7,5,0.3586789934097332
169249,1,7,4,0.3586790108976326
169278,1,7,6,22.598212116646724
169284,0,7,0,0.012897774740314508
169288,1,7,6,19.823553539266502
169290,1,7,4,0.3586790108976326
169294,1,7,10,20.522614308052898
169304,1,7,8,23.477664256983676
169308,1,7,9,25.611450135741563
169345,1,7,9,8.337311123800989
169350,1,7,6,19.57008778213597
169370,1,7,7,4.44510449040635
169397,1,7,7,4.325579730930804
169404,1,7,7,1.6574222241688639
169411,1,7,1,11.09610620121289
169432,1,7,2,11.091297869272248
169442,1,7,9,23.286009188873948
169455,1,7,1,21.150937960267118
169462,0,7,0,0.019167244701175295
169468,1,7,1,16.431644154621583
169473,1,7,8,2.101671120853752
169489,1,7,5,0.3586789934097332
169500,1,7,8,20.758108919281007
169502,0,7,0,0.015780900092974424
169510,1,7,10,17.27231446483516
169539,1,7,4,0.3586790108976326
169542,1,7,8,9.82998551349234
169546,1,7,2,6.619339385931042
169548,1,7,2,4.44573269206321
169550,1,7,10,5.278193281508885
169559,1,7,8,28.17987782076168
169568,1,7,10,21.191446233773533
169569,1,7,9,5.010913344234633
169570,1,7,9,19.789924547974337
169583,1,7,4,0.3586790108976326
169586,1,7,7,3.395605513323533
169587,1,7,9,14.082329227066364
169593,1,7,8,18.189698456091303
169602,1,7,10,9.95031605376614
169642,1,7,9,15.242431786589133
169652,1,7,5,0.3586789934097332
169654,1,7,6,7.460656638569227
169670,1,7,4,0.3586790108976326
169701,1,7,6,11.843113447493828
169705,1,7,9,4.539000523725454
169722,1,7,5,0.3586789934097332
169743,1,7,9,23.2957551829517
169769,1,7,4,0.3586790108976326
169779,1,7,10,15.808657209598195
169789,1,7,4,0.3586790108976326
169818,1,7,5,0.3586789934097332
169824,1,7,6,13.888565927183965
169825,1,7,9,13.784063023842382
169829,1,7,8,24.66159215967048
169831,1,7,3,2.4511421087798753
169853,1,7,4,0.358679009087165
169865,0,7,0,0.013135896272845
169866,1,7,7,3.595842781434309
169915,1,7,4,0.3586790108976326
169917,1,7,4,0.3586790108976326
169939,1,7,8,17.27906265354192
169942,1,7,7,2.9208378184220205
169945,1,7,7,1.672492531047507
169965,1,7,7,1.2257356020978813
170006,1,7,8,11.732875934802959
170019,1,7,10,20.021803487259977
170026,1,7,5,0.3586789934097332
170041,1,7,4,0.3586790108976326
170047,1,7,5,0.3586789934097332
170048,1,7,4,0.3586790108976326
170062,1,7,2,6.849987292256219
170080,1,7,6,12.539507720191885
170081,1,7,7,1.9142004447235808
170089,1,7,5,0.3586789934097332
170129,1,7,6,13.131355736464553
170138,1,7,6,21.10315089460237
170164,1,7,10,8.170739005280415
170173,1,7,3,2.3631384414381844
170199,1,7,6,23.33525248031349
170206,1,7,3,2.338111697481038
170225,1,7,4,0.3586790108976326
170229,0,7,0,0.01169847223785938
170233,1,7,4,0.3586790108976326
170239,1,7,6,9.817591458679235
170260,1,7,9,24.241427111455945
170270,1,7,4,0.3586790108976326
170278,1,7,5,0.3586789949470627
170299,1,7,6,20.674684368814585
170310,1,7,5,0.3586789934097332
170324,1,7,10,18.141482351801482
170339,1,7,8,20.04431850342377
170340,1,7,9,5.061120784760556
170375,1,7,9,25.65460608357938
170386,1,7,1,11.200886615972578
170388,1,7,7,2.351291835378568
170406,1,7,8,26.722797521946806
170407,1,7,8,14.613230255065842
170409,1,7,2,4.825505306390864
170413,1,7,5,0.3586789934097332
170415,0,7,0,0.0210610318249577
170432,1,7,4,0.3586790108976326
170443,1,7,9,5.486452587142937
170444,1,7,5,0.3586789934097332
170454,1,7,9,16.43958116012332
170460,1,7,8,8.050964875976005
170475,1,7,8,23.832087375403265
170491,1,7,9,20.966067063832607
170494,1,7,4,0.3586790108976326
170504,1,7,8,7.376979990165334
170509,1,7,4,0.3586790108976326
170512,1,7,10,10.048569419882359
170516,1,7,8,12.738439817894136
170534,1,7,1,18.854344395648795
170537,1,7,8,9.718689949709868
170554,1,7,10,16.560095371898186
170557,1,7,8,22.686950504575105
170559,1,7,7,1.6107826434184227
170565,1,7,8,10.411367517224189
170578,1,7,9,17.1919679097561
170616,1,7,9,22.804720099131035
170620,1,7,6,14.271874220975116
170621,1,7,8,15.103431727303457
170631,1,7,8,3.0912398224794853
170654,1,7,9,25.649816382180116
170662,1,7,9,24.732370602910795
170677,1,7,3,0.9953018015384909
170709,1,7,5,0.3586789934097332
170723,1,7,7,1.6912099538995264
170724,1,7,6,12.291903358951913
170738,1,7,9,25.32136054861194
170742,1,7,5,0.3586789934097332
170743,1,7,4,0.3586790108976326
170748,1,7,8,23.961941185422923
170753,1,7,5,0.3586789934097332
170756,1,7,10,11.913801155772596
170757,1,7,9,14.856862148911025
170767,1,7,4,0.3586790108976326
170782,1,7,6,17.905569202305784
170802,1,7,10,20.451765874023828
170813,1,7,5,0.3586789934097332
170816,1,7,1,17.759945927380898
170861,1,7,4,0.3586790108976326
170869,0,7,0,0.01768944491434479
170894,1,7,9,18.778482583353334
170902,1,7,5,0.3586789934097332
170905,1,7,7,2.3699776236697403
170926,1,7,3,1.1757044580339895
170928,1,7,7,4.079564395362076
170933,1,7,5,0.3586789934097332
170935,1,7,1,13.105091241032246
170952,1,7,4,0.358679009087165
170960,1,7,4,0.358679009087165
170963,1,7,10,12.10082563562544
170967,1,7,4,0.3586790108976326
170976,1,7,10,20.96326035335405
170979,1,7,8,2.482849376067467
170986,1,7,9,24.531535812724865
170987,1,7,1,11.582363627546215
170997,1,7,1,5.15501132715777
171006,1,7,10,11.043195451431485
171041,1,7,5,0.3586789934097332
171046,1,7,6,14.525755244319186
171055,1,7,8,21.23771683203898
171057,1,7,2,5.14201625036054
171059,1,7,8,15.29734854308466
171063,1,7,9,20.734672005909307
171072,1,7,9,8.576379608447372
171087,1,7,6,21.316560140274227
171088,1,7,6,14.075209526337845
171109,1,7,4,0.3586790108976326
171146,1,7,6,15.025503239130193
171156,1,7,4,0.3586790108976326
171158,1,7,8,10.248296769378037
171159,0,7,0,0.023802615904405463
171173,1,7,4,0.3586790108976326
171195,1,7,6,14.56773204264172
171200,1,7,9,10.293234627564262
171230,0,7,0,0.031846992658298656
171238,1,7,9,20.348597815435763
171276,1,7,6,16.874387771514304
171279,1,7,9,15.836209804040395
171289,1,7,9,24.291422382778666
171304,1,7,7,2.636451635833357
171327,1,7,9,9.373944900880272
171330,1,7,5,0.3586789934097332
171343,1,7,6,23.697861914516434
171350,1,7,10,12.364392573308395
171351,1,7,8,25.767916969529534
171353,1,7,9,16.00792066218861
171365,1,7,5,0.3586789934097332
171384,1,7,7,1.4041211937656222
171401,1,7,1,3.6448674467564595
171408,1,7,10,20.088247216913626
171409,1,7,6,9.84192846916787
171425,1,7,7,1.6298520284254345
171435,1,7,8,27.89480676819272
171445,1,7,9,18.45745289054089
171465,1,7,8,26.263215171274556
171466,1,7,8,28.025376109978957
171474,1,7,7,0.348977105598481
171475,1,7,4,0.3586790108976326
171480,1,7,1,11.99632177291547
171482,1,7,4,0.3586790108976326
171493,1,7,5,0.3586789934097332
171525,1,7,10,16.866745336237894
171542,1,7,4,0.3586790108976326
171544,1,7,1,15.255945714386582
171567,1,7,5,0.3586789934097332
171569,1,7,9,26.343301372086163
171581,1,7,3,2.2048456934076204
171582,1,7,9,26.233301686066614
171587,1,7,1,5.710859115000999
171599,1,7,4,0.3586790108976326
171601,1,7,8,4.208190617340292
171612,1,7,5,0.3586789949470627
171642,1,7,7,4.452045149296769
171662,1,7,6,23.132767406432738
171706,1,7,8,27.45769650498911
171727,1,7,3,2.0595442061941016
171728,1,7,7,2.411736232264851
171776,1,7,5,0.3586789934097332
171794,1,7,9,24.099397812546556
171824,1,7,8,21.770553684580474
171829,1,7,6,17.40012946848993
171839,1,7,4,0.3586790108976326
171844,1,7,8,27.510254653889
171864,1,7,7,3.976012194641774
171869,1,7,6,7.067870120091907
171875,1,7,9,15.824994843286852
171877,1,7,6,14.278969382489002
171883,1,7,3,2.3751044513139457
171897,1,7,8,11.623909198359884
171899,1,7,9,25.302295809590696
171906,1,7,8,10.404958404294478
171908,1,7,9,25.66856378140524
171913,1,7,9,14.159118258828624
171935,1,7,5,0.3586789934097332
171943,1,7,3,1.9606179678941047
171947,1,7,2,12.528390731437993
171954,1,7,9,16.970906894635235
171970,1,7,8,27.850561549375918
171971,1,7,5,0.3586789934097332
171979,1,7,9,18.909583854622127
171993,1,7,9,23.16839459395889
171996,1,7,7,3.3529725776439236
172006,1,7,10,9.855924022692536
172016,1,7,8,11.642934759426739
172018,1,7,2,9.307953677063852
172021,1,7,6,6.937432471496708
172047,1,7,6,7.183426512612103
172058,1,7,5,0.3586789934097332
172063,1,7,5,0.3586789934097332
172087,1,7,4,0.3586790108976326
172089,1,7,10,18.077463288306944
172099,1,7,2,13.78029136387613
172100,1,7,10,13.490981526718151
172110,1,7,9,25.370242767974638
172120,1,7,6,15.058474567268828
172121,1,7,10,20.51995779218367
172125,0,7,0,0.029371119336788425
172130,1,7,6,7.794338888137965
172134,1,7,4,0.3586790108976326
172137,1,7,6,18.198535774149384
172140,1,7,6,10.32583858125549
172143,1,7,9,12.673857901697266
172152,1,7,9,15.935007037499492
172153,1,7,10,10.233196546032719
172154,1,7,7,1.6286474013299514
172158,1,7,9,13.037060229898735
172191,1,7,9,25.929858647717527
172204,1,7,9,11.427271121359773
172205,1,7,5,0.3586789934097332
172225,1,7,10,7.878939133230233
172234,1,7,10,12.398132911596576
172242,1,7,5,0.3586789934097332
172251,0,7,0,0.014585964616438149
172252,1,7,6,21.426099437771814
172259,1,7,5,0.3586789934097332
172262,1,7,10,7.29693625717068
172265,1,7,7,1.476683384743953
172275,1,7,5,0.3586789934097332
172283,1,7,5,0.3586789934097332
172286,0,7,0,0.01600883510882575
172305,1,7,9,7.795734601671131
172309,1,7,8,17.000990674045738
172321,1,7,1,23.07768120221518
172337,1,7,1,16.07281215621092
172345,0,7,0,0.01926419720842047
172357,1,7,9,23.525936507847923
172366,0,7,0,0.02017020222798729
172376,1,7,1,12.959664361100424
172389,1,7,6,6.240878200221408
172395,1,7,5,0.3586789934097332
172399,1,7,4,0.3586790108976326
172404,1,7,6,14.411223444644207
172412,1,7,9,23.955147692799116
172434,1,7,9,13.828373160231763
172435,1,7,6,23.25050220743056
172440,1,7,1,9.223478786537207
172441,1,7,3,1.2949923988326777
172444,1,7,9,25.616194039877506
172456,0,7,0,0.025135806260939683
172463,1,7,4,0.3586790108976326
172480,1,7,1,10.62207192823562
172486,1,7,9,8.113264791387135
172491,1,7,9,25.469132680981648
172506,1,7,6,21.473947888922005
172513,1,7,4,0.3586790108976326
172538,1,7,1,16.057502565731273
172553,1,7,10,18.711642660059496
172587,1,7,2,1.69586350952907
172604,1,7,10,5.404131502128188
172622,1,7,8,16.626778187818598
172644,1,7,1,4.3173594483533035
172657,1,7,9,26.277287077362285
172660,1,7,10,15.81057539097196
172669,1,7,3,2.3004990313971807
172672,1,7,4,0.3586790108976326
172682,1,7,5,0.3586789934097332
172683,1,7,8,15.639593540688999
172685,1,7,7,3.939997484599617
172691,1,7,2,7.613497745464459
172703,1,7,7,0.6533056991794455
172711,1,7,2,2.326821762784546
172715,1,7,5,0.3586789934097332
172724,1,7,5,0.3586789934097332
172727,0,7,0,0.02645584656256372
172732,1,7,4,0.3586790108976326
172739,1,7,9,25.281787664332395
172747,1,7,6,19.146590274751805
172753,1,7,4,0.3586790108976326
172755,1,7,7,4.242231653991812
172756,1,7,8,28.174711251179215
172770,1,7,7,4.51916456529739
172811,1,7,5,0.3586789934097332
172817,1,7,3,2.2222011192920177
172818,1,7,9,8.045516660069998
172821,1,7,5,0.3586789934097332
172823,1,7,7,3.6951127178770204
172851,1,7,9,17.691217712855703
172864,1,7,10,11.56060837526357
172887,1,7,8,18.385196241452512
172912,1,7,8,11.50684394656743
172924,1,7,4,0.358679009087165
172925,1,7,9,11.270088099524973
172951,1,7,8,26.15582857161804
172960,1,7,9,21.31207150553923
172986,1,7,6,17.4806372784913
172993,1,7,9,13.73045953748376
173002,1,7,5,0.3586789934097332
173006,1,7,6,7.136493741486905
173024,1,7,10,11.243006415029681
173042,1,7,6,19.599819481080214
173050,1,7,8,23.268326535837204
173058,1,7,9,8.092902449589388
173059,1,7,4,0.3586790108976326
173062,1,7,6,6.615401209037226
173068,1,7,8,6.453004702120312
173072,1,7,4,0.3586790108976326
173086,1,7,5,0.3586789934097332
173093,1,7,6,23.092108856687343
173096,1,7,5,0.3586789934097332
173097,1,7,6,11.37136709623155
173102,1,7,8,6.44367859661802
173115,1,7,10,11.521074837581558
173124,0,7,0,0.01738366468633526
173135,1,7,5,0.3586789934097332
173136,1,7,1,13.428811467955473
173174,1,7,9,14.293205773944203
173186,1,7,6,14.029834256136557
173220,1,7,9,16.12122026273248
173222,1,7,8,13.88014116737504
173230,1,7,7,1.8018646907897031
173234,1,7,10,15.994941045518225
173262,1,7,9,5.618219790039285
173266,1,7,7,4.6316024384677155
173279,1,7,9,25.536847419919887
173283,1,7,9,26.422800860475736
173287,1,7,9,14.633071307834358
173299,1,7,8,9.423995015517486
173313,1,7,9,21.802132766816268
173314,1,7,10,4.031452066072285
173316,0,7,0,0.02693093095929683
173328,1,7,4,0.3586790108976326
173342,1,7,6,17.371814035153815
173349,1,7,6,4.2144713325815
173358,0,7,0,0.0209985780025756
173372,1,7,10,9.497556498691202
173378,1,7,4,0.3586790108976326
173396,1,7,6,10.500324083924276
173399,1,7,9,22.976070277267926
173405,1,7,6,4.962030771316258
173425,1,7,5,0.3586789934097332
173428,1,7,6,22.57891883523506
173433,1,7,8,19.653371339577852
173436,1,7,1,4.385837119903314
173445,1,7,4,0.3586790108976326
173457,1,7,7,3.7472203582152823
173460,1,7,8,12.984573559504767
173466,1,7,1,20.95801503205454
173477,1,7,10,7.4628418304501505
173481,1,7,9,22.93825308412145
173503,1,7,1,16.425478834233022
173508,1,7,8,9.273916106655635
173525,1,7,5,0.3586789934097332
173529,1,7,6,23.121618310563278
173533,1,7,6,10.347391678671348
173542,1,7,5,0.3586789949470627
173600,1,7,10,12.18118203962499
173604,1,7,6,18.923184766105713
173610,1,7,2,11.314111286399585
173637,1,7,8,15.857644823621433
173641,1,7,9,25.924234772619513
173652,1,7,9,26.34212086848597
173653,1,7,9,15.407440267934009
173667,1,7,6,22.508050583556486
173668,1,7,6,18.677226280338882
173669,1,7,8,20.847634667697577
173675,1,7,5,0.3586789934097332
173706,1,7,5,0.3586789934097332
173718,1,7,8,15.101114865148372
173723,1,7,9,11.616781425433954
173744,1,7,9,11.015510725186202
173747,1,7,5,0.3586789934097332
173752,1,7,4,0.3586790108976326
173776,1,7,6,23.95047712266903
173778,1,7,10,11.173009201682753
173780,1,7,5,0.3586789934097332
173784,1,7,2,10.498623197741455
173790,1,7,9,5.0918265529953315
173791,1,7,10,13.39794538039727
173796,1,7,5,0.3586789934097332
173807,1,7,4,0.3586790108976326
173813,1,7,10,5.111429023309449
173814,1,7,5,0.3586789934097332
173815,1,7,9,12.066205564991138
173825,1,7,9,4.879869741780078
173840,1,7,4,0.3586790108976326
173841,1,7,7,3.523280609938778
173843,1,7,10,11.444438933725106
173858,1,7,9,10.276482417557398
173881,1,7,9,16.55482300409927
173885,1,7,8,16.793384541039494
173911,1,7,9,18.365711129573913
173934,1,7,9,16.665863235748972
173966,1,7,7,1.2046537041077117
173969,1,7,5,0.3586789934097332
174006,0,7,0,0.015754030833833133
174010,1,7,8,16.088561405811177
174011,1,7,1,19.23265310451853
174021,1,7,7,4.260687650669673
174026,1,7,4,0.3586790108976326
174036,1,7,5,0.3586789934097332
174041,1,7,7,1.307265397121771
174053,1,7,9,23.669333879044977
174055,1,7,9,25.514371264815157
174060,1,7,3,2.4047195245816577
174062,1,7,9,25.34169588641015
174088,1,7,5,0.3586789934097332
174091,1,7,9,6.826529377859129
174097,1,7,8,25.912989164227444
174108,1,7,5,0.3586789934097332
174129,1,7,10,20.85321679235717
174131,1,7,10,11.689488598678816
174168,1,7,7,0.6264132007801712
174177,1,7,8,13.924980346286139
174181,1,7,8,5.491632591539866
174184,1,7,9,20.62510539217247
174190,1,7,6,23.257875173376085
174198,1,7,8,24.59918048910786
174222,1,7,4,0.358679009087165
174244,1,7,9,18.90635209244037
174245,1,7,9,14.901259337126467
174246,1,7,5,0.3586789934097332
174279,1,7,9,15.07319577184409
174280,1,7,10,11.300287918884646
174301,1,7,6,14.654085560535956
174318,1,7,5,0.3586789934097332
174340,1,7,5,0.3586789934097332
174347,1,7,7,0.9479937206608569
174362,1,7,5,0.3586789934097332
174363,1,7,6,21.870415447315843
174365,1,7,5,0.3586789934097332
174389,1,7,5,0.3586789934097332
174396,1,7,7,3.3373310502611266
174397,1,7,9,15.389561439771331
174405,1,7,9,20.744787731673288
174414,1,7,6,23.504107465893995
174418,1,7,4,0.3586790108976326
174419,1,7,8,9.085028681452815
174420,1,7,8,26.242090049574706
174434,1,7,4,0.3586790108976326
174457,1,7,6,14.452902739583319
174480,1,7,6,8.662996248279269
174511,1,7,9,14.78095605515583
174512,1,7,8,12.974947565660466
174517,1,7,4,0.3586790108976326
174518,1,7,9,25.56275215892777
174519,1,7,8,21.703118150971516
174526,1,7,7,3.8687898698328134
174536,1,7,1,16.184691216734656
174542,1,7,7,2.090003575724886
174557,0,7,0,0.20326697972278981
174569,1,7,1,21.083542408968754
174575,1,7,5,0.3586789934097332
174599,1,7,1,16.143685751214317
174613,1,7,6,14.530506553261386
174616,1,7,3,0.9927252040015654
174617,1,7,9,26.14627097433412
174618,1,7,6,19.42568772852828
174622,1,7,2,5.056409031600018
174633,1,7,10,11.742654968260505
174651,1,7,9,5.291410449632737
174672,1,7,8,14.490209722678014
174677,1,7,10,21.244684580726325
174684,1,7,5,0.3586789934097332
174687,1,7,7,0.3767960862786006
174702,1,7,6,18.82009141550616
174711,1,7,9,6.021552509076171
174714,1,7,6,17.485195738550875
174720,1,7,9,23.1337183858902
174724,1,7,4,0.3586790108976326
174726,1,7,4,0.3586790108976326
174733,1,7,5,0.3586789934097332
174736,1,7,1,5.655662118964141
174743,1,7,4,0.3586790108976326
174758,1,7,7,2.0237540233872724
174759,1,7,4,0.3586790108976326
174778,1,7,1,17.99689539586018
174811,1,7,5,0.3586789934097332
174835,1,7,1,12.65644841691318
174864,1,7,9,26.376690972557967
174890,1,7,10,6.203672142223253
174892,1,7,5,0.3586789934097332
174911,1,7,9,22.49782597244112
174916,1,7,6,23.893459204946577
174920,1,7,2,3.7472671493121683
174942,1,7,7,3.8182492360637283
174943,1,7,8,3.8801498617150707
174945,1,7,8,5.616490457338408
175047,1,7,7,1.384771460796297
175058,1,7,8,27.168931105926646
175063,1,7,1,21.38098417345785
175077,1,7,6,23.72499834775825
175078,1,7,8,27.80796859549866
175085,1,7,8,9.517250573209589
175092,1,7,1,19.65517862268189
175104,1,7,6,5.562218095704507
175110,1,7,9,18.624631389937772
175113,1,7,9,7.825705328763441
175114,1,7,8,8.590403108781144
175116,0,7,0,0.014343069055430539
175122,1,7,5,0.3586789934097332
175125,1,7,9,21.320287399337218
175127,1,7,9,23.572658569638886
175143,1,7,8,9.161923454078385
175147,1,7,9,25.641335466068327
175156,1,7,7,0.8636698300263072
175189,1,7,5,0.3586789934097332
175191,1,7,8,25.39243129371782
175210,1,7,5,0.3586789934097332
175218,1,7,9,13.424861941750676
175230,1,7,9,24.5641739981576
175233,1,7,10,5.081372185476386
175234,1,7,6,14.508736265634369
175235,1,7,6,17.470009167348564
175242,1,7,9,5.734433589170995
175247,0,7,0,0.012851357840215101
175253,1,7,8,22.83575041842309
175258,1,7,8,11.721783087595945
175264,1,7,5,0.3586789934097332
175310,1,7,8,28.073607883306867
175313,1,7,6,18.888758461887985
175323,1,7,9,4.556517671569216
175339,1,7,6,21.249824768865988
175359,1,7,10,4.643227283911313
175364,1,7,10,2.9668905472663485
175368,1,7,4,0.3586790108976326
175372,1,7,9,19.77276174366077
175390,1,7,5,0.3586789934097332
175394,1,7,4,0.3586790108976326
175397,1,7,5,0.3586789934097332
175402,1,7,4,0.3586790108976326
175412,1,7,6,7.3640410271414485
175443,1,7,8,8.83955209387423
175445,1,7,9,16.688743242750196
175448,1,7,5,0.3586789934097332
175467,1,7,9,25.726496116894868
175479,1,7,6,6.108152785409922
175508,1,7,9,15.604530382848244
175509,1,7,10,14.899426934591931
175526,1,7,4,0.3586790108976326
175529,1,7,7,0.9037844031526029
175531,1,7,8,19.90365749170195
175544,1,7,9,21.310359830808135
175546,0,7,0,0.02703084337603495
175547,1,7,8,18.377311179051667
175548,1,7,5,0.3586789934097332
175561,1,7,5,0.3586789949470627
175569,1,7,8,27.250089074015296
175581,1,7,6,14.36250986020836
175591,1,7,1,6.761770837373716
175594,1,7,8,22.730755955410093
175596,1,7,8,20.73759946004768
175605,1,7,6,17.57289574454434
175625,1,7,5,0.3586789934097332
175628,1,7,8,16.87269089479901
175638,1,7,10,19.478334675295763
175645,1,7,3,1.9119756653001043
175656,1,7,1,21.767689565071095
175661,1,7,2,6.908082892078012
175687,0,7,0,0.303323346902936
175689,1,7,5,0.3586789934097332
175696,1,7,1,21.41093569019003
175700,1,7,3,1.7330139457209774
175704,1,7,9,14.497580838112745
175718,1,7,4,0.3586790108976326
175727,1,7,5,0.3586789934097332
175732,1,7,9,18.29110341371966
175737,1,7,6,22.928704408018806
175740,1,7,10,12.376862575000615
175748,1,7,6,13.381506414651598
175762,1,7,6,22.03685857260527
175769,1,7,8,27.903634056071596
175771,1,7,9,13.926615042667722
175774,1,7,6,14.588354121375705
175777,1,7,1,6.920395706197542
175790,1,7,9,26.228242540221608
175806,1,7,8,17.83213545432608
175811,1,7,5,0.3586789934097332
175821,1,7,5,0.3586789949470627
175822,1,7,8,13.486701085516225
175831,1,7,10,20.96807474745257
175846,1,7,5,0.3586789934097332
175849,1,7,10,19.125079542133765
175854,1,7,2,6.759763450820781
175912,1,7,5,0.3586789934097332
175932,1,7,6,19.589779043818154
175940,1,7,9,13.411438044557903
175958,1,7,1,23.05014065661047
175961,1,7,4,0.3586790108976326
175963,1,7,6,21.49744967639281
175973,1,7,5,0.3586789934097332
175974,1,7,9,26.262214525204943
175982,1,7,9,25.635327397815153
175994,1,7,9,25.649664145008074
175996,1,7,6,19.16244309363293
176017,1,7,6,23.006541458961305
176027,1,7,4,0.3586790108976326
176028,1,7,5,0.3586789934097332
176036,1,7,7,2.3529125864602007
176048,0,7,0,0.011536657338906573
176055,1,7,1,11.625272925891569
176068,1,7,7,0.971742518692836
176078,1,7,1,9.556420919796906
176081,1,7,8,20.33025275360399
176082,1,7,5,0.3586789934097332
176084,1,7,2,12.710371561410234
176102,1,7,8,6.146586451218027
176109,1,7,9,20.183390373061112
176112,1,7,8,14.127814884772885
176116,1,7,1,18.156839301459126
176143,1,7,6,5.604280517752559
176154,1,7,5,0.3586789949470627
176158,1,7,5,0.3586789934097332
176181,1,7,8,18.385370943051058
176192,1,7,6,19.63057015945873
176193,1,7,10,12.647820827174407
176214,1,7,9,25.667665866281748
176233,1,7,5,0.3586789934097332
176235,0,7,0,0.017978735569091377
176238,1,7,10,16.677612134782695
176248,1,7,6,11.717270471269762
176256,1,7,2,6.248030607243095
176265,1,7,9,24.565892450423526
176272,1,7,4,0.3586790108976326
176274,1,7,5,0.3586789934097332
176277,1,7,7,3.900428010498993
176293,1,7,10,11.268654660471261
176297,1,7,5,0.3586789934097332
176310,1,7,6,22.36414119732149
176312,1,7,6,22.596320006476777
176315,1,7,8,17.30837413621823
176330,1,7,8,21.72420511763986
176353,1,7,4,0.3586790108976326
176359,1,7,6,5.561543444650351
176378,1,7,6,7.816716014060099
176381,1,7,7,0.5472537986139162
176386,1,7,3,0.6834251190535545
176400,1,7,8,13.307655046157508
176402,1,7,9,16.84205124644505
176427,1,7,4,0.3586790108976326
176432,1,7,1,20.428999512061004
176485,1,7,9,25.639037474853453
176499,1,7,10,4.3766438672030645
176545,0,7,0,0.021194743438528674
176554,1,7,6,21.801228141459976
176582,1,7,5,0.3586789934097332
176585,1,7,5,0.3586789934097332
176604,1,7,8,10.409879175560203
176619,1,7,6,20.370627585418756
176627,1,7,1,9.973245813374566
176642,1,7,10,18.098777458251835
176651,1,7,6,5.376140374322277
176654,1,7,4,0.3586790108976326
176664,1,7,9,15.229360326896552
176670,1,7,8,16.661705936240566
176682,1,7,8,10.893692528852075
176710,1,7,8,19.130436725198567
176712,1,7,8,22.040044004036396
176726,1,7,9,21.302092831754848
176734,1,7,1,17.53632764228326
176741,1,7,9,23.76265409276024
176746,1,7,6,19.876506112355276
176747,1,7,3,2.2050971622897606
176753,1,7,5,0.3586789934097332
176767,1,7,7,3.734273440379475
176776,1,7,6,14.541698077796601
176781,1,7,7,4.032990020391985
176784,1,7,4,0.3586790108976326
176795,1,7,9,12.115306433468024
176808,1,7,8,16.698832271921454
176835,1,7,6,23.610178931849465
176843,1,7,4,0.3586790108976326
176844,1,7,6,23.021069942641926
176846,1,7,4,0.3586790108976326
176851,0,7,0,0.03076775618007608
176853,1,7,8,12.172870620558724
176857,1,7,10,10.068234294110328
176858,1,7,8,26.12804624803277
176867,1,7,8,13.418840609818439
176870,1,7,9,20.091095079315966
176928,1,7,10,10.121358667435633
176957,1,7,9,7.535016902026668
176988,1,7,8,24.51182021255642
177015,1,7,9,24.09809753135457
177029,1,7,8,13.05026610476713
177030,1,7,4,0.3586790108976326
177031,1,7,9,20.026897012358994
177043,1,7,7,3.09605872816187
177082,1,7,8,19.65405168763342
177083,1,7,8,24.077418472794324
177095,1,7,4,0.3586790108976326
177126,1,7,10,4.65969607173434
177127,1,7,3,2.088860900104625
177145,1,7,8,12.789416401927056
177150,0,7,0,0.049507682222903256
177154,1,7,4,0.3586790108976326
177160,1,7,8,25.55362073472852
177172,1,7,9,24.846217859730796
177188,0,7,0,0.02567268015611695
177193,1,7,8,26.747958520839173
177198,1,7,5,0.3586789934097332
177226,1,7,3,1.3862537925959433
177229,1,7,9,18.978306551870844
177235,1,7,10,7.066763689918865
177237,1,7,4,0.3586790108976326
177238,1,7,9,25.30655277439692
177240,1,7,9,15.30334166667833
177241,1,7,8,22.598303774155223
177244,1,7,1,10.706333992883579
177260,1,7,5,0.3586789934097332
177268,1,7,4,0.3586790108976326
177279,1,7,6,10.1156641751263
177291,1,7,1,5.707093908496524
177292,1,7,6,4.114622689426702
177293,1,7,3,2.3852924551713706
177303,1,7,4,0.3586790108976326
177309,0,7,0,0.01210030789097652
177319,1,7,8,9.737189481509013
177329,1,7,4,0.3586790108976326
177330,1,7,2,12.789643093017716
177339,1,7,10,6.572012847804102
177345,1,7,6,12.730385027247195
177355,0,7,0,0.019609136502936806
177364,1,7,8,8.54440539302277
177374,1,7,4,0.3586790108976326
177382,1,7,8,14.909340716022731
177411,1,7,1,22.13521322211636
177415,1,7,3,0.6506641904556364
177421,1,7,9,19.918546800752647
177422,1,7,7,3.9728169689310002
177431,1,7,7,4.188340555367648
177436,1,7,6,10.379035148805013
177492,1,7,6,15.281997009408974
177498,1,7,2,2.0004765005247167
177500,1,7,10,9.725497228003213
177513,1,7,6,22.38065292695441
177527,1,7,8,17.963015829466546
177550,1,7,6,23.158815807653834
177565,1,7,1,18.127893917635323
177566,1,7,7,4.456563064133075
177570,1,7,6,9.510611198594125
177581,1,7,8,28.014536081922135
177590,1,7,8,6.765073358362389
177592,1,7,6,11.61969622891197
177629,1,7,10,9.839683874349047
177645,1,7,9,3.56345618021399
177663,1,7,6,21.078617768844044
177669,1,7,9,24.50318971551575
177677,1,7,9,16.590627110312262
177680,1,7,4,0.3586790108976326
177688,1,7,8,17.704403790107047
177696,1,7,9,19.217304772577076
177699,1,7,9,6.476940794154863
177722,1,7,10,14.18803506882148
177723,1,7,9,25.905015562003843
177726,1,7,9,8.219926992738856
177727,1,7,9,20.185711512514505
177740,1,7,5,0.3586789934097332
177747,1,7,9,6.929019882202849
177748,1,7,9,10.142472327310658
177767,1,7,9,14.659451985939416
177769,1,7,9,16.027880704692507
177772,1,7,9,11.839137521279266
177781,1,7,4,0.3586790108976326
177783,1,7,4,0.3586790108976326
177802,1,7,1,14.95042499977786
177806,1,7,8,12.424045079129126
177823,1,7,7,2.672776615818219
177836,1,7,10,11.159606025135623
177840,1,7,10,7.574442703081903
177852,1,7,9,24.115321031679418
177857,1,7,1,20.900282547214644
177870,1,7,9,15.818434998653375
177875,1,7,7,0.8176867447883668
177883,1,7,7,3.835352413974184
177884,1,7,9,9.6882949618408
177894,1,7,7,1.3756733562857497
177898,1,7,10,21.09312727001083
177899,1,7,6,14.131322540777788
177902,1,7,9,11.250403854794492
177907,1,7,5,0.3586789934097332
177908,1,7,1,18.22843535747511
177913,1,7,6,14.42215417668027
177919,1,7,5,0.3586789934097332
177939,1,7,2,13.894175015634541
177940,1,7,9,25.19025229019768
177953,1,7,9,25.799347120953705
177958,1,7,4,0.3586790108976326
177959,1,7,5,0.3586789934097332
177968,1,7,5,0.3586789934097332
177969,1,7,7,0.9417808588487462
177972,0,7,0,0.02822205203354585
177974,1,7,4,0.3586790108976326
177978,1,7,8,18.160281632730847
177980,1,7,8,27.26496902610176
177985,1,7,7,2.0438558812990353
177999,1,7,8,17.643975876022463
178023,1,7,5,0.3586789934097332
178026,1,7,5,0.3586789934097332
178034,1,7,7,0.7644583491730503
178035,1,7,9,3.8366857860267847
178037,1,7,1,12.112514401501068
178038,1,7,8,23.116307393327087
178046,1,7,9,14.066062654531992
178052,1,7,9,25.799433453086362
178066,1,7,6,18.705758024206318
178069,1,7,4,0.3586790108976326
178080,1,7,6,23.393058859649557
178092,1,7,4,0.3586790108976326
178093,1,7,1,23.178396029741688
178097,1,7,7,4.607503285417217
178101,1,7,5,0.3586789934097332
178104,1,7,4,0.3586790108976326
178124,1,7,7,1.565402081666988
178127,1,7,4,0.3586790108976326
178133,1,7,8,24.914412015681418
178159,1,7,8,26.293862408394496
178170,1,7,9,22.42744268487658
178180,1,7,4,0.3586790108976326
178198,1,7,4,0.3586790108976326
178211,1,7,1,21.290283947497205
178235,1,7,5,0.3586789934097332
178237,1,7,6,5.299604694733805
178241,1,7,6,16.58986931546745
178243,1,7,2,5.088698118925983
178252,1,7,1,8.038906308710178
178263,1,7,5,0.3586789934097332
178270,1,7,9,11.405133132825743
178278,1,7,9,11.836664828564148
178280,1,7,7,1.9461653791430527
178288,1,7,6,12.10584109826753
178308,1,7,2,5.912776458996737
178310,1,7,7,2.476221544791665
178327,1,7,5,0.3586789934097332
178334,1,7,10,21.266198134788674
178339,1,7,6,19.61473628574893
178367,1,7,9,18.379300371027245
178371,1,7,6,9.590081043889809
178375,1,7,8,4.659934248768356
178387,1,7,8,11.77500054481272
178404,1,7,1,10.38352446231715
178406,1,7,10,9.890600939412396
178408,1,7,3,1.8042584834712476
178411,1,7,2,13.54896821700791
178426,1,7,2,2.893463405225943
178438,1,7,9,5.956035165460476
178439,1,7,4,0.3586790108976326
178444,1,7,5,0.3586789934097332
178474,1,7,7,1.7982565575154408
178493,1,7,8,16.30909933352805
178522,1,7,2,4.27291456105493
178526,1,7,5,0.3586789934097332
178529,1,7,9,21.671295942614638
178582,1,7,4,0.3586790108976326
178583,1,7,10,3.0484520872531826
178587,1,7,10,21.266623074619105
178590,1,7,1,5.252994006092292
178602,1,7,2,13.812785783821576
178612,1,7,8,16.02811835556475
178638,1,7,10,3.430006271651992
178657,0,7,0,0.1945623208688648
178679,1,7,2,10.970974488682524
178683,1,7,1,19.680719724417585
178685,1,7,3,1.86561821157291
178694,1,7,4,0.3586790108976326
178707,1,7,1,12.180264258454871
178714,1,7,4,0.358679009087165
178725,1,7,8,12.277489752565087
178730,1,7,8,19.367187995799412
178743,1,7,8,28.45331595104955
178757,1,7,10,9.439299175879627
178768,1,7,8,16.826636447863716
178775,1,7,2,2.17632629403241
178782,1,7,3,1.8203272413037808
178783,1,7,4,0.3586790108976326
178784,1,7,7,2.5113718725071847
178787,1,7,10,11.291283224380608
178790,1,7,8,14.283414088487525
178808,0,7,0,0.02778088311871687
178810,1,7,8,8.835990451035151
178814,1,7,9,6.1869482843185795
178827,1,7,1,5.790954049976623
178838,1,7,5,0.3586789934097332
178866,1,7,4,0.3586790108976326
178873,1,7,4,0.3586790108976326
178878,1,7,8,18.83073247372535
178894,1,7,8,24.5826683864817
178896,1,7,9,26.046114222398128
178900,1,7,5,0.3586789934097332
178903,1,7,10,15.076287081313387
178908,1,7,5,0.3586789934097332
178932,1,7,7,1.8026378708483788
178952,1,7,6,15.091455546711627
178960,1,7,1,10.017865302196185
178965,1,7,10,8.040837678438592
178967,1,7,8,21.156096166185275
178975,1,7,6,14.617957483061058
178980,1,7,7,3.8242410956808266
179012,1,7,7,3.9036623411358162
179018,1,7,8,28.505162583019864
179029,1,7,8,24.770198056349507
179033,1,7,9,25.4741920399227
179044,1,7,8,17.9470945241568
179045,1,7,10,19.49929472601291
179047,1,7,5,0.3586789934097332
179070,1,7,10,15.177671974114805
179087,1,7,5,0.3586789934097332
179096,1,7,5,0.3586789934097332
179118,1,7,4,0.3586790108976326
179120,1,7,8,7.521407786983323
179141,0,7,0,0.0163647718971129
179142,1,7,9,14.645206705864954
179145,1,7,4,0.3586790108976326
179146,1,7,6,23.24153604732814
179154,0,7,0,0.0629321808540695
179169,1,7,1,12.05042231781228
179189,1,7,4,0.3586790108976326
179190,1,7,5,0.3586789934097332
179194,1,7,5,0.3586789934097332
179196,1,7,9,17.78691564492902
179202,1,7,6,9.423817399794212
179213,1,7,5,0.3586789934097332
179221,1,7,9,25.997785739138063
179229,1,7,2,1.8548424212587282
179231,1,7,8,24.222767557835937
179239,1,7,5,0.3586789934097332
179241,1,7,4,0.3586790108976326
179243,1,7,6,22.987072461224592
179254,1,7,9,15.05643822158747
179263,1,7,1,15.361025600318015
179296,1,7,1,11.959673262896228
179298,1,7,10,12.674646698716648
179306,1,7,9,26.382174952593836
179309,1,7,8,12.378706517112512
179320,1,7,9,23.68593048161842
179337,0,7,0,0.02491644599527785
179346,1,7,4,0.3586790108976326
179368,0,7,0,0.02401212904937565
179379,1,7,9,20.6131741599506
179385,1,7,10,16.17086781577774
179398,1,7,9,23.847428501963734
179400,1,7,5,0.3586789934097332
179406,1,7,1,16.10573300673802
179415,1,7,10,3.055729960703878
179417,1,7,5,0.3586789934097332
179420,1,7,10,5.346358367289461
179425,1,7,6,4.982616333678979
179426,1,7,5,0.3586789934097332
179431,1,7,6,23.86823881801345
179449,1,7,8,25.013738494894305
179482,1,7,9,21.36488093149224
179525,1,7,8,24.584426155411666
179537,1,7,6,15.753731616854413
179552,1,7,5,0.3586789934097332
179560,1,7,4,0.3586790108976326
179574,0,7,0,0.022591430046073974
179600,1,7,6,12.692324952879023
179608,1,7,5,0.3586789934097332
179611,1,7,9,16.972883772717413
179619,1,7,6,14.485561155016624
179632,1,7,3,1.167063601857624
179634,1,7,8,6.087544026718633
179638,1,7,8,26.988688357256343
179640,1,7,9,15.161284864109273
179642,1,7,10,9.091205244923
179647,1,7,9,19.42474191027416
179653,1,7,2,10.267379714228802
179658,1,7,3,2.314625683718202
179675,1,7,3,1.2738035769991836
179679,1,7,1,20.088432395739318
179707,1,7,5,0.3586789934097332
179711,1,7,8,11.831459612308992
179719,1,7,8,12.367119702281075
179720,1,7,9,26.147835697468
179730,1,7,9,18.852220745599897
179747,1,7,10,13.658724748867765
179757,1,7,9,9.484338989455491
179769,1,7,9,14.869734777158431
179777,1,7,8,6.626006622814336
179787,1,7,6,23.720543443639855
179795,1,7,6,8.855531501371873
179830,1,7,6,23.715039502947867
179840,1,7,7,1.6518920627918832
179852,1,7,6,20.177346835679135
179857,1,7,10,11.549273542764087
179884,1,7,8,13.047862608969506
179887,1,7,7,1.3591184388887345
179891,1,7,10,14.796494366256768
179918,1,7,8,15.899073162029126
179920,1,7,5,0.3586789934097332
179934,1,7,4,0.3586790108976326
179940,1,7,7,1.9681587248849457
179941,1,7,6,10.3497369401015
179948,1,7,6,4.487472276850822
179951,1,7,5,0.3586789949470627
179960,1,7,9,16.341634742162487
179964,1,7,9,7.331001866133252
179966,1,7,1,13.062727681791479
179970,1,7,8,10.529172173046033
180002,0,7,0,0.019832213923868594
180004,1,7,3,1.984244426672527
180005,1,7,9,13.21925070649764
180012,1,7,9,11.875898855516542
180014,1,7,9,6.171048186391373
180020,1,7,5,0.3586789934097332
180049,1,7,5,0.3586789934097332
180052,1,7,8,27.51418531010791
180066,1,7,9,22.330080729792595
180076,1,7,8,9.760884041730135
180087,1,7,5,0.3586789934097332
180106,1,7,7,3.0684528829800426
180134,1,7,5,0.3586789934097332
180137,1,7,1,5.986233349227898
180148,1,7,5,0.3586789934097332
180150,1,7,1,22.220329293364447
180176,1,7,4,0.3586790108976326
180183,1,7,8,3.1118401476539552
180187,1,7,10,9.045715072764827
180191,1,7,10,20.97732092310529
180197,1,7,1,11.731153269461108
180198,1,7,8,24.54302748843169
180204,1,7,2,9.816335954185654
180210,1,7,9,12.749329211420433
180216,1,7,5,0.3586789934097332
180217,0,7,0,0.02104936017758779
180219,1,7,9,15.117037272897797
180228,1,7,7,1.0291226669026197
180233,1,7,9,13.96668052174417
180234,1,7,8,12.412777481102957
180246,1,7,9,11.030680687185814
180252,1,7,3,1.9497393346117837
180257,0,7,0,0.01884280944655748
180262,1,7,4,0.3586790108976326
180271,1,7,8,19.52355624966446
180272,1,7,4,0.3586790108976326
180274,1,7,4,0.3586790108976326
180289,1,7,10,4.976581517981261
180293,1,7,5,0.3586789934097332
180307,1,7,4,0.3586790108976326
180338,1,7,10,11.69883454404404
180344,1,7,6,15.142691317775785
180352,1,7,6,14.748881783018472
180372,1,7,5,0.3586789934097332
180375,1,7,9,26.3778110126706
180378,1,7,5,0.3586789934097332
180381,1,7,8,23.183783282077872
180383,1,7,1,12.149731966635835
180390,1,7,5,0.3586789934097332
180395,1,7,9,12.481207914453414
180408,1,7,10,11.278378759745545
180424,1,7,5,0.3586789934097332
180428,1,7,6,4.933497882057357
180429,0,7,0,0.02821627761521417
180430,1,7,9,15.239862895705718
180442,1,7,4,0.3586790108976326
180443,1,7,6,8.869724154833454
180458,1,7,8,3.1113971107242513
180459,1,7,8,22.494460306325387
180460,1,7,9,4.050750853608085
180472,1,7,5,0.3586789949470627
180473,1,7,10,21.090405190765154
180498,1,7,4,0.3586790108976326
180508,1,7,5,0.3586789934097332
180527,0,7,0,0.02086565516815275
180540,1,7,9,25.579253318639235
180544,1,7,6,6.353523404151864
180550,1,7,9,26.38449187078466
180566,1,7,3,2.376308496280308
180571,1,7,6,10.240359510238493
180580,1,7,7,4.330250790567036
180584,1,7,4,0.3586790108976326
180586,0,7,0,0.035388704223106304
180602,1,7,10,8.766229077263313
180607,1,7,8,12.803130170962541
180614,1,7,5,0.3586789934097332
180665,1,7,1,18.51085222557493
180671,1,7,3,2.0395214914683204
180701,1,7,6,10.449472659139868
180714,1,7,9,17.613524915442827
180716,1,7,6,23.882111782524383
180733,1,7,10,8.883930669179636
180736,1,7,8,17.192217677199142
180744,1,7,1,19.145123171435543
180753,0,7,0,0.015174002995182732
180765,1,7,4,0.3586790108976326
180785,1,7,9,15.255583762172032
180787,1,7,1,6.237462126180105
180796,1,7,9,12.823629504577553
180800,1,7,9,21.992073461456247
180817,1,7,6,12.09337616776542
180841,1,7,9,16.21798704252429
180843,1,7,9,12.574054360921513
180844,1,7,6,23.21742851470263
180847,1,7,4,0.3586790108976326
180875,1,7,10,3.4307180894287037
180890,1,7,6,8.033789956111193
180891,1,7,7,4.571774172714821
180907,1,7,9,16.02150725644645
180920,1,7,6,6.780195582695124
180934,1,7,5,0.3586789934097332
180937,1,7,9,14.81531786328507
180948,1,7,5,0.3586789934097332
180953,0,7,0,0.0399528210910058
180956,1,7,9,2.884796045375683
180958,1,7,2,10.6701731140285
180959,1,7,4,0.3586790108976326
180964,1,7,6,19.42981785711547
180968,1,7,10,3.4550971896663825
180986,1,7,10,15.239453576249486
181020,1,7,8,3.862424299469847
181064,1,7,9,20.84386581570528
181075,1,7,10,8.926438045417408
181076,1,7,5,0.3586789934097332
181082,1,7,2,6.847577911440285
181095,1,7,8,19.24206572301121
181100,1,7,9,25.03688998849299
181101,1,7,9,9.776406102555853
181105,1,7,9,11.728295708560532
181112,1,7,8,15.023521529717602
181114,1,7,6,13.971698525551595
181122,1,7,10,19.455098343580744
181136,1,7,5,0.3586789934097332
181137,1,7,6,11.85867323133162
181149,1,7,1,6.743359583865746
181152,1,7,6,19.485104377550094
181165,1,7,7,2.0853874584623804
181175,1,7,4,0.3586790108976326
181176,1,7,5,0.3586789934097332
181179,1,7,5,0.3586789934097332
181194,1,7,6,13.706987659634724
181205,0,7,0,0.014797470696928834
181206,1,7,6,14.503534437349739
181216,1,7,6,7.572097438055836
181218,1,7,6,19.763569795216977
181242,1,7,8,15.543405861540375
181258,1,7,8,7.278386853991
181301,1,7,5,0.3586789934097332
181302,1,7,6,23.959503385785382
181310,1,7,3,2.4470852883629863
181317,1,7,2,8.343272852789841
181348,1,7,9,7.506748347294026
181356,1,7,9,23.13353407440436
181363,1,7,10,11.261769324435928
181365,1,7,6,23.168260768640604
181371,0,7,0,0.01692569320717606
181377,1,7,7,4.557805974110528
181378,1,7,8,22.4508012953798
181379,1,7,3,1.4383691651162576
181385,1,7,9,25.484151226939982
181393,1,7,10,4.937777518598298
181403,1,7,5,0.3586789934097332
181409,1,7,8,20.713107431209494
181426,1,7,4,0.3586790108976326
181441,1,7,5,0.3586789934097332
181450,1,7,7,1.37119201667555
181457,1,7,3,1.394684142647596
181465,1,7,5,0.3586789934097332
181470,1,7,8,15.431337817091688
181494,1,7,9,24.594928089854005
181497,1,7,1,17.955892620493664
181499,1,7,6,16.53342989648546
181512,1,7,8,28.402450538211593
181522,1,7,5,0.3586789934097332
181540,1,7,9,19.35061448168064
181542,1,7,2,11.956390191977123
181547,1,7,10,11.91804816437983
181555,1,7,2,10.008350115802683
181575,0,7,0,0.01250917224323429
181577,1,7,2,11.909729235062784
181622,1,7,9,14.485169058835153
181651,1,7,6,21.050719227812987
181654,1,7,8,12.325478324857235
181657,1,7,4,0.3586790108976326
181659,0,7,0,0.3527064730484495
181669,1,7,4,0.3586790108976326
181675,1,7,9,23.12216578660097
181685,1,7,8,10.529662185941996
181688,1,7,5,0.3586789934097332
181703,1,7,9,4.806183236797368
181712,1,7,6,23.382384533474955
181728,1,7,9,10.807645607002563
181730,1,7,9,4.154636824783812
181738,1,7,9,12.6658776828017
181744,1,7,5,0.3586789934097332
181749,1,7,1,19.52324994562246
181753,1,7,7,2.544052260146906
181770,1,7,3,2.018928966884563
181788,1,7,2,13.919516122737576
181803,1,7,6,23.49733431759259
181804,1,7,4,0.3586790108976326
181810,1,7,4,0.3586790108976326
181818,0,7,0,0.014222683003797452
181822,1,7,9,25.305638710931763
181826,1,7,8,21.56784793439396
181827,1,7,1,21.206872411893354
181841,1,7,10,14.776434542016359
181845,1,7,8,21.521663822396505
181872,1,7,6,18.510141900281166
181873,1,7,5,0.3586789934097332
181880,1,7,9,12.763942206000591
181891,0,7,0,0.015819219067065377
181897,1,7,8,23.239591208638643
181924,1,7,2,9.888817290860272
181931,1,7,4,0.3586790108976326
181933,1,7,8,16.29632786530318
181937,1,7,7,4.60232989348834
181952,0,7,0,0.0368983701316899
181955,1,7,8,21.2318177566809
181958,1,7,4,0.3586790108976326
181968,1,7,7,3.8962153473414785
181976,1,7,4,0.3586790108976326
181982,1,7,2,13.824891760485608
181993,1,7,8,27.869362628452745
182001,1,7,6,11.630645223460908
182005,1,7,10,8.87047797129119
182010,1,7,4,0.3586790108976326
182014,1,7,5,0.3586789934097332
182051,1,7,10,7.132297970948358
182053,1,7,1,21.54253924401015
182059,1,7,4,0.358679009087165
182081,1,7,1,5.9900850386515305
182103,1,7,4,0.3586790108976326
182113,1,7,4,0.3586790108976326
182114,1,7,7,4.487203305253883
182119,1,7,5,0.3586789934097332
182133,1,7,3,1.9162087971063497
182141,1,7,5,0.3586789934097332
182142,0,7,0,0.014543807334468247
182157,1,7,5,0.3586789934097332
182165,1,7,8,17.71607647451638
182174,0,7,0,0.023895739468055826
182176,1,7,9,24.80815300421214
182180,1,7,10,5.3123987628594005
182183,1,7,4,0.3586790108976326
182192,1,7,6,14.491171989617612
182197,1,7,8,11.190706858094906
182208,1,7,1,18.124211952148674
182224,1,7,9,16.23752668335603
182231,1,7,4,0.3586790108976326
182243,0,7,0,0.03241042064680319
182252,1,7,10,19.868770490096775
182255,1,7,1,8.825946327424719
182258,1,7,10,19.13839009291889
182260,1,7,1,22.943113856021682
182262,1,7,4,0.3586790108976326
182268,1,7,8,8.098171432641273
182270,1,7,8,11.41496933234126
182289,1,7,10,13.009575904895243
182296,1,7,5,0.3586789934097332
182301,1,7,6,15.322455084322279
182312,1,7,9,12.272758790679807
182316,1,7,9,5.02833471343685
182324,1,7,4,0.3586790108976326
182335,1,7,9,25.815396966955753
182340,1,7,5,0.3586789934097332
182345,1,7,9,12.000702368748613
182347,1,7,9,18.971873503532088
182352,1,7,6,20.61749825447549
182372,1,7,10,3.514096567063602
182373,1,7,5,0.3586789934097332
182375,1,7,4,0.3586790108976326
182378,1,7,6,23.0163685930064
182385,1,7,4,0.3586790108976326
182391,1,7,6,17.28334240891488
182401,0,7,0,0.024775134845205864
182437,1,7,8,18.28044112326131
182444,1,7,9,12.5125866925109
182454,1,7,3,2.1842227929773816
182458,1,7,9,23.517220246778034
182465,1,7,4,0.3586790108976326
182468,1,7,8,15.19118979933911
182478,1,7,10,21.254941755088222
182481,1,7,1,16.596845226968277
182483,1,7,10,9.761903244700955
182498,1,7,9,8.960562760631573
182501,1,7,5,0.3586789934097332
182515,1,7,3,2.2875132605554445
182544,1,7,4,0.3586790108976326
182553,1,7,3,2.0511876405307508
182575,1,7,9,4.4406630251815375
182587,1,7,9,21.325622148953226
182593,1,7,9,10.307326102516516
182626,1,7,4,0.358679009087165
182655,1,7,7,1.610709833512127
182672,1,7,9,24.479792231832416
182673,1,7,10,11.389209465426527
182674,1,7,8,3.959104888733391
182694,1,7,2,13.89804866923152
182702,1,7,6,22.93294884348434
182711,1,7,8,7.767541001449489
182741,1,7,8,25.81170971904278
182754,1,7,10,20.87377845818469
182757,1,7,4,0.3586790108976326
182764,1,7,7,2.935741394572108
182769,1,7,6,23.859284145774996
182780,1,7,9,15.47553984083161
182793,1,7,2,5.329473217502733
182798,1,7,4,0.3586790108976326
182835,1,7,9,13.216226557021336
182836,1,7,9,8.778455305064336
182850,1,7,9,11.123155388555865
182860,1,7,4,0.3586790108976326
182861,1,7,8,9.41034336047521
182894,0,7,0,0.037678683732109856
182897,1,7,10,8.864172613603104
182900,1,7,5,0.3586789934097332
182967,1,7,8,6.667539847173864
182979,1,7,9,22.432801856992057
182980,1,7,5,0.3586789934097332
182994,1,7,9,16.074645111039114
183006,1,7,5,0.3586789934097332
183011,1,7,9,19.770690575770658
183025,1,7,7,0.8120081535585932
183070,1,7,1,8.913939448655666
183086,1,7,8,28.472385736506098
183097,1,7,1,10.126604135839345
183103,1,7,6,23.499914360785095
183107,1,7,9,10.516782158205922
183113,1,7,7,3.695487014496197
183115,1,7,6,5.851211226940512
183125,1,7,7,1.385538161347366
183129,1,7,6,11.055123606311328
183145,1,7,2,5.421778043680428
183157,1,7,9,16.44023371314507
183161,1,7,4,0.3586790108976326
183179,1,7,5,0.3586789934097332
183192,1,7,8,14.215637900087216
183209,1,7,9,15.06336403738351
183210,1,7,10,10.265907796525926
183229,1,7,6,21.314397444519315
183246,1,7,9,25.03845417785658
183248,1,7,10,8.939396954321618
183268,1,7,2,10.638177948641603
183279,1,7,4,0.3586790108976326
183290,1,7,6,18.78878666664896
183300,1,7,7,3.8388958112326823
183309,1,7,2,11.545038966344979
183349,1,7,9,14.563478282383556
183350,1,7,5,0.3586789934097332
183351,1,7,6,21.57318303318423
183352,1,7,9,16.192555002764937
183355,1,7,8,24.06135649975663
183369,1,7,9,23.006038339882885
183376,1,7,8,10.69406958574906
183412,1,7,2,3.176354645104298
183427,1,7,7,3.5460995513759377
183438,1,7,4,0.358679009087165
183456,1,7,8,11.610434384783824
183458,1,7,5,0.3586789934097332
183460,1,7,3,2.1883208443526825
183474,1,7,8,7.78697718235402
183488,1,7,8,19.434368070605128
183491,1,7,6,21.72911340195793
183509,1,7,9,12.770469732811746
183521,1,7,10,7.821578126234067
183527,1,7,9,20.646301675142325
183530,1,7,7,2.5916563591676463
183577,1,7,5,0.3586789934097332
183578,1,7,8,12.712087848312677
183585,1,7,7,0.84860596161841
183633,0,7,0,0.029031680055879316
183657,1,7,8,28.16699482384385
183715,1,7,9,9.820413885340749
183717,1,7,5,0.3586789934097332
183736,1,7,9,21.91620090976296
183751,1,7,7,4.532044253738782
183795,1,7,9,19.395045716554446
183802,1,7,1,22.938786251835232
183808,1,7,4,0.3586790108976326
183821,1,7,5,0.3586789934097332
183825,0,7,0,0.017215551532122363
183826,1,7,9,25.538163600235237
183832,0,7,0,0.01442649781711037
183844,1,7,5,0.3586789934097332
183849,1,7,3,1.368292789521078
183857,1,7,9,24.415906988874074
183859,1,7,10,14.547067866372595
183864,1,7,6,6.535240912563545
183870,1,7,9,17.8848673538025
183879,0,7,0,0.013493972757726397
183882,1,7,6,18.999500917803736
183895,1,7,6,23.119590134518926
183923,1,7,1,6.433001099296602
183934,1,7,8,25.46016441933843
183941,1,7,8,4.045184480426925
183950,1,7,4,0.3586790108976326
183956,1,7,10,18.14958104247718
183958,1,7,9,14.49527913206214
183959,1,7,1,15.225881994295058
183971,1,7,6,20.854324259599018
183974,0,7,0,0.025716059542366325
183980,1,7,10,10.874761787633302
184005,1,7,8,12.23330320621417
184018,0,7,0,0.02649564878405528
184019,1,7,5,0.3586789934097332
184026,0,7,0,0.013674345072982652
184038,1,7,8,19.666600967174308
184045,1,7,6,6.050803435217414
184069,1,7,4,0.3586790108976326
184086,1,7,1,5.3667752265727655
184091,1,7,6,23.493503537103994
184097,1,7,1,12.26367727468181
184107,1,7,9,24.752906478394298
184121,1,7,8,4.366985995579375
184126,1,7,9,5.404458744148899
184132,0,7,0,0.01282047733574018
184134,1,7,8,11.865255458018238
184142,1,7,1,4.006495387447204
184162,1,7,5,0.3586789934097332
184176,1,7,1,22.919907632952512
184197,0,7,0,0.08236043123197458
184214,1,7,5,0.3586789949470627
184220,1,7,3,1.8200991138028955
184233,1,7,1,19.88305201784576
184249,1,7,2,5.856035422019741
184268,1,7,8,3.150019816985784
184269,1,7,2,13.968173919358335
184273,1,7,6,15.208299013744377
184274,1,7,8,9.357811229076647
184276,1,7,10,21.23968193649027
184286,1,7,8,26.656245048433046
184291,1,7,6,6.864098673965527
184295,1,7,4,0.3586790108976326
184327,1,7,6,7.423922069980134
184334,1,7,9,24.149615058313355
184337,1,7,10,9.911546403321646
184343,1,7,6,8.678083427549034
184349,1,7,5,0.3586789934097332
184358,1,7,8,18.379673836326173
184364,1,7,9,11.68285300717318
184388,1,7,8,23.622458741407865
184390,1,7,9,12.958415261611798
184409,1,7,7,3.4274449120436272
184436,1,7,5,0.3586789934097332
184461,1,7,9,21.26410486518987
184472,1,7,7,1.3842784368332715
184499,1,7,6,5.514040213352503
184505,1,7,1,9.939474402025818
184509,1,7,6,18.99809245947376
184510,1,7,9,19.850603073204425
184513,1,7,6,13.884006737397842
184525,1,7,5,0.3586789934097332
184528,1,7,10,4.69176987789763
184534,1,7,4,0.358679009087165
184553,1,7,4,0.3586790108976326
184574,1,7,10,17.857946479449694
184582,1,7,8,10.049747469633964
184585,1,7,4,0.3586790108976326
184589,1,7,8,10.431757344929975
184590,1,7,9,11.077554288607798
184607,1,7,9,6.194637817328718
184622,1,7,5,0.3586789934097332
184625,1,7,2,10.630951702123639
184627,1,7,8,19.490497823830818
184635,1,7,4,0.3586790108976326
184638,1,7,7,3.2674205318416827
184642,0,7,0,0.01994027181308857
184645,1,7,6,20.95778881675002
184655,1,7,7,1.9225145563211798
184657,1,7,1,19.555984041939855
184662,1,7,3,2.273458568062781
184666,1,7,9,24.768635802887015
184677,1,7,6,20.196696382388375
184695,1,7,9,18.714293980820838
184707,1,7,9,24.44024027957187
184712,1,7,8,28.174726958985094
184713,1,7,4,0.3586790108976326
184718,1,7,1,7.755400447320596
184725,1,7,8,19.900633645991473
184729,1,7,8,24.591996118483078
184753,1,7,8,28.47382420609499
184772,1,7,8,22.044187666208757
184780,1,7,8,17.87411896609865
184795,1,7,4,0.3586790108976326
184822,1,7,5,0.3586789949470627
184827,1,7,6,23.30551237996166
184879,1,7,10,11.381789673438487
184891,1,7,2,3.6602179584539343
184898,1,7,2,4.770017976430495
184901,1,7,9,12.497252749732143
184907,1,7,6,14.688453936000409
184912,1,7,8,25.77718377522512
184915,1,7,5,0.3586789934097332
184916,1,7,5,0.3586789934097332
184947,1,7,10,16.294164868440056
184964,1,7,7,2.284286150303054
184968,1,7,8,16.422549514154547
185026,1,7,4,0.3586790108976326
185035,1,7,5,0.3586789934097332
185038,1,7,3,2.140228293875507
185040,1,7,4,0.3586790108976326
185074,1,7,8,19.4194322133703
185082,1,7,8,20.268516734756588
185085,1,7,9,16.730521259222943
185103,1,7,1,23.180379510435586
185108,1,7,10,5.05270087313452
185117,1,7,9,26.36100874161839
185130,1,7,10,12.261599044354186
185134,1,7,7,1.3283367233599184
185138,1,7,4,0.3586790108976326
185139,0,7,0,0.04174269574423177
185142,1,7,9,13.801108214528496
185166,1,7,9,12.387482384468328
185171,1,7,9,21.09474649350665
185190,1,7,9,25.609289379871523
185193,1,7,4,0.3586790108976326
185197,1,7,8,14.499667027856834
185198,1,7,6,11.088721556041339
185209,1,7,8,18.247908859168252
185221,1,7,1,16.96116978521702
185223,1,7,1,17.650209485863474
185258,0,7,0,0.01360317923126985
185262,1,7,8,28.49959344052339
185271,1,7,4,0.3586790108976326
185283,1,7,3,1.3777839538671934
185290,1,7,9,24.766543162729537
185299,1,7,4,0.3586790108976326
185302,1,7,7,2.753625312167307
185308,1,7,6,23.607684046344495
185311,1,7,3,2.3703885683588175
185313,1,7,9,26.01784458683672
185319,1,7,2,12.885161147586757
185320,1,7,9,16.210206442936204
185335,1,7,7,4.552641428525248
185350,1,7,2,3.601853150698843
185358,1,7,5,0.3586789934097332
185376,1,7,5,0.3586789934097332
185379,1,7,8,20.184981732171632
185387,1,7,7,2.144428052981097
185403,1,7,8,24.591112728492394
185411,1,7,5,0.3586789934097332
185414,1,7,9,23.094800607122124
185417,1,7,7,1.4135985311562858
185469,1,7,9,23.62462256751842
185471,1,7,5,0.3586789934097332
185474,1,7,9,15.244894406272508
185493,1,7,9,25.95336716741553
185496,1,7,4,0.3586790108976326
185504,1,7,7,2.539308202490934
185509,1,7,6,11.251154214964037
185516,1,7,9,2.6898354305770837
185526,1,7,10,12.336581018104564
185528,1,7,2,6.857576479824236
185538,1,7,4,0.3586790108976326
185546,1,7,6,11.555976249295217
185559,0,7,0,0.05101466310137319
185561,1,7,5,0.3586789934097332
185585,1,7,5,0.3586789934097332
185589,1,7,3,0.6112214921141061
185601,1,7,9,22.805150961038333
185614,1,7,4,0.3586790108976326
185622,0,7,0,0.024198460228926306
185633,1,7,5,0.3586789934097332
185637,1,7,9,22.990810994358927
185638,1,7,10,17.22397840562935
185653,1,7,5,0.3586789934097332
185656,1,7,9,4.073948103422005
185689,1,7,8,19.294922347210427
185696,1,7,9,16.948295350297617
185699,1,7,8,25.031592158259386
185700,1,7,1,13.886032056488594
185711,1,7,9,25.897090148794312
185719,1,7,10,11.749636253601942
185724,1,7,2,9.74886296788946
185727,1,7,7,4.338519187495817
185730,1,7,6,12.692811324678544
185739,1,7,6,23.857118296152805
185750,1,7,9,21.334534361848725
185758,1,7,6,12.960907707814899
185773,1,7,10,12.12739599002045
185777,0,7,0,0.018611708025306987
185784,1,7,4,0.358679009087165
185785,1,7,9,8.915970109712502
185788,1,7,6,5.71886582026344
185793,1,7,7,1.6865004299310502
185794,1,7,10,11.721038314284836
185823,1,7,4,0.3586790108976326
185825,1,7,10,11.176814305801628
185838,1,7,9,23.42704726599864
185844,1,7,8,22.565907148149986
185854,1,7,6,9.29041255675654
185868,1,7,9,4.602972165846277
185890,1,7,1,6.240080259479807
185900,1,7,7,2.0999571864771363
185909,1,7,4,0.3586790108976326
185910,1,7,6,19.454864721053763
185913,1,7,9,24.06694810942986
185921,1,7,5,0.3586789934097332
185946,1,7,4,0.3586790108976326
185958,0,7,0,0.0731058899894982
185995,1,7,7,3.0193240756506845
185997,1,7,6,13.734688908008756
185999,1,7,9,17.107102960527516
186014,1,7,9,5.0744803446223665
186016,1,7,4,0.3586790108976326
186018,1,7,5,0.3586789934097332
186025,1,7,8,23.170466319179223
186063,1,7,4,0.3586790108976326
186064,1,7,2,2.628528771049832
186078,1,7,1,17.97923222754875
186079,1,7,5,0.3586789934097332
186083,1,7,4,0.3586790108976326
186098,1,7,5,0.3586789949470627
186103,1,7,10,12.14164906123591
186118,1,7,3,2.1598473331957524
186137,1,7,9,12.402291481520697
186147,1,7,4,0.3586790108976326
186149,1,7,8,18.92645761902946
186150,1,7,8,17.729933780706144
186151,1,7,1,14.405476745885384
186155,1,7,5,0.3586789934097332
186175,1,7,8,9.765777326833458
186197,1,7,6,6.073560364496826
186199,1,7,8,27.834297502063464
186210,1,7,1,21.505673146682398
186212,1,7,9,23.954247774652636
186215,1,7,6,20.83641697556903
186218,1,7,7,2.1902251777450865
186232,1,7,4,0.3586790108976326
186277,1,7,9,24.769336772203708
186300,1,7,9,24.41079243069744
186343,1,7,8,8.006647141862153
186351,1,7,7,2.082923535872218
186362,1,7,8,27.845380079646468
186367,1,7,1,4.723192079670059
186381,1,7,6,13.774392236254732
186385,1,7,6,23.171154389668676
186400,1,7,3,0.7710343871425767
186404,1,7,8,5.802990253112977
186412,0,7,0,0.027713522132231248
186421,1,7,9,23.7719279859491
186423,1,7,6,18.078234091818214
186425,1,7,10,15.374072151482368
186443,1,7,10,12.62496654561692
186452,1,7,8,25.200984306780388
186473,1,7,1,17.480793467031543
186484,1,7,6,9.233956759759353
186504,1,7,8,23.46718587355324
186533,1,7,10,17.598698159614347
186574,1,7,9,25.324596646438426
186577,1,7,6,18.90365797262964
186580,1,7,6,21.80589580439055
186586,1,7,6,11.279459255735778
186604,1,7,7,2.0412045145846016
186606,1,7,6,17.761937338637022
186608,1,7,6,6.372824901386542
186613,1,7,10,17.598042291354624
186616,1,7,3,2.34601725299345
186621,1,7,1,5.2372815927520895
186636,1,7,8,11.886222868860735
186642,1,7,9,15.924379271668593
186645,0,7,0,0.015753811265735742
186656,1,7,4,0.3586790108976326
186670,1,7,9,4.655537103015053
186671,1,7,6,10.026456691417355
186673,0,7,0,0.2715693881998782
186674,1,7,8,17.07391831845846
186689,1,7,6,8.906651110971536
186690,1,7,10,9.467395823374495
186691,1,7,5,0.3586789934097332
186699,1,7,10,7.383283992340074
186711,1,7,5,0.3586789934097332
186725,1,7,8,16.69151645125342
186728,1,7,6,16.83608529362448
186732,1,7,9,4.141775752851566
186737,1,7,8,18.9172453667992
186740,1,7,10,3.038430000972594
186745,1,7,8,17.658849747610518
186748,1,7,8,4.3961813209510785
186749,1,7,7,1.5072972274033596
186759,1,7,9,8.559293642919723
186765,1,7,4,0.3586790108976326
186774,1,7,6,7.7553792560130494
186782,1,7,6,8.428163978294487
186784,1,7,2,8.84636876462292
186787,0,7,0,0.1413896465255095
186789,1,7,10,11.466418395094685
186805,1,7,2,6.748864332122317
186831,1,7,6,15.571000070354883
186841,1,7,9,14.15758349141558
186852,0,7,0,0.026380142388303787
186853,1,7,3,2.4427095107207015
186855,1,7,9,13.156853536344771
186858,0,7,0,0.01702627016103586
186864,1,7,9,11.973552275714272
186878,1,7,5,0.3586789934097332
186891,0,7,0,0.012607695987721393
186893,1,7,4,0.3586790108976326
186908,1,7,9,6.995992555419716
186909,1,7,5,0.3586789934097332
186915,1,7,8,14.14693139063239
186935,1,7,5,0.3586789934097332
186944,1,7,1,18.26796107759892
186954,1,7,4,0.3586790108976326
186956,1,7,9,25.00821477635178
186958,1,7,7,3.8803804682174645
186973,1,7,8,26.333787739158357
186976,1,7,4,0.3586790108976326
186984,1,7,5,0.3586789949470627
186989,1,7,5,0.3586789949470627
187002,1,7,5,0.3586789934097332
187005,1,7,10,13.53160055789154
187036,1,7,1,15.104348761838741
187037,1,7,7,2.5604866703429683
187046,1,7,5,0.3586789934097332
187049,1,7,6,22.183088499357556
187077,1,7,9,25.546676018186016
187118,1,7,3,2.40488324370594
187120,1,7,5,0.3586789934097332
187124,1,7,10,7.661887568358686
187131,1,7,10,15.484855525369197
187148,1,7,10,4.840493397496014
187153,1,7,2,12.36527255809755
187155,0,7,0,0.30856606477072
187157,1,7,2,10.061902175678764
187170,1,7,6,5.954853585582373
187200,1,7,5,0.3586789934097332
187220,1,7,8,13.203232890707344
187228,1,7,2,13.408301439125218
187246,1,7,6,11.137350212382223
187267,1,7,10,5.505218073879104
187268,1,7,9,19.25414483572526
187288,1,7,5,0.3586789934097332
187294,1,7,10,6.2178879193911
187303,1,7,8,11.390455214691654
187332,1,7,9,12.871779209664506
187344,1,7,4,0.3586790108976326
187354,1,7,4,0.3586790108976326
187357,1,7,9,16.75660058853288
187362,1,7,9,15.59862862033076
187363,1,7,8,12.501727063451936
187369,1,7,10,13.53202946245892
187376,1,7,5,0.3586789934097332
187378,1,7,10,4.450552211404981
187390,1,7,9,10.501123333806266
187394,1,7,6,22.590724081804755
187397,1,7,1,23.241332039879012
187409,1,7,5,0.3586789934097332
187427,1,7,1,20.059481735886436
187428,1,7,8,8.83154397820881
187463,1,7,2,12.981186373739487
187469,1,7,8,11.081534835522573
187510,1,7,6,17.828955573345834
187517,1,7,4,0.3586790108976326
187522,1,7,5,0.3586789934097332
187523,1,7,4,0.3586790108976326
187533,1,7,2,11.192667410940494
187539,1,7,10,7.5807337565685335
187543,1,7,8,20.566988430393824
187562,1,7,4,0.3586790108976326
187568,0,7,0,0.012907618919290025
187571,1,7,6,23.88274674748912
187579,1,7,8,12.879886322018065
187581,1,7,10,5.08059487774278
187592,1,7,7,2.0516513897409845
187609,1,7,1,19.319531317484042
187615,1,7,6,22.517805451364755
187624,1,7,1,15.92503236112598
187625,1,7,4,0.3586790108976326
187638,1,7,4,0.3586790108976326
187643,1,7,7,1.8787006214524231
187645,1,7,2,5.813510376127057
187647,1,7,10,19.2269292440244
187660,1,7,8,24.91285737046686
187661,1,7,9,4.703164304572204
187668,1,7,3,2.3808654832663536
187673,1,7,1,4.5623980582780685
187696,1,7,9,26.318043020623684
187707,1,7,2,6.197625952372055
187718,0,7,0,0.02306701832424821
187719,1,7,9,25.922718909988646
187722,1,7,6,22.127131748612445
187724,0,7,0,0.017414253632894297
187736,1,7,6,7.179811139082514
187756,1,7,5,0.3586789934097332
187758,1,7,5,0.3586789934097332
187762,1,7,8,25.449788718010733
187773,1,7,10,16.489575903827006
187774,1,7,5,0.3586789934097332
187775,1,7,4,0.3586790108976326
187788,1,7,8,13.967962967357252
187791,1,7,5,0.3586789934097332
187803,0,7,0,0.2664652534576422
187815,1,7,8,17.446782705411046
187823,1,7,6,8.87531831598495
187834,1,7,10,11.04751169347926
187835,1,7,8,13.476887739121393
187845,1,7,6,6.868937500040646
187851,1,7,10,10.7777545943418
187855,1,7,8,9.03588646214569
187883,1,7,8,28.46863923441997
187884,1,7,7,4.572864937606755
187885,1,7,10,12.392966374292156
187898,1,7,9,13.60601981337382
187911,1,7,2,2.4451528551560555
187912,1,7,2,12.393723698594227
187935,1,7,8,19.693339359246256
187940,1,7,4,0.3586790108976326
187943,1,7,7,3.672110641972539
187952,1,7,10,11.525724520109348
187960,1,7,2,10.382050820734698
187963,1,7,3,2.4063968651549974
187966,1,7,6,22.832683947457664
187972,1,7,9,17.110761869201372
187976,1,7,1,20.277458618279244
187991,1,7,9,25.603762394397776
187993,1,7,10,8.436932625654208
188007,1,7,8,8.159653640135737
188010,1,7,6,11.82713390850542
188033,1,7,6,11.601078042684001
188046,1,7,8,18.711864624545985
188052,1,7,3,1.3620771313299076
188055,1,7,7,2.1663283878446933
188065,1,7,7,1.701023833001446
188070,0,7,0,0.05884033227708475
188084,1,7,7,1.0256445225070863
188095,1,7,4,0.3586790108976326
188115,1,7,9,19.6554621746636
188129,0,7,0,0.02343492287419239
188141,1,7,8,13.973202970845623
188160,1,7,8,18.904104758348485
188163,1,7,8,3.3422502375937384
188168,1,7,5,0.3586789934097332
188172,1,7,3,2.403866993217985
188194,1,7,4,0.3586790108976326
188199,1,7,10,8.79933623512234
188202,1,7,6,20.237924563203237
188203,1,7,3,2.4295306377756893
188218,1,7,4,0.3586790108976326
188232,1,7,4,0.3586790108976326
188236,1,7,9,2.8463742527610894
188238,1,7,10,21.278097015438235
188263,1,7,10,9.974230087691122
188269,1,7,1,16.94924222970653
188276,1,7,5,0.3586789934097332
188286,1,7,8,24.7596474619671
188300,1,7,9,8.146040749949083
188327,1,7,5,0.3586789934097332
188334,1,7,1,8.172464391570154
188349,1,7,10,4.2598527396186
188380,1,7,8,22.01333520345621
188387,1,7,7,3.920985928929777
188392,1,7,7,3.652641258590472
188401,1,7,1,10.60496077022683
188409,1,7,2,7.293626437458967
188411,1,7,6,13.89385347308378
188420,1,7,8,13.302771054448765
188421,1,7,6,17.83189210633905
188424,1,7,4,0.3586790108976326
188430,1,7,1,4.417444434617576
188440,1,7,4,0.3586790108976326
188441,1,7,1,17.449569899029512
188453,1,7,5,0.3586789934097332
188458,1,7,6,3.9194434661600526
188473,1,7,10,12.26328699817627
188490,1,7,9,24.434202734315967
188497,1,7,9,20.052056541061933
188503,1,7,4,0.3586790108976326
188516,1,7,6,20.36925431914787
188525,1,7,8,16.428036981399536
188529,1,7,5,0.3586789934097332
188532,1,7,4,0.3586790108976326
188536,1,7,5,0.3586789934097332
188561,1,7,10,21.2158335185173
188569,1,7,5,0.3586789934097332
188584,1,7,1,5.576366299818724
188586,1,7,8,25.80768352414809
188612,1,7,5,0.3586789934097332
188615,1,7,9,23.956634455312155
188619,1,7,9,23.47126131502982
188620,1,7,1,9.34636219225747
188632,1,7,4,0.3586790108976326
188639,1,7,4,0.3586790108976326
188650,1,7,4,0.3586790108976326
188664,1,7,6,9.443935322703952
188680,1,7,10,10.368060070593064
188722,1,7,4,0.3586790108976326
188733,1,7,9,24.361554977298596
188737,1,7,8,3.8616429272706614
188754,1,7,4,0.3586790108976326
188774,1,7,8,15.215999229972766
188777,1,7,8,12.741082982182249
188783,1,7,10,14.142447842288185
188795,1,7,2,11.113013861700285
188833,1,7,9,16.59484152451721
188835,1,7,1,6.606873922139641
188839,0,7,0,0.013151117540262406
188847,1,7,4,0.3586790108976326
188849,1,7,9,15.734480446910025
188864,1,7,9,20.167152128227315
188868,1,7,9,25.247898215544783
188898,1,7,9,2.9361191201390286
188948,1,7,7,4.550847694187751
188974,1,7,10,6.574151212269672
188976,1,7,7,0.6145797968092763
188982,1,7,9,7.688582175475307
188993,1,7,3,1.3597310190440763
188996,1,7,6,16.34716254216056
189001,1,7,9,26.35420248756574
189002,1,7,5,0.3586789934097332
189021,1,7,1,6.8430630810123
189031,1,7,1,20.18580093480459
189033,1,7,9,7.514185188172334
189047,1,7,5,0.3586789934097332
189065,1,7,1,5.292968123651246
189071,1,7,6,21.293778682137123
189104,1,7,7,3.6332591020507348
189115,1,7,10,16.40738763441536
189116,1,7,6,19.22958737389848
189123,1,7,4,0.3586790108976326
189134,1,7,5,0.3586789934097332
189135,0,7,0,0.016572610549897226
189147,1,7,1,19.437669901368
189149,1,7,6,13.19034310167355
189152,1,7,1,13.254060318725804
189157,1,7,9,20.9730974654875
189158,1,7,4,0.3586790108976326
189160,1,7,7,4.56147963012048
189164,1,7,6,10.610701809899329
189174,1,7,3,2.264580080579076
189191,1,7,8,21.06381460108369
189198,1,7,10,4.404586888788879
189207,1,7,8,12.85847462529912
189215,1,7,4,0.358679009087165
189236,1,7,3,2.2986959211565927
189241,1,7,9,11.26858881342199
189259,1,7,4,0.3586790108976326
189269,1,7,9,9.724008871868275
189275,1,7,8,4.419138395866754
189278,1,7,6,12.028693440360277
189281,0,7,0,0.026482480257096534
189321,1,7,3,1.955673798164559
189341,1,7,5,0.3586789934097332
189346,1,7,10,18.246868037710858
189364,1,7,5,0.3586789934097332
189367,1,7,8,15.099571466552266
189370,1,7,8,14.247574962907622
189376,1,7,1,11.878584823596169
189377,1,7,10,12.330551604389543
189379,1,7,4,0.3586790108976326
189386,1,7,6,12.801572141701318
189397,1,7,10,4.164864695222202
189398,1,7,6,22.124877081241422
189443,1,7,7,3.43781757601186
189453,1,7,10,9.961037631487406
189460,1,7,1,8.838876545592809
189464,1,7,7,2.348446070308642
189476,1,7,7,4.211042413532177
189492,1,7,8,22.523663116478534
189502,1,7,8,21.894323582490024
189513,1,7,2,11.6616309519314
189528,1,7,9,25.523123155010808
189531,1,7,5,0.3586789934097332
189543,1,7,8,7.187327356559964
189545,1,7,4,0.358679009087165
189550,1,7,9,12.814546796168996
189578,1,7,7,0.9552049676552152
189591,1,7,6,17.798842256729795
189604,1,7,2,1.7354654476053255
189637,1,7,5,0.3586789934097332
189661,1,7,9,5.96184979728482
189673,1,7,9,23.28807419639456
189684,1,7,1,21.80552680478801
189689,1,7,6,22.68634683849988
189694,1,7,5,0.3586789934097332
189721,1,7,8,5.868672157278872
189724,1,7,9,15.589289328590253
189738,1,7,6,11.141076399451476
189747,1,7,10,14.023660025310372
189772,0,7,0,0.011729144769733638
189777,1,7,7,2.553527237611302
189783,1,7,2,2.045310152356642
189794,1,7,4,0.3586790108976326
189835,1,7,8,16.842826770842898
189844,1,7,9,24.201229082842584
189846,1,7,8,25.8479110305677
189855,1,7,2,5.0053851872670245
189856,1,7,4,0.3586790108976326
189864,1,7,9,26.074960560787158
189868,1,7,6,18.72094656191589
189883,1,7,3,1.371356103138729
189897,1,7,6,22.781961071575598
189947,1,7,5,0.3586789934097332
189956,1,7,6,14.747785970955222
189960,1,7,5,0.3586789934097332
189975,1,7,5,0.3586789934097332
189998,1,7,9,23.46697120031341
190010,1,7,9,19.90599959797494
190011,1,7,6,9.60226789095745
190029,1,7,9,15.060834383992075
190036,1,7,9,23.287802147635045
190085,1,7,2,6.49856810394071
190092,1,7,4,0.3586790108976326
190095,1,7,4,0.3586790108976326
190105,1,7,6,18.250661616600702
190116,1,7,8,16.724376060500756
190118,1,7,9,7.041942095614435
190120,1,7,6,22.77970138978311
190121,1,7,4,0.3586790108976326
190129,1,7,4,0.3586790108976326
190143,1,7,1,21.661147743643248
190146,1,7,4,0.3586790108976326
190148,1,7,2,6.932712537045084
190153,1,7,6,22.38204670871449
190160,1,7,8,17.990808574222644
190165,1,7,9,11.43315250567005
190180,1,7,6,20.809593253140957
190190,1,7,10,11.43286724638658
190196,1,7,1,19.452508307691765
190198,1,7,3,0.6861460238739804
190212,1,7,9,25.667534024432936
190238,1,7,10,13.513716941141842
190245,1,7,4,0.3586790108976326
190266,1,7,4,0.3586790108976326
190272,1,7,6,14.866677134690576
190274,1,7,9,15.435465459216266
190284,1,7,4,0.3586790108976326
190289,1,7,8,14.810905252681163
190291,1,7,5,0.3586789949470627
190299,1,7,6,23.63849078111049
190301,1,7,4,0.3586790108976326
190306,1,7,4,0.3586790108976326
190311,1,7,9,10.19242743440638
190315,1,7,4,0.3586790108976326
190321,1,7,4,0.3586790108976326
190323,1,7,1,22.42299305580651
190325,1,7,5,0.3586789934097332
190357,1,7,8,16.86438785675636
190363,1,7,6,14.691457787709334
190387,1,7,8,21.716278440906144
190390,1,7,5,0.3586789934097332
190402,1,7,5,0.3586789934097332
190424,1,7,8,4.1560414698851815
190427,1,7,9,25.646933176894578
190430,1,7,6,20.954168646158365
190431,1,7,9,25.2543619722515
190446,1,7,5,0.3586789934097332
190455,1,7,2,5.428151736745342
190469,1,7,1,4.1760066184874916
190473,1,7,4,0.3586790108976326
190475,1,7,8,19.18272795071891
190480,1,7,4,0.3586790108976326
190486,1,7,9,26.252621896137583
190516,0,7,0,0.016835477277941106
190529,1,7,7,4.494069729229338
190536,1,7,8,15.498367550156704
190537,1,7,2,10.148400274938751
190540,1,7,3,2.423459005529935
190553,1,7,9,8.553259142427914
190566,1,7,9,17.78555141416308
190579,1,7,6,18.827272618856533
190591,1,7,6,14.983326395406538
190599,1,7,6,12.074239797573627
190608,1,7,10,4.258201263026327
190611,1,7,9,4.579949505303047
190613,1,7,7,3.7049448169053583
190625,1,7,3,2.194893605737279
190641,1,7,8,26.1608100018739
190648,1,7,4,0.3586790108976326
190650,1,7,10,12.647513321366333
190652,1,7,8,10.182249380863114
190671,1,7,9,25.156673496171422
190688,0,7,0,0.016621997255200714
190700,1,7,10,4.996076367051126
190704,1,7,4,0.3586790108976326
190729,1,7,3,2.2786036071694324
190731,1,7,5,0.3586789934097332
190776,1,7,6,20.17371780665328
190781,1,7,9,3.4850661563179735
190835,1,7,1,21.524648013342695
190841,1,7,10,15.505680072595451
190873,0,7,0,0.020289951398349125
190884,1,7,5,0.3586789934097332
190887,1,7,8,28.006463351975295
190898,1,7,5,0.3586789934097332
190902,1,7,8,6.762180051769183
190914,1,7,10,9.68231822825748
190919,1,7,10,16.484903835754846
190921,1,7,5,0.3586789934097332
190937,1,7,6,6.939368673284531
190939,1,7,4,0.3586790108976326
190942,1,7,6,20.063119154700054
190948,1,7,5,0.3586789949470627
190968,1,7,8,15.878085665468538
190970,1,7,9,20.42234116468521
190977,1,7,9,20.87284957019003
190984,1,7,4,0.3586790108976326
191017,1,7,6,11.433529910856759
191025,1,7,8,23.90120371013043
191038,1,7,4,0.3586790108976326
191054,1,7,4,0.3586790108976326
191057,1,7,8,5.921983072863564
191059,1,7,4,0.3586790108976326
191071,1,7,6,22.13292034024968
191096,1,7,9,16.14195890765212
191101,1,7,10,16.408291081494397
191160,1,7,1,9.899424482834583
191161,1,7,9,26.37534495592305
191178,1,7,4,0.3586790108976326
191182,1,7,8,4.198120388840669
191205,1,7,8,21.522639291886097
191232,0,7,0,0.013116372035688158
191243,1,7,1,17.305243030797662
191275,1,7,4,0.3586790108976326
191291,1,7,9,21.21931723478771
191292,1,7,6,17.212627292658514
191300,1,7,1,11.914078213148752
191307,0,7,0,0.02784514684476026
191311,1,7,10,14.30824343441249
191320,1,7,8,22.372612378528284
191343,1,7,6,14.627069040142283
191344,1,7,3,1.7279246222994038
191348,0,7,0,0.026110874353551743
191354,1,7,10,4.695595647633319
191363,1,7,9,19.73151752382588
191364,1,7,6,23.547290061034374
191395,1,7,6,22.33358281726788
191398,1,7,9,24.405567884551466
191420,1,7,9,4.451608559282737
191428,1,7,10,8.414317247363279
191430,1,7,6,22.85427735210437
191437,1,7,5,0.3586789934097332
191439,1,7,10,11.091801966710536
191445,0,7,0,0.012113079238396296
191457,1,7,9,14.358115086393001
191477,1,7,1,11.530761030141612
191478,1,7,1,19.730105045923857
191480,1,7,8,13.230238466357378
191481,1,7,9,26.274190720101515
191497,1,7,10,10.36457865224147
191532,1,7,5,0.3586789934097332
191534,1,7,5,0.3586789934097332
191539,1,7,9,16.727821443006558
191543,1,7,8,12.310184826689008
191547,1,7,9,7.40156688301816
191550,1,7,6,10.238308941892585
191558,1,7,6,21.156977447491908
191580,1,7,2,11.78651130287676
191581,1,7,9,18.065014900127885
191594,1,7,1,3.5910825925035703
191597,1,7,4,0.3586790108976326
191605,1,7,7,1.300100656051556
191606,1,7,8,27.820415237123683
191610,1,7,8,19.602239803267217
191614,1,7,4,0.3586790108976326
191616,0,7,0,0.014474405203049741
191622,1,7,9,6.574663841019055
191636,1,7,7,4.222513185503109
191657,1,7,10,17.48816428958231
191661,1,7,4,0.3586790108976326
191662,1,7,1,10.183503263951613
191671,1,7,3,1.8487077151311901
191686,1,7,9,22.02379958489203
191692,1,7,1,13.184107237763156
191703,1,7,4,0.3586790108976326
191718,1,7,8,16.5126141938318
191731,1,7,8,6.769198787050112
191734,0,7,0,0.04073910455784436
191735,1,7,3,0.8124672191554658
191751,1,7,4,0.3586790108976326
191773,1,7,6,22.05779753283842
191776,1,7,10,4.311780765516484
191788,1,7,8,22.044875305607096
191789,0,7,0,0.012848308657852543
191798,1,7,8,28.542783714703297
191799,1,7,4,0.3586790108976326
191830,1,7,4,0.3586790108976326
191874,1,7,8,25.42646917570717
191884,1,7,2,13.834721070540075
191896,0,7,0,0.01663870950976965
191914,1,7,1,12.20366334008217
191919,1,7,5,0.3586789934097332
191929,1,7,5,0.3586789934097332
191936,1,7,9,24.00429271940064
191945,1,7,6,13.3537885121031
191952,1,7,9,16.27240786136302
191953,1,7,4,0.3586790108976326
191960,1,7,9,20.49767899714866
191961,1,7,6,13.518431935143914
191962,1,7,6,14.290031197754296
191967,1,7,9,25.458492767685808
191986,1,7,9,18.189820140733122
191993,1,7,7,3.3065437535721576
191995,1,7,6,6.068199563963821
192010,1,7,8,22.27427823563364
192032,1,7,7,4.405402834445994
192035,1,7,2,10.705634589023205
192037,1,7,7,1.9200975854172455
192051,1,7,7,4.431842696122208
192067,1,7,9,24.76426810857755
192070,1,7,6,23.859743690752115
192074,1,7,3,1.1280804314780715
192088,1,7,4,0.3586790108976326
192090,1,7,9,10.420893174253584
192092,1,7,10,7.810230990265552
192109,1,7,5,0.3586789934097332
192114,1,7,5,0.3586789934097332
192120,1,7,6,23.975830071714018
192121,1,7,8,28.522650303769083
192127,1,7,6,23.381994836034316
192129,0,7,0,0.026441274068298676
192154,1,7,4,0.3586790108976326
192156,1,7,6,22.101439366971498
192186,1,7,6,11.878075770523525
192208,1,7,8,21.672615238165474
192218,1,7,1,17.176143425345913
192222,1,7,2,1.3212528474711538
192223,1,7,10,11.27887368287023
192236,1,7,9,20.214644719210504
192237,1,7,8,21.488483387817695
192239,1,7,5,0.3586789949470627
192254,1,7,8,17.289849368381436
192261,1,7,4,0.3586790108976326
192262,1,7,8,24.825873178413072
192267,1,7,4,0.3586790108976326
192276,0,7,0,0.012825707177729505
192277,1,7,8,11.405363699676803
192285,1,7,4,0.3586790108976326
192286,0,7,0,0.024301085689599246
192305,1,7,8,7.003498568019837
192307,1,7,5,0.3586789934097332
192309,1,7,6,12.421224308645888
192314,1,7,9,23.499012054991617
192317,1,7,4,0.3586790108976326
192319,1,7,4,0.3586790108976326
192322,0,7,0,0.012072907131883975
192324,1,7,9,25.274552756945113
192330,1,7,9,18.29236669980328
192337,1,7,4,0.3586790108976326
192355,0,7,0,0.035398849366135014
192359,1,7,5,0.3586789934097332
192360,1,7,8,27.175170589038114
192362,1,7,5,0.3586789934097332
192368,1,7,5,0.3586789934097332
192370,1,7,4,0.3586790108976326
192386,1,7,6,6.268268498445073
192391,1,7,4,0.3586790108976326
192399,1,7,6,9.538974559140344
192402,1,7,9,5.7736501936470495
192414,1,7,10,10.37382375795752
192418,1,7,1,16.59911262371453
192431,1,7,5,0.3586789934097332
192433,1,7,2,12.464609520248468
192440,1,7,6,14.069462892040061
192447,1,7,4,0.3586790108976326
192452,1,7,5,0.3586789934097332
192455,1,7,6,23.23346186596412
192463,1,7,8,27.580965239516434
192474,1,7,9,13.116003092807011
192490,1,7,9,18.046665823561064
192513,1,7,8,21.427659338142934
192514,1,7,2,3.4561830333068624
192537,1,7,6,8.868026599878865
192586,1,7,5,0.3586789934097332
192595,1,7,3,2.430485111316401
192602,1,7,1,5.784339445144695
192603,1,7,4,0.3586790108976326
192616,1,7,6,11.816507031845813
192621,1,7,4,0.3586790108976326
192628,1,7,9,13.615415589208057
192632,1,7,2,10.714206206602636
192637,1,7,8,20.57199134609633
192645,1,7,7,2.0836999479717995
192684,1,7,4,0.3586790108976326
192707,1,7,5,0.3586789934097332
192714,0,7,0,0.02250729868671293
192730,1,7,10,18.689322887991448
192735,1,7,7,4.3766417600573275
192738,1,7,10,10.21060030927811
192748,1,7,2,8.784370595624278
192749,1,7,8,14.32410578270469
192752,1,7,7,2.979694721642769
192754,1,7,9,4.301927530923293
192762,1,7,10,18.412058764833404
192782,1,7,8,15.042556902355336
192793,1,7,1,13.470531103452013
192796,1,7,8,8.880637906474131
192798,1,7,9,12.679649969077014
192815,1,7,10,12.105151093070328
192821,1,7,4,0.3586790108976326
192828,1,7,4,0.3586790108976326
192833,1,7,8,18.41147490592296
192860,0,7,0,0.25927229656023987
192865,1,7,6,14.444499819558722
192878,1,7,6,22.99565534176067
192899,1,7,5,0.3586789934097332
192901,1,7,8,12.495199195082327
192902,1,7,9,19.561148600569677
192904,1,7,10,21.244969244858535
192913,1,7,10,9.957424174714236
192946,1,7,10,11.48872198623469
192975,1,7,9,15.501635243089604
192977,1,7,2,1.571056916201401
192980,1,7,3,2.410572466773001
192981,1,7,8,12.399661478131302
192985,1,7,10,11.242525605817809
192995,1,7,3,2.4358019575860657
193012,1,7,5,0.3586789934097332
193017,1,7,10,20.322221333120105
193018,1,7,8,16.0380684701766
193019,1,7,9,25.202237257341448
193025,1,7,4,0.3586790108976326
193048,1,7,6,23.005781270163308
193065,1,7,8,25.08318883217207
193070,1,7,5,0.3586789934097332
193083,1,7,9,26.06496891883532
193088,1,7,7,2.176219979541136
193092,1,7,10,9.765062713530956
193101,1,7,4,0.3586790108976326
193104,1,7,1,9.952257832641283
193105,1,7,5,0.3586789934097332
193109,1,7,8,12.774708638385556
193110,1,7,9,18.90490075681197
193128,1,7,5,0.3586789934097332
193131,0,7,0,0.0248587106481654
193134,1,7,1,20.737769840439675
193150,1,7,1,22.901170910481724
193155,1,7,10,18.34208640152415
193162,1,7,8,10.28546405843219
193179,1,7,6,15.074371101972764
193188,1,7,8,12.446277999144606
193191,1,7,8,24.74108625158831
193192,1,7,1,20.855767613553333
193193,1,7,6,13.713520574318407
193198,1,7,8,23.118194576398444
193202,1,7,5,0.3586789934097332
193205,1,7,8,9.55762782081735
193223,1,7,5,0.3586789934097332
193237,1,7,9,13.417731663635456
193251,1,7,6,11.505949481719703
193253,1,7,4,0.3586790108976326
193255,1,7,8,21.662940956185082
193256,1,7,2,6.476452858208503
193259,1,7,6,20.671255219776913
193286,1,7,8,15.020307032031901
193314,1,7,5,0.3586789934097332
193315,1,7,10,6.604629564509499
193318,1,7,9,15.613688451378883
193324,1,7,6,14.145606226487297
193327,0,7,0,0.02434658752946642
193330,1,7,5,0.3586789934097332
193344,1,7,7,3.680560214950862
193350,1,7,5,0.3586789934097332
193358,1,7,10,13.73969887433705
193364,1,7,9,23.008941816237204
193369,1,7,6,16.959889878988136
193375,0,7,0,0.020242298554499324
193382,1,7,4,0.3586790108976326
193383,1,7,5,0.3586789934097332
193388,1,7,9,23.855913468320864
193389,1,7,8,11.514996902228729
193393,1,7,9,16.7561138434188
193403,1,7,7,4.311193595237356
193410,1,7,4,0.3586790108976326
193412,1,7,2,12.725865767577458
193416,1,7,8,15.211579203938918
193420,1,7,9,22.281232208586857
193422,1,7,5,0.3586789934097332
193431,1,7,9,16.24833393992863
193437,1,7,1,4.34118715802432
193439,1,7,4,0.3586790108976326
193446,1,7,9,8.5603198450439
193454,1,7,4,0.3586790108976326
193457,1,7,3,2.300751241239931
193470,0,7,0,0.023545143822908336
193473,1,7,9,18.44546405405044
193476,1,7,6,14.593737904424747
193492,1,7,10,5.271087133839072
193501,1,7,6,5.9212824642632995
193508,1,7,10,19.148915261018104
193534,1,7,8,7.598783147417388
193544,1,7,8,12.67032173370796
193556,1,7,6,19.945922642868524
193564,1,7,7,3.6654559479598907
193584,1,7,3,2.3069401594541046
193603,1,7,6,18.511395590480614
193608,1,7,9,25.315467897112438
193628,1,7,9,25.640536349157184
193653,1,7,3,0.6174096513486114
193656,1,7,6,20.440122399566793
193659,1,7,6,18.5088400131212
193662,1,7,4,0.3586790108976326
193678,1,7,3,2.241871981103327
193689,0,7,0,0.016140471195156825
193694,1,7,10,13.748581834008593
193704,1,7,5,0.3586789934097332
193713,1,7,5,0.3586789934097332
193715,1,7,5,0.3586789934097332
193716,1,7,8,9.30359773296655
193732,1,7,8,3.358125128165879
193762,1,7,5,0.3586789934097332
193775,1,7,9,14.188732413634584
193790,0,7,0,0.025249349346796957
193819,1,7,6,19.342251377439414
193833,1,7,10,19.531023856965838
193864,1,7,5,0.3586789934097332
193883,1,7,5,0.3586789934097332
193889,1,7,9,6.576476285303764
193902,1,7,9,7.819831108069025
193929,1,7,9,22.978374457739566
193933,1,7,10,12.348106297417749
193937,1,7,9,19.307892742962025
193941,1,7,5,0.3586789949470627
193952,1,7,3,2.3789439633577905
193958,1,7,2,1.4516015163011922
193963,1,7,9,25.954305826305536
193977,1,7,5,0.3586789934097332
193982,1,7,4,0.3586790108976326
193995,0,7,0,0.0153073696456288
194002,1,7,9,19.045701980371838
194009,1,7,9,25.168226520019875
194012,1,7,8,7.872333220317249
194045,1,7,6,12.509451734284873
194059,1,7,10,9.955706899821532
194069,1,7,7,2.015345226003518
194070,1,7,9,4.156471301247075
194074,1,7,5,0.3586789934097332
194081,1,7,9,26.09140806245279
194087,1,7,9,25.18772342272714
194103,1,7,4,0.3586790108976326
194123,1,7,8,22.488485167769984
194160,1,7,10,14.291188500537077
194166,1,7,1,14.969901942153603
194180,1,7,4,0.3586790108976326
194183,1,7,2,13.21090517612511
194185,1,7,9,21.68041942610664
194193,1,7,9,17.641442944649093
194195,1,7,4,0.3586790108976326
194202,1,7,9,26.35022957382704
194216,1,7,1,15.38317947478148
194229,1,7,5,0.3586789934097332
194233,1,7,8,2.0767705922364366
194241,1,7,7,2.171423358212586
194247,1,7,9,22.821387852651757
194248,1,7,5,0.3586789949470627
194272,1,7,9,21.098701191609813
194279,1,7,7,1.2684849309003896
194286,1,7,6,10.737157244818402
194297,1,7,1,5.369663842943836
194324,1,7,9,17.6177144409657
194326,1,7,8,3.857287946676723
194332,1,7,10,6.073785534572902
194380,1,7,1,18.16590149716209
194387,1,7,10,15.163059758830508
194452,1,7,7,2.4267429537020746
194454,1,7,10,21.226997507826834
194468,1,7,9,15.920569614181698
194471,1,7,10,20.983014687075283
194479,1,7,9,26.282036658214434
194482,1,7,7,3.6519188297121747
194507,1,7,8,26.739446258854468
194509,1,7,5,0.3586789934097332
194519,1,7,8,11.50812590117263
194527,1,7,7,3.9018220493949958
194556,1,7,8,9.098752754075079
194559,1,7,8,14.476069548463434
194570,1,7,6,22.14918018578496
194572,1,7,6,9.307293568694913
194586,1,7,6,11.198530872527899
194590,1,7,2,1.8681354521481108
194597,1,7,9,7.552554941869142
194598,0,7,0,0.1966235190775416
194620,1,7,2,10.400172083727195
194624,1,7,10,17.300724897041317
194625,1,7,4,0.3586790108976326
194629,1,7,7,1.9519825285065624
194631,1,7,1,17.887460617760144
194632,1,7,4,0.358679009087165
194639,1,7,6,7.066441285294166
194645,1,7,8,16.602213779588848
194663,1,7,9,24.75552385834162
194664,1,7,1,15.237252713536284
194680,1,7,7,2.047771057251568
194684,1,7,1,14.183234692041044
194701,1,7,6,11.260555173780777
194703,1,7,8,14.857140806515316
194717,1,7,4,0.3586790108976326
194726,1,7,6,17.119298684990888
194728,1,7,10,10.769621956317176
194747,1,7,5,0.3586789934097332
194750,1,7,10,10.643276378903948
194777,1,7,5,0.3586789934097332
194794,1,7,8,25.676625309663923
194811,1,7,1,22.976364207812036
194813,1,7,9,11.57570076066554
194826,1,7,5,0.3586789934097332
194834,1,7,1,11.237337001082764
194837,1,7,10,5.482170458199253
194844,1,7,5,0.3586789934097332
194856,1,7,7,1.6649871646909853
194857,1,7,10,8.80448464800718
194868,1,7,9,25.474621277912778
194874,1,7,9,20.204648495203266
194886,1,7,6,17.996326518087933
194894,1,7,5,0.3586789934097332
194917,1,7,8,11.843661512039306
194931,1,7,9,11.903894628979394
194936,1,7,6,7.058675034241043
194942,1,7,5,0.3586789949470627
194944,1,7,8,18.159601875830635
194946,1,7,9,16.620684218643444
194951,1,7,7,4.260653153781744
194961,1,7,4,0.3586790108976326
194965,0,7,0,0.012448286105508197
194990,1,7,6,15.013452309648393
194992,1,7,6,14.492820182779901
194993,1,7,9,10.147559637650607
195015,1,7,6,20.611856858819092
195024,1,7,6,8.709792567220207
195059,1,7,9,22.424519014390732
195068,1,7,9,9.01145611028726
195100,1,7,9,26.084290706383594
195106,1,7,5,0.3586789934097332
195115,1,7,1,12.675567357620592
195130,1,7,9,26.334856191832802
195131,1,7,4,0.3586790108976326
195132,1,7,8,20.730548120196044
195133,1,7,9,25.68629005948375
195140,1,7,4,0.3586790108976326
195164,0,7,0,0.014141458667918402
195169,1,7,10,9.042138304272266
195172,1,7,3,2.00186716464217
195180,1,7,8,15.964234568120515
195186,1,7,9,15.103421240453551
195189,1,7,4,0.3586790108976326
195195,1,7,3,1.188076982268519
195208,1,7,10,6.966934552784326
195215,1,7,2,12.60726818658196
195217,1,7,3,2.3641183718587926
195234,1,7,3,1.543519563151443
195237,1,7,4,0.358679009087165
195245,1,7,7,1.700926109322395
195246,1,7,4,0.3586790108976326
195272,1,7,6,13.893139261662354
195289,1,7,4,0.3586790108976326
195290,1,7,8,14.030996032965373
195292,1,7,6,11.865021572036417
195295,0,7,0,0.24597317131119592
195301,1,7,5,0.3586789934097332
195320,1,7,5,0.3586789934097332
195321,1,7,9,11.439139700333259
195322,1,7,1,5.918879866981353
195333,1,7,9,9.360726682393905
195338,1,7,7,0.7138891008347434
195360,1,7,1,11.234096876322376
195363,1,7,10,11.266479128823473
195365,1,7,4,0.3586790108976326
195381,1,7,10,10.440009324008493
195388,1,7,8,28.057807864655533
195401,1,7,8,6.120457558862222
195406,1,7,9,25.026753858759005
195431,1,7,6,22.89039639083845
195435,1,7,3,2.398372162977914
195439,1,7,6,15.024709625464151
195446,1,7,8,6.210156064514393
195450,1,7,9,23.125302708562305
195455,1,7,10,5.9655682917949875
195458,1,7,9,9.065999782486982
195459,1,7,7,4.447476939926943
195492,1,7,4,0.3586790108976326
195498,1,7,6,19.235884618447304
195499,1,7,6,15.318995015103797
195515,1,7,6,20.903961537850485
195516,1,7,4,0.358679009087165
195520,1,7,8,14.777009833919983
195523,1,7,10,16.44706204846716
195531,1,7,3,2.1084171153696456
195546,1,7,3,1.3439393378624842
195576,0,7,0,0.020120700443873284
195577,1,7,9,22.418423420051067
195583,1,7,9,8.519712669144816
195587,1,7,4,0.3586790108976326
195606,1,7,10,6.570099316875998
195609,1,7,1,20.689546365607633
195612,1,7,10,21.205552744328788
195624,1,7,9,16.86096647234526
195634,1,7,6,15.49269915348393
195638,1,7,2,8.12741387436688
195640,1,7,8,16.02884575359638
195642,1,7,8,16.67192401121303
195657,1,7,5,0.3586789934097332
195669,1,7,9,9.523595544581154
195677,1,7,4,0.3586790108976326
195683,1,7,5,0.3586789934097332
195691,1,7,9,25.95379348005667
195692,1,7,6,20.239978701630527
195706,1,7,9,22.266641523877265
195713,1,7,4,0.3586790108976326
195717,1,7,5,0.3586789934097332
195729,1,7,10,20.782319888219874
195732,1,7,4,0.3586790108976326
195735,1,7,2,8.783452609879014
195755,1,7,3,2.1699925613783115
195758,1,7,10,11.149251757258437
195765,1,7,5,0.3586789949470627
195775,1,7,4,0.358679009087165
195778,1,7,6,18.929433191301825
195785,1,7,9,21.767168328313325
195793,1,7,8,27.03641719141122
195864,1,7,4,0.3586790108976326
195878,1,7,9,4.261580440805453
195880,0,7,0,0.017113979496546267
195887,1,7,6,23.570665397886195
195949,1,7,6,14.792833915800426
195956,1,7,8,28.460988547613066
195962,1,7,9,11.450779537021722
195964,1,7,8,11.501686578086415
195968,1,7,8,27.145755227224775
195969,1,7,7,3.6382569432693104
195971,1,7,9,4.898340088243561
195976,1,7,4,0.3586790108976326
195983,1,7,4,0.3586790108976326
196001,1,7,10,16.04043184436938
196022,1,7,7,1.4122550339055024
196040,1,7,9,24.65761084692777
196041,1,7,8,15.520380467815285
196049,1,7,9,24.26452368584301
196066,1,7,2,13.744475617363799
196069,1,7,9,26.372172400650218
196073,1,7,6,5.912109119039715
196089,1,7,6,23.0304543770645
196093,1,7,9,15.185370728019304
196104,1,7,5,0.3586789934097332
196131,1,7,1,18.031982887673742
196138,1,7,10,15.376463379492806
196147,1,7,4,0.3586790108976326
196156,1,7,4,0.358679009087165
196160,1,7,6,11.506387264036091
196168,1,7,9,23.131646500785187
196179,1,7,7,3.9742849483814013
196183,1,7,3,1.567989823242316
196185,1,7,5,0.3586789934097332
196191,1,7,10,11.220347716865493
196204,1,7,2,11.140555094028027
196213,1,7,8,11.411920433067564
196227,1,7,1,3.7112754462202657
196232,1,7,5,0.3586789934097332
196241,1,7,5,0.3586789934097332
196253,1,7,5,0.3586789934097332
196256,1,7,8,15.575027923963086
196261,1,7,7,2.7513243007142165
196268,1,7,9,16.62956966091508
196279,1,7,5,0.3586789934097332
196287,1,7,9,15.306988394068494
196293,1,7,9,9.33258970315708
196300,1,7,9,11.32793435667463
196312,1,7,2,13.702340553581664
196328,1,7,1,15.733402545172668
196333,1,7,6,14.696178769415432
196334,1,7,1,22.412843621987182
196387,1,7,2,12.835069923105708
196392,1,7,1,9.45053118081238
196405,1,7,8,11.968934066831052
196417,1,7,9,26.427877334913735
196435,1,7,1,22.94030371802455
196437,1,7,3,2.2308600661949103
196441,1,7,10,17.88155027820829
196443,1,7,1,16.090194905118878
196446,1,7,4,0.358679009087165
196451,1,7,2,8.535170150803946
196461,0,7,0,0.016399342479390563
196463,0,7,0,0.014450557908948433
196464,1,7,10,4.397136040829691
196465,1,7,9,26.229395480606122
196474,1,7,9,16.830816782175123
196524,1,7,8,18.386095059805445
196530,1,7,5,0.3586789934097332
196531,1,7,2,0.9702156639143452
196545,1,7,3,1.2240654466439929
196558,1,7,4,0.3586790108976326
196562,1,7,10,9.781389745646731
196567,1,7,10,18.387315987906998
196591,1,7,10,10.270373935779432
196606,1,7,4,0.3586790108976326
196635,1,7,8,13.508479819769843
196640,1,7,4,0.3586790108976326
196661,1,7,10,12.684432096576442
196667,1,7,8,17.19681785327739
196681,1,7,8,24.581316728606616
196693,1,7,7,1.3395855697717016
196719,1,7,7,1.6654763713289098
196731,1,7,8,4.613063976577014
196750,1,7,5,0.3586789934097332
196760,1,7,9,14.670463352767081
196764,1,7,4,0.3586790108976326
196767,1,7,7,4.180213855034981
196785,1,7,9,14.627038761415477
196790,1,7,4,0.3586790108976326
196804,1,7,1,21.2955392488122
196822,1,7,9,16.59314008147479
196837,1,7,6,7.4425772899482086
196839,0,7,0,0.020136189768985978
196850,1,7,5,0.3586789934097332
196863,1,7,4,0.3586790108976326
196885,1,7,10,7.663987672106632
196891,1,7,8,13.509378904038087
196897,1,7,9,12.03193623107877
196911,1,7,9,26.22754978725751
196914,1,7,5,0.3586789934097332
196921,1,7,9,23.850871789316137
196945,1,7,8,16.268851141944523
196980,1,7,8,21.35896398996401
196985,1,7,9,12.488029234248918
196988,1,7,9,7.952893748256939
196990,1,7,1,22.059742264979302
196991,1,7,1,21.617710784480035
196998,1,7,9,12.140104271143178
197024,1,7,9,5.258682189149802
197027,1,7,8,23.664394239040067
197030,1,7,1,18.88597852331845
197078,1,7,9,13.29869019612163
197079,1,7,2,3.3988144926816646
197080,1,7,6,13.185589916901666
197085,1,7,7,4.108903687552287
197106,1,7,10,8.888369968244977
197108,1,7,10,7.085284244503782
197115,1,7,8,9.88396529012252
197118,1,7,1,18.3814767029266
197136,1,7,4,0.3586790108976326
197149,1,7,7,4.4738234980726475
197175,1,7,9,22.80725433649468
197207,1,7,8,7.883342098721905
197212,1,7,9,25.550398783497265
197222,1,7,8,24.622399483968096
197229,1,7,10,9.807918522612267
197233,1,7,5,0.3586789934097332
197257,1,7,8,10.728225219502137
197269,1,7,5,0.3586789934097332
197270,1,7,2,12.063559029815687
197286,1,7,8,18.764339259817188
197301,1,7,5,0.3586789934097332
197309,0,7,0,0.018783917711804717
197324,1,7,7,3.688712156660012
197332,1,7,1,5.980481682007753
197337,1,7,10,7.571930126681894
197338,1,7,9,6.628519564469732
197351,1,7,8,7.869125456059891
197352,1,7,10,8.196029538339818
197368,1,7,8,22.490587695581436
197376,1,7,8,14.57542016230971
197382,1,7,7,4.352263603121971
197402,1,7,7,0.48943763465257956
197408,1,7,10,18.875316892587627
197414,1,7,7,4.567267245967801
197415,1,7,5,0.3586789934097332
197422,1,7,5,0.3586789934097332
197425,1,7,3,2.0257231432472045
197449,1,7,5,0.3586789934097332
197453,1,7,4,0.3586790108976326
197457,1,7,8,9.839964943804215
197460,1,7,5,0.3586789934097332
197462,1,7,8,16.363424539041315
197479,0,7,0,0.023070797941883756
197502,1,7,5,0.3586789934097332
197514,1,7,8,18.36594815416959
197525,1,7,6,13.50492712918178
197542,1,7,4,0.3586790108976326
197567,1,7,3,2.399868400977502
197570,1,7,9,13.845894253036
197574,0,7,0,0.0125249173294205
197585,1,7,9,19.433211537515696
197605,1,7,1,20.238146820871822
197611,1,7,8,19.05746709538146
197639,1,7,8,25.106342212831308
197662,1,7,2,11.264601074081346
197669,1,7,3,1.3427944806179637
197688,1,7,2,10.045940551416294
197704,1,7,6,16.80040089331215
197722,1,7,9,14.35347782876598
197725,1,7,7,4.403183145970754
197735,1,7,7,4.5058362178028615
197781,1,7,6,4.581233440599493
197783,1,7,10,10.258882950978254
197799,1,7,9,21.053128131778593
197800,1,7,7,0.8508102732892504
197811,1,7,5,0.3586789934097332
197827,1,7,4,0.3586790108976326
197829,1,7,4,0.3586790108976326
197840,1,7,9,24.43693671098054
197844,1,7,7,3.549141274647742
197853,1,7,5,0.3586789934097332
197873,1,7,3,2.0205673480457014
197879,1,7,8,15.194180531138088
197880,1,7,10,12.903941678848861
197886,1,7,2,8.633616971020126
197896,0,7,0,0.012223571959126201
197911,1,7,9,3.3333722447623395
197932,1,7,1,16.24677406124704
197938,1,7,6,22.840515681911725
197939,1,7,10,19.123035730606293
197963,1,7,10,14.834992873727371
197966,1,7,9,19.793523137844588
197984,1,7,6,23.13134033878171
197986,0,7,0,0.01546090682875963
198009,1,7,5,0.3586789934097332
198017,1,7,9,25.638610466594
198038,1,7,6,22.845013605353977
198050,1,7,9,22.919244505059844
198054,1,7,5,0.3586789934097332
198055,1,7,9,25.655808354163632
198096,1,7,4,0.3586790108976326
198120,1,7,5,0.3586789934097332
198123,1,7,10,5.7796335973525075
198127,1,7,9,22.4206464372187
198137,1,7,8,21.99444392159999
198150,0,7,0,0.01809543868652939
198169,1,7,5,0.3586789934097332
198170,1,7,6,9.321405544871787
198175,1,7,7,0.45766016223150247
198182,1,7,9,9.16951465610397
198183,1,7,1,18.276066406170678
198194,1,7,3,2.3399373117324798
198201,1,7,8,9.797634182570526
198205,1,7,9,8.078802336265012
198226,1,7,8,28.19413969737172
198254,1,7,10,4.977487408060599
198261,1,7,7,3.3263610208638092
198266,1,7,9,16.832270997811513
198282,1,7,9,22.523221641621987
198290,1,7,8,20.526802513286327
198299,1,7,7,1.503935604177149
198302,1,7,8,9.970048924619457
198307,1,7,5,0.3586789934097332
198315,1,7,8,5.887364973624176
198335,1,7,8,19.527279401915457
198355,1,7,9,25.369086571272387
198365,0,7,0,0.029272084532121708
198379,1,7,6,19.649063451078675
198394,1,7,5,0.3586789934097332
198405,1,7,1,16.618691331282992
198407,1,7,8,6.523092925452407
198421,1,7,6,10.48097717114316
198435,1,7,5,0.3586789934097332
198441,1,7,8,10.041639854562462
198444,1,7,8,6.771279759163221
198451,1,7,4,0.3586790108976326
198477,1,7,1,15.705830422558734
198484,1,7,2,1.3107613086115117
198499,1,7,6,13.183167389554335
198500,1,7,9,25.14918834394229
198512,1,7,8,26.29014396443286
198516,0,7,0,0.017808452507491173
198517,1,7,4,0.3586790108976326
198537,1,7,10,9.25970119371
198539,1,7,4,0.3586790108976326
198567,1,7,10,21.13155359529972
198577,1,7,7,1.2188631086843573
198583,1,7,8,16.534974494735245
198593,0,7,0,0.027722379322735836
198602,1,7,7,4.083491182630383
198613,1,7,8,20.26368194494291
198615,1,7,8,15.54251010390134
198635,1,7,7,0.3954269452357817
198644,1,7,9,24.993162441185728
198645,1,7,10,20.889373247597185
198652,1,7,4,0.3586790108976326
198662,1,7,9,9.196987507309629
198668,1,7,10,15.77456010456366
198671,1,7,4,0.3586790108976326
198686,1,7,9,19.931442194175624
198691,1,7,10,20.168127436638372
198700,1,7,1,9.148902844227736
198708,1,7,9,12.866136090040298
198712,1,7,9,8.482836998986858
198736,1,7,9,26.34637949736697
198741,1,7,4,0.3586790108976326
198743,1,7,5,0.3586789934097332
198748,1,7,6,11.032875431544188
198753,1,7,1,6.115984405693904
198756,1,7,5,0.3586789934097332
198758,1,7,10,8.792711115323181
198776,1,7,8,15.371698474388444
198787,1,7,9,13.181775404534678
198800,1,7,9,13.353961650558873
198816,1,7,5,0.3586789934097332
198862,1,7,6,17.2114892000864
198869,1,7,9,23.232381573743407
198893,1,7,1,14.063577257697263
198903,1,7,10,6.054385967824731
198917,1,7,5,0.3586789934097332
198930,1,7,8,17.387707969392572
198943,1,7,10,3.905393264147438
198953,1,7,6,20.14646392606564
198959,1,7,9,16.566060779697096
198965,1,7,10,19.22339859639006
198966,1,7,9,9.064141945514775
198977,1,7,6,23.065187078668963
199011,1,7,7,4.510230370140072
199019,1,7,5,0.3586789934097332
199032,1,7,9,24.060837281432704
199043,1,7,8,3.5460065909980645
199046,1,7,8,28.40356148397857
199057,1,7,5,0.3586789934097332
199066,0,7,0,0.023862890351597065
199076,1,7,4,0.3586790108976326
199090,1,7,5,0.3586789934097332
199100,1,7,8,22.824526853561153
199104,1,7,9,15.858611625053427
199107,1,7,1,17.732868292592475
199110,1,7,8,7.787137282269444
199116,0,7,0,0.014702419362552985
199121,1,7,4,0.3586790108976326
199124,1,7,1,11.427831577748185
199144,1,7,10,8.474315041706932
199150,1,7,2,4.812720307524398
199162,1,7,1,17.96921660911175
199164,1,7,6,11.78494749845725
199190,1,7,8,19.186128340604014
199191,1,7,4,0.3586790108976326
199205,1,7,8,7.881286422612462
199213,1,7,5,0.3586789934097332
199219,1,7,1,6.749589991456212
199226,1,7,10,19.67142940477338
199257,1,7,6,16.047175874302727
199258,1,7,1,7.62946638689592
199268,1,7,3,0.6925714722242349
199278,1,7,6,23.203404095538342
199279,1,7,1,11.451615579983427
199285,1,7,4,0.3586790108976326
199286,1,7,8,25.888722604725377
199292,0,7,0,0.02482491559388219
199296,1,7,5,0.3586789934097332
199303,1,7,5,0.3586789934097332
199307,1,7,2,11.075915873641343
199309,0,7,0,0.02724805421914448
199315,1,7,9,18.816736982684024
199320,1,7,6,8.010120877571184
199329,1,7,6,21.15670418209437
199330,1,7,4,0.3586790108976326
199335,1,7,2,5.087336301230402
199344,1,7,6,9.969650366767107
199369,1,7,5,0.3586789934097332
199372,1,7,6,19.993322397366352
199381,1,7,10,17.82264585064602
199400,1,7,7,2.4445960168588288
199411,1,7,4,0.3586790108976326
199431,0,7,0,0.029653812937965505
199448,1,7,4,0.3586790108976326
199455,0,7,0,0.03449897419925937
199470,1,7,2,6.423685770334834
199472,1,7,10,18.521744279779675
199481,1,7,6,21.49117810589727
199488,1,7,2,10.224692234958864
199489,1,7,9,25.900923146221164
199502,1,7,8,21.67870266779817
199504,1,7,6,9.813812803444357
199521,1,7,7,4.548286184753654
199541,1,7,7,4.035397803424172
199546,1,7,9,18.45704792206924
199554,1,7,9,25.597346706989764
199555,1,7,8,23.055356921040815
199561,1,7,8,15.79640501314487
199568,1,7,8,17.16770450845416
199579,1,7,10,15.59464194209029
199582,1,7,5,0.3586789934097332
199584,1,7,5,0.3586789934097332
199589,1,7,6,15.356714170077089
199592,1,7,7,2.552884313084411
199602,1,7,8,7.4153005990154615
199605,1,7,9,20.21307670771962
199614,1,7,4,0.3586790108976326
199616,1,7,4,0.3586790108976326
199617,1,7,5,0.3586789934097332
199623,0,7,0,0.017371150245830705
199625,1,7,5,0.3586789934097332
199645,1,7,5,0.3586789934097332
199660,1,7,9,16.528281977933243
199671,1,7,5,0.3586789934097332
199679,1,7,6,17.064207359321443
199691,1,7,10,11.002631859433924
199702,1,7,8,23.112835655288798
199725,1,7,5,0.3586789934097332
199739,1,7,4,0.3586790108976326
199749,1,7,9,15.996036452825184
199753,1,7,9,24.099829091015625
199776,1,7,9,24.44425494237772
199779,1,7,3,1.0302203559972163
199781,1,7,4,0.3586790108976326
199785,1,7,9,23.207515039380976
199786,1,7,4,0.358679009087165
199799,1,7,9,8.964895080900195
199801,1,7,4,0.3586790108976326
199803,1,7,3,2.3513433320277857
199817,1,7,5,0.3586789934097332
199818,1,7,6,23.482967679874495
199825,1,7,10,10.342446191648985
199856,1,7,8,24.35886369411216
199860,1,7,6,20.56152476206272
199865,1,7,8,18.20466169602168
199881,1,7,9,25.31959006588916
199891,1,7,9,17.416339702036527
199895,1,7,5,0.3586789934097332
199904,1,7,5,0.3586789934097332
199907,1,7,10,21.231776428108706
199913,1,7,9,15.173391166546972
199918,1,7,1,8.737420749677407
199926,1,7,5,0.3586789934097332
199944,1,7,8,24.20711244191994
199947,1,7,4,0.3586790108976326
199952,1,7,9,15.112381835570366
199957,1,7,7,4.340633243808365
199961,1,7,10,9.975398274283796
199970,1,7,8,6.6565879986064225
199991,1,7,6,23.840870616189196
200006,1,7,4,0.3586790108976326
200012,1,7,5,0.3586789934097332
200027,1,7,10,13.578571139417656
200037,1,7,10,15.097730557735918
200039,1,7,9,21.827370289449032
200041,1,7,3,1.318454223911534
200049,1,7,5,0.3586789949470627
200052,1,7,10,8.610003264905941
200055,1,7,6,17.55904996108945
200066,1,7,8,5.9641226770374995
200067,1,7,5,0.3586789934097332
200073,1,7,5,0.3586789934097332
200080,1,7,6,15.860636483706571
200085,1,7,9,25.496524034470507
200089,1,7,4,0.3586790108976326
200095,1,7,4,0.3586790108976326
200097,0,7,0,0.01495406077049725
200098,1,7,1,21.23405847408583
200099,1,7,2,12.015616965802636
200106,1,7,5,0.3586789934097332
200112,1,7,3,2.3579051984883175
200113,1,7,4,0.3586790108976326
200138,1,7,10,17.110416885205606
200169,1,7,8,28.50092020844073
200180,1,7,9,15.799137519716659
200181,1,7,6,10.380286025971408
200182,1,7,8,28.1019008235252
200235,1,7,4,0.3586790108976326
200246,1,7,4,0.3586790108976326
200261,1,7,7,0.46577301285551514
200278,0,7,0,0.01593223606282785
200281,1,7,4,0.3586790108976326
200285,1,7,9,9.799914272443726
200286,1,7,6,20.84070514834537
200289,1,7,8,18.250920562485312
200290,0,7,0,0.012552598418453985
200300,1,7,8,15.625943365904941
200310,1,7,7,0.644725840145037
200311,1,7,10,20.961526150295324
200312,1,7,5,0.3586789949470627
200315,0,7,0,0.022502850908231023
200324,1,7,6,17.243014203031304
200337,1,7,1,13.626162850295584
200338,1,7,10,16.33754507232864
200341,1,7,9,6.525999248330267
200347,1,7,8,21.537023154765933
200360,1,7,1,7.790225403506717
200372,1,7,5,0.3586789934097332
200389,1,7,10,5.617270959080374
200398,1,7,5,0.3586789934097332
200414,0,7,0,0.030304818648158725
200429,1,7,6,10.634458345817146
200448,1,7,7,3.7501063625344204
200471,1,7,6,18.624563858678453
200475,1,7,5,0.3586789934097332
200479,1,7,7,0.7594682856369712
200482,1,7,8,12.486305125067739
200483,1,7,6,7.180737211749914
200493,1,7,10,14.644659856988621
200497,1,7,6,19.586165701379105
200509,1,7,5,0.3586789934097332
200519,1,7,3,2.104061457614842
200526,1,7,5,0.3586789934097332
200548,1,7,6,5.1801802573855555
200555,1,7,7,3.8028445865917218
200571,1,7,5,0.3586789934097332
200576,1,7,8,22.05088944077778
200597,1,7,10,16.924276246284723
200606,1,7,5,0.3586789934097332
200617,1,7,5,0.3586789934097332
200637,1,7,5,0.3586789949470627
200640,1,7,2,7.994097711793913
200655,1,7,3,2.010563333655732
200662,1,7,4,0.3586790108976326
200669,1,7,1,6.006122529377755
200673,1,7,4,0.3586790108976326
200684,1,7,9,16.51476143053057
200692,1,7,1,16.477997804290695
200693,1,7,6,7.849390356605172
200696,1,7,4,0.3586790108976326
200702,1,7,5,0.3586789934097332
200706,1,7,5,0.3586789934097332
200710,1,7,4,0.3586790108976326
200729,1,7,8,21.638479321876503
200736,1,7,6,21.34576294692132
200761,0,7,0,0.031152399363956067
200768,1,7,1,21.166050795122324
200779,1,7,8,25.827458203596397
200782,1,7,9,14.357179576950836
200784,1,7,6,14.354818882915938
200815,1,7,4,0.3586790108976326
200820,1,7,6,6.10441530876302
200824,1,7,9,13.493949513608166
200839,1,7,7,1.0528721148178524
200853,1,7,8,8.271831378370605
200854,1,7,10,5.486255937178312
200856,1,7,5,0.3586789934097332
200864,1,7,6,23.6594920484686
200879,1,7,6,23.38106303911637
200894,1,7,9,8.222214623651261
200899,1,7,1,18.04264220137086
200901,1,7,9,25.192259972552627
200910,1,7,8,10.217463336403357
200912,1,7,7,1.3470229965704623
200945,1,7,9,15.042968385660348
200949,1,7,6,5.800983519295304
200955,1,7,6,12.431204830554671
200965,1,7,9,24.469119719775467
200981,1,7,1,20.23199105260784
200982,1,7,9,12.961336697265692
200990,1,7,4,0.3586790108976326
200993,1,7,5,0.3586789934097332
201020,1,7,5,0.3586789934097332
201026,1,7,8,28.510227959664437
201042,1,7,10,5.883257652469693
201052,1,7,4,0.3586790108976326
201062,1,7,3,2.3417836006946553
201063,0,7,0,0.017202800069730965
201066,1,7,5,0.3586789934097332
201067,1,7,7,1.999123209078788
201068,1,7,3,1.0824585826106212
201093,1,7,8,24.715947250410196
201101,1,7,10,13.18161073932777
201108,1,7,8,22.86388310508352
201112,1,7,6,5.576377855249403
201120,1,7,7,2.134900462853234
201121,1,7,4,0.3586790108976326
201131,1,7,3,2.1654229555439777
201175,1,7,8,8.036837172417423
201188,1,7,2,13.559964803764911
201198,1,7,5,0.3586789934097332
201207,1,7,8,12.450558420913287
201222,1,7,9,26.282724272680877
201232,1,7,10,13.143037192791198
201236,1,7,3,1.9013802157701476
201247,1,7,8,26.588189389739536
201268,1,7,7,1.530167758027466
201318,1,7,8,20.514516770261828
201319,1,7,9,22.578667663555102
201333,1,7,10,8.390449380273893
201370,1,7,5,0.3586789934097332
201374,1,7,8,10.737905790731855
201377,0,7,0,0.0158835441073946
201380,1,7,8,9.468487798485556
201386,1,7,9,18.715324623483298
201391,1,7,7,4.428154492856333
201395,1,7,9,23.92660989285826
201415,1,7,8,14.729632329863588
201426,1,7,5,0.3586789934097332
201443,1,7,5,0.3586789934097332
201448,1,7,1,17.06211317790637
201458,1,7,5,0.3586789934097332
201484,1,7,9,24.608644853551382
201486,1,7,4,0.3586790108976326
201492,1,7,9,25.878728391316294
201507,1,7,7,4.37190085310953
201512,1,7,10,19.183954550698896
201513,1,7,10,10.278869649291895
201545,1,7,1,20.17856119518765
201552,1,7,7,3.090266179093864
201571,1,7,5,0.3586789934097332
201575,1,7,10,7.096630087953665
201576,1,7,9,25.266046837869958
201581,1,7,4,0.3586790108976326
201594,1,7,8,23.106883903426652
201600,1,7,1,15.09737914936524
201603,1,7,2,3.474882623121485
201604,1,7,2,13.771427209366324
201613,1,7,5,0.3586789934097332
201619,1,7,9,25.300407165596422
201620,1,7,8,18.31814819138792
201638,1,7,10,12.370980053790532
201640,1,7,9,23.87972811795578
201652,1,7,6,9.130153781010865
201659,1,7,1,5.880068107923929
201665,1,7,8,22.2646369030298
201670,1,7,4,0.3586790108976326
201674,1,7,2,8.569541502622027
201675,1,7,9,26.152877977721328
201690,1,7,10,11.330523075737263
201694,1,7,8,4.406206216323595
201703,1,7,9,8.307636145846153
201707,1,7,2,6.276477086879923
201733,1,7,8,25.174801956940943
201748,0,7,0,0.02517185318191345
201755,1,7,6,9.878526294892273
201761,1,7,10,18.317548259801434
201765,1,7,1,15.697543967320774
201770,1,7,8,17.160017496012227
201786,1,7,6,11.62929052417951
201787,0,7,0,0.01867450781854723
201794,1,7,3,1.4014782319858916
201795,1,7,6,5.910872811637226
201797,1,7,4,0.3586790108976326
201806,1,7,10,12.842924406350624
201822,1,7,5,0.3586789934097332
201826,0,7,0,0.2518275893972895
201830,1,7,2,10.880031768379833
201835,1,7,6,16.018987141977416
201847,1,7,1,23.18497629053086
201885,1,7,1,17.667218817303333
201888,1,7,7,2.3892709782892325
201907,1,7,2,12.518927442433755
201909,1,7,9,15.388095653274029
201923,1,7,1,13.378031158619141
201926,1,7,9,24.37088273076214
201928,1,7,4,0.3586790108976326
201933,0,7,0,0.14748195197995978
201936,1,7,10,8.325374738615558
201967,1,7,5,0.3586789934097332
201969,1,7,9,13.017149921883053
201982,1,7,8,15.02507371009545
201984,1,7,6,18.254376024598663
201994,1,7,9,17.78194167198091
202013,1,7,3,2.366921945397973
202014,1,7,4,0.3586790108976326
202024,1,7,5,0.3586789934097332
202070,1,7,6,20.29271821047413
202073,1,7,9,3.276483121757403
202074,1,7,4,0.3586790108976326
202091,1,7,8,16.079272537221495
202095,1,7,5,0.3586789934097332
202098,1,7,7,0.6241334036195693
202106,1,7,4,0.3586790108976326
202115,1,7,8,10.550241052021624
202128,1,7,4,0.3586790108976326
202133,1,7,8,9.755059753661525
202136,1,7,1,12.83476274076775
202144,1,7,9,22.91701570421904
202145,1,7,9,21.69324395608843
202158,1,7,4,0.358679009087165
202168,1,7,4,0.358679009087165
202186,1,7,6,14.664909089214966
202234,1,7,9,26.345084682668944
202275,1,7,1,22.33568183530877
202282,0,7,0,0.014873670597499286
202283,1,7,2,6.859001751699282
202299,1,7,8,10.44031449006417
202320,0,7,0,0.016039939723995516
202328,1,7,9,10.950058136716336
202334,1,7,5,0.3586789934097332
202336,1,7,5,0.3586789934097332
202350,1,7,9,11.959634865829592
202351,0,7,0,0.018810536057810096
202355,1,7,5,0.3586789934097332
202357,1,7,8,13.582384777656207
202359,0,7,0,0.018547664600516735
202360,1,7,1,13.701754882360085
202361,1,7,6,20.538618257537422
202362,1,7,8,20.043962253633033
202372,1,7,6,6.822072392001764
202384,1,7,4,0.3586790108976326
202391,1,7,5,0.3586789934097332
202395,1,7,10,21.244274727220827
202407,1,7,10,19.292057846293627
202420,0,7,0,0.01214134832352958
202425,1,7,9,26.331149631866754
202431,1,7,6,22.6251984161087
202442,1,7,3,2.292084356203592
202448,1,7,1,13.240162380768185
202456,1,7,8,27.371982872013735
202461,1,7,5,0.3586789934097332
202484,1,7,4,0.358679009087165
202502,1,7,2,4.938044625317939
202518,1,7,8,20.401833124318326
202525,1,7,9,14.443581733978368
202528,1,7,5,0.3586789934097332
202533,1,7,4,0.3586790108976326
202542,1,7,1,22.47809743686037
202563,1,7,6,9.039987697472034
202580,1,7,10,20.09713152631435
202584,1,7,5,0.3586789934097332
202587,1,7,8,20.574076334518654
202588,1,7,8,24.761331384539996
202594,1,7,4,0.3586790108976326
202618,1,7,1,14.416294003275121
202624,1,7,1,21.40481447111242
202635,1,7,6,23.015810645428402
202644,0,7,0,0.027161025621919483
202651,1,7,9,6.88335380331415
202659,0,7,0,0.014263140063346783
202660,1,7,9,17.042325453996398
202662,1,7,9,17.508202931273182
202669,1,7,8,21.29825208409794
202674,1,7,9,20.42374442955407
202684,1,7,9,26.049415888549454
202698,1,7,10,21.058660356836626
202699,1,7,2,4.054193732297138
202700,1,7,5,0.3586789934097332
202704,1,7,8,21.657598344862237
202741,1,7,6,19.053097666028762
202744,1,7,4,0.3586790108976326
202760,1,7,1,22.92715535250577
202765,1,7,9,24.752961344908524
202769,1,7,9,25.9631980018901
202772,1,7,4,0.358679009087165
202776,1,7,10,17.910588396661314
202777,1,7,4,0.3586790108976326
202779,1,7,9,15.718335869991062
202804,1,7,9,10.296551114777596
202811,1,7,6,14.706427539124045
202825,1,7,5,0.3586789934097332
202826,1,7,1,8.476343909813533
202842,1,7,7,2.116701142974038
202871,0,7,0,0.016982483099438193
202884,1,7,6,14.813287590408626
202891,1,7,9,25.917051461607265
202892,1,7,1,18.171910453288092
202899,1,7,3,2.203852108497362
202901,1,7,6,12.008668564718302
202938,1,7,9,18.074275764596255
202951,1,7,6,23.139189515962656
202953,1,7,10,4.686384546997346
202955,1,7,10,5.387160886113648
202960,1,7,8,22.439099554805143
202973,1,7,6,16.294374879110766
202979,1,7,9,26.41787485796585
202983,1,7,6,19.05123865516174
202989,1,7,10,12.328505221140453
202991,1,7,8,19.684308203915744
202993,1,7,10,11.263743760276187
203006,1,7,9,21.738236348774514
203016,1,7,8,12.051615909346328
203021,1,7,1,6.542995223049944
203035,0,7,0,0.013765345804843853
203052,1,7,10,8.625834689536115
203070,1,7,3,2.3760126653329334
203075,1,7,5,0.3586789949470627
203076,1,7,3,2.418066403727203
203078,1,7,6,22.822862055822686
203089,1,7,10,20.034252032528997
203095,1,7,6,7.6125476721141565
203152,1,7,4,0.3586790108976326
203153,1,7,8,16.516593132914817
203169,1,7,5,0.3586789934097332
203170,1,7,6,14.723643731332295
203177,1,7,9,18.95551509007173
203179,1,7,9,13.382183018701122
203185,1,7,1,15.002535231999207
203189,1,7,8,6.433136598828319
203194,1,7,8,24.373981827104974
203219,1,7,9,26.339008737161137
203220,1,7,5,0.3586789934097332
203221,1,7,3,1.8469940878755113
203227,1,7,6,17.20431852189826
203229,1,7,8,14.476903125756834
203241,1,7,1,17.65139401868058
203265,1,7,10,14.787768055725525
203280,1,7,4,0.3586790108976326
203285,0,7,0,0.04814845387058867
203327,1,7,9,16.746368435407373
203340,1,7,7,2.3451746612857196
203370,1,7,5,0.3586789934097332
203385,1,7,9,14.791134937690314
203388,1,7,8,16.47175588869044
203398,1,7,8,16.63121759668363
203416,0,7,0,0.06428812054506637
203418,1,7,8,16.430531062522295
203432,1,7,3,2.4278277062207785
203434,1,7,8,27.96281717951002
203448,0,7,0,0.18760454216471323
203458,1,7,9,13.965334786052345
203463,1,7,8,3.631117824114965
203472,1,7,6,12.130785135638718
203486,1,7,3,1.1588834899010465
203508,1,7,9,18.039704938259376
203529,1,7,9,21.048511092799068
203538,1,7,5,0.3586789934097332
203539,1,7,6,12.273998768956218
203540,1,7,3,1.3119283232238035
203552,1,7,9,20.10595107459211
203560,1,7,8,18.887322985790686
203567,1,7,5,0.3586789934097332
203581,1,7,2,10.94769624424805
203583,1,7,3,2.3460909352299524
203586,1,7,10,15.74723026374667
203609,1,7,6,19.40829400241039
203610,0,7,0,0.17629766805850575
203615,1,7,4,0.3586790108976326
203626,1,7,9,13.494668060181084
203628,1,7,3,2.413278072252818
203637,1,7,3,1.1921893977751914
203647,1,7,1,15.005255322631289
203659,1,7,4,0.3586790108976326
203660,1,7,5,0.3586789934097332
203681,1,7,8,23.145442142922857
203687,1,7,9,20.61728923157505
203692,1,7,4,0.3586790108976326
203697,1,7,6,19.22232451778216
203701,1,7,5,0.3586789934097332
203704,1,7,9,14.218682385474368
203720,1,7,8,6.765819443370197
203739,1,7,10,7.321282320663352
203747,1,7,8,14.120453482107925
203757,1,7,9,15.074034085865541
203770,1,7,4,0.3586790108976326
203771,1,7,6,9.37667966177573
203799,0,7,0,0.01865238208737582
203806,1,7,9,17.49220113523239
203811,1,7,5,0.3586789934097332
203834,1,7,2,8.376565306064334
203839,1,7,1,3.7586767248565573
203843,1,7,7,1.3168730005054903
203857,1,7,9,12.816558101850681
203862,1,7,4,0.3586790108976326
203868,1,7,6,22.913009883869744
203878,1,7,5,0.3586789934097332
203879,1,7,8,26.389627427438143
203883,1,7,5,0.3586789934097332
203885,0,7,0,0.033624347476806045
203886,1,7,5,0.3586789934097332
203914,1,7,8,8.12815777173572
203920,1,7,4,0.3586790108976326
203938,1,7,8,23.45161270298126
203939,1,7,9,13.800313502436854
203940,1,7,5,0.1537612319051195
203956,1,7,6,8.509751277786005
203963,1,7,10,20.20900023343901
203971,1,7,9,23.65876088436063
203972,1,7,8,21.147061620864893
203974,1,7,8,17.426700224258454
203975,1,7,7,1.1078523402643272
203980,1,7,4,0.358679009087165
203981,1,7,8,27.031428290980553
203991,1,7,7,3.7063943581724677
204006,1,7,6,5.83630084265846
204016,1,7,8,23.10119317720614
204026,1,7,1,16.93518490378541
204028,1,7,9,18.25957464593396
204033,1,7,8,4.198585177858182
204056,1,7,2,8.041102844943955
204067,1,7,5,0.3586789934097332
204071,1,7,9,26.391091134750965
204079,1,7,4,0.3586790108976326
204085,1,7,9,25.716414164792624
204101,1,7,9,12.687576438266879
204102,1,7,6,18.877203767620387
204105,1,7,4,0.3586790108976326
204119,0,7,0,0.026707497099778977
204130,1,7,8,4.186797179814661
204138,1,7,10,12.396173122343626
204144,1,7,10,9.975042691600597
204145,1,7,9,8.409926212621372
204155,1,7,2,6.506654408428402
204159,1,7,5,0.3586789934097332
204161,1,7,8,18.926424597670927
204201,1,7,8,14.132868613187267
204212,1,7,6,8.479731074976876
204214,1,7,2,9.802961566442798
204220,1,7,5,0.3586789934097332
204229,1,7,8,21.169148266698016
204252,1,7,8,8.622615670205061
204296,1,7,9,23.97642503206042
204301,1,7,6,23.410798372521054
204305,1,7,8,10.965852926488457
204313,1,7,9,13.374130125468685
204324,1,7,9,17.08647860967366
204326,0,7,0,0.019299397258436043
204357,1,7,8,8.092191998168293
204362,1,7,6,14.707520984609433
204382,1,7,7,1.5575761980839924
204396,1,7,9,16.793767284893207
204401,1,7,5,0.3586789934097332
204423,1,7,5,0.3586789934097332
204431,1,7,7,0.9817537850668187
204434,1,7,10,2.9231532177993076
204455,1,7,10,8.852942038688612
204470,1,7,1,22.90716888018547
204475,1,7,2,12.809456916163043
204507,1,7,9,14.46299799238742
204511,1,7,9,22.37593701278552
204514,1,7,2,13.95080808538573
204516,1,7,10,17.947449670699676
204519,1,7,5,0.3586789934097332
204525,1,7,9,24.110698359644605
204527,1,7,7,1.1337415829718185
204557,1,7,8,28.300646648099274
204570,1,7,6,11.354574931777758
204595,1,7,8,19.563767537360885
204606,1,7,6,24.00131761166558
204612,1,7,9,16.299078138616398
204614,1,7,2,10.907409781075087
204626,1,7,10,7.499696954025434
204635,1,7,7,4.5127759995562675
204641,1,7,7,4.276018881791532
204643,1,7,9,16.68112368426779
204647,1,7,9,15.745978723972025
204652,1,7,4,0.358679009087165
204655,1,7,5,0.3586789934097332
204660,1,7,1,18.226461400226075
204666,1,7,9,17.10112541407783
204675,0,7,0,0.020067275878992003
204679,1,7,8,13.227878103086425
204682,1,7,5,0.3586789934097332
204685,1,7,7,4.210536874250762
204688,1,7,6,20.159564022862853
204702,1,7,8,4.398918782064491
204703,1,7,5,0.3586789934097332
204704,1,7,8,13.263506538888555
204708,1,7,9,10.366120349273501
204710,1,7,5,0.3586789934097332
204717,1,7,10,20.51946773339285
204723,1,7,4,0.3586790108976326
204771,1,7,1,7.132829022054216
204777,1,7,3,2.4005856299202373
204795,1,7,6,23.063073073070097
204804,1,7,5,0.3586789934097332
204807,1,7,6,10.436114731420608
204832,1,7,8,11.046229193468072
204840,1,7,5,0.3586789934097332
204848,1,7,10,16.31112205454082
204849,1,7,4,0.3586790108976326
204877,1,7,8,24.41854998089713
204912,0,7,0,0.020575627748377057
204937,1,7,4,0.3586790108976326
204968,1,7,5,0.3586789934097332
204980,1,7,9,14.609739210848657
204995,1,7,1,12.279759639648585
205004,1,7,5,0.3586789949470627
205015,1,7,10,19.99467212313532
205024,1,7,5,0.3586789934097332
205025,1,7,8,17.419378741309135
205028,1,7,9,16.614287596596398
205030,1,7,8,27.319004231527508
205043,1,7,6,12.361281792488636
205050,1,7,5,0.3586789934097332
205054,1,7,6,20.067953281669084
205056,1,7,5,0.3586789934097332
205071,1,7,9,16.750153016248124
205076,1,7,4,0.3586790108976326
205086,1,7,8,4.458347497543743
205101,1,7,4,0.3586790108976326
205103,1,7,10,5.696120894003157
205105,1,7,8,3.417538257780969
205117,1,7,4,0.3586790108976326
205123,1,7,6,23.8226307117951
205132,1,7,8,11.041214151095723
205139,1,7,10,7.772393482159008
205145,1,7,4,0.3586790108976326
205159,1,7,1,16.878788152315863
205180,1,7,6,7.47290685486275
205187,1,7,9,21.70383798209364
205208,1,7,10,19.477233819424015
205220,1,7,10,11.952670982461033
205223,1,7,5,0.3586789934097332
205233,1,7,8,15.643007244862973
205234,1,7,5,0.3586789934097332
205239,1,7,6,13.962209341127156
205244,0,7,0,0.01518351374695579
205258,1,7,1,17.41990980080767
205259,1,7,7,3.126458766452674
205263,1,7,9,8.498282834480237
205272,1,7,9,15.223016131681495
205278,1,7,1,21.779121005900915
205285,1,7,9,25.930503237759442
205287,1,7,5,0.3586789934097332
205290,1,7,7,3.8385262011559256
205303,1,7,8,21.885590682601883
205315,1,7,8,16.982573952326266
205319,1,7,8,18.00974487896418
205334,1,7,5,0.3586789934097332
205339,1,7,9,24.768287117306812
205350,0,7,0,0.09273417590618364
205352,1,7,9,26.35763347078473
205358,1,7,9,25.529025697737094
205368,1,7,4,0.3586790108976326
205369,1,7,4,0.3586790108976326
205376,1,7,3,2.0299930852836416
205384,0,7,0,0.013448572303546081
205386,1,7,6,11.413265610665265
205387,1,7,1,14.219209203886468
205393,0,7,0,0.020955484593287145
205398,1,7,8,9.6008235832333
205412,1,7,5,0.3586789934097332
205416,1,7,6,20.80300570319643
205425,1,7,7,2.168296151281605
205437,1,7,6,11.311820231340539
205443,1,7,3,2.2097016913016225
205444,1,7,10,18.663286165507824
205447,1,7,9,23.264783286215142
205462,1,7,3,2.388253329713609
205470,1,7,2,3.8827369482593985
205502,1,7,6,14.217696532919877
205507,1,7,7,4.16463380882022
205508,1,7,6,16.149959301781323
205544,1,7,9,18.369294421888426
205548,1,7,9,19.536326528651223
205558,0,7,0,0.016750366381850085
205561,1,7,7,2.1127846119732387
205574,1,7,9,18.341860448213716
205588,1,7,9,2.8045899942602475
205593,1,7,6,6.071292218979333
205594,1,7,5,0.3586789934097332
205596,0,7,0,0.02958781367647172
205597,1,7,10,16.348699921240943
205621,1,7,5,0.3586789934097332
205630,1,7,4,0.3586790108976326
205639,1,7,8,4.078241826768138
205645,1,7,3,2.267134350006783
205654,1,7,5,0.3586789934097332
205674,1,7,1,20.955554409963604
205687,1,7,1,21.050588313429387
205690,1,7,8,10.837135888276244
205698,1,7,3,0.8718398546179726
205702,1,7,6,15.836749966410256
205703,1,7,6,23.182228773717398
205713,1,7,8,14.817309927049696
205718,1,7,5,0.3586789934097332
205719,1,7,10,9.267624508304252
205732,1,7,9,26.45266814594107
205737,1,7,9,5.305561920228336
205744,1,7,7,1.4679252012186044
205753,0,7,0,0.01604819612974331
205765,1,7,2,12.708707970570503
205770,0,7,0,0.024803281423964034
205772,1,7,8,7.659500076313498
205782,1,7,9,25.99533245140578
205811,1,7,5,0.3586789934097332
205843,1,7,5,0.3586789934097332
205853,1,7,8,24.753683555867152
205867,1,7,7,2.9494561243648896
205879,1,7,6,5.611167874620862
205883,1,7,6,21.79321651934404
205906,1,7,4,0.3586790108976326
205910,1,7,5,0.3586789934097332
205915,1,7,9,18.907064030625012
205928,1,7,5,0.3586789934097332
205933,1,7,1,21.113213169947254
205950,1,7,9,14.920118675080513
205956,1,7,8,24.98586003467652
205962,1,7,3,2.2750852913662682
205972,1,7,10,12.401887173722855
206025,1,7,4,0.3586790108976326
206031,1,7,9,15.917347472997676
206032,1,7,10,13.518753270475441
206039,1,7,5,0.3586789934097332
206056,1,7,6,23.018584012848972
206059,1,7,4,0.3586790108976326
206061,1,7,4,0.3586790108976326
206062,1,7,9,15.813652529310417
206071,1,7,1,21.680381366408586
206078,1,7,2,12.166096990008594
206084,1,7,8,25.36741036440187
206087,1,7,3,2.338589396472816
206107,1,7,6,23.037096702003847
206109,1,7,6,9.865138416746374
206117,1,7,5,0.3586789949470627
206127,1,7,5,0.3586789949470627
206144,1,7,2,9.65709059431143
206148,1,7,7,3.4709072668718988
206152,1,7,9,15.129290472126844
206179,1,7,9,26.077676607472423
206181,1,7,4,0.3586790108976326
206188,1,7,10,17.274014258383136
206190,1,7,3,0.9475056942214841
206193,1,7,9,25.92355079287895
206223,1,7,8,23.25887371914718
206233,1,7,5,0.3586789934097332
206240,1,7,1,8.918368341955524
206251,1,7,2,6.225906499808116
206258,1,7,1,7.2155898940128385
206272,1,7,9,7.874420341308074
206311,1,7,6,17.819364784296916
206312,1,7,4,0.3586790108976326
206330,1,7,10,12.002908621959328
206331,0,7,0,0.02516569105721301
206343,1,7,5,0.3586789934097332
206351,1,7,10,20.180739379341357
206374,1,7,8,11.538612393576166
206398,1,7,2,11.055373100850966
206406,1,7,3,1.9266492218551792
206410,0,7,0,0.2497648194384189
206419,1,7,9,7.9728231218035965
206427,0,7,0,0.013764444365055693
206431,1,7,4,0.3586790108976326
206437,1,7,6,17.923715832139447
206448,1,7,1,4.475209840254491
206462,1,7,10,16.374234268691826
206484,1,7,3,2.375960193332195
206508,1,7,8,11.760242468370068
206513,1,7,9,15.223274996973563
206515,1,7,7,3.3628488139244572
206523,1,7,9,25.936420001695637
206542,1,7,8,15.760547674283622
206551,1,7,6,21.29503222403635
206559,1,7,9,17.32809660726254
206571,1,7,1,16.399550266214263
206575,1,7,6,22.32646352828162
206576,1,7,8,6.461792109751421
206579,1,7,7,3.955663851811884
206583,1,7,1,6.381464922629298
206584,1,7,8,17.63799825315308
206595,1,7,2,13.453248799267957
206608,1,7,8,8.53984044024369
206626,1,7,4,0.3586790108976326
206633,1,7,9,25.788337508040655
206639,1,7,8,12.538935695658514
206671,1,7,9,16.778399931137486
206679,1,7,7,3.456481402940566
206694,1,7,8,2.628864895549205
206732,1,7,3,1.8633055816092108
206743,1,7,6,20.649022035588434
206751,1,7,9,8.208504444205214
206752,1,7,4,0.3586790108976326
206777,1,7,5,0.3586789934097332
206785,1,7,6,4.134527040123547
206799,1,7,10,9.76560488058003
206808,1,7,10,19.966520482304308
206817,1,7,1,16.075190924538383
206819,1,7,9,15.96362897289594
206839,1,7,6,16.73542108390612
206840,1,7,7,0.8933928383368491
206848,1,7,9,26.239715677083378
206860,1,7,8,5.9952635717263
206884,1,7,8,21.416778879797896
206893,1,7,6,23.336655410128255
206895,1,7,1,21.930098682978382
206896,1,7,10,12.029245465505836
206907,1,7,10,6.432586508284394
206925,1,7,8,15.541354487618747
206933,1,7,7,4.61316848923008
206943,1,7,1,15.67694317428581
206967,1,7,4,0.3586790108976326
206976,1,7,5,0.3586789934097332
206977,1,7,1,18.259232730788543
206983,1,7,5,0.3586789934097332
206994,1,7,9,10.247690390324667
206998,1,7,8,2.376237435532472
207007,1,7,6,4.440923793131787
207013,0,7,0,0.013955784644528672
207014,1,7,9,12.893706813725917
207018,1,7,8,2.9962423167978067
207030,1,7,8,25.78824880099904
207035,1,7,7,4.259980427532769
207060,1,7,5,0.3586789934097332
207064,1,7,8,19.66755295354716
207087,1,7,9,12.435619126933155
207091,1,7,10,10.872523160797536
207102,1,7,6,21.634999241946325
207116,1,7,6,23.250503755379103
207133,1,7,8,19.892104319161813
207142,1,7,2,1.2255523350782087
207157,1,7,3,2.39730778769311
207178,1,7,2,2.177641935591971
207184,1,7,5,0.3586789934097332
207191,1,7,4,0.3586790108976326
207195,1,7,9,7.473573347149909
207198,1,7,9,26.343239594765834
207200,1,7,8,14.965587743520038
207204,0,7,0,0.013813522274513202
207206,1,7,7,4.515969225131127
207226,1,7,9,14.308358575661336
207242,1,7,1,12.163574550959703
207247,1,7,8,11.24898989416213
207253,1,7,10,17.229773406993534
207255,1,7,6,16.32347432265244
207263,1,7,9,21.250869278680025
207269,0,7,0,0.01718612727152847
207292,1,7,9,11.715907050077009
207295,1,7,6,16.720676366589203
207296,1,7,8,22.482374938027863
207303,1,7,6,12.984896298571858
207304,1,7,9,16.267727784300174
207306,1,7,5,0.3586789934097332
207307,1,7,7,2.5910298482812046
207311,1,7,8,8.12372744043259
207338,1,7,8,14.879923348452024
207362,1,7,8,28.19203401102465
207364,1,7,5,0.3586789934097332
207374,1,7,9,5.669876072226453
207381,1,7,9,21.701927366480646
207384,1,7,2,10.66366078144487
207385,1,7,3,2.219840029235828
207400,1,7,3,1.6440427198908993
207410,1,7,6,6.819681358883881
207424,1,7,9,24.634161581399066
207433,1,7,6,18.839399563466667
207443,0,7,0,0.027233136166260614
207449,1,7,4,0.3586790108976326
207450,1,7,2,9.512094013417322
207490,1,7,5,0.3586789934097332
207493,1,7,9,12.064863273445168
207501,0,7,0,0.012952456945173182
207502,1,7,9,15.278327126933902
207525,1,7,5,0.3586789934097332
207537,1,7,4,0.3586790108976326
207548,1,7,9,10.573215397405576
207560,1,7,5,0.3586789934097332
207585,1,7,4,0.3586790108976326
207591,1,7,8,21.599791082954198
207595,1,7,8,28.54536646339305
207622,1,7,5,0.3586789934097332
207633,1,7,7,1.7620183922312247
207645,1,7,5,0.3586789934097332
207656,1,7,9,23.486273550970495
207667,1,7,9,9.324825111009885
207672,1,7,9,13.967559098256613
207686,1,7,5,0.3586789934097332
207695,0,7,0,0.022480411217122926
207719,1,7,1,5.106788362005557
207736,1,7,9,12.82131661858107
207762,1,7,6,13.374809298501257
207772,1,7,8,26.458486038097224
207781,1,7,8,18.14838673182776
207783,1,7,6,12.12440694574322
207796,1,7,5,0.3586789934097332
207806,1,7,8,27.017749528830077
207814,1,7,10,10.141208804612383
207817,1,7,8,13.10187536837515
207826,1,7,8,19.606934759681398
207829,1,7,6,13.307671714430786
207846,1,7,8,19.392064301330237
207875,1,7,5,0.3586789934097332
207882,1,7,10,8.864006186639019
207888,1,7,8,14.99918789582113
207891,1,7,6,23.796651188906374
207893,1,7,8,25.00044390531826
207898,1,7,7,4.075058337295138
207902,1,7,8,18.959877496479145
207917,1,7,6,17.464463273238426
207921,1,7,1,16.142149001251966
207958,1,7,8,25.752709097892485
207962,1,7,4,0.3586790108976326
207967,1,7,10,18.969656063668104
207983,1,7,6,11.603173005806772
208022,1,7,6,19.678255840720013
208055,1,7,7,2.4930489922992893
208084,0,7,0,0.018898284033014676
208089,1,7,10,11.923334723356874
208091,1,7,7,4.590557965108204
208093,1,7,7,2.4373242728063556
208099,1,7,9,24.245676824085255
208100,1,7,7,3.1298567742825156
208111,1,7,6,18.633472634669886
208122,1,7,5,0.3586789934097332
208140,1,7,6,21.287523941198224
208147,1,7,6,14.939837462605364
208155,1,7,4,0.3586790108976326
208159,1,7,6,13.792593739260996
208167,1,7,7,3.2412709923247722
208172,1,7,3,2.388059427350276
208179,1,7,5,0.3586789934097332
208195,1,7,4,0.3586790108976326
208198,1,7,3,2.432655766608517
208200,1,7,10,14.614704845289097
208211,0,7,0,0.29943234488515796
208243,1,7,7,1.481274210600022
208257,1,7,4,0.3586790108976326
208261,1,7,5,0.3586789934097332
208276,1,7,5,0.3586789934097332
208294,1,7,8,10.905088936851653
208301,1,7,9,25.529975467594053
208320,1,7,5,0.3586789934097332
208340,1,7,4,0.3586790108976326
208350,1,7,4,0.3586790108976326
208360,1,7,1,11.592473568689911
208364,1,7,9,23.704446697274967
208370,1,7,9,16.190381371542003
208415,1,7,8,25.199702663386944
208421,0,7,0,0.025790525427082354
208422,1,7,9,26.211163348130786
208442,1,7,8,27.637767863821765
208450,1,7,8,4.393129049902486
208453,1,7,6,19.90710830055607
208457,1,7,10,17.359382596514518
208491,1,7,9,20.890751919591512
208502,1,7,7,4.585088762264307
208523,1,7,9,8.950928107604938
208533,1,7,1,10.118969869240665
208535,1,7,7,0.7497462632315381
208552,1,7,8,24.57137427997978
208568,1,7,6,14.787347479458637
208586,1,7,7,1.857297564916807
208593,0,7,0,0.042506462223251294
208601,1,7,5,0.3586789934097332
208603,1,7,7,2.7966361328129303
208620,1,7,1,17.91811493145015
208626,1,7,5,0.3586789934097332
208628,1,7,3,2.3842769131663637
208636,1,7,8,4.984699451159697
208660,1,7,9,9.306313987819776
208661,1,7,9,9.16895759583627
208677,1,7,9,18.05675223999592
208682,1,7,8,9.983592564447605
208689,1,7,10,7.989114751810343
208705,1,7,1,19.30279402337955
208710,1,7,10,20.073830435818493
208711,1,7,6,13.226550588174927
208715,1,7,7,2.560084947656406
208716,1,7,5,0.3586789934097332
208719,1,7,5,0.3586789934097332
208727,1,7,9,15.203647167168565
208739,1,7,5,0.3586789934097332
208767,0,7,0,0.019694718839297957
208790,1,7,8,12.92735998347483
208802,1,7,1,17.588478468983062
208811,1,7,1,14.676237934367627
208813,1,7,8,16.277900221323446
208820,1,7,8,19.78262690151461
208834,1,7,10,15.050973991654715
208835,0,7,0,0.018299100713317477
208847,1,7,3,1.1004546389749883
208856,0,7,0,0.2470436281117201
208871,0,7,0,0.0383366798966355
208877,1,7,4,0.3586790108976326
208912,1,7,9,14.690575791777876
208913,1,7,3,2.392385912807247
208936,1,7,2,14.048171776043121
208943,1,7,1,20.079173886842714
208994,1,7,8,7.844995980832546
208995,1,7,3,2.3763315246003347
208996,1,7,6,16.726863496488694
209004,1,7,8,23.347419549340188
209006,1,7,10,8.862021335753672
209023,1,7,5,0.3586789934097332
209032,1,7,8,19.286810083962756
209036,1,7,8,8.687012178717485
209040,1,7,1,3.8654127833021694
209043,1,7,4,0.3586790108976326
209098,1,7,5,0.3586789934097332
209103,1,7,1,14.615186130394905
209131,1,7,6,11.405163340503426
209165,1,7,8,12.1970011440951
209176,1,7,1,15.919189609847779
209183,1,7,9,26.035916634153708
209184,1,7,7,0.3499027854762545
209202,1,7,9,19.583982942824836
209203,1,7,9,15.324850927523345
209212,1,7,2,11.498543040249206
209213,1,7,5,0.3586789934097332
209244,1,7,8,14.211120562028325
209258,1,7,8,16.233102140037513
209265,1,7,4,0.3586790108976326
209296,1,7,1,13.867316938864949
209312,1,7,4,0.358679009087165
209338,1,7,9,3.459089916742814
209382,1,7,10,3.4131116427371517
209384,1,7,8,13.837594491015457
209393,1,7,4,0.3586790108976326
209396,1,7,9,19.926295292840056
209407,1,7,1,16.551593106073167
209416,1,7,1,20.246004504100906
209426,1,7,8,7.8751851886468724
209427,1,7,8,21.59946669545227
209444,1,7,8,5.373569717523923
209452,1,7,2,7.969404230212284
209459,1,7,8,15.358169852641543
209469,1,7,8,18.060308919992714
209498,1,7,9,14.797129824565781
209500,1,7,9,21.42474399808633
209506,1,7,5,0.3586789934097332
209508,1,7,6,18.12646693998022
209509,0,7,0,0.020350674410690845
209538,1,7,9,11.066685338132583
209543,1,7,5,0.3586789934097332
209544,1,7,9,21.41066152735156
209555,1,7,6,20.959935222731293
209567,1,7,4,0.3586790108976326
209575,1,7,6,7.082575216244395
209580,1,7,9,15.194975993723816
209581,1,7,10,9.347336680754042
209603,1,7,9,22.420129138199222
209608,1,7,8,24.014265249170865
209617,1,7,2,1.8302407381799621
209622,1,7,10,17.225044962030175
209673,1,7,9,14.94404331534743
209688,1,7,5,0.3586789949470627
209699,1,7,6,19.897776758951206
209717,1,7,1,16.515129171368546
209745,1,7,9,15.2099741608764
209765,1,7,9,22.546407303736242
209777,1,7,10,7.337697109934064
209779,1,7,1,6.46330418350181
209783,1,7,8,4.060437480798423
209796,1,7,8,23.41659211170282
209800,1,7,4,0.3586790108976326
209817,1,7,1,11.928796220977786
209819,1,7,4,0.3586790108976326
209828,1,7,6,21.30062670160511
209833,1,7,9,9.103101454947566
209838,1,7,4,0.3586790108976326
209843,1,7,10,20.016461416872048
209846,1,7,9,8.449723397892697
209849,1,7,10,11.539711660318645
209853,1,7,1,20.755549101794777
209858,1,7,5,0.3586789934097332
209864,1,7,2,13.514881932249747
209875,1,7,8,14.043997325552517
209878,1,7,9,17.27246167198664
209879,1,7,6,23.786002872519912
209881,1,7,5,0.3586789934097332
209883,1,7,5,0.3586789934097332
209890,1,7,10,7.439210615721281
209892,1,7,5,0.3586789934097332
209898,1,7,6,11.567242891466613
209909,1,7,10,3.943548105272885
209910,1,7,6,20.640162018369214
209914,1,7,9,14.859747929018875
209916,1,7,10,16.81866348202179
209923,1,7,8,11.069014321555608
209929,1,7,1,18.94329298023099
209939,1,7,5,0.3586789934097332
209942,0,7,0,0.015931760948220148
209950,1,7,9,12.387994817668378
209968,1,7,9,24.729037849916764
209970,1,7,9,15.412760174122655
209979,1,7,8,26.478186899474732
209992,1,7,4,0.3586790108976326
210004,1,7,5,0.3586789934097332
210025,1,7,1,4.860765368439682
210029,1,7,8,3.768955108105341
210042,1,7,4,0.3586790108976326
210060,1,7,5,0.3586789934097332
210073,1,7,5,0.3586789934097332
210088,1,7,3,2.165929397213222
210095,1,7,9,24.03733878157121
210103,1,7,10,15.34544531716824
210116,1,7,6,23.387068318558427
210122,1,7,9,18.765939636708886
210132,1,7,2,11.140424695106462
210137,1,7,3,2.4298074303424158
210150,1,7,1,22.24523272635163
210165,1,7,10,7.47831640922757
210174,1,7,1,20.553590066885974
210177,1,7,8,24.328011457107852
210191,1,7,6,7.562025009744436
210225,1,7,9,16.709673992428012
210261,1,7,6,23.862154584647712
210269,1,7,6,18.152963795350562
210303,1,7,6,5.756632150122573
210307,1,7,4,0.358679009087165
210308,1,7,6,8.091106021076273
210314,1,7,8,8.73301261612589
210332,1,7,9,23.20894169000136
210342,1,7,10,7.052549689228215
210348,1,7,1,15.303498051164738
210353,1,7,8,25.7604936137172
210361,1,7,6,9.636740489312803
210394,1,7,8,25.179797633935326
210404,1,7,5,0.3586789934097332
210417,1,7,4,0.3586790108976326
210418,0,7,0,0.02679449084605719
210423,1,7,6,13.966737092950344
210434,1,7,8,15.044182021364769
210466,1,7,6,13.88785685431546
210467,1,7,4,0.3586790108976326
210477,1,7,5,0.3586789934097332
210484,1,7,10,6.326663476882784
210493,1,7,4,0.3586790108976326
210494,1,7,9,25.554727606727432
210496,1,7,6,18.301921397382497
210499,1,7,9,26.358522514045028
210502,1,7,1,21.508073120680788
210542,1,7,10,15.815318872653304
210553,0,7,0,0.015634693867545405
210562,1,7,4,0.3586790108976326
210568,1,7,6,23.198293093281265
210573,1,7,3,2.333058988227446
210580,1,7,4,0.3586790108976326
210594,1,7,4,0.3586790108976326
210625,1,7,5,0.3586789934097332
210636,1,7,8,17.17831797004423
210644,1,7,10,6.648176402808831
210652,1,7,5,0.3586789949470627
210660,0,7,0,0.025285691334200923
210727,1,7,6,8.884336423414982
210731,0,7,0,0.02509839120128865
210733,1,7,5,0.3586789934097332
210742,1,7,9,7.266171519497706
210752,1,7,4,0.3586790108976326
210753,1,7,8,28.538431107450553
210755,1,7,4,0.3586790108976326
210759,1,7,10,10.459154323013005
210766,1,7,9,13.112257107149581
210774,1,7,8,23.675602420736407
210784,1,7,6,20.212604213692888
210793,1,7,6,14.919964366527582
210823,1,7,9,9.912124639393316
210850,1,7,2,7.3996965806828054
210857,1,7,1,6.413695260426357
210864,1,7,2,4.501139400345434
210868,1,7,5,0.3586789934097332
210886,1,7,4,0.3586790108976326
210915,1,7,6,8.480587486553485
210917,1,7,1,14.485137699182916
210929,1,7,4,0.3586790108976326
210961,1,7,6,19.791086344911513
210971,1,7,4,0.3586790108976326
210978,1,7,2,3.549919077647071
210983,1,7,5,0.3586789934097332
210987,1,7,9,13.603232626179611
210989,1,7,8,7.446016254598298
211008,1,7,9,16.546874987224157
211011,1,7,9,15.423160170140587
211016,1,7,5,0.3586789949470627
211017,1,7,1,7.451458568017056
211050,1,7,4,0.3586790108976326
211082,1,7,9,14.116235718260743
211094,1,7,9,15.366666916033658
211102,1,7,9,25.381908963154874
211108,1,7,9,19.659391022386732
211112,1,7,10,4.073106113261683
211113,1,7,1,18.29577397716591
211114,1,7,7,1.5727884794500149
211123,1,7,4,0.3586790108976326
211131,1,7,5,0.3586789934097332
211146,1,7,8,10.651386422341552
211158,1,7,2,7.265985720791007
211181,1,7,6,8.485651688184698
211188,1,7,6,5.3513476901182475
211204,1,7,8,15.074178439651696
211207,1,7,9,18.979953949707575
211213,1,7,10,21.228044896767308
211223,1,7,4,0.3586790108976326
211225,1,7,5,0.3586789934097332
211232,0,7,0,0.020488316730455387
211241,1,7,9,24.636942090806834
211256,1,7,6,23.250333027803002
211276,0,7,0,0.028130418157017712
211282,1,7,2,8.597347957049598
211287,1,7,3,2.313865363121681
211289,1,7,3,2.336728768329909
211297,1,7,5,0.3586789934097332
211318,1,7,7,2.2657979586921524
211324,1,7,8,27.947880636542223
211333,1,7,4,0.3586790108976326
211347,1,7,8,6.2142340783080705
211350,1,7,8,23.714147035857895
211352,1,7,6,23.882948614075353
211355,1,7,3,0.8981834797186639
211356,1,7,1,16.46165509967312
211358,1,7,9,5.782853771554851
211373,1,7,7,0.892025784778998
211376,1,7,4,0.3586790108976326
211383,1,7,6,20.767834085374634
211385,1,7,5,0.3586789934097332
211395,1,7,7,4.5334205038055195
211396,1,7,9,21.51284733377286
211425,1,7,4,0.3586790108976326
211445,1,7,5,0.3586789934097332
211446,1,7,4,0.3586790108976326
211451,1,7,10,5.865049905653367
211452,1,7,8,22.085490689761613
211458,1,7,5,0.3586789934097332
211462,1,7,9,2.442007275681683
211465,1,7,10,10.732188639827672
211477,1,7,9,25.310323731979583
211484,1,7,9,9.774781173873563
211492,1,7,4,0.3586790108976326
211528,1,7,9,14.343172493767613
211537,1,7,9,12.79264559396394
211550,1,7,6,14.863409124282981
211553,1,7,9,22.51964006661738
211560,1,7,10,13.943872059682944
211561,1,7,9,12.40618304632549
211601,1,7,8,15.488236431103994
211612,1,7,9,16.555823838661635
211622,1,7,6,14.521113542831905
211623,1,7,2,10.578201897556058
211633,1,7,10,4.711836936535795
211647,1,7,7,1.6403364711439745
211664,1,7,5,0.3586789934097332
211675,1,7,8,4.765944214860476
211677,1,7,4,0.3586790108976326
211683,1,7,5,0.3586789934097332
211694,1,7,10,17.5244656771321
211708,1,7,6,22.842353942245207
211711,1,7,6,9.094861695605655
211715,1,7,6,14.534480649156002
211725,1,7,9,24.13790389930275
211730,1,7,7,4.207544874626762
211733,1,7,6,21.939276631603036
211736,1,7,3,0.9207043567378606
211742,1,7,7,1.1249593522836085
211757,1,7,10,20.06490932257818
211763,1,7,9,14.48241831226894
211766,1,7,6,21.594145987542237
211773,1,7,9,20.992631076353753
211781,1,7,8,25.306960265647472
211784,1,7,4,0.3586790108976326
211796,1,7,9,11.536742555467612
211798,1,7,10,12.125780805546867
211801,1,7,7,2.310981612988184
211805,1,7,6,11.455149258504294
211815,1,7,6,18.88407954305774
211841,1,7,7,2.680230019928863
211843,1,7,7,2.8068509790894463
211844,1,7,9,22.225769509033384
211845,1,7,7,3.459461767879452
211866,1,7,5,0.3586789934097332
211887,1,7,4,0.358679009087165
211895,1,7,8,19.71426019757618
211902,1,7,6,21.108271774777364
211907,1,7,5,0.3586789934097332
211908,1,7,9,7.507594165372015
211909,1,7,9,24.073329244779607
211911,1,7,8,4.508803854621234
211912,1,7,10,9.896187734427036
211929,1,7,1,20.874193103780083
211939,1,7,5,0.3586789934097332
211941,1,7,6,12.187155126558302
211945,1,7,7,1.4780636448466888
211946,1,7,8,20.260263539048395
211954,1,7,8,5.209308900070402
211959,1,7,9,26.37804717719406
211968,1,7,4,0.3586790108976326
211973,1,7,2,12.862160365572079
211983,1,7,4,0.3586790108976326
211987,1,7,8,13.047932751915475
212011,1,7,2,10.355828691264886
212027,1,7,10,18.98885334904302
212034,1,7,2,13.112630475088729
212042,1,7,4,0.3586790108976326
212079,1,7,6,18.538988322502032
212080,1,7,6,19.904194133512128
212081,0,7,0,0.02640612654845243
212083,1,7,6,17.82955081724533
212101,1,7,8,12.35744921422449
212123,1,7,6,19.051773752208618
212130,1,7,9,13.048256880790253
212134,1,7,10,6.617644415215957
212138,1,7,5,0.3586789934097332
212156,1,7,7,4.469337952484539
212159,0,7,0,0.02342591710507373
212183,1,7,8,18.381783353528935
212189,1,7,5,0.3586789934097332
212201,1,7,4,0.3586790108976326
212242,1,7,9,8.161018122231598
212244,1,7,10,18.91382671644458
212281,1,7,6,23.193211233346265
212288,1,7,9,12.556156930468727
212292,1,7,9,25.48840163105752
212329,1,7,10,16.878688811507658
212332,1,7,5,0.3586789934097332
212358,1,7,10,7.971463661486994
212372,1,7,4,0.3586790108976326
212378,1,7,4,0.3586790108976326
212380,1,7,5,0.3586789934097332
212392,1,7,7,4.347579605039536
212403,1,7,5,0.3586789934097332
212405,1,7,9,2.7367969208185694
212407,1,7,6,19.228011210901574
212418,1,7,9,16.28745120033832
212433,1,7,6,17.02542347380062
212434,1,7,10,11.477659593522526
212463,1,7,6,6.783959314020887
212466,1,7,1,17.953873273010934
212468,1,7,4,0.3586790108976326
212476,1,7,5,0.3586789934097332
212478,1,7,5,0.3586789934097332
212483,1,7,10,8.394655457104134
212486,1,7,6,22.13689359308099
212487,1,7,8,23.004807204079345
212494,1,7,9,12.180127346924843
212497,1,7,3,2.4338090188052353
212502,1,7,8,5.35170326697137
212511,1,7,5,0.3586789934097332
212537,1,7,3,2.301855934103976
212542,1,7,10,11.050400144270226
212557,1,7,5,0.3586789934097332
212565,0,7,0,0.2718084251912983
212567,1,7,8,24.605158180202718
212572,1,7,5,0.3586789934097332
212577,1,7,9,5.455769751564731
212584,1,7,10,9.196433579827254
212599,1,7,8,24.5055010678259
212605,1,7,9,24.215720959988627
212617,1,7,5,0.3586789934097332
212619,1,7,7,3.3470163930065024
212646,1,7,6,15.394647893573433
212647,1,7,1,22.818959485571455
212663,1,7,9,13.254120711968934
212666,1,7,8,13.76551590384381
212676,1,7,1,4.318222084680076
212695,1,7,6,9.558319699163539
212709,1,7,2,1.152638606764292
212712,1,7,8,12.26881828387567
212715,1,7,8,25.335957033729642
212750,1,7,7,4.064964458629234
212751,1,7,8,17.710007518566506
212753,1,7,5,0.3586789934097332
212765,1,7,10,7.1530719732972425
212782,1,7,1,10.790697565784045
212796,1,7,1,10.404905130448524
212800,1,7,5,0.3586789934097332
212829,1,7,5,0.3586789934097332
212832,1,7,3,2.0775656873375774
212843,1,7,5,0.3586789949470627
212844,1,7,2,11.02142677584328
212858,1,7,5,0.3586789934097332
212870,1,7,4,0.3586790108976326
212871,1,7,4,0.3586790108976326
212873,1,7,9,15.01032393185113
212905,1,7,8,7.659970720233714
212912,1,7,5,0.3586789934097332
212936,1,7,5,0.3586789934097332
212953,1,7,1,12.499674261152869
212961,1,7,1,10.376031186598263
212970,1,7,3,2.2677209915168905
212986,1,7,1,16.947528931021214
213009,1,7,4,0.3586790108976326
213010,1,7,8,19.81839782556957
213016,1,7,8,9.629520823308313
213017,1,7,9,12.709507796098926
213021,0,7,0,0.023561933320081538
213024,1,7,3,2.2068235519680917
213039,1,7,6,24.03444578928129
213052,1,7,8,20.44498352622767
213063,1,7,8,28.52182733550899
213072,1,7,2,8.021397764572454
213083,1,7,7,1.9184511940701379
213113,1,7,1,11.998060219656878
213140,1,7,5,0.3586789934097332
213157,1,7,9,15.441090178457843
213161,1,7,10,20.515783143907996
213167,1,7,8,28.48582780923926
213174,1,7,9,18.224211709795945
213178,1,7,6,15.900430990146884
213203,1,7,4,0.358679009087165
213205,1,7,4,0.358679009087165
213219,1,7,4,0.3586790108976326
213229,1,7,6,13.178110831588258
213243,1,7,8,16.52614852474102
213246,1,7,4,0.3586790108976326
213247,1,7,5,0.3586789934097332
213254,1,7,8,12.096620241537346
213264,1,7,10,12.104979125063975
213265,1,7,9,14.25129307920803
213271,1,7,5,0.3586789934097332
213309,1,7,4,0.3586790108976326
213331,1,7,9,21.078183099372822
213347,1,7,4,0.3586790108976326
213348,1,7,6,11.395050566279052
213349,1,7,2,10.434290877025042
213350,1,7,5,0.3586789934097332
213365,1,7,9,26.37266965869179
213367,1,7,3,2.2414495173894236
213370,1,7,1,17.91766122732058
213373,1,7,8,8.272186796284839
213389,0,7,0,0.016411634113504082
213402,0,7,0,0.024184081532369926
213405,1,7,7,3.166159495888833
213415,0,7,0,0.015135689418158446
213419,1,7,9,8.899602741258677
213427,1,7,3,2.236655422740047
213439,1,7,5,0.3586789934097332
213444,1,7,8,5.839642616949526
213449,1,7,6,14.625078031285042
213468,1,7,6,22.650757700095937
213475,1,7,4,0.3586790108976326
213503,1,7,9,16.529129002376077
213513,1,7,9,15.886151476827434
213516,1,7,4,0.3586790108976326
213517,1,7,6,10.234592248990104
213536,1,7,8,9.65158146776824
213537,1,7,4,0.3586790108976326
213549,1,7,8,15.76070096149295
213559,1,7,7,1.0858582390842322
213579,0,7,0,0.027868647392725657
213580,0,7,0,0.05626613088742408
213586,1,7,4,0.3586790108976326
213599,1,7,9,6.8204533126080165
213600,1,7,6,23.85013964633313
213613,1,7,10,10.695638494482443
213622,1,7,9,16.183645483785888
213623,1,7,3,2.356945839884372
213626,1,7,5,0.3586789934097332
213638,1,7,6,17.9233130368952
213644,1,7,10,7.020446265845638
213648,1,7,6,23.262477598565606
213657,1,7,10,19.528904191871355
213674,1,7,9,15.23643276847515
213677,1,7,7,2.5101890835475764
213689,1,7,6,8.969532865535253
213695,1,7,4,0.3586790108976326
213696,1,7,5,0.3586789934097332
213697,1,7,2,13.685196026597161
213706,1,7,5,0.3586789934097332
213723,1,7,5,0.3586789934097332
213737,1,7,4,0.3586790108976326
213749,1,7,8,17.739286655588685
213760,1,7,5,0.3586789934097332
213776,1,7,10,15.267552432416188
213793,1,7,8,21.261917659818373
213814,1,7,6,8.256214897806192
213832,1,7,5,0.3586789934097332
213842,1,7,7,2.0448452607948355
213850,1,7,4,0.3586790108976326
213853,1,7,9,20.735449412389
213858,1,7,6,20.82684506808904
213874,1,7,1,14.9407484515364
213875,1,7,10,4.668109371911566
213879,1,7,9,26.350186771820265
213880,1,7,8,3.5911610545817814
213894,1,7,6,23.242392080128482
213898,1,7,10,21.13236855867058
213904,1,7,9,2.717839689149078
213908,1,7,9,14.831055828709038
213936,1,7,8,14.317774172630578
213944,1,7,2,5.9035033128562295
213946,1,7,8,28.524068362539957
213950,1,7,9,25.600827875284548
213960,1,7,8,24.066903361938554
213964,1,7,9,8.210153223801417
214004,0,7,0,0.035779144257385924
214012,1,7,4,0.3586790108976326
214014,1,7,5,0.3586789934097332
214017,1,7,4,0.3586790108976326
214037,1,7,1,19.578262771196105
214042,1,7,9,24.18658069527174
214055,1,7,6,18.238355659785654
214064,1,7,6,18.518267203477187
214070,1,7,9,6.875997519167239
214076,1,7,4,0.3586790108976326
214078,1,7,8,22.06690138265922
214102,1,7,8,18.47738278931797
214103,1,7,8,22.452084082917384
214105,0,7,0,0.015636762576651912
214106,1,7,5,0.3586789934097332
214119,1,7,2,13.949245602813235
214123,1,7,2,9.12361740270484
214172,1,7,8,11.173221375418345
214183,1,7,4,0.3586790108976326
214195,1,7,10,15.596613604951305
214218,1,7,10,18.93584419552097
214224,1,7,10,7.488768280785823
214237,1,7,8,18.714527543424314
214241,1,7,4,0.3586790108976326
214244,1,7,1,19.315125488954173
214249,1,7,7,1.803482220099662
214256,1,7,4,0.3586790108976326
214261,1,7,4,0.3586790108976326
214263,0,7,0,0.029430090915515815
214269,1,7,9,4.479969526470626
214277,1,7,8,4.765884341480382
214302,1,7,5,0.3586789934097332
214313,1,7,8,27.36434289989498
214318,1,7,7,3.173982830605957
214339,1,7,6,11.890795820764257
214351,1,7,2,6.192190908573904
214370,1,7,5,0.3586789934097332
214383,1,7,9,25.095810656075603
214388,1,7,8,27.876306605238025
214399,1,7,8,11.908574300713175
214400,1,7,5,0.3586789934097332
214449,1,7,10,5.824874343213982
214455,1,7,6,4.986805229564566
214490,1,7,9,10.518465899869021
214495,1,7,4,0.3586790108976326
214498,1,7,4,0.3586790108976326
214504,1,7,5,0.3586789934097332
214509,1,7,10,15.972869911787162
214510,1,7,1,8.672322115008024
214513,1,7,6,15.161249735813279
214522,1,7,5,0.3586789934097332
214535,1,7,8,13.15204301956369
214547,1,7,8,16.08982417679423
214565,1,7,10,7.191885459843986
214590,1,7,4,0.3586790108976326
214614,1,7,8,11.72813451353871
214616,1,7,9,7.491647904797919
214626,1,7,9,23.758206176628523
214648,1,7,9,21.250098999231273
214657,0,7,0,0.017307852095509176
214660,1,7,5,0.3586789934097332
214665,1,7,2,8.110039584363403
214675,1,7,9,25.511812145177604
214679,1,7,8,7.234859700220831
214709,1,7,6,14.964613940610999
214714,1,7,10,16.4097653088619
214720,1,7,8,21.70965226037974
214736,1,7,9,24.91459978688855
214745,1,7,7,4.585256898512966
214748,1,7,8,8.428806145289654
214752,1,7,6,18.12098259511855
214765,1,7,5,0.3586789934097332
214767,1,7,6,4.962340933332461
214770,1,7,9,23.828951862506614
214780,1,7,8,16.063330595879
214784,1,7,8,15.665367096761972
214791,1,7,8,15.34947453461722
214792,1,7,6,7.014642614396825
214803,1,7,8,23.401646514861184
214812,1,7,2,13.81214922233119
214827,1,7,2,9.20341776528338
214838,1,7,10,11.297946993863446
214847,1,7,7,1.0381899663054264
214851,1,7,9,21.323490221964246
214870,1,7,6,19.131010616013306
214872,1,7,2,5.746928656500238
214955,1,7,1,17.381404574477333
214981,1,7,9,23.451509801546138
214984,1,7,4,0.3586790108976326
215001,1,7,4,0.3586790108976326
215003,1,7,9,13.001986984583608
215006,1,7,6,7.001566841846808
215026,1,7,8,14.915843691580703
215028,1,7,9,5.395056631999809
215035,1,7,4,0.3586790108976326
215042,1,7,3,2.395102677160321
215045,1,7,4,0.3586790108976326
215069,1,7,9,25.002318078689985
215077,1,7,8,7.437676317553486
215091,1,7,6,22.29952692213891
215093,1,7,5,0.3586789934097332
215100,1,7,8,5.0337875258175035
215102,1,7,5,0.3586789934097332
215123,1,7,5,0.3586789934097332
215147,0,7,0,0.012761238688848034
215161,1,7,8,18.28175619978667
215186,1,7,4,0.358679009087165
215189,1,7,4,0.358679009087165
215194,1,7,4,0.3586790108976326
215199,1,7,6,19.920538905499683
215200,1,7,6,7.845007308167618
215204,1,7,1,18.826819838013222
215207,1,7,7,1.8502185404979063
215215,1,7,4,0.3586790108976326
215235,1,7,9,15.543043907219777
215246,1,7,5,0.3586789934097332
215258,1,7,4,0.3586790108976326
215259,1,7,7,0.8174744538390242
215317,1,7,8,18.93460671429653
215319,1,7,5,0.3586789934097332
215320,0,7,0,0.013462598704893915
215321,1,7,6,11.9048701454412
215322,1,7,9,15.705948417444745
215324,1,7,5,0.3586789934097332
215330,1,7,5,0.3586789934097332
215332,1,7,9,26.39787693661991
215340,1,7,9,19.694958279888684
215356,1,7,8,23.603892885488108
215362,1,7,5,0.3586789934097332
215363,1,7,5,0.3586789934097332
215368,1,7,8,24.731875139937006
215398,1,7,2,11.319246278400373
215419,0,7,0,0.012815097383643762
215434,1,7,9,24.12993197398446
215446,1,7,5,0.3586789934097332
215472,1,7,5,0.3586789934097332
215487,1,7,6,14.117751091858617
215490,0,7,0,0.11260339312385115
215512,1,7,6,14.527830472435857
215524,1,7,7,2.423956900124643
215550,1,7,9,14.525954212887891
215553,1,7,9,24.38072249565843
215561,1,7,9,16.386012039140436
215568,1,7,1,21.1421668023087
215576,1,7,6,21.00514742142638
215586,1,7,9,24.11946740395211
215590,1,7,1,13.9950285299418
215640,1,7,8,13.6888418340117
215650,1,7,10,19.898955200123694
215662,1,7,8,26.293165771314708
215670,1,7,2,13.374365506671452
215679,1,7,4,0.3586790108976326
215696,1,7,8,7.528907620571558
215697,1,7,6,11.313260336432188
215714,0,7,0,0.025375997064951708
215728,1,7,9,8.159081667621347
215730,1,7,7,1.1773786598244278
215732,1,7,9,2.4764954395467487
215733,1,7,9,16.796005286401915
215735,1,7,5,0.3586789934097332
215762,1,7,6,22.87917299472359
215781,1,7,7,3.3912517139504055
215793,1,7,8,18.501412652033913
215796,0,7,0,0.016430005465922097
215805,1,7,8,4.974772744741386
215809,1,7,9,2.9188088508233343
215842,1,7,4,0.3586790108976326
215849,1,7,7,0.38741528509823414
215855,1,7,10,14.23723282570333
215860,1,7,10,8.552334222592727
215871,1,7,9,10.958370355581291
215875,1,7,8,2.404083879068377
215916,1,7,4,0.3586790108976326
215928,1,7,6,12.908525678440355
215931,1,7,6,7.528773460699157
215940,1,7,6,14.085234405661582
215948,1,7,5,0.3586789934097332
215962,1,7,10,7.406113429750861
215963,1,7,10,15.26092212090882
216007,1,7,6,19.44150998270815
216020,1,7,5,0.3586789934097332
216043,1,7,1,16.770479411266816
216056,1,7,6,10.371767045592886
216097,1,7,7,1.041257579741028
216119,1,7,10,5.486848505901215
216132,1,7,2,13.025042993601819
216140,1,7,8,27.859194227479545
216143,1,7,6,12.422397093883385
216154,1,7,8,16.423682982407545
216156,1,7,5,0.3586789934097332
216180,1,7,3,2.361766444145459
216194,1,7,8,25.64897645637739
216197,1,7,1,23.212839967223204
216205,1,7,8,13.73871324494224
216234,1,7,4,0.3586790108976326
216237,1,7,9,18.643123853537567
216240,1,7,6,13.129500966462041
216246,1,7,6,10.628190040805379
216247,0,7,0,0.014444478421502125
216249,1,7,10,4.545898286309897
216259,0,7,0,0.014871947436820389
216267,1,7,8,7.079265106783214
216272,1,7,6,16.085428237282805
216279,1,7,5,0.3586789949470627
216300,1,7,5,0.3586789934097332
216303,1,7,1,20.475601918890384
216306,1,7,1,18.95198285632131
216314,1,7,4,0.3586790108976326
216318,1,7,10,12.389467076380607
216328,1,7,6,5.757466949880078
216333,1,7,9,10.95214180741717
216342,1,7,9,23.890284673517513
216351,1,7,5,0.3586789934097332
216354,1,7,5,0.3586789934097332
216365,1,7,2,1.0650642245287707
216368,1,7,10,8.906955952053263
216389,1,7,2,12.28725861611315
216410,1,7,5,0.3586789934097332
216421,1,7,4,0.3586790108976326
216422,1,7,5,0.3586789934097332
216424,1,7,9,15.078093537935999
216439,1,7,9,25.36646334085125
216441,1,7,8,8.210657795799577
216443,1,7,4,0.3586790108976326
216448,1,7,9,22.328439853897287
216452,1,7,9,26.351434533622452
216457,1,7,5,0.3586789934097332
216459,1,7,6,5.755937893310256
216462,1,7,4,0.3586790108976326
216469,1,7,4,0.3586790108976326
216483,1,7,7,4.560202634615429
216485,1,7,6,19.295815375657856
216525,0,7,0,0.025581710636161062
216535,1,7,1,16.57178256257642
216550,1,7,9,25.99728243203049
216553,1,7,8,24.733224310089167
216566,1,7,9,13.835029576728417
216579,1,7,2,12.801881803020594
216596,1,7,10,17.17053444449675
216646,1,7,4,0.3586790108976326
216647,1,7,9,9.758254407785532
216648,1,7,5,0.3586789934097332
216652,1,7,9,13.478812186460036
216655,1,7,8,12.406845510743185
216659,1,7,5,0.3586789934097332
216666,1,7,4,0.3586790108976326
216674,1,7,9,15.879651273307847
216697,1,7,1,19.456233297836203
216716,1,7,2,10.549210399385801
216720,1,7,4,0.3586790108976326
216721,0,7,0,0.2713335293274928
216731,1,7,4,0.3586790108976326
216733,1,7,9,16.348266083286518
216734,1,7,6,7.686292248286298
216738,1,7,4,0.3586790108976326
216748,1,7,8,19.456428740743785
216752,1,7,9,24.031391181991765
216775,1,7,8,13.333197631596871
216778,0,7,0,0.19098513984974055
216781,1,7,1,7.994558158810127
216791,1,7,1,10.955241222942895
216815,1,7,10,11.749528355642957
216829,1,7,3,1.1954093060406312
216845,1,7,4,0.3586790108976326
216850,1,7,8,13.954151542657618
216858,0,7,0,0.028477908151927214
216862,1,7,6,16.13910183269847
216867,1,7,8,12.720391706873455
216869,1,7,10,17.908463869550438
216871,1,7,9,16.389039850007116
216887,1,7,6,17.769865598335368
216932,1,7,8,26.919764480561884
216943,1,7,1,13.367549102042556
216950,1,7,2,12.559840795983579
216965,1,7,8,10.165911078096032
216986,1,7,1,18.117093868003863
217002,1,7,8,17.49265083333095
217018,1,7,6,6.267219535751425
217030,1,7,10,20.4866616502807
217047,1,7,10,9.038295761426955
217059,1,7,1,18.281868309739785
217067,1,7,5,0.3586789934097332
217097,1,7,10,12.049938445916252
217100,1,7,5,0.3586789934097332
217108,1,7,9,26.11077985556977
217113,1,7,4,0.3586790108976326
217117,1,7,5,0.3586789934097332
217124,1,7,10,21.237893146786426
217132,1,7,1,21.40278396032666
217157,1,7,4,0.3586790108976326
217172,1,7,3,2.3154960478097286
217174,1,7,8,11.832969970959713
217178,1,7,4,0.3586790108976326
217217,1,7,9,15.600401483801521
217219,1,7,8,11.88060535835959
217221,0,7,0,0.024723808174239206
217246,1,7,5,0.3586789934097332
217256,1,7,10,19.113971024535438
217269,1,7,3,1.5414936947354752
217270,1,7,6,19.991955991603433
217304,1,7,4,0.3586790108976326
217312,1,7,5,0.3586789934097332
217314,1,7,10,18.382487210186273
217332,1,7,9,12.640769754544852
217337,1,7,5,0.3586789934097332
217339,1,7,3,2.4030250232437766
217355,1,7,4,0.3586790108976326
217358,1,7,8,20.48925026854947
217375,0,7,0,0.052727720866234166
217379,1,7,5,0.3586789934097332
217386,1,7,8,7.802197947551606
217392,1,7,10,17.216828535623165
217393,1,7,4,0.3586790108976326
217396,1,7,6,16.143797420191277
217399,1,7,10,17.604085210920786
217400,1,7,2,11.379451876966296
217404,1,7,9,12.600137767206236
217406,1,7,10,20.731651631408273
217424,1,7,9,25.008453905033186
217426,0,7,0,0.012758115658638125
217432,1,7,9,11.04854015232889
217449,1,7,6,21.513362348936816
217505,1,7,7,1.9192320769622335
217530,1,7,3,2.374185954851449
217536,1,7,6,20.605987842246243
217540,1,7,9,3.1116875179022436
217558,0,7,0,0.020222815024962922
217563,1,7,9,4.820078868151507
217564,1,7,5,0.3586789934097332
217573,1,7,10,13.341371645198338
217579,1,7,9,12.777250731431108
217584,1,7,5,0.3586789949470627
217589,1,7,10,6.230234023449793
217595,1,7,2,8.002965769472349
217598,1,7,7,1.6087668625283078
217614,1,7,8,4.988440341395783
217618,0,7,0,0.012805577660895026
217621,1,7,6,20.415896960651494
217651,1,7,6,19.277359411366426
217657,0,7,0,0.0127437360540329
217658,1,7,1,7.921071196260231
217670,1,7,8,18.356147477088506
217674,1,7,9,12.793527213193789
217703,1,7,4,0.3586790108976326
217723,1,7,9,23.729680470380824
217727,1,7,5,0.3586789934097332
217728,1,7,9,17.289870919495616
217741,1,7,9,5.778246722345102
217759,1,7,7,1.4939632105111023
217760,1,7,1,22.296886750484944
217768,1,7,9,7.552186671171368
217786,1,7,6,21.146832392823836
217810,1,7,9,2.622668261092489
217838,1,7,7,3.245371980624885
217853,1,7,6,18.188528879480568
217855,1,7,10,9.15279361397307
217897,1,7,9,15.982561131692242
217914,1,7,9,5.243875101708063
217924,1,7,8,25.86473253040922
217925,1,7,10,13.756636271689908
217953,1,7,9,22.878726441050723
217955,1,7,6,18.15800194268369
217958,1,7,5,0.3586789949470627
217976,1,7,6,14.363794123143535
217985,1,7,2,11.077763558155132
217986,1,7,2,7.746630366993641
217990,1,7,9,13.74099708516311
217998,1,7,4,0.3586790108976326
218020,1,7,4,0.3586790108976326
218022,1,7,4,0.3586790108976326
218032,1,7,8,28.128470342865025
218038,1,7,9,16.97007564535175
218043,1,7,8,23.534179903971236
218046,1,7,1,4.827446054620332
218052,1,7,5,0.3586789934097332
218073,1,7,9,13.930657741807948
218080,1,7,9,13.889973074741064
218085,1,7,6,22.690317588584378
218091,0,7,0,0.017828817694617992
218094,1,7,4,0.3586790108976326
218112,1,7,8,9.090538048611709
218121,1,7,4,0.3586790108976326
218166,1,7,5,0.3586789934097332
218197,1,7,9,23.069923677828484
218204,1,7,8,24.038100902607635
218221,1,7,7,1.0285217245717702
218223,1,7,6,14.658098512822876
218226,0,7,0,0.014927471571870084
218230,1,7,9,20.87428032403364
218236,1,7,10,4.329150599265317
218245,0,7,0,0.015434155214886811
218253,1,7,6,21.135275884500484
218276,1,7,9,6.982854265191051
218284,1,7,9,20.637056944649736
218319,1,7,4,0.358679009087165
218322,1,7,9,20.672139439165516
218330,1,7,9,6.656105615197128
218348,1,7,7,3.186388057908924
218366,1,7,6,15.399457157479821
218367,1,7,2,13.441211783620224
218370,1,7,8,11.797211528719647
218372,1,7,10,11.097527282288686
218373,1,7,5,0.3586789934097332
218397,1,7,7,4.604220072195729
218398,1,7,10,21.268184331505804
218399,1,7,6,21.524523214216106
218411,1,7,9,26.365757326990625
218416,1,7,4,0.3586790108976326
218442,1,7,10,19.52013080294423
218448,1,7,5,0.3586789934097332
218462,1,7,6,7.009365186443314
218472,1,7,8,9.637689470494005
218477,1,7,4,0.3586790108976326
218486,1,7,8,27.88358678658926
218489,1,7,4,0.3586790108976326
218500,1,7,10,20.294708892041044
218505,1,7,5,0.3586789934097332
218507,1,7,1,13.874712924262646
218513,1,7,6,7.283321548580634
218517,1,7,8,27.281890377151775
218533,1,7,6,9.703343546867558
218541,1,7,6,15.754193572067727
218545,1,7,5,0.3586789934097332
218555,1,7,10,5.396964496613195
218570,1,7,9,22.80282804044883
218576,1,7,1,9.394353006813349
218597,1,7,10,4.367715889566574
218625,1,7,1,7.7574691917310075
218629,1,7,9,19.81191820186376
218634,1,7,9,11.284696980156847
218637,1,7,7,1.6521906338305286
218640,1,7,4,0.3586790108976326
218645,1,7,4,0.3586790108976326
218653,1,7,5,0.3586789934097332
218664,0,7,0,0.027644630195153386
218674,1,7,1,9.169937288160426
218687,1,7,6,8.870519010166605
218696,1,7,10,7.106965373448116
218706,1,7,9,17.757727505435515
218717,1,7,8,26.398981653891713
218718,0,7,0,0.01488636768920438
218720,1,7,6,19.428428774703672
218736,1,7,9,16.485152971705883
218739,1,7,5,0.3586789934097332
218749,1,7,9,16.204207964146022
218757,1,7,10,19.226721957448344
218766,0,7,0,0.043585807981971
218773,1,7,4,0.3586790108976326
218792,1,7,10,0.37969097148040726
218801,1,7,10,10.561658954467843
218806,1,7,1,16.404509334296222
218811,1,7,1,14.450736852290909
218834,1,7,6,5.629508954740344
218844,1,7,4,0.3586790108976326
218847,1,7,9,22.166766770017382
218857,1,7,5,0.3586789934097332
218861,1,7,7,3.455868109087862
218862,1,7,5,0.3586789934097332
218864,1,7,10,21.016088229507943
218867,1,7,6,9.744268284289236
218886,1,7,9,13.036559183408528
218888,0,7,0,0.02673791890004056
218894,1,7,6,13.189726872451795
218899,1,7,4,0.3586790108976326
218907,1,7,8,12.866648108895124
218914,1,7,5,0.3586789934097332
218925,1,7,9,7.976095189774439
218928,1,7,6,5.369347005206444
218937,1,7,4,0.3586790108976326
218938,0,7,0,0.017390400438693145
218943,1,7,9,14.366366754168958
218950,1,7,4,0.3586790108976326
218960,1,7,9,25.463589993405076
218976,1,7,6,15.169213421528418
218996,1,7,5,0.3586789934097332
219002,1,7,7,1.8118804761934946
219004,1,7,6,14.956947057407342
219005,1,7,10,17.376071218730072
219032,1,7,8,27.917191147083322
219047,1,7,9,23.39171337656631
219063,1,7,7,3.515793257037184
219082,1,7,4,0.3586790108976326
219083,1,7,9,17.09280775434969
219093,1,7,10,11.040253160890913
219099,1,7,9,3.62708816842144
219106,1,7,1,22.055807772796786
219112,1,7,5,0.3586789934097332
219132,1,7,8,3.6573900990927104
219136,0,7,0,0.024981812923517418
219137,0,7,0,0.013679037007810166
219145,1,7,9,19.496701130776824
219147,1,7,9,26.338035576607133
219151,1,7,3,2.345602544154987
219157,1,7,6,10.725313885137496
219185,1,7,9,19.587430951278566
219194,1,7,6,17.234030233460555
219201,1,7,7,1.4614995847139451
219203,1,7,9,18.674800400102818
219221,1,7,3,2.302937359629758
219234,1,7,9,14.917225984221545
219241,1,7,1,5.2107616864998505
219244,1,7,10,21.21838413218103
219272,1,7,4,0.3586790108976326
219281,1,7,9,19.076458280899107
219290,1,7,7,0.5943665232836816
219299,1,7,6,11.886250947004468
219310,1,7,9,10.33336948452315
219314,1,7,8,4.646773227209584
219316,1,7,4,0.3586790108976326
219326,1,7,6,10.236697310012877
219345,1,7,8,13.296355923947896
219349,1,7,8,11.160471347520662
219356,1,7,4,0.3586790108976326
219380,1,7,4,0.3586790108976326
219384,1,7,1,18.97403289006845
219385,1,7,4,0.3586790108976326
219389,1,7,9,26.199078915320737
219392,1,7,4,0.3586790108976326
219406,1,7,6,9.69104781383941
219415,1,7,9,11.706237292234569
219420,1,7,5,0.3586789934097332
219434,1,7,3,1.8982462494181527
219441,1,7,8,2.4860355173298934
219464,1,7,2,8.868314766350151
219471,1,7,8,10.400044333548323
219473,1,7,4,0.3586790108976326
219486,1,7,3,1.9598686144605826
219487,1,7,4,0.3586790108976326
219514,0,7,0,0.018033742525624518
219516,1,7,6,5.75043060774881
219518,1,7,4,0.3586790108976326
219528,1,7,3,2.3924971164426108
219533,1,7,2,1.9791019262800142
219543,1,7,9,14.71062711401974
219547,1,7,2,9.805813062668364
219554,1,7,6,16.542110275785255
219556,1,7,9,23.053034019073394
219559,1,7,8,28.555393571450296
219560,1,7,4,0.3586790108976326
219567,0,7,0,0.017324407281417393
219573,1,7,10,11.061394625047111
219583,1,7,8,17.51040062711051
219589,1,7,9,12.156094424661585
219591,1,7,6,8.457900879840674
219597,1,7,7,2.475094428190642
219618,1,7,6,15.60433157233832
219626,1,7,8,18.519699331068047
219635,1,7,3,1.2177341833261004
219636,1,7,5,0.3586789934097332
219642,1,7,5,0.3586789934097332
219647,1,7,10,6.017696969707849
219674,1,7,5,0.3586789934097332
219675,0,7,0,0.023251000244988107
219694,1,7,10,10.379374411462404
219715,1,7,10,13.350485597483422
219735,1,7,4,0.358679009087165
219739,1,7,9,22.798594077098723
219760,1,7,8,24.40545616827893
219764,1,7,9,24.417193264795117
219765,1,7,2,11.844287873633121
219793,1,7,9,9.741749130614691
219802,1,7,5,0.3586789934097332
219815,0,7,0,0.02152851547475571
219866,1,7,9,26.402641995987775
219879,1,7,6,12.408564830611049
219906,1,7,5,0.3586789934097332
219912,1,7,8,14.049607508323675
219924,1,7,6,13.541885718105052
219930,1,7,3,2.340768971777085
219939,1,7,9,22.106878076559084
219953,1,7,1,4.859728287731985
219964,1,7,9,15.919134578707473
219976,1,7,5,0.3586789934097332
220070,1,7,9,9.794230313178144
220084,1,7,7,1.8561552106939647
220086,0,7,0,0.020684655447309224
220087,1,7,4,0.3586790108976326
220092,1,7,8,11.178139441249941
220094,1,7,5,0.3586789934097332
220114,1,7,1,21.366339671303866
220129,1,7,10,7.801199322992038
220149,1,7,8,16.630441725189893
220161,1,7,5,0.3586789934097332
220163,1,7,5,0.3586789934097332
220165,0,7,0,0.026983850617851152
220170,1,7,7,1.9150342453204943
220202,1,7,2,7.800431513308624
220203,1,7,5,0.3586789949470627
220205,1,7,2,10.968270851178884
220207,1,7,8,13.899715059592513
220210,1,7,4,0.3586790108976326
220217,1,7,3,1.4319982440212404
220219,1,7,8,11.513567009948636
220229,1,7,4,0.3586790108976326
220242,1,7,9,6.473521562123594
220251,1,7,7,4.464695731629494
220260,1,7,9,7.386755669971126
220261,1,7,5,0.3586789934097332
220269,1,7,9,25.924583321437648
220278,1,7,4,0.3586790108976326
220283,1,7,9,25.011561363830186
220291,1,7,10,18.697298794018337
220318,1,7,6,13.50016214737476
220341,1,7,2,11.558010679974128
220345,1,7,9,9.32136954821406
220350,1,7,6,20.29636959850631
220374,1,7,6,14.899372968317953
220377,1,7,5,0.3586789934097332
220428,1,7,10,9.055563948401867
220434,0,7,0,0.035117585898105055
220457,1,7,5,0.3586789934097332
220474,1,7,7,3.777729562999878
220475,1,7,8,24.674228300352983
220477,1,7,9,16.372717433475398
220487,1,7,1,8.690861451870083
220492,1,7,6,18.689438318185882
220494,1,7,8,23.716727151910774
220499,1,7,5,0.3586789934097332
220507,1,7,5,0.3586789949470627
220508,1,7,8,19.604442754987044
220512,1,7,9,14.481794696534287
220536,1,7,1,20.702653951256206
220543,1,7,4,0.3586790108976326
220545,1,7,5,0.3586789934097332
220552,0,7,0,0.0650618924870284
220557,0,7,0,0.02809579745908267
220564,1,7,6,18.44971679218493
220577,1,7,9,24.60333003630585
220595,1,7,5,0.3586789934097332
220602,1,7,2,13.860579571511915
220609,1,7,5,0.3586789934097332
220616,1,7,7,3.134184376151777
220649,1,7,6,9.175110568991194
220659,1,7,6,12.388604987925909
220666,0,7,0,0.01853518208950585
220676,0,7,0,0.012064743074312831
220684,1,7,10,6.66308899782291
220710,1,7,6,23.748371860259557
220734,1,7,3,1.8720530746908677
220739,1,7,9,10.468201853957511
220748,1,7,5,0.3586789934097332
220751,1,7,9,12.304670362407206
220752,1,7,9,14.164394855165575
220763,1,7,8,26.37666385692898
220771,1,7,6,14.277068197203965
220796,1,7,4,0.3586790108976326
220801,1,7,9,19.725760876795967
220819,1,7,9,24.131821475266083
220823,1,7,6,21.617517174517104
220831,1,7,5,0.3586789934097332
220850,1,7,2,12.326045166798878
220856,1,7,4,0.358679009087165
220869,1,7,8,13.538078081659373
220879,1,7,8,21.6734540802811
220886,1,7,5,0.3586789934097332
220888,1,7,6,21.68310428727927
220895,1,7,3,1.5036040929918875
220904,1,7,10,12.677922129473048
220915,1,7,4,0.3586790108976326
220924,1,7,8,9.428623768961186
220928,1,7,4,0.3586790108976326
220931,1,7,8,27.863082626785044
220932,1,7,5,0.3586789934097332
220946,1,7,4,0.3586790108976326
220954,1,7,4,0.3586790108976326
220969,1,7,3,2.4334395549687597
220982,1,7,9,15.567025834403072
220993,1,7,7,0.34442116771831877
220997,1,7,8,16.02158544199965
221011,1,7,9,19.611132238416612
221012,1,7,2,13.950922552302355
221014,1,7,10,3.509373535769119
221019,1,7,4,0.3586790108976326
221038,1,7,6,19.543418228037257
221041,1,7,8,17.7738673033955
221043,1,7,9,24.80430404211501
221049,1,7,9,26.00101926957456
221051,1,7,8,11.87416809398815
221069,1,7,4,0.3586790108976326
221072,1,7,9,14.867023831126875
221100,1,7,1,22.117939146956246
221110,1,7,5,0.3586789934097332
221115,1,7,9,25.50326396607046
221126,1,7,5,0.3586789949470627
221134,0,7,0,0.23995698045482325
221143,1,7,4,0.3586790108976326
221150,1,7,4,0.3586790108976326
221155,1,7,2,13.67500231979269
221164,1,7,7,3.8945605601387374
221170,0,7,0,0.014243628856389925
221173,1,7,9,12.641171410322134
221194,1,7,10,5.081407535847917
221195,1,7,9,6.742725385273551
221225,1,7,10,12.393839616843202
221239,0,7,0,0.03257671027620692
221249,1,7,8,19.320371528873036
221286,1,7,6,23.845470204698874
221294,1,7,10,9.425576156634193
221298,1,7,4,0.3586790108976326
221299,1,7,4,0.3586790108976326
221323,1,7,1,11.247590907834745
221334,1,7,4,0.3586790108976326
221335,0,7,0,0.20928230701103642
221351,1,7,9,24.324396489642698
221368,1,7,8,18.26911398660935
221372,1,7,3,1.9849063712270274
221373,1,7,9,24.43579250056772
221375,1,7,6,11.59654090789923
221379,1,7,6,23.296946219289165
221380,1,7,5,0.3586789934097332
221395,1,7,5,0.3586789934097332
221408,0,7,0,0.03207937013083935
221412,1,7,7,2.7123441512065782
221433,1,7,7,2.4751515328946425
221436,1,7,10,17.4090332886513
221441,1,7,6,18.587687725003196
221443,1,7,9,5.086974144053389
221445,1,7,9,13.70445829788934
221447,1,7,2,9.215627035545724
221461,1,7,10,18.709023469099638
221466,1,7,9,3.0895636558721926
221491,1,7,10,20.184233733914148
221493,1,7,4,0.3586790108976326
221507,1,7,7,1.5163373357998131
221514,1,7,9,9.941143239323576
221515,1,7,8,25.020116374969916
221527,1,7,8,26.643127659414812
221534,1,7,1,22.728774136445708
221547,1,7,8,21.64408854227035
221549,1,7,5,0.3586789934097332
221563,1,7,9,25.896993208613605
221599,1,7,10,14.085467576019278
221618,1,7,4,0.3586790108976326
221632,1,7,6,6.584004739338136
221643,1,7,10,4.720112776288624
221646,1,7,5,0.3586789934097332
221675,1,7,6,5.611259149591431
221685,1,7,10,8.38675196606673
221687,1,7,5,0.3586789934097332
221691,1,7,2,13.931558811930318
221716,1,7,9,25.262898738281812
221720,1,7,10,15.328612800445258
221723,1,7,10,4.441518188596982
221730,1,7,8,7.868224838568883
221745,1,7,8,19.190160942919793
221746,1,7,6,23.94184379362829
221747,1,7,5,0.3586789949470627
221761,1,7,9,23.69314910705516
221771,1,7,1,17.97241335055978
221772,1,7,6,15.201062886394832
221773,1,7,3,2.4276456786423166
221775,1,7,5,0.3586789934097332
221778,1,7,6,11.349378997736702
221785,1,7,5,0.3586789934097332
221790,1,7,7,2.5080324029014545
221808,1,7,9,24.5799169367825
221814,1,7,8,13.728662505777704
221818,1,7,7,1.5431277413325903
221842,1,7,9,11.268647103767812
221886,1,7,7,4.530346401945925
221887,1,7,10,13.041401522009012
221904,1,7,9,21.67356105317551
221918,1,7,6,15.763590490366985
221919,1,7,9,9.073604719429515
221922,1,7,2,12.51907563456948
221931,1,7,4,0.3586790108976326
221948,1,7,4,0.3586790108976326
221958,1,7,9,25.26698979354982
221959,1,7,8,5.513816090486042
221970,1,7,7,1.8427317802768892
221976,1,7,8,15.468612251151887
221982,1,7,4,0.3586790108976326
221986,1,7,10,21.263004842848023
221995,1,7,6,23.778223323601082
221998,1,7,5,0.3586789934097332
221999,1,7,2,13.557446697387928
222004,1,7,8,25.83538836865212
222007,0,7,0,0.028705965292211928
222015,1,7,4,0.358679009087165
222019,1,7,5,0.3586789949470627
222023,1,7,7,0.34495254314505847
222033,1,7,4,0.3586790108976326
222042,1,7,1,13.874937585432518
222053,1,7,6,22.348048193038096
222087,1,7,7,4.590583113334292
222090,1,7,10,14.125020634290491
222093,1,7,6,8.774821698645514
222097,1,7,5,0.3586789934097332
222099,0,7,0,0.014830763292586547
222103,1,7,9,22.928707992738577
222142,1,7,9,3.1653441462982657
222149,1,7,9,24.14326904506906
222165,1,7,4,0.3586790108976326
222166,1,7,6,12.23767202550685
222176,1,7,6,19.178710059030152
222178,1,7,5,0.3586789934097332
222186,1,7,8,10.225563460962492
222188,1,7,5,0.3586789934097332
222195,1,7,5,0.3586789934097332
222231,1,7,4,0.3586790108976326
222233,1,7,8,14.43596433969389
222242,1,7,9,16.26608844653201
222263,1,7,9,10.272490662379466
222285,1,7,8,6.625352958993241
222310,1,7,5,0.3586789934097332
222323,1,7,1,16.024194673633637
222329,1,7,9,19.709422640820833
222359,0,7,0,0.025821324344701167
222375,1,7,3,0.9146314054847925
222394,1,7,4,0.3586790108976326
222398,1,7,6,16.82120769898493
222408,1,7,3,1.1139443874050843
222414,1,7,10,8.465967849497444
222446,1,7,6,11.518883278297341
222448,1,7,4,0.3586790108976326
222476,1,7,10,14.846457468292575
222482,1,7,4,0.3586790108976326
222488,1,7,8,14.221245464830073
222492,1,7,5,0.3586789934097332
222532,1,7,2,11.196196072751865
222539,1,7,1,4.369269136213411
222543,1,7,8,9.359075424988674
222564,1,7,4,0.3586790108976326
222568,1,7,9,9.281054862894536
222577,1,7,6,22.841828067615822
222602,1,7,4,0.3586790108976326
222604,1,7,9,12.50205774304473
222619,1,7,6,22.62063671648198
222640,1,7,9,12.930735202137914
222648,1,7,8,4.631861494105279
222653,1,7,4,0.3586790108976326
222662,1,7,6,21.0058954506331
222671,1,7,5,0.3586789934097332
222689,1,7,5,0.3586789934097332
222707,1,7,9,9.881563240101631
222712,1,7,8,14.653572383784331
222741,1,7,1,18.030395222486256
222745,1,7,8,14.12429955007781
222755,1,7,8,14.989282531224472
222767,1,7,6,23.279628407619704
222768,1,7,5,0.3586789934097332
222780,1,7,10,19.275944914187185
222789,1,7,9,13.685827410755158
222809,1,7,8,19.233893283131476
222817,1,7,8,2.689346799444929
222829,1,7,9,4.208336304971327
222847,1,7,8,21.69698216374853
222865,1,7,4,0.3586790108976326
222883,1,7,6,13.69212573831896
222888,1,7,10,9.359314742745003
222905,1,7,4,0.3586790108976326
222925,1,7,5,0.3586789934097332
222929,1,7,2,10.694948654071727
222935,1,7,9,6.035446896214018
222962,1,7,4,0.3586790108976326
222964,1,7,8,18.832852428363175
223004,1,7,9,8.569292137360165
223008,1,7,5,0.3586789934097332
223009,1,7,8,16.63000621023066
223028,1,7,1,6.15285294151277
223036,1,7,1,8.460990190646829
223055,1,7,1,20.442018126509385
223069,1,7,9,15.249836965359783
223081,1,7,4,0.3586790108976326
223084,1,7,3,2.370693502930501
223103,1,7,9,14.499290002543882
223106,1,7,10,7.630376292788105
223138,1,7,9,21.320122434551383
223145,1,7,4,0.3586790108976326
223147,1,7,5,0.3586789934097332
223154,1,7,7,1.2645676676896704
223166,1,7,6,22.1047807337008
223169,1,7,9,16.112362827186747
223179,1,7,9,25.383224979910914
223180,1,7,8,20.402339922794948
223181,1,7,6,23.670374380835177
223192,0,7,0,0.015037973670004702
223215,1,7,8,24.023363268315844
223223,1,7,10,5.082829934726522
223228,1,7,4,0.3586790108976326
223231,1,7,4,0.3586790108976326
223240,1,7,7,3.822196451342198
223249,1,7,10,17.6102239810885
223259,1,7,2,8.356120820927512
223262,1,7,9,10.03458850265412
223277,1,7,5,0.3586789934097332
223279,1,7,5,0.3586789934097332
223297,1,7,5,0.3586789934097332
223306,1,7,2,7.533848204129143
223308,1,7,9,16.652639911098245
223316,1,7,4,0.3586790108976326
223320,1,7,10,19.39285676200122
223337,1,7,9,26.350531601152667
223359,1,7,9,2.312592300023091
223365,1,7,6,13.13817953211796
223375,1,7,4,0.3586790108976326
223382,1,7,9,24.103263434277597
223391,1,7,3,2.3564593570811234
223398,1,7,8,17.942174354937013
223399,1,7,9,11.303007078902175
223419,1,7,3,2.411947163589915
223423,1,7,9,24.91311926263516
223438,1,7,7,2.1988634560281852
223440,0,7,0,0.025271235383399118
223451,1,7,9,16.673676976312517
223463,1,7,1,17.216109844524425
223466,1,7,5,0.3586789949470627
223467,1,7,4,0.358679009087165
223471,1,7,9,26.221248773490405
223489,1,7,5,0.3586789934097332
223495,0,7,0,0.019889872003091797
223499,1,7,8,9.24960330648802
223509,1,7,8,13.414593546424006
223522,1,7,4,0.3586790108976326
223524,1,7,9,12.03538158015554
223558,1,7,9,11.34118955774033
223559,0,7,0,0.03184143183883621
223564,1,7,9,26.343937709929822
223571,1,7,5,0.3586789934097332
223589,1,7,9,25.3771423312084
223642,1,7,5,0.3586789934097332
223659,1,7,10,12.588709489689366
223662,1,7,6,14.788848576327721
223678,1,7,10,3.1524567404215182
223683,1,7,3,1.047669251355164
223698,1,7,8,16.649711904840842
223705,1,7,9,21.168314345088202
223707,1,7,5,0.3586789934097332
223709,0,7,0,0.011825541182588724
223732,1,7,6,14.608052054512049
223743,0,7,0,0.012737798923303298
223783,1,7,8,25.184484820469333
223795,1,7,9,15.123746698931711
223802,1,7,8,17.08842424462191
223803,1,7,1,16.915075527065984
223812,1,7,7,2.8385398886256024
223828,1,7,9,3.6817162456591186
223832,1,7,5,0.3586789934097332
223843,1,7,7,2.4698220782624025
223845,1,7,5,0.3586789949470627
223848,1,7,10,16.55749832166543
223851,1,7,6,9.248416147231488
223864,1,7,9,23.116721720316136
223876,1,7,7,4.379864421005243
223886,1,7,1,17.932822050981073
223897,1,7,3,2.3814855485449504
223924,1,7,9,26.171723398035702
223927,1,7,5,0.3586789934097332
223954,1,7,6,13.010047082844668
223958,1,7,8,3.5067042571716014
223960,1,7,6,9.182722111311945
223975,1,7,9,15.4417729510775
223977,1,7,10,14.929121181643131
223982,1,7,9,10.346193984590393
223986,1,7,9,24.750418116592122
224000,1,7,6,17.593540493582307
224008,1,7,5,0.3586789934097332
224013,1,7,8,19.955263082298757
224017,1,7,4,0.3586790108976326
224027,1,7,8,17.532271015740307
224068,1,7,8,19.781716441856833
224070,1,7,6,14.340888473577
224073,1,7,6,14.034100275566066
224074,1,7,9,10.699665281600685
224088,1,7,1,20.124857420922414
224113,1,7,6,18.49818145010629
224119,1,7,6,22.626792312294487
224129,1,7,3,2.070139155818447
224164,1,7,6,21.318271009535845
224168,1,7,4,0.3586790108976326
224172,1,7,2,8.156960624090761
224173,1,7,5,0.3586789949470627
224175,1,7,9,26.445094791751817
224176,1,7,5,0.3586789934097332
224183,1,7,1,19.863585267397855
224210,1,7,4,0.3586790108976326
224222,1,7,9,8.136237214629887
224231,1,7,5,0.3586789934097332
224232,1,7,9,6.210231161649318
224239,1,7,8,20.350762523374048
224245,1,7,5,0.3586789934097332
224248,1,7,9,10.665569059589636
224250,1,7,10,11.407359720853208
224253,1,7,1,15.809458552821608
224262,1,7,7,4.011161510334782
224269,1,7,1,5.166557852898958
224277,1,7,9,10.414201964144382
224284,1,7,7,2.2705594324751743
224288,1,7,8,23.110051128468076
224296,1,7,3,1.3821205351330619
224302,1,7,5,0.3586789934097332
224307,1,7,8,18.650830698742087
224339,1,7,4,0.3586790108976326
224365,1,7,10,18.68521089155854
224367,1,7,4,0.3586790108976326
224376,1,7,4,0.3586790108976326
224393,1,7,10,20.572280526524324
224395,1,7,2,4.792642932237632
224400,1,7,6,18.7256189790684
224401,1,7,10,14.891432528952041
224406,1,7,9,16.334298247285368
224409,1,7,3,1.097904274381941
224416,1,7,9,11.026704304469684
224422,1,7,9,14.223999200577008
224423,1,7,9,21.4368725843235
224464,0,7,0,0.05766760392555794
224476,1,7,9,7.626167789426997
224479,1,7,9,16.90990632561571
224484,1,7,7,4.630208024078998
224487,1,7,1,17.398996762199065
224496,1,7,9,24.755976305614226
224501,1,7,2,8.550639294373836
224513,1,7,4,0.3586790108976326
224538,1,7,1,14.47473246656573
224543,1,7,8,14.512260853574833
224559,1,7,5,0.3586789934097332
224564,1,7,9,13.120005448795565
224567,1,7,8,10.878101945619427
224569,1,7,6,21.307461975179816
224576,1,7,6,18.12135336420368
224609,1,7,5,0.3586789934097332
224613,1,7,4,0.3586790108976326
224623,1,7,8,17.933079841088386
224657,1,7,8,16.64336007413091
224665,1,7,9,14.071073037244489
224683,1,7,4,0.3586790108976326
224685,1,7,8,16.694036144123867
224687,0,7,0,0.04242465246085896
224700,1,7,10,16.92203632233605
224701,1,7,2,11.377817243485966
224703,1,7,6,6.653760248863166
224707,1,7,2,13.4107406764455
224719,1,7,9,24.97811921957944
224725,1,7,4,0.3586790108976326
224734,1,7,9,24.09969310508811
224741,1,7,10,19.672748001793096
224745,1,7,10,17.072546143974613
224774,1,7,1,16.67347733806898
224775,1,7,6,23.043938474220408
224779,1,7,9,25.545301936482602
224792,1,7,6,11.00610250998065
224821,1,7,9,16.175947475338848
224824,1,7,4,0.3586790108976326
224833,0,7,0,0.02663680353092964
224841,1,7,7,2.177046955703614
224851,1,7,5,0.3586789934097332
224859,1,7,8,28.044362532163372
224897,0,7,0,0.026876807168263416
224898,1,7,2,1.4340157221377943
224899,1,7,5,0.3586789934097332
224900,1,7,10,12.174683138419839
224901,1,7,8,11.124237118834815
224913,1,7,5,0.3586789934097332
224915,1,7,10,19.57585861346576
224946,1,7,10,14.991941394400984
224948,1,7,10,6.921551525350576
224951,1,7,2,5.00457011961986
224954,1,7,10,15.813607400202976
224959,1,7,9,22.394297872942946
224964,1,7,10,15.979155833029688
224973,1,7,5,0.3586789934097332
225003,1,7,5,0.3586789934097332
225008,1,7,5,0.3586789934097332
225010,1,7,9,2.1242209422839164
225027,1,7,8,24.17364038548517
225028,1,7,8,26.48650216011177
225040,1,7,10,12.404437873494738
225054,1,7,10,5.1693603170077616
225057,1,7,2,11.285273099507426
225078,1,7,6,12.25178267367342
225108,1,7,1,14.679455523765109
225114,1,7,4,0.3586790108976326
225117,1,7,1,18.90046133762756
225131,1,7,10,12.322583943328882
225145,1,7,6,20.965226986248545
225153,1,7,9,19.112347311612563
225161,1,7,6,12.518939029797217
225179,1,7,4,0.3586790108976326
225196,1,7,9,22.789439601694305
225228,1,7,7,3.5962162288078194
225230,1,7,7,4.533584337508832
225232,1,7,9,24.605115669578574
225234,1,7,9,24.643340125761
225239,1,7,9,14.125976390577314
225257,1,7,2,1.3025796901839748
225273,1,7,8,16.003996233997725
225275,1,7,7,3.6293557879696774
225291,1,7,5,0.3586789934097332
225296,1,7,4,0.3586790108976326
225299,1,7,10,20.700116635340343
225316,1,7,6,22.159157434079347
225326,1,7,8,4.98286021930518
225327,1,7,8,15.98888230388911
225330,1,7,9,24.40860468079432
225337,1,7,6,14.348094705783195
225340,0,7,0,0.014276273966321234
225352,1,7,8,7.325931402612288
225356,1,7,5,0.3586789934097332
225370,1,7,10,20.964925762538755
225374,1,7,5,0.3586789949470627
225375,1,7,5,0.3586789934097332
225376,1,7,6,23.901587726937613
225387,1,7,3,0.8620028747390851
225393,1,7,9,25.51523465403881
225397,1,7,5,0.3586789934097332
225399,1,7,2,6.433045402280797
225402,1,7,9,5.367381626814696
225413,1,7,7,1.9062011486916797
225434,1,7,9,16.36034365245957
225453,1,7,4,0.3586790108976326
225458,1,7,8,6.760144671992123
225460,1,7,6,23.879153803819854
225465,1,7,8,5.05442383907342
225479,1,7,8,7.884948723676978
225489,1,7,9,13.709381443290214
225490,1,7,2,3.426549884272383
225520,1,7,8,6.078760837467646
225523,1,7,8,17.985490761036964
225536,1,7,6,23.148954689387057
225555,1,7,9,24.60414881531566
225557,1,7,10,11.06970213992658
225561,1,7,4,0.3586790108976326
225569,1,7,1,19.63180036991421
225575,1,7,9,13.140105116884564
225587,1,7,5,0.3586789934097332
225599,1,7,10,10.128381526719247
225605,1,7,4,0.3586790108976326
225618,1,7,5,0.3586789934097332
225620,0,7,0,0.03490562063700285
225623,0,7,0,0.0136692409651746
225635,1,7,5,0.3586789949470627
225640,1,7,7,4.363964014635913
225642,1,7,5,0.3586789934097332
225665,1,7,1,4.604086521404033
225667,1,7,9,7.542622913766817
225689,1,7,10,21.144455175722197
225713,1,7,10,5.991037522030212
225726,1,7,2,3.146976073920723
225748,1,7,5,0.3586789934097332
225749,1,7,10,18.668919656620627
225750,1,7,8,5.6761835907638964
225756,1,7,5,0.3586789934097332
225784,1,7,9,25.044860142521777
225794,1,7,9,16.800225085192036
225801,1,7,6,19.002690941444918
225811,1,7,7,3.8513649099803975
225814,1,7,5,0.3586789934097332
225817,1,7,3,2.401221383490546
225830,1,7,9,25.367174589939708
225831,1,7,9,3.1324152784454036
225835,1,7,5,0.3586789934097332
225840,1,7,6,18.816965829753162
225842,1,7,4,0.3586790108976326
225843,1,7,6,12.176547908494612
225848,1,7,9,14.948253456186286
225864,1,7,6,22.527841183629928
225880,1,7,10,21.057778701267907
225939,1,7,6,22.546402736739722
225969,1,7,4,0.3586790108976326
225981,1,7,9,24.071910574800526
225996,1,7,7,2.057043158163442
226031,1,7,9,24.782353296878547
226048,1,7,9,2.992890364500425
226058,1,7,2,13.670177209886027
226061,1,7,7,2.362805043262446
226063,1,7,6,18.252230603148384
226067,0,7,0,0.1916782363560974
226081,1,7,9,13.826039944572663
226084,1,7,4,0.3586790108976326
226110,1,7,9,21.32752771810629
226118,1,7,6,21.609985827263586
226130,1,7,3,2.316099231427017
226135,1,7,5,0.3586789934097332
226138,1,7,9,9.751331673277424
226142,1,7,4,0.3586790108976326
226143,1,7,8,16.713152268753568
226158,1,7,5,0.3586789934097332
226202,1,7,5,0.3586789934097332
226203,1,7,9,12.267002587601022
226209,1,7,8,27.011863125470526
226214,1,7,3,2.456696342682917
226216,1,7,6,10.340976499170873
226226,0,7,0,0.016384810930654907
226228,1,7,9,2.9283227155795957
226255,1,7,9,15.242594058120714
226286,1,7,5,0.3586789934097332
226291,1,7,9,2.9801504614622534
226296,1,7,4,0.3586790108976326
226301,1,7,7,4.439280107198926
226303,1,7,4,0.3586790108976326
226317,1,7,5,0.3586789934097332
226326,1,7,7,4.260029767197435
226328,1,7,2,13.968959114541983
226330,1,7,1,18.295757528211738
226346,1,7,10,5.899783803555911
226360,1,7,5,0.3586789949470627
226370,1,7,5,0.3586789934097332
226382,1,7,5,0.3586789934097332
226390,1,7,9,5.72557466973502
226417,1,7,1,11.21742270822059
226427,1,7,6,9.586091945363886
226429,1,7,8,27.196904131249614
226431,1,7,9,26.437427397919002
226432,1,7,5,0.3586789934097332
226437,1,7,10,7.998035645837024
226440,1,7,8,18.708622039747063
226446,1,7,8,15.782380949926065
226453,1,7,4,0.3586790108976326
226469,1,7,6,23.298860965449233
226482,1,7,6,19.801207224070414
226486,1,7,3,2.223929423562691
226487,1,7,7,3.634468597236018
226496,1,7,5,0.3586789934097332
226518,1,7,7,2.365608629708091
226531,1,7,6,21.263546014110386
226546,0,7,0,0.013970319419230694
226556,1,7,4,0.3586790108976326
226576,1,7,4,0.3586790108976326
226592,1,7,6,23.979185310881093
226604,1,7,8,22.517666620440895
226610,1,7,9,22.433901159225314
226614,1,7,9,22.88203184980271
226626,1,7,8,23.165198087689266
226627,1,7,8,17.11218941501851
226633,0,7,0,0.0163217976690172
226644,1,7,7,3.9297856142201595
226645,1,7,6,9.752313416643267
226646,0,7,0,0.07664115190668876
226652,1,7,10,11.234927709930327
226654,1,7,4,0.3586790108976326
226664,1,7,8,11.394743579179114
226686,0,7,0,0.03468327438363703
226692,1,7,10,21.079182041789263
226700,1,7,8,27.822516203006224
226713,1,7,5,0.3586789934097332
226721,1,7,9,14.115129335410808
226724,1,7,4,0.3586790108976326
226729,1,7,4,0.3586790108976326
226731,1,7,6,18.05566071769597
226739,1,7,10,21.24200817793397
226740,1,7,9,25.474845806150526
226743,1,7,1,4.848380236107111
226748,1,7,4,0.3586790108976326
226773,1,7,3,1.9379745708809029
226775,1,7,4,0.3586790108976326
226793,1,7,8,20.353893495432914
226794,1,7,9,23.185095598035762
226795,1,7,4,0.3586790108976326
226816,1,7,5,0.3586789934097332
226823,1,7,10,6.911995135269001
226827,1,7,8,28.521170043003
226834,1,7,9,25.38327703079549
226846,1,7,2,9.424375664727327
226850,1,7,10,11.236903198481109
226887,1,7,10,12.11666134752302
226904,1,7,7,1.802928280045927
226911,1,7,9,15.377353876197725
226921,1,7,5,0.3586789934097332
226928,1,7,6,14.116045361351395
226930,1,7,4,0.358679009087165
226931,1,7,2,1.8796841107509978
226934,1,7,9,3.171062067890209
226935,1,7,9,11.813233250315024
226942,0,7,0,0.026444290677937143
226952,1,7,10,9.649126638467422
226962,1,7,1,7.526958655669899
226968,1,7,6,11.134735182677694
226970,1,7,5,0.3586789934097332
226983,1,7,10,12.113014978140608
226991,1,7,8,14.214852197013194
227001,1,7,10,21.21693914694838
227004,1,7,9,14.22364637605934
227043,0,7,0,0.026102940086116636
227083,1,7,5,0.3586789934097332
227094,1,7,9,14.475155416557609
227124,0,7,0,0.015148172225885886
227127,1,7,7,2.0133020806747726
227134,1,7,6,23.033520003518273
227155,1,7,1,19.19080569294354
227161,1,7,1,22.644856400056312
227174,1,7,5,0.3586789934097332
227209,1,7,4,0.3586790108976326
227214,1,7,3,2.3782512005934424
227232,1,7,1,21.401275099200735
227248,1,7,1,18.220855150731317
227265,1,7,8,19.67167517251869
227285,1,7,5,0.3586789934097332
227301,1,7,9,12.7388403066978
227317,1,7,1,6.920237635633853
227328,1,7,10,3.866825503928729
227329,1,7,4,0.358679009087165
227333,1,7,9,4.237613794018745
227336,1,7,6,13.219255735193594
227345,1,7,8,16.977564461556234
227353,1,7,9,16.36323299743282
227354,1,7,4,0.3586790108976326
227376,1,7,8,5.974710111551926
227379,1,7,8,9.655877038750319
227386,1,7,6,20.540424290871957
227394,1,7,5,0.3586789934097332
227397,1,7,9,8.575024518933208
227401,1,7,10,10.118761186421045
227416,1,7,5,0.3586789934097332
227418,1,7,6,19.398387982671526
227419,1,7,4,0.3586790108976326
227422,1,7,7,3.430225185124328
227430,1,7,8,20.257879116220767
227438,1,7,6,23.14541840215077
227440,1,7,8,17.864147160999785
227455,1,7,9,6.149105072409097
227456,1,7,9,24.528272594976894
227476,1,7,6,21.409736344521257
227483,1,7,8,7.439439478944929
227486,1,7,5,0.3586789934097332
227509,1,7,9,7.514119264796796
227526,1,7,5,0.3586789934097332
227531,1,7,6,9.181103752680942
227551,1,7,9,25.952867348823784
227568,1,7,10,5.642664211992732
227574,1,7,9,8.402358661705588
227575,1,7,5,0.3586789934097332
227587,1,7,9,26.258045773323534
227590,1,7,8,24.056356741205693
227607,1,7,9,21.989576426269476
227621,1,7,9,3.4114860361789434
227623,1,7,4,0.3586790108976326
227624,1,7,9,26.102465791781192
227631,1,7,8,22.85450208176688
227647,1,7,10,21.243088096111865
227649,1,7,2,8.111642650062343
227654,1,7,4,0.3586790108976326
227663,1,7,8,27.460533051825674
227678,1,7,5,0.3586789934097332
227687,1,7,6,23.028475040209315
227703,1,7,5,0.3586789934097332
227706,1,7,1,20.28988411607678
227737,1,7,10,20.166728907107178
227755,1,7,9,25.641040086513254
227792,1,7,10,4.54887807325887
227819,1,7,10,5.927243220220464
227837,1,7,5,0.3586789934097332
227856,1,7,5,0.3586789934097332
227876,1,7,4,0.3586790108976326
227879,1,7,5,0.3586789934097332
227881,1,7,6,14.564792178340596
227902,1,7,1,23.29021815854994
227906,1,7,6,11.856701978430348
227917,1,7,10,15.15273179188979
227930,1,7,6,20.359656969097685
227934,1,7,3,2.4559003576366445
227941,1,7,10,11.73795528951035
227970,0,7,0,0.03453156467505177
227974,1,7,6,12.9720369553986
227977,1,7,8,20.98981335829932
227982,1,7,9,14.267277713366946
227984,1,7,5,0.3586789949470627
227996,1,7,8,24.581463035931083
228017,1,7,5,0.3586789934097332
228034,1,7,6,6.974900449241811
228037,1,7,8,24.01596149603843
228055,1,7,8,27.839829482402678
228065,1,7,8,21.632150393267782
228067,1,7,5,0.3586789934097332
228077,1,7,4,0.3586790108976326
228083,1,7,8,11.658372118589572
228084,1,7,6,22.95710832624638
228086,1,7,4,0.3586790108976326
228089,1,7,3,1.7324895653495196
228096,1,7,9,25.93567600462197
228097,1,7,1,18.602189515729822
228107,0,7,0,0.012140853999218914
228136,1,7,6,23.18921163844733
228140,1,7,2,1.408892085860567
228142,1,7,6,23.4454754139347
228143,1,7,3,0.7235330979337586
228145,1,7,9,24.250519750901418
228154,1,7,1,21.791439960929527
228193,1,7,6,10.488481996461042
228207,1,7,8,13.891842398680128
228208,1,7,6,6.6391147969801
228216,1,7,1,11.405849362781094
228228,1,7,6,23.361771420109083
228244,1,7,9,21.326251653876096
228256,1,7,9,24.363691868684253
228267,0,7,0,0.029700522697628046
228280,1,7,6,23.77295988437732
228291,1,7,6,23.74926375048508
228317,1,7,6,20.011513635600114
228323,1,7,10,13.929727445018594
228326,1,7,10,21.263597328662733
228327,1,7,8,21.271592126540458
228334,0,7,0,0.024107967599309776
228335,1,7,9,24.114175798803398
228338,1,7,10,21.261210048518343
228366,1,7,10,8.086767452094172
228382,1,7,8,25.90575020616772
228412,1,7,9,24.663910573736686
228423,1,7,9,9.49336765778443
228446,1,7,9,20.75699723548379
228454,1,7,9,15.075532707290836
228457,1,7,6,12.633567971032008
228483,1,7,9,12.788963685518478
228492,1,7,7,3.547963397128311
228503,0,7,0,0.0730068624539564
228505,1,7,4,0.3586790108976326
228520,1,7,9,3.4345568581012977
228533,0,7,0,0.01227439417797998
228537,1,7,9,24.726754192334877
228540,1,7,5,0.3586789934097332
228556,1,7,5,0.3586789934097332
228567,1,7,6,13.521847570265775
228595,1,7,10,21.201172839985475
228596,1,7,5,0.3586789934097332
228611,1,7,9,11.643826231015458
228612,1,7,6,9.724835443555804
228613,1,7,9,18.969358241169008
228630,1,7,8,26.29211490596255
228633,1,7,9,7.77530899426178
228653,1,7,4,0.358679009087165
228674,1,7,5,0.3586789949470627
228679,1,7,10,10.998853817717338
228683,1,7,10,11.732396522175838
228706,1,7,1,20.70109581448889
228711,1,7,2,10.57518064669532
228722,1,7,4,0.3586790108976326
228744,1,7,8,15.35877886395638
228747,1,7,9,24.08737910971988
228767,1,7,8,17.28165293369487
228769,1,7,10,12.430371692698817
228775,1,7,5,0.3586789934097332
228777,1,7,10,20.067432435001493
228799,1,7,4,0.3586790108976326
228827,0,7,0,0.02825168220727925
228841,1,7,3,2.4144159561136602
228847,1,7,1,5.887799916657862
228855,1,7,9,18.6473734904749
228856,1,7,6,20.8278525524343
228860,1,7,9,16.165356707460408
228876,1,7,7,4.296438299012769
228886,1,7,10,7.392341460649581
228900,1,7,3,2.0813972259201194
228902,1,7,9,16.468005499249784
228907,1,7,10,19.66745723604752
228908,1,7,5,0.3586789934097332
228934,1,7,10,11.507154271751768
228935,1,7,10,5.0908222126608
228948,1,7,6,13.644547743863436
228968,1,7,2,8.600841707761461
228983,0,7,0,0.0145085429607055
228988,0,7,0,0.014305843781147241
228993,1,7,5,0.3586789949470627
229009,1,7,7,3.0610521421762122
229025,1,7,5,0.3586789934097332
229041,1,7,1,19.090651564474864
229049,1,7,9,25.905953881898473
229068,1,7,4,0.3586790108976326
229081,1,7,5,0.3586789934097332
229084,1,7,5,0.3586789934097332
229095,1,7,4,0.3586790108976326
229136,1,7,3,0.9614252930307168
229137,1,7,9,15.813006522430092
229142,1,7,9,24.7839418784589
229146,1,7,9,24.412567302457383
229154,1,7,6,23.454530872806796
229159,1,7,6,23.112669299495572
229164,1,7,8,27.04009246881806
229177,1,7,4,0.3586790108976326
229178,1,7,6,12.603970899395451
229193,1,7,5,0.3586789934097332
229210,0,7,0,0.020587678614625567
229216,1,7,9,15.24291940515668
229218,1,7,8,26.581360143061527
229223,1,7,10,14.652501704553721
229234,1,7,8,9.887844763557428
229253,1,7,2,5.749699651555567
229258,1,7,9,5.144815405465436
229270,1,7,9,26.138439504908092
229276,1,7,1,16.604714964144843
229310,1,7,10,13.289711128457052
229324,1,7,8,7.851860694746958
229341,1,7,7,1.5567832796300702
229365,0,7,0,0.018088060021860666
229381,1,7,9,8.73263143212033
229391,1,7,10,20.798300002800392
229394,1,7,9,25.54170059351636
229400,1,7,9,8.55062763655783
229409,1,7,10,7.969831872057427
229419,1,7,5,0.3586789934097332
229425,1,7,9,20.98202859196103
229436,1,7,10,11.2659722854304
229437,1,7,6,15.210005414451164
229439,1,7,4,0.3586790108976326
229480,1,7,3,1.2905000889214053
229494,1,7,8,9.87519686141239
229496,1,7,9,10.57295286439041
229500,1,7,6,17.825749290914988
229502,1,7,5,0.3586789934097332
229503,1,7,4,0.3586790108976326
229506,1,7,4,0.3586790108976326
229513,1,7,6,20.372623355954694
229516,1,7,7,1.7728230824322793
229532,1,7,4,0.3586790108976326
229538,1,7,9,15.69594690543906
229540,1,7,9,24.72614077326457
229551,1,7,7,2.6184847876766066
229558,1,7,9,23.730632429115783
229568,1,7,1,9.009015393051271
229572,1,7,7,3.3657623738157523
229573,1,7,3,2.412231138055108
229589,1,7,9,26.08650680181513
229592,1,7,5,0.3586789934097332
229596,1,7,1,14.642421350833379
229598,1,7,5,0.3586789934097332
229599,1,7,2,2.1533981904615986
229601,1,7,7,3.0411277497707947
229632,1,7,8,2.9149160465741972
229646,1,7,5,0.3586789934097332
229656,1,7,1,20.450998245676445
229657,1,7,8,7.621613724304772
229664,1,7,8,21.871592068813847
229679,1,7,10,5.094701572663843
229687,1,7,8,14.126383625456581
229690,1,7,5,0.3586789934097332
229691,1,7,10,18.617093812804026
229696,1,7,2,5.272210528431155
229717,1,7,6,19.17182117199349
229720,1,7,6,7.260765219410885
229728,1,7,5,0.3586789934097332
229736,1,7,8,15.95302775929822
229737,1,7,10,18.804488192737036
229747,1,7,8,16.688726882642648
229751,1,7,10,21.078445150303722
229777,1,7,10,8.171026354990989
229779,1,7,7,3.148784446809099
229784,1,7,8,7.661950424380301
229794,1,7,4,0.3586790108976326
229802,0,7,0,0.012377325090124701
229808,0,7,0,0.012463836415189876
229816,1,7,5,0.3586789934097332
229819,1,7,9,25.86525454738347
229838,1,7,10,10.72263322165368
229865,0,7,0,0.23280757711015648
229871,1,7,4,0.3586790108976326
229876,1,7,9,25.76482236647638
229881,1,7,1,20.538964760798248
229883,1,7,9,10.492566534560105
229890,1,7,10,8.755214342188049
229894,1,7,9,12.809469920910592
229908,1,7,8,22.5694304514522
229927,1,7,8,20.04029748840963
229933,1,7,8,4.182423086917243
229955,1,7,8,13.368915790453396
229993,1,7,5,0.3586789934097332
229994,1,7,2,2.7156759099381618
230013,1,7,2,5.068226166051971
230036,1,7,5,0.3586789934097332
230041,1,7,5,0.3586789934097332
230043,1,7,1,15.40805744947629
230049,1,7,9,19.928531743642953
230072,1,7,9,24.528710992029364
230088,1,7,5,0.3586789934097332
230092,1,7,4,0.3586790108976326
230102,1,7,8,21.672615458258043
230103,1,7,9,16.380773233902964
230110,1,7,8,12.428433946636547
230111,1,7,6,11.66446100704383
230116,1,7,9,16.63961804919858
230119,1,7,9,15.623715539172142
230123,1,7,5,0.3586789934097332
230125,1,7,10,20.597331690661637
230135,1,7,8,12.77902153874818
230150,0,7,0,0.015454374223061963
230156,1,7,7,4.505288859443319
230161,1,7,1,11.058931482031996
230176,1,7,6,20.307489116200248
230178,1,7,9,8.526846533788392
230184,1,7,6,21.819622831497615
230193,1,7,1,9.679601852208412
230203,1,7,6,17.662731644757425
230215,1,7,10,9.220964347792293
230224,1,7,5,0.3586789934097332
230229,1,7,10,20.574458542408717
230234,1,7,6,13.52876690140731
230244,1,7,1,13.148424760402563
230250,1,7,8,16.712110021634555
230260,1,7,9,24.248662972525377
230279,1,7,4,0.3586790108976326
230303,1,7,9,11.190653470696406
230328,1,7,6,13.117217671770062
230343,1,7,3,2.4110838219477735
230345,1,7,9,15.928077051868668
230349,1,7,5,0.3586789934097332
230350,1,7,7,4.618981839346533
230353,1,7,6,18.809269830525203
230373,1,7,9,12.62391817012732
230375,1,7,8,14.220474972030663
230379,1,7,7,2.283887585525226
230394,1,7,5,0.3586789934097332
230401,1,7,7,4.013340120305261
230409,1,7,1,6.196717300205971
230421,1,7,10,11.760670593199928
230443,1,7,5,0.3586789934097332
230450,1,7,10,11.696440648590727
230455,1,7,8,9.45806850908019
230456,1,7,9,18.284050101758165
230470,1,7,2,9.825775270224876
230518,1,7,5,0.3586789934097332
230520,1,7,8,2.3721882553272002
230523,1,7,9,9.632357405446985
230525,1,7,8,28.09688781007072
230531,1,7,10,12.015070950434527
230534,1,7,9,25.151902694822027
230538,1,7,5,0.3586789934097332
230549,1,7,10,17.724008064524515
230553,1,7,1,7.546515198062138
230583,1,7,8,22.57837649149025
230584,0,7,0,0.19108320468764736
230586,0,7,0,0.042616021046183644
230587,1,7,9,23.96323045279534
230592,1,7,8,28.52550997675458
230610,1,7,5,0.3586789934097332
230611,1,7,6,12.111718192559213
230620,1,7,9,16.36061097898723
230635,1,7,6,7.875062541021646
230638,1,7,4,0.3586790108976326
230656,0,7,0,0.011976502718929518
230679,1,7,2,6.8483786976524375
230691,1,7,9,8.710707505980148
230697,1,7,9,6.585905724404007
230700,1,7,8,17.189361833755864
230716,1,7,9,16.151950045335052
230721,0,7,0,0.028609829142091463
230729,1,7,9,13.33622825599536
230755,1,7,1,20.41815795863494
230758,1,7,9,14.623946373981504
230774,1,7,10,4.661221193064999
230776,1,7,6,17.801699074658803
230777,1,7,2,9.63832524635973
230780,1,7,2,13.054499950748939
230789,1,7,8,5.935531932329667
230794,1,7,4,0.3586790108976326
230807,1,7,3,2.3996521499912276
230835,1,7,8,8.478927779435988
230847,1,7,10,11.487625379681198
230859,1,7,5,0.3586789934097332
230881,1,7,4,0.3586790108976326
230885,1,7,6,11.688060192252532
230886,0,7,0,0.029028775784953786
230893,1,7,5,0.3586789934097332
230920,1,7,9,23.386427548789328
230925,1,7,10,21.24913804097953
230933,1,7,6,5.147131046076733
230938,1,7,1,9.992074821758349
230948,1,7,9,3.850579979421846
230958,1,7,8,12.413852341840814
230963,1,7,10,17.49938801922803
230967,1,7,8,21.667378933411904
230968,1,7,8,14.449350586522723
230970,1,7,3,1.963499322346849
230971,1,7,10,15.109436331692455
230984,1,7,10,7.8787610271695
230997,1,7,6,11.815723184605268
231010,1,7,9,16.42106746462985
231040,1,7,9,25.362471806712374
231049,1,7,8,15.334264306308679
231082,1,7,5,0.3586789934097332
231087,1,7,9,12.501687334531695
231088,1,7,3,1.1156059218848207
231117,1,7,4,0.3586790108976326
231119,1,7,7,3.6734127400543457
231137,0,7,0,0.017757644759876776
231140,1,7,5,0.3586789934097332
231141,1,7,8,24.71871931255794
231147,1,7,9,7.007168082485914
231167,1,7,8,20.115053630553984
231172,1,7,3,2.364314692804119
231182,1,7,10,4.13448502213124
231200,0,7,0,0.013476667239169269
231208,1,7,9,4.999832542929291
231217,1,7,5,0.3586789934097332
231230,1,7,8,14.367667755325552
231233,1,7,8,26.471580533863857
231235,1,7,6,22.8878834203712
231246,1,7,2,6.233892399440418
231265,1,7,8,8.277329882967633
231276,1,7,6,11.066280804398865
231280,1,7,6,14.67091924583303
231286,1,7,6,9.771041650477594
231287,1,7,8,13.668632400491218
231297,1,7,4,0.3586790108976326
231300,1,7,4,0.3586790108976326
231302,1,7,8,5.5209604654407025
231305,1,7,4,0.3586790108976326
231341,0,7,0,0.01289720734170625
231345,1,7,7,1.279554854461529
231355,1,7,10,5.056780456590568
231358,1,7,9,24.09511759961498
231360,1,7,8,27.979540284719256
231362,1,7,7,2.1173751819591358
231378,1,7,4,0.3586790108976326
231384,1,7,6,22.84625206391546
231396,1,7,8,9.307795632748139
231403,1,7,9,18.452756742286265
231408,1,7,8,26.466776620432213
231426,1,7,8,24.892962054723057
231429,1,7,5,0.3586789934097332
231433,1,7,9,23.003433246687216
231435,1,7,4,0.358679009087165
231485,1,7,9,6.897055738265903
231494,0,7,0,0.03533219910763063
231507,1,7,8,21.507133935323967
231510,1,7,6,14.991009835850232
231523,1,7,9,16.366414110022735
231527,1,7,7,3.1332064511548667
231535,1,7,10,5.28843941654144
231551,1,7,6,18.540345936166972
231555,0,7,0,0.014228956321905052
231560,1,7,6,17.493622648426957
231583,1,7,9,21.219499298795863
231584,1,7,7,3.4375577387505123
231613,1,7,9,25.014507591715642
231639,1,7,6,15.872297611352476
231641,0,7,0,0.027456137286177983
231642,1,7,9,20.88745481541398
231649,1,7,9,4.142695285318574
231651,1,7,4,0.3586790108976326
231654,1,7,5,0.3586789934097332
231667,1,7,9,2.642862865431561
231709,1,7,1,19.637954701662643
231712,1,7,9,18.340277031744073
231723,1,7,4,0.3586790108976326
231727,1,7,9,23.405037583400677
231734,1,7,8,28.52922289231322
231745,1,7,1,16.023801374506434
231752,0,7,0,0.014121034652792635
231762,1,7,1,13.378938657588737
231783,1,7,8,22.717722724191866
231798,1,7,8,20.412547961946817
231801,1,7,2,11.224620213412399
231820,1,7,5,0.3586789949470627
231837,1,7,9,13.672177942846455
231853,1,7,6,18.249266083008635
231868,1,7,1,21.106210203003567
231872,1,7,6,7.0022707555995956
231899,1,7,9,11.221642480269256
231909,1,7,8,25.739153926818044
231919,1,7,4,0.3586790108976326
231941,1,7,1,14.3425990788186
231948,1,7,4,0.3586790108976326
231952,1,7,8,5.798955816152784
231956,1,7,4,0.3586790108976326
231973,1,7,4,0.3586790108976326
231980,1,7,10,16.891004688093837
231985,1,7,4,0.3586790108976326
231987,1,7,9,17.252314196821075
231999,1,7,6,5.000931582161592
232009,1,7,8,7.0741976445416475
232028,1,7,10,19.5268785313632
232037,0,7,0,0.015666235927267392
232042,1,7,4,0.3586790108976326
232056,1,7,8,24.041939027493733
232078,1,7,1,18.060171718051212
232092,1,7,5,0.3586789934097332
232099,1,7,4,0.3586790108976326
232105,1,7,6,10.602417859236436
232106,1,7,4,0.3586790108976326
232131,1,7,4,0.3586790108976326
232178,1,7,9,24.104609954882836
232182,1,7,10,10.831934352084673
232188,1,7,9,15.428782332198484
232202,1,7,8,10.502208340265874
232204,1,7,5,0.3586789949470627
232206,1,7,9,17.40465013893397
232213,1,7,5,0.3586789934097332
232230,1,7,5,0.3586789934097332
232232,1,7,7,0.9566726799206053
232280,1,7,9,23.76795608706425
232289,1,7,6,7.574043448370161
232296,1,7,8,15.38807069562744
232301,1,7,9,16.45416476088442
232310,1,7,6,4.889265697786436
232331,1,7,1,11.656643503023956
232335,1,7,8,13.036674402351231
232353,1,7,9,13.835930060452354
232368,1,7,8,28.283668974142998
232369,1,7,7,2.3872345326601105
232374,1,7,9,19.768863551519665
232388,0,7,0,0.22278379244651325
232399,1,7,5,0.3586789934097332
232400,1,7,9,24.240851329332127
232418,1,7,6,15.449837453939192
232427,1,7,10,12.016950947745865
232456,1,7,6,6.847483668770321
232503,1,7,4,0.3586790108976326
232509,1,7,5,0.3586789934097332
232514,1,7,8,25.02305630241438
232526,0,7,0,0.02317176953103854
232533,1,7,8,7.603336375987619
232557,1,7,8,19.37107287509332
232572,1,7,10,18.027267935133025
232575,1,7,8,16.150628388143332
232587,1,7,4,0.3586790108976326
232618,1,7,6,8.376403826114338
232619,1,7,9,20.981116310206737
232644,1,7,6,20.181586282782764
232647,1,7,6,22.83516135442183
232654,1,7,9,14.917404751744538
232655,1,7,1,10.804156282585838
232660,1,7,4,0.3586790108976326
232664,1,7,6,22.530113080423355
232667,1,7,6,21.19076429363649
232672,1,7,5,0.3586789934097332
232703,1,7,9,12.756822679124177
232707,1,7,5,0.3586789934097332
232713,1,7,4,0.3586790108976326
232716,1,7,9,21.70339677149555
232718,1,7,6,23.28323587758719
232733,1,7,8,18.73088368165225
232738,0,7,0,0.02077204644033463
232743,1,7,1,13.130891193999274
232747,1,7,6,9.743354591265872
232750,1,7,8,6.502438144132627
232755,1,7,9,10.06361956315861
232756,1,7,8,2.6101472181103014
232762,1,7,6,7.789924534389415
232774,1,7,6,17.431465819989214
232785,1,7,9,21.23427940233826
232792,1,7,10,9.169874553757664
232804,1,7,9,17.43135275493373
232808,1,7,8,19.207359719540133
232816,0,7,0,0.02654778510472672
232824,1,7,8,23.996957126027674
232845,1,7,9,22.49947534993843
232847,1,7,8,15.934587082944429
232857,1,7,2,13.711165119951087
232871,1,7,10,19.573133234053003
232880,1,7,9,17.71354814541744
232885,1,7,5,0.3586789934097332
232894,1,7,9,15.131121370441425
232907,1,7,4,0.3586790108976326
232918,1,7,5,0.3586789934097332
232948,1,7,5,0.3586789934097332
232950,1,7,4,0.3586790108976326
232952,1,7,7,3.481677442159682
232965,1,7,10,19.777278189391136
232968,1,7,8,18.15001861390579
232970,1,7,10,3.5079251416367483
232971,1,7,2,7.384549096784943
232984,1,7,9,4.311258728289154
232989,1,7,6,23.94463922517589
232998,1,7,10,11.124726426495794
233006,1,7,1,5.263165484457099
233008,1,7,10,17.267516097467464
233011,1,7,10,3.2751546331412786
233014,1,7,5,0.3586789934097332
233015,1,7,6,16.72400775088035
233055,1,7,8,21.12494125624389
233056,1,7,8,22.696644040771787
233080,1,7,8,8.43195917070603
233093,1,7,5,0.3586789934097332
233094,1,7,9,25.757454759356758
233095,1,7,3,1.7315060551567822
233096,1,7,9,24.273274864221257
233118,1,7,6,23.055038537730546
233119,1,7,9,16.972690036014004
233129,1,7,6,13.559127315428274
233136,1,7,8,22.015168190250858
233160,1,7,1,23.128451469376067
233161,1,7,10,14.953902199792957
233188,1,7,7,1.5716849024422705
233203,1,7,4,0.3586790108976326
233205,1,7,8,7.043432958912076
233217,1,7,3,2.377200439685116
233241,1,7,5,0.3586789934097332
233263,1,7,10,18.14486161282941
233266,1,7,1,7.092124031562277
233277,1,7,5,0.3586789934097332
233281,1,7,5,0.3586789934097332
233301,1,7,8,23.101480966390927
233312,1,7,2,12.76617039942353
233314,1,7,9,23.516448973198383
233318,1,7,3,1.3506900986918136
233327,1,7,6,13.17515667072237
233346,1,7,10,10.76622449309195
233354,1,7,8,4.316509164267544
233361,1,7,9,10.964956043754663
233363,1,7,10,7.144357752771965
233378,1,7,8,8.791687093609612
233389,1,7,3,2.2712528216201253
233397,1,7,7,0.8301132763118912
233411,1,7,9,16.681608758126732
233414,1,7,3,2.1721806007373754
233432,1,7,9,23.706424235677567
233434,1,7,10,6.803501726945582
233435,1,7,10,18.695783909971023
233445,1,7,8,22.668095062831824
233447,1,7,8,2.45035094129574
233458,1,7,9,18.940915960841597
233478,1,7,10,18.76717435488721
233486,1,7,5,0.3586789949470627
233489,0,7,0,0.025771077240668024
233492,1,7,6,11.574373674936563
233498,1,7,8,19.237199342435524
233501,1,7,9,25.951197881787692
233504,1,7,10,6.616204451639551
233525,1,7,4,0.3586790108976326
233528,1,7,8,25.03545263507794
233531,1,7,7,1.913326463567697
233537,1,7,2,11.423997938512564
233562,1,7,5,0.3586789934097332
233584,1,7,7,4.3314690867640415
233590,1,7,8,21.34399543831089
233594,1,7,9,26.435529380322
233596,1,7,4,0.3586790108976326
233600,0,7,0,0.032698962215806815
233602,1,7,10,12.383043682673787
233604,1,7,10,12.145238452419976
233609,1,7,1,11.31065424772896
233611,1,7,5,0.3586789934097332
233624,1,7,4,0.3586790108976326
233647,0,7,0,0.017321268458033886
233652,1,7,9,23.958885508080673
233653,1,7,10,21.22175981619165
233656,1,7,1,20.50585046351088
233657,1,7,8,19.322697321996145
233664,1,7,8,4.464604008424359
233683,1,7,4,0.3586790108976326
233688,1,7,6,19.16492522077038
233692,1,7,5,0.3586789934097332
233694,1,7,9,6.957992435495442
233699,1,7,8,25.643042138908317
233707,1,7,9,15.659150562959994
233741,1,7,8,5.685186112053903
233743,1,7,8,10.033526076364328
233744,1,7,9,8.884664037220391
233747,1,7,7,1.1962774519896742
233749,1,7,5,0.3586789934097332
233772,1,7,4,0.3586790108976326
233775,1,7,4,0.3586790108976326
233787,1,7,5,0.3586789934097332
233794,1,7,6,11.451592784851004
233809,1,7,9,24.10398152159267
233818,1,7,7,0.6822701061966024
233826,1,7,2,4.676797017651658
233838,1,7,8,3.9101035685718726
233844,1,7,4,0.3586790108976326
233846,1,7,5,0.3586789934097332
233850,1,7,6,8.549878506592659
233859,1,7,8,13.295827941852826
233862,1,7,9,6.3973958152266865
233889,1,7,9,15.594588745193631
233890,1,7,4,0.3586790108976326
233893,1,7,9,18.89171858452462
233894,1,7,9,22.26570326788363
233896,1,7,6,18.452505393695052
233902,1,7,5,0.3586789934097332
233905,1,7,5,0.3586789934097332
233909,0,7,0,0.01630201646425116
233914,1,7,9,25.800096969716225
233939,1,7,9,22.377157341093476
233952,1,7,5,0.3586789934097332
233954,1,7,10,18.517579435737375
233957,1,7,6,10.539323993187049
233964,1,7,6,22.289941348641868
233972,1,7,9,2.6043328021546026
234033,1,7,9,12.887952178500159
234036,1,7,7,4.530485148854473
234041,1,7,6,14.675143751735718
234049,1,7,8,8.137168515190266
234052,1,7,2,13.755416325393517
234054,1,7,6,19.13544782698443
234070,1,7,1,15.006067803684015
234078,1,7,1,11.129032628547291
234081,1,7,10,21.251367997517427
234091,1,7,4,0.3586790108976326
234098,1,7,4,0.3586790108976326
234100,1,7,1,20.5740884467371
234121,1,7,5,0.3586789934097332
234140,1,7,8,6.842614449483291
234144,1,7,8,26.81796696570633
234180,1,7,9,24.255482592726423
234184,1,7,8,5.310226447907507
234186,1,7,5,0.3586789934097332
234188,1,7,6,13.680143179867846
234189,0,7,0,0.020652153001429866
234191,1,7,9,14.653978232183873
234215,1,7,5,0.3586789934097332
234224,1,7,1,18.621673342410535
234246,1,7,9,4.4943356465052755
234247,0,7,0,0.03181646206922265
234259,1,7,6,13.874667157722982
234290,1,7,9,16.92403982481456
234294,1,7,6,15.599922370700146
234303,1,7,7,1.3557169226661172
234307,1,7,4,0.358679009087165
234311,1,7,1,18.137410160231088
234312,1,7,10,4.806108086367091
234319,1,7,9,23.23038284675186
234325,1,7,5,0.3586789934097332
234348,1,7,6,20.952017409744983
234353,1,7,7,3.399837116302492
234360,1,7,9,15.206145689480516
234361,1,7,9,16.803504448786985
234384,1,7,9,19.12376935018491
234389,1,7,8,15.66353366984124
234395,1,7,8,25.8162064867042
234399,1,7,10,19.413540652031053
234401,1,7,9,25.90819868250933
234410,1,7,6,15.639954902691079
234423,1,7,1,17.680197071695336
234428,1,7,7,3.012317959414334
234453,1,7,8,14.704796209848892
234468,1,7,5,0.3586789934097332
234486,1,7,6,24.060427630693983
234494,1,7,4,0.3586790108976326
234495,1,7,6,21.10244786868612
234501,1,7,9,25.79337148008138
234506,1,7,8,18.61576537309458
234507,1,7,6,13.799352333068333
234515,1,7,8,14.24265265441216
234519,1,7,6,8.394412854644534
234520,1,7,5,0.3586789934097332
234521,1,7,10,20.80136348246912
234540,1,7,8,27.866414723754893
234546,1,7,4,0.3586790108976326
234573,1,7,5,0.3586789934097332
234575,1,7,8,6.762871484244664
234584,0,7,0,0.09019815337993048
234588,1,7,1,5.093518825059531
234589,1,7,9,16.20687539681198
234599,1,7,2,11.386601896636627
234600,1,7,8,8.172681821395287
234607,1,7,5,0.3586789934097332
234608,1,7,6,6.333702938968792
234620,1,7,8,20.50061053208873
234624,1,7,1,21.435889032812945
234627,1,7,2,2.755340108065694
234629,1,7,4,0.3586790108976326
234652,1,7,6,17.8712157259928
234655,1,7,2,4.809550467201152
234673,1,7,8,17.17543233374784
234686,1,7,8,20.214120461678842
234694,1,7,5,0.3586789934097332
234700,1,7,5,0.3586789934097332
234716,1,7,1,11.24265362551036
234746,1,7,10,15.15564917934323
234774,1,7,9,8.355306467759148
234782,1,7,3,2.4210847227505132
234797,1,7,10,8.795949263587124
234799,1,7,3,2.421108378963203
234806,1,7,8,19.609215519378125
234816,1,7,8,5.854202125238857
234832,1,7,9,11.374930371420225
234839,1,7,5,0.3586789934097332
234842,1,7,9,16.687211617855883
234855,1,7,8,24.367463754685105
234857,1,7,8,11.244220702970427
234860,1,7,6,8.857891324614366
234872,1,7,10,13.227122119205106
234877,1,7,3,2.197037483506214
234880,1,7,4,0.3586790108976326
234893,1,7,6,12.205659637141636
234907,1,7,9,14.55292360320383
234908,1,7,5,0.3586789934097332
234929,1,7,6,23.820978604248392
234939,1,7,5,0.3586789934097332
234952,1,7,4,0.3586790108976326
234959,1,7,8,20.592842782083363
234961,1,7,5,0.3586789934097332
234968,0,7,0,0.022991983398475132
234985,1,7,2,7.16403349763388
234992,1,7,8,8.425947365505948
235010,1,7,8,19.60554577669267
235018,1,7,4,0.3586790108976326
235041,1,7,1,20.013944727552452
235042,1,7,1,15.149350557392573
235044,1,7,5,0.3586789934097332
235052,1,7,9,13.960738316230195
235078,1,7,8,20.393898467518557
235099,1,7,6,23.802112925648515
235118,0,7,0,0.025875301511627435
235132,1,7,1,11.2989705626814
235142,1,7,6,15.177599112922247
235144,1,7,4,0.3586790108976326
235165,1,7,5,0.3586789934097332
235191,1,7,9,25.982831803989892
235205,1,7,9,9.048566926003868
235210,1,7,10,11.614188817727602
235219,0,7,0,0.016128528563325802
235222,1,7,9,26.199941844688215
235239,1,7,10,15.961420416269881
235251,1,7,5,0.3586789949470627
235258,1,7,4,0.3586790108976326
235271,1,7,8,10.440104368613099
235274,1,7,5,0.3586789934097332
235343,1,7,4,0.3586790108976326
235353,1,7,9,8.009350604240103
235354,1,7,5,0.3586789934097332
235359,1,7,9,6.031612031511668
235363,1,7,8,24.042564624131114
235374,1,7,7,3.607873950380933
235384,1,7,6,23.380670302447754
235396,1,7,9,13.071831347798774
235397,1,7,9,15.577720500556298
235429,1,7,6,4.084950369755992
235434,1,7,9,18.144892548151546
235444,1,7,7,3.7611325872160046
235448,1,7,8,14.712103651386633
235450,1,7,9,26.367391566895478
235453,1,7,8,15.525893788031738
235472,1,7,8,14.301534341055962
235491,1,7,8,20.410096452099328
235500,1,7,4,0.3586790108976326
235506,0,7,0,0.04228765131470082
235517,1,7,9,25.759114298803556
235519,1,7,8,19.751694249785974
235522,1,7,10,19.21430934300226
235530,1,7,5,0.3586789934097332
235531,1,7,9,8.576791564900738
235545,1,7,9,7.919988688125165
235546,1,7,6,21.182203239296985
235553,1,7,3,2.3880551526184512
235555,1,7,5,0.3586789949470627
235563,1,7,8,26.934419419751666
235580,1,7,4,0.3586790108976326
235597,1,7,8,11.847539908454099
235621,1,7,5,0.3586789934097332
235630,1,7,1,7.762182257535631
235636,1,7,4,0.3586790108976326
235641,1,7,6,14.486836837373788
235646,1,7,3,2.247405984388967
235676,1,7,9,2.8927309786479114
235679,1,7,4,0.3586790108976326
235684,1,7,2,10.719225497928514
235687,1,7,7,2.119823832464953
235690,1,7,9,23.300878813658212
235703,1,7,6,10.968178139036521
235708,1,7,2,4.472977766967127
235718,1,7,5,0.3586789934097332
235722,1,7,6,18.58937402117334
235748,0,7,0,0.011908214256081528
235750,1,7,6,7.995263840258633
235759,1,7,4,0.3586790108976326
235767,1,7,6,14.93032194172747
235776,1,7,10,20.304496065179546
235780,1,7,5,0.3586789934097332
235790,1,7,10,18.53515908788036
235797,1,7,6,23.128739679687754
235804,1,7,8,27.965542027686215
235820,1,7,3,1.868286950393991
235822,0,7,0,0.014946876051260506
235828,1,7,6,22.05997642561962
235845,1,7,9,25.156432495552476
235856,1,7,2,7.902682955991941
235861,1,7,6,20.0305498926583
235876,1,7,8,28.527726186092888
235884,1,7,8,10.720121953664435
235885,1,7,1,10.101937390811365
235888,1,7,5,0.3586789934097332
235889,0,7,0,0.18343287715525816
235891,1,7,6,20.451720814845725
235905,1,7,9,11.816670576109022
235910,1,7,4,0.3586790108976326
235930,1,7,5,0.3586789934097332
235946,1,7,8,28.43239310381985
235967,1,7,9,25.159052929663282
235981,1,7,5,0.3586789934097332
235992,1,7,5,0.3586789934097332
236005,1,7,8,25.531000098733013
236017,1,7,5,0.3586789934097332
236018,1,7,8,9.052913292355386
236022,1,7,7,4.49867756421421
236023,1,7,1,5.417244436170764
236024,1,7,6,7.383961806230756
236026,1,7,9,24.416282293201036
236035,1,7,7,3.9014526070615645
236053,1,7,9,14.907272275863466
236058,1,7,9,20.397651251043676
236069,1,7,9,19.481558860313825
236072,1,7,6,14.002955613732324
236079,1,7,7,3.848710694320584
236082,1,7,5,0.3586789934097332
236092,1,7,8,12.9579470579572
236094,1,7,3,2.140063160054048
236111,1,7,9,11.171862307114303
236119,1,7,4,0.3586790108976326
236175,1,7,10,20.208434612231876
236181,1,7,6,8.334565393894975
236218,1,7,4,0.3586790108976326
236220,1,7,10,19.210717047742985
236223,1,7,9,22.878160057919995
236272,1,7,6,13.751131234891586
236275,1,7,6,12.509457291616533
236276,1,7,8,24.914278124481278
236279,1,7,9,16.561812277054997
236287,0,7,0,0.04671172584586374
236311,1,7,3,2.3666191484410697
236312,1,7,5,0.3586789934097332
236318,1,7,6,19.329224166196163
236320,1,7,8,19.45969288698596
236321,1,7,8,7.063491604668877
236331,0,7,0,0.013945762439208588
236357,0,7,0,0.013539751574576608
236389,1,7,4,0.3586790108976326
236391,1,7,2,13.161354032356197
236398,1,7,8,10.929429640260157
236403,1,7,8,25.95359770836272
236405,1,7,8,26.64168908432579
236407,1,7,4,0.3586790108976326
236420,1,7,6,12.345511917236992
236427,1,7,8,20.796379228536995
236431,1,7,1,15.398603219848678
236444,1,7,7,0.9928836288799249
236461,1,7,8,12.446261515815756
236479,1,7,8,13.074841592184441
236502,1,7,2,12.699439881155929
236512,1,7,8,24.031934155415325
236520,1,7,10,7.396336400074207
236537,1,7,3,2.228318291939349
236538,1,7,9,23.12149532567848
236539,1,7,10,9.643688495396642
236545,1,7,10,19.879942876702383
236595,1,7,8,14.642763710937283
236599,1,7,8,16.077388953336012
236603,1,7,6,5.833021842409168
236607,1,7,5,0.3586789934097332
236622,1,7,1,12.112958382029387
236626,1,7,8,8.122789560722614
236627,1,7,8,15.783281423114223
236630,1,7,10,11.999112618671132
236631,1,7,5,0.3586789934097332
236633,1,7,1,20.919212422287647
236639,1,7,8,16.866045720725616
236651,1,7,5,0.3586789934097332
236662,1,7,8,14.937357351155109
236713,1,7,9,14.896530231065658
236717,1,7,8,4.441393447803538
236723,1,7,9,14.50249504324008
236741,1,7,9,19.85180492891816
236749,1,7,4,0.3586790108976326
236759,1,7,9,25.025346386713867
236783,1,7,9,20.020769750442774
236784,1,7,9,7.935272354298511
236800,1,7,2,9.170193183825848
236801,1,7,6,6.935204756073545
236803,1,7,5,0.3586789934097332
236806,1,7,8,11.008714822597913
236808,1,7,9,10.342794361617473
236814,1,7,7,1.5805891962071676
236818,1,7,5,0.3586789934097332
236828,1,7,9,17.103552232039355
236830,1,7,10,18.687643191814608
236835,1,7,9,25.039220480303424
236843,0,7,0,0.1067388243907335
236844,1,7,1,16.09502534106793
236846,1,7,5,0.3586789934097332
236849,1,7,5,0.3586789934097332
236851,1,7,6,18.53203307203492
236876,1,7,2,12.425610589328679
236878,1,7,8,22.575755446230396
236884,1,7,8,23.129931698126352
236901,1,7,1,17.722587588728032
236903,1,7,6,23.46882351194607
236915,1,7,4,0.3586790108976326
236933,1,7,5,0.3586789934097332
236935,1,7,9,16.96800333772666
236956,1,7,9,20.77595942575089
236957,1,7,8,25.832616350875007
237032,1,7,6,13.456921744742786
237035,1,7,10,11.284255309188419
237040,1,7,4,0.3586790108976326
237077,1,7,8,18.023941998083927
237090,1,7,9,25.95896285138428
237093,1,7,1,15.469264843614278
237095,1,7,1,18.822047666359556
237114,1,7,9,26.367618067544154
237117,1,7,9,12.562877230726624
237149,1,7,6,23.651088497463476
237180,1,7,7,3.436417281202847
237189,1,7,8,15.956377365597875
237198,1,7,4,0.3586790108976326
237202,1,7,3,1.8354931607496487
237208,1,7,9,9.068426911543607
237212,1,7,8,15.529360511679357
237224,1,7,8,22.09310251345715
237233,1,7,5,0.3586789934097332
237234,1,7,1,21.222837042205413
237244,1,7,4,0.3586790108976326
237247,1,7,10,16.85748999635521
237250,1,7,4,0.3586790108976326
237265,1,7,9,19.42444972894231
237267,1,7,5,0.3586789934097332
237275,1,7,7,3.623612636741624
237303,1,7,4,0.3586790108976326
237304,1,7,4,0.3586790108976326
237307,1,7,6,7.278419136475492
237314,1,7,8,22.486608624096643
237321,1,7,6,7.138210830040843
237326,1,7,1,22.13831183511039
237352,1,7,7,2.5402265825330548
237376,1,7,8,8.703710228587656
237395,1,7,8,16.157444662145465
237400,1,7,8,21.086243679821077
237414,1,7,8,17.4495894477748
237458,1,7,8,13.162380663004225
237460,1,7,1,14.887089874700317
237466,1,7,4,0.3586790108976326
237468,1,7,8,17.118178346857405
237473,1,7,10,20.019466726347936
237476,1,7,2,13.040363200902878
237480,1,7,6,22.77161344017871
237487,1,7,6,17.6340088920104
237495,1,7,4,0.3586790108976326
237517,1,7,10,8.95221887176247
237520,1,7,8,15.62652340190852
237526,1,7,9,3.596344345791524
237527,1,7,4,0.3586790108976326
237528,1,7,9,13.399865762194556
237530,1,7,9,12.848398718774435
237532,1,7,5,0.3586789934097332
237542,1,7,8,11.029229744776936
237552,1,7,5,0.3586789934097332
237553,1,7,5,0.3586789934097332
237554,1,7,5,0.3586789934097332
237562,1,7,10,11.54896168266598
237564,1,7,4,0.3586790108976326
237565,1,7,9,25.927316891233502
237567,1,7,8,23.63393409767193
237580,1,7,6,17.259726978766494
237582,0,7,0,0.01265625530702927
237585,1,7,10,9.374550507259347
237588,1,7,4,0.3586790108976326
237595,1,7,5,0.3586789934097332
237619,1,7,9,26.096243895943104
237649,1,7,4,0.3586790108976326
237669,0,7,0,0.012121486918328594
237674,1,7,9,9.170767308199776
237690,1,7,1,15.012210901949162
237701,1,7,5,0.3586789934097332
237718,1,7,7,1.4416357254889876
237720,1,7,10,11.366527434924693
237730,1,7,6,16.521086502748062
237733,1,7,1,23.089796921499573
237735,1,7,4,0.3586790108976326
237744,1,7,2,13.634094085398488
237755,1,7,10,19.75672468971812
237767,1,7,10,6.4329899622541005
237780,1,7,8,11.789645139942426
237796,1,7,4,0.3586790108976326
237800,1,7,8,17.56241868570387
237808,1,7,5,0.3586789934097332
237816,1,7,6,13.978854781270574
237834,1,7,10,4.162132398652856
237837,1,7,10,13.072348646709687
237840,1,7,5,0.3586789934097332
237841,1,7,9,24.133138535227978
237853,1,7,10,8.54158216316584
237863,1,7,10,15.139967008647323
237865,1,7,5,0.3586789934097332
237872,1,7,8,25.980086423276397
237887,1,7,6,7.40803688085039
237901,1,7,10,12.713875196853795
237904,1,7,6,16.156857932831656
237910,1,7,4,0.3586790108976326
237913,1,7,4,0.3586790108976326
237919,1,7,8,2.9354953690975876
237935,1,7,5,0.3586789934097332
237936,1,7,9,16.06415354623924
237954,1,7,8,27.56115083895689
237977,1,7,1,5.448362275492435
237982,1,7,8,15.859864383896694
237987,1,7,9,17.720748028987995
237997,1,7,10,14.262736916078099
237998,1,7,1,16.076641371590295
238003,1,7,5,0.3586789934097332
238016,1,7,9,4.754388621058049
238023,1,7,8,17.51184403779182
238043,1,7,6,22.331273939139884
238048,1,7,5,0.3586789949470627
238073,1,7,8,22.713732532258337
238098,1,7,3,2.4126480209749777
238102,1,7,7,2.004958340536973
238112,1,7,6,20.728825258096172
238115,1,7,9,6.823653412305188
238117,1,7,10,9.397145226115521
238129,1,7,7,3.9784842831538025
238136,1,7,1,17.398183978361367
238155,1,7,8,13.346562472266855
238156,1,7,9,7.919388767655042
238171,1,7,8,13.443938431580976
238177,1,7,6,19.215266061890304
238182,1,7,1,14.427994279447097
238187,1,7,5,0.3586789934097332
238193,1,7,7,2.4919614176049993
238207,1,7,2,2.9992072002250305
238212,1,7,9,16.27536204884622
238221,1,7,4,0.3586790108976326
238232,1,7,5,0.3586789934097332
238246,1,7,9,24.415813576696422
238257,1,7,10,10.524763755180999
238259,1,7,10,18.384214619320815
238279,1,7,5,0.3586789934097332
238299,1,7,1,5.72021394463728
238308,1,7,6,22.2589783182561
238324,0,7,0,0.0235748629424654
238329,1,7,10,20.305809610180365
238337,0,7,0,0.01727212829293878
238339,1,7,1,21.784057915212696
238340,1,7,4,0.3586790108976326
238341,1,7,9,23.84978325921474
238350,1,7,10,15.431725146065444
238359,1,7,10,11.547852542431428
238377,1,7,9,16.52819288623423
238392,1,7,4,0.3586790108976326
238406,1,7,8,28.178861133626192
238421,1,7,4,0.3586790108976326
238426,1,7,9,8.330035895324231
238429,1,7,8,7.287891317352803
238431,1,7,10,13.513438062211874
238435,1,7,2,11.9433009269267
238450,1,7,8,9.835589799495347
238469,1,7,9,5.6193369645036375
238487,1,7,6,11.53600859929406
238502,1,7,9,24.136731815506117
238506,1,7,6,23.418236606535906
238513,1,7,9,24.828848125775615
238514,1,7,2,1.6486271008642648
238517,1,7,8,23.649282466433284
238520,1,7,9,25.888392448675628
238534,1,7,4,0.3586790108976326
238539,1,7,10,5.641807006682138
238556,1,7,4,0.3586790108976326
238577,1,7,6,6.628259726225905
238580,1,7,5,0.3586789934097332
238617,1,7,4,0.3586790108976326
238646,1,7,8,8.9850145216105
238652,1,7,9,25.473884380416695
238659,1,7,8,11.087283491912192
238671,1,7,6,23.597385634238563
238679,1,7,4,0.3586790108976326
238685,1,7,6,23.024022168609548
238686,1,7,8,10.699884372424018
238696,1,7,3,2.3316687240135967
238702,1,7,6,11.170099767588905
238704,1,7,1,14.728659118338118
238711,1,7,5,0.3586789934097332
238728,1,7,6,21.681757750610092
238732,0,7,0,0.05621806585200275
238742,1,7,4,0.3586790108976326
238759,0,7,0,0.16983645094818367
238775,1,7,8,16.73430821746074
238787,1,7,9,22.97399462542236
238809,0,7,0,0.02213534188055886
238816,1,7,5,0.3586789934097332
238820,1,7,8,22.321853885617053
238840,1,7,8,26.657543044959702
238860,1,7,1,21.80853705278332
238863,1,7,3,2.352020229100992
238875,1,7,9,5.789367355603956
238880,1,7,2,7.632975911212869
238890,0,7,0,0.019927239764472436
238892,1,7,9,13.065346789066565
238905,1,7,10,8.818183014532208
238923,1,7,4,0.3586790108976326
238941,1,7,4,0.3586790108976326
238959,1,7,10,21.23230154064046
238961,1,7,1,6.044094304874553
238964,1,7,8,19.691628804961695
238966,0,7,0,0.016626562655216007
238970,1,7,9,26.234348980075058
238972,1,7,5,0.3586789934097332
238988,1,7,8,25.2456176172573
238993,1,7,6,15.76417423962938
238994,1,7,9,12.207241986208144
238998,1,7,8,25.818969020535913
239015,1,7,9,22.6453572507807
239029,1,7,4,0.3586790108976326
239079,1,7,9,9.18624078648274
239086,1,7,4,0.3586790108976326
239087,1,7,8,4.352486665059367
239098,1,7,8,16.49453321296204
239115,1,7,8,17.45159413091803
239117,1,7,5,0.3586789934097332
239120,1,7,10,16.7159054764077
239122,1,7,9,14.364831268981145
239124,1,7,8,12.318173170997287
239126,1,7,6,23.594194335510167
239144,1,7,6,15.07410042378503
239156,1,7,1,10.439160890492094
239165,1,7,1,20.987345077472625
239169,1,7,8,20.03280191808367
239185,1,7,6,18.832395883919375
239196,1,7,9,14.35672190606595
239205,1,7,8,28.44373312835739
239217,1,7,8,25.776375174419233
239229,1,7,9,16.1956909483537
239241,1,7,10,21.07907582131492
239244,1,7,6,13.71835627314156
239247,1,7,5,0.3586789934097332
239251,1,7,9,26.3556132783044
239254,1,7,5,0.3586789934097332
239258,1,7,8,17.66455174006294
239264,1,7,6,19.84283391145822
239274,1,7,6,8.877107512563889
239287,1,7,5,0.3586789934097332
239288,1,7,6,23.29348834416522
239295,1,7,10,11.924135239705327
239309,1,7,6,10.669404371309238
239342,1,7,5,0.3586789934097332
239373,1,7,4,0.3586790108976326
239384,1,7,9,18.25861182664087
239402,1,7,9,11.969764515422003
239411,1,7,10,14.05563365809759
239421,1,7,9,13.686182406666253
239430,0,7,0,0.03258358174978315
239435,1,7,9,26.21985562897233
239441,0,7,0,0.027248930014630617
239445,1,7,10,20.912617985048165
239448,1,7,5,0.3586789934097332
239451,1,7,2,12.147015593207374
239460,1,7,9,18.380844965937225
239479,1,7,9,15.243342646091687
239500,1,7,8,3.2214147569666403
239516,1,7,1,21.567763300924764
239521,1,7,6,21.873076737429454
239522,1,7,8,20.113782427509356
239527,1,7,8,8.595848359107507
239530,0,7,0,0.01215639747361219
239531,1,7,4,0.3586790108976326
239536,1,7,9,14.575980224332929
239558,1,7,6,7.587730024302459
239565,1,7,9,11.64679273794004
239576,1,7,3,1.8796807748427464
239582,1,7,6,12.015875902391231
239589,1,7,5,0.3586789934097332
239613,1,7,5,0.3586789934097332
239621,1,7,1,9.560681467555698
239635,1,7,8,18.929495620887963
239640,1,7,9,25.53997873973583
239643,1,7,5,0.3586789949470627
239651,1,7,6,20.81003405290897
239653,1,7,5,0.3586789934097332
239654,1,7,6,20.841434849624818
239659,1,7,9,14.47375950040432
239661,1,7,8,16.245867144804702
239662,1,7,10,12.818258863460741
239676,1,7,1,8.97040516950673
239678,0,7,0,0.01699085893403518
239686,1,7,9,21.245387044566925
239689,1,7,9,15.63268293641358
239692,1,7,9,2.5993671869875943
239695,1,7,9,16.67497765155152
239723,1,7,6,14.530818048975085
239743,1,7,1,19.544412384376965
239769,1,7,8,12.4644606740685
239776,1,7,8,14.997486254732484
239785,0,7,0,0.01643528950803391
239795,1,7,10,11.743147323052764
239824,1,7,1,4.713125360937386
239842,1,7,9,20.63634191603121
239857,1,7,9,13.531204348189203
239864,1,7,8,16.12994391222317
239867,1,7,8,12.128447958075007
239868,1,7,4,0.3586790108976326
239870,1,7,5,0.3586789934097332
239874,0,7,0,0.016779359049979663
239878,1,7,4,0.3586790108976326
239898,1,7,1,21.778736242389922
239907,1,7,8,12.309993396675367
239911,1,7,5,0.3586789934097332
239914,1,7,6,23.05553517923877
239917,1,7,6,18.990431366776868
239934,1,7,6,8.559419124656356
239951,1,7,8,23.071970340882398
239971,1,7,2,13.844931025657843
239978,1,7,4,0.3586790108976326
239983,1,7,8,18.959450527323906
239986,0,7,0,0.013703821880895016
240013,1,7,6,23.851872550584755
240047,1,7,10,19.910339623020356
240059,1,7,6,13.996552326454724
240065,1,7,10,12.03097951836675
240073,1,7,6,17.56347160425996
240082,1,7,8,14.62369597280868
240087,1,7,7,2.3893173053171886
240094,1,7,9,13.759724676476306
240111,1,7,4,0.3586790108976326
240113,1,7,8,12.19163005105008
240118,1,7,9,25.939765499050093
240124,1,7,10,21.260474253446223
240125,1,7,10,17.192012000573595
240134,1,7,4,0.3586790108976326
240136,1,7,8,17.180779550130662
240139,1,7,9,12.341890452150485
240150,1,7,2,5.4780947302222325
240152,1,7,5,0.3586789934097332
240165,1,7,10,17.86337589492402
240182,1,7,5,0.3586789934097332
240193,1,7,8,6.8228882040578505
240198,1,7,5,0.3586789934097332
240205,1,7,9,15.578908267895129
240231,1,7,9,9.8004400526748
240253,1,7,8,16.944410248921017
240260,1,7,5,0.3586789949470627
240263,1,7,8,13.135625283116104
240268,1,7,2,5.953330771570549
240275,1,7,5,0.3586789934097332
240280,1,7,7,2.3840080176028304
240287,1,7,4,0.3586790108976326
240294,1,7,4,0.3586790108976326
240299,1,7,6,7.836056501130634
240314,1,7,9,6.052956384083251
240326,1,7,8,9.383121955511426
240348,1,7,10,15.587378496333429
240375,1,7,4,0.3586790108976326
240377,1,7,4,0.3586790108976326
240379,1,7,8,5.370894927404494
240387,1,7,9,15.872473030937913
240389,1,7,8,5.936624280687557
240419,1,7,4,0.3586790108976326
240433,1,7,1,16.254557407256094
240435,0,7,0,0.014141792625353969
240445,1,7,5,0.3586789934097332
240446,1,7,7,3.5882248945062694
240451,1,7,10,7.625956675715809
240456,1,7,1,12.46187436180669
240457,1,7,6,21.503377899908937
240460,1,7,8,14.45126161242486
240461,1,7,3,1.1753083050144435
240467,1,7,4,0.3586790108976326
240476,1,7,9,26.100423746733117
240478,1,7,9,23.749208718255797
240499,1,7,7,4.097133902925737
240507,1,7,8,16.974571623696768
240515,1,7,7,1.0735499802344615
240517,1,7,6,5.225946046056463
240518,1,7,9,20.357132425803332
240519,1,7,8,16.96939282620308
240527,1,7,1,11.976325958159846
240532,1,7,9,16.33012182259527
240533,1,7,5,0.3586789934097332
240542,1,7,3,2.35984199689444
240546,1,7,3,2.411722738571054
240552,1,7,8,24.742290540111924
240555,1,7,7,4.225381476612989
240564,1,7,6,22.11249631626476
240568,1,7,4,0.3586790108976326
240575,1,7,4,0.3586790108976326
240595,1,7,9,13.450442134833041
240598,1,7,10,12.436082943829792
240600,1,7,8,23.11041759945985
240603,1,7,9,14.56925698729351
240612,1,7,9,7.95130153158579
240616,1,7,8,24.273347557438996
240622,1,7,4,0.3586790108976326
240626,1,7,8,7.879852199808261
240639,1,7,10,20.977226219955227
240645,1,7,6,12.619936101846202
240650,1,7,6,19.182355170762715
240654,1,7,9,4.600208942530166
240655,1,7,4,0.3586790108976326
240667,1,7,7,2.6326424079609687
240669,1,7,8,12.643252426722883
240682,1,7,3,2.1359976473146873
240724,1,7,5,0.3586789934097332
240728,1,7,10,21.241262555404788
240731,1,7,8,22.43179972461048
240733,1,7,7,4.065700207706185
240753,1,7,4,0.3586790108976326
240762,1,7,5,0.3586789934097332
240764,1,7,8,26.670996717884705
240785,1,7,10,11.344269453622017
240789,1,7,1,9.60793671732521
240791,1,7,6,21.070130565976516
240798,1,7,5,0.3586789934097332
240807,0,7,0,0.028908084087770118
240814,1,7,8,22.62788108752989
240819,1,7,7,3.6244817533206732
240826,1,7,7,2.0196682320563397
240837,1,7,6,11.142445842860331
240845,1,7,5,0.3586789934097332
240848,0,7,0,0.02344976946252892
240859,1,7,4,0.3586790108976326
240878,1,7,6,21.6303138011629
240889,1,7,8,24.079847522773793
240892,1,7,6,14.360109107544481
240898,1,7,9,14.10722878433728
240899,1,7,8,24.015544493072557
240903,1,7,2,12.246119798676832
240921,1,7,4,0.3586790108976326
240926,1,7,4,0.3586790108976326
240927,1,7,4,0.3586790108976326
240953,1,7,6,15.150824073679589
240954,0,7,0,0.019178439110787412
240964,1,7,1,12.436054264835061
240981,1,7,10,4.447046795760348
240982,1,7,9,25.460505538482224
240983,1,7,6,13.146662774786058
240986,1,7,4,0.358679009087165
241006,1,7,6,11.080828090972947
241012,1,7,4,0.3586790108976326
241018,1,7,1,18.37236296439352
241019,1,7,8,22.071765117264356
241046,1,7,8,28.187823674697405
241049,1,7,5,0.3586789934097332
241057,1,7,7,4.2188396476968455
241062,1,7,6,14.277028285829953
241064,1,7,9,13.629662438929532
241075,1,7,5,0.3586789934097332
241085,1,7,9,21.021109525558966
241096,1,7,4,0.3586790108976326
241097,1,7,7,1.6683044121917525
241104,1,7,1,15.931696595628251
241110,1,7,6,18.96152332159545
241113,1,7,1,6.300264428915471
241122,1,7,9,12.739847921680028
241149,1,7,9,16.777757998276748
241154,1,7,6,7.561623619279257
241156,1,7,4,0.3586790108976326
241162,1,7,9,18.104613140184874
241166,1,7,9,14.84574813248574
241168,1,7,10,14.775240157816903
241169,1,7,6,23.464414596072604
241192,1,7,8,24.757127955251224
241200,1,7,7,3.619730891010896
241204,1,7,8,5.879368312198383
241243,1,7,5,0.3586789934097332
241248,1,7,1,8.399090932452225
241256,1,7,4,0.3586790108976326
241258,1,7,6,18.98469429572697
241264,1,7,9,20.66991779843161
241277,1,7,1,14.661493751506724
241288,1,7,9,6.0438614017542385
241289,1,7,10,13.655145415838536
241292,1,7,8,14.911579048993143
241293,1,7,7,0.3767225278801332
241302,1,7,8,8.473167661349555
241319,1,7,9,16.75123114543514
241320,1,7,6,14.793091675238273
241325,0,7,0,0.016760223018070366
241335,1,7,9,14.775298389411477
241339,1,7,9,11.542440176782952
241340,0,7,0,0.2130422102014164
241350,1,7,10,5.3799601377397055
241362,1,7,2,11.309471581804305
241373,1,7,5,0.3586789934097332
241384,1,7,8,26.33427694716554
241402,1,7,9,10.86056623287131
241403,1,7,10,4.902454122232794
241418,1,7,10,4.497829968267201
241422,1,7,7,1.073325212152995
241430,1,7,10,21.23337170169247
241432,1,7,9,9.225271985196255
241454,0,7,0,0.013970399086198761
241473,0,7,0,0.01846036085221377
241480,1,7,6,21.04011220931505
241498,1,7,9,16.66027882365613
241508,1,7,3,1.5353240366956606
241512,1,7,6,18.31964096589921
241518,1,7,5,0.3586789934097332
241522,1,7,1,11.238516573903409
241568,1,7,6,20.074634941573656
241575,1,7,4,0.358679009087165
241582,1,7,1,12.853486000879002
241587,1,7,10,11.524141491062
241588,1,7,9,13.50018704279821
241596,1,7,4,0.3586790108976326
241638,1,7,8,22.551987078514717
241642,1,7,6,19.68379195116554
241646,1,7,8,9.225364092702113
241651,1,7,10,14.497443067142273
241656,1,7,1,17.815153612144393
241665,1,7,9,24.947314939548587
241671,1,7,3,0.8813209221309128
241684,1,7,7,4.564089544980737
241688,1,7,6,22.439768588895635
241689,1,7,2,11.258201502916762
241714,1,7,5,0.3586789934097332
241720,1,7,9,26.425932694858055
241728,1,7,10,20.86955486045262
241756,1,7,6,7.0000053209839965
241757,1,7,1,16.005087828855252
241766,1,7,4,0.3586790108976326
241782,1,7,6,13.514709735511428
241789,1,7,8,13.645482076974456
241791,1,7,6,13.408988662007701
241811,1,7,6,19.52452901577638
241841,1,7,9,24.12053035739702
241843,1,7,9,5.771822843700015
241847,0,7,0,0.012281985659241304
241852,1,7,10,11.694480450146967
241867,1,7,8,25.41121352474932
241874,1,7,6,18.056864083865452
241887,1,7,5,0.3586789934097332
241889,0,7,0,0.18028847961659097
241896,1,7,5,0.3586789949470627
241911,1,7,4,0.3586790108976326
241922,1,7,9,13.775075667135079
241932,1,7,8,18.686339565645124
241933,1,7,8,18.408757614727914
241938,1,7,8,19.417586087105708
241952,1,7,6,23.025826390701585
241973,1,7,9,4.909145604956431
242025,0,7,0,0.022039850665884007
242031,1,7,6,13.17082449526196
242034,1,7,1,4.336463076402458
242061,1,7,10,10.60070796370989
242107,1,7,9,25.83037109174474
242108,1,7,9,13.61890863233837
242124,1,7,9,24.623830617774225
242128,1,7,5,0.3586789934097332
242164,1,7,9,12.207811980033473
242175,1,7,9,15.694855619889315
242176,1,7,8,8.747853390027778
242194,1,7,10,20.777196943761904
242203,1,7,8,3.0825416496600555
242211,1,7,4,0.3586790108976326
242254,1,7,6,20.336446226683208
242262,1,7,6,21.89012894176308
242266,1,7,6,21.107646361498837
242274,1,7,8,23.468576871832948
242280,1,7,6,12.526221266442185
242282,1,7,9,14.270533776938434
242302,1,7,8,5.741710910732381
242340,1,7,5,0.3586789934097332
242342,1,7,6,17.560831043316977
242343,1,7,10,12.550404866810858
242355,1,7,3,1.1887122670381025
242371,0,7,0,0.014994036810324842
242377,1,7,4,0.3586790108976326
242396,1,7,10,16.597442766251476
242404,1,7,8,11.114786862546262
242406,1,7,9,19.033121893655778
242408,1,7,6,23.879648056683788
242412,1,7,5,0.3586789934097332
242413,1,7,9,9.427208261183791
242436,1,7,9,24.595595855286014
242439,1,7,4,0.3586790108976326
242444,1,7,10,7.1927842781167906
242454,1,7,3,2.226629228595347
242462,1,7,3,2.0774452266081513
242463,1,7,10,15.451299318297538
242471,1,7,4,0.3586790108976326
242473,1,7,6,11.28705434445318
242488,1,7,6,12.472931037238462
242495,1,7,5,0.3586789934097332
242514,1,7,10,15.581636631072396
242525,1,7,5,0.3586789934097332
242528,1,7,9,16.194667762219005
242531,0,7,0,0.02730957663406923
242533,1,7,3,2.423303826256455
242541,1,7,6,23.390510936336117
242547,1,7,1,17.47202001386736
242550,0,7,0,0.015670835240335537
242555,1,7,1,8.891801459160174
242556,1,7,4,0.3586790108976326
242581,1,7,3,2.095616200294217
242590,1,7,9,25.7107781957562
242593,1,7,7,1.2924356164018886
242613,1,7,5,0.3586789949470627
242642,1,7,9,19.58998739554029
242691,1,7,6,23.056409400417433
242698,1,7,8,8.835555595399407
242701,1,7,8,4.8107962728984734
242709,1,7,6,9.180757491225604
242746,1,7,3,2.1725738314206606
242771,1,7,5,0.3586789934097332
242772,1,7,10,7.728407214519352
242781,1,7,1,6.057315575191041
242788,1,7,5,0.3586789934097332
242819,1,7,7,1.9481801207232847
242835,0,7,0,0.03488900996400579
242842,1,7,9,23.93807506791545
242869,1,7,9,15.987996856586891
242871,1,7,9,25.916514547426388
242891,1,7,8,28.3069896314928
242911,1,7,9,23.08534173256946
242915,1,7,9,23.284169358947306
242929,1,7,8,20.219803729938143
242932,1,7,9,19.93243616336928
242986,1,7,8,28.543453843424977
242990,1,7,6,22.637340381137005
242996,1,7,10,15.35992129062214
242998,1,7,6,6.074889247977369
243011,1,7,8,7.599667744148978
243012,1,7,1,21.79896727127811
243015,1,7,3,1.6089531166802724
243022,1,7,9,23.90286299089322
243040,1,7,5,0.3586789934097332
243042,1,7,4,0.3586790108976326
243046,1,7,4,0.358679009087165
243053,1,7,5,0.3586789949470627
243058,1,7,3,2.285575851190017
243082,1,7,8,26.920467052950038
243102,1,7,9,23.51652284068759
243103,1,7,6,13.870558951897605
243106,1,7,5,0.3586789934097332
243115,0,7,0,0.02228786889246063
243117,1,7,8,23.662351611920933
243126,1,7,9,23.205765820177135
243142,0,7,0,0.01197160665134612
243148,1,7,8,7.10567651002627
243155,1,7,6,17.263403131031776
243157,1,7,6,13.230933011094772
243159,1,7,8,15.284399880293495
243167,1,7,9,24.764101646079336
243168,1,7,9,12.774647302326732
243198,1,7,4,0.3586790108976326
243206,1,7,1,15.00172544040136
243214,1,7,9,23.11707510802349
243242,1,7,1,11.229539283706476
243258,1,7,7,4.120880602994346
243274,1,7,6,8.132572396688511
243280,1,7,9,20.67183965128296
243285,1,7,4,0.3586790108976326
243315,1,7,9,26.355792906515216
243333,1,7,1,10.257878550222397
243336,1,7,8,16.530006713951824
243339,1,7,4,0.3586790108976326
243341,1,7,10,4.125022761003629
243345,1,7,9,14.245939911783296
243350,1,7,9,20.293943198035283
243364,1,7,8,17.380866228223287
243371,1,7,3,2.3423609895168487
243375,1,7,8,4.173610587282941
243377,1,7,4,0.3586790108976326
243384,1,7,2,13.899173380553387
243393,1,7,6,13.537396188074458
243397,1,7,9,24.94401727205026
243413,1,7,5,0.3586789934097332
243420,1,7,10,4.6961303381502715
243437,1,7,9,16.389038269330985
243469,1,7,9,23.895044674255875
243478,1,7,9,13.374866871435158
243479,1,7,9,6.195478538833468
243481,1,7,8,7.418402707005441
243484,1,7,5,0.3586789934097332
243507,0,7,0,0.017013376098746702
243508,1,7,2,10.653218078292106
243513,1,7,5,0.3586789934097332
243526,1,7,6,20.192829355353496
243552,1,7,6,14.913018106927302
243555,0,7,0,0.020754387140656673
243575,1,7,4,0.3586790108976326
243590,1,7,10,9.31002112294552
243596,1,7,7,0.877432896401495
243604,1,7,9,22.921284972344424
243612,0,7,0,0.028039845418794573
243616,1,7,5,0.3586789934097332
243623,1,7,5,0.3586789934097332
243644,1,7,9,26.224556786458308
243645,1,7,6,5.306399984912747
243650,1,7,9,12.436222526961586
243656,1,7,2,7.427237126862979
243677,1,7,2,13.831883311153183
243687,1,7,5,0.3586789949470627
243694,1,7,5,0.3586789934097332
243711,1,7,4,0.3586790108976326
243731,1,7,1,17.010873752207896
243743,1,7,9,23.458043297159776
243764,1,7,5,0.3586789934097332
243782,1,7,5,0.3586789934097332
243786,1,7,9,25.546150824101172
243789,1,7,6,15.582732745600708
243792,1,7,8,26.407491856160878
243823,1,7,6,13.181735114576048
243826,1,7,6,10.094692029854041
243827,1,7,8,3.948995879204691
243832,1,7,3,2.373726510843472
243840,1,7,2,14.001235748562632
243860,1,7,4,0.3586790108976326
243867,1,7,8,9.445620328850344
243871,1,7,8,22.635941395912162
243894,1,7,5,0.3586789934097332
243898,1,7,7,4.462569778373496
243911,1,7,6,21.311325675649226
243917,0,7,0,0.01230366810102028
243924,1,7,4,0.3586790108976326
243928,1,7,4,0.3586790108976326
243935,1,7,9,10.270387741377828
243937,1,7,8,4.903915568246753
243938,1,7,10,11.29707510099812
243945,1,7,5,0.3586789934097332
243946,1,7,10,5.324790723431489
243949,1,7,5,0.3586789934097332
243950,1,7,4,0.3586790108976326
243956,1,7,4,0.358679009087165
243965,1,7,5,0.3586789949470627
243967,1,7,8,25.731709439241225
243981,1,7,1,13.942276955719825
244010,1,7,7,4.4825409469892845
244012,1,7,8,18.017735934041777
244023,1,7,3,2.0177404835902095
244025,1,7,6,18.876913041859453
244027,1,7,6,21.8473875878532
244031,1,7,10,11.061407641151588
244036,1,7,9,7.606613326791626
244052,0,7,0,0.012131996112538125
244068,1,7,8,21.654307005205958
244076,1,7,9,23.663842459695577
244079,1,7,9,19.368376009784875
244081,1,7,1,6.0364268923239415
244113,1,7,5,0.3586789934097332
244118,1,7,4,0.3586790108976326
244156,1,7,4,0.3586790108976326
244164,1,7,8,23.03080913050305
244182,1,7,2,9.15663283007559
244183,1,7,2,13.872948996399602
244185,1,7,8,26.847645410552524
244188,1,7,8,25.26020227667181
244193,1,7,7,4.338099393168908
244205,1,7,3,1.8123586062331571
244208,1,7,4,0.3586790108976326
244210,1,7,6,23.99462690435965
244218,1,7,8,17.576073609552356
244222,0,7,0,0.016002021757942124
244252,1,7,7,1.5660414085787129
244259,1,7,9,16.70322516696164
244311,1,7,1,5.113803269628967
244332,1,7,8,22.731255308400993
244346,1,7,9,10.98160093664762
244353,1,7,1,17.445286604931486
244358,1,7,9,6.5232949052046685
244360,0,7,0,0.012344024521692473
244383,1,7,5,0.3586789934097332
244398,1,7,5,0.3586789934097332
244404,1,7,1,20.8758049862483
244424,1,7,5,0.3586789934097332
244441,1,7,4,0.3586790108976326
244442,1,7,7,2.7928177949806323
244470,1,7,6,7.57673688383562
244492,1,7,9,15.228401092871769
244499,1,7,2,11.819277036853482
244506,1,7,9,15.361668201555203
244524,1,7,8,10.261076727869284
244525,1,7,1,18.1907549429857
244527,1,7,8,17.259588121316636
244546,1,7,4,0.3586790108976326
244554,1,7,8,17.6726878666421
244577,1,7,4,0.3586790108976326
244589,1,7,5,0.3586789934097332
244593,1,7,8,26.617340890203756
244597,1,7,3,2.3503985473549127
244602,1,7,7,2.819385859155148
244613,1,7,4,0.3586790108976326
244626,1,7,9,12.498457844010723
244636,1,7,5,0.3586789934097332
244637,1,7,5,0.3586789934097332
244643,1,7,10,10.464054263595855
244649,1,7,10,21.23483006032101
244662,1,7,5,0.3586789949470627
244670,1,7,9,24.235362802438615
244684,1,7,8,25.643540476116385
244702,1,7,1,7.846702309099325
244703,1,7,9,25.80668005129858
244705,1,7,4,0.3586790108976326
244721,1,7,8,17.230105397555985
244750,1,7,9,20.211333230632725
244760,1,7,5,0.3586789934097332
244779,1,7,5,0.3586789934097332
244794,1,7,1,9.090654831856554
244806,1,7,9,8.402308932242892
244813,1,7,8,15.306435043332469
244829,1,7,3,1.9223658661769722
244834,1,7,4,0.3586790108976326
244841,1,7,7,2.514557431054765
244842,1,7,6,14.060846553077939
244851,1,7,9,25.796689633894857
244853,1,7,9,26.263587241218655
244854,1,7,6,20.774790922609395
244857,1,7,6,8.668754642833377
244868,1,7,4,0.3586790108976326
244875,1,7,8,23.129714767691738
244883,1,7,8,22.907973717097605
244895,1,7,5,0.3586789934097332
244900,1,7,10,21.16067991563431
244922,1,7,10,21.01025633104525
244923,1,7,7,2.5864143365375236
244938,1,7,8,22.48105333855747
244947,1,7,4,0.3586790108976326
244956,1,7,6,12.745347949838337
244957,1,7,8,16.035832849662114
244964,1,7,6,17.994265160926627
244967,1,7,9,15.724236276430174
244969,1,7,9,10.609946586848347
244972,1,7,5,0.3586789934097332
244979,1,7,9,15.733898488763266
244980,1,7,4,0.3586790108976326
244999,1,7,8,20.382726370549033
245014,1,7,4,0.3586790108976326
245030,1,7,8,16.14668403965556
245031,1,7,6,23.369933257690512
245032,1,7,4,0.3586790108976326
245041,1,7,5,0.3586789934097332
245043,1,7,6,21.309918499818195
245047,1,7,9,24.6885325447514
245052,1,7,7,4.577116072891509
245055,1,7,1,20.60578968267435
245059,1,7,4,0.3586790108976326
245067,1,7,9,26.248947052964382
245070,1,7,10,21.260102798906384
245074,1,7,9,24.224684011171806
245087,1,7,8,15.753975029553848
245089,1,7,10,4.322438065270105
245101,1,7,6,23.14619631670623
245103,1,7,9,25.311236542497205
245104,1,7,9,10.884044794129657
245107,1,7,5,0.3586789934097332
245109,1,7,8,28.351531345336983
245138,1,7,6,23.400616352796582
245148,1,7,6,9.540184204063234
245149,1,7,9,18.25938145513641
245153,1,7,4,0.3586790108976326
245157,1,7,10,4.8356360607351885
245178,1,7,8,21.22575119836476
245180,1,7,8,23.707565704867296
245185,1,7,3,0.6483850866897933
245187,1,7,6,18.36398011189738
245208,1,7,2,11.440912883992233
245211,1,7,1,17.30948186037855
245222,1,7,4,0.3586790108976326
245223,1,7,9,25.988082960118117
245224,1,7,8,24.908538606467374
245229,1,7,5,0.3586789934097332
245230,0,7,0,0.2878426696746631
245234,0,7,0,0.02339923374800477
245244,1,7,8,4.760961744991748
245251,1,7,5,0.3586789934097332
245266,1,7,6,13.848523151487036
245270,1,7,5,0.3586789934097332
245278,1,7,8,19.05550388393948
245297,1,7,5,0.3586789934097332
245308,0,7,0,0.025258512240308482
245312,1,7,5,0.3586789934097332
245317,1,7,9,24.33828375822158
245319,1,7,5,0.3586789934097332
245324,1,7,9,15.679102096359479
245326,1,7,9,24.629308995939365
245342,1,7,9,4.885775773325302
245347,1,7,10,4.3736076167051126
245354,1,7,8,13.4333646567553
245359,0,7,0,0.040551166013321545
245371,1,7,1,23.208564806352204
245374,1,7,5,0.3586789934097332
245375,1,7,9,23.5405696434955
245379,1,7,8,17.738743587092568
245393,1,7,6,23.86982640451758
245395,1,7,9,14.150610330615388
245396,1,7,6,19.82403678841079
245410,1,7,1,13.781430436670721
245461,1,7,8,9.750013517429933
245466,1,7,6,14.195608528165812
245474,1,7,9,24.11069516118084
245476,1,7,5,0.3586789934097332
245527,1,7,8,21.349132982591012
245538,1,7,9,25.95375403237172
245575,1,7,5,0.3586789934097332
245576,1,7,3,2.113555916504581
245600,1,7,9,13.686683057413436
245602,1,7,9,21.44643551906617
245608,1,7,8,3.5433652323682012
245615,1,7,7,2.4141844934573795
245634,1,7,5,0.3586789934097332
245637,1,7,9,18.366433364720105
245639,1,7,5,0.3586789934097332
245640,0,7,0,0.02005404011801159
245657,1,7,8,9.024864865175335
245678,1,7,5,0.3586789934097332
245682,1,7,7,2.330588821989175
245701,1,7,4,0.3586790108976326
245733,1,7,9,17.41505899803606
245739,0,7,0,0.0255937143802443
245754,1,7,10,11.600102603285457
245758,1,7,4,0.3586790108976326
245766,1,7,4,0.3586790108976326
245777,1,7,6,22.52246427192866
245788,0,7,0,0.02806943272027879
245802,1,7,6,11.092071208691694
245803,1,7,5,0.3586789949470627
245822,1,7,1,18.17186001573443
245834,1,7,3,2.363323345277259
245852,1,7,1,19.37594342927682
245873,1,7,5,0.3586789934097332
245885,1,7,4,0.3586790108976326
245903,1,7,6,20.069381357099573
245907,1,7,6,7.0469064494267855
245910,0,7,0,0.0281907068703768
245932,1,7,3,2.273653407258063
245938,1,7,6,23.724792623693798
245954,1,7,4,0.3586790108976326
245996,1,7,6,21.50628852200552
246005,1,7,6,21.002358565871784
246009,1,7,4,0.3586790108976326
246012,1,7,1,19.219511472663683
246069,1,7,5,0.3586789934097332
246090,1,7,10,8.889303928495412
246098,1,7,4,0.3586790108976326
246106,1,7,6,13.708128081307624
246119,1,7,8,25.2293579726428
246126,1,7,4,0.3586790108976326
246128,1,7,6,6.575555772998439
246130,1,7,10,4.520457811916539
246134,1,7,5,0.3586789934097332
246138,1,7,8,23.899126494698386
246146,1,7,9,18.709599814474707
246149,1,7,10,11.067951269928017
246156,1,7,5,0.3586789934097332
246162,1,7,3,0.7986223154669354
246163,1,7,8,23.103001603997008
246164,1,7,8,5.334348860249506
246184,1,7,3,2.4364069062941613
246193,1,7,9,12.027892007287754
246202,1,7,5,0.3586789934097332
246212,1,7,9,14.573367473951985
246228,1,7,1,20.8348903290587
246241,1,7,1,19.194795776834034
246247,1,7,8,6.405746843403396
246260,1,7,4,0.3586790108976326
246273,1,7,10,16.698428534084826
246284,1,7,8,27.581866151613685
246289,1,7,1,15.588839888428904
246295,1,7,8,20.19973180708911
246297,1,7,7,2.788129051084955
246302,1,7,7,4.4793927250121115
246303,1,7,9,18.672228438197298
246310,1,7,9,7.624144701546507
246331,1,7,4,0.3586790108976326
246339,1,7,9,26.09232359364568
246351,1,7,7,4.071056169175137
246364,1,7,9,16.928575527428432
246367,0,7,0,0.015987900616855965
246396,1,7,6,14.004122542425089
246397,1,7,8,19.445695591723496
246400,1,7,4,0.3586790108976326
246407,1,7,9,5.1969415777111045
246411,1,7,1,16.95003992081531
246412,1,7,9,12.020259601297145
246430,1,7,9,14.689876958444353
246456,1,7,10,16.71825652294082
246460,1,7,9,21.04224183571239
246479,1,7,4,0.3586790108976326
246488,1,7,8,17.585320779566135
246508,1,7,5,0.3586789949470627
246515,0,7,0,0.013847374422828804
246524,1,7,7,4.1489821798624025
246534,0,7,0,0.029608024313515575
246547,1,7,10,9.206979978943581
246550,1,7,9,25.93215821819063
246570,1,7,4,0.3586790108976326
246586,1,7,9,15.422660894913955
246604,1,7,9,25.94319760774947
246615,1,7,1,8.54819478969274
246619,1,7,9,16.050887021314644
246626,0,7,0,0.01786822252706959
246650,1,7,7,0.5375420905583493
246667,1,7,5,0.3586789934097332
246679,1,7,7,4.163173200052663
246724,1,7,6,23.12456587043988
246725,1,7,4,0.3586790108976326
246729,1,7,8,3.1417986634153783
246747,1,7,6,11.662034917821043
246773,1,7,4,0.3586790108976326
246775,1,7,5,0.3586789934097332
246782,1,7,10,16.411514368505514
246791,1,7,2,2.3557751417944526
246795,0,7,0,0.20901074128797986
246796,1,7,9,19.39646228549856
246812,1,7,5,0.3586789934097332
246816,1,7,10,20.812047933306204
246822,1,7,2,4.524871513212017
246847,1,7,8,17.856777090558413
246848,0,7,0,0.016093135741047884
246858,1,7,5,0.3586789934097332
246863,1,7,8,4.029906114032267
246865,1,7,10,19.40492925299022
246883,1,7,1,8.892565400191375
246902,1,7,6,11.192583148946909
246904,1,7,5,0.3586789934097332
246913,1,7,7,1.653231304703521
246919,1,7,9,8.238825813921704
246926,1,7,10,9.409479112431299
246930,1,7,8,21.35331042914626
246935,1,7,1,21.759979339494894
246939,1,7,9,24.35672853661311
246943,1,7,8,12.348614208678564
246945,1,7,6,10.84846710672768
246953,1,7,5,0.3586789934097332
246964,1,7,5,0.3586789934097332
246977,1,7,1,17.9906133579075
246979,1,7,5,0.3586789934097332
246987,1,7,8,23.086892148412954
246992,1,7,4,0.3586790108976326
247002,1,7,1,17.124492381707388
247021,1,7,7,1.5140001950125022
247025,1,7,8,16.314220208400517
247029,1,7,10,6.958609173184435
247051,1,7,7,4.549769553426265
247057,1,7,9,15.90702423461689
247060,0,7,0,0.2449107359955348
247066,1,7,9,23.252317463951975
247079,1,7,9,23.00537672449101
247082,1,7,4,0.3586790108976326
247096,1,7,8,18.23023542978238
247110,1,7,8,18.681520108729703
247114,1,7,8,14.121422057265338
247122,1,7,10,20.90699296685932
247123,1,7,6,13.227805953150938
247131,1,7,9,10.90765498991735
247155,1,7,1,18.496143418771545
247157,1,7,8,8.685320732196747
247162,1,7,5,0.3586789934097332
247175,1,7,9,23.266230359530226
247176,1,7,8,20.87923272444658
247180,1,7,10,4.4714954915191285
247187,1,7,5,0.3586789934097332
247193,1,7,9,25.69223079976665
247208,1,7,8,19.791924998643943
247209,1,7,8,12.863503140048065
247218,1,7,10,19.7014283877623
247219,1,7,1,6.1186728180378
247231,1,7,6,21.047501544725364
247234,1,7,9,17.17729409395744
247245,1,7,6,9.181699792981917
247261,1,7,2,10.004690171195449
247265,1,7,10,19.09274812281511
247269,1,7,8,9.977983784728824
247276,1,7,8,17.98535721806188
247280,1,7,7,1.436873353894134
247293,1,7,9,10.92264479865497
247300,1,7,1,17.02161179531516
247313,1,7,4,0.3586790108976326
247314,1,7,6,18.51800077037564
247324,1,7,1,22.05954324537135
247326,1,7,9,26.13282560261491
247328,1,7,7,1.7685846457928394
247343,1,7,1,13.874209052349375
247353,1,7,7,1.4634801457070663
247354,0,7,0,0.015165159211588904
247362,1,7,4,0.358679009087165
247365,1,7,8,19.518126468145717
247370,1,7,4,0.3586790108976326
247373,1,7,10,6.624002796873732
247401,1,7,5,0.3586789934097332
247410,1,7,9,24.63008709468698
247415,1,7,6,14.527681368870189
247417,0,7,0,0.01698349041056766
247428,1,7,4,0.3586790108976326
247430,1,7,8,8.712886381697325
247458,1,7,9,18.829447547134585
247460,1,7,7,4.634077400861935
247472,1,7,5,0.3586789934097332
247477,1,7,6,10.597478521369354
247478,1,7,2,12.93522036136839
247501,1,7,8,12.571583609266758
247502,1,7,4,0.3586790108976326
247544,1,7,9,8.174016189946885
247548,1,7,9,3.2315914498999194
247559,0,7,0,0.021938273754808512
247563,0,7,0,0.22993879915288
247575,1,7,9,3.7109421305666284
247591,1,7,9,26.255589816741363
247595,1,7,6,15.130789257866843
247597,1,7,4,0.3586790108976326
247618,1,7,2,12.969021349410543
247622,1,7,8,12.00099006303606
247638,0,7,0,0.011730900205753585
247664,1,7,5,0.3586789934097332
247668,1,7,6,20.75297930535559
247671,1,7,10,17.290152307237193
247679,1,7,3,2.251230514933418
247696,1,7,5,0.3586789949470627
247701,1,7,8,13.56338486868898
247708,1,7,9,20.69395900123619
247714,1,7,2,11.326494057980034
247716,1,7,8,18.017032112197995
247720,1,7,9,18.648068844157795
247724,1,7,5,0.3586789934097332
247732,1,7,6,12.499084692411408
247744,1,7,5,0.3586789934097332
247745,1,7,8,25.76210384732256
247757,1,7,6,10.345113652665553
247766,1,7,5,0.3586789934097332
247782,1,7,9,3.1078402422975335
247792,1,7,6,12.57596537397083
247808,1,7,4,0.3586790108976326
247819,1,7,4,0.3586790108976326
247827,1,7,8,9.58678297475017
247844,1,7,8,23.300766728398198
247846,1,7,9,16.22541315516173
247847,1,7,7,2.8902000158034094
247863,1,7,5,0.3586789934097332
247870,1,7,8,24.076397180498972
247880,1,7,7,4.132703420614847
247895,1,7,8,23.129975237813362
247905,1,7,3,2.0818530615917408
247918,1,7,9,8.983767827037385
247932,1,7,9,3.808996054913759
247943,1,7,9,23.93408876156102
247982,1,7,5,0.3586789934097332
247985,1,7,6,12.455087064232739
247997,1,7,8,27.278144742226623
247998,0,7,0,0.012992204470797375
248008,1,7,9,9.686526113250553
248017,1,7,7,1.7951264649493681
248032,1,7,3,2.2087556619950615
248034,1,7,8,21.47941660544142
248039,1,7,5,0.3586789934097332
248043,1,7,6,20.61946763661428
248066,1,7,1,13.06496119582015
248078,1,7,1,20.540441975483656
248079,1,7,6,23.72876916341506
248093,1,7,4,0.3586790108976326
248105,1,7,10,18.132518686170695
248120,1,7,9,23.715623866889523
248142,1,7,10,9.443094560106603
248164,1,7,10,11.823071101635003
248166,1,7,10,9.019289879762344
248168,0,7,0,0.016636705279937256
248194,1,7,8,13.638060507931172
248246,1,7,3,1.794136385374031
248254,1,7,9,19.407048724311228
248263,1,7,8,14.217916693731507
248267,1,7,9,18.711401186666656
248284,1,7,3,2.17187171164176
248287,1,7,9,24.116554278220857
248303,1,7,2,10.928951051942189
248310,1,7,5,0.3586789934097332
248312,1,7,8,17.633135501472157
248323,1,7,10,5.140125203538139
248325,1,7,6,11.846448591903705
248334,1,7,10,5.264101816538667
248335,1,7,8,28.523253041743484
248343,1,7,3,2.2882127531819454
248347,1,7,8,17.573455919224536
248352,1,7,6,14.570305910233706
248358,1,7,9,9.876340722174056
248360,1,7,1,21.572837306341896
248363,1,7,5,0.3586789934097332
248394,1,7,9,15.623438957925552
248413,1,7,3,2.1079408680427916
248434,1,7,7,1.248067399406058
248452,1,7,7,3.657983372310598
248453,1,7,10,20.712782410477356
248460,1,7,10,11.523248043530733
248480,1,7,5,0.3586789934097332
248488,1,7,4,0.3586790108976326
248491,1,7,1,19.47112475645324
248492,1,7,4,0.3586790108976326
248498,1,7,5,0.3586789934097332
248502,1,7,7,0.5609221468476447
248506,1,7,9,22.28989153742454
248525,1,7,6,10.93267308784872
248526,1,7,4,0.3586790108976326
248532,1,7,9,14.82593983499436
248537,1,7,9,16.382054956308014
248560,1,7,4,0.3586790108976326
248564,1,7,8,18.328598491810116
248567,1,7,8,6.360955769089032
248576,1,7,9,10.178849607820327
248579,1,7,9,26.361038386338272
248580,1,7,9,23.98428307844428
248584,1,7,4,0.3586790108976326
248606,1,7,5,0.3586789934097332
248626,1,7,6,5.603674406419979
248628,1,7,3,2.44045501977665
248635,1,7,5,0.3586789934097332
248637,1,7,2,13.65171783092681
248644,1,7,4,0.358679009087165
248645,1,7,10,4.652574158062825
248647,1,7,8,21.195399850132535
248654,1,7,4,0.3586790108976326
248657,1,7,7,2.861282271712551
248676,1,7,1,10.893374934526438
248680,1,7,5,0.3586789934097332
248686,1,7,5,0.3586789934097332
248704,1,7,4,0.3586790108976326
248707,1,7,9,13.216714269135114
248733,1,7,4,0.3586790108976326
248734,1,7,10,18.76746538497745
248749,1,7,4,0.3586790108976326
248757,1,7,5,0.3586789934097332
248758,1,7,5,0.3586789934097332
248763,1,7,3,2.272582995730503
248777,1,7,4,0.3586790108976326
248783,1,7,10,17.4290010936478
248789,1,7,7,3.76542971127212
248791,1,7,6,17.554040669502903
248806,1,7,7,2.4709189460983585
248819,1,7,5,0.3586789934097332
248821,1,7,6,15.31565906526597
248826,1,7,5,0.3586789934097332
248829,1,7,5,0.3586789934097332
248833,1,7,10,17.284853231558504
248838,1,7,1,4.3182506586408795
248841,1,7,5,0.3586789934097332
248850,1,7,3,2.3698213422079615
248867,1,7,10,3.802291833070399
248874,1,7,9,11.512462875058073
248880,1,7,1,5.248137543651618
248883,1,7,6,14.456615437808837
248896,1,7,5,0.3586789934097332
248903,1,7,4,0.3586790108976326
248912,1,7,4,0.3586790108976326
248949,1,7,9,11.997944918196628
248959,1,7,1,21.46241685619384
248962,0,7,0,0.02472537206424185
248966,1,7,6,7.245098281528215
248967,1,7,1,8.847189184609967
248969,1,7,9,15.509108608529125
248975,0,7,0,0.02544451284129364
248988,1,7,9,22.319290195278235
249007,1,7,9,26.092492718891254
249022,1,7,8,13.447383443273042
249030,1,7,8,25.889523689508966
249031,1,7,8,8.873711282320143
249032,1,7,6,16.15896888854058
249037,1,7,5,0.3586789934097332
249060,1,7,6,20.724531558132014
249070,1,7,9,25.26734167976276
249071,1,7,4,0.3586790108976326
249088,1,7,9,19.351389364125772
249109,1,7,6,11.07333116520374
249140,1,7,6,9.350292250478232
249142,1,7,5,0.3586789934097332
249147,1,7,5,0.3586789934097332
249154,1,7,6,5.735856091582739
249185,1,7,9,23.096339568992125
249188,1,7,10,7.716157573036087
249206,1,7,6,23.191173108489355
249218,1,7,9,24.618542031081468
249233,1,7,10,14.643688772468522
249236,1,7,4,0.358679009087165
249245,1,7,8,14.426041860558973
249248,1,7,9,26.35366352523909
249263,1,7,4,0.3586790108976326
249264,1,7,5,0.3586789934097332
249271,1,7,8,9.581713907380893
249278,1,7,3,2.4031912049159767
249281,1,7,8,14.480220078867008
249282,1,7,9,11.75693419607058
249294,1,7,9,14.154796080607257
249297,1,7,3,2.380687998375855
249299,1,7,1,22.63971193803174
249300,1,7,4,0.3586790108976326
249335,1,7,8,10.160065266339565
249339,1,7,2,1.8114130642771324
249346,1,7,4,0.3586790108976326
249364,1,7,8,28.12005389496987
249373,1,7,4,0.3586790108976326
249378,0,7,0,0.16521360406236094
249403,0,7,0,0.025597225107898237
249405,1,7,8,22.301701429537115
249407,1,7,9,9.975434513966835
249415,1,7,8,7.547300465619526
249429,1,7,9,10.28921329649685
249451,1,7,5,0.3586789934097332
249455,1,7,6,17.86887548490757
249456,1,7,9,3.105304442261909
249468,1,7,6,21.08210370513923
249477,1,7,3,2.1441009076072994
249483,1,7,8,15.42675300129412
249490,1,7,5,0.3586789934097332
249500,1,7,10,4.250339428295896
249503,1,7,9,18.691507445450974
249528,1,7,4,0.3586790108976326
249531,1,7,7,2.0194479696440077
249538,1,7,6,11.435480309635874
249543,1,7,6,15.48786973051625
249553,1,7,6,22.749454863714234
249562,1,7,9,25.535817564043867
249564,1,7,4,0.3586790108976326
249567,1,7,5,0.3586789934097332
249568,1,7,9,21.27454227267236
249587,1,7,6,24.06947214678606
249593,1,7,10,10.009538218223861
249597,1,7,4,0.3586790108976326
249601,1,7,9,4.5437368567129495
249604,1,7,3,2.31562542687977
249612,1,7,6,14.25288247261889
249620,1,7,9,25.9521570070541
249643,1,7,5,0.3586789934097332
249647,1,7,8,25.422294343614617
249649,1,7,8,12.956591108667213
249654,0,7,0,0.018896016018802694
249721,1,7,1,9.059746325849076
249726,1,7,6,23.60447770154852
249746,1,7,1,18.693836806378428
249747,1,7,9,26.23702576734087
249757,1,7,8,13.714324162616167
249761,1,7,9,13.431584754358802
249763,1,7,6,23.052371809554916
249829,1,7,8,13.399433800068701
249831,1,7,10,14.200792464574056
249834,1,7,8,25.16438872100825
249861,1,7,6,14.357596885266544
249868,1,7,10,12.399395468892031
249871,1,7,8,3.50345494266898
249872,1,7,9,15.450194557966116
249874,1,7,8,27.957501892071445
249878,1,7,3,2.362555925819722
249879,0,7,0,0.02504863049910836
249897,1,7,9,9.566858355446088
249907,1,7,1,4.493520541026294
249939,1,7,9,17.12769770891982
249944,1,7,5,0.3586789934097332
249951,1,7,5,0.3586789934097332
249968,1,7,5,0.3586789934097332
249971,1,7,10,4.908095798845804
249974,1,7,6,22.747197145705442
249989,1,7,4,0.3586790108976326
249994,1,7,8,21.982019467847433
250004,1,7,8,28.40070581564994
250008,1,7,9,24.78566501194715
250028,1,7,6,8.906696588286511
250046,1,7,7,4.2921151090589
250101,1,7,10,7.023264916720207
250131,1,7,6,23.79561818552454
250141,1,7,6,23.780860020121608
250142,1,7,6,20.396935607129688
250152,1,7,9,8.124135293094124
250154,1,7,8,4.95593992300121
250160,1,7,6,18.10982883269396
250167,0,7,0,0.02598796244876121
250170,0,7,0,0.02547836744578063
250179,1,7,4,0.3586790108976326
250184,1,7,8,27.234411553182763
250220,1,7,6,7.265386649144292
250234,1,7,7,3.8799654458720614
250251,1,7,1,20.565296288238486
250260,1,7,2,10.097431133960495
250264,1,7,3,2.3809053836804726
250289,1,7,1,9.253710378826108
250291,1,7,6,10.016093406091002
250293,1,7,3,1.805112682080308
250304,1,7,8,17.074173110423697
250306,1,7,5,0.3586789934097332
250307,1,7,9,17.93889113372421
250329,1,7,1,13.291643163328555
250349,1,7,7,1.8748991072909593
250361,1,7,5,0.3586789934097332
250366,1,7,8,20.042962324680893
250368,1,7,5,0.3586789934097332
250370,1,7,6,23.460024370634958
250372,1,7,5,0.3586789934097332
250376,1,7,6,18.397600113746744
250379,1,7,10,8.7952024543965
250381,0,7,0,0.015944719566541567
250391,1,7,9,15.59544695798234
250402,1,7,9,13.048394671894917
250403,1,7,9,14.60847682343226
250404,1,7,5,0.3586789934097332
250411,1,7,3,2.3222871989964355
250426,1,7,6,20.084094919055186
250440,1,7,3,2.413421144550434
250445,1,7,7,0.3454759683462713
250450,1,7,8,23.11920123634398
250458,1,7,5,0.3586789934097332
250495,1,7,5,0.3586789934097332
250505,1,7,4,0.358679009087165
250522,1,7,5,0.3586789949470627
250547,0,7,0,0.04012858849824365
250556,1,7,9,20.271226334143307
250560,1,7,6,20.635522651031994
250584,1,7,5,0.3586789934097332
250598,1,7,7,3.7396405388120226
250610,1,7,9,11.823222714004894
250646,1,7,8,15.647920398287477
250650,1,7,10,19.3951010041873
250661,1,7,5,0.3586789934097332
250666,1,7,5,0.3586789934097332
250669,0,7,0,0.03131951563099402
250672,1,7,1,17.661298094093716
250677,1,7,4,0.3586790108976326
250695,0,7,0,0.03175114126090521
250700,1,7,5,0.3586789934097332
250708,0,7,0,0.024276156327214634
250719,1,7,8,16.731599604010952
250778,1,7,8,6.11626731570951
250780,1,7,9,14.908228485100924
250783,1,7,5,0.3586789934097332
250803,0,7,0,0.026787992228608146
250804,1,7,5,0.3586789934097332
250831,1,7,8,14.154555852936062
250832,1,7,1,20.11936442367114
250860,1,7,8,14.26232482948747
250866,1,7,10,7.205158353815461
250873,1,7,10,7.436506630227031
250882,1,7,8,17.639851095589464
250888,1,7,3,2.420639827817435
250890,1,7,8,14.946021978918594
250892,1,7,10,14.11283082684782
250907,1,7,9,21.88206264550194
250923,1,7,4,0.3586790108976326
250924,1,7,10,17.28464775658902
250938,1,7,6,24.000053957037412
250941,1,7,8,4.454981246151664
250957,1,7,5,0.3586789934097332
250985,1,7,5,0.3586789934097332
251001,1,7,8,23.546037343159963
251011,1,7,8,15.8838466518084
251030,1,7,5,0.3586789934097332
251041,1,7,7,4.362384366578759
251042,1,7,8,8.776386907892135
251047,1,7,6,22.885309190659896
251101,1,7,7,2.1849910173623828
251105,1,7,7,4.252052656128518
251115,1,7,6,17.203692668804592
251130,1,7,9,23.315242729107634
251139,1,7,4,0.3586790108976326
251140,1,7,9,8.510775698395816
251145,1,7,4,0.3586790108976326
251150,1,7,4,0.3586790108976326
251165,1,7,8,14.47713112506577
251172,1,7,5,0.3586789934097332
251178,1,7,5,0.3586789934097332
251188,1,7,6,6.987865579058601
251196,1,7,8,8.502252460030304
251207,1,7,8,22.41056046857704
251209,1,7,5,0.3586789934097332
251232,1,7,6,19.87687546673653
251238,1,7,6,22.33124871640594
251252,1,7,8,17.78850917390473
251298,1,7,3,2.3339021481613953
251299,1,7,5,0.3586789949470627
251306,1,7,5,0.3586789934097332
251311,1,7,5,0.3586789934097332
251340,1,7,9,18.860166540869297
251342,1,7,8,19.453431599255705
251343,1,7,10,11.413068709032276
251356,1,7,6,21.673349656882767
251359,1,7,9,14.22872644742648
251362,1,7,8,13.454064133872185
251378,1,7,6,11.143949352230619
251383,1,7,10,3.0646807027274647
251391,1,7,5,0.3586789934097332
251403,1,7,6,23.088219431890224
251423,1,7,3,2.3708942024847484
251430,1,7,7,1.5459348723603465
251434,1,7,2,10.237174958644077
251448,1,7,6,23.643691050383598
251451,1,7,8,17.131829063726105
251462,1,7,1,20.655836490726827
251509,1,7,6,23.031167571879465
251533,1,7,9,10.318357068144477
251539,1,7,7,4.451784054673498
251543,1,7,9,19.393928598147305
251554,1,7,4,0.3586790108976326
251558,1,7,9,26.218682907210958
251563,1,7,6,17.845113218407207
251568,1,7,4,0.3586790108976326
251575,1,7,8,15.953755161500096
251577,1,7,10,3.764141932501374
251592,1,7,7,3.7672807300890603
251610,1,7,6,15.016882481782591
251618,1,7,9,26.485945840109736
251630,1,7,9,12.630493770175528
251643,1,7,9,20.214086657867814
251660,1,7,8,13.361382232920263
251663,1,7,4,0.3586790108976326
251674,1,7,7,4.224193813410115
251678,1,7,9,8.021795756926979
251682,1,7,4,0.3586790108976326
251696,1,7,4,0.3586790108976326
251715,1,7,8,5.799089413994127
251755,0,7,0,0.018297056658819113
251771,1,7,6,5.05808844677316
251774,1,7,8,13.571488746744034
251775,1,7,8,11.109255437378
251778,1,7,8,17.17956110538708
251786,1,7,9,12.173901633502268
251788,1,7,10,17.039150874678988
251795,1,7,8,2.714598763439603
251814,1,7,5,0.3586789934097332
251824,1,7,1,16.24748364686122
251838,0,7,0,0.015777607189107735
251871,1,7,9,5.208480899293642
251914,1,7,9,15.41743665028235
251924,1,7,5,0.3586789934097332
251927,1,7,10,16.027901462862378
251935,1,7,5,0.3586789934097332
251980,1,7,6,16.05822862374612
251984,1,7,7,2.6992654475637536
252014,1,7,9,25.198894595590687
252017,1,7,4,0.3586790108976326
252035,1,7,6,16.75533359141458
252045,0,7,0,0.03131431207942394
252052,1,7,10,6.889161129326628
252058,1,7,2,11.968665483484559
252079,1,7,7,4.584000681578269
252086,1,7,9,15.43603883218431
252093,1,7,8,26.08986661072586
252099,1,7,6,11.442952551039872
252103,1,7,8,12.508299892277718
252105,1,7,9,12.414987112806022
252126,1,7,6,11.488626733793678
252132,1,7,8,15.999683840875967
252149,1,7,6,15.412857191508193
252170,1,7,4,0.3586790108976326
252193,1,7,10,17.304003534892974
252197,1,7,1,22.217571740793357
252201,1,7,5,0.3586789934097332
252204,1,7,9,16.75198664682916
252211,1,7,4,0.3586790108976326
252212,1,7,8,12.778578768150451
252214,1,7,9,9.249390126968144
252216,1,7,9,19.518354705711324
252231,1,7,8,12.442196969962314
252243,1,7,8,27.884754498880675
252246,1,7,6,21.02309352508146
252267,1,7,6,10.562960911378072
252277,1,7,9,16.184315060736303
252288,1,7,10,20.777882565511526
252290,1,7,10,21.26310340477759
252297,1,7,6,14.701944917701795
252306,1,7,3,0.8991175762231721
252307,1,7,8,17.56170410559595
252316,1,7,8,8.176555814444711
252319,1,7,5,0.3586789934097332
252325,1,7,8,24.72667436919693
252329,1,7,9,24.782572686562723
252347,1,7,6,19.25358891169764
252353,1,7,8,25.90185112255932
252368,1,7,8,22.157671185669468
252374,1,7,2,5.135781476958104
252381,1,7,5,0.3586789934097332
252424,1,7,5,0.3586789934097332
252438,1,7,5,0.3586789934097332
252458,1,7,2,12.766562035880712
252459,1,7,9,12.462947188490496
252494,1,7,1,13.298620019587185
252500,1,7,4,0.3586790108976326
252548,1,7,10,8.061321839981462
252557,1,7,10,3.1788906754605293
252570,1,7,10,21.24485227520662
252578,1,7,8,9.51946176884718
252579,1,7,4,0.3586790108976326
252580,1,7,4,0.3586790108976326
252584,1,7,9,5.529340991782383
252591,1,7,6,23.355737481806845
252593,1,7,9,25.825732562329005
252597,1,7,1,22.58930827690419
252605,1,7,9,13.198202241070941
252606,1,7,5,0.3586789934097332
252607,1,7,4,0.3586790108976326
252629,1,7,9,13.21241802427756
252657,1,7,10,21.227600180455134
252660,1,7,10,7.4049784691301115
252671,1,7,2,13.69078018658907
252674,1,7,2,7.737836293788469
252675,1,7,5,0.3586789934097332
252689,1,7,5,0.3586789949470627
252695,1,7,4,0.358679009087165
252713,1,7,6,12.660301386566225
252716,1,7,9,23.704876358360085
252722,1,7,9,24.323920828255346
252735,1,7,5,0.3586789934097332
252736,1,7,8,16.1418588511753
252741,1,7,9,14.155216952699792
252742,1,7,1,16.41440937753344
252747,1,7,5,0.3586789934097332
252757,1,7,4,0.3586790108976326
252772,0,7,0,0.029353824013493204
252773,1,7,1,8.910868987713876
252803,1,7,6,13.147717604476176
252815,1,7,5,0.3586789934097332
252821,1,7,3,2.3450045753758513
252840,1,7,1,18.1071419108093
252843,1,7,5,0.3586789934097332
252845,1,7,8,6.801879389613157
252847,1,7,8,14.623199045523503
252862,1,7,5,0.3586789934097332
252864,1,7,4,0.3586790108976326
252867,1,7,4,0.3586790108976326
252872,1,7,5,0.3586789934097332
252885,1,7,5,0.3586789934097332
252886,1,7,10,13.381492467646613
252887,1,7,4,0.3586790108976326
252889,1,7,7,1.2284188173721486
252894,1,7,4,0.3586790108976326
252918,1,7,2,12.646925453595912
252922,1,7,8,15.904119698247781
252924,1,7,8,27.033529866498323
252949,1,7,9,24.095717996996026
252972,1,7,6,10.701608591226904
252975,1,7,6,22.25486459865771
252982,1,7,6,9.547989499813651
252986,1,7,6,21.398290713709684
252987,1,7,4,0.3586790108976326
252992,1,7,8,27.459006700795108
253001,1,7,9,21.771898921893328
253027,1,7,4,0.3586790108976326
253031,1,7,4,0.3586790108976326
253037,1,7,5,0.3586789934097332
253048,0,7,0,0.03375493668180432
253060,1,7,9,26.37709614575712
253076,1,7,9,25.673430479745182
253081,1,7,10,6.270390305668074
253090,1,7,10,20.193544673303546
253092,1,7,8,3.4876187392357223
253093,0,7,0,0.02138349148676259
253096,1,7,8,13.997234935587947
253097,1,7,5,0.3586789934097332
253108,1,7,8,17.565514664711653
253115,1,7,7,0.7889829682672872
253120,1,7,6,19.137090744475852
253122,1,7,10,9.695595856926829
253129,1,7,5,0.3586789934097332
253143,1,7,4,0.3586790108976326
253180,1,7,1,12.367822494187799
253186,1,7,9,17.38557493405823
253216,1,7,4,0.3586790108976326
253222,1,7,8,24.327464687370306
253224,1,7,4,0.3586790108976326
253230,1,7,6,4.027797493977152
253233,1,7,5,0.3586789949470627
253236,1,7,9,25.834137976181974
253238,1,7,1,21.78455374726362
253242,1,7,1,22.93920774467437
253256,1,7,9,14.665223803578336
253289,1,7,6,23.726046609682708
253294,1,7,9,16.407027358149335
253319,1,7,4,0.3586790108976326
253321,1,7,3,2.445474177907068
253337,1,7,6,18.243690651264338
253340,1,7,6,18.443604125069058
253341,1,7,8,12.2679152651665
253372,1,7,7,3.418994343932443
253375,1,7,6,18.99077272763702
253399,1,7,7,4.496474247590178
253415,1,7,9,4.406215007555528
253419,1,7,4,0.3586790108976326
253421,1,7,5,0.3586789934097332
253440,1,7,7,3.9734796105749957
253441,1,7,1,14.29140026756737
253449,1,7,10,15.21764580939713
253452,1,7,9,15.596885775252481
253459,1,7,10,16.80816334693317
253485,1,7,5,0.3586789934097332
253491,1,7,8,15.044881261131364
253505,1,7,8,18.76740847232247
253539,1,7,9,23.05615824577199
253540,1,7,3,0.781285983731088
253542,1,7,9,15.953150498774528
253543,1,7,6,23.595373795372414
253565,1,7,8,12.884509520081059
253573,1,7,4,0.3586790108976326
253624,1,7,10,9.01918327379809
253628,1,7,4,0.358679009087165
253634,1,7,7,3.6799966097362846
253636,1,7,9,23.52384866585736
253641,1,7,1,12.516548903926026
253643,1,7,7,2.4026164377381587
253655,0,7,0,0.03305970972425074
253701,1,7,8,4.96563333449282
253703,1,7,1,4.653294569943154
253711,1,7,4,0.3586790108976326
253714,1,7,9,17.591128775633635
253734,1,7,9,25.011368422587683
253741,1,7,6,23.339429592276563
253744,1,7,9,7.897812274603473
253746,1,7,10,14.642853062970708
253792,1,7,9,6.043028962629122
253801,1,7,5,0.3586789934097332
253821,1,7,4,0.3586790108976326
253833,1,7,9,5.778368249271518
253844,1,7,6,11.844808631306007
253845,1,7,2,10.919655973027528
253848,1,7,6,22.73928051362085
253872,1,7,4,0.3586790108976326
253889,1,7,8,10.436318462997129
253891,1,7,6,22.97654710629916
253924,0,7,0,0.020138647186859853
253931,1,7,6,4.15396718699514
253937,1,7,8,26.76586264838473
253945,0,7,0,0.0250403555211125
253949,1,7,4,0.3586790108976326
253952,1,7,9,22.581375495406636
253961,1,7,3,2.352652293563543
253968,1,7,6,13.50669401227083
253969,1,7,6,21.63705252500076
253974,1,7,5,0.3586789934097332
253989,1,7,7,3.118041900031152
253994,1,7,6,5.142128449731116
254007,1,7,8,17.200086354790617
254026,1,7,6,13.215911993609518
254038,1,7,3,2.3366272057882274
254039,1,7,4,0.3586790108976326
254055,1,7,4,0.3586790108976326
254060,1,7,9,5.05477610504351
254078,1,7,9,13.200647880954714
254081,0,7,0,0.01749106484278588
254083,1,7,6,13.341641015696608
254084,1,7,4,0.3586790108976326
254088,1,7,4,0.3586790108976326
254089,1,7,6,15.649059184209957
254115,1,7,6,12.859267644337553
254129,0,7,0,0.017634312917642107
254147,1,7,9,21.85090103784745
254153,1,7,3,0.6494375701464399
254158,1,7,8,11.977952677629363
254164,1,7,2,9.738519585420999
254175,1,7,2,12.579602254881408
254183,1,7,8,15.01805077194457
254211,1,7,6,7.794183447335642
254233,1,7,9,16.676539682590132
254244,1,7,8,23.717600873442134
254252,1,7,10,8.87543169091136
254261,1,7,5,0.3586789934097332
254274,1,7,5,0.3586789934097332
254276,1,7,5,0.3586789934097332
254281,1,7,2,7.878783165790141
254288,0,7,0,0.013629391977125168
254289,1,7,8,23.322451697451136
254303,1,7,4,0.3586790108976326
254310,1,7,7,0.7126586211539293
254314,1,7,10,13.33812808152502
254316,1,7,10,8.68032143674375
254345,1,7,6,21.253599034089703
254348,1,7,9,13.606036064206874
254350,1,7,2,13.173919307631497
254368,1,7,8,24.73723684093881
254390,1,7,6,13.376035646103446
254391,1,7,4,0.3586790108976326
254397,0,7,0,0.1830278178280052
254400,1,7,4,0.3586790108976326
254405,1,7,7,3.8249792291095317
254425,1,7,8,18.60049460967893
254431,1,7,1,12.275350647845626
254454,1,7,4,0.3586790108976326
254461,1,7,10,6.559498143812587
254468,1,7,4,0.3586790108976326
254490,1,7,7,1.5700397328501043
254492,1,7,1,9.12040043642354
254505,1,7,9,5.459119488989691
254507,1,7,5,0.3586789934097332
254509,1,7,1,7.918288163746767
254512,1,7,6,11.862799406452229
254514,1,7,3,1.3472212869637852
254527,0,7,0,0.024735451419486798
254529,1,7,9,8.632750951648239
254531,1,7,8,22.70921663337531
254572,1,7,8,24.917487507977345
254581,1,7,5,0.3586789949470627
254593,1,7,7,1.4120477192752794
254599,1,7,10,8.109520265047925
254600,1,7,6,14.64498973497203
254613,1,7,8,26.53243404202068
254614,1,7,4,0.3586790108976326
254620,1,7,8,26.757805332307957
254621,1,7,4,0.3586790108976326
254625,1,7,3,2.413601189827829
254627,1,7,9,9.54280894205844
254631,1,7,9,4.4985830088108125
254650,1,7,6,11.000845661082064
254652,1,7,7,4.515298236046403
254655,1,7,8,27.85730026219226
254675,1,7,5,0.3586789934097332
254676,1,7,9,23.102530861153653
254681,1,7,8,4.795877767084494
254685,1,7,8,23.10597816093098
254686,1,7,4,0.3586790108976326
254712,1,7,5,0.3586789934097332
254714,1,7,2,13.662869193386086
254716,1,7,8,27.961638820053
254719,1,7,4,0.3586790108976326
254723,1,7,9,14.580316753252484
254724,1,7,1,6.133915242357806
254725,1,7,9,18.67984973486113
254730,1,7,9,16.580966843713586
254748,1,7,1,20.414900643110304
254751,1,7,2,10.840616865331013
254768,1,7,4,0.3586790108976326
254779,1,7,3,2.180156467636173
254791,1,7,8,20.26492643304818
254808,1,7,10,11.744835150869557
254812,1,7,9,22.932346678717465
254814,1,7,8,16.030989733394875
254815,1,7,1,3.9150962959660633
254816,1,7,7,3.317905537472558
254824,1,7,5,0.3586789934097332
254827,1,7,8,20.05691670408895
254831,1,7,7,1.4648127409261666
254832,1,7,10,19.393250112167834
254838,1,7,3,2.355940318540747
254841,1,7,4,0.3586790108976326
254842,0,7,0,0.015605397566951968
254852,1,7,9,25.678057165813573
254853,1,7,5,0.3586789934097332
254854,1,7,8,14.860212209133325
254884,1,7,6,18.143563948428472
254888,1,7,8,24.433140319865338
254890,1,7,5,0.3586789934097332
254891,1,7,2,11.14736633239593
254892,1,7,7,3.9280669137725646
254902,1,7,6,16.52494394175002
254908,1,7,8,20.117766392302237
254914,1,7,2,7.279562257041094
254931,1,7,9,22.88209002225346
254932,1,7,6,10.986207143167293
254935,1,7,3,1.7187979192585876
254973,1,7,8,23.695711070585432
254977,1,7,6,6.06932573338042
254980,1,7,7,4.496114109589897
254988,1,7,6,12.969824176437012
255022,1,7,6,13.69839586406714
255128,0,7,0,0.19713869268154754
255132,1,7,9,25.02283469249528
255133,1,7,5,0.3586789949470627
255149,1,7,6,6.106619207041603
255153,1,7,2,11.103179162001622
255168,1,7,10,8.209689559958045
255173,1,7,4,0.3586790108976326
255182,1,7,7,3.227612390179235
255186,1,7,5,0.3586789934097332
255187,1,7,8,17.346425913957066
255193,1,7,5,0.3586789934097332
255196,1,7,1,4.890660828857609
255199,1,7,9,10.167112836707638
255221,1,7,1,3.5905810358424906
255224,1,7,9,16.185301045852654
255228,1,7,1,9.600362611053672
255260,1,7,8,8.884503514233451
255285,1,7,6,7.831577782135122
255289,1,7,5,0.3586789934097332
255301,1,7,5,0.3586789934097332
255304,1,7,1,7.775144933696464
255310,1,7,6,19.04760647018736
255317,1,7,5,0.3586789934097332
255324,1,7,4,0.3586790108976326
255329,1,7,9,25.048448082831786
255335,1,7,4,0.3586790108976326
255338,1,7,4,0.3586790108976326
255342,1,7,9,14.914973511060756
255344,1,7,5,0.3586789934097332
255346,1,7,6,10.163071510749557
255359,1,7,1,19.557472278006742
255363,1,7,4,0.3586790108976326
255370,1,7,5,0.3586789934097332
255380,1,7,8,16.339315209671792
255390,1,7,8,17.413902804174427
255396,1,7,10,7.148835575522216
255397,1,7,8,17.048654172522635
255415,1,7,6,13.180490530310907
255417,1,7,1,19.184270596608815
255419,1,7,4,0.3586790108976326
255431,1,7,6,23.02731310309291
255441,1,7,8,28.45205794245679
255442,1,7,9,13.493451536464294
255456,1,7,7,2.1737465500664688
255460,1,7,9,23.844542897436906
255467,1,7,10,21.078608475218317
255497,1,7,2,12.026355172657563
255498,1,7,3,2.36028266837039
255499,1,7,9,9.675435529148444
255510,1,7,2,13.904626010265451
255515,1,7,10,21.195532669163317
255524,1,7,3,2.4110671909681347
255530,1,7,9,12.00906152677453
255535,1,7,6,9.142689482081753
255541,1,7,4,0.3586790108976326
255542,1,7,7,0.49353736907993623
255548,0,7,0,0.018704989735761162
255569,1,7,9,25.16610902831582
255571,1,7,1,22.183828263806326
255582,1,7,1,4.978952301852347
255585,1,7,9,2.85684936320621
255589,1,7,1,22.971532395646474
255594,1,7,1,18.096967991512987
255617,1,7,6,19.38998285542891
255618,1,7,3,2.1197902171065097
255621,1,7,4,0.358679009087165
255624,1,7,6,20.269052868326092
255630,1,7,8,3.7874964201303007
255641,1,7,6,15.546630806399957
255646,1,7,9,8.600546549965822
255654,1,7,1,22.06504784713039
255669,1,7,3,2.357842566759845
255681,1,7,9,13.160021378956703
255684,1,7,7,3.0315999393956012
255690,1,7,7,2.2389934589311618
255698,1,7,9,25.658664988383315
255710,1,7,1,21.52106507733251
255726,0,7,0,0.018484405384146065
255767,0,7,0,0.026158039309768802
255769,1,7,6,23.80263897113376
255786,1,7,9,16.219991481535917
255790,1,7,8,17.665974485524277
255799,1,7,8,10.045232848492791
255800,1,7,5,0.3586789934097332
255801,1,7,5,0.3586789934097332
255802,1,7,8,15.783659622101025
255823,1,7,5,0.3586789934097332
255824,1,7,4,0.3586790108976326
255828,1,7,6,14.915507781380585
255831,1,7,2,13.763448846948329
255845,1,7,2,4.297665163279644
255846,1,7,6,11.07622983883841
255854,1,7,9,26.183407259366174
255856,0,7,0,0.016192783403638982
255862,1,7,8,26.547550548195556
255882,1,7,9,10.698946516257708
255916,1,7,10,21.215515287545212
255923,1,7,6,24.05753981139329
255937,1,7,9,14.181910962970528
255951,1,7,4,0.3586790108976326
255960,1,7,8,25.51727383772776
255962,1,7,7,1.2019635415333731
255966,1,7,5,0.3586789934097332
255974,1,7,2,2.591557597421681
255982,1,7,4,0.3586790108976326
256004,1,7,9,15.746077407029972
256019,1,7,7,4.471367768899826
256020,0,7,0,0.06538755386484661
256026,0,7,0,0.02639686923660411
256027,1,7,8,5.901104079924764
256031,1,7,9,25.65472872090457
256033,1,7,4,0.3586790108976326
256045,1,7,5,0.3586789934097332
256070,1,7,1,17.130428915814043
256099,0,7,0,0.023204453959588665
256120,1,7,4,0.3586790108976326
256145,1,7,5,0.3586789934097332
256169,1,7,8,13.656060183792764
256216,1,7,5,0.3586789934097332
256226,1,7,7,3.2086063743189874
256228,0,7,0,0.06079263476001529
256235,1,7,8,15.380961178212393
256253,1,7,9,3.1331909820421107
256273,1,7,9,15.422291514416067
256274,1,7,1,13.811362431588977
256283,1,7,6,9.532074614495622
256305,1,7,8,21.743927123043516
256327,1,7,10,21.246220485555735
256347,1,7,8,13.581858246306485
256358,1,7,5,0.3586789949470627
256366,1,7,6,11.407725938513122
256369,1,7,3,2.3035229063935336
256380,1,7,10,12.372079160079277
256383,1,7,1,18.71148479585504
256391,1,7,8,16.599955741945003
256397,1,7,4,0.3586790108976326
256420,1,7,4,0.3586790108976326
256431,1,7,4,0.3586790108976326
256436,1,7,6,13.283994984463938
256439,1,7,8,28.266807602081872
256445,1,7,5,0.3586789934097332
256447,1,7,10,10.01414676242398
256452,1,7,6,17.06062806704056
256474,1,7,5,0.3586789934097332
256477,1,7,5,0.3586789934097332
256486,1,7,9,8.82849094203684
256487,1,7,1,17.52305394047676
256495,1,7,9,9.251502730262759
256506,1,7,1,14.15914153562231
256535,0,7,0,0.018318802868002797
256550,1,7,8,27.117529544708148
256552,0,7,0,0.035159284335842804
256580,1,7,9,6.034618163014786
256582,1,7,6,8.962563098573435
256588,1,7,6,21.907629452956463
256599,1,7,5,0.3586789934097332
256607,1,7,4,0.3586790108976326
256633,1,7,2,8.932903195181696
256637,0,7,0,0.03627604399884348
256643,1,7,4,0.3586790108976326
256645,1,7,5,0.3586789934097332
256652,1,7,9,26.08140385045176
256660,1,7,8,27.98342856815612
256666,1,7,2,5.862961232632322
256669,1,7,10,11.860880360282717
256671,1,7,4,0.3586790108976326
256678,1,7,4,0.3586790108976326
256685,1,7,10,17.825914854746735
256704,1,7,6,10.469094406944796
256712,1,7,2,9.854806086085864
256735,1,7,9,6.4236461776495375
256741,1,7,9,4.243223801675241
256755,1,7,5,0.3586789934097332
256765,1,7,8,25.877541423117624
256769,1,7,9,6.69506487096616
256780,1,7,10,10.591018500824838
256782,1,7,9,23.738116669041936
256785,1,7,5,0.3586789934097332
256795,1,7,8,13.778372443516828
256817,1,7,9,15.743013105346298
256821,1,7,1,14.764702509534029
256822,1,7,10,20.18534717280313
256823,1,7,2,10.854379660856207
256825,1,7,10,18.126544192089
256826,0,7,0,0.022082941192263502
256839,1,7,9,17.582008427812912
256850,1,7,4,0.3586790108976326
256855,1,7,5,0.3586789934097332
256857,0,7,0,0.011852299691931405
256869,1,7,9,23.002597074068973
256874,1,7,5,0.3586789934097332
256899,1,7,6,19.39747366852633
256953,1,7,10,9.328347142648237
256958,1,7,9,12.744573311370553
256978,0,7,0,0.03180737011424994
256984,1,7,7,3.660478441330118
256997,1,7,9,21.086450179071306
257042,1,7,8,2.913520576799877
257043,1,7,9,6.973879875880972
257063,1,7,5,0.3586789934097332
257068,1,7,8,17.183483975964077
257079,1,7,8,23.106280121510043
257088,1,7,9,24.430506532843243
257101,1,7,9,19.867806036712377
257103,1,7,4,0.3586790108976326
257110,1,7,10,21.228304990618796
257114,1,7,9,22.42537441467731
257123,1,7,4,0.3586790108976326
257138,1,7,9,22.433655725060987
257143,1,7,6,18.2877839832105
257162,1,7,5,0.3586789934097332
257163,1,7,8,20.923590445111568
257171,1,7,10,20.419044434422304
257177,1,7,10,6.852903076167292
257181,1,7,10,12.337299901419508
257186,1,7,8,8.13449346268612
257194,1,7,8,10.41053266847345
257196,1,7,3,1.5348047417675101
257202,0,7,0,0.20019198638116414
257204,1,7,6,18.026677717177044
257226,1,7,7,4.55625288141516
257243,1,7,9,14.668476304140087
257244,1,7,8,27.8206790064319
257245,1,7,5,0.3586789934097332
257257,1,7,6,17.327830410242832
257263,1,7,7,2.2916580948059218
257270,1,7,4,0.358679009087165
257271,0,7,0,0.018421185483233557
257273,1,7,9,12.501900411400092
257280,1,7,9,20.637761910717302
257283,1,7,4,0.3586790108976326
257295,1,7,10,11.619230245862934
257296,1,7,10,20.371163589880613
257302,1,7,10,11.087976159956856
257313,0,7,0,0.09304099192848012
257318,1,7,6,7.692363012848634
257320,1,7,3,2.3349275266742437
257346,1,7,6,16.52838527478333
257377,1,7,1,19.359955867898083
257383,1,7,4,0.3586790108976326
257389,1,7,5,0.3586789934097332
257391,1,7,8,28.174484878792178
257394,1,7,8,28.528427696466547
257399,1,7,10,11.401697443635136
257410,1,7,5,0.3586789934097332
257425,1,7,6,16.556674842443343
257428,1,7,9,14.750745251018675
257435,1,7,6,13.470919519825177
257486,1,7,8,22.707112025175974
257521,1,7,5,0.3586789934097332
257533,1,7,9,10.476188367067161
257537,0,7,0,0.012028869702396108
257541,1,7,9,15.964648537668078
257542,1,7,4,0.3586790108976326
257554,1,7,5,0.3586789934097332
257572,1,7,5,0.3586789934097332
257576,1,7,5,0.3586789934097332
257579,1,7,3,2.124385223390974
257580,1,7,8,14.479319134137041
257581,1,7,3,2.437974487822822
257583,1,7,10,4.6562809778902
257586,1,7,1,3.707737003324323
257587,1,7,6,15.535436516313698
257601,1,7,6,11.004510364685146
257613,1,7,8,27.824839031715523
257620,1,7,8,11.824618064340974
257629,1,7,4,0.3586790108976326
257637,1,7,8,22.074512137352627
257651,1,7,6,9.512137696654344
257657,1,7,9,9.295144095959824
257680,1,7,9,20.518813687730624
257702,0,7,0,0.07474811466974951
257704,1,7,5,0.3586789934097332
257705,1,7,8,6.84769123534964
257723,1,7,1,15.367637839291389
257731,1,7,9,11.18160168900609
257749,1,7,7,3.840310526068746
257755,1,7,1,17.62325268899571
257772,1,7,4,0.3586790108976326
257777,1,7,9,5.134202361897948
257784,1,7,6,12.133852703540636
257787,1,7,5,0.3586789934097332
257810,1,7,8,25.897951834407408
257821,0,7,0,0.17159409838344045
257823,0,7,0,0.01912402755161216
257843,1,7,7,3.3834185533417585
257844,1,7,10,11.032106677056442
257860,1,7,7,4.580927517762346
257893,1,7,4,0.3586790108976326
257898,1,7,6,21.657951482374358
257905,0,7,0,0.014400362650884738
257916,1,7,10,8.312147026193685
257926,1,7,6,21.851461516297164
257934,1,7,9,23.62345988469547
257969,1,7,8,20.581525416380288
257975,1,7,4,0.3586790108976326
257979,1,7,5,0.3586789934097332
258009,1,7,10,16.302942708843666
258034,1,7,6,23.34321519046948
258037,1,7,1,11.977193319168821
258042,1,7,8,16.789663871264143
258043,1,7,10,11.64820656873675
258061,1,7,8,11.678095270362688
258099,1,7,6,22.625815762823205
258104,1,7,9,6.525834584345546
258122,1,7,7,0.35759561989107286
258128,1,7,1,4.488043081775666
258129,1,7,5,0.3586789934097332
258145,1,7,8,17.91246894047497
258151,1,7,6,16.41745081117553
258160,1,7,1,22.776733642794373
258162,1,7,1,17.628064992235466
258171,1,7,9,23.422225384906746
258178,1,7,9,5.832523693261169
258182,1,7,6,21.153626043528885
258187,1,7,2,10.27946231615601
258213,1,7,8,24.788953592801764
258227,1,7,5,0.3586789934097332
258248,1,7,9,26.429542320283314
258260,1,7,6,11.662901813484071
258264,1,7,10,5.603214584477356
258283,1,7,9,24.85227010364655
258301,1,7,9,23.715516379612883
258311,1,7,5,0.3586789934097332
258326,1,7,8,10.111025597333702
258327,1,7,9,22.60203419075827
258343,1,7,9,12.118009234671414
258354,1,7,10,5.717530915151696
258355,1,7,1,18.54374173401646
258362,1,7,5,0.3586789934097332
258392,1,7,10,17.07875328470277
258395,1,7,5,0.3586789934097332
258404,1,7,9,15.24286732710707
258412,1,7,9,16.928750768447603
258423,1,7,5,0.3586789934097332
258434,1,7,8,22.72010798299491
258438,1,7,7,1.3169277653106772
258441,1,7,9,7.623072730915026
258442,1,7,9,13.88925451514837
258447,1,7,9,18.83532101961315
258452,1,7,8,17.44584869782915
258455,1,7,8,21.10866789655301
258465,1,7,5,0.3586789934097332
258466,1,7,10,6.877394329801934
258468,1,7,10,18.786616091201118
258485,1,7,6,16.38051191468926
258513,1,7,9,20.61725114820807
258544,1,7,8,9.996908469858631
258603,0,7,0,0.015953921135906636
258607,1,7,3,2.353406952727815
258620,1,7,6,23.05897391090658
258634,0,7,0,0.023304306893866974
258642,1,7,9,18.49597805754047
258644,1,7,4,0.358679009087165
258652,1,7,7,3.6059213196793123
258653,1,7,6,9.549672029615207
258658,1,7,5,0.3586789934097332
258663,1,7,1,7.746841568691716
258668,1,7,4,0.3586790108976326
258683,1,7,6,19.61310752038135
258705,1,7,9,23.97303315519582
258709,1,7,9,9.320781738830112
258720,1,7,9,14.573614103723916
258725,1,7,4,0.3586790108976326
258753,1,7,5,0.3586789934097332
258764,1,7,10,7.498590722429672
258775,1,7,8,25.83413324373853
258822,1,7,5,0.3586789934097332
258835,1,7,5,0.3586789934097332
258861,1,7,3,2.1485466701595937
258884,1,7,8,21.98945380146435
258888,1,7,8,6.232511596727671
258903,1,7,9,21.69203592742554
258919,1,7,10,15.173549143177537
258927,1,7,7,2.606896424244308
258937,1,7,9,11.040804869503074
258951,1,7,9,22.51584119245148
258953,1,7,5,0.3586789934097332
258961,1,7,10,8.737681835946503
258966,1,7,8,10.074139102831554
258975,1,7,5,0.3586789934097332
258985,1,7,9,16.32526401656634
258994,1,7,5,0.3586789934097332
259012,1,7,6,14.555185194308251
259023,1,7,8,13.541643071927558
259029,1,7,4,0.358679009087165
259040,1,7,9,12.419742906903581
259068,1,7,10,14.590954356078557
259089,1,7,9,13.94751969259805
259090,1,7,10,11.04350716192622
259112,1,7,9,25.003013563340097
259156,1,7,2,2.440320850496234
259157,1,7,6,23.091715286799346
259165,1,7,9,26.150982083522727
259169,1,7,4,0.3586790108976326
259170,1,7,3,0.7712728833840415
259172,1,7,10,19.56130446459273
259210,1,7,4,0.3586790108976326
259211,1,7,4,0.3586790108976326
259222,1,7,2,13.302300458036726
259232,1,7,6,23.532345711828672
259233,1,7,9,21.77501975405747
259239,1,7,6,9.633015788231534
259245,1,7,10,7.719696953752974
259252,1,7,9,12.921438155667227
259253,0,7,0,0.023437063512085975
259259,1,7,4,0.3586790108976326
259260,1,7,7,2.5610365516285434
259263,0,7,0,0.023998717698969874
259280,1,7,8,14.553465737661323
259303,1,7,5,0.3586789934097332
259316,1,7,8,15.205696909814757
259321,1,7,6,15.039876128351752
259323,1,7,1,21.64951056625771
259328,1,7,6,11.195664198737145
259335,1,7,8,28.09329776246586
259337,1,7,6,5.380351535996426
259338,1,7,8,19.56018867056146
259350,1,7,5,0.3586789949470627
259384,1,7,3,2.4110688824246096
259403,1,7,8,17.43954358734131
259405,1,7,4,0.3586790108976326
259406,1,7,8,5.875898038056653
259434,1,7,8,21.778352908428296
259449,1,7,9,24.529579180371677
259450,1,7,1,6.362587540864694
259451,1,7,6,12.015626169170895
259456,1,7,4,0.3586790108976326
259478,1,7,10,20.180768907454326
259480,1,7,6,22.32482061996103
259484,1,7,4,0.3586790108976326
259512,1,7,9,26.348925562609708
259513,1,7,6,7.887462379332194
259514,1,7,6,23.14546382353649
259531,1,7,5,0.3586789934097332
259536,1,7,9,23.98135260936869
259544,1,7,1,16.003180219834302
259551,0,7,0,0.034966841313841326
259602,1,7,4,0.3586790108976326
259633,1,7,3,1.4668480134011963
259636,1,7,5,0.3586789934097332
259638,1,7,2,4.975541845077261
259643,1,7,6,23.206832238366054
259668,1,7,5,0.3586789934097332
259679,1,7,1,22.035191782858025
259694,1,7,4,0.3586790108976326
259698,1,7,6,19.404502468414517
259718,1,7,7,3.1616343838432623
259725,1,7,4,0.3586790108976326
259728,1,7,1,15.908334293638163
259729,1,7,5,0.3586789949470627
259744,1,7,6,12.877268509071945
259746,1,7,10,8.907017400045822
259761,1,7,6,23.05179962614504
259770,1,7,4,0.3586790108976326
259773,1,7,5,0.3586789934097332
259774,1,7,7,3.88147507012349
259776,1,7,6,8.216462938380813
259787,1,7,9,26.23194447673268
259788,1,7,9,21.779067841889603
259795,1,7,9,26.166728679997533
259810,1,7,10,8.1962863728021
259815,1,7,1,20.120592007240955
259825,1,7,9,16.403668102619726
259867,1,7,5,0.3586789934097332
259877,1,7,10,4.798194595762231
259903,1,7,9,15.901054321516396
259909,1,7,10,17.02673995527221
259912,1,7,3,2.363289411610313
259917,1,7,10,11.083881334729842
259923,1,7,9,17.099025803285482
259943,1,7,6,11.4362778904083
259949,1,7,4,0.3586790108976326
259957,1,7,8,4.745889010531518
259970,1,7,1,22.326488529225248
259977,1,7,10,20.17154863709856
260002,1,7,4,0.3586790108976326
260005,1,7,8,9.70647540932255
260012,1,7,10,5.171387429444906
260020,1,7,6,16.96194031921951
260023,1,7,5,0.3586789934097332
260037,1,7,1,19.485124856610113
260042,1,7,5,0.3586789949470627
260044,1,7,10,17.173564549473507
260069,1,7,9,15.116836287406946
260073,1,7,5,0.3586789934097332
260088,1,7,1,20.174457369250643
260090,1,7,10,17.1161210883636
260110,0,7,0,0.014234536024067549
260134,1,7,6,13.303433507807004
260135,1,7,10,18.26421654843229
260139,1,7,5,0.3586789934097332
260145,1,7,5,0.3586789934097332
260146,1,7,5,0.3586789934097332
260155,1,7,9,25.586500439294714
260162,1,7,5,0.3586789934097332
260170,1,7,9,24.79161711487631
260173,1,7,8,12.57626074041129
260174,1,7,4,0.3586790108976326
260178,1,7,8,20.6052235702749
260181,1,7,7,0.48707707327885424
260187,1,7,10,7.8704593278350545
260188,1,7,9,24.48926631776715
260192,1,7,7,1.7273320635649547
260195,1,7,5,0.3586789934097332
260204,1,7,4,0.3586790108976326
260208,1,7,2,9.145799035275836
260210,1,7,4,0.3586790108976326
260212,1,7,5,0.3586789934097332
260223,1,7,2,13.271054363532883
260227,1,7,10,10.272176535386821
260241,1,7,8,23.570632586413833
260247,1,7,9,6.345991494540703
260259,1,7,1,23.062542678416957
260269,1,7,6,20.87484812621892
260271,1,7,2,1.3127224782883373
260280,1,7,6,14.547378009483547
260285,1,7,6,10.619217270658321
260287,1,7,4,0.3586790108976326
260329,1,7,9,25.798506830602946
260332,0,7,0,0.023995369613957564
260362,1,7,1,7.269365508043592
260375,1,7,6,8.793242045494212
260376,1,7,1,4.506362185060309
260381,1,7,9,16.73034905099343
260395,1,7,9,5.8268381814136845
260403,1,7,1,20.42453567198746
260404,0,7,0,0.18493167011329328
260408,1,7,9,20.58621388213939
260420,1,7,9,2.4980836431414377
260431,0,7,0,0.01559837517172132
260444,1,7,10,15.689436209622626
260448,1,7,6,9.001971064908082
260461,1,7,9,3.377375602066965
260474,1,7,5,0.3586789934097332
260477,1,7,9,9.021239753124668
260488,1,7,3,2.4014263700358933
260504,1,7,3,2.4024279763126883
260534,1,7,4,0.3586790108976326
260554,1,7,10,20.617531954485457
260569,1,7,10,18.306768869448916
260585,1,7,3,0.6189770851834985
260593,1,7,4,0.3586790108976326
260611,1,7,5,0.3586789934097332
260613,1,7,5,0.3586789934097332
260646,1,7,9,21.821455905533625
260678,1,7,6,22.69109298877317
260695,1,7,4,0.3586790108976326
260707,1,7,8,13.824312410257669
260710,1,7,6,10.23182698339858
260729,1,7,1,6.304306741608724
260731,1,7,2,7.514451103948241
260746,1,7,10,7.576709009943691
260761,1,7,8,4.14216827321241
260764,0,7,0,0.151006693225947
260775,1,7,4,0.3586790108976326
260784,1,7,9,26.08832742392368
260797,1,7,7,4.382711764739595
260804,1,7,8,23.009149150325875
260808,0,7,0,0.021346108266161033
260810,1,7,7,2.8114797433059615
260815,1,7,10,18.537503723188458
260836,1,7,9,16.000104088963635
260875,1,7,8,18.33305372147629
260881,1,7,10,18.38544240971068
260886,1,7,5,0.3586789934097332
260887,1,7,6,22.931950597598558
260890,1,7,6,8.457253261214605
260892,1,7,5,0.3586789934097332
260899,1,7,1,21.06039751347283
260901,1,7,10,4.669188315575421
260910,1,7,4,0.3586790108976326
260911,1,7,10,21.225000664436127
260926,0,7,0,0.022234355181643742
260968,1,7,4,0.3586790108976326
260980,1,7,6,19.305109337043483
260998,1,7,2,1.9591394281231298
261003,1,7,8,23.024032185290764
261011,1,7,2,10.953547745803649
261013,1,7,10,5.920519914695663
261022,1,7,5,0.3586789934097332
261028,1,7,6,18.653708745834265
261033,1,7,4,0.3586789934097332
261034,1,7,4,0.3586790108976326
261044,1,7,7,2.0341345837627127
261051,1,7,10,9.697306962562758
261061,1,7,4,0.3586790108976326
261062,1,7,9,5.6456877674426895
261066,1,7,8,12.012403895536703
261073,1,7,1,22.32000207363976
261075,1,7,4,0.3586790108976326
261104,1,7,6,10.005013297648475
261124,1,7,1,16.20034545342642
261143,1,7,8,24.636358693290447
261147,1,7,5,0.3586789934097332
261152,1,7,7,0.34448190437583304
261153,1,7,6,16.30817812435866
261176,1,7,5,0.3586789934097332
261184,1,7,9,15.660693147976335
261196,1,7,9,6.506185460477261
261201,1,7,3,2.4106190280259097
261218,1,7,5,0.3586789934097332
261224,1,7,9,14.186140582627171
261245,1,7,6,23.013652457534594
261313,1,7,2,8.149265444046197
261316,1,7,5,0.3586789934097332
261318,1,7,6,15.085809590428267
261325,1,7,3,2.376100417561826
261343,1,7,2,12.532055036303595
261344,1,7,6,21.649253113866145
261380,1,7,4,0.358679009087165
261384,1,7,5,0.3586789934097332
261387,0,7,0,0.21640365315369964
261389,1,7,10,21.12191014772382
261395,1,7,10,19.144631954232125
261422,1,7,4,0.3586790108976326
261425,1,7,4,0.3586790108976326
261426,1,7,6,23.090523203031832
261430,1,7,9,17.48814289629507
261431,1,7,9,24.5451750073158
261435,1,7,8,4.632685036002341
261443,1,7,8,16.743006508032728
261450,1,7,5,0.3586789934097332
261460,1,7,9,16.794088106079723
261462,1,7,7,2.037584828625562
261463,1,7,6,17.15249733732918
261464,1,7,4,0.3586790108976326
261467,1,7,1,14.149602173143537
261474,1,7,5,0.3586789934097332
261480,1,7,10,20.896936278013285
261488,1,7,5,0.3586789934097332
261500,1,7,5,0.3586789934097332
261501,1,7,9,16.485504623520935
261510,1,7,8,18.959327922443997
261514,1,7,2,11.469412217991938
261515,1,7,6,21.609376818644822
261528,1,7,5,0.3586789934097332
261529,1,7,10,8.43605871092973
261541,1,7,5,0.3586789934097332
261546,1,7,9,23.611362478278412
261549,1,7,10,11.649383179258084
261553,1,7,9,26.325896026398038
261556,1,7,5,0.3586789949470627
261562,1,7,5,0.3586789934097332
261581,1,7,10,11.471860329155806
261591,1,7,5,0.3586789934097332
261601,0,7,0,0.026778938306778965
261602,1,7,8,9.98151935762442
261605,1,7,10,20.962484321027667
261622,1,7,8,4.441766685368043
261634,1,7,9,26.33764684738615
261636,1,7,1,10.060301379150673
261639,1,7,7,4.50648375718818
261647,1,7,6,23.945974463995913
261668,1,7,1,11.557210380936295
261673,1,7,8,12.78260809473963
261675,1,7,2,2.1883569045232636
261700,1,7,1,17.176846365533258
261701,1,7,4,0.3586790108976326
261713,1,7,1,10.390553983814714
261727,1,7,8,19.066951696894556
261738,1,7,6,23.56722326160143
261739,1,7,9,16.40243555191376
261761,0,7,0,0.023829884986535935
261783,1,7,7,1.2972624677031077
261789,1,7,8,9.67560135283758
261795,1,7,4,0.3586790108976326
261799,1,7,9,13.666363795639432
261809,1,7,7,0.9863630181461134
261823,1,7,7,0.35664174438637414
261824,1,7,8,17.08647340839211
261826,1,7,3,1.7794949808060603
261838,1,7,4,0.3586790108976326
261843,1,7,9,8.607346227106357
261849,1,7,10,13.044090046692327
261862,1,7,1,18.05939522403928
261909,0,7,0,0.019779107916671406
261911,1,7,9,23.651621331013242
261912,1,7,9,10.204119892681154
261916,1,7,10,19.003838647347262
261929,1,7,7,2.2788786171562685
261933,1,7,2,13.24514093362832
261936,1,7,10,5.69595813591314
261937,1,7,5,0.3586789934097332
261938,1,7,4,0.3586790108976326
261939,1,7,9,16.794811337908843
261948,1,7,2,4.175117597607111
261962,1,7,9,7.537697115609394
261967,1,7,4,0.3586790108976326
261977,1,7,10,12.392919218521243
261985,1,7,9,10.296279353655056
262014,1,7,8,3.500496540938356
262016,1,7,9,23.99789404738592
262023,1,7,2,9.0639411205395
262039,1,7,9,5.054353664758406
262050,1,7,1,16.037043566876292
262055,1,7,10,20.791808497433614
262092,1,7,6,14.75802655401225
262115,1,7,6,9.464311852449294
262137,1,7,10,13.011014391960881
262147,0,7,0,0.01716797017810704
262150,1,7,6,22.58339832988823
262155,1,7,4,0.3586790108976326
262172,1,7,8,12.130141331249181
262178,1,7,5,0.3586789934097332
262181,1,7,3,2.3316163503273843
262182,1,7,10,14.867711871107977
262185,1,7,9,15.125167164135945
262189,1,7,5,0.3586789934097332
262217,1,7,6,8.919987635207958
262237,1,7,9,26.375616381208452
262238,1,7,4,0.3586790108976326
262252,1,7,5,0.3586789934097332
262265,1,7,4,0.3586790108976326
262267,1,7,5,0.3586789934097332
262269,1,7,9,24.506617740266616
262273,1,7,8,17.526055201538455
262275,1,7,5,0.3586789934097332
262282,1,7,7,0.453361424374464
262293,1,7,10,11.367756658652127
262302,1,7,3,2.311311381939076
262309,1,7,5,0.3586789934097332
262327,1,7,10,6.031795931584735
262332,1,7,8,25.09514726649034
262347,1,7,10,12.348865479053226
262351,1,7,4,0.3586790108976326
262377,1,7,4,0.3586790108976326
262388,1,7,9,19.36946280206666
262392,1,7,8,21.358349484165025
262400,1,7,6,12.496724343462429
262407,1,7,7,2.151879445303417
262416,1,7,7,4.484757246559683
262437,1,7,8,9.713405485567444
262451,1,7,8,28.522536016944212
262469,1,7,4,0.3586790108976326
262477,1,7,9,7.964418355464712
262491,1,7,5,0.3586789934097332
262497,1,7,8,18.121447103590047
262504,1,7,1,8.73362756954516
262516,1,7,8,9.342291707748101
262521,1,7,1,22.44996166099131
262526,0,7,0,0.01841885932142938
262533,1,7,5,0.3586789934097332
262537,1,7,4,0.3586790108976326
262545,1,7,1,10.274341037016772
262558,1,7,10,11.047299795545062
262569,1,7,4,0.3586790108976326
262572,1,7,8,16.6998248178648
262586,1,7,8,23.4768822868672
262600,1,7,9,18.727396586949972
262602,1,7,9,21.991623696009956
262603,1,7,1,8.920186138461533
262618,1,7,10,8.905140389716795
262628,1,7,6,12.808068495780258
262629,1,7,8,28.120026583255576
262630,0,7,0,0.012151712870031637
262643,1,7,8,22.36508432240656
262649,1,7,1,17.130233280007563
262654,1,7,9,10.215530997714978
262677,0,7,0,0.02670728098002631
262691,0,7,0,0.2712264468767758
262698,1,7,4,0.3586790108976326
262706,0,7,0,0.02387881797477805
262719,1,7,9,17.402843209787726
262723,1,7,10,11.929433610434298
262732,1,7,8,15.006994455036294
262758,0,7,0,0.02697500057188205
262766,1,7,5,0.3586789934097332
262784,1,7,7,0.7384127987807869
262787,1,7,4,0.358679009087165
262793,1,7,9,26.231621225615516
262796,1,7,9,15.612510862638445
262807,1,7,9,16.080803240158605
262822,1,7,9,15.678138935549548
262823,1,7,5,0.3586789934097332
262829,1,7,8,22.679123758381966
262830,1,7,10,10.206537985224182
262840,1,7,8,20.869568512982543
262850,1,7,1,7.87081339353994
262853,1,7,9,9.056680995641548
262866,1,7,8,10.327290551542434
262880,1,7,10,7.759605859933993
262894,1,7,9,4.092788742561548
262896,1,7,3,1.5336023669014296
262905,1,7,8,17.40599220447643
262920,1,7,8,26.196258429633385
262928,1,7,8,7.369165627264355
262948,1,7,5,0.3586789934097332
262950,0,7,0,0.18184395853945545
262960,1,7,2,4.202043823397667
262961,1,7,10,4.247136747380965
262966,1,7,8,16.091982580078326
262975,1,7,8,4.457988856099043
262976,1,7,10,12.072815134072568
262980,1,7,9,25.6162138106134
262981,1,7,5,0.3586789934097332
262982,1,7,4,0.3586790108976326
262987,1,7,4,0.3586790108976326
262993,1,7,6,13.997158450571671
262994,1,7,9,25.620653235060637
263000,1,7,6,23.406885000185067
263004,1,7,4,0.358679009087165
263015,1,7,6,14.269440019072112
263019,1,7,4,0.3586790108976326
263022,1,7,9,16.3286138029359
263024,1,7,6,19.92887569621763
263039,1,7,8,23.46342167809789
263044,1,7,3,2.1662508403573404
263049,1,7,9,5.830735234641838
263052,1,7,5,0.3586789934097332
263068,1,7,5,0.3586789934097332
263069,1,7,5,0.3586789934097332
263070,1,7,4,0.3586790108976326
263085,1,7,9,14.266967937005253
263089,1,7,2,5.925268904619387
263103,1,7,2,11.200651246564451
263105,1,7,8,16.856485659853305
263110,1,7,8,3.797529711723766
263114,1,7,1,16.68921907441246
263120,1,7,9,9.869938712701433
263121,1,7,10,5.050242668601177
263124,1,7,6,14.666425864677894
263127,1,7,8,12.048658334990577
263128,1,7,8,28.251533285098727
263132,1,7,6,8.113508206314137
263144,1,7,2,5.794836861471342
263158,1,7,8,23.464807972036603
263164,1,7,10,3.016476464186424
263176,1,7,6,5.667404912395825
263188,1,7,10,4.569503646195831
263202,1,7,9,13.41631097961006
263220,1,7,5,0.3586789934097332
263245,1,7,3,2.4305136819817807
263247,1,7,8,19.41852107839438
263248,0,7,0,0.016524101445893936
263275,1,7,9,7.428277261233399
263279,1,7,9,20.40111965038423
263287,1,7,4,0.3586790108976326
263290,1,7,8,24.061047025473535
263294,1,7,4,0.3586790108976326
263295,1,7,7,1.3863787530672993
263297,1,7,6,10.509691774816456
263314,0,7,0,0.026470995190546097
263339,1,7,2,10.392386771836396
263342,1,7,6,13.797217274404957
263365,1,7,6,17.21244416241062
263366,1,7,8,3.7625702136813657
263400,1,7,6,9.193116814146467
263413,1,7,5,0.3586789934097332
263414,1,7,5,0.3586789934097332
263415,1,7,9,21.444439116992715
263450,1,7,8,14.422853882444068
263464,1,7,9,10.362602596331167
263466,1,7,5,0.3586789934097332
263474,1,7,8,16.093521297223987
263496,1,7,5,0.3586789934097332
263497,1,7,4,0.3586790108976326
263508,1,7,4,0.3586790108976326
263513,1,7,9,20.650197831340158
263555,1,7,4,0.3586790108976326
263574,1,7,6,5.555226789898724
263576,1,7,2,9.104716231014832
263607,1,7,9,21.761413742869152
263614,1,7,6,19.94982590309227
263621,1,7,6,19.01482903483461
263634,1,7,8,23.09902271762768
263656,1,7,7,3.797934431173994
263662,1,7,1,16.93149212342884
263667,1,7,8,24.454276267958182
263673,1,7,4,0.3586790108976326
263677,1,7,8,27.890799586772697
263681,1,7,6,5.341675202495103
263694,1,7,6,12.08328680573573
263698,1,7,10,8.55431040787584
263704,1,7,2,12.999231132485262
263713,1,7,8,13.577890535665746
263717,1,7,6,15.109640983412431
263732,1,7,5,0.3586789934097332
263757,1,7,6,13.65706435069124
263765,0,7,0,0.01404370630296851
263767,0,7,0,0.031218391255632066
263787,1,7,6,23.34062836693612
263802,1,7,8,14.22420869797662
263808,1,7,4,0.3586790108976326
263822,1,7,9,25.964977760053785
263836,1,7,9,20.287510529846724
263851,1,7,1,11.842488153852496
263856,1,7,3,2.401682744393925
263868,1,7,5,0.3586789934097332
263871,1,7,9,7.005188898348194
263882,1,7,2,4.631127313917714
263883,1,7,5,0.3586789934097332
263899,1,7,6,16.917737550305468
263951,1,7,5,0.3586789934097332
263958,1,7,9,20.669098250593617
263978,1,7,10,11.690340720238312
263992,1,7,1,19.600375368066594
264000,1,7,5,0.3586789949470627
264009,1,7,8,3.409310309134402
264014,1,7,9,26.332261358875396
264016,1,7,8,15.484582142374295
264022,0,7,0,0.01721761855867302
264029,1,7,6,10.109038745233661
264060,1,7,1,11.456115378262904
264062,1,7,3,2.3152323637019365
264065,1,7,7,1.2131778094022072
264068,1,7,7,2.244873024307588
264072,1,7,1,17.61722896458079
264090,1,7,9,23.51065712991578
264101,1,7,5,0.3586789934097332
264108,1,7,8,23.650745008622067
264118,1,7,1,11.553391633043333
264122,1,7,3,2.3519762881284083
264123,1,7,9,25.975770472409238
264126,0,7,0,0.019644164674598577
264152,1,7,1,16.85176550421713
264155,1,7,8,17.785368978483763
264161,1,7,3,1.9182167856033652
264164,1,7,5,0.3586789934097332
264167,1,7,4,0.3586790108976326
264175,1,7,6,12.057080165208752
264180,1,7,5,0.3586789934097332
264190,1,7,10,6.980279380823718
264196,1,7,6,9.975471298329106
264206,1,7,9,22.92373240429622
264223,1,7,8,5.5936245711878705
264227,1,7,5,0.3586789934097332
264228,1,7,8,12.125483052125771
264235,0,7,0,0.017050725242331883
264239,1,7,9,22.813315148456834
264241,1,7,2,13.001595135037997
264269,1,7,5,0.3586789934097332
264271,1,7,6,11.442456137666353
264273,1,7,10,14.964676488695277
264277,1,7,8,25.67898437873193
264281,1,7,1,18.4456347301316
264282,1,7,7,1.7143089951255914
264287,1,7,3,1.436871291732785
264298,1,7,10,15.978369413859358
264302,0,7,0,0.026850359516794754
264304,1,7,8,24.602412115139657
264310,1,7,5,0.3586789934097332
264312,1,7,10,7.123425449461764
264315,1,7,6,16.295934398932815
264316,1,7,5,0.3586789934097332
264336,1,7,5,0.3586789934097332
264362,1,7,2,11.280289854224616
264369,1,7,1,9.708194728717771
264378,1,7,2,13.423972392378388
264389,1,7,4,0.3586790108976326
264398,1,7,10,8.86826870999452
264411,1,7,9,21.453733509876727
264415,1,7,4,0.3586790108976326
264428,1,7,10,21.23645990013587
264431,1,7,6,14.063838966237435
264438,1,7,7,0.9964098792763684
264445,1,7,6,16.251948039195284
264447,1,7,4,0.3586790108976326
264448,1,7,8,16.070532551878266
264456,1,7,6,11.398212850140132
264468,1,7,5,0.3586789934097332
264486,1,7,8,21.880115757880187
264490,1,7,4,0.358679009087165
264505,1,7,1,17.528468687187317
264525,1,7,6,12.188264146885817
264526,0,7,0,0.011963394953393096
264532,1,7,6,14.86098260917748
264549,0,7,0,0.01335051225158941
264553,1,7,4,0.3586790108976326
264560,1,7,6,15.602862243121258
264564,1,7,8,19.88641924459257
264565,1,7,9,13.286734637132088
264572,1,7,2,2.9682424784452737
264576,1,7,6,14.519902769883078
264580,1,7,7,4.597566495407343
264586,1,7,8,19.324061004527756
264629,1,7,4,0.3586790108976326
264634,1,7,5,0.3586789934097332
264670,1,7,4,0.3586790108976326
264672,0,7,0,0.02620375145598887
264682,1,7,8,12.694696877526207
264683,1,7,6,11.19115416259803
264703,1,7,4,0.3586790108976326
264709,1,7,9,3.5817750500320633
264746,1,7,6,13.126911932376602
264755,1,7,8,25.3395572895833
264774,1,7,9,24.071527340445105
264794,1,7,9,26.23557170011282
264803,1,7,4,0.3586790108976326
264808,1,7,9,6.3680626399265705
264811,1,7,8,27.827573073505725
264812,1,7,4,0.3586790108976326
264815,1,7,8,8.26747222169154
264826,1,7,5,1.0443458454762091
264862,1,7,6,12.06382665693208
264871,0,7,0,0.015715330058915847
264881,1,7,10,4.1640139578193605
264886,1,7,8,11.870406069102632
264896,1,7,5,0.3586789934097332
264898,1,7,6,23.010056198086495
264901,1,7,6,11.453025172832723
264916,1,7,9,14.360097776140247
264924,1,7,4,0.3586790108976326
264925,1,7,10,21.27125755973661
264926,0,7,0,0.027234744245204872
264935,0,7,0,0.022595939228349706
264941,0,7,0,0.0230751198518174
264944,1,7,1,18.601250414604632
264947,1,7,9,16.305202871367456
265012,1,7,9,26.207534316877638
265016,1,7,9,7.1116590499916805
265017,1,7,6,24.074827455603963
265036,1,7,10,11.678920223887225
265038,1,7,4,0.3586790108976326
265042,1,7,6,21.299140134528344
265054,1,7,8,13.570182467802958
265055,1,7,4,0.3586790108976326
265060,1,7,8,28.51919410123585
265071,1,7,1,18.10746076780928
265085,1,7,4,0.3586790108976326
265090,1,7,3,1.988574441503345
265092,1,7,6,23.17804130790636
265103,0,7,0,0.019954505125959757
265117,1,7,8,24.651815786711676
265168,1,7,8,7.875948081385508
265215,1,7,8,18.480715881736387
265216,1,7,6,13.781185765493893
265232,1,7,6,12.795972128418406
265251,1,7,5,0.3586789934097332
265279,1,7,1,6.252749110938269
265291,1,7,8,22.216337776401495
265298,1,7,2,8.536369061678814
265321,1,7,8,10.589520224226069
265332,1,7,6,23.576867351344625
265358,1,7,5,0.3586789934097332
265370,1,7,4,0.3586790108976326
265373,1,7,6,5.942497250228118
265389,1,7,5,0.3586789934097332
265406,1,7,9,21.847342916340537
265413,1,7,4,0.3586790108976326
265422,0,7,0,0.01340920975687835
265431,1,7,8,11.76697507358398
265450,1,7,10,17.747975470609962
265455,1,7,4,0.3586790108976326
265458,1,7,8,21.35582950379611
265469,1,7,8,19.331204790483643
265475,1,7,7,4.332572898929894
265481,1,7,8,5.8779949579853
265491,1,7,9,26.087395061450522
265499,1,7,10,11.024587107333623
265500,1,7,6,23.65799402503216
265521,1,7,5,0.3586789934097332
265529,1,7,4,0.3586790108976326
265531,1,7,10,7.432031469281391
265555,1,7,9,4.167491336670685
265558,0,7,0,0.051804318297263056
265572,1,7,6,20.135029831910202
265574,1,7,5,0.3586789949470627
265581,1,7,6,18.808864013408616
265582,1,7,9,26.375331936871945
265589,1,7,6,12.797496954436214
265612,1,7,5,0.3586789934097332
265627,1,7,4,0.3586790108976326
265651,1,7,5,0.3586789934097332
265652,1,7,6,21.05255823755112
265656,1,7,6,17.484938990085706
265657,1,7,6,22.954695818407455
265677,1,7,5,0.3586789934097332
265680,1,7,9,19.8498796612731
265696,1,7,4,0.3586790108976326
265697,1,7,9,11.296169283184028
265713,1,7,7,1.9110137814230248
265735,0,7,0,0.01797681058756069
265744,1,7,5,0.3586789934097332
265748,1,7,4,0.3586790108976326
265749,1,7,5,0.3586789934097332
265754,1,7,1,3.7955181746528095
265757,1,7,5,0.3586789934097332
265771,1,7,5,0.3586789934097332
265774,1,7,3,1.1938862874136609
265792,1,7,5,0.3586789934097332
265823,1,7,9,10.637386466151938
265842,1,7,6,14.674915506495664
265847,1,7,7,0.9901319648239201
265857,1,7,9,13.392093931320339
265861,1,7,5,0.3586789934097332
265875,1,7,7,1.9167274086633295
265884,1,7,9,16.586819900922645
265888,1,7,9,9.817221445227627
265905,1,7,10,16.486033095690587
265911,1,7,6,17.48013585486852
265916,1,7,5,0.3586789934097332
265917,1,7,9,16.666551069737253
265950,1,7,4,0.3586790108976326
265955,1,7,6,18.02966933515673
265962,1,7,2,10.064941208523457
265968,1,7,8,9.386023104730175
265989,1,7,7,3.1249289396667606
266008,1,7,10,15.950340210092572
266023,1,7,4,0.3586790108976326
266024,1,7,9,13.6801751173659
266025,1,7,9,25.714783736514516
266030,1,7,6,22.0288500810636
266032,1,7,2,9.996619555021404
266036,1,7,1,9.959506626384862
266051,1,7,10,14.256040519102479
266053,1,7,6,19.339629248959127
266057,1,7,8,27.64113985021638
266065,1,7,6,22.835947345898077
266110,1,7,9,16.53421887890839
266117,1,7,5,0.3586789934097332
266148,1,7,5,0.3586789934097332
266165,1,7,9,16.014051146851077
266173,1,7,6,13.270343960190143
266174,1,7,1,18.099769472311127
266183,1,7,1,5.6824043264005155
266188,1,7,7,2.294044689480606
266195,1,7,10,16.5903556572792
266198,1,7,1,22.526473128111
266231,1,7,9,26.25259004812893
266243,1,7,3,2.1653155188307487
266251,1,7,9,15.619054184701525
266258,1,7,6,23.177102625982574
266286,1,7,1,17.631120172050007
266291,1,7,6,23.850162981803077
266303,1,7,5,0.3586789934097332
266306,1,7,10,15.147129617711302
266309,1,7,9,9.308215963628781
266324,1,7,10,21.232551162714948
266331,1,7,4,0.3586790108976326
266332,1,7,2,3.6430326786827467
266339,1,7,8,13.979559815342247
266342,1,7,5,0.3586789934097332
266349,1,7,2,2.9554847923429284
266359,1,7,9,20.5852029356239
266379,1,7,8,26.329293297970594
266391,1,7,4,0.3586790108976326
266407,1,7,5,0.3586789934097332
266419,1,7,8,24.262217489031595
266422,1,7,10,16.02919261103822
266429,1,7,6,15.39067266514847
266432,1,7,5,0.3586789934097332
266433,1,7,10,10.370105627185872
266435,1,7,7,0.8397691274752195
266452,1,7,6,8.504769465111943
266453,1,7,8,10.212426331493289
266484,1,7,6,13.148766603438226
266488,1,7,9,26.43713535579218
266514,1,7,4,0.3586790108976326
266520,1,7,8,23.136473723962872
266524,1,7,8,23.423723191710298
266549,1,7,7,4.25394335028061
266553,1,7,9,11.682851911326841
266564,1,7,5,0.3586789949470627
266568,1,7,8,4.7881947018946
266571,1,7,6,21.995516755977036
266574,1,7,8,21.354497179929737
266583,1,7,6,5.873220459420907
266604,1,7,9,22.049550082794962
266605,1,7,4,0.3586790108976326
266612,0,7,0,0.01588475452397863
266636,1,7,4,0.3586790108976326
266643,1,7,6,14.195572295941716
266647,1,7,8,17.613413726913553
266649,1,7,6,14.667338124753288
266671,1,7,7,1.8932068925109875
266672,1,7,9,25.647923014115356
266677,1,7,3,2.3619170888901984
266686,1,7,5,0.3586789934097332
266688,0,7,0,0.022216395734104073
266696,1,7,10,13.638684700056961
266711,1,7,2,10.605125733583224
266718,1,7,6,23.658007261157763
266723,1,7,9,19.911851976101655
266731,1,7,3,2.3946136667521913
266734,1,7,2,13.517869343008238
266753,1,7,4,0.3586790108976326
266756,1,7,2,3.6016078637061466
266762,1,7,9,25.89886335359654
266764,0,7,0,0.027599513737702416
266767,1,7,9,23.12362339148075
266777,1,7,5,0.3586789934097332
266792,1,7,9,22.87731913459247
266796,1,7,8,22.606916746467334
266825,1,7,7,2.8724007916382472
266833,1,7,1,16.059281344912392
266838,1,7,10,5.94152200912275
266841,1,7,1,17.43209892590108
266867,1,7,3,1.1001362495113511
266874,1,7,4,0.3586790108976326
266876,1,7,4,0.3586790108976326
266890,1,7,9,21.45121756688495
266891,1,7,10,9.052037921352616
266916,1,7,5,0.3586789934097332
266920,1,7,9,15.84223162764568
266921,1,7,4,0.3586790108976326
266926,1,7,5,0.3586789934097332
266935,1,7,7,4.611523825396451
266938,1,7,4,0.3586790108976326
266950,1,7,6,19.524298606832264
266963,1,7,8,27.124526224398235
266974,1,7,9,25.695316422836534
266986,1,7,9,24.07744393007081
266996,1,7,3,2.4141983060094816
267011,1,7,5,0.3586789934097332
267022,1,7,9,11.503387768297257
267031,1,7,6,15.474643668105891
267052,1,7,4,0.3586790108976326
267078,1,7,8,4.1319220950829445
267088,1,7,9,9.836174743814412
267098,1,7,4,0.3586790108976326
267104,1,7,4,0.3586790108976326
267114,1,7,4,0.3586790108976326
267116,1,7,1,13.308100237297168
267119,1,7,6,8.715414836302388
267122,1,7,9,11.152825140723957
267125,1,7,5,0.3586789934097332
267133,1,7,10,9.920747322450477
267135,1,7,8,13.570731065573716
267143,1,7,9,18.62537971496555
267145,1,7,5,0.3586789934097332
267149,1,7,7,2.5221241162948074
267182,1,7,8,28.06535519379614
267192,1,7,5,0.3586789934097332
267198,1,7,8,23.001475858469576
267237,1,7,1,10.977945187494097
267255,1,7,8,11.053154432850937
267281,1,7,9,17.089985633298905
267285,1,7,1,16.894860063120298
267288,1,7,9,24.19875437037995
267293,1,7,10,8.911533464303046
267299,1,7,9,25.356810321089533
267301,1,7,4,0.3586790108976326
267314,1,7,3,2.3568549378385244
267316,1,7,4,0.3586790108976326
267325,1,7,4,0.3586790108976326
267336,1,7,6,23.245527000796834
267354,1,7,4,0.3586790108976326
267357,1,7,9,19.254552902864987
267360,1,7,8,14.415833365943499
267388,1,7,6,23.123807532036267
267395,1,7,6,8.298086691557575
267406,1,7,1,16.07032483695127
267408,1,7,6,7.382643998933468
267411,1,7,9,26.244118268759685
267426,1,7,10,7.829023231805054
267434,1,7,5,0.3586789934097332
267439,1,7,4,0.3586790108976326
267440,1,7,4,0.3586790108976326
267441,1,7,9,17.111323177611855
267443,1,7,6,12.009692189912286
267492,1,7,8,26.762447624599936
267493,1,7,8,28.177493759871325
267517,1,7,9,24.557025208988502
267542,1,7,6,9.291506041601831
267546,1,7,5,0.3586789934097332
267550,1,7,6,21.601626324103062
267560,1,7,9,17.38641149856219
267561,1,7,9,16.72568489312495
267569,1,7,9,22.781106498715523
267571,1,7,6,6.567020882122712
267577,1,7,8,12.657181253117384
267578,1,7,4,0.3586790108976326
267581,1,7,8,23.065256235206355
267584,1,7,10,15.480712230419657
267620,1,7,7,2.445005055122038
267625,1,7,2,5.980695435483583
267635,1,7,10,11.806729357607168
267637,1,7,9,23.205850094601306
267645,1,7,1,13.515592565071223
267655,0,7,0,0.024796933703748206
267659,1,7,10,21.129879101418492
267662,1,7,9,2.962906380394813
267670,1,7,9,19.487916815149372
267673,1,7,5,0.3586789934097332
267690,1,7,9,24.352194600142102
267725,1,7,4,0.3586790108976326
267752,1,7,9,13.371178094623057
267759,1,7,6,12.147908963535938
267760,1,7,9,26.236514503936284
267786,1,7,8,16.682764531619245
267789,1,7,10,17.613005978618105
267797,1,7,9,9.982280082245738
267801,0,7,0,0.028718340747921282
267806,1,7,8,21.779042421407095
267819,1,7,6,15.282766639742599
267832,1,7,10,4.931993444201321
267833,1,7,10,9.942845975538864
267840,0,7,0,0.014896749445289723
267849,1,7,10,7.784510033949064
267853,1,7,9,2.8955382060023123
267861,1,7,3,2.3651827331705366
267871,1,7,10,7.603124653602271
267877,1,7,9,24.28588067793836
267899,1,7,10,10.78215353282619
267905,1,7,8,20.77654213553856
267913,1,7,6,22.380846088948132
267915,1,7,5,0.3586789934097332
267929,1,7,8,23.54297726737095
267931,1,7,5,0.3586789934097332
267953,1,7,6,6.082361399420571
267982,1,7,6,21.79384451409355
267984,1,7,8,22.837675239978804
267995,1,7,6,14.686316106463268
267999,1,7,9,25.64026654704807
268007,1,7,9,14.6403015865652
268026,1,7,5,0.3586789934097332
268030,1,7,4,0.3586790108976326
268033,0,7,0,0.09171473284273121
268051,1,7,10,4.454888788559469
268056,1,7,1,11.056867696803879
268057,1,7,8,17.516171450557085
268066,1,7,6,23.037340981897
268074,1,7,9,23.798661544861435
268076,1,7,10,15.379817187055453
268089,0,7,0,0.01411718465169857
268090,1,7,9,19.48118898595806
268092,1,7,9,16.388809004558187
268096,1,7,4,0.3586790108976326
268104,1,7,9,24.203247695352093
268127,1,7,6,23.131387934085197
268163,1,7,5,0.3586789934097332
268182,1,7,8,20.98146155406807
268224,1,7,8,21.667243864508464
268231,0,7,0,0.034269754998158354
268239,1,7,1,18.01388044354226
268242,1,7,8,11.37678618983883
268249,1,7,10,9.439578994362186
268251,1,7,9,16.276401232188658
268260,1,7,7,2.231218575149422
268261,0,7,0,0.020476124822712
268264,1,7,4,0.3586790108976326
268275,1,7,4,0.3586790108976326
268276,1,7,9,9.88240880133785
268283,1,7,5,0.3586789934097332
268291,1,7,9,14.648681376626795
268296,1,7,7,3.81000744230764
268298,1,7,8,12.873541599728464
268301,1,7,5,0.3586789934097332
268312,1,7,7,2.262181147749544
268313,1,7,10,20.802657714821805
268317,1,7,4,0.3586790108976326
268322,1,7,10,17.229030322086974
268326,1,7,10,7.460203406096845
268339,1,7,9,6.023482693618035
268366,1,7,8,8.758842330277954
268395,1,7,2,7.732474375671111
268406,1,7,3,1.1897436014906106
268417,1,7,1,19.140470508464517
268425,1,7,9,16.855029540901764
268428,1,7,5,0.3586789934097332
268464,1,7,6,14.933016264170973
268466,1,7,8,18.263798677501637
268467,1,7,2,10.951813698597638
268471,1,7,8,15.351969065465347
268476,1,7,8,23.599890908138182
268516,1,7,9,25.01821829227708
268517,1,7,9,22.64158998756808
268519,1,7,6,19.52913647434924
268523,1,7,9,26.36770755206461
268554,1,7,6,6.103297282650697
268563,1,7,1,5.996385347516345
268576,1,7,10,4.163658594847775
268584,1,7,5,0.3586789934097332
268598,1,7,10,3.1300200576997725
268636,1,7,8,15.60313710613888
268643,1,7,10,4.909154444134274
268653,1,7,1,21.711046493518698
268661,1,7,8,14.145050356844264
268667,1,7,5,0.3586789934097332
268669,1,7,9,15.243368391825111
268675,1,7,4,0.3586790108976326
268692,1,7,4,0.3586790108976326
268704,1,7,1,14.382254648140757
268716,1,7,7,1.4660337597858852
268720,1,7,10,9.445653993788401
268721,1,7,7,3.8141233065113993
268723,1,7,6,23.285650404748093
268740,1,7,7,4.135165586588302
268760,1,7,8,4.730605211126068
268780,1,7,2,10.51483917136056
268781,1,7,2,12.041198736724947
268788,1,7,6,14.118501194711289
268790,1,7,6,12.681988444064686
268792,0,7,0,0.015151457014557676
268794,1,7,9,13.040125595650409
268818,1,7,4,0.3586790108976326
268822,1,7,7,2.7343172025105233
268825,1,7,6,23.07236782709329
268860,1,7,9,17.84918535576899
268875,1,7,4,0.3586790108976326
268880,1,7,9,19.198892457813958
268891,1,7,8,21.111072815938435
268894,1,7,6,22.508354844376086
268900,1,7,4,0.3586790108976326
268907,1,7,10,17.224326194492626
268908,1,7,6,18.45734786127196
268912,1,7,10,11.213905267773981
268916,1,7,9,17.176577006241555
268917,1,7,4,0.3586790108976326
268925,1,7,4,0.3586790108976326
268939,1,7,8,21.933173805149224
268940,1,7,8,8.129251858616124
268953,1,7,9,25.612258238709593
268956,1,7,2,3.462096494944267
268966,1,7,9,11.525820239522814
268969,1,7,5,0.3586789934097332
268982,1,7,5,0.3586789934097332
268984,1,7,6,20.598806935438486
268994,1,7,4,0.358679009087165
269005,1,7,6,6.595789803718326
269006,1,7,3,2.3685191463763946
269007,1,7,5,0.3586789934097332
269021,1,7,9,23.742383860631875
269028,1,7,6,4.677508439506518
269045,1,7,6,8.224515437348204
269057,0,7,0,0.022853941520419193
269072,1,7,4,0.3586790108976326
269086,1,7,3,2.1532673814473147
269120,1,7,9,25.90006249681338
269140,1,7,4,0.3586790108976326
269144,1,7,6,6.815082277248895
269147,1,7,4,0.3586790108976326
269148,1,7,8,7.419563827168041
269149,1,7,8,28.178202280365976
269164,1,7,4,0.3586790108976326
269177,1,7,8,14.11630659497102
269190,1,7,9,15.275463291016802
269202,1,7,6,14.983478124926883
269203,1,7,10,7.042502327709953
269208,1,7,4,0.3586790108976326
269214,1,7,5,0.3586789934097332
269220,1,7,4,0.3586790108976326
269227,1,7,4,0.3586790108976326
269244,1,7,5,0.3586789934097332
269249,1,7,6,19.727617416577818
269250,1,7,6,23.390800422954555
269254,1,7,7,2.681649025091202
269268,1,7,4,0.3586790108976326
269281,1,7,8,27.848119861352277
269294,1,7,5,0.3586789934097332
269297,1,7,5,0.3586789949470627
269305,1,7,9,14.004531983768235
269306,1,7,5,0.3586789934097332
269317,1,7,6,18.486579152577256
269341,1,7,6,23.886452838750674
269344,1,7,6,10.140823739833577
269357,1,7,5,0.3586789934097332
269360,1,7,8,24.58199195852247
269411,1,7,4,0.3586790108976326
269415,1,7,10,7.745474570962238
269423,1,7,9,26.340300833876384
269441,1,7,9,23.68626928018773
269447,1,7,1,14.580622420864737
269450,1,7,9,8.219311097493145
269467,1,7,10,7.638823907253421
269469,1,7,8,17.28023514074176
269472,1,7,8,21.24039984694118
269480,1,7,9,8.654701987663397
269483,1,7,6,13.104528632537018
269493,1,7,9,4.572284578559636
269494,1,7,6,23.048788858323743
269519,1,7,6,11.713382303585323
269526,1,7,5,0.3586789934097332
269531,1,7,3,1.2052615682288632
269535,1,7,9,24.414409436379447
269537,0,7,0,0.013485625435835535
269553,1,7,8,15.866190731334395
269558,1,7,7,2.0098051086194184
269563,1,7,6,9.6452952969269
269598,1,7,1,16.49892756620385
269604,1,7,1,17.057716970271027
269611,1,7,6,21.921835826940278
269615,1,7,5,0.3586789949470627
269620,1,7,9,4.567729604900102
269644,1,7,4,0.3586790108976326
269647,1,7,5,0.3586789934097332
269653,1,7,6,18.187679821756767
269663,0,7,0,0.030456848014622923
269665,1,7,1,17.64180438475906
269668,1,7,9,9.568109588417059
269674,1,7,9,26.360492504173738
269675,1,7,10,14.86231285235507
269690,1,7,4,0.3586790108976326
269696,1,7,10,11.274096468841769
269702,1,7,6,16.158716819978434
269705,1,7,6,19.013037499896196
269712,1,7,8,8.535443179438904
269721,1,7,9,2.982142558427704
269726,1,7,8,11.905310901873364
269747,1,7,10,12.357320728926215
269762,1,7,4,0.3586790108976326
269766,1,7,5,0.3586789934097332
269773,1,7,1,7.6022558354741445
269779,1,7,5,0.3586789934097332
269786,1,7,7,1.4166512211029518
269789,1,7,1,14.601018968945525
269796,1,7,9,24.043349564397584
269799,1,7,10,12.164894823752887
269802,1,7,6,21.684666749321075
269820,1,7,9,18.343121895541078
269826,1,7,9,18.263044248236817
269832,1,7,9,16.721479415858695
269858,1,7,7,4.442546599000715
269869,1,7,7,1.4130262824422801
269873,1,7,9,22.03843200157992
269876,0,7,0,0.12789175383134724
269889,1,7,8,15.001040069578382
269893,1,7,9,26.415538889540155
269900,1,7,5,0.3586789934097332
269906,1,7,10,7.217740390097928
269926,1,7,9,18.909464079814096
269936,1,7,2,6.40558275304994
269939,1,7,9,11.142360569407167
269957,1,7,1,16.688087311523695
269980,1,7,1,19.153346074617712
270012,1,7,2,8.150135991668247
270013,0,7,0,0.026239340368743945
270014,1,7,9,26.285752777341294
270027,1,7,4,0.3586790108976326
270029,1,7,4,0.3586790108976326
270042,1,7,5,0.3586789934097332
270048,1,7,4,0.3586790108976326
270057,1,7,5,0.3586789934097332
270062,1,7,6,11.15059262110091
270072,1,7,7,2.5841961836791687
270075,1,7,5,0.3586789934097332
270106,1,7,9,13.150616777181716
270115,1,7,8,18.934352244238934
270143,1,7,5,0.3586789934097332
270144,1,7,9,7.670683091679149
270163,1,7,4,0.3586790108976326
270171,1,7,5,0.3586789934097332
270190,1,7,5,0.3586789934097332
270192,1,7,6,13.372460646374003
270193,1,7,6,23.101268089985584
270206,1,7,10,21.123164821425473
270207,0,7,0,0.02731754041489848
270219,1,7,8,18.894998812119372
270227,1,7,9,26.22794286220371
270240,1,7,5,0.3586789934097332
270247,1,7,4,0.3586790108976326
270248,1,7,9,8.104832919278545
270253,1,7,7,4.56369017066578
270259,1,7,6,14.244330444855379
270261,1,7,5,0.3586789934097332
270273,1,7,8,5.760282938693741
270295,1,7,3,2.259227830875933
270324,1,7,6,18.456666138372356
270336,1,7,9,22.99521595762206
270354,1,7,10,11.268356206873468
270364,1,7,10,10.150921528210285
270370,1,7,3,2.334391506621848
270373,1,7,4,0.3586790108976326
270378,1,7,3,2.2328425147716606
270384,1,7,6,13.38143046353253
270391,1,7,5,0.3586789934097332
270394,0,7,0,0.014523710807980874
270402,1,7,4,0.3586790108976326
270404,1,7,9,9.331158796755417
270408,1,7,9,15.828744524448684
270443,1,7,8,17.462739249217325
270449,1,7,8,16.82639015717844
270458,1,7,4,0.3586790108976326
270469,1,7,4,0.3586790108976326
270474,1,7,1,16.098070709627347
270484,1,7,8,17.541560345304447
270494,1,7,4,0.3586790108976326
270511,1,7,6,9.694859818683152
270512,1,7,6,20.01221356785485
270563,1,7,9,5.834419269157165
270568,1,7,2,11.009684831253647
270575,1,7,9,20.637600927955205
270582,1,7,5,0.3586789934097332
270588,0,7,0,0.019962670447059683
270619,1,7,5,0.3586789934097332
270630,1,7,10,21.08073269887296
270651,1,7,9,13.458002392594166
270655,1,7,2,13.030058074174583
270674,1,7,10,11.900039718137053
270675,1,7,3,2.0441937907003807
270693,1,7,5,0.3586789934097332
270698,1,7,4,0.3586790108976326
270703,1,7,4,0.3586790108976326
270706,1,7,8,27.2591894296104
270711,1,7,9,12.362850781206799
270730,1,7,9,6.313491516784731
270737,1,7,10,5.595250139735858
270740,1,7,9,16.706642871543934
270754,1,7,10,11.038269419652787
270755,1,7,6,21.3153459276223
270769,1,7,9,26.426117597920374
270784,0,7,0,0.01816465107657342
270793,1,7,9,22.603386533257584
270817,1,7,6,12.042785710009019
270833,1,7,5,0.3586789934097332
270846,1,7,9,18.609815947338017
270849,1,7,1,11.449022421367133
270854,1,7,9,18.346485782807214
270902,1,7,5,0.3586789934097332
270903,1,7,8,21.896083375548027
270927,1,7,10,4.272184693628416
270931,1,7,9,21.31294996060255
270956,1,7,9,26.245971998594694
270970,1,7,9,11.42898828313677
270978,1,7,5,0.3586789934097332
270979,1,7,9,14.63566159691542
270995,1,7,8,3.8352021718799567
270998,1,7,8,19.471984446349893
271006,1,7,9,24.64549168390579
271018,1,7,9,13.263602962407127
271023,1,7,5,0.3586789934097332
271026,1,7,9,24.243860455880906
271038,1,7,9,12.425300212404856
271039,1,7,8,12.113672300040728
271062,1,7,9,24.781268533688976
271076,1,7,9,14.756762938758307
271078,1,7,3,2.3786168354449004
271100,0,7,0,0.0243757679367313
271114,1,7,5,0.3586789934097332
271125,1,7,9,14.144163033069537
271151,1,7,5,0.3586789934097332
271152,1,7,2,7.995719673390332
271171,1,7,9,17.22441452070798
271176,1,7,10,12.218527956988023
271182,1,7,7,4.39706712468917
271200,1,7,8,11.842318105127308
271205,1,7,8,17.41390846936297
271210,1,7,2,8.684376446331365
271216,1,7,8,7.746196929507429
271232,1,7,3,2.385032273549453
271234,1,7,6,18.264450570787403
271266,1,7,9,20.23055129686995
271270,1,7,9,14.2319412883565
271285,1,7,5,0.3586789949470627
271296,1,7,7,0.40310245730177374
271297,1,7,2,8.735488018671862
271311,1,7,9,25.7561177467425
271319,1,7,2,11.224590159064155
271326,1,7,8,20.415313840963
271360,1,7,6,15.74666443663081
271361,1,7,5,0.3586789934097332
271372,1,7,8,17.63465565568367
271373,1,7,5,0.3586789934097332
271377,1,7,10,11.364821251402644
271378,1,7,7,3.576275248695243
271382,1,7,2,1.6448813315029045
271386,1,7,1,8.768085910881029
271402,1,7,10,7.733423180597722
271403,1,7,10,8.305357464123489
271406,1,7,9,19.070390098715357
271407,1,7,9,22.18059160986818
271415,1,7,5,0.3586789934097332
271421,1,7,9,11.602225088932236
271429,1,7,6,7.322964668768129
271443,1,7,4,0.3586790108976326
271444,1,7,3,2.338275820642564
271448,1,7,6,23.2216628753538
271473,1,7,2,10.424337182981821
271475,1,7,5,0.3586789934097332
271480,1,7,5,0.3586789934097332
271492,1,7,8,23.944559577243993
271516,1,7,5,0.3586789934097332
271532,1,7,4,0.3586790108976326
271533,1,7,9,25.670095496921792
271542,1,7,8,21.403744719191035
271551,1,7,4,0.358679009087165
271554,0,7,0,0.12739532750985483
271555,1,7,9,21.376263845265633
271571,1,7,5,0.3586789934097332
271573,1,7,9,12.097888468028817
271596,1,7,6,23.667720341287172
271602,0,7,0,0.01879004973860217
271613,1,7,5,0.3586789934097332
271619,1,7,5,0.3586789934097332
271621,1,7,7,2.5680385586843206
271623,1,7,4,0.3586790108976326
271624,1,7,5,0.3586789934097332
271639,1,7,6,23.86878995673453
271648,1,7,10,19.474517447223683
271649,1,7,4,0.3586790108976326
271655,1,7,8,17.666586950179227
271706,1,7,8,21.35139535540627
271708,1,7,8,6.984750692102541
271717,1,7,5,0.3586789934097332
271727,1,7,8,15.00754706065844
271731,1,7,8,14.700151583386143
271734,1,7,7,0.6437153773192952
271739,1,7,6,23.14547825285954
271744,1,7,3,1.40442608811628
271747,1,7,3,0.8328469283965829
271755,1,7,5,0.3586789934097332
271756,1,7,5,0.3586789934097332
271783,1,7,9,15.676877291349435
271784,1,7,9,14.744986130840351
271789,1,7,8,8.523403847772714
271795,1,7,8,3.2313639748929375
271812,0,7,0,0.018857177614342784
271825,1,7,8,28.536289183423307
271826,1,7,9,24.066070464751157
271833,1,7,5,0.3586789934097332
271854,1,7,6,16.343245935552464
271860,1,7,6,10.5825453440891
271863,1,7,5,0.3586789934097332
271870,1,7,8,25.75378531277413
271886,1,7,4,0.3586790108976326
271891,1,7,9,20.874184853979763
271901,1,7,10,12.550278020243715
271906,1,7,3,1.387860525046802
271922,1,7,5,0.3586789934097332
271935,1,7,4,0.3586790108976326
271940,1,7,6,6.098561991406038
271950,1,7,5,0.3586789934097332
271953,1,7,9,11.050842915497181
271958,1,7,4,0.3586790108976326
271975,1,7,10,4.3093015800243855
272003,1,7,5,0.3586789934097332
272014,1,7,6,14.570614421550005
272016,1,7,4,0.3586790108976326
272032,1,7,2,1.27851945381531
272051,1,7,9,22.32454901098501
272059,1,7,1,15.656502809884485
272076,1,7,6,5.602647847905322
272087,1,7,5,0.3586789934097332
272104,1,7,8,5.784775920397125
272110,1,7,8,8.102043550074539
272111,1,7,10,20.03701113446352
272120,1,7,8,22.606115524576516
272126,1,7,5,0.3586789934097332
272140,1,7,5,0.3586789949470627
272149,1,7,10,19.692968936149196
272176,1,7,4,0.3586790108976326
272177,1,7,9,19.933904172748917
272181,1,7,3,2.2587331099778174
272195,1,7,10,20.77463509925237
272233,1,7,10,21.277912658122553
272235,1,7,6,14.18649163518891
272240,0,7,0,0.01752364565386056
272248,1,7,3,2.4239579867760197
272251,0,7,0,0.014177587950126061
272262,1,7,8,18.153109598017824
272274,1,7,5,0.3586789934097332
272289,1,7,8,19.606261801981507
272299,1,7,1,15.729856790937113
272315,1,7,9,6.769605981427713
272324,1,7,10,3.1776814445702573
272340,1,7,9,12.076185626024142
272345,1,7,4,0.3586790108976326
272372,1,7,6,6.331589271350891
272376,1,7,4,0.3586790108976326
272387,1,7,9,21.907041377828207
272405,1,7,5,0.3586789934097332
272411,0,7,0,0.015514946086982319
272447,1,7,5,0.3586789934097332
272454,1,7,5,0.3586789934097332
272482,1,7,3,1.798071870376171
272484,1,7,8,17.434894115488785
272485,1,7,3,1.2152354889461796
272492,1,7,1,15.398043219908173
272500,1,7,10,11.199245680311956
272527,1,7,2,7.255249086896747
272535,1,7,8,7.286608337301572
272538,1,7,8,14.472256715034778
272551,1,7,4,0.3586790108976326
272590,1,7,7,3.6699399827764005
272607,1,7,7,2.6595060155545567
272614,1,7,4,0.3586790108976326
272620,1,7,10,18.376199017123408
272626,1,7,7,4.379502941241536
272661,1,7,6,22.846787500490002
272664,1,7,8,18.896081522048124
272670,1,7,4,0.3586790108976326
272677,1,7,9,18.71764634097299
272682,1,7,9,25.177037528929432
272685,1,7,4,0.3586790108976326
272689,1,7,10,18.76960554861655
272739,1,7,4,0.3586790108976326
272749,1,7,3,1.1020475315368043
272750,1,7,7,2.4089052990721673
272767,1,7,4,0.3586790108976326
272779,1,7,8,9.952870023755176
272781,1,7,6,10.60376715214649
272782,1,7,6,18.512166843646618
272784,1,7,1,21.41834061840987
272787,1,7,6,5.948959593358245
272799,1,7,10,10.83271524434919
272801,1,7,9,24.540227413845372
272817,1,7,10,14.356028831781503
272822,1,7,4,0.3586790108976326
272825,1,7,4,0.3586790108976326
272835,1,7,1,16.256351638433472
272837,1,7,4,0.3586790108976326
272869,1,7,9,4.740665784337006
272872,1,7,4,0.358679009087165
272889,1,7,1,23.235177193731502
272891,1,7,2,12.999855824342438
272904,1,7,4,0.3586790108976326
272905,1,7,9,18.564898748044524
272923,1,7,7,2.3021599261412664
272937,0,7,0,0.2237824122245371
272940,1,7,4,0.3586790108976326
272945,1,7,6,11.367081592978534
272951,1,7,10,12.682744869936574
272954,1,7,9,16.373191423754424
272963,1,7,5,0.3586789934097332
272978,1,7,10,11.294304648188527
272980,1,7,1,11.766775765375748
272996,1,7,9,13.526589294547149
273003,1,7,7,2.2643823315445895
273014,1,7,10,6.701814830168538
273015,1,7,9,16.554968857459922
273017,1,7,8,6.560088552270029
273031,1,7,5,0.3586789934097332
273042,1,7,4,0.3586790108976326
273046,1,7,4,0.3586790108976326
273050,1,7,4,0.3586790108976326
273068,1,7,8,22.660397285856135
273076,1,7,10,18.356738313064238
273078,1,7,8,24.0299703521826
273120,1,7,9,12.924947407350633
273124,1,7,10,14.78650238311762
273152,1,7,5,0.3586789934097332
273167,1,7,4,0.3586790108976326
273169,1,7,5,0.3586789934097332
273175,1,7,10,20.22692142183764
273178,1,7,9,12.984028056750775
273188,1,7,5,0.3586789949470627
273202,1,7,8,17.322609002877893
273211,1,7,4,0.3586790108976326
273212,1,7,10,21.1390632775428
273216,1,7,4,0.3586790108976326
273227,1,7,10,21.310774645096313
273239,1,7,5,0.3586789934097332
273248,1,7,6,22.40131371436193
273254,1,7,4,0.3586790108976326
273255,1,7,5,0.3586789934097332
273270,1,7,10,18.988476934917504
273280,1,7,6,19.231707793206603
273293,0,7,0,0.0484844481039818
273297,1,7,6,11.547798738743488
273304,1,7,7,1.166374855189887
273314,1,7,4,0.3586790108976326
273332,1,7,1,22.844177554347027
273335,1,7,9,13.564969831402632
273346,1,7,6,14.94891916830641
273349,1,7,4,0.3586790108976326
273362,1,7,8,10.09057224875766
273364,0,7,0,0.01741809368961079
273372,1,7,6,15.467927451911766
273376,1,7,10,13.937150602949593
273385,0,7,0,0.21901679959985482
273386,1,7,6,9.130873163398833
273388,1,7,4,0.3586790108976326
273401,1,7,6,8.26360889727962
273406,1,7,4,0.3586790108976326
273413,1,7,2,10.643726656756419
273415,1,7,6,7.795046315491868
273416,1,7,10,20.778091522746646
273420,1,7,10,5.989125322355437
273441,1,7,5,0.3586789934097332
273447,1,7,4,0.3586790108976326
273454,1,7,6,13.492778805603713
273458,1,7,8,10.447652045283283
273478,1,7,8,20.892469246791073
273483,1,7,4,0.3586790108976326
273495,1,7,3,2.367297113933962
273513,1,7,5,0.3586789934097332
273514,1,7,6,18.989265912576762
273526,1,7,6,21.685388077950936
273545,1,7,7,1.818311397645964
273556,1,7,9,25.69183256867138
273562,1,7,5,0.3586789934097332
273563,1,7,3,1.536473690502034
273574,1,7,6,15.129155610084114
273582,1,7,5,0.3586789934097332
273583,0,7,0,0.02376061172485764
273584,1,7,5,0.3586789934097332
273598,1,7,10,16.931184634278257
273617,1,7,10,15.68461713646208
273622,1,7,9,15.600754070077961
273640,1,7,8,14.439999221164202
273668,1,7,9,4.207085569720439
273696,1,7,6,16.71151925602898
273699,0,7,0,0.015052658799050662
273701,1,7,8,11.604998476202697
273705,1,7,4,0.3586790108976326
273708,1,7,9,7.978261102593391
273725,1,7,5,0.3586789934097332
273735,1,7,8,25.012554708191036
273748,1,7,9,25.957460715210146
273754,1,7,4,0.358679009087165
273795,0,7,0,0.01979846244883993
273813,1,7,6,14.643250027748934
273817,1,7,5,0.3586789934097332
273824,1,7,9,23.13489284576078
273831,1,7,3,2.3145219709075384
273838,1,7,5,0.3586789934097332
273847,1,7,6,23.13901835823883
273852,1,7,2,7.989876121442543
273860,1,7,5,0.3586789934097332
273873,1,7,4,0.3586790108976326
273883,1,7,1,11.482034703070006
273888,1,7,7,1.3341897359605575
273916,1,7,4,0.3586790108976326
273944,1,7,8,20.20112425971243
273945,1,7,7,2.536458909827699
273962,1,7,8,27.985550037208426
273993,1,7,6,17.48780687689285
274007,0,7,0,0.016474380830657567
274010,1,7,3,2.217683271340822
274014,1,7,5,0.3586789934097332
274023,1,7,4,0.3586790108976326
274060,1,7,10,3.6384061855996537
274080,1,7,9,20.763390280995782
274094,1,7,7,4.601361819891052
274111,1,7,8,14.19797952200647
274129,1,7,8,15.224259550374967
274133,1,7,6,18.81681940076359
274152,1,7,7,4.543677375307613
274155,1,7,8,25.693761559879928
274171,1,7,1,12.07816269426737
274184,1,7,5,0.3586789949470627
274203,1,7,4,0.358679009087165
274223,0,7,0,0.021203193691700054
274256,1,7,5,0.3586789934097332
274269,1,7,4,0.3586790108976326
274272,1,7,4,0.3586790108976326
274283,1,7,9,12.132572786574265
274286,1,7,1,18.25424520343198
274290,1,7,5,0.3586789934097332
274309,1,7,7,3.7094702245205577
274315,1,7,9,15.825539510030286
274345,1,7,4,0.3586790108976326
274368,1,7,9,16.702714371813123
274373,1,7,4,0.3586790108976326
274377,1,7,9,26.34915442880129
274385,1,7,4,0.3586790108976326
274387,1,7,4,0.3586790108976326
274407,1,7,3,2.1497120645356222
274409,1,7,1,10.13104073291915
274410,1,7,5,0.3586789934097332
274430,1,7,5,0.3586789934097332
274433,1,7,5,0.3586789934097332
274448,1,7,8,23.649056353675928
274449,1,7,6,12.857629148882332
274456,1,7,9,21.039250472599818
274457,1,7,7,4.495822442094483
274458,1,7,2,5.646928730909461
274481,1,7,8,22.5641929156686
274483,1,7,9,14.117276109533242
274487,1,7,9,18.988937976049304
274523,1,7,9,21.674865848155427
274524,1,7,9,14.143203382656708
274529,1,7,5,0.3586789949470627
274552,1,7,4,0.358679009087165
274555,1,7,5,0.3586789934097332
274566,1,7,9,6.6731590069316615
274568,1,7,6,12.773784738002524
274573,1,7,10,16.141818451614512
274581,1,7,5,0.3586789934097332
274590,1,7,8,9.087961684349942
274617,1,7,1,10.562397156492542
274625,1,7,9,12.93381385094416
274626,1,7,10,17.794247469852642
274630,1,7,9,12.025075226842947
274635,1,7,8,23.60990614264349
274636,1,7,8,16.382538230578557
274639,1,7,8,27.561796991941844
274644,1,7,7,2.280658005922709
274648,1,7,5,0.3586789934097332
274651,1,7,8,3.9146191238702115
274668,1,7,7,4.550081703229322
274683,1,7,9,15.240192283953876
274687,1,7,5,0.3586789934097332
274693,1,7,8,23.509385735130564
274699,1,7,5,0.3586789934097332
274705,1,7,3,2.4270751735750213
274721,1,7,10,7.7244178264539
274725,1,7,10,7.947197877815347
274757,1,7,5,0.3586789934097332
274759,1,7,9,20.80263978356747
274761,1,7,8,13.786636850809693
274762,1,7,5,0.3586789934097332
274775,1,7,5,0.3586789934097332
274777,1,7,9,17.098741729571756
274780,1,7,7,2.0536915931370125
274782,1,7,5,0.3586789949470627
274790,1,7,1,16.7343794667676
274793,1,7,7,4.3238978776269255
274810,0,7,0,0.017422907947432776
274811,1,7,9,11.292064958899768
274827,1,7,8,5.408292083684631
274828,1,7,4,0.3586790108976326
274832,1,7,9,13.754448131256733
274841,1,7,9,25.76856889782464
274853,1,7,6,23.420037735903755
274890,1,7,10,11.343806955134053
274904,1,7,1,12.069463977369008
274933,1,7,3,2.418382478828159
274945,1,7,2,9.853905066051448
274947,1,7,9,19.91422972550791
274952,1,7,5,0.3586789934097332
274960,1,7,9,4.434333429673281
274965,1,7,5,0.3586789934097332
274981,1,7,4,0.3586790108976326
274984,1,7,6,23.300210162345472
274996,1,7,8,20.123587448233923
275006,1,7,4,0.3586790108976326
275026,1,7,9,13.95103731809381
275028,1,7,8,20.797925734334353
275040,1,7,9,25.953419206150333
275042,1,7,3,2.4117856542074763
275043,1,7,3,2.346729661800139
275044,1,7,10,7.720427301842312
275056,1,7,3,1.17829539834116
275062,1,7,2,13.909220068581133
275064,1,7,8,13.517786226159153
275069,1,7,8,28.044441642626072
275073,1,7,5,0.3586789949470627
275075,1,7,8,9.022797001513783
275094,1,7,5,0.3586789934097332
275096,1,7,6,13.972149387152431
275107,1,7,6,9.479949736247383
275133,1,7,6,16.105610101077733
275135,1,7,8,16.34866963306413
275146,1,7,9,10.858967137274568
275154,1,7,8,7.143080354348314
275163,1,7,8,22.831972741577044
275195,0,7,0,0.18529196678230667
275199,1,7,1,23.209697525723872
275205,1,7,1,21.458718949737047
275209,1,7,3,2.3882385920164064
275218,1,7,9,13.767796907793768
275228,1,7,8,18.86435002185592
275232,1,7,8,19.436613191658456
275241,1,7,10,7.767774122906839
275246,1,7,10,11.670765570533083
275249,1,7,1,7.493682770948187
275250,1,7,5,0.3586789934097332
275257,1,7,9,23.60681202079674
275259,1,7,9,15.508299322459987
275275,1,7,9,25.472041124937576
275285,1,7,6,19.323938770933616
275316,1,7,6,11.455674840049749
275320,1,7,6,20.816268238871515
275347,1,7,10,16.872291268895673
275361,1,7,9,17.82525309156256
275367,1,7,2,5.711499258395471
275379,1,7,8,12.546006543220752
275385,0,7,0,0.015428331961657682
275392,1,7,10,6.456552733148199
275404,1,7,5,0.3586789934097332
275410,1,7,9,12.320057094942864
275425,1,7,9,23.122359327544665
275433,1,7,6,19.66440903745921
275438,1,7,10,19.388438513584553
275439,1,7,9,11.01775725457486
275475,1,7,10,14.359559738829143
275479,1,7,9,8.22176954920224
275485,0,7,0,0.03524608243067958
275510,1,7,1,22.116188992236133
275514,1,7,5,0.3586789934097332
275536,1,7,9,23.849277384400914
275540,1,7,10,7.479689353294289
275555,1,7,5,0.3586789934097332
275557,1,7,10,5.43887873567651
275576,1,7,9,16.015502314759146
275578,1,7,9,8.31595114053959
275610,1,7,2,13.411230649229442
275620,1,7,4,0.3586790108976326
275621,1,7,9,15.632312673472168
275632,1,7,9,5.488154618966836
275633,1,7,7,3.3272019384130305
275655,1,7,8,23.70381730760334
275667,1,7,9,25.47682972012641
275676,1,7,6,10.921514750904286
275683,1,7,5,0.3586789934097332
275686,1,7,7,1.2177814791670527
275697,1,7,6,23.607916603822535
275700,1,7,10,10.019829139218231
275701,1,7,9,20.106081661549997
275704,1,7,9,23.00344212571715
275741,1,7,5,0.3586789949470627
275745,1,7,6,18.01008806118498
275752,1,7,5,0.3586789934097332
275753,1,7,4,0.3586790108976326
275761,1,7,8,11.854404933952791
275764,1,7,9,19.30785431111801
275770,1,7,1,12.449085240441526
275782,1,7,4,0.3586790108976326
275783,0,7,0,0.018539488515128714
275786,1,7,7,0.3457182349242739
275791,1,7,5,0.3586789934097332
275796,1,7,4,0.3586790108976326
275817,1,7,7,4.504255817329241
275833,1,7,6,17.391310924879864
275855,1,7,8,19.36280001178431
275863,1,7,5,0.3586789934097332
275867,1,7,10,8.162579733114365
275896,1,7,6,23.763895058343184
275903,1,7,5,0.3586789934097332
275922,1,7,8,8.486859684050364
275923,1,7,10,14.874199265052017
275926,1,7,2,10.38549329453247
275928,1,7,9,25.99993333172114
275932,1,7,6,5.31886182512098
275938,1,7,9,12.193280336768899
275965,1,7,9,23.520155512814362
275981,1,7,8,10.764256931021881
275982,1,7,9,12.729525770397771
275990,1,7,7,1.545870807449276
275992,1,7,6,23.29584505718748
275996,1,7,9,12.582991579875856
276000,1,7,6,23.85912065579663
276003,1,7,9,13.04198979958785
276005,1,7,4,0.3586790108976326
276009,1,7,10,4.828333222079639
276017,1,7,4,0.3586790108976326
276020,1,7,9,26.315380588946894
276044,1,7,8,17.41621248553037
276051,1,7,6,14.84823152782238
276058,1,7,1,16.947078481449534
276060,1,7,10,10.004149748709294
276073,1,7,10,20.974886209620703
276096,1,7,4,0.3586790108976326
276106,1,7,5,0.3586789934097332
276134,1,7,10,8.045910042108247
276138,1,7,8,11.180131692184771
276143,1,7,9,12.146802432272706
276148,1,7,10,4.959715356604029
276167,1,7,1,9.337791291646708
276181,1,7,5,0.3586789934097332
276185,0,7,0,0.02513972175301595
276190,1,7,1,14.912215129272397
276196,1,7,5,0.3586789934097332
276212,1,7,3,2.4012334632155254
276216,1,7,5,0.3586789934097332
276220,1,7,1,16.257116048088083
276221,1,7,10,14.30924268476454
276223,1,7,6,7.87683771343304
276254,1,7,4,0.3586790108976326
276258,1,7,9,26.338454584491966
276291,1,7,9,23.159424309102317
276297,1,7,5,0.3586789934097332
276298,1,7,10,21.200911753517662
276300,1,7,5,0.3586789949470627
276310,1,7,5,0.3586789949470627
276318,1,7,5,0.3586789934097332
276338,1,7,9,25.7322151139498
276349,1,7,4,0.3586790108976326
276364,1,7,8,4.508085740416884
276368,1,7,10,20.259303749854688
276386,1,7,6,10.614733831314098
276406,1,7,9,24.507157108909734
276413,1,7,4,0.3586790108976326
276421,1,7,6,15.152433020224242
276422,1,7,10,11.53119299849796
276426,1,7,9,14.036874440068642
276431,1,7,8,20.39593940486038
276433,1,7,1,14.00820901352489
276439,1,7,10,5.829211888202169
276480,1,7,10,17.399245697232356
276483,1,7,4,0.3586790108976326
276485,1,7,8,26.712569903729733
276498,1,7,6,18.57390485211618
276503,1,7,1,8.012651259623393
276518,1,7,8,20.171511285678758
276522,1,7,7,3.4926079999127184
276533,1,7,5,0.3586789934097332
276537,1,7,8,21.02788765918669
276540,1,7,1,21.753163096633173
276544,1,7,5,0.3586789934097332
276547,1,7,9,25.971514872474703
276558,1,7,8,22.271116332894312
276577,1,7,9,24.21217839975408
276588,1,7,9,10.479098868038129
276600,1,7,3,0.7020790624665464
276610,1,7,6,13.990185837943123
276615,1,7,6,23.653940876757492
276618,1,7,8,28.094228660521637
276633,1,7,4,0.3586790108976326
276635,1,7,2,7.63198728178909
276640,1,7,1,10.08187790278508
276657,1,7,8,22.432613240997792
276667,1,7,3,1.9503547394559155
276671,0,7,0,0.017531509541739328
276676,1,7,9,25.935217111843002
276679,1,7,5,0.3586789934097332
276681,1,7,6,23.34997122597903
276687,1,7,9,18.895540252868972
276692,1,7,9,26.436746864591125
276733,1,7,1,11.386622513441875
276736,1,7,4,0.3586790108976326
276738,1,7,8,25.659121492740915
276748,1,7,8,28.074545941138457
276749,1,7,8,25.305017990448146
276762,1,7,5,0.3586789934097332
276763,1,7,1,21.507951067137828
276775,1,7,6,17.108442122880767
276779,1,7,10,5.007848859400757
276782,1,7,6,9.333028008818085
276783,1,7,4,0.3586790108976326
276785,1,7,8,10.169169750896627
276797,1,7,5,0.3586789934097332
276806,1,7,10,13.475685571118678
276807,1,7,9,11.658659615128702
276810,1,7,9,14.644328313480559
276819,1,7,9,21.657255585967295
276845,1,7,10,9.781287789356686
276858,1,7,9,24.098670053179514
276861,1,7,9,13.1565954288041
276863,1,7,8,19.459113278770726
276866,1,7,10,12.297706985597664
276867,1,7,7,2.37996993744381
276897,1,7,9,24.041029955399893
276911,1,7,5,0.3586789934097332
276921,1,7,4,0.3586790108976326
276925,1,7,1,10.971393242578172
276927,1,7,9,9.687759786476379
276940,1,7,9,20.9696060050132
276962,1,7,6,23.046762231088593
276969,1,7,9,16.56864273429547
276971,1,7,8,19.447373133774462
277015,1,7,5,0.3586789934097332
277031,1,7,6,23.368301273516018
277037,1,7,5,0.3586789934097332
277059,1,7,8,26.014411244589233
277065,1,7,7,3.2573597750501135
277077,1,7,5,0.3586789934097332
277102,1,7,6,8.860868321478428
277111,0,7,0,0.029272451089574776
277126,1,7,4,0.3586790108976326
277157,1,7,7,3.191935494522226
277158,1,7,9,25.318771973606648
277171,1,7,7,2.1964137332836233
277182,1,7,6,22.256478714400508
277192,1,7,5,0.3586789934097332
277216,1,7,5,0.3586789934097332
277221,1,7,3,1.6094865291219824
277240,1,7,10,7.298738403497923
277241,1,7,5,0.3586789934097332
277253,1,7,2,8.689254090573764
277254,1,7,4,0.358679009087165
277256,1,7,7,2.6092189843281317
277264,1,7,4,0.3586790108976326
277265,1,7,6,21.916116405133117
277270,1,7,7,1.7190597831752938
277271,1,7,8,18.166675678655956
277285,1,7,6,23.192433789725243
277303,1,7,9,10.919940403451323
277313,1,7,10,11.011067835316599
277328,1,7,8,13.12645989448349
277357,1,7,1,22.054890479343047
277361,1,7,4,0.3586790108976326
277366,1,7,5,0.3586789934097332
277369,1,7,9,15.178029849963728
277376,1,7,7,1.5172798547978137
277385,1,7,9,7.480570338506041
277387,1,7,8,27.16804675932779
277392,0,7,0,0.016156260994683244
277401,1,7,3,2.2541855685838166
277406,1,7,2,7.4170782786777325
277434,1,7,10,17.42735432038745
277460,1,7,4,0.3586790108976326
277483,1,7,1,10.584256106365347
277487,1,7,10,8.269637135223217
277507,1,7,4,0.3586790108976326
277509,1,7,4,0.3586790108976326
277522,1,7,10,13.318369129334812
277524,1,7,9,6.809331715503991
277538,1,7,1,10.216107397387713
277542,1,7,1,22.487566756379938
277548,1,7,3,2.136708541292621
277551,1,7,9,25.22913820498503
277559,1,7,1,10.10103667499775
277564,1,7,6,13.78883852595589
277567,1,7,4,0.3586790108976326
277581,1,7,9,15.596694310695666
277597,1,7,9,3.483160911352042
277605,1,7,8,11.039598687195205
277606,1,7,10,11.547330759615468
277616,1,7,9,26.343791368123874
277617,1,7,8,4.203696712430684
277627,1,7,1,15.103531671501623
277628,1,7,4,0.3586790108976326
277633,1,7,6,22.913655937455125
277636,1,7,9,26.043215278524094
277640,1,7,7,2.160361469894192
277694,1,7,1,5.20053751159557
277699,1,7,5,0.3586789934097332
277720,1,7,8,22.02003907089904
277721,0,7,0,0.027908294560767242
277724,1,7,5,0.3586789934097332
277729,1,7,8,24.58093448966675
277739,1,7,9,25.95524546713613
277740,1,7,6,23.88553255101611
277741,1,7,8,5.51372577657674
277756,1,7,9,10.301403740273523
277772,1,7,3,2.2325837437302005
277780,1,7,5,0.3586789934097332
277795,1,7,4,0.3586790108976326
277796,1,7,6,12.59873431726485
277824,1,7,9,7.5252604096125335
277825,1,7,8,6.884660217456202
277832,1,7,9,23.95820923447044
277834,1,7,5,0.3586789949470627
277870,1,7,3,2.4031871924570374
277887,1,7,4,0.3586790108976326
277910,1,7,8,25.460612631946997
277941,0,7,0,0.011904873749244765
277944,1,7,9,25.90086762417379
277971,1,7,2,7.8767182505707956
277975,0,7,0,0.029610075557363027
277979,1,7,7,1.033484590548763
277993,1,7,5,0.3586789934097332
277996,1,7,10,20.976522323675983
277998,1,7,9,19.205629474792726
278005,1,7,9,10.634713692920029
278011,1,7,9,15.59048153402506
278021,1,7,9,2.440785760563912
278030,1,7,3,0.9243895776969407
278046,1,7,10,8.606655315110931
278047,1,7,1,12.407088773079703
278051,1,7,6,7.748358476384079
278053,1,7,6,21.51037903130442
278054,1,7,10,9.063080895956702
278059,1,7,1,7.98027023316059
278068,1,7,5,0.3586789934097332
278079,1,7,6,18.45011734142641
278084,1,7,6,13.86410245329657
278088,1,7,1,17.781377238086808
278098,1,7,2,0.9943841541990939
278106,1,7,2,11.768535612108295
278110,1,7,1,23.295878472859748
278119,1,7,7,4.045440811133249
278122,1,7,8,20.44605297946838
278133,1,7,5,0.3586789934097332
278140,1,7,10,10.83097292711614
278144,1,7,4,0.358679009087165
278152,1,7,6,10.7397059991142
278175,1,7,2,7.36747731269891
278178,1,7,3,0.7858003624962007
278189,1,7,9,26.483996214462312
278198,1,7,7,2.497380773487666
278203,1,7,9,25.91452516368026
278220,1,7,1,8.422464901632733
278223,1,7,6,19.048283058585106
278225,1,7,4,0.3586790108976326
278228,1,7,1,18.77290249843396
278230,1,7,2,13.428569251644864
278249,1,7,5,0.3586789934097332
278253,1,7,6,12.075231969534553
278290,1,7,1,18.099410622113393
278309,1,7,7,3.355109292736932
278310,1,7,9,22.118218405271826
278349,1,7,7,0.6664343797300707
278360,1,7,1,13.33410517969878
278374,1,7,10,18.514050799296182
278403,1,7,9,17.440591097582878
278407,1,7,6,18.900884431156452
278409,1,7,8,27.573569870752223
278423,1,7,5,0.3586789934097332
278425,0,7,0,0.012091225176160927
278439,1,7,10,14.87004530793891
278440,1,7,10,16.56638432327339
278476,1,7,9,26.184108848347847
278478,1,7,4,0.3586790108976326
278490,1,7,6,11.76486544949624
278495,1,7,9,26.092290685228924
278512,1,7,8,9.613297917291094
278520,1,7,8,25.688360199101137
278527,1,7,5,0.3586789934097332
278531,0,7,0,0.018723691349430423
278533,1,7,3,1.9292889920358127
278534,1,7,4,0.3586790108976326
278543,1,7,5,0.3586789934097332
278544,1,7,5,0.3586789934097332
278558,1,7,8,8.636089918856594
278569,1,7,7,3.140408669245326
278575,1,7,5,0.3586789934097332
278579,0,7,0,0.03392118137391469
278602,1,7,10,9.262607238464856
278607,1,7,8,12.10778763693213
278612,1,7,6,11.135485549839897
278646,1,7,3,2.3607260892214486
278650,1,7,6,21.117920952475604
278656,1,7,9,11.549228187306229
278686,1,7,8,14.78125336607764
278697,1,7,4,0.3586790108976326
278698,1,7,5,0.3586789934097332
278701,1,7,1,8.808922531098974
278732,1,7,7,3.8546657702096985
278754,1,7,6,20.491281670086508
278759,1,7,7,2.559437714681184
278770,1,7,6,21.15043681261147
278783,1,7,10,11.28196110176931
278785,1,7,9,9.781065869332194
278786,1,7,9,10.603110682369742
278789,1,7,9,25.917774387173335
278812,0,7,0,0.02774360305182241
278835,1,7,4,0.3586790108976326
278838,1,7,6,18.083396915350804
278841,0,7,0,0.025601661866843678
278843,1,7,10,21.258119277105603
278866,1,7,1,21.376314718115307
278869,1,7,10,14.153240326869447
278875,1,7,5,0.3586789934097332
278877,1,7,6,5.8706989728192145
278884,1,7,8,16.02746457483621
278887,1,7,9,16.206709271757973
278901,1,7,1,18.97042103637901
278903,1,7,8,20.56098529477767
278907,1,7,2,8.18579792461698
278930,1,7,8,16.87724443321578
278940,1,7,9,16.569240254895476
278944,1,7,6,22.925609485003516
278951,1,7,9,3.917807047204641
278957,1,7,9,26.273560919463
278989,1,7,7,3.790188340608474
278990,1,7,1,5.363142941112693
278992,1,7,2,13.471097693710995
279000,1,7,5,0.3586789934097332
279005,1,7,3,2.394948985315057
279006,0,7,0,0.021086199476722235
279008,1,7,2,4.344170630272506
279009,1,7,10,14.520503542223201
279027,1,7,9,7.120265956683759
279030,1,7,8,18.652605927738183
279069,1,7,4,0.3586790108976326
279091,1,7,5,0.3586789934097332
279096,1,7,4,0.3586790108976326
279106,1,7,4,0.3586790108976326
279110,1,7,8,18.462231229651817
279138,1,7,6,6.890761897522246
279144,1,7,9,18.14053990829561
279155,1,7,9,24.006538043429046
279193,1,7,9,9.937036999998227
279201,1,7,10,15.807370764540867
279216,1,7,1,9.899381555851676
279224,1,7,9,25.760072881678713
279232,1,7,6,23.859940537908976
279237,1,7,8,28.527643919011744
279251,1,7,7,3.7325151142617856
279252,1,7,6,22.01943438401772
279265,1,7,9,12.3686104395349
279283,1,7,9,23.509509321152052
279285,1,7,4,0.3586790108976326
279292,1,7,8,11.284018912548765
279299,1,7,8,28.49974312259395
279343,1,7,7,4.164066480207841
279345,1,7,1,16.814074266531414
279358,1,7,8,23.514783752237477
279363,1,7,8,26.37482850187137
279373,1,7,3,0.8392675718324457
279375,1,7,5,0.3586789934097332
279376,1,7,8,24.28499411628701
279384,1,7,8,17.660666415070434
279385,1,7,5,0.3586789934097332
279438,1,7,9,3.882713649477332
279466,1,7,8,21.379014653558038
279494,1,7,5,0.3586789934097332
279497,1,7,5,0.3586789934097332
279498,1,7,9,25.908156723383552
279500,1,7,10,14.336211783751645
279501,1,7,8,7.257076519535528
279505,1,7,4,0.358679009087165
279508,1,7,3,2.416533867356298
279509,1,7,9,24.103091143647926
279534,1,7,9,4.022529635193122
279542,1,7,6,10.92875160701836
279546,1,7,8,9.751033630090795
279559,0,7,0,0.014225003280844261
279569,1,7,9,22.31841215441329
279570,1,7,5,0.3586789934097332
279571,1,7,8,9.20365072263157
279583,1,7,10,9.38357207114297
279596,1,7,9,5.9404332461428675
279611,1,7,9,9.936668096350896
279647,1,7,10,4.7040726637973584
279657,1,7,9,8.16717155934441
279665,1,7,8,14.638498489337433
279668,1,7,8,13.526351237635298
279669,1,7,7,0.6355467806144114
279673,1,7,4,0.3586790108976326
279674,1,7,8,19.506944119795953
279721,1,7,6,7.6520450622679554
279736,1,7,2,5.47577002527253
279737,1,7,6,23.99135147492044
279751,1,7,2,8.079230836243616
279755,1,7,5,0.3586789934097332
279769,1,7,8,5.372292084609827
279772,1,7,1,19.91613968765403
279779,1,7,9,24.823046077546188
279789,1,7,10,16.887079730806843
279796,1,7,9,18.678040339685705
279798,1,7,4,0.3586790108976326
279803,1,7,2,13.044103495933594
279804,1,7,10,16.920296616527295
279806,1,7,10,17.893189112700536
279809,1,7,8,28.526890494646043
279812,1,7,10,7.1000133600989965
279822,1,7,4,0.3586790108976326
279830,0,7,0,0.012704025523520342
279831,1,7,10,5.112308871900325
279837,1,7,6,21.093430234228844
279875,1,7,5,0.3586789934097332
279899,1,7,8,10.502993581812474
279926,1,7,4,0.3586790108976326
279933,1,7,6,5.81984987607551
279946,1,7,1,7.406078338410567
279947,1,7,9,4.757161377586814
279963,1,7,2,11.653771874061203
279964,1,7,7,1.5584374648967387
279968,1,7,8,28.52214021245528
279977,1,7,8,21.683646275459587
279988,1,7,5,0.3586789934097332
279991,1,7,1,18.533876190210563
279992,1,7,6,23.04381163003749
280031,1,7,1,17.571913090891268
280033,1,7,8,10.997210814747017
280037,1,7,10,7.107022269075676
280048,1,7,8,6.423471345467442
280050,1,7,8,16.933457517714878
280051,1,7,3,2.2827150640862457
280058,1,7,4,0.3586790108976326
280059,1,7,9,23.59005647876959
280067,1,7,9,3.134393338772419
280078,1,7,5,0.3586789934097332
280085,1,7,4,0.3586790108976326
280094,1,7,3,0.9617849312752689
280131,1,7,8,12.233339617140496
280136,1,7,8,3.8315010283830584
280145,1,7,4,0.3586790108976326
280147,1,7,10,12.409841971322642
280154,1,7,8,20.687454124243132
280163,1,7,3,2.3107314899091027
280184,1,7,10,17.453578831799845
280199,1,7,6,8.973043624595144
280212,1,7,1,20.44618961621381
280215,1,7,10,5.322332196372688
280216,1,7,9,18.612604782953674
280229,1,7,6,22.33624338798074
280232,1,7,6,23.595766538906343
280242,1,7,4,0.3586790108976326
280249,0,7,0,0.12420841034672044
280251,1,7,9,23.762901110613317
280264,1,7,5,0.3586789934097332
280266,1,7,9,17.734217670256673
280269,1,7,8,18.744101843108343
280273,1,7,3,2.025950499080832
280291,1,7,2,13.885515892413926
280314,1,7,6,20.37200520837313
280331,1,7,4,0.3586790108976326
280346,1,7,1,12.953751310425021
280359,1,7,9,10.10093089767531
280372,0,7,0,0.2071054554923572
280374,1,7,2,10.278734932850615
280376,1,7,1,6.349059393080054
280383,1,7,1,22.119619714300402
280394,1,7,7,1.193121122432785
280400,1,7,9,26.162676901123834
280410,1,7,3,1.8108783482774542
280413,1,7,9,18.992767486572188
280416,1,7,9,18.77371768948457
280422,1,7,3,0.8449696813188913
280428,1,7,8,10.758906520438954
280443,1,7,8,18.89478386659276
280463,1,7,6,11.409083289458493
280468,1,7,8,9.559916720505294
280472,1,7,5,0.3586789934097332
280531,1,7,9,25.90703608605101
280584,1,7,4,0.3586790108976326
280616,0,7,0,0.18839747284732727
280641,1,7,8,15.538845356052937
280643,1,7,4,0.3586790108976326
280650,1,7,1,20.760434268551673
280674,1,7,9,16.968248254037185
280692,1,7,3,1.557335326176018
280693,1,7,2,11.061268297191537
280718,1,7,10,21.297062760772285
280724,1,7,3,2.4105650575849675
280726,1,7,10,9.230795006640896
280752,1,7,5,0.3586789934097332
280768,1,7,10,20.67605040997418
280773,1,7,9,22.51399392623311
280774,1,7,6,23.749180790106756
280776,1,7,6,14.08690760783386
280780,1,7,6,15.613057755650384
280794,1,7,6,15.136843136662263
280796,1,7,10,9.126178071192
280798,1,7,9,13.167432120127952
280807,1,7,8,15.277691545035015
280808,1,7,5,0.3586789934097332
280813,1,7,10,20.983532921349315
280858,1,7,6,23.204359850113047
280878,1,7,9,16.11139392844088
280879,1,7,9,17.099706576095763
280902,1,7,4,0.3586790108976326
280907,1,7,9,9.719253535366418
280943,1,7,3,2.3812114242542575
280945,1,7,10,7.325707311239951
280967,1,7,5,0.3586789934097332
281033,1,7,9,24.115319474949516
281057,1,7,10,9.468087763826077
281104,1,7,4,0.3586790108976326
281109,1,7,5,0.3586789934097332
281140,0,7,0,0.029086169922772534
281155,1,7,3,1.2717520630220003
281159,1,7,6,18.876925484104955
281162,1,7,4,0.3586790108976326
281163,1,7,6,13.546171600149243
281166,1,7,8,18.021677509030507
281167,1,7,9,25.96522757556096
281174,1,7,6,18.304576792515586
281199,1,7,5,0.3586789934097332
281200,1,7,8,2.4643953567092445
281211,1,7,8,7.537887507943208
281213,1,7,2,5.05057988147744
281216,1,7,5,0.3586789934097332
281227,1,7,9,7.102186278381669
281266,1,7,9,23.957953822049163
281276,1,7,8,24.97347904784829
281293,1,7,1,23.21279241813447
281304,0,7,0,0.022354531861821875
281315,1,7,8,9.08006480522285
281316,1,7,6,11.768968357012943
281326,1,7,6,18.954359677980737
281334,1,7,6,21.62681899160089
281351,1,7,3,2.349293577122866
281382,1,7,8,24.035011025544364
281384,1,7,7,3.4010431213592196
281400,1,7,3,2.3376605715263454
281401,1,7,6,10.966628542007797
281413,1,7,5,0.3586789934097332
281417,1,7,9,17.906701789529592
281442,1,7,8,18.561200384083993
281463,1,7,8,13.774083903773995
281464,1,7,10,5.306659258358296
281477,1,7,6,20.56950205656728
281484,1,7,1,10.755696585919587
281488,1,7,7,0.8163304976481011
281489,1,7,10,17.229354077523382
281499,1,7,4,0.3586790108976326
281506,1,7,9,25.712762746692032
281526,1,7,6,22.18968592249159
281535,0,7,0,0.019576605050677258
281550,0,7,0,0.06519619730947326
281554,1,7,10,3.3185829040463144
281573,1,7,1,22.29746391773675
281575,1,7,9,5.779477200118064
281576,1,7,9,21.969925843980928
281596,1,7,5,0.3586789934097332
281601,1,7,4,0.3586790108976326
281606,1,7,6,8.502923919068872
281612,1,7,5,0.3586789934097332
281616,1,7,8,24.433468088204283
281618,1,7,9,12.797217861413248
281619,1,7,10,21.246429583537417
281641,1,7,2,11.346000709564903
281660,1,7,4,0.3586790108976326
281678,1,7,9,7.322846864720576
281682,1,7,8,10.890992798543635
281695,1,7,7,1.185147015635862
281702,1,7,9,10.540974846599982
281715,1,7,2,13.682651907458132
281716,1,7,6,10.887400251043665
281723,1,7,5,0.3586789934097332
281745,1,7,4,0.3586790108976326
281750,1,7,5,0.3586789934097332
281764,1,7,1,16.052946621740354
281768,1,7,1,8.017451892613979
281774,1,7,7,2.7451994005386933
281785,1,7,6,13.801051362586477
281795,1,7,9,26.363043897223378
281832,1,7,9,20.43006519760542
281840,1,7,1,7.694116458224277
281853,1,7,5,0.3586789934097332
281863,1,7,8,27.761981179258644
281868,1,7,3,2.071634845545971
281884,1,7,9,26.34140909396412
281891,0,7,0,0.025287338436466085
281893,1,7,6,13.985114310286832
281895,1,7,5,0.3586789934097332
281912,1,7,5,0.3586789934097332
281917,1,7,6,23.153160749738948
281935,1,7,5,0.3586789934097332
281936,1,7,10,10.67807531390822
281939,1,7,6,15.157848818794681
281948,1,7,4,0.3586790108976326
281970,1,7,5,0.3586789949470627
281979,1,7,5,0.3586789949470627
281997,1,7,9,15.5204122246926
282007,0,7,0,0.012699661116044507
282012,1,7,9,13.134893491812253
282027,1,7,9,25.871573530311743
282029,1,7,9,20.665001408637927
282033,1,7,2,13.983384563140486
282043,1,7,7,1.517185215747233
282045,1,7,6,14.594829411243047
282062,1,7,6,20.535165649307423
282066,1,7,8,13.76589556014786
282077,1,7,5,0.3586789934097332
282094,1,7,6,22.214086116288104
282111,0,7,0,0.23079857448348454
282112,1,7,9,23.117897528477346
282118,1,7,8,12.680256439722303
282140,0,7,0,0.013046400208555834
282142,1,7,7,1.216268320255649
282146,1,7,6,22.49340618426997
282173,1,7,1,19.739441241716438
282187,1,7,8,27.95797946918126
282200,1,7,1,5.128422770956032
282206,1,7,6,20.872228686548326
282220,1,7,9,18.965871489457733
282227,1,7,5,0.3586789934097332
282228,1,7,6,12.016325717030288
282229,1,7,9,24.90786824329894
282234,1,7,6,11.811945417700983
282244,1,7,8,20.389613904858873
282256,1,7,6,21.846766153589293
282258,1,7,9,11.45202890686641
282271,1,7,8,13.367924408588307
282281,1,7,8,17.502931561561635
282296,1,7,1,20.706597741173812
282322,1,7,8,15.281739423874482
282324,1,7,5,0.3586789934097332
282328,1,7,4,0.3586790108976326
282330,1,7,9,25.264591210151973
282354,1,7,4,0.3586790108976326
282355,1,7,7,1.9938217307900745
282356,1,7,5,0.3586789934097332
282357,1,7,6,11.363134982191077
282362,1,7,9,26.386017070440452
282368,1,7,9,25.592830059198203
282371,1,7,10,12.37972485873521
282386,1,7,6,23.588796866668382
282397,1,7,6,19.807436185991786
282406,1,7,8,23.604782341408345
282408,1,7,6,16.706917566528332
282419,1,7,9,23.77707753561212
282422,1,7,8,18.809000268437895
282426,1,7,9,22.208652218085444
282428,1,7,10,9.918567739129067
282437,1,7,3,2.4569591346270303
282453,0,7,0,0.026891916156320975
282462,1,7,10,3.6955564011487243
282473,1,7,9,14.781467484790433
282481,1,7,4,0.3586790108976326
282506,1,7,6,18.02853395707823
282507,1,7,9,16.569551848580645
282510,1,7,10,5.858282298042779
282529,1,7,8,28.43964934923021
282542,1,7,8,22.806517632954986
282554,1,7,5,0.3586789949470627
282561,1,7,5,0.3586789949470627
282565,1,7,2,4.618137485033697
282573,1,7,8,14.97695498920575
282574,1,7,9,18.263960391754413
282594,1,7,8,4.427214535137994
282596,1,7,7,1.8985573668397093
282614,1,7,10,13.339383913115082
282643,1,7,9,16.39898567645675
282655,1,7,7,1.8062366061087665
282680,1,7,5,0.3586789934097332
282696,1,7,5,0.3586789934097332
282712,1,7,4,0.3586790108976326
282728,1,7,9,14.264593478529457
282735,1,7,9,25.334093821709228
282755,1,7,8,14.699449844035712
282770,1,7,8,23.287095983258325
282779,1,7,8,27.794731400524096
282795,1,7,9,25.909371947768026
282806,1,7,6,12.834139303428612
282810,1,7,8,24.71951135903317
282829,1,7,2,12.953085115559883
282833,1,7,4,0.3586790108976326
282839,1,7,8,2.635891837256468
282854,1,7,10,14.716912433064737
282855,1,7,8,24.58105419380166
282857,1,7,10,6.742193151425606
282866,1,7,10,21.23280404850928
282868,1,7,9,11.397002510371768
282886,1,7,8,13.44060468572655
282899,1,7,9,25.35667104862385
282908,1,7,10,19.225316557853684
282921,1,7,6,21.548421559484822
282922,1,7,9,18.27902083275243
282931,1,7,9,17.456053926263543
282941,1,7,9,18.262575480231916
282957,1,7,10,9.284918344619136
282961,1,7,3,1.630525834976637
282970,1,7,9,4.793236041264043
282972,1,7,10,20.890395342189716
282973,1,7,6,15.415784539121272
282974,1,7,3,1.7292928141035226
282987,1,7,4,0.3586790108976326
283006,1,7,9,15.732556006024463
283011,1,7,8,2.406245174595409
283042,1,7,6,13.307439958922211
283050,1,7,6,21.36455808033326
283063,1,7,8,9.299602672324635
283076,1,7,5,0.3586789934097332
283078,1,7,4,0.3586790108976326
283081,1,7,10,17.160504386400394
283083,1,7,9,7.259529438219883
283115,1,7,10,11.952203209841082
283122,1,7,8,12.965496460736476
283132,1,7,5,0.3586789934097332
283157,1,7,9,12.403063856216804
283161,1,7,6,17.840970916776918
283162,1,7,10,12.326384584910459
283175,1,7,5,0.3586789934097332
283180,1,7,2,4.634739673535525
283199,1,7,3,2.3477794884802368
283210,1,7,5,0.3586789934097332
283213,1,7,4,0.3586790108976326
283234,1,7,10,18.280983414242236
283237,1,7,6,19.91474582353176
283238,1,7,8,18.628758551346067
283243,1,7,6,6.530914917073174
283248,1,7,1,13.377187928524512
283256,1,7,8,13.748747787162705
283261,1,7,2,2.1576088256061463
283263,1,7,9,25.495839701021513
283267,1,7,5,0.3586789934097332
283270,1,7,9,20.643833545574857
283276,1,7,6,8.187637536353455
283277,1,7,9,24.126219133775045
283290,1,7,10,15.062604862763449
283309,1,7,6,13.371889888414655
283314,1,7,2,11.066688051360288
283319,1,7,10,19.128061870546357
283320,1,7,7,4.452980449738572
283324,1,7,9,16.321459610866896
283326,1,7,10,21.185538909682222
283327,1,7,4,0.3586790108976326
283345,1,7,6,23.960043999339756
283374,1,7,5,0.3586789934097332
283376,1,7,1,19.58858270834866
283381,1,7,4,0.3586790108976326
283386,1,7,9,15.921365921635827
283390,1,7,8,17.676153670887764
283399,1,7,7,4.3280017847973
283400,1,7,6,10.448005581993547
283401,1,7,9,7.832331546722146
283420,1,7,4,0.3586790108976326
283444,1,7,10,6.762568560089241
283446,1,7,1,5.997355178586494
283448,1,7,9,6.349524278053566
283450,1,7,1,22.683488072354056
283457,1,7,5,0.3586789949470627
283460,1,7,6,20.60848461008842
283471,1,7,4,0.3586790108976326
283502,1,7,4,0.3586790108976326
283508,0,7,0,0.02623442145423896
283526,1,7,7,4.237140408254219
283546,1,7,8,23.95493097498314
283560,1,7,1,3.5898268483961435
283570,1,7,10,14.950182095321832
283576,1,7,4,0.3586790108976326
283577,1,7,2,4.584484807574457
283585,1,7,4,0.3586790108976326
283593,1,7,4,0.3586790108976326
283598,1,7,8,12.233202436563325
283600,1,7,5,0.3586789934097332
283631,1,7,9,4.5924465939689645
283638,1,7,1,17.626796719186217
283646,1,7,5,0.3586789934097332
283649,1,7,6,15.761495506112306
283651,1,7,4,0.3586790108976326
283660,1,7,9,16.11846977174816
283681,1,7,9,3.1187099185805995
283691,1,7,6,18.787342572034802
283696,1,7,7,4.376336312557359
283710,1,7,8,17.33058686097009
283717,1,7,7,0.41253077649683595
283724,1,7,9,9.894991225687916
283731,1,7,4,0.3586790108976326
283734,1,7,8,6.819734697177935
283735,1,7,4,0.3586790108976326
283750,1,7,10,7.504002388177364
283753,1,7,5,0.3586789949470627
283776,1,7,9,15.662906726995494
283782,1,7,8,13.953042405775639
283783,1,7,3,2.03177382406307
283790,1,7,1,19.134208861708178
283791,1,7,5,0.3586789934097332
283792,1,7,8,24.268255616776887
283795,1,7,6,19.448050826703746
283799,1,7,9,17.448233839545377
283829,1,7,4,0.3586790108976326
283861,1,7,1,22.30495168334334
283873,1,7,5,0.3586789934097332
283902,1,7,10,15.083192498194565
283919,1,7,9,15.616769770119246
283936,1,7,3,2.2951279399389994
283940,1,7,3,1.8152522704732093
283949,1,7,9,18.972996213106725
283952,1,7,6,18.13101672498114
283962,1,7,1,20.270172926955702
283967,1,7,5,0.3586789934097332
283981,1,7,5,0.3586789934097332
283988,1,7,1,15.50738998195339
283997,1,7,7,2.1879812538964916
284002,1,7,6,11.685826805236085
284004,1,7,8,8.534818922479571
284006,1,7,6,13.819649274972372
284016,1,7,6,5.596513569070859
284017,1,7,5,0.3586789934097332
284023,1,7,9,24.57071539342782
284024,1,7,9,6.073690298557628
284032,1,7,5,0.3586789934097332
284037,1,7,5,0.3586789934097332
284045,1,7,6,7.033216892639254
284049,1,7,3,1.7906971622343817
284059,1,7,1,23.21920283793402
284064,1,7,6,15.101211436973047
284078,1,7,8,16.2657722743654
284088,1,7,9,18.998536427206908
284102,1,7,5,0.3586789934097332
284105,1,7,10,12.42274034204289
284118,1,7,6,9.756351880284681
284152,1,7,5,0.3586789934097332
284159,1,7,10,9.49648245836105
284166,1,7,9,25.6204003329646
284167,1,7,6,23.059352034829704
284170,1,7,2,8.291672688098627
284173,1,7,8,12.565447930149451
284176,1,7,6,14.941717250764125
284181,1,7,3,1.5823947391695363
284182,1,7,8,21.524140573417043
284187,1,7,5,0.3586789934097332
284190,1,7,6,10.771719301973137
284191,1,7,5,0.3586789934097332
284196,1,7,4,0.3586790108976326
284204,1,7,8,12.390147939902544
284211,1,7,9,26.13687669798199
284219,1,7,5,0.3586789934097332
284245,1,7,2,4.512075468483126
284262,1,7,8,19.438933522122664
284271,1,7,6,18.113571369410664
284286,1,7,8,21.49769177578557
284295,1,7,9,15.923008345553608
284315,1,7,10,10.236126238142642
284318,1,7,9,20.431742624336827
284320,1,7,7,1.8289355722450427
284328,1,7,4,0.358679009087165
284333,1,7,4,0.3586790108976326
284336,1,7,9,24.635272667949298
284339,1,7,6,5.883120768513133
284341,1,7,7,3.8719322482359475
284348,1,7,4,0.3586790108976326
284371,1,7,9,15.863308591431137
284373,1,7,9,24.418643275079084
284396,1,7,10,4.833986260575303
284431,1,7,9,24.338988708927985
284439,1,7,9,15.227236943115422
284445,1,7,4,0.3586790108976326
284464,1,7,9,20.660268153184486
284500,1,7,3,1.4597837966268277
284514,1,7,8,16.522257704228533
284518,1,7,9,16.480602212245
284528,1,7,8,18.11068098346306
284529,1,7,8,15.529967224938948
284535,1,7,4,0.3586790108976326
284537,1,7,7,2.0295987730517355
284538,0,7,0,0.0402133602411124
284547,1,7,6,14.98143131781864
284548,1,7,10,5.395701609587529
284560,1,7,8,23.030709406742446
284563,1,7,5,0.3586789934097332
284569,1,7,9,13.143105914658094
284570,1,7,3,1.7932497022192302
284572,1,7,3,2.3487561872749927
284579,1,7,6,15.036685195830346
284608,1,7,9,16.454653652291043
284619,1,7,1,12.828128900009188
284636,1,7,10,20.177712143516104
284641,1,7,9,13.906564385908089
284643,1,7,5,0.3586789934097332
284646,1,7,6,14.29124835461569
284658,1,7,4,0.3586790108976326
284660,1,7,8,22.609509535938038
284672,1,7,4,0.3586790108976326
284676,1,7,6,6.352753492027664
284678,0,7,0,0.02594243566475543
284699,1,7,5,0.3586789934097332
284706,1,7,8,13.315058833591067
284725,1,7,9,23.1129175652829
284732,1,7,5,0.3586789934097332
284777,1,7,9,21.10335665709947
284786,1,7,6,7.886702236884432
284793,1,7,6,7.179125460386131
284794,1,7,1,6.9856253177963366
284810,1,7,8,25.833268864744074
284832,1,7,9,24.30863509916344
284845,1,7,1,18.282305003830704
284849,1,7,5,0.3586789934097332
284851,1,7,4,0.3586790108976326
284860,1,7,8,27.91970394610342
284864,1,7,9,23.02422654854568
284892,1,7,9,16.101174791343656
284918,0,7,0,0.014662446932971489
284939,1,7,9,14.866577590674598
284948,1,7,8,8.460012653050708
284969,1,7,8,5.176120596723508
284975,1,7,5,0.3586789934097332
284978,1,7,1,19.942872840161826
284979,1,7,8,17.982535249631226
284981,1,7,8,11.375583709563557
284988,1,7,9,12.681774648829677
284992,1,7,9,23.039347478096744
284998,1,7,8,6.042187661729393
284999,1,7,7,4.032643793473298
285003,1,7,8,14.753947204187208
285004,1,7,1,18.062114840695372
285009,1,7,9,22.10340610950235
285010,1,7,3,1.50383891410513
285011,0,7,0,0.027302913469301807
285017,1,7,9,15.730559508978132
285028,1,7,4,0.3586790108976326
285034,1,7,9,16.527985343396374
285035,1,7,2,3.323022208153002
285042,1,7,9,16.491425560713708
285052,1,7,8,5.756936669040779
285055,1,7,7,0.8183190501652986
285078,1,7,9,24.951069753481946
285095,1,7,9,10.24452067305098
285101,1,7,10,14.56314021248402
285108,1,7,1,17.811131966213143
285109,1,7,8,21.68054557967167
285114,1,7,6,18.187633359338907
285134,1,7,9,14.229420169327408
285140,1,7,10,18.47105566662652
285146,0,7,0,0.02054159188155939
285168,1,7,8,23.488697676462984
285170,1,7,6,23.598175618142037
285174,1,7,4,0.3586790108976326
285187,1,7,7,3.7358517986154127
285211,1,7,8,23.35547481951169
285222,1,7,6,12.455095907233611
285240,1,7,9,26.335556243118106
285250,1,7,8,8.71126227601427
285252,1,7,6,19.66165242170341
285267,1,7,5,0.3586789934097332
285268,1,7,9,6.891424108300801
285282,1,7,10,7.752679951077998
285288,1,7,2,6.062208574804935
285298,1,7,6,16.66735339434305
285317,1,7,2,7.818950318092547
285319,1,7,4,0.3586790108976326
285325,1,7,9,24.946565420441498
285375,1,7,3,1.7686553629300072
285386,1,7,8,23.49109168779977
285390,1,7,6,6.4960943999859895
285396,1,7,6,16.29765904160688
285412,1,7,6,9.697431958442218
285431,1,7,8,25.01626486863298
285437,1,7,9,23.22006673453138
285440,1,7,6,6.371283212264333
285452,1,7,6,11.454304734436436
285458,1,7,6,22.802156535760503
285479,1,7,6,23.518677635211183
285485,1,7,5,0.3586789934097332
285493,1,7,9,13.502061116068806
285497,0,7,0,0.06125363405990252
285500,1,7,8,27.852104778610993
285509,1,7,8,28.395062838925437
285527,1,7,9,16.07517271078735
285529,1,7,4,0.3586790108976326
285534,1,7,6,7.9460009106027405
285553,0,7,0,0.19752472895436687
285560,1,7,6,18.355602057736427
285561,1,7,4,0.358679009087165
285567,1,7,9,20.49843192011057
285569,1,7,9,26.281884980080896
285570,1,7,5,0.3586789934097332
285577,0,7,0,0.025354174093430513
285579,1,7,5,0.3586789934097332
285583,1,7,6,23.96011855236322
285590,1,7,5,0.3586789934097332
285624,1,7,9,13.167924348597241
285626,1,7,1,11.657416060739425
285627,1,7,8,16.56367707864712
285647,1,7,4,0.3586790108976326
285648,0,7,0,0.030172237252503058
285685,1,7,8,10.731783210426109
285694,1,7,7,3.916014938983451
285695,1,7,5,0.3586789934097332
285702,1,7,6,19.906606875455743
285711,1,7,8,26.460367946942984
285714,1,7,10,12.43373536923066
285733,1,7,8,21.522713551349312
285737,1,7,2,13.92589961592559
285739,1,7,6,19.841552778145186
285743,1,7,4,0.3586790108976326
285744,1,7,5,0.3586789934097332
285760,1,7,9,16.600440427995633
285771,1,7,5,0.3586789934097332
285773,1,7,9,10.389416265102835
285774,1,7,4,0.3586790108976326
285781,1,7,5,0.3586789934097332
285783,1,7,9,25.879269985697896
285784,1,7,9,11.99124117481954
285794,1,7,8,10.290865522084168
285801,1,7,9,14.3576740229278
285803,1,7,8,15.176742952866675
285813,1,7,9,15.453611108240839
285820,1,7,8,21.599828875195364
285829,1,7,5,0.3586789934097332
285839,1,7,1,22.33705708688144
285842,1,7,5,0.3586789934097332
285850,1,7,9,22.86518338284553
285853,1,7,9,23.985532081241193
285865,1,7,6,20.02996996917611
285886,1,7,8,22.414128803639926
285894,1,7,8,27.99055697901455
285904,1,7,8,15.4628859546661
285909,1,7,2,10.600526577213301
285946,1,7,9,26.338985806601606
285956,0,7,0,0.01704710029798207
285967,0,7,0,0.029099574395018656
285969,1,7,3,1.268175847076629
286004,1,7,4,0.3586790108976326
286090,1,7,1,20.684347013305896
286094,1,7,1,20.777380010305233
286104,1,7,4,0.3586790108976326
286118,1,7,10,17.87166545475091
286121,1,7,10,9.33602186806206
286137,1,7,8,4.967052376067363
286141,1,7,10,5.532190252560018
286142,1,7,5,0.3586789934097332
286143,1,7,6,14.789781736436423
286158,1,7,9,18.34116009681758
286173,1,7,5,0.3586789934097332
286177,1,7,7,0.6555349510514417
286198,1,7,6,12.77384510338055
286214,1,7,1,13.653451680456358
286215,1,7,8,10.47145191902784
286219,1,7,6,21.39756474723798
286237,1,7,4,0.3586790108976326
286244,1,7,5,0.3586789934097332
286251,1,7,10,5.399534605070206
286259,1,7,8,18.82076639104828
286269,1,7,4,0.3586790108976326
286272,1,7,1,13.66642383425012
286276,1,7,8,11.386645785707382
286294,1,7,8,22.515996351495826
286302,1,7,3,2.2280248663694273
286323,1,7,3,1.7240908397621535
286326,1,7,5,0.3586789934097332
286331,1,7,6,20.18207077331418
286348,1,7,9,15.995374567788913
286357,1,7,9,25.51206111146178
286369,1,7,5,0.3586789934097332
286374,1,7,5,0.3586789934097332
286380,0,7,0,0.02603504938819197
286387,1,7,7,2.127530608668841
286389,1,7,4,0.3586790108976326
286407,1,7,9,12.758269568140125
286428,1,7,9,22.063499284004596
286454,1,7,5,0.3586789934097332
286464,1,7,1,4.953578656907661
286495,1,7,9,18.149701347196554
286498,1,7,9,17.55666787493714
286499,1,7,9,23.572125973437753
286500,0,7,0,0.012039697084072284
286508,1,7,8,24.890189223513904
286517,1,7,4,0.3586790108976326
286529,1,7,4,0.358679009087165
286546,1,7,8,19.896128165429957
286558,1,7,4,0.3586790108976326
286560,1,7,9,10.137348090100188
286563,1,7,8,20.573242193260864
286576,1,7,8,11.627315173038648
286578,1,7,9,23.021706935352427
286579,1,7,8,6.479717281573499
286585,1,7,9,9.776677163096382
286599,1,7,4,0.3586790108976326
286601,1,7,7,2.9575568615259535
286607,1,7,8,24.033439511242836
286611,1,7,10,14.958212477965638
286634,1,7,10,12.448590222689944
286650,1,7,6,23.768538735843308
286659,1,7,8,25.066630917834438
286665,1,7,5,0.3586789934097332
286679,1,7,9,13.581207468267925
286690,1,7,8,17.20028366811333
286696,1,7,7,2.0093572894671285
286712,1,7,5,0.3586789934097332
286719,1,7,4,0.3586790108976326
286720,1,7,5,0.3586789934097332
286725,1,7,7,3.8215363335166446
286733,1,7,10,10.004906083423066
286736,1,7,8,21.89411403897452
286757,1,7,5,0.3586789934097332
286777,1,7,9,20.45707882815458
286781,1,7,4,0.3586790108976326
286784,1,7,5,0.3586789934097332
286790,1,7,8,22.667400502739664
286807,1,7,9,21.56911676960026
286833,1,7,4,0.358679009087165
286842,1,7,8,14.443681374885562
286865,1,7,5,0.3586789934097332
286866,1,7,1,20.675001499662617
286871,1,7,6,22.314239668987025
286875,1,7,9,19.449994629428648
286877,1,7,9,13.478580998116408
286900,1,7,9,7.334700704602296
286913,0,7,0,0.026862509356558265
286955,1,7,8,17.246264717823593
286958,1,7,9,22.498702841397872
286960,1,7,5,0.3586789934097332
286967,1,7,10,6.725538469347349
286970,0,7,0,0.02113203592351166
286972,0,7,0,0.023081320770463896
286986,1,7,5,0.3586789934097332
287002,1,7,7,3.1745309120944305
287018,1,7,2,11.002613828481914
287038,1,7,8,13.56548457708575
287039,1,7,4,0.3586790108976326
287051,1,7,7,2.6051455169487987
287055,1,7,6,13.458309810959173
287060,1,7,8,24.01669121375801
287072,1,7,1,6.391808355661086
287084,1,7,4,0.3586790108976326
287100,1,7,7,1.7817626755411817
287112,1,7,8,28.008710860765298
287114,1,7,6,8.405866505246017
287126,1,7,8,22.178025902014006
287129,1,7,9,9.19309344133114
287149,1,7,6,23.04890756686339
287158,0,7,0,0.025564074518644717
287165,1,7,10,20.46257949455909
287166,1,7,1,3.833880014275079
287193,1,7,6,14.244578289558165
287228,0,7,0,0.02563356422753175
287256,1,7,5,0.3586789934097332
287257,1,7,6,5.416797753889254
287269,1,7,9,15.574125783722849
287270,1,7,6,16.056741421446528
287271,1,7,9,9.668519682480001
287279,1,7,4,0.3586790108976326
287287,1,7,8,15.856905545640293
287309,1,7,4,0.3586790108976326
287316,1,7,9,13.400812891553853
287336,0,7,0,0.01195571541481926
287354,1,7,1,5.05350718092027
287359,1,7,6,23.162194014219597
287364,0,7,0,0.020455765488778446
287426,1,7,4,0.3586790108976326
287436,1,7,5,0.3586789934097332
287491,1,7,9,15.726785662179124
287498,1,7,8,20.47316900786787
287548,1,7,6,14.488819299077322
287550,1,7,10,17.277775549272103
287552,1,7,8,12.42610897923448
287559,1,7,3,2.393054778564569
287560,1,7,7,0.8948811967897486
287576,1,7,4,0.3586790108976326
287585,1,7,4,0.3586790108976326
287586,1,7,9,20.57327770329979
287598,1,7,5,0.3586789934097332
287605,1,7,2,11.071609063296506
287618,1,7,4,0.3586790108976326
287630,1,7,9,22.52152409043
287631,1,7,3,2.377667328814024
287646,1,7,6,13.40306959500716
287649,1,7,9,25.310773778999835
287652,1,7,1,13.141703010754396
287674,1,7,5,0.3586789934097332
287703,1,7,3,2.3767431216844903
287706,1,7,8,22.30237707437085
287709,1,7,5,0.3586789934097332
287710,1,7,9,15.448672923165095
287715,1,7,4,0.3586790108976326
287717,1,7,7,2.0458388408150943
287729,1,7,10,11.714387810304798
287745,1,7,5,0.3586789934097332
287748,1,7,1,21.42063173322042
287754,1,7,7,2.1768676215439515
287755,1,7,8,26.58237951154428
287759,1,7,10,9.438912370623653
287760,1,7,10,10.289847644007143
287765,1,7,4,0.3586790108976326
287769,1,7,10,13.624394251424235
287773,1,7,5,0.3586789934097332
287774,1,7,9,8.022701150578163
287775,1,7,10,15.950272055820887
287806,1,7,5,0.3586789934097332
287808,1,7,8,3.91771080689824
287834,1,7,2,12.612931492626096
287835,1,7,10,21.22599028921815
287849,1,7,5,0.3586789934097332
287858,1,7,10,15.982090829804305
287859,1,7,8,4.764483259155515
287864,1,7,9,20.12346307641152
287870,1,7,6,23.880370087038262
287873,1,7,5,0.3586789949470627
287876,1,7,9,24.070600598306488
287879,1,7,9,16.281411912555935
287882,1,7,3,2.047953265367161
287884,1,7,8,14.465022795754997
287885,1,7,5,0.3586789934097332
287911,1,7,9,26.397907336292615
287916,1,7,4,0.3586790108976326
287919,1,7,9,17.61279416057248
287926,1,7,9,24.81438001919234
287994,1,7,2,11.127987009933877
287996,1,7,9,22.369864446807828
288023,0,7,0,0.013916237331041843
288024,1,7,6,8.445784025740059
288034,1,7,6,16.78982330451015
288047,1,7,1,19.309271204772088
288056,1,7,9,24.566013495684007
288060,1,7,9,13.161563109348142
288064,1,7,5,0.3586789934097332
288081,1,7,8,27.782861647669623
288082,1,7,6,14.920336822302495
288117,1,7,8,6.759233446714687
288138,1,7,10,12.114724290080513
288144,1,7,8,23.024310590712307
288162,1,7,6,13.217579294753234
288168,1,7,8,24.254759121135148
288184,1,7,3,1.9899396627978267
288186,1,7,6,22.435953254254624
288200,1,7,10,5.45967326707746
288206,1,7,9,12.318532469576668
288213,1,7,4,0.3586790108976326
288252,1,7,9,4.451432327374562
288273,1,7,9,26.342892980642105
288274,1,7,5,0.3586789934097332
288336,1,7,8,18.008859676527372
288347,1,7,10,21.2686750161432
288397,1,7,5,0.3586789934097332
288412,1,7,9,13.887927992970512
288430,0,7,0,0.01712815258136541
288441,1,7,6,10.922028046496113
288447,1,7,6,20.045259259577882
288455,1,7,9,15.244438928084639
288484,1,7,7,1.0280477977083302
288487,1,7,9,10.519086474361021
288526,1,7,7,3.275635652903224
288533,1,7,6,21.289061843446053
288535,1,7,9,7.975333410127128
288557,1,7,10,19.26728990105364
288558,1,7,5,0.3586789934097332
288571,1,7,8,21.228298997567556
288573,1,7,5,0.3586789934097332
288583,1,7,8,23.845793997608556
288585,0,7,0,0.016117230291952892
288599,1,7,10,14.415312189048567
288623,1,7,1,5.016618672296503
288626,1,7,5,0.3586789934097332
288636,0,7,0,0.012875446071872533
288639,1,7,9,22.79007102981839
288641,1,7,4,0.3586790108976326
288647,1,7,5,0.3586789934097332
288653,1,7,10,8.43105000454338
288671,0,7,0,0.017679698302351887
288678,1,7,7,0.6538236525987973
288703,1,7,4,0.358679009087165
288707,1,7,9,3.1048054549628414
288721,1,7,9,12.537929556680963
288737,1,7,4,0.3586790108976326
288740,1,7,6,20.842837981362614
288759,1,7,6,17.849351409052773
288761,1,7,4,0.3586790108976326
288762,1,7,5,0.3586789934097332
288763,1,7,3,2.408823613052953
288782,1,7,3,2.1527517596100214
288794,1,7,8,25.572328956687567
288813,1,7,6,22.260562707125228
288815,1,7,8,17.425778082458756
288833,1,7,4,0.3586790108976326
288866,1,7,9,8.832805741941055
288876,1,7,3,2.3229014885060133
288884,1,7,9,14.82471134615125
288887,0,7,0,0.016389270357994586
288897,1,7,9,17.662430238070723
288906,1,7,10,5.720902072352149
288923,1,7,6,8.128476899852174
288928,1,7,6,14.532995473563576
288936,1,7,5,0.3586789934097332
288940,1,7,4,0.3586790108976326
288944,1,7,6,12.608991270279388
288949,1,7,9,20.645629010705008
288973,1,7,9,12.577262916719588
288980,1,7,9,26.2957916367524
289000,1,7,3,2.041146426339696
289020,1,7,7,2.5582992274414607
289023,1,7,5,0.3586789934097332
289035,0,7,0,0.01443316081238741
289047,1,7,5,0.3586789949470627
289052,1,7,7,3.2367769351654903
289065,1,7,9,5.7180941134548995
289082,1,7,6,11.900257489083861
289088,1,7,4,0.3586790108976326
289089,0,7,0,0.016894624875901668
289094,1,7,7,1.3740942166652645
289096,1,7,5,0.3586789934097332
289097,1,7,5,0.3586789934097332
289127,1,7,1,19.838226699953182
289129,1,7,9,16.314145491790303
289134,1,7,4,0.3586790108976326
289136,1,7,8,21.383530317755085
289156,1,7,4,0.3586790108976326
289179,1,7,9,5.751646109268642
289181,1,7,6,19.305587655592763
289203,1,7,9,3.427180323365785
289220,1,7,6,20.092591204458895
289242,1,7,5,0.3586789934097332
289246,1,7,3,2.3001247876384023
289269,1,7,5,0.3586789934097332
289274,1,7,8,5.672321426369541
289277,1,7,5,0.3586789934097332
289282,1,7,9,11.98674810862518
289286,1,7,5,0.3586789934097332
289333,1,7,5,0.3586789934097332
289342,1,7,5,0.3586789934097332
289347,1,7,8,24.403419895699834
289349,1,7,4,0.3586790108976326
289352,1,7,1,19.767133358360784
289362,1,7,9,13.320506455318826
289379,1,7,8,20.25521871262767
289397,1,7,3,2.403630408166136
289402,1,7,4,0.358679009087165
289408,1,7,6,16.675895336143668
289416,1,7,9,9.21551996172543
289422,1,7,4,0.3586790108976326
289424,1,7,4,0.3586790108976326
289436,1,7,2,10.897618813250748
289438,1,7,6,13.108155857555063
289443,1,7,4,0.3586790108976326
289446,1,7,8,6.264259351220318
289451,1,7,6,7.972809984257096
289461,1,7,5,0.3586789934097332
289469,1,7,9,26.17088723984807
289492,1,7,8,26.002665423746812
289497,1,7,4,0.3586790108976326
289505,1,7,8,19.467347107055133
289506,1,7,1,14.3741142251192
289510,1,7,2,7.278797936305693
289519,0,7,0,0.016700397773442927
289533,1,7,6,23.3813959106519
289544,1,7,10,12.033103871015522
289568,1,7,5,0.3586789934097332
289585,1,7,10,13.27487306462515
289593,1,7,8,26.471513043559252
289604,1,7,10,16.826986567662317
289612,1,7,7,1.9987007927756584
289625,1,7,9,16.09387449560966
289629,1,7,9,7.086468322464726
289640,1,7,4,0.3586790108976326
289645,1,7,5,0.3586789934097332
289667,1,7,10,12.04201617437161
289675,1,7,9,8.40108260606109
289684,1,7,6,23.348225407681074
289709,1,7,8,6.708362977733948
289740,1,7,7,3.970133908851919
289743,1,7,8,22.97721492807768
289746,1,7,7,3.255523709961901
289750,1,7,4,0.3586790108976326
289760,1,7,9,15.087516713775129
289771,1,7,6,9.896006574296543
289787,1,7,10,10.633891328511307
289788,1,7,6,7.16642829751323
289796,1,7,4,0.3586790108976326
289802,1,7,5,0.3586789934097332
289817,1,7,9,26.04850749043989
289819,1,7,9,6.993730632149038
289829,1,7,5,0.3586789934097332
289856,1,7,8,12.238238062829046
289866,1,7,1,9.302834159188883
289879,1,7,8,22.358632234761373
289899,1,7,5,0.3586789934097332
289900,1,7,5,0.3586789934097332
289908,1,7,1,6.387039634543407
289912,1,7,8,23.38241088911119
289916,1,7,8,13.05640891093114
289933,1,7,3,2.425137917877702
289936,1,7,5,0.3586789934097332
289938,0,7,0,0.015374670718408524
289954,1,7,10,9.498092392153703
289965,1,7,5,0.3586789934097332
289986,1,7,9,15.02137430258581
289988,1,7,10,11.886432273631073
289992,1,7,8,9.433447099283304
290000,1,7,9,15.876958689645376
290022,1,7,8,13.443146487827264
290059,1,7,5,0.3586789949470627
290065,1,7,9,24.379141309138994
290069,1,7,10,21.21379755178687
290073,1,7,4,0.3586790108976326
290079,1,7,5,0.3586789934097332
290087,1,7,9,4.662801973362965
290121,0,7,0,0.012629493359372357
290143,1,7,1,16.07728018370157
290144,1,7,9,12.95195290437268
290145,1,7,5,0.3586789934097332
290156,1,7,5,0.3586789934097332
290157,1,7,9,12.065242530143658
290162,1,7,5,0.3586789934097332
290164,1,7,7,2.53199273481833
290167,1,7,5,0.3586789934097332
290184,1,7,4,0.3586790108976326
290186,1,7,9,16.430518819329578
290189,1,7,4,0.3586790108976326
290190,1,7,9,5.142669771183559
290208,0,7,0,0.014380421388577057
290216,1,7,8,6.448421651999151
290231,1,7,8,24.04007536616045
290236,1,7,3,1.4126133188564278
290240,1,7,4,0.3586790108976326
290242,1,7,4,0.3586790108976326
290243,1,7,5,0.3586789934097332
290244,1,7,4,0.3586790108976326
290261,1,7,6,11.460064626797749
290275,1,7,8,28.204260400490824
290276,1,7,9,13.738583338036698
290281,1,7,5,0.3586789934097332
290287,1,7,8,14.1003883724107
290288,1,7,8,20.013944046799477
290294,1,7,1,22.81480728321648
290306,1,7,10,8.815506867528473
290308,1,7,9,17.199349105462485
290314,1,7,9,9.652662424403383
290320,1,7,8,9.941914361336
290334,1,7,9,14.503540357787893
290337,1,7,8,23.130653188437464
290343,1,7,6,15.101995106869728
290345,1,7,8,24.108480815838433
290358,1,7,6,23.246963569615854
290364,1,7,9,25.58029080202164
290379,1,7,2,5.142137832535977
290382,1,7,9,26.185651056012976
290385,1,7,9,26.26847555578954
290387,1,7,6,12.12431199240293
290405,1,7,8,23.947769370717825
290413,1,7,5,0.3586789934097332
290435,1,7,5,0.3586789934097332
290438,1,7,9,2.8454785453196725
290449,1,7,4,0.3586790108976326
290465,1,7,9,16.627840191295835
290470,1,7,5,0.3586789934097332
290479,1,7,4,0.3586790108976326
290483,1,7,9,15.920659700006828
290493,1,7,7,2.3592642168731772
290497,1,7,2,14.009185105422922
290498,1,7,10,12.36871304084019
290499,1,7,3,2.2903786274578186
290511,1,7,9,8.216885214993326
290513,1,7,9,24.06831572177978
290527,1,7,4,0.358679009087165
290544,1,7,7,4.240715199791421
290552,1,7,4,0.3586790108976326
290565,1,7,9,16.39869893946295
290571,1,7,9,11.688633458014985
290576,1,7,7,4.231298160761763
290600,1,7,1,10.064420711606742
290601,1,7,6,11.016001866291125
290611,1,7,10,11.313272634808795
290626,1,7,8,7.390630196928037
290630,1,7,10,20.520538019705096
290635,1,7,8,12.779465657615736
290646,1,7,1,18.7988922062711
290667,1,7,4,0.3586790108976326
290675,1,7,4,0.3586790108976326
290686,1,7,1,10.108311570617436
290693,1,7,9,18.25109212297143
290707,1,7,1,20.51716518062481
290710,1,7,3,2.4331120711276304
290716,1,7,5,0.3586789934097332
290722,1,7,8,17.705763981719645
290728,1,7,10,8.513018045998662
290736,1,7,10,11.40871804823859
290742,1,7,2,7.434685970999049
290745,1,7,10,20.784789808298022
290756,1,7,10,8.806350379368785
290759,1,7,8,19.87183146622474
290763,1,7,9,18.413648654853493
290773,1,7,5,0.3586789934097332
290786,0,7,0,0.0318090403857892
290787,1,7,9,20.632927677431255
290790,1,7,8,5.065686846123237
290800,1,7,6,11.639034175750048
290807,1,7,9,15.888015210713261
290820,1,7,8,17.19386486223472
290823,1,7,6,23.210349322120944
290843,1,7,7,1.2856824684678996
290848,1,7,1,8.90218506430177
290864,1,7,5,0.3586789934097332
290865,0,7,0,0.01239014838032281
290880,1,7,6,7.961413342540329
290884,1,7,1,16.139917223895154
290891,1,7,9,5.943959097083986
290914,1,7,5,0.3586789934097332
290922,1,7,8,6.633320072010607
290950,1,7,6,21.6120765882567
290979,1,7,9,16.324482160560382
290994,1,7,9,15.368046201026152
290995,1,7,8,13.700262186640629
291002,1,7,1,19.53415500567948
291022,1,7,1,16.968852627897853
291023,1,7,8,26.60695213320133
291028,1,7,8,13.436259993267974
291040,1,7,4,0.3586790108976326
291044,1,7,10,21.265514373394
291058,1,7,8,20.88899907533066
291071,1,7,8,7.082982072885325
291084,1,7,8,24.399524678555622
291088,1,7,4,0.3586790108976326
291099,0,7,0,0.02982078369200237
291115,1,7,1,20.040835109092477
291129,1,7,4,0.3586790108976326
291130,0,7,0,0.014739319122446862
291156,0,7,0,0.024196676141111675
291166,1,7,2,12.013583290987556
291169,1,7,4,0.358679009087165
291177,1,7,8,10.722721048868063
291189,1,7,4,0.3586790108976326
291201,1,7,8,15.300084363704594
291228,1,7,8,27.82355023374914
291239,1,7,9,24.7707014438106
291246,1,7,3,2.1383584582646535
291251,1,7,8,22.299562014270318
291312,1,7,6,6.329806326589189
291319,1,7,1,14.525467424563274
291326,1,7,6,12.88802363938486
291336,1,7,6,5.886442043060383
291338,1,7,1,19.797540954437377
291343,1,7,6,19.625670470082504
291344,1,7,6,7.952360374034979
291345,1,7,9,5.005921480733439
291354,1,7,6,14.707214178701555
291362,1,7,3,1.3877119832514877
291370,1,7,7,4.204892976827867
291381,1,7,9,26.281938905859985
291384,1,7,2,11.53902007161435
291413,1,7,9,24.962362922990813
291433,1,7,4,0.3586790108976326
291442,1,7,8,15.189040733948955
291444,1,7,6,15.16055341047085
291448,0,7,0,0.01178147970961607
291463,1,7,9,13.88996417721454
291468,1,7,5,0.3586789934097332
291478,1,7,8,16.981399317312256
291480,1,7,8,3.573839670369002
291492,1,7,8,6.529162116089823
291547,1,7,6,19.010266554647025
291562,1,7,4,0.358679009087165
291567,1,7,10,9.124992201688402
291576,1,7,5,0.3586789934097332
291586,1,7,7,0.5903442395928021
291589,1,7,4,0.3586790108976326
291592,1,7,7,3.634412276846707
291606,1,7,6,20.312003675723673
291636,1,7,9,25.39374573934865
291648,1,7,5,0.3586789934097332
291655,1,7,10,12.870731098534822
291660,1,7,5,0.3586789934097332
291673,1,7,3,1.0851899807710348
291674,1,7,1,9.704375719627233
291677,1,7,8,17.670529270068013
291683,1,7,9,12.407359592765376
291693,1,7,8,20.15703395627147
291700,1,7,5,0.3586789934097332
291711,1,7,6,23.75026817056625
291717,0,7,0,0.02164070397432617
291730,1,7,4,0.3586790108976326
291737,1,7,4,0.3586790108976326
291782,1,7,9,18.42059158527636
291783,1,7,5,0.3586789934097332
291796,1,7,8,9.071477144376825
291803,1,7,10,8.356406035598757
291821,1,7,8,24.03110472560486
291831,1,7,4,0.3586790108976326
291838,1,7,9,26.130167624399622
291843,1,7,8,28.39363517560833
291848,1,7,9,16.698094816025858
291862,1,7,1,13.06104566399957
291882,1,7,7,2.4900782102631895
291896,1,7,9,6.726443437175723
291901,1,7,8,4.809205486176016
291931,1,7,3,2.314965893410367
291943,1,7,8,13.09764722336224
291945,1,7,10,16.988617015732515
291973,1,7,9,25.670219364933313
291979,1,7,9,14.487748449259271
291992,1,7,1,3.727934211417014
291996,1,7,10,12.403668434929926
292027,1,7,4,0.3586790108976326
292034,1,7,10,11.465242066693387
292038,1,7,6,11.082250011001117
292060,1,7,5,0.3586789934097332
292064,1,7,4,0.3586790108976326
292068,1,7,6,17.489203151463403
292070,1,7,9,8.326935251347887
292077,1,7,10,13.00740373938942
292114,1,7,6,15.745448518812989
292118,1,7,9,10.347203656345892
292119,1,7,10,19.564335254550734
292125,1,7,5,0.3586789934097332
292128,1,7,9,16.8664534991876
292134,1,7,9,14.286814857175766
292159,1,7,10,9.310879070292007
292160,1,7,9,5.08343035591206
292188,1,7,1,20.592061240981533
292202,1,7,6,18.073853769891034
292211,1,7,5,0.3586789934097332
292216,1,7,4,0.3586790108976326
292254,0,7,0,0.19934849278226302
292266,1,7,8,22.8085531682684
292281,1,7,9,8.772502623481001
292292,1,7,8,13.206251596189786
292297,1,7,1,13.058520606333872
292298,1,7,1,23.10193790946703
292302,1,7,3,2.4278262793964216
292304,1,7,9,16.12079658163176
292313,1,7,4,0.3586790108976326
292328,1,7,4,0.3586790108976326
292330,1,7,8,10.59682845770592
292333,1,7,8,22.707496835664372
292350,1,7,10,10.866263044809646
292352,1,7,5,0.3586789934097332
292377,1,7,9,20.647676587747874
292384,1,7,5,0.3586789934097332
292393,1,7,6,14.805724220004151
292407,0,7,0,0.016865996419446888
292428,1,7,8,16.55504258637667
292435,1,7,9,9.160407127512443
292440,1,7,1,16.669927539018097
292450,1,7,5,0.3586789934097332
292457,1,7,6,13.057906147526499
292488,1,7,7,2.298175980078208
292497,1,7,5,0.3586789934097332
292505,1,7,9,15.227262643563447
292522,1,7,8,28.270673550770297
292524,0,7,0,0.016445208167648006
292533,1,7,8,14.449645222770426
292546,1,7,8,12.698560914068079
292576,1,7,9,12.494622526746332
292589,1,7,6,19.907809065014444
292603,1,7,8,22.66855832311356
292605,1,7,8,19.658722850652588
292613,1,7,5,0.3586789949470627
292618,1,7,2,11.860331980267615
292660,1,7,10,13.57844603623462
292663,1,7,1,23.207298427806272
292667,1,7,9,14.286642276420821
292675,1,7,10,12.783784076996989
292679,1,7,5,0.3586789934097332
292683,0,7,0,0.01438333175330116
292685,1,7,8,24.05260701929768
292696,0,7,0,0.016291637461096475
292699,1,7,4,0.3586790108976326
292702,1,7,9,14.951063307718455
292725,1,7,8,17.45510703103643
292732,1,7,9,8.7962434065182
292734,1,7,5,0.3586789934097332
292763,1,7,8,24.378419671207965
292767,1,7,5,0.3586789934097332
292772,1,7,8,20.616175803617235
292785,1,7,8,17.136438449703192
292787,1,7,6,9.182931880432248
292790,1,7,8,6.47380874640307
292805,1,7,10,8.760022639148476
292822,1,7,7,2.3452501053593195
292825,1,7,4,0.3586790108976326
292831,0,7,0,0.029074429166436166
292839,1,7,6,21.635113462999794
292843,1,7,8,4.4408724336025465
292857,1,7,10,16.30643094598064
292868,1,7,6,23.147035962627882
292874,1,7,8,21.15401714801332
292885,1,7,8,27.83532530053366
292902,1,7,7,0.43859318666516595
292913,1,7,2,9.158780728057069
292918,1,7,3,1.5844391585256017
292931,1,7,8,22.072585181896113
292933,1,7,9,25.715668884937834
292946,1,7,8,11.66079635592029
292948,1,7,4,0.3586790108976326
292955,1,7,9,13.719521706699828
292959,1,7,8,10.086279300520546
292966,1,7,8,13.316423093155343
292973,1,7,10,16.294289687187824
292974,1,7,10,6.93868531725578
292984,1,7,4,0.3586790108976326
292987,1,7,5,0.3586789934097332
293003,1,7,5,0.3586789934097332
293019,0,7,0,0.012650785187015566
293063,1,7,3,2.0953294521297257
293067,1,7,6,23.362135408450158
293084,1,7,5,0.3586789934097332
293086,1,7,6,13.771518856870564
293087,1,7,10,11.046200901165417
293099,1,7,4,0.3586790108976326
293113,1,7,8,11.016899659990418
293116,1,7,10,20.892233670646128
293138,1,7,10,6.668108484645891
293142,1,7,10,17.17136193242781
293143,1,7,5,0.3586789934097332
293146,1,7,6,20.856495540878054
293161,1,7,9,23.08746303205116
293169,1,7,7,1.84288518377774
293177,1,7,10,11.734956023282637
293209,1,7,5,0.3586789934097332
293231,1,7,4,0.3586790108976326
293234,1,7,1,23.08712498281404
293246,1,7,9,16.214524470350693
293251,1,7,9,16.34911639909062
293282,1,7,5,0.3586789934097332
293298,1,7,6,17.486480531575847
293304,1,7,4,0.3586790108976326
293315,1,7,8,21.24002343277244
293327,1,7,8,12.858758092186843
293346,1,7,9,22.96984960287369
293349,1,7,4,0.3586790108976326
293353,1,7,7,0.34750163345827606
293356,1,7,6,16.28572518039583
293361,1,7,8,11.797189772390876
293371,1,7,9,19.348172622919567
293373,1,7,7,3.4672242920993104
293376,1,7,6,14.488094368703422
293379,1,7,4,0.3586790108976326
293389,0,7,0,0.02575043701960568
293432,1,7,9,3.435313091576263
293435,1,7,7,4.489699064281715
293437,1,7,9,24.78444653669232
293461,1,7,8,20.21864311690635
293462,1,7,5,0.3586789934097332
293464,1,7,9,25.226917763645716
293466,1,7,9,23.766766331216402
293469,1,7,7,1.2216253228812468
293475,1,7,6,19.172608970843264
293486,0,7,0,0.2024696533163336
293488,1,7,6,5.583370117290252
293504,1,7,8,15.416950535054662
293518,1,7,10,9.81084528632762
293548,1,7,4,0.3586790108976326
293555,1,7,5,0.3586789949470627
293579,0,7,0,0.01393734576512502
293580,1,7,10,20.0798702776325
293582,0,7,0,0.01364674349004482
293583,1,7,8,10.264349291883951
293617,1,7,2,7.631231832858456
293624,1,7,8,20.346344157538958
293627,1,7,8,19.531731567917326
293645,1,7,8,22.063198218110085
293646,1,7,4,0.3586790108976326
293659,1,7,8,3.532793537417258
293680,1,7,9,26.098681085336544
293692,1,7,1,14.084289095567195
293716,1,7,7,1.1360425932132743
293739,1,7,4,0.3586790108976326
293742,1,7,9,7.052374549037206
293746,1,7,4,0.3586790108976326
293769,0,7,0,0.034445946496091784
293779,1,7,6,13.39191153707306
293785,1,7,6,18.441865941069455
293797,1,7,10,11.110724916380965
293807,1,7,6,20.1664607297431
293824,1,7,10,9.532907393993215
293831,1,7,4,0.3586790108976326
293868,1,7,2,8.53184512142307
293869,1,7,9,25.90662755238234
293880,0,7,0,0.015068646375722807
293918,1,7,7,4.542646099466879
293920,1,7,8,21.298840313396735
293944,1,7,8,8.679879088684872
293949,1,7,4,0.3586790108976326
293966,0,7,0,0.011993480050817448
293995,1,7,4,0.358679009087165
294001,1,7,4,0.358679009087165
294014,1,7,3,2.1321280967177625
294017,1,7,8,13.208869307062189
294019,1,7,1,18.063531209056503
294034,1,7,2,6.1615566260036925
294037,1,7,9,20.636353631217293
294044,1,7,2,13.758686290916778
294048,1,7,4,0.3586790108976326
294078,1,7,1,16.309967988554167
294091,1,7,9,13.451008790512942
294098,1,7,7,2.0010081446838504
294124,1,7,8,6.793243103731585
294128,1,7,8,28.180891383026477
294149,1,7,9,20.788443371451198
294153,1,7,5,0.3586789934097332
294155,1,7,9,19.846081484562134
294158,1,7,9,25.259802567259605
294167,1,7,4,0.3586790108976326
294174,1,7,8,2.4812833876230234
294202,0,7,0,0.01990705932068895
294207,1,7,6,15.15094274206194
294209,1,7,9,22.88701455369742
294212,1,7,9,20.192121822854382
294214,1,7,5,0.3586789934097332
294220,1,7,1,13.907942528572102
294225,1,7,9,15.368903495992425
294244,1,7,8,5.438408057077878
294246,1,7,7,4.118126563410138
294250,1,7,5,0.3586789934097332
294268,1,7,5,0.3586789934097332
294272,1,7,5,0.3586789934097332
294299,1,7,9,11.746579159536997
294306,1,7,8,24.90800863497573
294318,1,7,5,0.3586789934097332
294330,1,7,4,0.3586790108976326
294332,1,7,9,21.32091188078948
294340,1,7,5,0.3586789934097332
294384,1,7,8,6.293047653429573
294391,1,7,10,7.873791292304224
294402,1,7,9,12.263363213139831
294406,1,7,8,17.627802107449593
294429,1,7,5,0.3586789934097332
294430,1,7,4,0.3586790108976326
294448,1,7,8,9.082474739115613
294466,1,7,4,0.3586790108976326
294479,1,7,4,0.3586790108976326
294487,1,7,5,0.3586789934097332
294501,1,7,7,3.200060144909856
294505,1,7,3,2.3582079743696855
294509,1,7,6,23.478626311218466
294513,1,7,10,20.1774238779998
294515,1,7,1,7.093328331966725
294538,1,7,9,26.403408062674266
294545,1,7,2,1.1412601124313926
294555,1,7,9,21.33851740987327
294558,1,7,8,6.598331975996208
294567,1,7,1,8.512102624474403
294590,1,7,9,6.466616383431876
294610,1,7,9,5.3308398073695225
294625,1,7,9,25.02137088329251
294631,1,7,5,0.3586789934097332
294638,1,7,1,5.679085548127823
294647,1,7,9,24.127665819341107
294650,1,7,6,6.4828597405408885
294668,1,7,8,3.2898184868698803
294671,1,7,9,13.154290832574468
294685,1,7,10,11.745871316254327
294686,1,7,6,10.721030158148935
294721,1,7,10,20.374692552738253
294723,1,7,8,19.9321674725382
294726,1,7,6,15.20817136685499
294729,1,7,1,15.559115293585457
294740,1,7,1,23.246450551869696
294744,1,7,6,9.221774375900583
294748,1,7,4,0.3586790108976326
294752,1,7,6,17.386233695457662
294768,1,7,10,10.837608218525967
294773,1,7,2,12.887948803248065
294781,1,7,4,0.3586790108976326
294805,1,7,1,3.784050393116097
294826,1,7,4,0.3586790108976326
294828,1,7,5,0.3586789934097332
294837,1,7,8,20.527497954849313
294870,1,7,9,25.459657314326282
294886,1,7,7,1.6272895088160322
294898,1,7,9,24.09589293351539
294907,1,7,2,12.257611249575639
294911,1,7,4,0.3586790108976326
294923,1,7,9,10.782768062876633
294926,1,7,8,10.514903540369417
294934,1,7,10,18.571496050857416
294940,1,7,9,24.40693898881822
294970,1,7,9,24.588025325426447
294974,1,7,7,4.392840291360579
294975,1,7,1,10.029914879258778
294976,1,7,7,2.555399216959767
294979,1,7,8,26.283764188399577
294984,1,7,9,22.787069050197037
294985,1,7,4,0.3586790108976326
294988,1,7,5,0.3586789934097332
295014,1,7,6,23.039452840920433
295021,0,7,0,0.01659779653282568
295022,1,7,8,16.638842990413885
295023,1,7,9,23.31973778115302
295028,1,7,5,0.3586789934097332
295052,1,7,3,1.8707989420409463
295056,1,7,5,0.3586789934097332
295057,1,7,8,27.84781291796004
295081,1,7,7,2.045072346586564
295091,1,7,5,0.3586789934097332
295109,1,7,3,2.4210170562548257
295120,1,7,5,0.3586789934097332
295131,1,7,8,6.572616583013526
295171,1,7,1,17.50806611879785
295189,1,7,8,7.818424320271767
295203,1,7,1,19.839141063047762
295204,1,7,9,16.844268134473126
295205,1,7,8,17.328292236154393
295221,1,7,5,0.3586789934097332
295231,1,7,6,14.013739231317
295244,1,7,5,0.3586789934097332
295247,0,7,0,0.019418307588140494
295295,1,7,5,0.3586789934097332
295307,1,7,3,2.3704850583573367
295317,1,7,6,20.377035019430917
295318,1,7,9,10.655913443614544
295341,1,7,2,11.998606160288317
295348,1,7,7,0.35594130514415845
295351,1,7,6,23.205940812378188
295352,1,7,8,28.43794862199908
295377,1,7,9,23.79500788886782
295381,1,7,9,7.2062605046304755
295392,1,7,6,23.87217873197836
295402,1,7,1,8.230815443257699
295408,1,7,10,16.90836391442394
295416,1,7,3,2.3469203950806503
295421,1,7,6,21.86626694905406
295439,1,7,10,21.29967015403905
295462,1,7,6,17.849995839607068
295464,1,7,5,0.3586789934097332
295485,1,7,4,0.3586790108976326
295488,1,7,2,2.100751726227723
295489,1,7,6,19.41148671090629
295504,1,7,4,0.3586790108976326
295525,1,7,8,21.96911687055678
295538,1,7,6,10.034299937562615
295571,1,7,9,23.007424050369092
295577,1,7,8,10.801480144642149
295588,1,7,6,21.327513735880366
295598,1,7,9,21.53295337816188
295602,1,7,9,14.033295834235117
295603,1,7,4,0.3586790108976326
295611,1,7,6,23.203585351470313
295616,1,7,8,12.872222763146262
295629,1,7,9,25.347264433322174
295663,1,7,10,19.422260160351627
295666,1,7,8,5.02102964518838
295670,1,7,10,19.86516311189191
295678,1,7,8,3.5943364871759846
295724,1,7,5,0.3586789949470627
295726,1,7,6,12.6710741438664
295743,1,7,7,1.6702242549717594
295750,1,7,5,0.3586789934097332
295752,1,7,9,2.1373433763754113
295754,1,7,8,24.286379481366204
295756,1,7,7,0.8939031156890729
295776,1,7,9,19.94318915737226
295788,1,7,7,1.1073417487030686
295807,1,7,4,0.3586790108976326
295809,1,7,9,11.040330787357977
295812,1,7,3,1.3960029012186308
295816,1,7,6,14.594728131591324
295837,1,7,9,15.7862854275425
295866,0,7,0,0.016098303895542083
295869,1,7,10,8.37235827649073
295896,1,7,5,0.3586789934097332
295898,1,7,5,0.3586789934097332
295912,1,7,6,17.32427641286158
295940,1,7,9,23.572398629109458
295942,1,7,8,13.567919791853528
295944,1,7,9,23.817147058846533
295953,0,7,0,0.028626314887486612
295959,1,7,1,22.48854311127837
295963,1,7,6,16.294211322453133
295967,1,7,6,21.738552239921116
295968,1,7,1,18.37826434382661
295969,1,7,6,7.3578143795131865
295972,1,7,1,8.783093850538286
295980,1,7,1,12.126825270925131
295989,1,7,9,20.569155002991337
295996,1,7,2,13.800613972819773
296034,1,7,2,5.374466350479368
296055,1,7,10,17.493640369357614
296080,1,7,9,11.032691911829236
296084,1,7,6,23.263862781551897
296102,1,7,8,10.226616153055467
296112,1,7,6,22.832857712495272
296115,1,7,6,4.9891746293196375
296116,1,7,8,25.52719376536991
296135,1,7,8,18.8924684333756
296142,1,7,8,21.342197070346273
296149,1,7,1,12.872878587147058
296150,1,7,2,6.837935788849402
296153,0,7,0,0.028250931815159773
296154,1,7,4,0.3586790108976326
296165,1,7,4,0.3586790108976326
296166,1,7,1,10.229281539714444
296175,1,7,8,8.365766008012654
296185,0,7,0,0.01613753121211515
296204,1,7,6,18.423999007811457
296208,1,7,6,9.557548618066246
296241,1,7,9,26.399469725725314
296244,1,7,8,14.05234215891143
296250,1,7,8,8.038011270991213
296251,1,7,5,0.3586789934097332
296254,0,7,0,0.1854557973392359
296269,1,7,10,13.86978040060448
296308,1,7,9,16.57479943288734
296323,1,7,5,0.3586789934097332
296335,1,7,9,15.921414736984353
296344,1,7,6,14.683477505756317
296348,1,7,9,22.38067912365555
296353,1,7,7,4.515754778285529
296392,1,7,2,9.518383307014117
296403,1,7,9,24.813297891996196
296407,1,7,5,0.3586789934097332
296435,1,7,1,15.458821403904494
296439,1,7,6,21.22924830439603
296449,1,7,2,4.001263887973078
296470,1,7,1,11.830898068695625
296479,1,7,8,21.08139492452059
296483,1,7,2,13.867762763103677
296507,0,7,0,0.026681888379239488
296534,1,7,5,0.3586789934097332
296548,1,7,9,11.28244759409554
296564,1,7,3,1.5557213680507347
296574,1,7,1,9.395677788477997
296611,1,7,5,0.3586789934097332
296618,1,7,10,7.878234753913082
296626,1,7,6,14.710611072108833
296629,1,7,2,0.9721131376145524
296635,1,7,1,16.105892432713222
296638,1,7,6,21.24473052056617
296655,1,7,8,2.4380510132272377
296661,1,7,5,0.3586789934097332
296668,1,7,6,15.285048956125276
296680,1,7,10,8.117451108059315
296684,1,7,10,9.903574917288951
296691,1,7,9,8.600097904705356
296703,1,7,4,0.3586790108976326
296712,1,7,9,13.45504962385003
296719,1,7,10,12.66280320693425
296727,1,7,8,22.629997162736505
296779,1,7,6,18.72768621204021
296782,1,7,4,0.3586790108976326
296800,1,7,6,23.453859442550538
296809,1,7,5,0.3586789949470627
296820,1,7,10,11.218492688284313
296825,1,7,5,0.3586789934097332
296836,1,7,10,20.717212581023887
296839,1,7,7,1.2557331783810388
296845,1,7,9,10.739815031189163
296849,1,7,6,23.027601642577213
296862,1,7,4,0.3586790108976326
296865,1,7,6,22.6502360953409
296882,1,7,5,0.3586789934097332
296889,1,7,9,8.890698790031225
296890,1,7,9,25.958311041067354
296895,1,7,6,12.039257287511804
296897,1,7,4,0.3586790108976326
296901,1,7,8,24.762950108476964
296906,1,7,5,0.3586789934097332
296946,1,7,4,0.3586790108976326
296961,1,7,2,13.782749463256295
296962,0,7,0,0.24465173059657783
296964,0,7,0,0.011374075017634518
296988,1,7,6,23.80405644817052
296990,1,7,9,12.005157721318412
297023,1,7,9,22.984082932901572
297045,1,7,10,12.834108140550187
297053,1,7,8,22.483070667724984
297060,1,7,6,22.161893689911317
297067,1,7,6,6.928401259326245
297084,1,7,8,8.3749756579856
297087,1,7,5,0.3586789934097332
297097,1,7,5,0.3586789934097332
297116,1,7,9,26.390800541985033
297146,1,7,7,1.5106758719321711
297148,1,7,1,11.2195151071307
297149,1,7,9,5.946959953197213
297159,1,7,8,25.753865665968462
297169,1,7,10,8.178865617818664
297187,1,7,5,0.3586789934097332
297188,1,7,1,18.00190736626964
297197,1,7,9,18.49742682728232
297218,1,7,2,1.8152879867381582
297247,0,7,0,0.03323294922341529
297252,1,7,6,13.421513197291786
297257,1,7,8,6.81374890861661
297264,1,7,8,9.838184382307002
297266,1,7,8,22.251505749343764
297282,1,7,5,0.3586789934097332
297304,1,7,10,14.08838384589615
297315,1,7,4,0.3586790108976326
297323,1,7,8,21.355328943575845
297327,1,7,6,8.00397875189142
297335,0,7,0,0.01422259002881666
297347,1,7,6,18.74859827284789
297355,1,7,9,24.802773229404032
297363,1,7,10,17.023216212346924
297372,1,7,6,14.89641918597046
297388,1,7,9,16.592603607754548
297397,1,7,5,0.3586789934097332
297398,1,7,6,19.907332661233273
297414,1,7,4,0.3586790108976326
297427,1,7,5,0.3586789934097332
297429,1,7,6,12.171916376358961
297446,1,7,5,0.3586789934097332
297448,1,7,7,4.295251283670827
297460,1,7,6,23.461283356862932
297464,1,7,5,0.3586789949470627
297465,1,7,4,0.3586790108976326
297475,1,7,9,16.455210117700688
297482,1,7,4,0.3586790108976326
297509,1,7,8,13.214948325006565
297515,1,7,6,18.83234741196922
297527,1,7,9,5.653057261654535
297538,1,7,5,0.3586789934097332
297545,1,7,9,12.186647927688972
297569,1,7,4,0.3586790108976326
297584,1,7,10,4.342387805901342
297586,1,7,5,0.3586789934097332
297588,1,7,6,18.44268463589476
297589,1,7,5,0.3586789934097332
297599,1,7,5,0.3586789934097332
297602,1,7,5,0.3586789934097332
297615,1,7,6,18.409289367473765
297618,1,7,2,8.595716616110895
297628,1,7,9,25.68879097462533
297629,1,7,1,9.676560015316461
297633,1,7,4,0.3586790108976326
297634,0,7,0,0.022724919099469398
297635,1,7,10,6.419178561799711
297647,1,7,4,0.3586790108976326
297654,1,7,8,17.43246730509938
297672,1,7,10,7.157441301479953
297685,1,7,2,13.31023874507731
297687,1,7,4,0.3586790108976326
297688,1,7,9,25.26147629560486
297694,1,7,3,2.361669616359876
297706,1,7,8,10.039092155411272
297718,0,7,0,0.01667868499693424
297721,1,7,5,0.3586789949470627
297723,1,7,2,9.125692752786906
297725,1,7,10,15.806290065907785
297731,1,7,9,10.835712919734618
297733,1,7,8,9.034958192565286
297774,1,7,5,0.3586789934097332
297780,1,7,7,0.36212848633659295
297781,1,7,9,15.741503473572942
297785,1,7,6,14.860229889478742
297796,1,7,4,0.3586790108976326
297820,1,7,10,7.315150204985916
297822,1,7,6,15.499703808196719
297840,1,7,5,0.3586789934097332
297848,1,7,8,28.362329797729977
297858,1,7,10,8.146500792545256
297868,1,7,9,20.194559876772825
297885,1,7,2,8.513801606131917
297890,0,7,0,0.027556988360779713
297891,1,7,8,7.852982050583353
297917,1,7,4,0.3586790108976326
297924,1,7,7,1.5260619432866904
297926,1,7,9,13.63549201954978
297932,0,7,0,0.013616254739478292
297940,1,7,8,6.662256068539643
297951,1,7,8,24.758813796843814
297965,1,7,3,2.1253910548474426
297968,1,7,6,17.90006964721829
297971,1,7,9,23.213608726979775
297983,1,7,8,3.809548030434635
297987,1,7,1,5.512696830011785
297997,1,7,1,15.379126857233281
298002,1,7,5,0.3586789949470627
298016,1,7,5,0.3586789949470627
298020,1,7,5,0.3586789934097332
298032,1,7,4,0.3586790108976326
298043,1,7,8,15.654391460944083
298050,1,7,1,16.017523820844094
298058,1,7,9,19.844585348580072
298071,1,7,9,23.289708451343852
298079,1,7,10,12.401198670098532
298098,1,7,3,2.417035944339404
298105,1,7,1,21.181339134945194
298113,1,7,2,11.282068549379941
298120,1,7,9,3.531919635223705
298140,1,7,9,13.482004341699753
298142,1,7,5,0.3586789934097332
298162,0,7,0,0.24280706486030346
298171,0,7,0,0.021213507399414848
298180,1,7,4,0.3586790108976326
298186,1,7,9,25.98381070156736
298213,1,7,8,13.007162820574711
298224,1,7,8,23.712071084114225
298225,1,7,10,12.029310481293827
298237,0,7,0,0.19898642291686616
298245,1,7,1,19.856692687879853
298250,1,7,1,14.59046666145331
298254,1,7,8,14.59232010641932
298255,1,7,10,18.7135986312277
298266,1,7,2,5.0002384766567305
298271,1,7,10,11.215096352256097
298276,1,7,4,0.3586790108976326
298283,1,7,5,0.3586789934097332
298285,1,7,6,23.222650285552724
298287,1,7,1,18.775165767986724
298290,1,7,10,21.291179493031343
298291,1,7,5,0.3586789934097332
298292,1,7,3,2.4442253615663763
298295,1,7,1,11.7938800352417
298307,1,7,4,0.3586790108976326
298315,1,7,9,25.469176386723692
298329,1,7,9,24.244503998684518
298332,1,7,9,11.018425298999505
298341,1,7,9,11.963948352725742
298351,1,7,8,3.9853884784394173
298362,1,7,9,7.9150442127664755
298365,1,7,6,6.922537012847512
298368,1,7,10,19.39348353429345
298386,1,7,1,11.381932503368152
298403,1,7,5,0.3586789934097332
298408,1,7,9,25.47228154088283
298413,1,7,8,13.810392496636355
298455,1,7,8,24.603867692230455
298467,1,7,9,15.983369223383356
298468,1,7,6,11.822333554443642
298479,1,7,5,0.3586789934097332
298482,1,7,10,7.0983822361243885
298484,1,7,5,0.3586789934097332
298506,1,7,6,20.22258846578045
298516,1,7,6,9.007035983773303
298517,1,7,8,27.899238365581844
298537,1,7,6,18.034117171859933
298538,1,7,8,24.7855533728533
298547,1,7,10,16.400886287498636
298563,1,7,4,0.3586790108976326
298568,1,7,4,0.3586790108976326
298576,1,7,7,2.3027204500228273
298582,1,7,2,6.74589301394794
298583,1,7,7,2.2451058663243573
298589,1,7,6,22.675313781292253
298592,1,7,1,7.256915955860269
298601,1,7,6,23.062103381210253
298636,1,7,8,28.38794629591793
298640,1,7,9,24.70571494295473
298648,1,7,4,0.3586790108976326
298700,1,7,8,27.974426111887613
298704,1,7,9,18.69648987394136
298708,1,7,6,6.114634447016947
298712,1,7,4,0.3586790108976326
298726,1,7,5,0.3586789934097332
298731,1,7,5,0.3586789934097332
298732,1,7,1,19.18940768401183
298734,0,7,0,0.03306669242620963
298746,1,7,4,0.3586790108976326
298767,1,7,4,0.3586790108976326
298768,1,7,4,0.3586790108976326
298778,1,7,10,12.027129275527212
298790,1,7,6,20.06590256625906
298792,1,7,9,17.689878596183643
298793,1,7,7,2.8855937987770455
298807,1,7,9,21.694713064210127
298810,1,7,4,0.3586790108976326
298821,1,7,9,11.178941927119146
298846,1,7,4,0.3586790108976326
298848,0,7,0,0.022055834423037577
298850,1,7,4,0.3586790108976326
298852,1,7,6,16.331761961913738
298872,1,7,6,20.557258635927322
298907,1,7,8,3.4937799755961487
298932,1,7,8,4.509789210415142
298942,1,7,8,21.507336883039326
298944,1,7,3,2.363564450465207
298963,1,7,8,9.987201323181457
298966,1,7,9,12.694593509340061
299012,1,7,5,0.3586789934097332
299023,1,7,10,21.00714238586582
299031,1,7,1,20.75437422152771
299033,1,7,9,25.977373792145066
299036,1,7,5,0.3586789934097332
299041,1,7,9,16.457732179388522
299055,1,7,2,6.901013772567012
299062,1,7,5,0.3586789934097332
299070,1,7,3,0.8319075912425244
299080,1,7,9,14.908726273607986
299097,1,7,9,26.49309535997361
299106,1,7,10,7.498029677209472
299110,1,7,5,0.3586789934097332
299115,1,7,9,24.887076816050197
299117,1,7,10,18.385279211772556
299120,1,7,9,3.4294344367911984
299124,1,7,3,0.6872095868035369
299135,0,7,0,0.02483626814963422
299168,1,7,10,11.974923775028344
299172,1,7,4,0.3586790108976326
299173,1,7,7,4.293719367643732
299175,1,7,5,0.3586789934097332
299182,1,7,9,14.465089923733851
299207,1,7,9,4.823153783938903
299219,1,7,1,12.190545555100137
299224,1,7,9,18.70020780047393
299225,1,7,9,26.353991395921852
299243,1,7,9,18.370968536649546
299245,1,7,7,3.5781028216841544
299262,1,7,1,18.633456069974706
299269,1,7,8,15.789866171690859
299271,1,7,8,20.99705293421517
299336,1,7,1,7.5989532385540395
299354,1,7,1,13.821699131899434
299377,1,7,9,5.013940518518144
299386,1,7,9,13.603733239746596
299391,1,7,3,0.9534397727507662
299399,1,7,1,15.007646477270642
299400,1,7,8,7.884140540990129
299404,1,7,4,0.3586790108976326
299405,1,7,9,26.376204614001526
299408,0,7,0,0.029889842916036864
299422,1,7,5,0.3586789934097332
299430,0,7,0,0.02399415797505233
299433,1,7,5,0.3586789934097332
299435,1,7,8,10.228807303228404
299460,1,7,8,20.357357356356566
299477,1,7,4,0.3586790108976326
299480,1,7,6,5.419150539962243
299504,1,7,6,23.14253168351363
299506,1,7,9,19.40762846696004
299525,1,7,5,0.3586789934097332
299528,0,7,0,0.021343790920594786
299529,1,7,9,7.899544706283374
299535,1,7,4,0.3586790108976326
299547,1,7,5,0.3586789934097332
299554,1,7,1,16.449819985427673
299560,1,7,6,17.597605703762586
299570,1,7,5,0.3586789949470627
299576,1,7,5,0.3586789949470627
299579,1,7,5,0.3586789934097332
299587,1,7,4,0.3586790108976326
299604,1,7,5,0.3586789934097332
299611,1,7,9,25.31901385230915
299616,1,7,9,20.422070637401426
299635,1,7,5,0.3586789934097332
299641,1,7,10,5.095387300815155
299642,1,7,9,25.323485268011186
299649,1,7,9,25.593764321724475
299662,1,7,1,17.64502568492468
299664,1,7,9,20.821976226434007
299665,1,7,10,9.43849376120305
299666,1,7,5,0.3586789934097332
299684,1,7,3,2.379624062981449
299697,1,7,9,23.90890541263145
299715,1,7,2,9.518435751172378
299728,0,7,0,0.03211908899490399
299736,1,7,8,15.386913457002445
299749,1,7,2,8.172749204770367
299754,1,7,10,7.988974383184107
299763,1,7,9,10.326189787038901
299764,1,7,9,24.633946353601974
299768,1,7,6,23.146924570019035
299776,1,7,6,17.13236058866458
299780,1,7,4,0.3586790108976326
299784,1,7,8,4.91397289384715
299789,1,7,3,1.7388589357553939
299792,0,7,0,0.07321959034593171
299800,1,7,4,0.3586790108976326
299805,1,7,6,14.838120558998504
299812,1,7,1,16.372981955176936
299817,1,7,5,0.3586789949470627
299819,1,7,9,15.561079283737707
299822,1,7,9,14.457531014592597
299827,0,7,0,0.03277705640153582
299856,1,7,10,12.860179602303342
299858,1,7,2,9.176858474797053
299863,1,7,9,9.428761364027741
299905,1,7,5,0.3586789934097332
299906,1,7,1,14.117313714958037
299911,1,7,9,9.982628081645014
299912,1,7,8,11.349128172651197
299914,1,7,8,9.782174999091167
299922,1,7,9,26.271034547901497
299924,1,7,9,22.262523299885263
299932,1,7,4,0.3586790108976326
299935,1,7,8,23.952363565282322
299940,1,7,4,0.3586790108976326
299943,1,7,7,1.8899020667348108
299966,1,7,9,20.92599490302732
299970,1,7,8,27.294017387278405
299980,1,7,7,3.70676091209404
300003,1,7,10,20.198510493606637
300006,1,7,9,24.582480634352883
300010,1,7,9,25.380482064417237
300027,1,7,10,4.79920008587825
300035,1,7,8,26.415730041911267
300047,1,7,7,2.5579080997376487
300059,1,7,5,0.3586789934097332
300066,1,7,8,24.4004130560317
300068,1,7,7,2.038000238059109
300071,1,7,9,25.59046750814145
300072,0,7,0,0.016821057633665367
300081,0,7,0,0.013126163293991475
300092,1,7,4,0.3586790108976326
300116,1,7,6,14.656101020894925
300117,1,7,8,19.51013550354323
300127,1,7,5,0.3586789934097332
300145,1,7,7,2.9147566346205966
300147,1,7,5,0.3586789934097332
300151,1,7,6,23.061469464853737
300160,1,7,6,23.058506699572998
300168,1,7,6,14.657674329408737
300171,1,7,2,2.034173957819002
300183,0,7,0,0.020088864911606455
300188,1,7,8,14.087651431591292
300189,1,7,8,6.249799183139861
300192,1,7,6,23.168256988397196
300220,1,7,6,16.90229964653161
300226,1,7,6,14.79269336801295
300230,1,7,6,18.887265462904477
300234,1,7,7,2.6265961106188245
300237,1,7,1,22.130379249693604
300239,1,7,6,4.150689456641643
300248,1,7,8,15.303722774350955
300254,1,7,5,0.3586789934097332
300256,1,7,1,20.228681482484586
300276,1,7,10,15.313153953990538
300277,0,7,0,0.018259902335506464
300281,1,7,5,0.3586789934097332
300287,1,7,8,13.64412654498233
300313,1,7,5,0.3586789934097332
300318,1,7,8,17.46662669952085
300352,1,7,9,15.980584315275708
300357,1,7,9,15.232432784242263
300360,1,7,4,0.358679009087165
300397,1,7,1,4.544694204907177
300402,1,7,6,22.37800046451848
300404,0,7,0,0.029923579122927365
300424,1,7,10,4.713394893728805
300439,1,7,8,28.520190636440656
300472,1,7,7,1.6342899979553729
300476,1,7,8,12.331924827368486
300487,1,7,9,10.455690206247414
300506,1,7,10,7.759040096893115
300511,1,7,8,27.827767679645305
300512,0,7,0,0.02294171645041109
300520,1,7,1,20.15086421641772
300535,1,7,5,0.3586789934097332
300541,1,7,9,15.483587789184826
300555,1,7,4,0.3586790108976326
300556,1,7,6,16.69770487179479
300574,1,7,10,6.705596931051563
300576,1,7,9,2.9112744740606256
300582,1,7,8,12.322519352541095
300586,1,7,10,7.1689719541542365
300619,1,7,2,10.883972995310916
300622,1,7,4,0.3586790108976326
300631,1,7,9,23.478442253075954
300635,1,7,7,1.8610828221242857
300639,1,7,10,15.686652660658828
300645,1,7,5,0.3586789934097332
300655,1,7,4,0.3586790108976326
300656,1,7,8,3.175588553454049
300673,1,7,4,0.3586790108976326
300689,1,7,6,22.34845530951427
300737,1,7,6,6.391649125571523
300756,1,7,6,14.954381405478225
300757,1,7,10,11.07229928396373
300765,1,7,4,0.3586790108976326
300781,1,7,6,9.518581152888865
300787,1,7,2,13.862363892011095
300788,1,7,5,0.3586789934097332
300792,1,7,5,0.3586789934097332
300797,1,7,6,13.034467279619992
300798,1,7,10,7.51096044492087
300827,1,7,10,19.264917461501028
300828,1,7,8,23.956172709470597
300829,1,7,2,2.645837431838064
300835,1,7,8,17.888752575994225
300841,1,7,6,14.728358051940637
300866,1,7,3,1.7696975323318973
300868,1,7,6,14.119716295378458
300913,1,7,6,14.269016552989335
300916,1,7,4,0.3586790108976326
300918,1,7,5,0.3586789934097332
300920,0,7,0,0.029214145789878326
300925,1,7,2,5.539153638608549
300930,1,7,5,0.3586789934097332
300956,1,7,4,0.3586790108976326
300962,1,7,4,0.3586790108976326
300968,1,7,4,0.3586790108976326
300982,1,7,4,0.3586790108976326
300985,1,7,1,8.448909554705223
300991,1,7,6,11.808173453380869
300994,1,7,5,0.3586789934097332
300997,1,7,6,15.765986070321782
300999,1,7,9,8.843973365399325
301014,1,7,9,24.41858503423289
301018,1,7,8,2.9894031776075773
301031,1,7,7,2.530257625125899
301037,1,7,5,0.3586789934097332
301045,1,7,7,3.320277783952905
301046,1,7,4,0.3586790108976326
301053,1,7,4,0.3586790108976326
301056,1,7,9,22.80667635591127
301062,1,7,9,25.768036981980686
301068,1,7,8,3.6361083305469997
301071,1,7,2,12.633182700464376
301075,1,7,9,21.318891981995108
301078,1,7,5,0.3586789934097332
301089,1,7,10,7.763619499976116
301091,1,7,9,13.598748031378912
301096,1,7,9,17.01009800576076
301100,1,7,1,12.844717149846902
301113,1,7,8,3.55068230146272
301117,1,7,10,19.494099943507372
301123,1,7,9,25.310419046188873
301127,1,7,1,20.192845992877785
301128,1,7,2,13.887334793462953
301141,1,7,6,4.9526825330426805
301159,1,7,5,0.3586789934097332
301170,1,7,6,21.297308633402892
301173,1,7,8,6.674475705518388
301176,1,7,2,6.888839351529382
301186,1,7,9,24.09502891850877
301208,1,7,9,20.401390716507855
301212,1,7,9,9.210881534718233
301224,1,7,8,28.385103379229168
301225,1,7,9,23.485049582953717
301240,1,7,5,0.3586789949470627
301243,1,7,1,17.95236755647774
301244,1,7,10,12.892950363851797
301256,0,7,0,0.01588375190504501
301268,1,7,9,2.668412049609672
301272,1,7,8,3.769787416425967
301277,1,7,6,9.369370921503204
301278,1,7,9,23.2504652562435
301291,1,7,1,5.508222378189433
301293,1,7,5,0.3586789934097332
301296,1,7,4,0.3586790108976326
301321,1,7,6,14.292178756857277
301340,1,7,9,21.502717330689286
301378,1,7,9,24.754442184968845
301385,1,7,10,9.591068191243078
301400,1,7,8,7.074447999601171
301410,1,7,10,16.91464350146253
301449,1,7,5,0.3586789934097332
301470,1,7,4,0.3586790108976326
301473,1,7,2,11.153996251668653
301483,1,7,4,0.3586790108976326
301486,1,7,8,19.5962289711168
301490,1,7,1,13.411129221267046
301502,1,7,1,18.119538732388396
301506,1,7,3,2.193098240418981
301519,1,7,1,10.554239771585408
301553,1,7,4,0.3586790108976326
301558,1,7,5,0.3586789934097332
301582,1,7,4,0.3581744780889956
301584,1,7,4,0.3586790108976326
301598,1,7,9,26.256188376383896
301603,1,7,9,23.61693504611001
301624,1,7,9,16.487952272646933
301631,1,7,8,16.097965231751406
301632,1,7,6,8.264532112791821
301645,1,7,4,0.3586790108976326
301647,1,7,5,0.3586789934097332
301667,1,7,10,6.470345768800344
301675,1,7,2,13.954921738274086
301709,1,7,5,0.3586789934097332
301711,1,7,10,8.85459857910625
301715,1,7,8,16.34816653550044
301732,1,7,5,0.3586789934097332
301734,1,7,5,0.3586789934097332
301747,0,7,0,0.02216155845181039
301752,1,7,9,13.507677229090095
301773,1,7,6,23.726918997360396
301786,1,7,9,25.950720721422833
301793,1,7,5,0.3586789934097332
301807,1,7,9,24.089559402289066
301809,1,7,6,20.0233117501649
301827,1,7,6,13.688337029070231
301828,1,7,2,8.168078345437953
301832,1,7,8,23.023739743887322
301833,1,7,5,0.3586789934097332
301837,1,7,10,18.744282947574593
301861,1,7,5,0.3586789934097332
301893,1,7,9,24.00975520686157
301920,1,7,6,5.96492627616801
301922,1,7,5,0.3586789934097332
301934,1,7,1,15.534300933261436
301943,0,7,0,0.024031096599423568
301952,1,7,5,0.3586789934097332
301965,1,7,9,10.18849802823312
301968,1,7,9,7.491406107303159
301978,1,7,9,5.489800018989904
301997,1,7,10,5.058956654981136
302004,1,7,9,22.49849318498604
302032,1,7,9,26.350379308035592
302055,1,7,1,12.300212428434863
302079,1,7,5,0.3586789934097332
302114,1,7,4,0.3586790108976326
302130,1,7,2,8.666549789140056
302135,1,7,8,17.014471091659264
302140,1,7,9,25.102798322702522
302141,1,7,7,1.6632565491791262
302154,1,7,1,21.563414167906046
302157,1,7,8,18.37706661284591
302170,1,7,7,2.414645698672169
302183,1,7,8,12.169124086512864
302189,1,7,6,14.296943138076436
302202,1,7,9,14.172188248423296
302207,1,7,2,11.18914568238165
302212,1,7,2,6.109634378607261
302213,1,7,10,9.304875530959032
302233,1,7,3,2.268277606228523
302235,1,7,6,17.772228116763273
302239,1,7,7,1.0822442650012718
302255,1,7,6,18.671274127278664
302258,1,7,10,10.955493133236478
302276,1,7,6,14.890332096044192
302290,1,7,8,11.125720429344533
302299,1,7,9,24.079142344667357
302304,1,7,1,4.565452009354813
302308,0,7,0,0.038513125544468715
302335,1,7,1,21.23132402345345
302337,0,7,0,0.012539098368467252
302363,0,7,0,0.030051460554069452
302366,1,7,6,22.38611579316597
302369,1,7,1,17.777068648397208
302377,1,7,8,8.538203758293088
302386,1,7,7,4.621885611830586
302397,1,7,4,0.3586790108976326
302399,1,7,9,16.39343366819918
302402,1,7,1,17.12482133765007
302403,1,7,4,0.3586790108976326
302406,1,7,8,7.0453148469888465
302419,1,7,9,24.661038388365633
302438,1,7,7,1.0172807609662042
302442,1,7,5,0.3586789934097332
302460,1,7,8,27.198318876054458
302493,1,7,9,24.707595262987425
302520,1,7,8,24.65128861830384
302530,1,7,6,18.080430849170142
302539,1,7,5,0.3586789934097332
302547,1,7,9,10.198251342488401
302558,1,7,4,0.3586790108976326
302560,1,7,5,0.3586789934097332
302571,1,7,6,9.132475825676408
302583,1,7,3,1.9801681608453297
302587,1,7,2,10.862895696054618
302590,1,7,3,2.405258558328513
302612,1,7,9,26.174008160115285
302620,1,7,5,0.3586789934097332
302628,1,7,10,13.508615049192125
302629,1,7,10,19.9619364133753
302660,0,7,0,0.013274904050369607
302664,1,7,5,0.3586789934097332
302676,1,7,6,12.426870886697118
302681,1,7,9,23.607589863937473
302713,1,7,1,12.537996498233753
302717,1,7,7,4.318760065402288
302726,1,7,2,13.81394422847594
302729,1,7,4,0.3586790108976326
302730,1,7,6,17.21668844611753
302736,1,7,7,1.3254246120206707
302737,1,7,10,19.9689604689494
302742,1,7,8,16.644892264356077
302764,0,7,0,0.019960905044017492
302780,1,7,6,9.403768080786376
302793,1,7,9,16.572277470868507
302806,0,7,0,0.3592987332859103
302810,1,7,10,15.801763869830298
302820,1,7,6,20.18248918286785
302825,1,7,7,3.731872448524227
302836,1,7,10,6.795667074247994
302843,1,7,8,23.24100781509204
302848,1,7,1,16.776654761770775
302858,1,7,5,0.3586789934097332
302875,1,7,5,0.3586789934097332
302876,1,7,9,25.455840903117824
302880,1,7,3,2.079557384155872
302882,1,7,6,17.979707350564844
302893,1,7,8,12.376462569405719
302919,1,7,9,17.095893549657223
302935,1,7,4,0.3586790108976326
302940,1,7,9,17.096293980776057
302970,1,7,4,0.3586790108976326
302993,1,7,8,8.500315235124472
303002,1,7,8,26.768463050023037
303004,1,7,5,0.3586789949470627
303012,1,7,8,26.770660932140455
303021,1,7,9,19.408905145802944
303061,1,7,8,23.38453366629119
303062,1,7,6,22.585526526369385
303085,1,7,2,10.060041687422245
303087,1,7,6,18.58592500504847
303089,1,7,5,0.3586789934097332
303111,1,7,4,0.3586790108976326
303118,1,7,8,21.597858784489095
303119,0,7,0,0.03254746106002522
303127,1,7,6,9.411210475943578
303133,1,7,5,0.3586789934097332
303140,1,7,9,14.659267713584477
303145,1,7,6,17.66652530872517
303152,1,7,6,22.112402933878172
303178,0,7,0,0.01593390742013545
303202,1,7,8,24.911402025348906
303208,1,7,5,0.3586789934097332
303209,1,7,8,12.202739552599356
303215,1,7,8,3.305522183038425
303244,1,7,6,4.416516690666486
303249,1,7,4,0.3586790108976326
303254,1,7,5,0.3586789934097332
303259,1,7,9,24.861396566750653
303271,1,7,4,0.3586790108976326
303295,1,7,5,0.3586789934097332
303296,1,7,4,0.3586790108976326
303303,1,7,3,2.2941913077932394
303322,1,7,6,19.1408937372927
303335,1,7,2,4.397951879063282
303347,1,7,5,0.3586789934097332
303348,1,7,8,19.72571854836527
303364,1,7,1,5.803973553034531
303378,1,7,7,0.6867819342045212
303389,1,7,9,25.056925813443723
303396,1,7,6,19.681883901950066
303418,1,7,4,0.3586790108976326
303421,0,7,0,0.026895926550353378
303447,0,7,0,0.022266302346507724
303451,1,7,8,4.8776973262085646
303461,1,7,10,9.758228657672573
303467,0,7,0,0.018331350619712992
303527,1,7,10,12.026857041625608
303574,1,7,8,14.28949441865149
303596,1,7,1,6.256526322697958
303619,1,7,4,0.3586790108976326
303622,1,7,5,0.3586789934097332
303628,1,7,9,2.1466059429700928
303631,0,7,0,0.024371798718291544
303652,1,7,8,28.48557506859982
303653,1,7,9,20.66262826360069
303668,1,7,5,0.3586789934097332
303682,1,7,6,12.234517864415107
303690,1,7,5,0.3586789934097332
303691,1,7,9,14.478600276566654
303706,1,7,5,0.3586789934097332
303713,1,7,10,3.698764905909838
303718,1,7,9,21.8517009070645
303736,1,7,8,19.674858670734803
303740,1,7,5,0.3586789934097332
303743,1,7,5,0.3586789934097332
303748,1,7,2,11.177851987874504
303750,1,7,9,22.363187142076473
303770,1,7,10,14.936064649276892
303772,1,7,6,13.785733226472422
303778,1,7,6,10.222829544594713
303782,1,7,8,12.735981986384427
303795,1,7,5,0.3586789934097332
303814,1,7,9,12.151227363934714
303816,1,7,5,0.3586789934097332
303818,1,7,7,1.6687857145619867
303830,1,7,1,13.161459689462689
303849,1,7,8,6.186152785725134
303850,1,7,8,3.7787308221398006
303862,1,7,6,13.65151329375257
303866,1,7,4,0.3586790108976326
303880,1,7,8,18.68469965558032
303903,1,7,6,14.979477646900191
303904,1,7,8,16.08936964254339
303937,1,7,3,2.4221406546049518
303942,1,7,6,22.728284907478976
303976,1,7,5,0.3586789934097332
304000,1,7,7,0.7225585694802604
304009,1,7,4,0.3586790108976326
304025,1,7,6,19.164394263049317
304026,1,7,4,0.3586790108976326
304046,1,7,5,0.3586789934097332
304050,1,7,4,0.3586790108976326
304053,1,7,10,6.7735099449515825
304070,1,7,9,26.11377801487145
304074,1,7,9,6.258008788187441
304076,1,7,8,27.264254103845765
304093,1,7,10,12.435251354581302
304107,1,7,1,6.269878922647533
304111,1,7,1,21.248440355902478
304123,1,7,9,25.489643417532438
304127,1,7,1,11.061038793485805
304149,1,7,1,7.399497922948239
304160,1,7,9,23.25092174297836
304166,1,7,1,23.024110980643407
304178,1,7,5,0.3586789934097332
304181,1,7,8,9.421487154123003
304182,1,7,9,17.250564024421532
304190,1,7,5,0.3586789934097332
304192,1,7,5,0.3586789934097332
304196,1,7,10,16.66667276619142
304197,1,7,1,18.120652065846805
304207,1,7,1,6.1399902791278
304212,1,7,7,4.465056757994975
304217,1,7,1,12.69353778956426
304251,1,7,6,6.331044964639611
304252,1,7,3,2.282598784764986
304256,1,7,3,2.173385066040018
304264,1,7,3,2.166171843180658
304280,1,7,7,3.947940027078495
304283,1,7,1,20.028222999754526
304287,1,7,4,0.3586790108976326
304299,1,7,6,6.5366167889754205
304302,1,7,4,0.3586790108976326
304307,1,7,4,0.3586790108976326
304309,1,7,1,6.314871100070435
304310,1,7,9,25.95513334379794
304346,1,7,8,2.8230789088204262
304351,1,7,6,16.220560825805492
304357,1,7,6,20.69300155523835
304366,1,7,1,6.37435721908838
304390,1,7,10,13.747816775393886
304393,1,7,6,14.129875235592698
304401,1,7,4,0.358679009087165
304463,1,7,8,25.12085910701197
304464,1,7,4,0.3586790108976326
304469,1,7,3,2.118969818184891
304472,1,7,9,15.275081119280951
304476,1,7,6,14.440628751258682
304483,1,7,6,20.60845799200937
304489,1,7,1,12.336516103291803
304495,1,7,7,2.6135202254353236
304500,1,7,10,13.251418299421605
304503,0,7,0,0.0145934477893272
304505,1,7,3,2.359878253079582
304521,1,7,2,10.991468820290612
304522,1,7,9,15.001718857150982
304535,1,7,8,24.073337998859493
304540,1,7,9,14.627782295043831
304545,1,7,6,9.545194257929547
304563,1,7,5,0.3586789934097332
304571,0,7,0,0.216815091757646
304578,1,7,10,10.846187348989897
304588,1,7,7,2.073329834908236
304593,1,7,9,9.479987722492627
304619,1,7,5,0.3586789934097332
304628,1,7,9,11.32898091292374
304633,1,7,4,0.3586790108976326
304655,1,7,4,0.3586790108976326
304658,1,7,10,17.088797082144037
304660,1,7,6,7.690124560289667
304668,1,7,7,4.089496836558899
304675,1,7,6,6.0733925727628355
304682,1,7,3,2.3577828724311276
304695,0,7,0,0.04503917722385261
304697,1,7,9,15.00593380423313
304698,1,7,4,0.3586790108976326
304721,1,7,8,12.038108089618934
304722,1,7,6,10.160682396185113
304741,1,7,8,18.901939583524012
304746,1,7,9,11.183153595239975
304748,1,7,4,0.3586790108976326
304761,1,7,9,24.77767344452468
304767,1,7,8,10.209224327158879
304773,1,7,6,5.091382726179765
304795,1,7,3,2.2993917079749546
304796,1,7,10,8.255349212884694
304805,1,7,10,18.322036367614526
304808,1,7,6,6.8333727623800105
304825,1,7,4,0.3586790108976326
304853,1,7,1,12.039889443783434
304868,1,7,9,16.7379892881589
304872,1,7,6,8.870454139202867
304904,1,7,8,16.594850035004914
304909,1,7,5,0.3586789934097332
304936,1,7,6,18.520056721018516
304939,1,7,9,10.109214817371763
304948,1,7,8,15.347897715945987
304951,0,7,0,0.035284540910345316
304956,1,7,3,2.3934517559212023
304959,1,7,10,20.455499832137413
304961,1,7,9,24.122981007438707
304973,1,7,7,2.2784606050440925
304991,0,7,0,0.026635855733756687
305008,1,7,9,7.338159628010496
305011,1,7,9,15.886160120396166
305022,1,7,5,0.3586789949470627
305027,1,7,3,2.2915742508700863
305032,0,7,0,0.051403216590782924
305036,1,7,8,8.656784454446653
305042,1,7,8,3.8544228938531266
305046,1,7,10,16.608951561548984
305049,1,7,8,9.131697963429168
305051,1,7,8,13.897261875681254
305055,1,7,7,3.895117919063424
305076,1,7,6,22.124651332478386
305079,1,7,1,12.64153278828587
305089,1,7,5,0.3586789934097332
305101,1,7,8,28.080336562151263
305114,1,7,1,15.147151513265053
305119,1,7,8,9.751103717725837
305120,1,7,8,18.516146516184342
305123,1,7,8,2.629806489416896
305145,1,7,2,11.866015343117548
305155,1,7,5,0.3586789934097332
305159,1,7,9,11.226752645996372
305175,1,7,9,26.338688300399998
305185,1,7,4,0.3586790108976326
305187,1,7,8,4.138515180679952
305193,1,7,7,1.6455906796398732
305204,1,7,9,22.73579583817269
305207,1,7,8,15.935377641540718
305215,1,7,6,23.00278586743887
305227,1,7,4,0.3586790108976326
305229,1,7,8,21.116037141323766
305256,1,7,9,24.749612198647736
305265,1,7,9,12.479014083740902
305280,1,7,10,12.513642357832719
305296,1,7,9,25.30968691360735
305306,1,7,4,0.358679009087165
305309,1,7,5,0.3586789934097332
305310,1,7,2,1.913950918238047
305332,1,7,6,13.791687072170536
305343,1,7,8,17.79157381265528
305345,1,7,1,19.84208980980545
305359,1,7,8,8.49918005599539
305360,1,7,7,3.3999645661203
305363,1,7,8,13.558559554358661
305366,1,7,4,0.3586790108976326
305379,1,7,9,12.874470666102383
305381,1,7,5,0.3586789934097332
305382,1,7,8,22.058698443673062
305390,1,7,4,0.3586790108976326
305392,1,7,8,4.95928932797459
305404,1,7,1,22.788978454736963
305418,1,7,4,0.3586790108976326
305435,1,7,4,0.3586790108976326
305444,1,7,9,14.57214172489537
305457,1,7,8,13.382282735923754
305460,1,7,5,0.3586789934097332
305472,1,7,9,22.913888447070903
305475,1,7,10,15.410785217789712
305487,1,7,6,19.260523905140676
305494,1,7,9,22.91070201064981
305499,1,7,4,0.3586790108976326
305500,1,7,10,20.864574259724417
305512,1,7,10,12.400852326342864
305524,1,7,9,22.069274004671087
305525,1,7,8,17.703403950202716
305528,1,7,8,15.333861633592779
305531,1,7,1,16.75511032897142
305532,1,7,10,4.568086135944945
305557,1,7,9,4.989021704757093
305566,1,7,8,9.517751555879766
305574,1,7,7,2.085196128039477
305577,1,7,8,19.36702312769296
305579,1,7,5,0.3586789934097332
305580,1,7,8,11.480408499177825
305585,1,7,9,15.490904751850286
305596,0,7,0,0.014000420240959783
305606,1,7,5,0.3586789934097332
305607,1,7,8,25.753187224490667
305618,1,7,2,5.062589638255655
305626,1,7,9,10.809454289870416
305629,1,7,8,4.447038136041776
305631,1,7,3,2.328685182809099
305637,1,7,6,12.641519727759375
305651,1,7,8,16.55972810786457
305662,1,7,7,0.9965696288670037
305664,1,7,6,23.731001400623697
305668,1,7,8,19.737243096105583
305685,1,7,5,0.3586789934097332
305730,1,7,8,12.500222731959353
305747,1,7,10,20.513442088974227
305759,1,7,10,9.462040527440049
305767,1,7,9,15.12658419714427
305783,0,7,0,0.017500556910729125
305794,1,7,9,14.265524483033106
305796,1,7,10,19.380734593441495
305798,1,7,5,0.3586789934097332
305802,0,7,0,0.032229735365828384
305803,1,7,10,20.0635165752335
305812,0,7,0,0.01743059757128867
305813,1,7,4,0.358679009087165
305822,1,7,6,12.604735342383492
305835,1,7,5,0.3586789934097332
305841,1,7,5,0.3586789934097332
305845,1,7,6,23.167574048087207
305856,1,7,10,13.103749931398847
305858,1,7,3,2.336995252425061
305870,1,7,6,12.836718438672852
305875,1,7,6,13.128425888659088
305876,1,7,10,7.80172548033491
305889,1,7,5,0.3586789934097332
305891,1,7,6,5.5486380313981
305903,1,7,6,16.30815367447486
305912,1,7,8,28.18711798095445
305920,1,7,9,24.094867455730792
305921,1,7,1,18.073025619197182
305928,1,7,9,23.748634239773114
305932,1,7,5,0.3586789934097332
305936,1,7,9,26.348495369380775
305942,1,7,6,19.18246566798842
305955,1,7,9,19.92913379044931
305969,1,7,6,23.068482230581054
305978,1,7,7,1.7949355103884899
306010,1,7,6,20.130767124939343
306012,1,7,6,13.390825628155053
306014,1,7,7,4.347642505624441
306019,1,7,4,0.3586790108976326
306020,1,7,8,5.969493931263988
306021,1,7,4,0.3586790108976326
306036,1,7,6,12.125221146470365
306044,1,7,8,28.52866877833531
306045,1,7,8,23.09675451588105
306069,1,7,9,6.942454634907998
306086,1,7,3,2.3573165853118456
306096,1,7,6,7.307752195049701
306116,1,7,2,11.08157419366583
306130,1,7,10,12.435117042367503
306145,1,7,9,19.4051605841911
306153,1,7,6,16.514393581731813
306155,1,7,8,20.382782842388863
306156,1,7,6,11.773664905842514
306166,1,7,9,19.603864916290696
306167,1,7,5,0.3586789934097332
306176,1,7,9,15.75256287836786
306181,1,7,8,11.248746143856051
306193,1,7,9,14.729739927449351
306215,1,7,9,21.104997159638803
306223,1,7,6,23.95332013179647
306224,1,7,8,9.148856293939156
306234,1,7,8,15.620717089644163
306240,0,7,0,0.18465410909959734
306250,1,7,4,0.3586790108976326
306253,1,7,10,19.563176469796858
306274,1,7,7,4.544196024481171
306278,1,7,8,19.003839149904334
306280,1,7,6,23.62199440325399
306289,1,7,4,0.3586790108976326
306309,1,7,6,5.188859930154597
306311,1,7,1,16.711220834166365
306314,1,7,10,21.23647680953258
306326,1,7,1,21.086125161262892
306345,1,7,5,0.3586789934097332
306346,1,7,7,3.785344426612133
306371,1,7,7,1.8807869421938679
306381,1,7,9,7.5203253305877915
306398,1,7,9,5.095936111269888
306409,1,7,6,23.89942978500947
306420,1,7,10,10.562041207157678
306432,1,7,2,9.005817443629347
306438,1,7,10,19.17952072762414
306442,0,7,0,0.02507996584140736
306459,1,7,4,0.3586790108976326
306470,1,7,6,23.967735611573193
306477,1,7,4,0.3586790108976326
306484,1,7,9,11.71533742286632
306490,1,7,8,27.385605206694482
306491,1,7,4,0.3586790108976326
306501,1,7,6,20.17085748933918
306511,1,7,8,15.105838859524638
306523,1,7,6,7.081434789220096
306529,1,7,6,5.584792692765063
306531,1,7,9,10.21793861633069
306533,0,7,0,0.03437483601815071
306536,1,7,10,5.404360497664288
306567,1,7,4,0.3586790108976326
306568,0,7,0,0.17279340462377013
306572,1,7,8,21.855413796570325
306586,1,7,9,14.721190924978721
306590,1,7,9,25.29435025673319
306601,1,7,5,0.3586789934097332
306604,1,7,9,21.730055220883234
306620,1,7,3,2.0130845834191398
306625,1,7,2,7.34675519772991
306632,1,7,1,9.503491239119251
306644,1,7,1,12.44881863573681
306649,0,7,0,0.028081534533659847
306655,1,7,10,9.305678032347085
306674,1,7,8,4.603218419492717
306679,1,7,2,6.803540039157966
306691,1,7,4,0.3586790108976326
306694,1,7,9,19.269096432010894
306695,1,7,5,0.3586789934097332
306700,1,7,8,27.67491856883384
306704,1,7,5,0.3586789934097332
306705,1,7,9,23.967381940934924
306730,1,7,9,20.836528713356742
306756,1,7,7,2.177502992410742
306769,1,7,10,5.089766400422548
306776,1,7,7,4.091160617074525
306780,1,7,2,13.333853714016318
306781,1,7,4,0.3586790108976326
306798,1,7,10,21.161134068745163
306799,1,7,9,14.599889781840591
306811,1,7,1,18.15996989648155
306814,1,7,10,6.339797554181031
306817,1,7,8,14.911737333943178
306821,1,7,7,2.443446639475599
306838,1,7,9,2.6544060788550903
306848,1,7,2,12.959151688802853
306851,1,7,10,7.553460492137723
306859,1,7,9,9.552047635171114
306860,1,7,10,19.17412276952202
306890,1,7,10,19.27306864211933
306910,1,7,1,13.331080718478331
306920,1,7,4,0.3586790108976326
306941,1,7,4,0.3586790108976326
306947,1,7,4,0.3586790108976326
306977,1,7,10,21.204996256270295
307007,1,7,5,0.3586789949470627
307008,1,7,9,14.952787738980273
307034,1,7,9,18.45048117754128
307038,1,7,5,0.3586789934097332
307066,0,7,0,0.027623819999501097
307084,0,7,0,0.033329560372009875
307086,1,7,8,22.36455546931462
307092,1,7,6,23.111356444475536
307110,1,7,10,12.310238813187915
307111,1,7,7,2.362823531442486
307128,1,7,8,14.54309527225523
307158,1,7,8,20.39997306977533
307169,1,7,5,0.3586789934097332
307182,1,7,2,9.358418166612147
307188,1,7,4,0.3586790108976326
307207,1,7,9,12.869142570891096
307213,1,7,8,15.678051549736173
307224,1,7,9,11.012888479427449
307243,1,7,7,2.8256807590477866
307247,1,7,5,0.3586789934097332
307269,1,7,4,0.3586790108976326
307275,1,7,3,1.9490410926859347
307281,1,7,4,0.3586790108976326
307309,1,7,10,16.69659362119865
307326,1,7,4,0.3586790108976326
307335,1,7,8,24.606879674089765
307348,1,7,5,0.3586789934097332
307349,1,7,8,17.687518954310093
307350,1,7,10,19.178936641875115
307355,1,7,6,6.603609077819341
307360,1,7,8,10.715138549613995
307369,1,7,10,4.86296761453641
307378,1,7,9,19.95827868269152
307400,1,7,9,18.64340745373346
307414,0,7,0,0.03108361328767598
307423,1,7,1,17.39331415738442
307431,1,7,6,12.37305946653687
307433,1,7,8,25.739009943380758
307437,1,7,6,14.632563523366986
307438,1,7,9,15.20588968630239
307453,1,7,5,0.3586789934097332
307458,1,7,2,7.675623669074757
307469,0,7,0,0.025463343456329408
307476,1,7,6,23.858989558037184
307521,1,7,4,0.3586790108976326
307523,1,7,4,0.3586790108976326
307524,1,7,5,0.3586789934097332
307561,1,7,5,0.3586789934097332
307571,1,7,8,12.63287893714339
307578,1,7,9,10.543070985229635
307596,1,7,9,25.605903126636193
307597,1,7,8,24.00901485247002
307602,1,7,9,17.101763991882965
307617,1,7,4,0.3586790108976326
307630,1,7,10,20.038997661416477
307634,1,7,6,14.608526757259696
307645,1,7,9,25.026207586827002
307651,1,7,6,10.755788130479274
307660,1,7,6,14.919738947806847
307668,1,7,4,0.3586790108976326
307675,1,7,5,0.3586789934097332
307681,1,7,8,22.51340003239349
307706,1,7,10,3.435516239456697
307713,1,7,7,1.1861953783854362
307725,1,7,5,0.3586789949470627
307733,1,7,8,14.296677673887887
307735,1,7,9,15.816498690631171
307743,1,7,4,0.3586790108976326
307758,0,7,0,0.01760494012613457
307762,1,7,1,15.079127479948024
307767,1,7,9,18.09162634611089
307780,1,7,1,20.59494529578029
307797,1,7,9,21.774487141317
307807,1,7,10,14.971133379694995
307817,1,7,7,0.6076082018513811
307831,1,7,9,20.258286369565862
307857,1,7,9,8.54972982511107
307858,1,7,9,26.070881999313436
307883,0,7,0,0.016354527208107945
307902,1,7,4,0.3586790108976326
307907,1,7,7,2.2874874069178284
307930,1,7,9,24.748338340003123
307943,1,7,10,3.5303643566227834
307962,1,7,8,15.763069434653417
307978,1,7,5,0.3586789934097332
307979,1,7,8,3.3412718027329946
307982,1,7,9,16.618740431265227
307983,1,7,8,12.973137813791968
307987,1,7,10,11.747295536069812
307991,1,7,5,0.3586789934097332
307992,1,7,6,10.754363311787825
308013,1,7,5,0.3586789934097332
308034,1,7,10,20.119536503394357
308038,1,7,1,9.379819289918244
308039,1,7,9,23.424062342909977
308050,1,7,3,2.3874488768542568
308064,1,7,6,21.84231864653995
308083,1,7,8,16.69923908835264
308104,0,7,0,0.029223551829187695
308108,1,7,8,4.800029864628427
308109,1,7,2,11.649361108510995
308116,1,7,8,10.76735500470214
308138,1,7,6,14.754891065039017
308149,1,7,6,18.83604400591211
308159,1,7,9,10.55510206477746
308161,1,7,5,0.3586789934097332
308163,1,7,5,0.3586789934097332
308183,1,7,5,0.3586789934097332
308188,1,7,4,0.3586790108976326
308200,0,7,0,0.017869492197984897
308201,1,7,9,24.33156523716009
308203,1,7,9,5.858493656787948
308204,1,7,6,7.765078786040406
308213,1,7,8,4.523755386507951
308218,1,7,1,13.700917309699578
308222,1,7,7,1.1362889876003266
308224,1,7,8,15.039589321919237
308227,1,7,9,25.693664224113324
308229,1,7,4,0.3586790108976326
308240,1,7,9,21.25709809905902
308251,1,7,1,16.118215807375666
308264,1,7,8,7.559532170769323
308278,1,7,6,6.167284072183321
308300,1,7,9,11.703978428653192
308305,1,7,5,0.3586789934097332
308311,1,7,8,19.36835186327596
308324,1,7,8,20.119545320717048
308334,1,7,5,0.3586789949470627
308358,1,7,4,0.358679009087165
308364,1,7,2,3.197658125023059
308366,1,7,4,0.3586790108976326
308379,1,7,9,15.438743483013491
308385,1,7,8,6.9331387459869305
308403,1,7,9,25.62132211823093
308430,0,7,0,0.011359399582316573
308434,1,7,6,13.775364156487218
308444,1,7,8,10.49374424182339
308447,1,7,5,0.3586789934097332
308452,1,7,5,0.3586789934097332
308463,1,7,5,0.3586789934097332
308469,1,7,6,6.393215888294151
308475,1,7,7,4.609271577711026
308484,0,7,0,0.01818128322831428
308501,1,7,6,21.598496809521837
308509,1,7,3,2.353035975722551
308515,1,7,4,0.3586790108976326
308516,0,7,0,0.2676185656209359
308536,1,7,3,0.8365295463330987
308540,1,7,9,25.218663889344167
308556,1,7,4,0.3586790108976326
308568,1,7,5,0.3586789934097332
308600,0,7,0,0.01468319278824609
308612,1,7,1,8.511190349111383
308624,0,7,0,0.01709463580031848
308637,0,7,0,0.017892592228360534
308643,1,7,10,7.782878499616051
308645,1,7,10,17.3670075330122
308654,1,7,10,11.278026818231387
308661,1,7,1,12.551416617012961
308666,1,7,10,17.841193767192145
308673,1,7,3,2.302335857406436
308684,1,7,8,16.828056831732734
308704,1,7,9,10.488640574835292
308707,0,7,0,0.01695749687503704
308713,1,7,8,27.89996752911189
308729,1,7,9,9.782096961507037
308730,1,7,1,11.749420777875702
308751,1,7,6,16.57094473192995
308757,1,7,5,0.3586789934097332
308775,1,7,9,22.01154752790095
308778,1,7,7,2.1415430870529426
308783,1,7,6,21.25237353536636
308797,1,7,8,24.814240773711308
308816,1,7,6,9.966595426938596
308831,1,7,4,0.3586790108976326
308836,1,7,9,24.810124316617145
308850,1,7,4,0.3586790108976326
308854,1,7,6,11.470167864512035
308855,1,7,2,4.861088438904613
308859,1,7,8,7.152288679136764
308870,1,7,5,0.3586789934097332
308880,0,7,0,0.3566953994514967
308890,1,7,4,0.3586790108976326
308891,1,7,9,11.601412328718942
308892,1,7,8,18.894676899042015
308895,1,7,5,0.3586789934097332
308903,1,7,4,0.3586790108976326
308918,1,7,8,18.492916633503647
308940,1,7,8,23.979302795493542
308955,1,7,7,2.355424863941364
308985,1,7,8,17.322035131962547
308995,1,7,8,12.030091714194874
309002,1,7,10,11.727804968249867
309006,1,7,8,23.005079191694573
309008,1,7,4,0.3586790108976326
309024,1,7,9,9.871701244213424
309033,1,7,4,0.3586790108976326
309037,1,7,4,0.3586790108976326
309039,1,7,4,0.3586790108976326
309042,1,7,10,19.20650312267836
309044,1,7,1,14.148134683698647
309049,1,7,9,4.135972135241462
309050,1,7,8,20.608879667583363
309052,1,7,5,0.3586789934097332
309058,1,7,9,10.877395914294034
309083,1,7,9,12.481116857695621
309091,1,7,6,10.619667135185862
309094,1,7,5,0.3586789934097332
309106,1,7,10,15.885083888340638
309109,1,7,8,21.024501468727852
309115,1,7,9,26.21216963571526
309129,1,7,8,12.166713952139277
309131,1,7,6,21.293804822900842
309145,1,7,9,9.566392132713542
309170,1,7,8,6.493300803872526
309185,1,7,9,20.6034386211171
309188,1,7,8,24.182568431671818
309189,1,7,5,0.3586789934097332
309218,1,7,10,8.451328050500754
309259,1,7,5,0.3586789934097332
309260,1,7,5,0.3586789934097332
309261,1,7,5,0.3586789934097332
309263,1,7,5,0.3586789934097332
309272,1,7,2,11.122533001532556
309276,1,7,10,3.706596225396455
309280,1,7,1,21.95187342985801
309288,1,7,10,21.28161005919348
309349,1,7,4,0.3586790108976326
309368,1,7,5,0.3586789934097332
309373,1,7,9,11.419526071276774
309375,1,7,10,20.85078727475276
309379,1,7,8,13.130599971485882
309395,1,7,6,16.94778156244754
309400,1,7,9,23.95986568736982
309403,1,7,5,0.3586789934097332
309412,1,7,4,0.3586790108976326
309414,1,7,10,9.214980441614367
309415,1,7,9,17.777634468119945
309429,1,7,9,26.37770455685951
309436,1,7,9,12.455252947189878
309438,1,7,8,26.770096045069703
309473,1,7,7,1.6247754231087284
309489,1,7,9,14.36293868260791
309494,1,7,4,0.3586790108976326
309495,1,7,8,27.39200107081931
309501,1,7,8,4.1000515294899404
309510,1,7,2,13.918697366798877
309514,1,7,8,18.05749694107859
309528,1,7,8,7.015912059905233
309542,1,7,7,4.559021639695907
309551,1,7,6,23.259759567758284
309557,1,7,1,9.991184824008009
309566,1,7,8,3.633481673620342
309574,1,7,6,22.743119189048844
309575,1,7,5,0.3586789934097332
309591,0,7,0,0.015563427982360002
309592,1,7,6,7.279335629336299
309593,1,7,7,2.4987110865219444
309601,1,7,6,6.32591530397607
309602,1,7,10,13.357469216466006
309608,1,7,3,2.1045038892821424
309613,1,7,3,1.1833880323690635
309617,1,7,10,12.383084518739519
309618,1,7,9,15.57440249013195
309626,1,7,3,2.361472484986343
309646,1,7,9,20.076300084164128
309653,1,7,4,0.3586790108976326
309654,1,7,4,0.3586790108976326
309659,1,7,8,12.728260781797523
309664,1,7,8,27.965276701716807
309665,1,7,10,20.417501034526904
309701,1,7,1,13.006704742406809
309748,1,7,1,22.038563414246333
309751,1,7,5,0.3586789934097332
309757,1,7,9,26.374418431159384
309785,1,7,6,22.308798787618237
309805,1,7,8,8.10535104157198
309816,1,7,5,0.3586789934097332
309818,1,7,4,0.3586790108976326
309826,1,7,5,0.3586789934097332
309827,1,7,1,10.802294582754197
309828,1,7,8,15.288905690633014
309838,1,7,1,18.967463624483223
309887,1,7,5,0.3586789934097332
309918,1,7,1,22.795724547967957
309922,1,7,8,22.27471921287555
309930,1,7,2,2.901254753634283
309931,1,7,8,16.08866653536624
309937,1,7,8,14.67568255554401
309969,1,7,10,7.911307703361599
309977,1,7,9,2.9465038808443005
309983,1,7,9,25.905432322694057
309995,1,7,1,20.4222679153185
309999,1,7,9,16.887117213677282
310008,1,7,4,0.3586790108976326
310016,1,7,4,0.3586790108976326
310032,1,7,4,0.3586790108976326
310036,1,7,9,8.276478583250736
310043,1,7,4,0.3586790108976326
310055,1,7,9,9.353504289175211
310071,1,7,10,3.7165381499773726
310081,1,7,8,26.48998825052639
310082,1,7,9,22.815374193538123
310083,1,7,4,0.3586790108976326
310086,0,7,0,0.24847755693166376
310087,1,7,8,12.228815483268008
310109,1,7,9,24.580719926659558
310113,1,7,8,15.618077348247363
310124,1,7,8,27.371257196384907
310132,1,7,5,0.3586789934097332
310139,1,7,8,22.85900638600183
310150,1,7,5,0.3586789934097332
310153,1,7,2,6.928995864841577
310155,1,7,6,22.214439301992225
310158,1,7,1,5.391540154164812
310159,1,7,5,0.3586789934097332
310161,1,7,8,14.464256184454614
310165,1,7,8,17.772941257250956
310182,1,7,9,7.395551424497806
310188,1,7,10,20.78363573012031
310189,1,7,5,0.3586789949470627
310205,1,7,5,0.3586789934097332
310237,1,7,9,26.291949024803117
310242,1,7,6,23.601185866996396
310271,1,7,6,15.479089142695184
310272,1,7,6,15.194990487831449
310285,1,7,5,0.3586789934097332
310289,1,7,6,18.47425180011212
310292,1,7,2,12.2128388336007
310298,1,7,4,0.3586790108976326
310303,1,7,1,12.12220149021294
310314,0,7,0,0.016868312512860938
310351,1,7,5,0.3586789934097332
310355,1,7,6,11.334434592455807
310361,1,7,6,13.875961043120698
310368,1,7,10,14.51507966508856
310399,0,7,0,0.01621889618420903
310400,1,7,8,13.658087701382971
310405,1,7,9,26.468083018780153
310422,1,7,10,11.963723266965921
310426,1,7,6,23.6384297562014
310437,1,7,9,11.163877436846533
310449,1,7,10,10.068731911047369
310461,1,7,9,25.148760040776597
310467,1,7,6,23.083823345607968
310486,1,7,8,6.28817189970504
310508,0,7,0,0.027357982548467944
310516,1,7,4,0.3586790108976326
310536,1,7,3,1.2745934955420661
310538,1,7,5,0.3586789934097332
310581,1,7,9,20.469072086498688
310582,1,7,3,2.458475356627949
310589,1,7,2,10.483386229054588
310606,1,7,9,22.50875914206137
310613,1,7,6,17.921730950743115
310614,1,7,4,0.3586790108976326
310616,1,7,8,11.672275369952708
310673,1,7,1,8.612628910778906
310689,1,7,1,22.04957088186482
310698,0,7,0,0.0309366401257044
310702,1,7,4,0.3586790108976326
310717,1,7,6,14.421244445726586
310719,1,7,3,1.9709104292947186
310723,1,7,9,12.470778544407498
310746,1,7,1,10.602890720598088
310758,1,7,7,2.4397140815432223
310763,1,7,10,21.138291776515267
310772,1,7,5,0.3586789934097332
310784,1,7,1,21.820626660185887
310795,1,7,8,13.89035807069196
310802,1,7,9,8.075563262840948
310851,1,7,7,3.5381390011319196
310854,1,7,9,14.48609115703369
310878,1,7,8,15.781845158935193
310880,1,7,8,10.013126026231843
310884,1,7,8,18.47299947052845
310887,1,7,9,21.164012104764424
310889,1,7,4,0.3586790108976326
310891,1,7,9,6.732319206618281
310908,1,7,9,25.786618046658653
310910,1,7,5,0.3586789934097332
310922,1,7,5,0.3586789934097332
310925,0,7,0,0.21228644057340595
310927,1,7,5,0.3586789949470627
310944,1,7,1,21.343608327828857
310957,1,7,6,7.5477680699885354
310960,1,7,2,7.249947571005135
310986,1,7,8,21.366154933442907
310997,1,7,9,25.45226126635289
311003,1,7,9,10.82170293769561
311011,1,7,5,0.3586789934097332
311030,1,7,9,13.3817451841104
311064,1,7,6,13.540054687416603
311066,1,7,7,2.6363708478073105
311082,1,7,8,24.796548241535458
311085,1,7,1,19.728620451899218
311102,1,7,6,11.840514663673625
311111,1,7,10,20.009281969473783
311126,1,7,3,1.3677962570777265
311135,1,7,1,7.2003193941692185
311140,1,7,6,23.270531043395614
311145,1,7,6,13.995800009347109
311149,1,7,4,0.3586790108976326
311178,1,7,9,8.279309398557547
311180,1,7,10,5.180697048828694
311189,1,7,1,19.168865157556333
311194,0,7,0,0.029365312309441057
311195,1,7,7,2.5094902042334937
311210,1,7,1,17.201629870931235
311213,1,7,6,15.27584988265363
311215,1,7,9,10.108454712658192
311226,1,7,9,15.9809511882741
311240,1,7,10,18.970223221395464
311242,1,7,6,11.629971860410794
311247,1,7,1,13.68232634374046
311248,1,7,6,20.013658390558714
311254,1,7,8,25.56309477758229
311266,1,7,6,23.11588266333071
311274,1,7,5,0.3586789934097332
311285,1,7,10,7.071789204437719
311289,1,7,4,0.3586790108976326
311290,1,7,4,0.3586790108976326
311297,1,7,2,10.03949243401427
311298,1,7,5,0.3586789934097332
311301,1,7,9,16.72553663849263
311304,1,7,1,23.222849225835013
311323,1,7,5,0.3586789934097332
311326,1,7,10,15.810044617921955
311333,1,7,9,25.640453536566078
311334,0,7,0,0.030601171042646525
311354,1,7,4,0.3586790108976326
311369,1,7,8,4.0342055295328185
311384,1,7,3,1.9007976630813503
311403,1,7,10,15.40995028505199
311413,1,7,6,10.206049279020792
311420,1,7,3,2.3996277333101115
311423,1,7,9,12.410964188656582
311454,1,7,9,15.916752284238289
311477,1,7,8,28.426385418351952
311490,1,7,6,12.183727188171417
311491,1,7,3,2.350049122336775
311513,1,7,6,19.62589949162482
311516,1,7,3,2.2977049433468464
311528,1,7,9,8.818115107792755
311547,1,7,5,0.3586789934097332
311554,1,7,6,13.529586644971515
311565,1,7,8,7.866018281168801
311570,1,7,9,14.276337021981698
311578,0,7,0,0.014038280988910414
311590,1,7,10,18.9045613610532
311624,1,7,8,15.344230381214784
311647,1,7,4,0.3586790108976326
311659,1,7,6,21.742646525295896
311663,1,7,8,10.977801107365222
311665,1,7,9,15.241209815390915
311671,1,7,7,1.5822146081490192
311673,1,7,9,24.121934835455423
311683,1,7,6,23.74682481282472
311692,1,7,8,14.661835579299387
311699,1,7,9,11.523649594598007
311715,1,7,9,25.463594709420473
311727,1,7,10,7.618324278702271
311733,1,7,10,21.240624155950186
311743,0,7,0,0.01673150835212464
311747,1,7,4,0.3586790108976326
311776,1,7,5,0.3586789934097332
311777,1,7,6,23.632264864724533
311779,1,7,6,13.884809407891227
311783,1,7,2,12.612174660634526
311797,1,7,6,10.08854384040919
311805,1,7,10,18.71981000732012
311809,1,7,9,25.306110998095896
311813,1,7,1,15.264351021643899
311818,1,7,6,22.627273319314178
311836,1,7,3,2.195776778252898
311846,1,7,5,0.3586789934097332
311851,1,7,8,24.841330588760172
311865,1,7,4,0.3586790108976326
311889,1,7,8,12.222041566003902
311899,1,7,9,6.41721346887723
311902,1,7,4,0.358679009087165
311904,1,7,1,18.186583031652923
311912,1,7,8,17.38542449085318
311918,1,7,4,0.3586790108976326
311926,1,7,5,0.3586789934097332
311941,1,7,7,3.4423399615571997
311948,1,7,4,0.3586790108976326
311969,1,7,10,14.66301888528031
311970,1,7,6,9.739055631544044
311977,1,7,6,23.87791807582579
312048,1,7,8,22.68724970630563
312053,1,7,5,0.3586789934097332
312068,1,7,9,25.536347864504176
312094,1,7,1,18.371131427132266
312096,1,7,10,12.752033349752525
312103,1,7,5,0.3586789934097332
312107,1,7,2,9.67480693594187
312132,1,7,9,9.175335226365583
312150,1,7,6,8.875133867778477
312152,1,7,4,0.3586790108976326
312157,1,7,1,5.23668681808138
312164,1,7,5,0.3586789934097332
312184,1,7,4,0.3586790108976326
312187,1,7,9,10.560015460833633
312193,1,7,8,11.976845182213323
312209,0,7,0,0.016143842746641955
312216,1,7,10,4.695741593248795
312232,1,7,6,15.131991950042188
312252,1,7,1,12.358751463064877
312258,1,7,8,13.476121908010493
312261,1,7,1,13.9678490290233
312263,1,7,9,5.605812949273388
312277,1,7,1,19.391087811100565
312282,1,7,9,22.06178750940941
312290,1,7,8,20.86803383514806
312301,1,7,1,21.885922265542078
312304,1,7,2,3.3869722571780745
312309,1,7,4,0.3586790108976326
312330,1,7,1,7.462681475984474
312333,1,7,8,12.964384434263275
312340,1,7,5,0.3586789934097332
312344,1,7,9,15.062358603909791
312345,1,7,5,0.3586789934097332
312346,1,7,5,0.3586789934097332
312348,1,7,6,23.86767279293001
312360,1,7,10,13.622513038468506
312365,1,7,3,2.0159084626974266
312366,1,7,9,7.014281711907668
312381,1,7,6,23.091016641939724
312386,1,7,8,11.43946374994661
312418,1,7,6,23.187358528436615
312419,1,7,8,10.748037454190555
312435,1,7,6,17.568478832484786
312438,1,7,4,0.3586790108976326
312467,1,7,10,8.881175365887321
312471,1,7,10,5.099625158819357
312499,1,7,6,11.483253117073804
312501,1,7,8,26.28557430978551
312508,1,7,8,27.188961544440254
312513,1,7,5,0.3586789934097332
312515,1,7,5,0.3586789934097332
312523,0,7,0,0.027078013989207925
312526,1,7,5,0.3586789934097332
312539,1,7,8,12.752180560238628
312541,1,7,6,11.644910075497307
312542,1,7,6,14.917571523417896
312544,1,7,2,14.111856764246912
312556,1,7,1,19.772548848914145
312560,1,7,4,0.3586790108976326
312568,1,7,7,2.9181293047797934
312583,1,7,9,22.843038657464938
312584,1,7,8,17.995393966947216
312593,1,7,7,1.984929210916813
312600,1,7,5,0.3586789934097332
312615,1,7,8,15.77061889973323
312618,1,7,9,19.197610923500406
312621,1,7,9,26.282563082735344
312625,1,7,9,15.922814817272492
312633,1,7,8,24.76303354700848
312636,1,7,8,17.212351907380363
312638,1,7,5,0.3586789934097332
312639,1,7,5,0.3586789934097332
312649,1,7,4,0.3586790108976326
312666,1,7,4,0.3586790108976326
312675,1,7,6,12.264176096871038
312678,1,7,1,5.296756508792355
312679,1,7,10,18.019686874873575
312682,1,7,5,0.3586789934097332
312683,1,7,2,12.987426441469697
312696,1,7,3,2.376232304518351
312700,1,7,8,17.662701665085837
312711,1,7,8,24.085106189981914
312717,1,7,8,16.338672473108993
312728,1,7,1,13.42022253150977
312738,1,7,4,0.3586790108976326
312752,1,7,9,5.022379522740742
312753,1,7,9,24.422695738232097
312760,1,7,9,19.9647961544235
312778,1,7,10,18.790273999054584
312787,1,7,1,3.964352615720936
312790,1,7,8,13.34709630252881
312820,1,7,7,0.9771800063021576
312827,1,7,7,4.233605243057184
312831,0,7,0,0.19965887530638946
312833,1,7,10,20.000027615707513
312834,1,7,6,17.800457838142684
312844,1,7,1,18.736272030637007
312848,1,7,8,20.2780521459944
312857,1,7,10,9.017905821365458
312897,1,7,9,23.10247191054109
312899,1,7,3,2.3519621217280284
312929,1,7,5,0.3586789934097332
312930,1,7,9,24.071261324200762
312938,1,7,3,2.347284477051232
312939,1,7,9,16.823810501739302
312944,1,7,10,7.869285766877464
312955,1,7,6,23.073439679583807
312956,1,7,9,2.9007872641033745
312971,1,7,9,24.594717673245537
312981,1,7,8,24.768897757860948
312990,1,7,5,0.3586789934097332
313003,1,7,8,27.077606701988934
313027,1,7,2,4.941145234944129
313046,1,7,6,23.471117434275442
313053,1,7,8,18.941947380601757
313107,1,7,4,0.3586790108976326
313122,1,7,6,23.010195100868597
313140,1,7,8,21.28500603873484
313141,0,7,0,0.012781366121435463
313143,1,7,10,7.476833049975876
313160,1,7,9,8.333287279077421
313168,1,7,5,0.3586789934097332
313179,1,7,5,0.3586789934097332
313187,1,7,9,15.516280773915453
313206,1,7,1,15.435607129925254
313215,1,7,9,7.29736853851295
313223,1,7,5,0.3586789934097332
313241,1,7,6,11.051721237683806
313243,1,7,9,10.663043628191888
313244,1,7,5,0.3586789934097332
313260,1,7,6,21.4844063531314
313267,1,7,5,0.3586789934097332
313270,1,7,5,0.3586789934097332
313280,1,7,6,16.601241947526606
313299,1,7,1,4.5783390787736264
313342,1,7,4,0.3586790108976326
313363,0,7,0,0.02475128644210612
313385,1,7,8,18.178921990132636
313389,1,7,7,4.627851692555668
313400,1,7,7,2.1199687121894977
313403,1,7,6,7.192096875306797
313410,1,7,10,13.259547804228168
313412,1,7,10,7.1903946392550395
313425,1,7,5,0.3586789934097332
313446,1,7,10,8.465322595883947
313456,1,7,8,20.5429736650592
313461,1,7,9,22.672964617148384
313465,1,7,3,0.6468340127925426
313486,0,7,0,0.013549967552489953
313498,1,7,1,15.85185121088103
313507,0,7,0,0.02971576644901192
313521,1,7,8,18.54927798074107
313524,1,7,10,11.414758928840676
313527,1,7,1,12.81884505848315
313539,1,7,8,26.159521861991205
313541,1,7,5,0.3586789934097332
313548,1,7,4,0.3586790108976326
313552,1,7,10,5.110604825147552
313553,1,7,1,12.190911767305968
313556,1,7,6,4.076839184352212
313564,1,7,10,21.302811346942182
313566,1,7,9,15.045087487783176
313569,1,7,1,20.959492388652432
313575,1,7,4,0.3586790108976326
313578,1,7,10,19.21125207772445
313603,1,7,6,12.854858543215625
313610,1,7,8,4.35736129132128
313614,1,7,4,0.3586790108976326
313629,1,7,9,8.08300932645177
313658,1,7,6,11.946718792627017
313659,1,7,9,24.0813744743342
313669,1,7,8,12.286677525110049
313689,1,7,6,21.99292383724979
313698,1,7,9,6.02172542915219
313707,0,7,0,0.014633010523279958
313714,1,7,10,21.277359124246548
313717,1,7,6,22.750122284032187
313720,0,7,0,0.012360823903830802
313726,1,7,9,22.7492595719564
313727,1,7,9,25.705179660983426
313743,0,7,0,0.02309528704911298
313763,1,7,8,20.450817661238347
313776,1,7,9,22.55769528203871
313785,1,7,9,25.536139790699536
313792,1,7,4,0.3586790108976326
313797,1,7,2,7.073408619206981
313813,1,7,9,10.269194607471439
313824,1,7,4,0.3586790108976326
313833,1,7,5,0.3586789934097332
313834,1,7,9,25.648619278916478
313876,1,7,9,15.58107308942285
313877,1,7,4,0.3586790108976326
313887,1,7,9,6.025828495562577
313901,1,7,2,10.972900348961288
313902,1,7,9,19.53312550426583
313911,1,7,9,19.293033528506196
313929,1,7,6,8.337182104289804
313935,1,7,1,8.32462284942472
313957,1,7,6,8.95992434381018
313960,1,7,6,12.048616713746943
313969,1,7,3,1.7614620780130341
313975,1,7,5,0.3586789934097332
313992,1,7,8,26.403204725647864
314009,1,7,8,13.058686032444552
314021,1,7,9,16.48213037063548
314046,1,7,10,7.14654181262867
314076,1,7,6,14.030390667524662
314084,1,7,6,12.251198376692237
314097,1,7,1,7.571796840250924
314099,1,7,5,0.3586789934097332
314107,1,7,9,23.971118942625864
314109,1,7,9,15.287922743537754
314158,1,7,4,0.3586790108976326
314172,1,7,9,24.810088893886654
314200,1,7,6,14.630050562648947
314217,1,7,8,28.218788843836844
314238,1,7,10,9.930517146825538
314241,1,7,6,18.923851713360694
314254,1,7,6,11.838297108064108
314256,1,7,8,12.859222000109657
314262,1,7,4,0.3586790108976326
314265,1,7,6,7.8945874155043185
314269,1,7,6,17.838881379290846
314279,1,7,6,4.091224603898316
314283,1,7,8,9.281615307424952
314286,1,7,7,1.209978579320197
314296,1,7,4,0.3586790108976326
314302,1,7,8,23.64019179305338
314313,0,7,0,0.019917339014514358
314315,1,7,6,13.680265911933281
314328,1,7,5,0.3586789934097332
314331,1,7,10,11.777140526954701
314332,1,7,3,2.3964553834428557
314342,1,7,4,0.3586790108976326
314355,1,7,8,18.012838816215012
314373,1,7,5,0.3586789934097332
314401,1,7,6,4.375014321321581
314403,1,7,4,0.3586790108976326
314414,1,7,8,8.033656770991152
314426,1,7,8,21.562713174240322
314427,1,7,9,16.69380361303679
314441,1,7,1,12.393627454255363
314445,1,7,2,13.349495297752233
314457,1,7,9,7.003707480478127
314459,1,7,8,16.634840483818177
314474,1,7,4,0.358679009087165
314499,1,7,2,3.472204931699691
314502,1,7,5,0.3586789934097332
314504,1,7,9,7.660202355696559
314521,1,7,9,4.463730178659111
314536,1,7,4,0.3586790108976326
314551,1,7,1,12.250056935622432
314554,1,7,8,28.133542124726272
314557,1,7,9,22.433772273959008
314558,1,7,4,0.3586790108976326
314560,1,7,7,2.409772017214834
314572,1,7,8,21.930446714078325
314576,1,7,6,14.806651713742585
314582,1,7,9,13.392395760415852
314588,1,7,6,4.805445622407349
314614,1,7,4,0.3586790108976326
314629,1,7,8,8.951009902300287
314635,1,7,4,0.3586790108976326
314637,1,7,8,12.420931740653211
314650,1,7,4,0.3586790108976326
314651,1,7,7,2.539494391049374
314656,1,7,4,0.3586790108976326
314662,1,7,10,6.955704831259935
314665,1,7,10,12.41181522203917
314669,1,7,9,5.091342266320356
314675,1,7,8,24.449771216612827
314678,1,7,5,0.3586789934097332
314688,1,7,10,21.27506004790582
314695,1,7,3,1.8727256418956117
314698,1,7,2,4.927932686784436
314699,0,7,0,0.023714325108681208
314709,1,7,7,3.0216517180214364
314725,1,7,9,19.288477868636562
314742,1,7,9,13.013403161095708
314748,1,7,8,26.424169226696296
314756,1,7,8,7.602668417235435
314771,1,7,6,9.19991848014326
314791,1,7,3,0.9608046028803575
314802,1,7,4,0.3586790108976326
314803,0,7,0,0.016097943126826785
314806,1,7,6,7.649302241656659
314807,1,7,9,26.359312646087115
314813,1,7,9,19.07145221771482
314828,1,7,6,23.88472937345139
314846,1,7,4,0.3586790108976326
314857,1,7,5,0.3586789934097332
314858,1,7,5,0.3586789934097332
314859,1,7,9,13.433674684618042
314893,1,7,9,23.264669176713443
314913,1,7,5,0.3586789934097332
314914,1,7,10,6.223093245296737
314940,1,7,6,21.521139323732744
314954,1,7,6,16.974846800867013
314968,1,7,10,19.678913973148756
314980,1,7,10,4.505784068116174
314983,1,7,3,2.1615806517536162
314985,0,7,0,0.0127766958303966
314990,1,7,9,15.732046452332819
315007,1,7,6,23.157376153411803
315013,1,7,8,22.697442936595557
315014,1,7,4,0.3586790108976326
315034,1,7,4,0.3586790108976326
315037,1,7,1,15.471783734407454
315044,1,7,9,15.57845375704874
315053,1,7,9,3.4964877677330293
315069,1,7,9,12.992827957086531
315090,1,7,1,7.975913507043773
315145,1,7,6,23.602613710007997
315149,1,7,1,18.647537257690466
315159,1,7,9,22.15704160344567
315165,1,7,10,13.644048605713374
315186,1,7,6,5.026038706210541
315195,1,7,5,0.3586789934097332
315204,1,7,8,14.115546340560938
315209,1,7,5,0.3586789934097332
315211,1,7,1,18.083488050665498
315215,1,7,9,26.23699437997144
315217,1,7,9,24.168980573109476
315233,1,7,9,3.401285677870196
315252,1,7,9,10.43023011077301
315253,1,7,8,16.92600097672909
315260,1,7,3,1.018953601800082
315275,1,7,1,15.851029341681594
315276,1,7,4,0.3586790108976326
315291,1,7,2,4.570744431304108
315296,1,7,6,11.87161155041961
315302,1,7,6,21.320612806408576
315305,1,7,2,4.3328102350237945
315318,0,7,0,0.020812346219521098
315326,1,7,9,23.57169328150686
315336,1,7,9,8.899971379569324
315347,1,7,5,0.3586789934097332
315356,1,7,9,21.322122409145347
315357,1,7,2,12.735663542271096
315371,1,7,9,15.229818820064216
315372,1,7,6,10.97706524313792
315382,1,7,2,9.584458033898825
315383,1,7,5,0.3586789949470627
315405,1,7,4,0.3586790108976326
315421,1,7,8,21.280115132208792
315426,1,7,1,20.135818187407597
315443,1,7,9,18.2260005016934
315448,1,7,8,20.622748410268077
315451,1,7,6,15.761698634874813
315466,1,7,6,18.946196502299703
315475,1,7,8,23.30849517877716
315484,1,7,9,5.308376334943813
315487,1,7,9,17.45327211147222
315511,1,7,6,15.643355627815314
315513,1,7,9,11.54757894624822
315517,1,7,10,10.257451960539669
315519,1,7,10,4.915102699563513
315526,1,7,4,0.3586790108976326
315527,1,7,9,10.416309869608886
315552,1,7,2,11.342395767602586
315556,1,7,9,24.415529373863105
315557,1,7,9,10.235097037576965
315560,1,7,5,0.3586789934097332
315577,1,7,4,0.3586790108976326
315604,1,7,9,5.564800297024508
315628,1,7,5,0.3586789934097332
315631,1,7,10,5.621290913255829
315641,1,7,10,4.978023479566464
315643,1,7,4,0.3586790108976326
315651,1,7,9,18.90128809661769
315652,1,7,4,0.3586790108976326
315674,1,7,9,10.47293817162934
315678,1,7,4,0.3586790108976326
315680,1,7,10,21.225999112374176
315694,1,7,1,15.913590436792541
315700,1,7,5,0.3586789934097332
315701,1,7,4,0.3586790108976326
315727,1,7,6,16.146102857505763
315754,1,7,9,12.663563795766143
315773,1,7,5,0.3586789934097332
315775,1,7,5,0.3586789934097332
315793,1,7,7,2.818223369949683
315823,1,7,6,13.327792200107467
315826,1,7,9,21.860144865823045
315835,1,7,5,0.3586789934097332
315838,1,7,9,7.985926081175902
315851,1,7,9,21.26942609827428
315861,1,7,6,15.084601115985084
315867,1,7,10,14.863194610175388
315880,1,7,5,0.3586789934097332
315887,1,7,8,24.57897111259403
315890,1,7,9,10.161925289375212
315892,0,7,0,0.012289719721279693
315894,1,7,8,14.480916707749202
315899,1,7,9,15.987050047650037
315904,1,7,5,0.3586789934097332
315914,1,7,8,15.482327719456555
315919,1,7,5,0.3586789934097332
315940,0,7,0,0.018695657062417072
315949,1,7,3,0.8548691463790583
315952,1,7,6,23.031466036618816
315961,1,7,8,28.019862067530543
315973,1,7,8,17.274718023403018
315991,1,7,5,0.3586789934097332
315997,1,7,9,21.33684266949836
316006,1,7,2,11.550226288595507
316072,1,7,8,10.335447239884688
316085,1,7,5,0.3586789934097332
316109,1,7,3,2.379350696682498
316123,0,7,0,0.02653113711056583
316132,1,7,9,18.907232469400363
316142,1,7,1,20.43727581254052
316143,1,7,6,5.190572013406686
316144,1,7,10,8.672957936565032
316153,1,7,8,8.536072961291215
316164,1,7,9,25.244119187110588
316189,1,7,1,18.106734995623427
316201,1,7,9,23.71917420530162
316212,1,7,6,23.876066419618148
316214,1,7,7,1.512172214793436
316228,1,7,5,0.3586789934097332
316229,1,7,7,3.881966279460836
316233,1,7,9,8.929150010508463
316237,1,7,9,11.698209327898859
316244,1,7,7,2.464409928834304
316257,1,7,2,11.479274047380937
316260,1,7,5,0.3586789934097332
316261,1,7,4,0.3586790108976326
316264,1,7,4,0.3586790108976326
316270,1,7,6,11.126148838510064
316278,1,7,9,16.981060182587477
316287,1,7,7,4.424192797857988
316297,1,7,8,27.946828572434953
316300,1,7,9,14.875060028916844
316305,1,7,2,13.429629573886258
316313,1,7,5,0.3586789934097332
316325,1,7,5,0.3586789934097332
316334,1,7,10,6.419153626281765
316342,1,7,7,2.0844920085099763
316373,1,7,2,12.76452563426158
316374,1,7,9,13.626282310312712
316375,1,7,8,25.63207662430221
316382,1,7,10,5.479501823801085
316384,1,7,5,0.3586789934097332
316412,1,7,4,0.3586790108976326
316413,1,7,10,11.544453104705307
316436,1,7,5,0.3586789934097332
316451,1,7,1,20.28452092097244
316462,1,7,6,23.98389063941991
316480,1,7,6,23.796384868824656
316499,1,7,1,15.36251620752261
316501,1,7,8,27.844700999276807
316502,1,7,6,22.63897560527905
316514,1,7,10,18.290822630984177
316520,1,7,4,0.3586790108976326
316550,0,7,0,0.01343899753820052
316551,1,7,3,2.3562307131412723
316567,1,7,8,22.063262943820277
316576,1,7,7,0.3455232454732116
316582,1,7,4,0.3586790108976326
316586,1,7,8,23.6980459284259
316593,1,7,9,22.4226668993274
316602,1,7,6,19.635254057453842
316638,1,7,1,5.6831578200620685
316668,1,7,8,9.41504758871121
316678,1,7,5,0.3586789934097332
316709,1,7,8,17.526384001956004
316712,1,7,9,14.595594953941184
316715,1,7,2,3.0115578324870422
316723,1,7,7,1.3836978463478973
316725,0,7,0,0.03770816840827602
316729,1,7,8,20.567689193315342
316737,1,7,4,0.3586790108976326
316749,1,7,5,0.3586789934097332
316754,1,7,9,24.04878476559822
316763,1,7,4,0.3586790108976326
316774,1,7,5,0.3586789934097332
316775,1,7,10,14.610081090789025
316794,1,7,10,11.425086308576594
316797,1,7,3,1.244323496167917
316810,1,7,9,16.537439168939876
316814,1,7,6,16.679615119877695
316834,1,7,4,0.3586790108976326
316836,1,7,5,0.3586789934097332
316844,1,7,8,15.566633927313214
316849,1,7,5,0.3586789934097332
316855,1,7,9,22.821887204440614
316857,1,7,8,13.451868563816856
316859,1,7,5,0.3586789934097332
316860,1,7,8,19.321561443843173
316869,1,7,4,0.3586790108976326
316871,1,7,8,13.275995345131133
316884,1,7,9,4.772942355134548
316905,1,7,8,12.981011581873082
316912,1,7,9,24.057307717137743
316925,1,7,6,7.604825507323674
316927,1,7,5,0.3586789934097332
316933,0,7,0,0.0232512054878379
316942,1,7,9,23.745729255555155
316975,1,7,4,0.3586790108976326
316989,1,7,8,8.428703337574483
316999,0,7,0,0.013800323120668033
317006,1,7,9,15.976293033813166
317024,1,7,9,7.23312124873349
317030,0,7,0,0.02560079447105256
317071,1,7,9,23.318524962675085
317074,1,7,10,17.194479525587155
317114,1,7,5,0.3586789934097332
317131,1,7,8,25.831607079714022
317152,1,7,8,28.50771567860046
317164,1,7,9,25.815709969586212
317171,1,7,9,22.78991801988013
317183,1,7,8,10.3469122970074
317196,1,7,8,13.870316065136372
317199,1,7,6,19.086387217626907
317217,1,7,8,12.42380724089815
317222,1,7,4,0.3586790108976326
317229,1,7,6,20.748817722173882
317231,1,7,3,2.270293418397614
317237,1,7,10,21.241877016813763
317252,1,7,9,16.41912042729894
317258,1,7,4,0.3586790108976326
317259,1,7,8,25.73178765894585
317260,1,7,1,7.672508149951088
317272,1,7,4,0.3586790108976326
317280,1,7,9,20.63224023448693
317281,1,7,6,18.730129959213453
317289,0,7,0,0.015715739124438487
317295,1,7,6,15.581668886679518
317300,1,7,10,10.100034655346576
317301,1,7,9,20.18289808677463
317314,1,7,6,19.787401981820057
317364,1,7,5,0.3586789934097332
317379,1,7,5,0.3586789949470627
317382,1,7,5,0.3586789949470627
317404,1,7,5,0.3586789934097332
317407,0,7,0,0.015174715308485196
317425,1,7,4,0.3586790108976326
317426,1,7,5,0.3586789934097332
317433,1,7,6,23.762032231420417
317435,1,7,4,0.3586790108976326
317437,1,7,2,7.817832413226638
317442,1,7,7,4.417992739114097
317469,1,7,5,0.3586789934097332
317472,1,7,9,5.68266027537246
317474,1,7,9,26.464630224879038
317487,1,7,10,9.045349121883993
317499,1,7,10,21.176557724985383
317502,1,7,5,0.3586789934097332
317506,1,7,7,1.5386078514631052
317516,1,7,9,5.782121005977498
317527,1,7,10,18.71061293038575
317541,1,7,5,0.3586789934097332
317549,1,7,4,0.3586790108976326
317555,1,7,6,16.895697087053684
317567,1,7,4,0.3586790108976326
317587,1,7,6,14.883600702443156
317595,1,7,9,16.579374898179108
317607,1,7,4,0.3586790108976326
317615,1,7,8,23.94754734615116
317623,1,7,5,0.3586789934097332
317637,1,7,9,19.064884562940954
317642,1,7,9,20.057160438728726
317645,1,7,6,20.373201198821867
317659,1,7,8,25.918862843377518
317662,1,7,8,4.612897758626703
317674,1,7,5,0.3586789949470627
317678,1,7,6,12.264994870768072
317685,1,7,10,11.476075339000941
317694,1,7,1,21.422847310943837
317695,1,7,6,12.1255330243069
317699,1,7,10,12.28934819263997
317710,1,7,6,18.642049047170413
317719,1,7,6,15.319761394952588
317720,1,7,8,14.50071456294547
317726,1,7,9,4.218813994813897
317732,1,7,4,0.3586790108976326
317739,1,7,4,0.3586790108976326
317747,1,7,5,0.3586789934097332
317756,1,7,4,0.3586790108976326
317771,1,7,7,0.9718765785221707
317790,1,7,6,8.979182083793933
317799,1,7,1,7.49215370914202
317801,1,7,6,23.80242871630879
317804,1,7,4,0.3586790108976326
317808,1,7,5,0.3586789934097332
317809,1,7,9,25.54267765789379
317817,1,7,8,2.3704598397380643
317826,1,7,8,16.568418871224434
317836,1,7,1,16.974566682150705
317848,1,7,4,0.3586790108976326
317850,1,7,8,12.870348432009123
317863,1,7,6,6.689775288313234
317864,1,7,8,13.300321191968273
317880,1,7,8,18.781617492728902
317885,1,7,4,0.3586790108976326
317888,1,7,7,2.2947612549621264
317891,1,7,9,19.804049449455785
317907,1,7,9,15.124045729856695
317916,1,7,10,12.000967740858743
317926,1,7,9,21.26038157610343
317933,1,7,7,4.614244513292314
317947,1,7,1,19.53008565947848
317950,1,7,9,24.29464153334038
317958,1,7,9,8.816637348151373
317963,1,7,2,10.394714146078844
317965,1,7,6,21.524640550326826
317970,1,7,1,16.1774297242705
317983,1,7,7,2.0526254119832354
317984,0,7,0,0.025595561934903633
317993,1,7,5,0.3586789934097332
317996,0,7,0,0.021621023386988684
318001,1,7,8,6.2453704319867045
318010,1,7,7,4.27731707609743
318032,1,7,10,11.29066516923455
318033,1,7,9,18.269718296531245
318059,1,7,3,2.3068218197546506
318068,1,7,6,22.978313590144662
318073,1,7,9,15.066369082668517
318079,1,7,8,26.444765635023852
318085,1,7,10,7.492592819008144
318089,1,7,8,15.645406667166542
318097,1,7,9,18.027684654021193
318104,1,7,7,2.6378846536641096
318106,1,7,3,2.1982939683053786
318126,1,7,6,23.039518114959545
318132,1,7,9,2.900987420819393
318148,1,7,5,0.3586789934097332
318156,0,7,0,0.013281640614666619
318167,1,7,1,13.54133478768688
318173,1,7,5,0.3586789949470627
318189,1,7,6,8.963676144375688
318193,1,7,6,14.817866309180959
318217,1,7,6,13.504470717868742
318224,1,7,6,23.48521863281726
318237,1,7,4,0.3586790108976326
318245,1,7,8,11.109700035221797
318250,1,7,6,15.028559798325878
318273,1,7,6,15.930218653300306
318276,1,7,6,19.154290839992928
318287,1,7,4,0.3586790108976326
318291,1,7,5,0.3586789934097332
318294,1,7,9,19.5955819757345
318296,1,7,5,0.3586789934097332
318301,1,7,8,21.201532479906653
318307,1,7,6,20.494341750702272
318308,1,7,7,4.314494752156916
318313,1,7,1,16.519583472033883
318328,1,7,2,11.203913792536708
318329,1,7,9,21.768498780509272
318336,1,7,5,0.3586789934097332
318340,1,7,9,22.15770020185968
318377,1,7,4,0.3586790108976326
318382,1,7,9,24.960228017592158
318396,1,7,6,11.19344142367425
318442,1,7,8,8.02738220967091
318449,1,7,9,18.893054187870156
318470,1,7,8,11.73061659666584
318473,1,7,4,0.3586790108976326
318475,1,7,9,7.741996923397284
318476,1,7,9,16.2190506345222
318479,1,7,9,25.266889086693762
318492,1,7,2,3.8773512596645414
318499,1,7,5,0.3586789934097332
318501,1,7,5,0.3586789934097332
318512,1,7,9,20.9762453314917
318541,1,7,3,2.370976020887123
318549,1,7,8,27.918491125439612
318564,1,7,1,18.220774898596677
318570,1,7,7,1.2134990523855618
318580,1,7,10,8.005894539474026
318590,1,7,4,0.3586790108976326
318593,1,7,5,0.3586789934097332
318600,1,7,8,24.917035595224664
318604,1,7,6,8.952446616245403
318607,1,7,6,22.84800509352962
318608,1,7,1,11.655788920187138
318610,1,7,2,4.636718849474158
318619,1,7,9,20.72605825041989
318626,1,7,10,18.11794814893603
318630,1,7,5,0.3586789934097332
318635,1,7,4,0.3586790108976326
318654,1,7,5,0.3586789934097332
318664,1,7,10,21.286487413908105
318669,1,7,4,0.3586790108976326
318674,1,7,1,13.856385903978348
318686,1,7,9,11.74358693935704
318733,1,7,10,18.913731080148544
318734,1,7,4,0.3586790108976326
318739,1,7,4,0.3586790108976326
318763,1,7,5,0.3586789934097332
318766,1,7,6,8.660115560385881
318775,1,7,9,21.27315092510804
318776,1,7,8,26.655032966654836
318778,1,7,6,20.02724393485078
318784,1,7,7,4.199914328244127
318785,1,7,10,8.794443308533236
318792,1,7,1,4.014359499372641
318797,1,7,9,18.578619326241455
318801,1,7,9,18.26877370341189
318803,1,7,7,3.356939081365558
318804,1,7,9,15.684864933536975
318806,1,7,6,22.417983245697368
318813,1,7,9,23.57209168162079
318817,1,7,5,0.3586789934097332
318847,1,7,4,0.3586790108976326
318849,1,7,6,11.133718268275143
318865,1,7,5,0.3586789934097332
318866,1,7,5,0.3586789934097332
318875,1,7,8,16.064104711951224
318889,0,7,0,0.025893596748636647
318895,1,7,8,12.455827040682836
318911,1,7,9,15.673443876084175
318917,1,7,9,19.919246093024675
318921,1,7,5,0.3586789934097332
318934,1,7,5,0.3586789934097332
318935,0,7,0,0.01290422508896973
318950,1,7,4,0.3586790108976326
318966,1,7,6,16.007757235935628
318971,1,7,2,3.5801476313623177
318983,1,7,4,0.3586790108976326
318991,1,7,8,27.85752552273011
319004,1,7,1,6.159684849769841
319014,1,7,1,7.31916947421932
319016,1,7,1,18.892035998551673
319030,1,7,9,12.939882636888905
319045,1,7,9,9.79180143919203
319047,1,7,9,6.250109044955897
319051,1,7,9,9.73810405064296
319052,1,7,1,10.94373081883833
319057,1,7,4,0.3586790108976326
319085,1,7,5,0.3586789934097332
319087,1,7,10,8.771928430562456
319099,1,7,10,18.71311385339746
319101,1,7,7,4.16512014830366
319108,1,7,9,10.484987452624917
319121,1,7,4,0.3586790108976326
319123,1,7,4,0.3586790108976326
319125,1,7,10,12.816057980936176
319128,1,7,5,0.3586789934097332
319137,1,7,6,6.614851981072597
319149,0,7,0,0.03291361011977882
319152,1,7,1,18.2615948622244
319157,1,7,9,22.847632837444145
319160,1,7,7,1.9716559931046138
319172,1,7,9,13.278771080860507
319243,1,7,5,0.3586789934097332
319248,0,7,0,0.03245068136554383
319251,1,7,6,7.858274241795981
319277,1,7,6,17.365474918245386
319281,0,7,0,0.022416080653989836
319283,1,7,8,23.27198094044306
319340,1,7,9,21.15296999709226
319341,1,7,5,0.3586789934097332
319346,1,7,8,14.292782180138637
319367,1,7,5,0.3586789934097332
319376,1,7,9,25.39205891403172
319379,1,7,7,4.288204295298399
319383,1,7,9,8.920885869816946
319402,1,7,9,24.425244376579936
319423,1,7,8,17.25834977488272
319425,1,7,8,3.4572248828893724
319427,1,7,9,16.719050382008206
319429,1,7,6,22.586939396066903
319434,1,7,8,26.147249451444655
319448,1,7,8,22.01865486028717
319465,0,7,0,0.04720331605220912
319476,1,7,10,21.278519767297766
319477,1,7,10,12.396578256238437
319513,1,7,1,9.015548913982743
319514,1,7,5,0.3586789934097332
319526,1,7,10,15.154508635548538
319529,1,7,6,21.61166125445463
319537,1,7,4,0.3586790108976326
319545,1,7,9,14.186077466292142
319546,1,7,3,2.3589535652940286
319550,1,7,1,6.229899039930911
319560,1,7,1,23.283588880748063
319565,1,7,10,7.617422657917878
319586,1,7,6,15.081195813928492
319587,1,7,1,12.071128666036488
319596,1,7,4,0.3586790108976326
319606,1,7,9,25.234872988834034
319617,1,7,7,2.1470733320647395
319618,1,7,7,2.8044278954595816
319619,1,7,4,0.3586790108976326
319620,1,7,10,19.151973233865323
319637,1,7,10,8.728550351748574
319641,1,7,3,2.3996273827708805
319648,1,7,8,25.16298057439105
319649,1,7,6,23.30281725758243
319653,1,7,1,21.627262009046632
319665,1,7,8,11.025360175075209
319677,1,7,9,11.76282369516358
319678,1,7,2,5.209869260823445
319680,0,7,0,0.023088051199408953
319681,1,7,3,2.1717452077210555
319710,1,7,9,13.415881840206804
319718,1,7,10,21.310687613554062
319720,1,7,7,3.3476430584786296
319722,1,7,9,9.544830831946475
319757,1,7,7,2.0649885352650554
319763,1,7,8,28.1934381886653
319778,1,7,10,4.364220387731878
319791,1,7,8,16.535701787951247
319800,1,7,6,23.283667079172496
319810,1,7,5,0.3586789934097332
319812,1,7,1,11.729206502090939
319817,1,7,5,0.3586789934097332
319829,1,7,1,22.581077056954374
319841,1,7,8,17.32409916476136
319843,1,7,5,0.3586789934097332
319848,1,7,2,4.36995456876122
319854,1,7,8,20.060372278053723
319855,1,7,4,0.3586790108976326
319861,1,7,8,14.418712710385893
319864,1,7,7,4.544329035233291
319866,1,7,10,10.231830748347713
319876,1,7,6,20.203906069820764
319894,1,7,6,23.275852189489367
319909,1,7,5,0.3586789934097332
319922,1,7,6,21.417085325441978
319925,1,7,3,1.6695992225452296
319935,1,7,9,16.841922272209768
319950,1,7,5,0.3586789934097332
319954,1,7,9,6.264204647395641
319959,1,7,5,0.3586789934097332
319976,0,7,0,0.015776017132023704
319980,0,7,0,0.039193261912501415
319981,1,7,6,14.072941290460207
319993,1,7,8,28.400765327126834
320017,1,7,10,9.036541385950855
320022,1,7,1,14.180311262624995
320023,1,7,5,0.3586789934097332
320055,1,7,6,14.337561326282122
320078,1,7,6,23.417319468068868
320079,1,7,5,0.3586789934097332
320081,1,7,5,0.3586789934097332
320085,1,7,5,0.3586789934097332
320103,1,7,6,22.782762445665124
320157,1,7,6,10.992923198831015
320167,1,7,9,16.400971792480785
320171,1,7,9,24.552496704670578
320181,1,7,9,14.69816080396543
320184,1,7,8,24.771643342010442
320238,1,7,4,0.3586790108976326
320256,1,7,10,12.735682229589303
320268,1,7,5,0.3586789934097332
320278,1,7,8,19.362701840065046
320286,1,7,9,16.777510575624735
320295,1,7,6,7.854481250234188
320299,1,7,6,23.72094822031727
320324,1,7,10,10.900034790669109
320335,1,7,6,14.64545318642069
320346,1,7,5,0.3586789949470627
320347,1,7,1,8.48661029826926
320350,1,7,8,24.921015677742126
320355,1,7,8,20.043526467654445
320367,1,7,5,0.3586789934097332
320379,1,7,5,0.3586789934097332
320403,1,7,4,0.3586790108976326
320407,1,7,4,0.3586790108976326
320425,1,7,7,1.835574005783038
320432,1,7,6,21.2184959748493
320441,1,7,10,3.5913998974320425
320449,1,7,4,0.3586790108976326
320453,1,7,6,21.36682326853856
320455,1,7,5,0.3586789934097332
320469,1,7,8,20.24567742430935
320475,1,7,9,9.913206954470784
320476,1,7,9,11.695264318480389
320485,0,7,0,0.014798644559826109
320498,1,7,2,5.957449226144716
320505,1,7,2,11.053787835949926
320506,1,7,8,11.421463981120667
320507,1,7,9,20.155079063741006
320513,1,7,4,0.3586790108976326
320514,1,7,8,13.040118312565681
320531,1,7,5,0.3586789934097332
320541,1,7,4,0.3586790108976326
320562,1,7,5,0.3586789934097332
320564,1,7,8,18.16320047484964
320569,1,7,9,24.739884291778086
320573,1,7,8,13.812585817677977
320610,1,7,9,23.10685274520229
320637,1,7,9,7.901349046557792
320645,1,7,5,0.3586789949470627
320649,1,7,10,10.039259049626013
320655,1,7,8,21.488448864875068
320666,1,7,6,18.825428823444643
320667,1,7,6,17.826966653820406
320674,1,7,8,2.4608864807124746
320681,1,7,1,15.229197277861669
320684,1,7,9,26.158764626599577
320694,1,7,8,16.77505278904973
320700,1,7,10,12.374773196890716
320703,1,7,6,20.73830495559597
320710,1,7,7,3.605038787859567
320742,1,7,10,7.606275051873166
320743,1,7,6,9.31957193844122
320745,1,7,10,7.466698191005857
320753,1,7,10,21.285753063712423
320764,1,7,5,0.3586789934097332
320768,1,7,6,23.45743695834418
320769,1,7,6,7.180860974053456
320780,1,7,9,15.829514538832393
320788,1,7,8,26.9470248896705
320833,1,7,4,0.3586790108976326
320841,1,7,8,14.943042534793975
320854,1,7,2,11.71182360240178
320858,1,7,4,0.3586790108976326
320866,1,7,8,8.214761941052162
320876,1,7,8,24.02680887050598
320881,1,7,10,3.696407177554061
320889,1,7,10,19.439414430791842
320894,0,7,0,0.01821924574415383
320900,1,7,2,2.4266262829125984
320901,1,7,5,0.3586789949470627
320906,1,7,4,0.358679009087165
320907,1,7,9,7.093903565966192
320912,1,7,1,8.601528404803783
320925,1,7,3,2.3358058002045277
320927,1,7,6,17.222480060155785
320934,1,7,9,5.371116030390058
320944,1,7,7,4.149462384295269
320945,1,7,4,0.3586790108976326
320957,0,7,0,0.012622959063813957
320972,1,7,9,16.112737009969443
320987,1,7,5,0.3586789934097332
321016,1,7,6,16.029390235280648
321023,1,7,9,15.961703928040542
321042,1,7,2,7.058818993936583
321046,1,7,8,4.725571104110276
321072,1,7,4,0.3586790108976326
321074,1,7,6,4.905769715393145
321097,1,7,6,6.180422282837581
321140,1,7,8,7.406241512410272
321151,1,7,9,22.979422710898135
321157,1,7,3,2.338186188145732
321162,1,7,8,28.10260867264428
321166,1,7,6,7.568435300804575
321205,0,7,0,0.011783161141898903
321210,1,7,9,16.308957478262737
321235,1,7,7,2.5872090353477155
321249,1,7,5,0.3586789934097332
321259,1,7,8,10.977399656904087
321288,1,7,10,9.845833291750797
321290,1,7,9,8.952841903013024
321291,1,7,7,4.30458620840528
321306,1,7,8,16.63021723100361
321312,1,7,8,24.68289279669058
321317,1,7,6,20.997595393979296
321321,1,7,1,20.470964949246472
321338,1,7,8,19.186223313552166
321359,1,7,9,6.003853950754856
321383,1,7,10,10.043282252874393
321414,1,7,5,0.3586789934097332
321419,1,7,5,0.3586789934097332
321420,1,7,6,22.988055429912755
321428,1,7,5,0.3586789934097332
321433,1,7,4,0.3586790108976326
321434,1,7,1,17.639538391029838
321442,1,7,5,0.3586789934097332
321469,1,7,8,25.556531429159964
321490,1,7,1,6.208584879890444
321494,1,7,9,8.647010622361334
321496,1,7,6,23.638353796342386
321498,1,7,2,2.381033773098463
321509,1,7,10,20.577324031786503
321535,1,7,8,15.387444509560526
321545,1,7,8,21.662100011582655
321552,1,7,6,15.441507807822108
321569,1,7,9,22.17810646899343
321589,1,7,5,0.3586789934097332
321591,1,7,1,19.036725029164987
321594,1,7,10,17.175985711425106
321607,1,7,7,3.645494204065285
321675,1,7,9,12.5540040032694
321676,1,7,5,0.3586789934097332
321681,1,7,10,12.386852986721324
321683,0,7,0,0.028305534260432395
321684,1,7,10,18.8593327268426
321685,1,7,2,4.188999280023297
321691,1,7,10,16.351747712498298
321700,1,7,10,4.140218312983751
321708,1,7,10,20.663291404382313
321729,1,7,9,13.82672931673412
321736,1,7,1,9.530140569717908
321737,1,7,8,23.38772850202067
321740,1,7,4,0.3586790108976326
321746,1,7,5,0.3586789934097332
321748,1,7,9,9.722376786646773
321751,1,7,8,10.763679707708679
321773,1,7,5,0.3586789934097332
321781,1,7,8,20.350421736651626
321783,1,7,5,0.3586789934097332
321790,1,7,6,19.67067905649655
321814,1,7,9,22.895695490397998
321828,1,7,4,0.3586790108976326
321837,1,7,6,14.826946919912574
321840,1,7,8,11.250351489863558
321848,1,7,1,8.081954207332926
321851,1,7,10,11.817751434629107
321861,1,7,7,1.0970405106222154
321873,1,7,9,14.294330539860269
321874,1,7,5,0.3586789934097332
321886,1,7,1,21.872592162935558
321893,1,7,9,14.874652616853274
321894,1,7,8,20.039687652946395
321898,1,7,10,10.286255221941047
321901,1,7,7,1.8821318255806783
321906,1,7,3,2.2898335050474734
321933,1,7,7,3.8989597839061254
321939,1,7,6,16.484981096882393
321955,1,7,5,0.3586789949470627
321988,1,7,7,3.616978447834142
322004,1,7,10,20.8917368081898
322007,1,7,8,21.437036675987738
322009,1,7,2,6.5512531257418045
322011,1,7,8,12.746549065584986
322036,1,7,9,23.772489030908265
322041,1,7,5,0.3586789934097332
322047,1,7,9,5.093336835983803
322079,1,7,5,0.3586789934097332
322093,1,7,10,21.28625170580981
322102,1,7,4,0.3586790108976326
322110,1,7,6,16.298237392297978
322114,1,7,5,0.3586789934097332
322118,1,7,5,0.3586789934097332
322127,1,7,8,27.5157908866345
322128,1,7,9,24.525692397130232
322150,1,7,7,3.339170002024391
322152,1,7,8,9.667922393422625
322154,1,7,10,13.946691294857379
322165,1,7,8,17.513985442536075
322175,1,7,8,19.51381502704335
322180,1,7,4,0.3586790108976326
322181,1,7,8,24.685022324484926
322184,1,7,3,2.361628768180816
322213,1,7,4,0.3586790108976326
322224,1,7,10,21.196535786059346
322234,1,7,6,7.2214227058976945
322236,0,7,0,0.05694676360050584
322262,1,7,5,0.3586789934097332
322270,1,7,1,21.56951378176811
322280,0,7,0,0.06149388833936234
322283,1,7,10,7.8757058053694315
322286,1,7,4,0.3586790108976326
322294,1,7,4,0.3586790108976326
322316,1,7,2,10.50261481795295
322323,1,7,10,5.394679732936262
322328,1,7,5,0.3586789934097332
322336,1,7,7,1.774606393187555
322358,1,7,5,0.3586789934097332
322361,1,7,8,27.967009148445364
322368,1,7,9,23.410246217182426
322373,1,7,4,0.3586790108976326
322381,1,7,9,24.947569256442215
322394,1,7,9,9.75221475641089
322395,1,7,5,0.3586789934097332
322446,1,7,9,12.688623596544678
322447,1,7,6,19.40409539047603
322450,1,7,5,0.3586789934097332
322451,1,7,10,17.874228636287487
322481,1,7,9,11.156753989889028
322482,1,7,6,11.097220329712723
322483,1,7,1,19.63294648646253
322503,1,7,9,8.261651732840628
322509,1,7,3,1.3870592508623705
322516,1,7,9,12.846768607771676
322552,1,7,9,16.727140584129902
322603,1,7,1,22.084886999477092
322608,0,7,0,0.02826826541138012
322609,1,7,2,3.1244496748762614
322614,1,7,7,0.8770075901772489
322623,1,7,4,0.3586790108976326
322659,1,7,8,12.096181582448697
322662,1,7,6,8.963998983665796
322677,1,7,8,13.525742776095544
322686,1,7,8,17.25296075196932
322691,1,7,5,0.3586789934097332
322715,1,7,9,24.406215932843146
322721,1,7,1,5.469190115112969
322728,1,7,8,16.560340811714624
322739,1,7,5,0.3586789934097332
322764,1,7,9,4.822620714555192
322777,1,7,4,0.3586790108976326
322782,1,7,6,13.988947107973981
322801,1,7,4,0.3586790108976326
322822,1,7,6,13.516668208708047
322849,1,7,5,0.3586789934097332
322862,1,7,1,22.16865539452651
322863,1,7,9,25.881604336010334
322879,1,7,4,0.3586790108976326
322887,0,7,0,0.2670478462956317
322893,1,7,1,13.531843082043489
322907,1,7,5,0.3586789934097332
322912,0,7,0,0.012182398441103099
322918,1,7,5,0.3586789934097332
322951,0,7,0,0.01237644897222253
322952,1,7,10,6.218913339658278
322962,1,7,8,10.173130919816732
322978,1,7,9,25.99743622505433
322989,1,7,1,13.910823687845447
322993,1,7,10,17.367169797611094
323032,1,7,8,12.574206316442861
323035,1,7,5,0.3586789934097332
323041,1,7,5,0.3586789934097332
323042,1,7,6,12.597900482297145
323051,1,7,8,16.266866082528
323067,1,7,8,26.655520945679175
323068,1,7,6,22.8449643231559
323081,1,7,4,0.3586790108976326
323084,1,7,6,19.935916058836764
323089,1,7,10,14.06991127621515
323111,1,7,5,0.3586789934097332
323122,1,7,6,13.517109328425118
323151,1,7,9,20.763631039453845
323178,1,7,10,6.044599898287639
323183,0,7,0,0.011925064183310095
323199,1,7,9,13.787353242364446
323235,0,7,0,0.02243862803568463
323247,1,7,6,6.5449170787879005
323261,1,7,9,8.81296855061839
323264,1,7,6,15.563983351468313
323274,1,7,4,0.3586790108976326
323310,1,7,9,8.366171066429414
323314,0,7,0,0.024800306135692406
323325,1,7,7,2.9483788555418506
323327,1,7,9,16.722015298420256
323347,1,7,8,5.817960330864588
323352,1,7,5,0.3586789934097332
323362,0,7,0,0.025879892070660247
323388,1,7,1,17.799234315628315
323395,1,7,4,0.3586790108976326
323419,1,7,6,13.877480849742968
323422,1,7,2,14.02105222066202
323436,1,7,8,14.442217111518826
323459,1,7,9,10.475773271247846
323470,1,7,8,21.569435897872477
323482,1,7,9,26.348858201110897
323484,1,7,5,0.3586789949470627
323490,1,7,2,11.310398624335702
323493,1,7,3,2.395573267522683
323507,1,7,5,0.3586789934097332
323521,1,7,9,18.58045109471392
323523,1,7,10,11.104615307454214
323528,1,7,6,9.877366968334046
323533,1,7,1,17.953933313122228
323536,1,7,9,22.06435628994099
323549,1,7,10,8.124603310541547
323550,1,7,1,16.210340200595223
323561,1,7,4,0.3586790108976326
323564,1,7,4,0.3586790108976326
323574,1,7,7,1.6812144214125648
323575,1,7,5,0.3586789934097332
323579,1,7,5,0.3586789934097332
323582,1,7,1,16.97611084068806
323604,1,7,10,20.223599795453325
323611,1,7,6,10.276961033073345
323617,1,7,10,7.693841635687149
323626,1,7,6,19.39400734532633
323629,1,7,6,14.983245875919339
323648,1,7,9,16.041213790192874
323652,1,7,9,8.788701112814941
323656,1,7,5,0.3586789934097332
323679,1,7,1,19.523966478062245
323682,1,7,8,12.005486013696162
323704,0,7,0,0.02026246792145326
323722,1,7,4,0.3586790108976326
323736,1,7,6,11.855755765221572
323742,1,7,5,0.3586789934097332
323768,1,7,5,0.3586789934097332
323771,1,7,9,6.5374418484124535
323776,1,7,8,14.36137081007984
323787,1,7,7,0.8096262142903522
323789,1,7,10,18.916730590784503
323798,1,7,4,0.3586790108976326
323824,1,7,10,8.856076985259927
323837,1,7,9,16.342625185287915
323838,1,7,6,22.1538534897616
323863,1,7,1,10.574138114901537
323882,1,7,5,0.3586789934097332
323885,1,7,8,24.584278533727925
323889,1,7,10,20.87068721811052
323921,1,7,10,16.45132852414279
323924,1,7,9,10.351050188483603
323938,0,7,0,0.015055034271248236
323944,0,7,0,0.01390968323572707
323951,1,7,9,22.78002237308126
323955,1,7,5,0.3586789934097332
323959,1,7,6,23.738041694469963
323970,1,7,9,11.050741010002628
323974,1,7,1,19.791904898352755
323998,1,7,1,20.61096230805797
324004,1,7,4,0.3586790108976326
324016,1,7,10,7.162038407811314
324018,1,7,4,0.3586790108976326
324032,1,7,5,0.3586789934097332
324039,1,7,9,10.910956189735742
324052,1,7,5,0.3586789934097332
324062,1,7,4,0.3586790108976326
324066,1,7,6,21.79922231175054
324078,1,7,4,0.3586790108976326
324084,1,7,5,0.3586789934097332
324086,1,7,5,0.3586789949470627
324106,1,7,5,0.3586789949470627
324114,0,7,0,0.012971627208253452
324126,1,7,6,23.06039206098356
324129,1,7,9,9.637175139378922
324133,1,7,6,21.15480489509053
324136,1,7,9,5.9611285201551825
324147,1,7,9,15.057989783632017
324156,1,7,9,23.26603647812502
324159,1,7,8,4.927665546822568
324165,1,7,5,0.3586789934097332
324170,0,7,0,0.028733631744533174
324179,1,7,4,0.3586790108976326
324180,1,7,9,19.40592345344131
324184,1,7,4,0.3586790108976326
324191,1,7,7,3.4794833890841703
324213,0,7,0,0.012274094100877566
324244,1,7,10,20.68282426448012
324253,1,7,9,6.444937348653242
324256,1,7,8,13.620959305551235
324258,1,7,6,23.02299601783393
324259,1,7,2,11.893104752051917
324264,0,7,0,0.01735702636399532
324271,1,7,6,22.33102559652275
324285,1,7,8,7.175334740380538
324289,1,7,8,13.457164651689325
324290,1,7,6,14.990888652979406
324298,1,7,6,14.053536682889893
324304,1,7,10,14.268133098295703
324315,1,7,5,0.3586789934097332
324355,1,7,9,25.856566826902366
324371,0,7,0,0.22616223356656306
324380,1,7,7,4.232295094424308
324381,1,7,5,0.3586789949470627
324397,1,7,7,1.2543833468415904
324402,1,7,10,10.844578614616296
324418,1,7,7,2.691991303511349
324420,1,7,10,11.373868565360292
324421,1,7,10,20.78863623963338
324423,1,7,5,0.3586789934097332
324426,1,7,3,2.395080971492472
324429,1,7,9,5.587791682974643
324436,1,7,4,0.3586790108976326
324437,1,7,6,13.304299673982806
324467,1,7,9,4.436147198810073
324472,1,7,10,4.337179353665934
324481,1,7,9,24.943139319530452
324485,1,7,4,0.3586790108976326
324510,1,7,5,0.3586789934097332
324514,1,7,9,16.228185638972942
324528,1,7,9,13.004507945739503
324538,1,7,7,1.5981454639675818
324540,1,7,4,0.3586790108976326
324542,1,7,1,10.543311435342563
324547,1,7,10,20.608250535751594
324560,1,7,9,15.563758276400987
324577,1,7,5,0.3586789934097332
324587,1,7,3,2.2653876667047994
324592,1,7,6,11.496534307978147
324598,1,7,1,8.208359107678811
324601,1,7,8,7.233575726512896
324603,1,7,4,0.3586790108976326
324619,1,7,10,11.274548262835072
324639,1,7,1,19.335731718933967
324653,1,7,2,5.3616080320453845
324671,1,7,7,4.587699176622055
324683,1,7,1,6.0927917394209645
324702,1,7,2,13.750458424210462
324704,1,7,2,5.313882543021755
324705,1,7,4,0.3586790108976326
324710,1,7,10,3.752172043574131
324717,1,7,9,25.07845708731299
324719,1,7,9,21.032096398472955
324747,0,7,0,0.014469630577888873
324764,1,7,1,17.8643542841555
324773,1,7,4,0.3586790108976326
324795,1,7,1,11.916177290138883
324801,1,7,4,0.3586790108976326
324810,1,7,1,22.347724536683458
324819,1,7,8,7.388789761836901
324833,1,7,7,4.553008099296789
324834,1,7,5,0.3586789934097332
324837,1,7,6,23.51373557890506
324842,1,7,10,18.376022306930246
324849,1,7,8,26.28066998475666
324855,1,7,8,21.205797591049688
324861,1,7,8,15.6352937936299
324869,1,7,6,14.50514968876145
324879,1,7,10,8.045996558235794
324919,1,7,10,18.36129022084106
324924,1,7,4,0.3586790108976326
324930,1,7,8,27.962966328184862
324960,1,7,4,0.3586790108976326
324962,1,7,6,9.284317961225055
324993,1,7,6,15.376306955379778
324995,1,7,6,13.069770314149281
325000,1,7,10,11.409268077338544
325012,1,7,8,12.113909666361058
325016,1,7,5,0.3586789934097332
325034,1,7,5,0.3586789934097332
325039,1,7,7,3.144817342085416
325051,1,7,9,3.464640963330832
325067,1,7,10,11.340338252037013
325068,1,7,6,8.835891085568077
325079,0,7,0,0.1832947861228863
325091,1,7,9,26.149516658791878
325093,1,7,10,12.602912377737397
325094,1,7,8,16.829809680328868
325097,0,7,0,0.14827032883832844
325098,1,7,3,1.3554377014572814
325099,1,7,10,17.28532861661142
325101,1,7,8,7.7902355559772225
325102,1,7,8,9.694393516023652
325107,1,7,4,0.3586790108976326
325124,1,7,4,0.3586790108976326
325125,1,7,10,21.152824455835624
325129,1,7,8,15.896528499661374
325136,1,7,8,11.999809738086666
325137,1,7,9,16.212196308561722
325148,1,7,8,17.26439712731584
325157,1,7,5,0.3586789934097332
325159,1,7,4,0.3586790108976326
325169,1,7,5,0.3586789934097332
325173,1,7,4,0.3586790108976326
325184,1,7,8,7.459560216266626
325188,1,7,8,25.834881314519002
325197,1,7,5,0.3586789934097332
325208,1,7,1,21.977332333066588
325223,1,7,2,4.282376071014724
325229,1,7,1,19.189884800745133
325243,1,7,1,14.067102058807787
325256,1,7,8,12.740236312829248
325259,1,7,2,6.275501546764498
325272,1,7,5,0.3586789934097332
325275,1,7,1,12.968745645417073
325300,1,7,5,0.3586789934097332
325315,1,7,5,0.3586789934097332
325317,1,7,8,12.894575502454058
325320,1,7,7,1.3066840341475376
325329,1,7,8,15.04293510561771
325350,1,7,6,18.197933738255447
325354,1,7,6,23.130144914943337
325362,1,7,4,0.3586790108976326
325371,1,7,2,9.286459059201416
325397,1,7,9,26.368454879121032
325402,1,7,6,23.013971826567182
325411,1,7,5,0.3586789934097332
325413,1,7,8,11.663491046976961
325415,1,7,8,17.178802018549167
325417,1,7,9,21.70657661666034
325420,1,7,9,7.476771866928866
325423,1,7,10,16.01973117453766
325430,1,7,9,25.915695063918033
325439,1,7,4,0.3586790108976326
325442,1,7,6,15.19403074216569
325462,1,7,6,9.230826931389828
325476,1,7,7,1.9360687401991852
325492,1,7,5,0.3586789934097332
325521,1,7,6,18.07356987774642
325525,1,7,9,26.238813508477016
325546,1,7,3,2.166418116344034
325548,1,7,9,16.690168060198978
325569,0,7,0,0.012847396418766165
325576,1,7,5,0.3586789934097332
325611,1,7,6,8.876519196084544
325620,1,7,6,22.674162689350673
325655,1,7,10,4.308910459530575
325671,1,7,8,15.17008968514651
325672,1,7,9,17.165402133754565
325673,1,7,8,24.57799799722886
325677,1,7,6,11.852443372224318
325689,1,7,6,13.371933552633017
325711,1,7,1,15.030858776698325
325747,1,7,4,0.3586790108976326
325752,1,7,4,0.3586790108976326
325753,1,7,3,2.305085342439819
325766,1,7,6,10.668405381786876
325798,1,7,2,2.8552073353930814
325803,1,7,4,0.3586790108976326
325807,1,7,5,0.3586789934097332
325808,1,7,8,16.360013108862983
325809,1,7,9,25.83349891810885
325817,1,7,10,4.489856615309356
325819,1,7,9,22.73426605518084
325824,1,7,4,0.3586790108976326
325853,1,7,8,8.547536036814876
325859,0,7,0,0.027428524454287295
325863,1,7,5,0.3586789934097332
325868,1,7,8,15.624617539376446
325884,1,7,9,2.279215916427115
325886,1,7,4,0.3586790108976326
325888,1,7,6,14.79273248470506
325895,1,7,3,2.1838018752405186
325900,1,7,9,26.109335822682645
325907,1,7,4,0.3586790108976326
325908,1,7,9,18.831895101592448
325909,1,7,4,0.3586790108976326
325923,1,7,7,2.963275836966703
325935,1,7,4,0.3586790108976326
325946,1,7,5,0.3586789934097332
325975,1,7,5,0.3586789934097332
325981,1,7,9,24.090331580413533
326003,1,7,5,0.3586789934097332
326014,1,7,7,3.919303981182491
326025,1,7,7,4.109008634176855
326028,1,7,8,6.862076974788833
326040,1,7,8,9.470359620068335
326043,1,7,6,10.038085400793802
326054,1,7,8,13.807167743837955
326056,1,7,8,9.757976247689834
326057,1,7,9,16.396625609200285
326083,1,7,8,11.39578245612958
326089,1,7,10,10.59021046142531
326097,1,7,5,0.3586789934097332
326103,1,7,6,16.714852927268275
326123,1,7,9,25.61422252825855
326134,1,7,6,23.17328337463628
326143,1,7,10,14.447427458154834
326145,1,7,6,22.136350216380702
326157,1,7,5,0.3586789934097332
326175,1,7,9,24.64588349688668
326176,1,7,1,22.284780028004413
326194,1,7,8,13.827221121218589
326203,1,7,5,0.3586789934097332
326212,1,7,1,23.076544656817884
326221,1,7,4,0.358679009087165
326240,1,7,7,0.9890767756983172
326255,1,7,4,0.3586790108976326
326256,1,7,8,28.55470260110729
326261,1,7,8,23.66561338560862
326263,1,7,5,0.3586789934097332
326265,1,7,5,0.3586789934097332
326272,1,7,8,15.242626796108176
326275,1,7,6,18.033391394830513
326278,1,7,9,20.983086313443465
326280,1,7,7,4.584064886007818
326293,0,7,0,0.0483480006187872
326303,1,7,10,21.243810517365688
326304,1,7,9,19.267535538860532
326312,1,7,1,18.402139627882317
326326,1,7,8,22.498496575701257
326337,0,7,0,0.030621442013821058
326339,1,7,7,1.4908729383660255
326349,1,7,10,17.60112117197958
326351,1,7,9,14.91277220950508
326356,1,7,4,0.3586790108976326
326361,1,7,8,2.4406694835287293
326362,1,7,2,7.1793895022313
326364,1,7,8,10.741058250221903
326370,1,7,8,24.919077396553927
326373,1,7,3,2.3481266465951176
326381,0,7,0,0.02953496937058355
326387,1,7,5,0.3586789934097332
326409,1,7,9,26.380436083333493
326412,1,7,5,0.3586789934097332
326431,1,7,9,21.53634001725855
326437,1,7,8,2.9110955785972363
326458,0,7,0,0.22709044748223994
326472,1,7,5,0.3586789934097332
326475,1,7,10,14.154231385405605
326476,1,7,8,15.394650758613942
326483,1,7,8,19.39246655222418
326484,1,7,1,10.018366279470547
326487,1,7,10,15.631861233585926
326503,1,7,6,5.028900683838013
326517,1,7,6,7.985742451184072
326549,1,7,9,25.049967604893933
326552,1,7,8,14.585307745405125
326562,1,7,5,0.3586789934097332
326574,1,7,4,0.3586790108976326
326575,1,7,8,17.317901587271713
326577,1,7,10,21.283921988997133
326608,1,7,10,5.036698044782562
326627,1,7,8,26.89360548114087
326629,1,7,9,26.235678207369773
326633,1,7,1,7.437174304235447
326652,1,7,8,21.84370725706609
326664,1,7,1,16.133296782775712
326684,1,7,8,15.740879590701855
326686,1,7,10,14.85991780234324
326693,1,7,10,9.307596312351446
326698,1,7,4,0.3586790108976326
326708,1,7,6,8.155674625463636
326715,0,7,0,0.025089488449305516
326737,1,7,5,0.3586789934097332
326742,1,7,6,22.830397441572522
326745,1,7,1,21.16827332744441
326754,0,7,0,0.04697651138090754
326761,1,7,7,4.058331375108731
326772,1,7,6,11.1355154228611
326776,1,7,9,8.917911078901422
326784,1,7,10,18.386239886267777
326792,1,7,8,15.397996757566359
326803,1,7,5,0.3586789934097332
326804,1,7,5,0.3586789934097332
326807,1,7,9,25.784764189848588
326828,1,7,6,20.647696900699263
326830,1,7,5,0.3586789934097332
326837,1,7,6,17.628991947378857
326847,1,7,6,23.350443758423236
326857,1,7,4,0.3586790108976326
326858,1,7,8,20.35770095265865
326861,1,7,6,23.46439798597036
326863,1,7,8,6.9812622633641865
326864,1,7,10,21.228425996776448
326869,1,7,9,17.982986665865518
326883,1,7,3,1.3391338745627033
326888,1,7,5,0.3586789934097332
326897,1,7,9,25.84807678632025
326904,1,7,8,14.486628473760248
326910,1,7,7,4.120023414778766
326920,1,7,9,22.34611228639311
326938,1,7,6,15.075115953698168
326984,1,7,9,17.871967203183573
326994,0,7,0,0.025508831548630425
327008,0,7,0,0.023841087743998544
327011,1,7,5,0.3586789934097332
327016,1,7,9,19.917452502015475
327020,1,7,8,13.839364468838026
327028,1,7,8,28.51471934906803
327049,1,7,5,0.3586789949470627
327054,1,7,2,9.897895076911801
327100,0,7,0,0.014867789011043162
327105,1,7,4,0.3586790108976326
327119,1,7,5,0.3586789934097332
327133,1,7,6,23.692745341466274
327144,1,7,4,0.3586790108976326
327151,1,7,1,6.869803071344523
327169,1,7,8,16.36769845328336
327178,1,7,3,2.353554521602141
327181,1,7,6,15.424183774055432
327197,1,7,3,0.8686882045997072
327199,1,7,10,12.200351251647023
327204,1,7,8,21.031104549283544
327211,1,7,6,10.72039575058736
327222,1,7,6,7.280251231044086
327242,1,7,4,0.3586790108976326
327265,1,7,9,20.016092354632843
327275,1,7,10,5.83314860879278
327279,1,7,6,18.792699721952552
327301,1,7,5,0.3586789934097332
327309,1,7,6,16.284206968698395
327331,1,7,9,2.9136139990112113
327356,1,7,8,8.479654437355137
327365,1,7,10,10.832028504758297
327373,1,7,9,2.1090439390725204
327392,1,7,5,0.3586789934097332
327395,1,7,9,17.970281105011882
327398,1,7,9,7.117768790835225
327406,1,7,8,26.419220857618733
327428,1,7,4,0.3586790108976326
327430,1,7,9,4.584387281152428
327434,1,7,7,3.8708209562124023
327435,1,7,6,18.8745009988914
327443,1,7,9,15.369055454678167
327490,1,7,5,0.3586789934097332
327493,1,7,5,0.3586789934097332
327496,1,7,7,3.7672471935496614
327501,1,7,6,22.92675930825111
327527,1,7,9,24.749946447586563
327545,1,7,10,11.183555782380262
327549,1,7,8,18.76390809451085
327552,1,7,3,1.3862724988865072
327559,1,7,8,18.62826297464653
327576,1,7,6,15.16651363792497
327578,1,7,8,10.913539709231813
327595,1,7,6,19.4142359728814
327599,1,7,8,2.5188685114842118
327603,1,7,5,0.3586789934097332
327622,1,7,10,18.274403328101858
327623,1,7,6,21.294396032536046
327652,1,7,1,17.924749085142295
327657,1,7,9,4.159229508392529
327672,1,7,9,6.530926113780616
327673,1,7,8,4.436510085651228
327688,1,7,10,7.382063508642657
327695,1,7,10,3.7406025258223456
327701,1,7,4,0.3586790108976326
327704,1,7,9,23.80619137919881
327705,1,7,5,0.3586789934097332
327706,1,7,7,1.6566003723908505
327739,1,7,5,0.3586789934097332
327741,1,7,5,0.3586789934097332
327763,1,7,9,17.120317714130895
327770,1,7,3,1.749678059304899
327771,1,7,8,23.80498150898652
327794,1,7,5,0.3586789934097332
327795,1,7,10,5.3872537078919605
327831,1,7,6,20.068582278193837
327837,1,7,5,0.3586789934097332
327848,1,7,9,10.557872691954994
327849,1,7,8,25.27600545881769
327850,1,7,9,25.962565932569717
327872,1,7,6,7.990581704962171
327887,1,7,8,22.370197681290342
327891,1,7,4,0.3586790108976326
327943,1,7,6,14.37557501970242
327958,1,7,9,24.16318445470668
327975,1,7,10,19.123018236764377
327978,1,7,5,0.3586789934097332
327979,1,7,10,12.366017206411057
327994,1,7,1,14.093095999221715
328001,1,7,10,17.509455648440383
328012,1,7,10,19.415674532178127
328028,1,7,3,0.8718385285956388
328029,1,7,5,0.3586789934097332
328035,1,7,1,5.794941242927052
328043,0,7,0,0.01293309567361116
328049,1,7,10,3.41773333626391
328124,1,7,8,16.285787910525727
328130,1,7,9,14.549429230149405
328131,1,7,6,5.227503480443969
328137,1,7,8,25.82505759758839
328142,1,7,4,0.3586790108976326
328152,1,7,9,24.100086311849417
328159,1,7,5,0.3586789934097332
328168,1,7,5,0.3586789949470627
328177,1,7,10,18.860747939673022
328180,1,7,8,28.06929788380008
328181,0,7,0,0.018932188559887826
328184,1,7,4,0.3586790108976326
328187,1,7,10,11.256520789807869
328208,1,7,8,15.555997496451992
328210,1,7,8,11.244734005001465
328248,1,7,9,15.426860998131223
328268,1,7,10,19.21049515519644
328279,1,7,6,23.377684257855943
328280,1,7,4,0.3586790108976326
328306,1,7,9,18.13208139108404
328339,1,7,5,0.3586789934097332
328342,1,7,6,13.015010514307379
328384,1,7,3,2.452002975362399
328388,1,7,3,2.4051203001837065
328402,1,7,2,9.779161651793677
328404,1,7,8,27.91754800983606
328405,1,7,9,6.577477162180497
328420,1,7,4,0.3586790108976326
328427,1,7,4,0.3586790108976326
328460,1,7,6,16.000945461438757
328461,1,7,1,4.905276591727082
328465,1,7,5,0.3586789934097332
328481,1,7,9,23.766589104358342
328483,1,7,8,20.86479480457903
328508,1,7,9,23.033846869548032
328510,1,7,10,4.775387541672807
328534,1,7,1,16.598054464656435
328548,1,7,10,13.696231568636566
328553,1,7,7,4.543678844731918
328556,1,7,6,10.347531936741468
328558,1,7,4,0.358679009087165
328566,1,7,3,2.2062090638456344
328567,1,7,6,13.518585411935325
328593,1,7,4,0.3586790108976326
328597,1,7,6,10.188098730223174
328601,1,7,8,24.070594892237953
328608,1,7,5,0.3586789934097332
328614,1,7,8,11.515004507495842
328624,1,7,1,15.372083103152434
328630,1,7,6,11.668368204179117
328636,1,7,9,21.605201791404117
328646,1,7,4,0.3586790108976326
328650,1,7,2,8.208629717275207
328651,1,7,10,5.1257042099030885
328654,1,7,5,0.3586789934097332
328662,1,7,6,21.2984372877674
328679,0,7,0,0.024815182236024677
328715,1,7,5,0.3586789934097332
328718,1,7,8,17.280636260766997
328743,1,7,7,2.0245245992363907
328744,1,7,1,5.662035978204654
328746,1,7,6,13.037954269890118
328755,1,7,8,19.203665415963098
328764,1,7,9,11.655356440515176
328787,1,7,4,0.3586790108976326
328792,1,7,5,0.3586789934097332
328793,1,7,9,24.140345544639864
328800,1,7,10,7.868008599732809
328801,1,7,9,18.971703359842
328802,1,7,1,9.671528139775537
328809,1,7,9,17.09221828256494
328812,1,7,3,2.0207604689710887
328823,1,7,2,11.62246137495359
328833,1,7,8,28.519287991225653
328842,1,7,2,10.948253019705074
328844,1,7,4,0.3586790108976326
328850,1,7,9,12.062510319920907
328853,1,7,9,7.4068951767539355
328861,1,7,6,16.716851379716413
328876,1,7,5,0.3586789934097332
328895,1,7,8,9.447385347861722
328904,1,7,8,20.58036157899869
328909,1,7,6,20.73065503367818
328919,1,7,2,13.60492750511382
328927,1,7,7,4.349698119965763
328937,1,7,2,8.56088413131574
328945,1,7,8,9.756958294304123
328948,0,7,0,0.02765049979381356
328960,1,7,2,11.71966193395022
328982,1,7,4,0.3586790108976326
328994,1,7,2,10.902914079735554
328997,1,7,9,6.39760931085506
329020,1,7,9,5.779458365125635
329022,1,7,6,4.795829538670714
329026,1,7,6,23.521942587343506
329032,1,7,3,2.2904415460854923
329039,1,7,6,21.869463830991823
329040,1,7,9,15.923848196760106
329041,1,7,6,23.134323261627117
329043,1,7,6,19.380688019703197
329044,1,7,3,2.2850573709456037
329046,1,7,5,0.3586789934097332
329053,1,7,5,0.3586789934097332
329055,1,7,9,26.352514974751482
329057,1,7,6,13.796390635244503
329064,1,7,3,2.2631778027275127
329070,1,7,6,20.413252798171555
329072,1,7,9,22.28655616117472
329079,1,7,6,15.18079963001952
329089,1,7,8,14.995320507226507
329120,1,7,8,5.764283290800256
329121,1,7,10,20.435049275696393
329127,1,7,9,22.89135156772924
329128,1,7,8,16.78058759797133
329140,1,7,7,1.980701710599418
329162,1,7,8,18.901991794918086
329185,1,7,1,15.166482445760222
329186,1,7,6,13.81526216133792
329188,1,7,1,16.83039853838145
329194,1,7,5,0.3586789934097332
329195,0,7,0,0.01236165661275078
329199,1,7,5,0.3586789934097332
329204,1,7,4,0.3586790108976326
329234,1,7,5,0.3586789934097332
329236,1,7,9,26.39098749883872
329239,1,7,5,0.3586789934097332
329244,1,7,4,0.3586790108976326
329260,1,7,8,10.883106221214184
329275,1,7,6,8.188512466769424
329276,1,7,10,3.031107028977021
329313,1,7,8,20.7319674195637
329324,1,7,1,13.030642627723209
329356,1,7,8,20.344599859229124
329357,1,7,5,0.3586789934097332
329361,1,7,1,12.003740564366133
329371,0,7,0,0.19541354773398217
329373,1,7,9,23.640165589908904
329376,1,7,6,19.782715560976122
329386,1,7,9,22.803647129678435
329404,1,7,6,6.079006590916301
329415,1,7,4,0.3586790108976326
329432,1,7,4,0.3586790108976326
329434,1,7,6,14.8352494520624
329443,1,7,6,15.94893168411299
329467,1,7,9,26.001713403740148
329476,1,7,8,26.421112966089698
329481,1,7,8,25.104591627714978
329483,1,7,4,0.3586790108976326
329501,1,7,4,0.3586790108976326
329522,1,7,8,16.022831744809857
329527,1,7,9,13.357301454245817
329531,1,7,6,20.81057006552758
329549,1,7,4,0.3586790108976326
329578,1,7,8,21.5373371734458
329579,1,7,1,17.786853093979463
329584,1,7,8,16.34477784696162
329616,1,7,9,24.12257655435251
329622,1,7,9,22.1448385090944
329633,1,7,9,7.520503053459519
329638,1,7,5,0.3586789934097332
329640,1,7,10,14.506851950786402
329643,1,7,6,12.601824818047948
329647,1,7,8,13.619680558176901
329669,1,7,7,1.8436425547373447
329670,1,7,6,17.487573192946417
329673,1,7,4,0.3586790108976326
329680,1,7,8,4.637917283950966
329690,1,7,8,24.01566826644481
329691,1,7,6,14.952526328111412
329695,1,7,9,9.469712855220738
329701,0,7,0,0.02309877239852898
329703,1,7,8,20.20285679484714
329729,1,7,10,8.934598046290485
329738,1,7,3,2.3856630873354514
329740,1,7,6,15.212208608347998
329752,1,7,8,20.889829976913415
329753,1,7,8,24.902585893634786
329758,1,7,8,26.90232104048286
329781,1,7,5,0.3586789934097332
329791,1,7,7,4.18870397145644
329796,1,7,6,15.752272186669584
329807,1,7,8,21.210086048327895
329828,1,7,9,9.59325065495708
329842,1,7,5,0.3586789934097332
329846,1,7,8,10.170472806295368
329862,1,7,2,13.484632160589035
329866,1,7,8,12.34565740287192
329872,1,7,10,11.370613457155146
329885,1,7,3,2.412356054665916
329898,1,7,4,0.3586790108976326
329918,1,7,8,3.9839864540697643
329929,1,7,10,12.366643389652461
329938,1,7,5,0.3586789934097332
329958,0,7,0,0.0167431653599757
329966,1,7,2,1.9808900320035803
329987,1,7,1,4.447997499639502
329996,1,7,9,2.293414322421393
329999,1,7,3,2.4159308611168124
330007,1,7,9,14.524592737155022
330009,1,7,4,0.358679009087165
330016,0,7,0,0.005897930507668374
330021,1,7,3,0.702536392293907
330026,1,7,2,6.6884421051719185
330034,1,7,5,0.3586789934097332
330045,1,7,5,0.3586789934097332
330046,1,7,1,19.417053809547
330078,1,7,10,9.674792528601438
330082,1,7,4,0.3586790108976326
330083,1,7,1,12.456259141906868
330085,1,7,8,12.201089430786686
330093,1,7,7,4.527199350668477
330107,0,7,0,0.03149980748566308
330108,1,7,1,14.573235606718463
330129,1,7,5,0.3586789934097332
330144,1,7,5,0.3586789934097332
330145,1,7,8,28.356066761158726
330191,0,7,0,0.01259377526823055
330209,1,7,4,0.3586790108976326
330212,1,7,7,3.4251885860816835
330221,1,7,9,21.08490764568312
330222,1,7,8,13.739601682091994
330226,1,7,10,13.259512294758338
330230,1,7,4,0.3586790108976326
330233,1,7,9,13.233003028885763
330245,1,7,8,20.88308394262921
330278,1,7,1,16.561870375000893
330293,1,7,10,18.699075054759557
330298,1,7,8,7.8407882042699
330300,1,7,9,4.304941115310895
330302,1,7,8,19.764092007637736
330303,1,7,5,0.3586789934097332
330324,1,7,8,9.303331848016981
330328,1,7,5,0.3586789949470627
330344,1,7,5,0.3586789934097332
330354,1,7,1,13.479952421879716
330372,1,7,9,25.474122230854753
330385,1,7,8,12.740822470554548
330400,1,7,8,10.024900453263148
330401,1,7,9,4.771892962815943
330416,1,7,4,0.3586790108976326
330425,1,7,8,23.006832062089195
330432,1,7,8,15.010095424532912
330433,1,7,9,12.306415651591605
330452,1,7,5,0.3586789934097332
330470,1,7,9,23.222885749969624
330476,1,7,5,0.3586789934097332
330478,1,7,9,7.752737610194535
330480,1,7,9,6.458869549288396
330490,1,7,3,2.2086491346653583
330504,1,7,4,0.3586790108976326
330505,1,7,8,23.456642557792545
330526,0,7,0,0.025595210415998923
330543,1,7,10,7.726513147947333
330550,1,7,9,9.8422403586355
330556,1,7,9,15.648013076282107
330557,1,7,4,0.3586790108976326
330560,1,7,5,0.3586789934097332
330577,1,7,2,4.008971705409774
330607,1,7,5,0.3586789934097332
330612,1,7,10,18.36065892501418
330615,1,7,9,23.41571910029792
330631,1,7,8,20.69238350650681
330638,1,7,6,20.75882972936567
330643,1,7,9,15.022641275576365
330646,1,7,1,12.861374477407006
330676,1,7,4,0.3586790108976326
330678,1,7,7,4.034777615677378
330679,1,7,8,23.71901766219727
330723,1,7,10,10.253879363754303
330728,1,7,8,17.752184641866858
330762,1,7,9,19.200936280461722
330774,1,7,8,27.49719411089886
330775,1,7,4,0.3586790108976326
330776,0,7,0,0.015073047181825576
330780,1,7,6,18.990035748441016
330786,1,7,8,22.774848819540832
330831,1,7,9,23.624288365041192
330836,1,7,8,26.918114947941657
330839,1,7,2,1.0684186630198735
330855,1,7,10,11.379715676968976
330875,1,7,6,21.319617891981505
330889,1,7,7,1.8306850610668735
330895,1,7,7,4.089230908289116
330917,1,7,9,24.994416644609377
330920,1,7,8,16.037746072868348
330941,1,7,2,9.427396395051968
330959,1,7,1,17.644280648843534
330964,1,7,9,15.98788349492376
330976,1,7,5,0.3586789934097332
330979,1,7,6,15.098386909318258
330982,1,7,10,12.402178515232354
331001,1,7,10,11.489141737722152
331007,1,7,4,0.3586790108976326
331011,0,7,0,0.020651630501038663
331016,1,7,7,2.3721826289761485
331022,1,7,10,4.109950778629283
331026,1,7,9,21.800322849573156
331065,1,7,5,0.3586789934097332
331068,1,7,9,23.098307892797834
331103,1,7,6,16.14503953014723
331143,1,7,3,1.9751456408405654
331159,1,7,8,14.441244051834138
331164,1,7,6,23.519448384138364
331185,1,7,7,2.0104163859468933
331190,1,7,6,21.6778110441118
331210,1,7,1,22.06435822106963
331211,1,7,9,17.493504621880923
331225,1,7,10,18.1339677231614
331227,1,7,4,0.3586790108976326
331229,1,7,5,0.3586789934097332
331251,1,7,10,21.187059308315888
331254,1,7,9,11.995585453034328
331263,1,7,8,6.98621702523141
331278,1,7,6,23.12590384863984
331280,1,7,8,22.991516183805736
331281,1,7,1,21.032363898144368
331282,1,7,4,0.3586790108976326
331283,1,7,8,23.114584063091105
331288,1,7,6,9.14823633272486
331294,1,7,6,21.797365467647086
331297,1,7,8,24.623696896188434
331301,1,7,5,0.3586789934097332
331305,1,7,10,21.234489497807893
331306,1,7,6,17.596701138026017
331307,0,7,0,0.028408184231626044
331309,1,7,9,14.721458625823683
331316,1,7,1,7.363570336873135
331318,1,7,5,0.3586789949470627
331319,1,7,9,24.373621764307345
331344,1,7,6,15.19226249193351
331384,1,7,5,0.3586789934097332
331386,1,7,10,4.109664498038261
331402,1,7,8,26.48526058513765
331403,1,7,6,13.856847126343169
331413,1,7,7,4.447837713606927
331420,1,7,9,24.064598465910873
331429,1,7,10,19.55897230836156
331433,1,7,5,0.3586789934097332
331441,1,7,5,0.3586789934097332
331444,1,7,9,7.189294329379688
331497,1,7,8,6.930094164869254
331506,1,7,1,21.192505193796965
331507,1,7,5,0.3586789934097332
331512,1,7,1,17.63572630040616
331513,1,7,9,24.433791251145855
331535,1,7,8,20.11393307676426
331557,1,7,5,0.3586789934097332
331560,1,7,4,0.3586790108976326
331576,1,7,8,20.354582423491046
331593,1,7,8,18.702348878318123
331599,1,7,9,26.357488799669504
331633,1,7,6,16.8184210588174
331637,1,7,7,2.9571623785741887
331640,1,7,6,14.767475725498205
331646,1,7,8,11.795760949227423
331656,1,7,9,10.935824462106396
331661,1,7,8,23.811287091731824
331673,1,7,10,20.572199874244347
331675,1,7,3,1.2563240481704931
331680,1,7,7,1.7584939887723523
331693,1,7,9,21.663630555240935
331695,0,7,0,0.012543935346241847
331709,1,7,8,13.277225565137117
331714,1,7,5,0.3586789934097332
331725,0,7,0,0.023043726408015063
331750,1,7,6,7.419762689655704
331756,1,7,9,15.79205105042247
331765,1,7,10,8.765453834981608
331775,1,7,3,1.5331327152037508
331777,1,7,5,0.3586789934097332
331803,1,7,10,11.031258120163622
331829,1,7,8,20.790189491588954
331830,1,7,5,0.3586789934097332
331842,1,7,9,8.758396098585573
331846,1,7,6,17.55920607899312
331868,1,7,5,0.3586789934097332
331872,1,7,8,9.541347088809177
331879,1,7,8,17.514194961571206
331881,1,7,8,18.921444175809206
331907,1,7,4,0.3586790108976326
331908,1,7,8,12.431410472168158
331924,1,7,9,13.282906592329756
331925,1,7,6,19.70030429352846
331933,1,7,6,9.717602517561923
331936,1,7,8,20.361550205017203
331944,1,7,5,0.3586789934097332
331951,1,7,7,1.0461500674894673
331953,1,7,6,23.194084037412427
331969,1,7,8,9.632628338092868
331984,1,7,6,19.67403822356734
332001,1,7,6,17.53557359422254
332006,1,7,10,9.683252706130935
332012,1,7,6,21.320716311633166
332014,1,7,2,11.160289262123902
332019,1,7,8,27.810769638677797
332020,1,7,6,14.624705097402384
332024,1,7,9,7.024969707128826
332025,0,7,0,0.023827873592396
332027,1,7,9,18.22279304167786
332035,1,7,4,0.3586790108976326
332039,1,7,9,24.909122109944928
332050,1,7,5,0.3586789934097332
332058,1,7,5,0.3586789934097332
332063,1,7,4,0.3586790108976326
332076,1,7,8,11.545127183059952
332086,1,7,8,15.999433529217805
332096,1,7,4,0.3586790108976326
332109,1,7,8,26.34948159375892
332113,1,7,4,0.3586790108976326
332118,1,7,1,17.381755238487955
332119,1,7,10,18.693981916721178
332140,1,7,4,0.3586790108976326
332143,1,7,5,0.3586789934097332
332145,1,7,9,26.362476104118514
332148,0,7,0,0.017730449262334882
332153,1,7,8,27.54591608779162
332154,1,7,6,15.08113934944594
332157,1,7,10,5.423605402565233
332161,1,7,9,14.560427558204015
332164,1,7,4,0.3586790108976326
332176,1,7,2,10.927921980805122
332180,1,7,9,16.65913562724804
332207,0,7,0,0.015112299511407646
332217,1,7,4,0.358679009087165
332218,1,7,6,18.881572878990575
332263,1,7,9,24.3976329580844
332269,1,7,5,0.3586789934097332
332287,1,7,4,0.3586790108976326
332309,1,7,8,23.599338640540335
332330,1,7,3,2.3222100377257435
332333,1,7,9,10.096822671530017
332345,1,7,9,11.988487186269225
332375,1,7,7,1.495779800410461
332377,0,7,0,0.022047025457719333
332391,1,7,4,0.3586790108976326
332394,1,7,10,7.823011389416041
332414,1,7,1,14.650078381340217
332416,1,7,8,16.04700652824967
332422,1,7,9,10.298414215865817
332423,1,7,9,25.774705192759455
332444,1,7,4,0.3586790108976326
332446,1,7,1,17.957195055477598
332448,1,7,6,11.924778760129639
332452,1,7,8,25.235136436085202
332467,0,7,0,0.14476960390164126
332476,1,7,7,0.8296525300869502
332477,1,7,8,13.142236715655748
332479,1,7,8,12.08980037066444
332498,1,7,8,8.935843343610745
332500,0,7,0,0.2693472299507811
332511,1,7,10,9.460188659658957
332523,1,7,8,4.162879230451773
332524,1,7,8,9.021703008862422
332554,1,7,9,21.748866283173314
332561,1,7,6,19.67887541595677
332567,1,7,10,21.27180625357703
332578,1,7,1,12.007885966191132
332580,1,7,1,7.23113224143562
332597,1,7,6,16.838244210506645
332606,1,7,6,12.639555803458347
332611,1,7,10,6.8527933340082035
332621,1,7,8,14.977948617766378
332626,1,7,5,0.3586789934097332
332635,1,7,10,12.527728286424582
332644,1,7,1,17.968463765524692
332645,1,7,6,13.375975733420782
332648,1,7,5,0.3586789934097332
332649,1,7,6,20.981798140436535
332650,1,7,4,0.3586790108976326
332657,1,7,10,10.299362499948009
332661,1,7,2,5.863796302845393
332666,1,7,8,8.77099135708518
332687,1,7,3,2.3637851499901954
332688,1,7,1,21.459910882631284
332690,1,7,6,16.662628533308656
332703,1,7,9,16.333373955737535
332710,1,7,4,0.3586790108976326
332718,1,7,9,22.783707323611306
332721,1,7,4,0.3586790108976326
332729,1,7,8,21.712241887730062
332733,1,7,4,0.3586790108976326
332737,1,7,9,22.25706127419006
332739,0,7,0,0.02614512096873777
332743,1,7,9,24.80656311935181
332744,1,7,9,16.315536250812546
332755,1,7,9,24.530999414240153
332757,1,7,6,19.145490933677824
332759,1,7,8,19.11378887122618
332771,1,7,9,6.577463069428178
332775,1,7,9,23.813568267808684
332793,1,7,9,22.51699715249173
332817,1,7,8,17.498967147654074
332836,1,7,3,2.4105704309041323
332838,1,7,6,13.242964232884098
332845,1,7,3,2.428048931766862
332853,1,7,7,3.738551824405209
332854,1,7,10,20.433177718551324
332868,1,7,8,15.341090306123352
332869,1,7,10,11.36096893714446
332887,1,7,8,27.41070446060022
332888,1,7,5,0.3586789934097332
332897,1,7,4,0.3586790108976326
332905,1,7,10,5.0956635629105165
332906,1,7,1,12.139100969204922
332923,0,7,0,0.01807666295295787
332930,1,7,8,20.09292519100195
332955,1,7,6,23.398230461842893
332958,1,7,9,7.539488184720896
332970,1,7,4,0.3586790108976326
332972,1,7,10,4.151138786064326
332998,1,7,2,5.588468165887482
333000,1,7,5,0.3586789934097332
333008,1,7,1,15.400083995280143
333025,1,7,2,2.427919422577966
333028,1,7,9,3.521347883313679
333048,1,7,6,23.971315378449653
333054,1,7,7,3.1339778872231094
333080,1,7,8,12.25524735832104
333098,0,7,0,0.020643232571109033
333142,1,7,5,0.3586789949470627
333149,1,7,5,0.3586789949470627
333160,1,7,6,23.845359767590566
333163,1,7,6,23.535698578161657
333169,1,7,6,23.38747438479517
333170,1,7,6,9.739586048468169
333197,1,7,10,8.599379901887549
333228,1,7,4,0.3586790108976326
333244,1,7,10,18.298665734788496
333267,1,7,1,6.427062315083794
333272,1,7,9,21.434053523155068
333276,1,7,8,25.704246919341568
333277,1,7,2,7.584637267829969
333291,1,7,10,18.38505650526086
333297,1,7,10,12.392343121029619
333299,0,7,0,0.026466946862559033
333309,1,7,5,0.3586789934097332
333324,1,7,8,7.482754880448447
333327,1,7,5,0.3586789934097332
333331,1,7,9,16.930625962643102
333396,1,7,8,12.541077409462963
333404,1,7,2,9.14107663158543
333408,1,7,4,0.3586790108976326
333427,1,7,8,25.80631341858037
333432,0,7,0,0.02375428394527659
333433,1,7,9,25.526231619849327
333445,1,7,8,27.535535400947186
333455,1,7,5,0.3586789934097332
333464,1,7,9,16.07602369407519
333469,1,7,9,7.914787317991048
333472,1,7,5,0.3586789934097332
333480,1,7,8,16.0007423181444
333481,1,7,9,14.287188567767725
333482,1,7,7,3.175234243560716
333484,1,7,1,18.136106438384193
333496,1,7,8,17.185406246352823
333514,1,7,10,12.556610516054057
333516,1,7,9,16.693086623240937
333520,1,7,8,17.796727158573365
333534,1,7,5,0.3586789934097332
333537,1,7,8,14.444409657969427
333547,1,7,3,2.3638054197431013
333557,1,7,10,6.793902143771275
333597,1,7,4,0.3586790108976326
333608,1,7,4,0.3586790108976326
333622,1,7,10,5.171260793358129
333626,1,7,6,12.11533713618637
333634,1,7,6,23.142564862718405
333646,1,7,4,0.3586790108976326
333653,1,7,5,0.3586789934097332
333664,1,7,7,4.188475258011516
333679,1,7,10,10.533008882249844
333686,1,7,1,6.910533184389443
333715,1,7,8,6.866655184574528
333724,1,7,10,16.395222417474596
333739,1,7,7,1.5635604119972404
333753,1,7,1,13.629874980372092
333758,1,7,5,0.3586789934097332
333764,1,7,1,19.821782002187017
333772,1,7,8,10.008556448970564
333779,1,7,8,16.699025224617642
333808,1,7,10,14.729434515998129
333829,1,7,10,16.907279798785467
333830,1,7,10,6.918158001383309
333838,1,7,10,12.091340250019075
333850,1,7,1,18.64694674720119
333872,0,7,0,0.026033850015850186
333874,1,7,4,0.3586790108976326
333877,1,7,10,18.865589193549646
333886,1,7,6,14.601373654292827
333889,1,7,7,2.7043801211831844
333917,1,7,7,1.6922750059634477
333918,1,7,5,0.3586789934097332
333947,1,7,5,0.3586789934097332
333950,1,7,8,17.45414714383185
333995,1,7,1,20.502640191861715
334012,1,7,5,0.3586789934097332
334024,1,7,6,16.95756522524574
334037,1,7,6,12.336728762191406
334042,1,7,7,3.6029896914800483
334055,1,7,5,0.3586789934097332
334064,1,7,7,4.3174671088241965
334110,1,7,9,18.3737141015555
334114,1,7,9,21.458338293264614
334118,0,7,0,0.026642053647178216
334119,1,7,6,13.632485632706658
334134,1,7,8,27.165386369053234
334151,1,7,8,12.371719100558895
334161,1,7,9,5.957505256473042
334163,1,7,6,5.046387158575959
334166,1,7,7,2.127710702932216
334197,1,7,5,0.3586789934097332
334199,1,7,10,21.27039705118109
334206,1,7,9,13.752992522080554
334239,0,7,0,0.015387075289126008
334244,1,7,7,4.046499029778417
334263,1,7,5,0.3586789949470627
334276,1,7,4,0.358679009087165
334294,1,7,5,0.3586789934097332
334306,1,7,4,0.3586790108976326
334339,1,7,6,22.220786385636735
334347,0,7,0,0.016809116738643756
334362,1,7,10,6.941869640109102
334377,1,7,1,14.838942696869076
334389,1,7,6,22.9946864245335
334392,1,7,6,22.9441164853114
334398,1,7,5,0.3586789934097332
334404,1,7,5,0.3586789934097332
334405,1,7,9,20.91682438434746
334426,1,7,3,2.3741363129123614
334432,1,7,8,7.466382948172953
334447,1,7,5,0.3586789934097332
334465,1,7,5,0.3586789934097332
334481,1,7,10,20.088505368123105
334490,0,7,0,0.01176005975465889
334496,1,7,9,23.55205819255693
334517,1,7,5,0.3586789934097332
334522,1,7,5,0.3586789934097332
334524,1,7,4,0.3586790108976326
334533,1,7,9,26.109570511123295
334535,1,7,7,2.0557392775033407
334544,1,7,5,0.3586789934097332
334557,1,7,9,16.75334718248789
334572,1,7,5,0.3586789934097332
334583,1,7,4,0.3586790108976326
334589,1,7,4,0.3586790108976326
334598,1,7,9,3.1078976668804845
334608,0,7,0,0.02043204098411449
334620,1,7,8,24.49456250615331
334678,1,7,6,17.484574548510665
334679,1,7,9,26.344885434194012
334682,1,7,4,0.3586790108976326
334697,1,7,4,0.3586790108976326
334699,0,7,0,0.024590639628642105
334712,1,7,9,23.87663885155489
334726,1,7,1,15.662181796567678
334733,1,7,10,11.417065020282887
334739,1,7,9,13.88592753537482
334752,1,7,10,8.175302679828977
334784,1,7,4,0.3586790108976326
334814,1,7,10,18.622029073730477
334822,1,7,2,11.105182733474557
334823,1,7,10,12.403510349311691
334836,1,7,10,10.414812066906874
334838,1,7,10,12.101069863078653
334851,1,7,8,13.570495834050467
334858,1,7,2,5.9726449386367255
334880,1,7,6,13.492519030985955
334881,1,7,2,6.878985389289967
334901,1,7,6,4.947506401033811
334911,0,7,0,0.02958060420336482
334921,1,7,8,5.522803967102297
334922,1,7,6,9.685468161452572
334934,1,7,1,22.611069793596243
334951,1,7,10,18.66163820558746
334963,1,7,5,0.3586789934097332
334971,1,7,10,21.26807302330704
334983,1,7,1,18.30290560467754
334999,1,7,8,25.91646704687017
335011,1,7,10,7.775287193484073
335013,1,7,9,22.61015900547705
335018,1,7,7,0.8830331299044194
335020,1,7,9,20.668611947322102
335021,1,7,10,20.45924099126038
335024,1,7,9,10.223018442243543
335051,1,7,9,10.565129710546561
335096,1,7,9,26.427921458818773
335104,1,7,9,6.226237179940989
335110,1,7,10,14.335363902232427
335113,1,7,9,13.373833141108124
335114,1,7,9,25.958838811170583
335121,1,7,5,0.3586789934097332
335135,1,7,9,6.430575838089414
335156,1,7,9,25.61270054964526
335168,1,7,5,0.3586789934097332
335174,1,7,4,0.3586790108976326
335176,1,7,4,0.3586790108976326
335187,1,7,9,7.334360032075947
335205,1,7,5,0.3586789934097332
335216,1,7,4,0.3586790108976326
335222,1,7,10,11.706728513587464
335224,1,7,4,0.3586790108976326
335241,1,7,5,0.3586789934097332
335249,1,7,1,22.62718638703259
335262,1,7,6,14.18938813657469
335267,1,7,1,22.71065144046084
335268,1,7,6,10.48861941623816
335280,1,7,9,25.667953281034922
335295,1,7,5,0.3586789934097332
335307,1,7,9,26.230522332558184
335314,1,7,8,16.946512913345742
335319,1,7,8,28.476799847886422
335329,1,7,5,0.3586789949470627
335333,1,7,10,11.253518434882697
335347,1,7,8,19.902390784091185
335352,1,7,8,8.246110796957362
335356,1,7,7,3.6904719233529564
335361,1,7,1,20.928401956019535
335393,1,7,8,11.10624262738653
335405,1,7,6,9.278997097170699
335411,1,7,9,12.402521963032694
335416,1,7,3,2.3586373890297994
335431,1,7,4,0.3586790108976326
335437,1,7,6,10.561811619374689
335453,1,7,7,3.844987144183732
335457,1,7,9,4.2472746319029735
335467,1,7,8,21.694424972755954
335477,1,7,3,1.5476085033483085
335482,1,7,4,0.3586790108976326
335506,0,7,0,0.01588541747003332
335509,1,7,9,22.8848594094461
335516,1,7,8,16.725474716892435
335524,1,7,6,15.25943055913914
335532,1,7,9,25.907078466807747
335544,1,7,4,0.3586790108976326
335545,1,7,6,16.324366171918438
335549,1,7,4,0.3586790108976326
335553,1,7,2,11.523421914583405
335556,1,7,5,0.3586789934097332
335579,1,7,3,2.41959048119031
335580,1,7,1,10.569354710138484
335587,1,7,1,15.01429437493298
335592,1,7,6,23.696238031313783
335606,1,7,2,2.480203018607648
335608,1,7,7,2.505536202639921
335609,1,7,1,4.049711261677353
335622,1,7,4,0.3586790108976326
335623,1,7,4,0.3586790108976326
335629,1,7,5,0.3586789934097332
335648,1,7,9,16.593395581539887
335654,1,7,1,20.84788563090654
335663,1,7,7,4.108271154868021
335664,1,7,1,7.46375343073826
335672,1,7,1,22.561331199644936
335682,1,7,4,0.3586790108976326
335697,1,7,9,6.819679239216757
335699,1,7,5,0.3586789934097332
335703,1,7,3,2.323127806463499
335704,1,7,6,9.000168940943741
335710,1,7,6,23.72201126146093
335720,1,7,5,0.3586789934097332
335741,1,7,10,12.352570783555777
335744,1,7,7,1.7403654443369287
335747,0,7,0,0.022946564794967917
335768,1,7,9,17.25855659179841
335769,1,7,7,4.430295677603217
335788,1,7,5,0.3586789934097332
335800,1,7,4,0.3586790108976326
335818,1,7,5,0.3586789934097332
335819,1,7,5,0.3586789934097332
335827,1,7,9,12.417746095251843
335841,1,7,4,0.3586790108976326
335854,1,7,6,6.217184769948738
335858,1,7,5,0.3586789934097332
335874,1,7,9,15.032100948092086
335883,1,7,8,24.06489432445453
335908,1,7,4,0.358679009087165
335935,1,7,3,1.983121434393054
335939,1,7,10,10.041593629873258
335942,1,7,5,0.3586789934097332
335944,1,7,8,18.891282664065233
335945,1,7,4,0.3586790108976326
335960,1,7,3,2.346579557731593
335971,1,7,5,0.3586789934097332
335986,1,7,9,25.59840793301969
335992,1,7,7,2.317826565647723
335994,1,7,5,0.3586789934097332
335995,1,7,6,21.15155691209898
336019,1,7,9,16.23714492518764
336023,1,7,5,0.3586789934097332
336031,1,7,6,9.591525027976196
336036,0,7,0,0.02509182696713749
336039,0,7,0,0.025056332557024705
336049,1,7,8,4.544593375930544
336125,1,7,8,7.104313961969651
336131,1,7,5,0.3586789934097332
336152,1,7,5,0.3586789934097332
336163,1,7,2,7.155793295839878
336188,1,7,8,13.295921422303456
336189,1,7,8,15.624951842947127
336202,1,7,10,19.569879810154912
336214,1,7,2,7.8404059314854
336223,1,7,9,20.413535669982846
336227,1,7,9,20.638896958854428
336233,1,7,10,5.6510123885998444
336242,1,7,9,24.610026749331098
336244,1,7,10,9.020249822349301
336269,1,7,6,11.752611389231364
336279,1,7,5,0.3586789949470627
336283,1,7,7,2.7087292162895733
336288,1,7,3,2.1624184880198087
336298,1,7,8,13.828773177897302
336317,1,7,6,18.50237408503738
336336,1,7,2,4.000074165148638
336362,1,7,3,2.4081284591813863
336377,1,7,5,0.3586789934097332
336394,1,7,9,24.100266309834605
336396,1,7,8,10.570159907246039
336397,1,7,6,18.59993844495065
336413,1,7,5,0.3586789934097332
336414,1,7,2,4.02063037254991
336425,1,7,9,25.37052053892611
336427,1,7,1,21.531085604880037
336437,1,7,6,15.214986425559301
336441,1,7,7,3.929090207220461
336445,1,7,5,0.3586789934097332
336448,1,7,5,0.3586789934097332
336466,1,7,9,5.817632506886463
336468,1,7,8,27.186050668679513
336473,1,7,10,3.179179761221158
336474,1,7,8,17.193707254581632
336484,1,7,1,14.99252495584317
336490,1,7,9,14.57516930766326
336491,1,7,8,10.508473586717002
336510,1,7,9,25.570235860775206
336513,1,7,1,23.249921046953066
336516,1,7,6,12.770657603861414
336517,1,7,9,25.396640962747785
336526,1,7,9,20.64280990308815
336538,1,7,9,24.37655934609087
336542,1,7,9,17.381417475021134
336550,1,7,4,0.358679009087165
336554,1,7,10,21.233356470123237
336559,1,7,9,10.057910112707392
336560,1,7,8,6.6656890391539285
336564,1,7,6,14.928989552849869
336574,1,7,6,23.127022589073793
336578,1,7,3,0.770299058839609
336607,1,7,1,19.392139345996885
336609,1,7,4,0.3586790108976326
336613,1,7,1,14.27534957523324
336642,0,7,0,0.034846691841806714
336650,0,7,0,0.023304577411764935
336667,1,7,2,6.874071709876816
336688,1,7,9,20.430670084863742
336693,1,7,8,20.189999162061323
336697,1,7,6,14.057712530430695
336703,1,7,8,17.245139789632894
336720,1,7,6,7.600196684937558
336721,1,7,4,0.3586790108976326
336727,1,7,3,2.386736773512215
336747,0,7,0,0.018967343775393896
336752,1,7,9,21.683220908072112
336755,1,7,4,0.3586790108976326
336757,1,7,6,23.538991216517218
336762,1,7,6,23.749599392988657
336777,1,7,10,15.149493913412062
336786,1,7,8,12.852998118317139
336793,1,7,9,15.311304195473465
336800,1,7,9,25.263453233834458
336814,1,7,9,21.806347398936367
336821,1,7,6,23.251241363275618
336827,1,7,6,23.96196009047048
336831,1,7,9,23.498232068028596
336840,1,7,5,0.3586789934097332
336850,1,7,10,12.14576645431581
336871,1,7,9,25.892920847496583
336877,1,7,4,0.3586790108976326
336878,1,7,8,9.081735140666325
336883,1,7,8,13.816956005204954
336884,1,7,6,12.396037004194058
336896,1,7,8,10.915321645122377
336909,1,7,6,10.485876893076917
336912,1,7,4,0.3586790108976326
336914,1,7,9,15.850440054276431
336918,1,7,8,3.0938235267158136
336930,1,7,2,9.046858717743504
336934,1,7,7,1.7185114205755567
336939,1,7,5,0.3586789934097332
336964,1,7,8,3.805123452563411
336965,1,7,4,0.3586790108976326
337000,0,7,0,0.026318081134193178
337010,1,7,8,11.630373546562282
337012,1,7,6,10.958588562809387
337064,1,7,10,7.212221410510637
337074,1,7,1,7.685810649417252
337113,1,7,9,20.43063094763754
337114,1,7,8,16.041130071316868
337116,1,7,8,13.478518432392203
337127,0,7,0,0.0155832818943149
337139,1,7,1,8.404525783564745
337165,1,7,8,25.81232278954715
337172,1,7,1,6.204780394190832
337186,1,7,8,11.992070253841181
337201,1,7,3,1.8707913091306994
337210,1,7,2,6.250944199375799
337223,1,7,3,2.143842459445972
337236,1,7,8,24.267885028042492
337245,1,7,6,13.894761684995643
337260,1,7,9,22.54777522931534
337266,1,7,5,0.3586789934097332
337268,0,7,0,0.023266613019165727
337281,1,7,1,6.485041378124145
337283,1,7,9,24.029042480966258
337288,1,7,9,24.587462849438772
337295,1,7,5,0.3586789934097332
337306,1,7,8,12.031535165358688
337316,1,7,5,0.3586789934097332
337320,1,7,9,8.368216395986558
337335,1,7,4,0.3586790108976326
337345,1,7,9,25.616660529487486
337351,1,7,8,27.188114144788766
337373,1,7,6,23.166607793478157
337383,1,7,5,0.3586789934097332
337400,1,7,10,11.7392433177795
337422,1,7,9,25.513596331580526
337431,1,7,5,0.3586789934097332
337434,1,7,1,20.795688758214784
337464,0,7,0,0.18705790669260694
337496,1,7,1,21.084068302311255
337500,1,7,6,21.79447279529554
337520,1,7,10,5.395017382840835
337531,1,7,9,22.156935539835512
337537,1,7,8,26.745560797762746
337544,1,7,6,14.54620529026446
337555,1,7,9,24.76527877266597
337585,1,7,7,1.5962015958551736
337586,1,7,9,24.25036203420246
337611,1,7,6,6.264107839506007
337615,1,7,8,28.18933637445613
337620,1,7,9,11.126914472151189
337662,1,7,7,3.3516432128254228
337669,1,7,6,23.750487419821354
337672,1,7,1,11.449885260864257
337676,1,7,6,14.641496298937165
337684,1,7,2,3.9982311460445525
337703,1,7,7,1.6503681549263414
337709,1,7,9,25.151466405540088
337716,1,7,6,14.767006581887419
337724,1,7,6,10.131337862657851
337731,0,7,0,0.03148762069273748
337735,1,7,10,20.46922622771631
337740,1,7,9,10.032171853252477
337749,1,7,1,14.972113210692875
337760,1,7,8,12.557144392958454
337764,1,7,8,20.813713540056607
337766,1,7,2,10.64893610824869
337791,1,7,5,0.3586789934097332
337793,1,7,10,6.384494356874946
337808,1,7,5,0.3586789934097332
337810,1,7,4,0.3586790108976326
337816,1,7,10,18.067683266195964
337823,1,7,1,6.0901900086239795
337830,1,7,1,23.19831845611505
337832,1,7,9,14.189857013152448
337841,1,7,8,17.293085529685207
337842,1,7,6,20.07769628310752
337844,1,7,5,0.3586789934097332
337851,0,7,0,0.012258935879574683
337891,1,7,6,11.841074155420886
337894,1,7,9,15.459183064624531
337898,1,7,1,21.742072528300486
337912,0,7,0,0.015970938627672696
337947,1,7,8,6.657903542314475
337961,1,7,9,10.480277675307065
337968,1,7,4,0.3586790108976326
337977,1,7,10,5.074721895798886
337989,1,7,5,0.3586789934097332
337993,1,7,8,28.516883558368487
338004,1,7,8,13.338602017501001
338024,1,7,3,2.4035145542619114
338025,1,7,7,4.273701045731527
338027,1,7,8,14.515083709546753
338040,1,7,9,26.102806522264558
338073,1,7,9,25.189658623964057
338080,1,7,3,1.9964422519583422
338084,1,7,9,25.910344088503045
338088,1,7,7,4.4958684658864225
338091,1,7,8,11.517010241226998
338092,1,7,8,9.328108251466698
338095,1,7,4,0.3586790108976326
338101,1,7,4,0.3586790108976326
338106,1,7,8,13.588404891977214
338113,1,7,7,4.5994948040141725
338121,1,7,9,12.271147671105128
338123,1,7,2,5.474024698742409
338124,1,7,5,0.3586789934097332
338133,1,7,4,0.3586790108976326
338172,1,7,9,12.659714949444727
338185,1,7,9,24.316079833068304
338198,1,7,3,1.3696755054678824
338201,1,7,10,18.528547022587603
338205,1,7,7,4.051032083130936
338249,1,7,7,0.6243203461655644
338251,1,7,7,1.205189820097842
338259,1,7,5,0.3586789934097332
338260,1,7,6,6.166712847961424
338264,1,7,6,9.117520027504737
338266,1,7,8,24.58546211943558
338275,1,7,10,5.589933036221377
338295,1,7,5,0.3586789934097332
338298,1,7,9,18.454877701708853
338306,1,7,6,13.67497239053775
338309,1,7,8,8.24857276734779
338311,1,7,5,0.3586789934097332
338368,1,7,7,3.9089233627530953
338374,1,7,2,10.040245030535182
338386,1,7,4,0.3586790108976326
338393,1,7,7,1.1921377439263428
338398,1,7,9,5.702699933796498
338400,1,7,1,4.065304261213792
338448,1,7,7,3.4086742326734107
338462,1,7,6,16.42614522069413
338475,1,7,9,21.12178135469953
338479,1,7,5,0.3586789934097332
338513,0,7,0,0.012135721814862022
338519,1,7,6,22.19110428589173
338529,1,7,8,21.712514462255825
338553,1,7,5,0.3586789934097332
338567,1,7,8,22.495808630813073
338580,1,7,8,23.67933915751021
338589,1,7,10,21.309271283169803
338617,1,7,6,19.26799394627649
338627,1,7,5,0.3586789949470627
338630,1,7,1,18.02753395650112
338635,1,7,6,21.535574625913082
338639,1,7,6,23.421482171618234
338646,1,7,7,1.1296021168609558
338649,1,7,8,28.180172917486033
338659,1,7,8,24.087993887957857
338662,1,7,8,18.72744914512061
338686,1,7,4,0.3586790108976326
338691,1,7,10,4.73194075049981
338693,1,7,8,26.29076325133864
338703,0,7,0,0.05437230432020417
338709,1,7,7,4.216160254002225
338715,1,7,6,12.370216780674196
338720,1,7,6,17.470431762617938
338739,1,7,7,2.4936378216435404
338743,1,7,5,0.3586789934097332
338762,1,7,9,23.467499569827034
338768,1,7,1,9.601269448218973
338784,1,7,6,21.691962603477332
338794,0,7,0,0.10346628060741996
338797,1,7,3,2.303756726318463
338799,1,7,9,20.860791519871963
338807,1,7,8,20.160891061720353
338808,1,7,5,0.3586789934097332
338813,1,7,1,15.492920645444885
338820,1,7,8,11.503676164098966
338832,1,7,8,24.01983051842458
338862,1,7,6,23.393311745241217
338863,1,7,8,2.1978801945345476
338868,1,7,6,23.934319586408243
338878,1,7,7,1.9493262592011635
338881,1,7,9,10.132294641431514
338882,1,7,8,7.418347837564281
338892,1,7,8,21.08834590264218
338902,1,7,9,23.756870394321613
338913,1,7,6,14.500068413242841
338931,1,7,9,12.035504308344963
338934,1,7,10,12.220785790119592
338953,1,7,6,23.836220418193385
338956,1,7,6,14.036501687740278
338968,1,7,9,16.545541083648782
338970,1,7,6,18.936980405197293
338976,1,7,10,6.646160388440377
338984,1,7,9,15.113262158951665
338991,1,7,5,0.3586789934097332
339005,1,7,4,0.3586790108976326
339009,1,7,6,21.601389933740116
339015,1,7,3,2.3009120436779513
339031,1,7,8,25.91617090784475
339050,1,7,8,10.635099459767142
339062,1,7,9,6.5744943224222085
339070,1,7,4,0.3586790108976326
339085,1,7,10,5.645376014996108
339087,1,7,10,21.11629888357986
339096,1,7,8,25.07967802154782
339098,1,7,5,0.3586789934097332
339130,1,7,6,14.6004950073048
339140,1,7,9,24.2857280834902
339141,1,7,9,6.969274013258946
339146,1,7,2,13.005818670336486
339160,1,7,6,11.085271342667196
339161,1,7,8,8.212507589685769
339162,0,7,0,0.04428403302512527
339169,1,7,8,12.589146951298005
339177,1,7,6,11.151217393636136
339190,1,7,6,21.723849014859358
339191,1,7,1,23.047342130460216
339194,1,7,10,15.31676353307202
339213,1,7,10,10.826534031490233
339219,1,7,6,15.31169173139916
339221,1,7,5,0.3586789934097332
339238,1,7,9,15.41059179755816
339250,0,7,0,0.10927037558456058
339251,1,7,9,13.51678601709178
339256,1,7,9,13.510935578736134
339275,1,7,6,22.875255517779113
339284,1,7,9,23.061130354200834
339287,1,7,5,0.3586789934097332
339292,1,7,7,4.02620157210224
339310,1,7,9,15.206330745576455
339313,1,7,7,3.6450376677809513
339343,1,7,8,16.720622261258274
339351,1,7,5,0.3586789934097332
339362,1,7,10,11.229290364700416
339390,1,7,5,0.3586789934097332
339392,1,7,9,9.734182405448124
339397,1,7,2,2.139092362592144
339412,1,7,8,18.62472929953367
339425,1,7,10,15.693229285073858
339429,1,7,9,11.455373977200729
339440,1,7,8,23.252378678003893
339442,1,7,6,17.763175077116397
339454,1,7,6,19.028277755812866
339459,1,7,5,0.3586789934097332
339468,1,7,8,24.032779637359827
339470,1,7,9,24.78435312941338
339472,1,7,4,0.3586790108976326
339484,1,7,9,19.51234429372909
339515,1,7,6,8.404034505923418
339520,1,7,9,9.338892120944317
339543,1,7,6,12.64110675426228
339546,1,7,5,0.3586789934097332
339552,1,7,3,2.38187440057721
339585,1,7,5,0.3586789934097332
339586,0,7,0,0.3073780847329818
339591,1,7,4,0.3586790108976326
339598,1,7,4,0.3586790108976326
339599,1,7,2,2.1225724964165438
339604,0,7,0,0.018904912332718612
339613,1,7,5,0.3586789934097332
339623,1,7,8,21.61740835732175
339664,1,7,6,16.12788507121003
339665,1,7,9,16.7399385519614
339671,1,7,5,0.3586789934097332
339674,1,7,8,10.716853721404854
339683,1,7,10,19.24340224653357
339684,1,7,8,18.86234734800039
339695,0,7,0,0.04449586335041844
339703,1,7,6,10.814974567093639
339712,1,7,6,13.568323573119788
339713,1,7,2,5.1359859118382785
339731,1,7,9,6.5854404260517265
339734,1,7,6,11.450424087395707
339753,1,7,9,15.652219153901195
339782,1,7,4,0.3586790108976326
339784,1,7,8,25.12414942848473
339791,1,7,4,0.358679009087165
339795,1,7,5,0.3586789949470627
339798,1,7,1,16.81093836938075
339827,1,7,6,15.374077767831055
339834,1,7,10,4.841489834306331
339847,1,7,1,22.678909093651413
339855,1,7,1,18.345163378876805
339871,1,7,9,17.43638199260828
339925,1,7,5,0.3586789934097332
339930,0,7,0,0.020906531504294043
339932,1,7,1,11.036304659378285
339943,1,7,9,23.092359607700338
339961,1,7,5,0.3586789934097332
339979,1,7,9,11.83311508039589
339992,1,7,9,19.971277298907015
339996,1,7,4,0.3586790108976326
340013,1,7,5,0.3586789934097332
340038,1,7,8,21.428564119828398
340039,1,7,5,0.3586789934097332
340045,1,7,10,12.467836317461144
340049,1,7,7,1.8753504631964726
340053,1,7,4,0.3586790108976326
340061,1,7,7,1.203189142613635
340070,1,7,3,0.8730354334197752
340077,1,7,1,8.796353790610015
340078,1,7,8,13.352598401551216
340086,1,7,4,0.3586790108976326
340107,1,7,4,0.3586790108976326
340111,1,7,8,26.67361973817324
340123,0,7,0,0.012583855775443912
340124,1,7,9,17.567915522244945
340131,1,7,2,13.619687835850526
340148,1,7,6,14.30610718249285
340157,1,7,8,6.748199504852855
340173,1,7,5,0.3586789934097332
340185,1,7,3,0.8236071731118825
340192,1,7,8,17.622064507855384
340197,1,7,8,6.499743334810083
340213,1,7,8,26.47011436334879
340215,1,7,6,23.04007605001595
340218,1,7,9,24.364530603854806
340221,1,7,1,17.887036534802846
340228,1,7,6,14.66609298002547
340241,1,7,2,7.536273804226458
340244,1,7,6,20.029004124448754
340249,1,7,10,12.40656927243077
340252,1,7,8,20.36249955820027
340260,1,7,6,6.5350283289437066
340266,1,7,1,11.18641922897479
340269,1,7,4,0.3586790108976326
340271,1,7,3,2.3564905934130556
340276,1,7,8,14.47510393197334
340289,1,7,9,25.81859305092591
340291,1,7,1,15.467150153241173
340306,1,7,9,25.47913685608075
340312,1,7,8,5.296012390962405
340320,1,7,7,2.3759358581479733
340324,1,7,10,12.819520772772371
340325,1,7,9,22.54890307145791
340327,1,7,8,13.028565101364112
340329,1,7,9,24.25876402929722
340347,1,7,10,4.959085239874788
340365,1,7,1,20.35870913200378
340369,1,7,8,25.91048256706437
340370,1,7,8,24.06391039407824
340374,1,7,9,7.745449057332008
340405,1,7,8,18.139731355951845
340406,0,7,0,0.04662349706880313
340432,1,7,9,22.652703840789194
340437,1,7,10,14.324484622693136
340443,1,7,2,12.9511222792905
340455,1,7,5,0.3586789934097332
340456,1,7,8,28.49391552363395
340474,1,7,9,24.410607328337647
340475,1,7,4,0.3586790108976326
340479,1,7,6,14.583272077624295
340498,1,7,4,0.3586790108976326
340507,1,7,6,11.448691974490417
340517,1,7,10,20.105328511097248
340519,1,7,8,2.5381110358543735
340526,1,7,6,13.459477567252257
340537,1,7,8,18.911740337178628
340559,1,7,4,0.3586790108976326
340563,1,7,2,10.0467143302566
340564,1,7,6,23.016235509609437
340572,1,7,1,4.339591364162688
340574,1,7,6,7.085042641842987
340575,1,7,10,3.772713384007244
340576,1,7,8,22.27450175531544
340599,1,7,4,0.3586790108976326
340605,1,7,1,11.072789590876884
340615,0,7,0,0.024258900425332297
340618,1,7,6,23.27154192119029
340620,1,7,4,0.3586790108976326
340624,1,7,9,23.24267789014652
340630,1,7,8,17.527846283804948
340636,1,7,3,2.2374649669926128
340678,1,7,4,0.358679009087165
340694,0,7,0,0.021705535322530948
340701,1,7,1,10.297660710765255
340705,1,7,7,0.656604869536641
340737,1,7,9,19.708862428911647
340744,1,7,9,15.26354952044921
340758,1,7,7,1.3687078987032821
340766,1,7,8,14.698998331348646
340781,0,7,0,0.013651882324562707
340782,1,7,5,0.3586789934097332
340796,1,7,9,12.724749701361361
340797,1,7,5,0.3586789934097332
340808,1,7,9,21.890713582797083
340824,1,7,7,1.8821096739872833
340826,1,7,8,26.656803726293656
340830,1,7,10,5.496834953480148
340831,1,7,8,6.426451767913268
340841,1,7,2,13.633167278518279
340846,1,7,8,10.390216282786161
340852,1,7,6,6.2364239851407515
340862,1,7,8,17.189436949063236
340872,1,7,2,8.078293371187097
340894,1,7,8,20.50303479941794
340927,1,7,10,12.1238904962859
340930,1,7,9,5.794490903912974
340932,0,7,0,0.017070484988491938
340937,1,7,3,1.8926961983331099
340938,0,7,0,0.013382844512435724
340945,1,7,6,13.73990540339894
340948,1,7,9,14.939187929762003
340957,1,7,9,10.19425331107205
340962,0,7,0,0.013287651306360993
340963,1,7,5,0.3586789949470627
340964,1,7,9,16.460713186800547
340970,1,7,5,0.3586789934097332
340979,0,7,0,0.03543946643427994
340984,1,7,10,15.308856164975023
341010,1,7,8,16.42327839486973
341024,1,7,2,12.877581974487352
341026,1,7,8,19.585509293180728
341045,1,7,9,23.516163657559087
341068,1,7,4,0.3586790108976326
341072,1,7,8,23.40167179184488
341076,1,7,10,17.500344320974264
341095,1,7,2,5.5434386139347875
341117,1,7,5,0.3586789934097332
341133,1,7,8,10.626952906226398
341134,1,7,10,7.632224830226946
341138,1,7,4,0.3586790108976326
341167,1,7,10,10.141089202436676
341168,1,7,10,10.234101322977356
341186,1,7,10,12.394827057734917
341189,1,7,3,1.3773347255781203
341191,1,7,5,0.3586789934097332
341200,1,7,6,8.708435953716673
341201,1,7,9,16.631205463957514
341220,1,7,9,16.253374709295205
341225,1,7,10,6.065705384056516
341231,1,7,8,25.83589780187159
341232,1,7,5,0.3586789934097332
341237,1,7,8,12.740311641320085
341250,1,7,6,23.055424868399015
341263,1,7,2,1.0264761199850825
341270,1,7,6,18.921655417790753
341272,1,7,7,1.9355993074752893
341292,1,7,6,14.273372567592514
341297,1,7,5,0.3586789934097332
341325,1,7,9,24.315758556997718
341330,1,7,4,0.3586790108976326
341342,1,7,1,11.81914530789478
341355,1,7,9,9.453892772193724
341359,1,7,6,14.49220472942553
341395,1,7,3,2.4293260402558667
341404,1,7,5,0.3586789934097332
341425,1,7,9,17.594996904668687
341426,1,7,9,13.481976195300481
341427,1,7,9,19.6691883203392
341444,1,7,2,7.52389168139143
341445,1,7,5,0.3586789934097332
341461,1,7,5,0.3586789934097332
341465,1,7,9,24.21284996506886
341470,0,7,0,0.13984714928725164
341486,1,7,9,25.485136629815877
341509,1,7,2,4.606510027576092
341522,1,7,9,22.97568651598069
341542,1,7,7,1.5910932931863375
341553,1,7,1,10.386649111002548
341562,1,7,6,10.435579533770879
341563,1,7,10,21.25280949499871
341564,1,7,9,6.800964650486611
341579,1,7,8,3.012316629641081
341580,1,7,5,0.3586789934097332
341581,1,7,5,0.3586789934097332
341600,1,7,4,0.3586790108976326
341608,1,7,10,17.94449410735945
341618,1,7,8,12.827822700439427
341621,0,7,0,0.0286176848519506
341622,1,7,8,14.962607758807579
341645,1,7,10,12.667413730423247
341652,1,7,5,0.3586789934097332
341657,1,7,9,15.481747478754231
341667,1,7,10,17.556666427060588
341668,1,7,7,4.566598468881676
341695,1,7,8,16.559029495704916
341697,1,7,8,14.619027357204333
341712,1,7,8,13.953976622713727
341733,1,7,10,16.873157273805486
341737,1,7,4,0.3586790108976326
341745,1,7,1,18.278412465831448
341749,1,7,1,15.753601280416078
341754,1,7,9,26.344602397038912
341757,1,7,4,0.3586790108976326
341762,1,7,6,22.058858063648337
341770,1,7,2,7.199498929028272
341777,1,7,5,0.3586789934097332
341808,1,7,9,26.243130335982205
341810,1,7,10,21.183948952293477
341811,1,7,2,7.039760215948818
341836,1,7,3,2.0718241458104223
341838,1,7,8,6.909525099529535
341859,1,7,1,18.27345079298524
341865,1,7,5,0.3586789934097332
341868,1,7,4,0.3586790108976326
341883,1,7,4,0.3586790108976326
341886,1,7,1,18.632612978954548
341894,0,7,0,0.023749039235393107
341903,1,7,8,24.922887818374367
341904,1,7,1,20.505468024968227
341915,1,7,8,16.466968449246778
341932,0,7,0,0.025874779044009606
341945,1,7,4,0.3586790108976326
341954,1,7,2,7.160072137750157
341972,1,7,9,12.159575196149612
341977,1,7,10,12.34516104278298
341980,1,7,1,9.918669378526156
341986,1,7,4,0.3586790108976326
341997,1,7,7,0.3500688618233191
342002,1,7,10,12.6836031518243
342028,1,7,5,0.3586789934097332
342031,1,7,5,0.3586789934097332
342051,1,7,8,3.4922061097455668
342053,1,7,7,4.603526951861954
342062,0,7,0,0.2155493816311892
342071,0,7,0,0.021034415044657494
342085,1,7,5,0.3586789934097332
342096,1,7,7,4.494763439678829
342099,1,7,9,13.465527630430923
342107,1,7,7,4.404120331128244
342110,1,7,6,13.832460428449355
342116,1,7,4,0.3586790108976326
342137,1,7,8,22.841838637470993
342139,1,7,6,16.588375531818503
342142,1,7,4,0.3586790108976326
342159,1,7,1,15.146626768735587
342188,1,7,5,0.3586789934097332
342193,1,7,8,12.694331675698766
342199,1,7,8,24.757439509731856
342200,1,7,6,19.59369009199231
342219,1,7,9,16.908178544150445
342241,1,7,2,3.4830015299755592
342250,1,7,3,1.6292988967043553
342259,1,7,10,15.81572296270894
342268,1,7,4,0.3586790108976326
342297,1,7,2,12.306500269830957
342311,1,7,2,10.698519632713529
342338,1,7,4,0.3586790108976326
342354,1,7,8,28.002004968171388
342356,1,7,8,15.02417776722562
342362,1,7,5,0.3586789934097332
342364,1,7,8,26.984609711381477
342368,1,7,9,13.387614212301429
342375,1,7,7,2.430728298995468
342402,0,7,0,0.030189084877901375
342403,1,7,3,1.3997234097056026
342411,1,7,6,23.156511310567012
342421,1,7,9,25.890250231257607
342431,1,7,9,26.216135281948368
342432,1,7,8,16.105950396369654
342440,1,7,9,5.665515786470997
342452,1,7,2,8.22792182514062
342467,1,7,5,0.3586789934097332
342481,1,7,6,14.831892071090925
342492,1,7,6,21.32307426577789
342493,1,7,5,0.3586789934097332
342496,1,7,9,11.56856969503767
342508,1,7,6,21.727626459469757
342519,1,7,6,14.790226813800706
342532,1,7,9,26.348780052972305
342554,1,7,9,26.100564816025233
342565,1,7,5,0.3586789934097332
342581,1,7,6,23.411804751863475
342592,1,7,9,21.10308036741022
342620,1,7,8,17.27046589566658
342626,1,7,8,18.460174356693397
342631,1,7,4,0.3586790108976326
342638,1,7,9,6.614354765147292
342644,1,7,8,12.815575230078146
342664,1,7,2,4.306813871567515
342665,1,7,9,21.722642146064132
342687,1,7,9,23.939283823886267
342698,1,7,6,11.802530533837881
342714,1,7,9,2.5098242543608755
342715,1,7,10,16.764216740389788
342717,1,7,6,14.189408020492117
342730,1,7,9,22.76252184983378
342752,1,7,10,15.745917559654773
342759,0,7,0,0.020104742466121286
342766,1,7,9,18.968084394817787
342779,1,7,10,20.733789652829692
342798,1,7,7,3.4932258856201974
342800,1,7,6,23.531777919572647
342808,1,7,9,3.8002546158159762
342810,1,7,6,7.84705407250393
342825,1,7,10,11.385448262900248
342836,1,7,4,0.3586790108976326
342837,1,7,6,23.181639015213317
342841,1,7,5,0.3586789934097332
342855,1,7,1,7.409561175000469
342871,1,7,1,6.767006095243759
342883,1,7,6,13.239287214454786
342885,1,7,10,11.029685341430753
342887,1,7,4,0.3586790108976326
342912,1,7,4,0.3586790108976326
342919,1,7,3,2.4013735664783793
342924,1,7,1,19.449704813303864
342937,1,7,6,12.657593659863192
342938,1,7,3,2.0683216823819706
342951,1,7,6,19.19746987315285
342959,1,7,8,22.865979776120945
342968,1,7,3,2.346277354381061
342974,1,7,8,3.445696546006402
342988,1,7,7,1.8333543650936934
342991,1,7,10,11.73700800305757
342998,1,7,10,8.38190386091429
342999,1,7,5,0.3586789934097332
343001,1,7,2,11.142660964452372
343009,1,7,9,7.98439787973453
343022,1,7,5,0.3586789934097332
343035,1,7,10,18.447314281291092
343038,1,7,5,0.3586789934097332
343042,1,7,1,11.791787857381715
343060,1,7,1,9.468808435832377
343078,1,7,8,15.12063682502899
343091,1,7,9,24.090144081827177
343109,1,7,8,18.54836370088635
343111,1,7,6,22.31477519380885
343125,1,7,6,9.48208549809903
343139,1,7,8,18.409821949580586
343157,1,7,4,0.3586790108976326
343159,1,7,10,19.720477205440126
343167,1,7,8,20.865613478154543
343168,0,7,0,0.028905927623323523
343183,1,7,4,0.3586790108976326
343193,1,7,10,11.942854865446579
343198,1,7,8,22.0206265605006
343217,1,7,6,18.891906434700875
343223,1,7,8,28.16517266463917
343224,1,7,10,12.145229163817717
343234,1,7,4,0.3586790108976326
343246,1,7,6,16.30274245103356
343249,1,7,6,22.51370736834002
343256,1,7,9,16.813666960642795
343261,1,7,7,4.113399990284544
343268,1,7,9,5.11389660332871
343274,1,7,5,0.3586789934097332
343282,1,7,9,25.71085379874317
343295,1,7,4,0.3586790108976326
343349,1,7,10,12.020613929364492
343358,1,7,5,0.3586789934097332
343392,1,7,9,15.26938234237536
343397,1,7,6,22.585571122493615
343428,1,7,6,24.074343668470647
343432,1,7,8,13.971546456112097
343436,1,7,1,6.249796177235843
343439,1,7,5,0.3586789934097332
343452,1,7,1,11.631010237591688
343464,1,7,5,0.3586789934097332
343465,1,7,6,23.216442139572017
343467,1,7,7,3.6583817078302254
343493,1,7,7,3.524243763605218
343512,1,7,10,7.779790989013302
343524,1,7,9,22.95364648674669
343534,1,7,9,24.43173695312449
343538,1,7,9,4.25988666719617
343567,1,7,9,24.922403920155652
343579,1,7,9,14.885984836389653
343582,0,7,0,0.024115582289238442
343589,1,7,6,19.51878550251585
343596,1,7,5,0.3586789949470627
343606,1,7,6,9.7507799846301
343613,1,7,1,19.311623283891997
343618,1,7,8,21.520124178921247
343620,1,7,4,0.3586790108976326
343633,1,7,6,23.03169558901745
343637,1,7,7,4.062644782224323
343649,1,7,5,0.3586789934097332
343651,1,7,1,19.187886119448613
343655,1,7,9,13.966415573401216
343690,1,7,4,0.3586790108976326
343693,1,7,9,21.03658370931592
343699,1,7,10,8.446141783253175
343702,1,7,9,16.615981051466083
343708,1,7,3,1.43872132203263
343721,1,7,7,2.0415950936218232
343736,1,7,9,9.804651911159043
343746,1,7,5,0.3586789934097332
343754,1,7,5,0.3586789934097332
343762,1,7,10,13.29228366875006
343766,1,7,2,12.811785388702923
343769,1,7,6,5.808384226622993
343777,1,7,9,15.361705072218413
343778,1,7,8,15.037004173720646
343788,1,7,5,0.3586789934097332
343793,1,7,4,0.3586790108976326
343816,1,7,2,1.5851830389199457
343823,0,7,0,0.0260045959842064
343829,0,7,0,0.1910967856856719
343836,1,7,5,0.3586789934097332
343838,1,7,10,4.340622630281512
343841,1,7,9,10.199659867390267
343845,1,7,9,24.570266813649653
343860,1,7,5,0.3586789934097332
343880,1,7,1,19.345414848230995
343882,1,7,4,0.3586790108976326
343893,1,7,8,18.19315406862519
343909,1,7,1,21.549663616287326
343930,1,7,9,4.5223735100273865
343964,1,7,5,0.3586789934097332
343978,1,7,4,0.3586790108976326
343989,1,7,2,13.454922469869365
344007,1,7,1,19.022152614126412
344010,1,7,5,0.3586789934097332
344047,1,7,7,2.4886431698894733
344068,1,7,5,0.3586789934097332
344073,1,7,4,0.3586790108976326
344082,1,7,8,24.75999764138262
344083,1,7,6,8.241677274881603
344133,1,7,3,0.8115026165180437
344145,1,7,4,0.3586790108976326
344146,1,7,5,0.3586789934097332
344147,1,7,8,26.12721494879262
344169,1,7,6,17.61567379435516
344185,0,7,0,0.023863246056250304
344192,1,7,10,15.977173941640688
344193,1,7,9,11.026621643090854
344200,1,7,7,3.632208563717468
344206,1,7,10,16.596994226728846
344207,1,7,4,0.3586790108976326
344221,0,7,0,0.014749848613182365
344230,1,7,9,24.76559829262609
344234,1,7,5,0.3586789934097332
344250,1,7,8,28.475432300993766
344254,1,7,4,0.358679009087165
344257,1,7,4,0.3586790108976326
344258,0,7,0,0.01476263644643846
344260,1,7,7,4.594009840881444
344262,0,7,0,0.018133974678681743
344264,1,7,9,23.631733709804244
344269,1,7,9,12.968980299989093
344279,1,7,10,11.095324971112833
344281,0,7,0,0.028732665209742648
344284,1,7,6,15.283515103611665
344301,1,7,3,0.7970655777048273
344306,0,7,0,0.24364327684820777
344337,1,7,4,0.3586790108976326
344361,1,7,8,6.285020461302771
344362,1,7,9,6.8234433739192175
344381,1,7,5,0.3586789934097332
344385,1,7,2,6.001972177882852
344403,1,7,4,0.3586790108976326
344409,1,7,9,7.5010375597944465
344421,1,7,9,16.430463416902345
344430,1,7,9,10.883518186999295
344433,1,7,4,0.3586790108976326
344459,1,7,9,18.775721189650113
344465,1,7,6,8.667516472503376
344487,1,7,6,13.813188466302295
344489,1,7,9,8.152210066257568
344490,1,7,8,16.71291434762517
344499,1,7,8,10.697857352210738
344505,1,7,5,0.3586789934097332
344507,1,7,4,0.3586790108976326
344514,1,7,6,12.642223471100094
344527,1,7,8,28.025222011064116
344543,1,7,5,0.3586789949470627
344546,1,7,4,0.3586790108976326
344552,1,7,8,14.404755145732915
344553,1,7,9,15.993953958640791
344556,1,7,9,16.739762962098126
344583,1,7,10,21.26909677003116
344586,1,7,9,14.827548193277023
344615,1,7,6,20.07791997997885
344620,1,7,10,4.828306633626556
344632,1,7,4,0.3586790108976326
344635,1,7,5,0.3586789934097332
344637,1,7,6,22.062949479513822
344663,1,7,7,4.547917318522024
344665,1,7,4,0.3586790108976326
344670,1,7,9,22.592872097844285
344688,1,7,6,23.39111065070236
344690,1,7,3,1.4401708653013552
344717,1,7,5,0.3586789934097332
344731,1,7,8,9.834419122463087
344753,1,7,8,10.054224333410865
344762,1,7,6,11.517136443519217
344764,1,7,9,4.364691641694026
344784,1,7,4,0.3586790108976326
344786,1,7,8,21.29349113227472
344810,1,7,5,0.3586789934097332
344815,1,7,9,6.475439525035184
344822,1,7,9,12.271764478757543
344825,1,7,2,12.135619221684447
344828,1,7,8,5.793609618202861
344832,1,7,7,1.897197241415786
344873,1,7,6,9.674577060272087
344874,1,7,9,4.19395659600795
344878,1,7,9,25.96295631631504
344880,1,7,6,16.30407804453494
344891,1,7,7,1.287423681921595
344894,1,7,5,0.3586789934097332
344905,1,7,6,22.399108903642176
344909,1,7,6,22.0678757467976
344920,1,7,7,4.570764818897017
344926,1,7,9,15.807276584274602
344931,1,7,9,24.971377948122484
344940,1,7,5,0.3586789934097332
344941,1,7,3,0.6205617990287063
344959,0,7,0,0.19900678676078257
344966,1,7,9,14.265027870673693
344967,1,7,4,0.3586790108976326
344975,1,7,6,18.13224485205921
344989,1,7,8,28.175394944494798
345037,1,7,10,7.762676035027338
345065,1,7,10,15.008322542457265
345069,1,7,2,10.798446091760479
345072,1,7,1,19.173974984844158
345075,1,7,5,0.3586789934097332
345077,1,7,4,0.3586790108976326
345079,1,7,9,7.619017050028682
345129,1,7,4,0.3586790108976326
345130,0,7,0,0.022815727339146774
345158,1,7,1,22.570810006679224
345163,1,7,8,7.690349069729145
345166,1,7,4,0.3586790108976326
345173,1,7,8,9.121985232318174
345208,1,7,3,1.1978808070670082
345220,0,7,0,0.021319037107675805
345231,1,7,9,14.459036106110599
345241,1,7,5,0.3586789949470627
345242,1,7,6,18.197837108552278
345274,1,7,8,27.646274359746364
345279,1,7,3,2.2918202272816415
345282,1,7,6,23.45155364865971
345292,1,7,6,11.37779829605421
345308,0,7,0,0.03249725868032217
345316,1,7,6,13.97222137080422
345317,1,7,2,4.872307861476656
345327,1,7,9,16.18671088134683
345334,1,7,6,20.870366928312706
345357,1,7,5,0.3586789934097332
345386,0,7,0,0.030924262081371143
345405,1,7,10,12.371203953114131
345427,1,7,7,1.3896437312711782
345438,1,7,9,8.092392176451742
345441,1,7,8,12.870518987422964
345442,1,7,7,4.120292992625357
345447,1,7,5,0.3586789934097332
345461,1,7,5,0.3586789934097332
345476,1,7,3,1.9016237208711835
345488,1,7,1,14.239047755656255
345490,1,7,8,26.69554043712682
345511,1,7,4,0.3586790108976326
345519,1,7,8,22.55337235545013
345526,1,7,8,10.477325869505854
345542,1,7,6,5.242918021943868
345544,1,7,9,16.779926496448816
345553,0,7,0,0.02801798958432167
345567,1,7,7,0.6760368578963458
345589,1,7,9,17.842181629915643
345623,1,7,6,21.022033197007506
345633,1,7,4,0.358679009087165
345643,1,7,6,5.014698101102254
345659,0,7,0,0.04400343908598176
345702,1,7,10,6.57102109577395
345707,1,7,4,0.3586790108976326
345714,1,7,8,24.725944541784074
345720,1,7,4,0.3586790108976326
345721,1,7,8,9.627506546082458
345736,1,7,9,14.924458436970953
345752,1,7,5,0.3586789934097332
345765,1,7,1,14.152179140266536
345786,1,7,5,0.3586789934097332
345805,1,7,9,23.582614502116666
345810,1,7,4,0.3586790108976326
345812,1,7,7,1.1672967989503171
345814,1,7,6,23.205704255553325
345826,1,7,4,0.3586790108976326
345828,1,7,1,14.623572398901935
345833,1,7,5,0.3586789934097332
345841,1,7,9,13.180341403390448
345847,1,7,7,3.4802574326824685
345850,1,7,1,6.5535196039172545
345858,1,7,4,0.3586790108976326
345859,1,7,8,10.298659879253101
345871,1,7,4,0.3586790108976326
345873,1,7,5,0.3586789934097332
345895,1,7,9,25.124105390989033
345904,1,7,8,12.287479042601374
345907,1,7,7,1.3082264890151076
345930,1,7,6,23.383189076971227
345942,1,7,1,7.675899993224422
345951,1,7,9,8.99504941721914
345953,1,7,9,10.103312659229458
345975,1,7,8,22.801247739772876
345976,1,7,8,5.2328310227025865
346005,1,7,4,0.3586790108976326
346006,1,7,9,26.342737993188383
346008,1,7,6,11.858276455429305
346012,1,7,4,0.3586790108976326
346015,1,7,7,1.6846483649188981
346026,1,7,5,0.3586789934097332
346049,1,7,5,0.3586789934097332
346065,1,7,7,1.232752265395734
346095,1,7,2,11.41344320172001
346099,1,7,9,25.25572717896816
346104,1,7,1,17.428649835638062
346127,1,7,2,4.918403526301095
346131,1,7,8,10.011584613076101
346157,1,7,4,0.3586790108976326
346158,0,7,0,0.02516217367974926
346170,1,7,8,26.625971685180026
346181,1,7,2,11.735656365768827
346193,1,7,8,28.48962838507405
346202,1,7,5,0.3586789934097332
346211,1,7,2,9.00422647763943
346217,1,7,4,0.3586790108976326
346218,1,7,4,0.3586790108976326
346235,1,7,4,0.3586790108976326
346241,1,7,4,0.3586790108976326
346247,1,7,4,0.3586790108976326
346253,1,7,7,2.7967220870988254
346280,1,7,9,24.118447119269298
346303,1,7,6,7.885060367129791
346305,1,7,3,1.6836689751040006
346309,1,7,5,0.3586789949470627
346318,1,7,9,18.646670408180878
346325,1,7,9,22.39342329616623
346329,1,7,8,17.227037885728073
346335,1,7,4,0.3586790108976326
346343,1,7,8,28.39927037856878
346370,1,7,8,9.072261266589054
346393,1,7,3,2.025739566617011
346394,1,7,9,14.467879792315621
346396,1,7,5,0.3586789934097332
346416,1,7,4,0.3586790108976326
346426,1,7,7,0.7281418140885222
346441,1,7,4,0.3586790108976326
346442,1,7,5,0.3586789934097332
346451,1,7,9,13.060373075412292
346468,1,7,8,5.60637145018728
346488,1,7,6,3.886179181082353
346501,1,7,8,8.910409248438036
346502,1,7,4,0.3586790108976326
346504,1,7,9,26.223520848800828
346505,0,7,0,0.01265302305418634
346511,1,7,9,23.754395137155594
346536,1,7,1,22.339501409405326
346540,1,7,2,12.939948517065018
346542,1,7,9,2.6694892867837328
346547,1,7,8,3.4302437024144172
346548,1,7,10,21.021798681632166
346561,1,7,6,15.332059380138203
346565,1,7,4,0.3586790108976326
346566,1,7,1,6.811341279194823
346571,1,7,3,2.4099642186067856
346588,1,7,1,15.228810246398192
346596,1,7,1,13.987729516557794
346600,1,7,5,0.3586789934097332
346604,1,7,6,9.577124056581132
346606,1,7,5,0.3586789934097332
346612,1,7,10,7.5340477118329305
346636,1,7,9,11.359710485797272
346646,1,7,8,23.207847432119742
346662,0,7,0,0.022788070116357813
346667,1,7,9,13.807147001658883
346682,1,7,8,25.783440953084224
346690,1,7,4,0.3586790108976326
346691,1,7,7,3.138928537277619
346695,1,7,6,18.877164597304624
346708,1,7,10,3.262972189338231
346738,1,7,9,16.65221454417376
346780,1,7,8,26.562821718548623
346782,1,7,7,4.1595758917555
346784,1,7,8,18.530022973641515
346786,1,7,4,0.3586790108976326
346795,1,7,10,3.4680368004915474
346808,1,7,4,0.3586790108976326
346842,1,7,9,19.297279359031904
346878,1,7,5,0.3586789934097332
346879,1,7,1,4.8576558945614225
346890,1,7,8,21.66528676831585
346891,1,7,4,0.3586790108976326
346901,1,7,10,14.17717355599607
346905,1,7,10,11.021477628364627
346926,0,7,0,0.0152849728632645
346928,1,7,4,0.3586790108976326
346944,1,7,8,26.331351513159245
346951,1,7,6,8.626032380822112
346955,1,7,5,0.3586789949470627
346957,1,7,5,0.3586789934097332
346977,0,7,0,0.022309508138392876
346982,1,7,9,25.176806179227466
346998,1,7,4,0.3586790108976326
347005,1,7,8,3.573097124277593
347012,1,7,5,0.3586789934097332
347015,1,7,4,0.3586790108976326
347027,1,7,6,14.204579421681302
347031,1,7,9,5.3968369659052335
347033,1,7,5,0.3586789934097332
347036,1,7,9,18.81257421588577
347037,1,7,4,0.3586790108976326
347039,1,7,9,4.846983727382809
347052,1,7,10,9.744534157522901
347055,1,7,5,0.3586789934097332
347063,1,7,8,3.5077019187681096
347078,1,7,8,18.5068487542752
347080,1,7,9,22.996385622505755
347081,1,7,4,0.3586790108976326
347095,1,7,8,20.48381514559411
347101,1,7,9,24.11972861779931
347105,1,7,6,10.980251307195408
347123,1,7,2,13.120674553877608
347148,1,7,10,11.115654749882983
347153,1,7,9,24.449581920644487
347155,1,7,9,16.61078319738897
347158,0,7,0,0.012191259539190067
347164,1,7,1,15.028416001018924
347182,1,7,5,0.3586789934097332
347199,1,7,8,8.660299508943002
347200,1,7,1,21.914711780748895
347210,1,7,10,11.086909004789986
347214,1,7,6,21.34409155750444
347222,1,7,5,0.3586789934097332
347224,1,7,1,17.45670918651113
347233,1,7,8,28.46507291892226
347243,1,7,5,0.3586789934097332
347252,1,7,5,0.3586789934097332
347273,1,7,10,14.846369995567342
347283,1,7,5,0.3586789934097332
347284,1,7,3,1.4367258242538032
347306,1,7,8,27.17109827295093
347344,1,7,5,0.3586789934097332
347345,1,7,8,25.186038989886203
347346,1,7,1,4.882449769125275
347353,1,7,6,7.862003719311867
347371,1,7,2,10.887587538611546
347377,1,7,9,4.109933278897031
347391,1,7,5,0.3586789934097332
347403,1,7,2,7.097417792934928
347406,1,7,6,17.48097825624431
347409,1,7,8,17.759451210267212
347414,1,7,8,15.92918553547135
347422,1,7,8,28.502881918005862
347424,1,7,6,5.585239827248516
347430,1,7,8,19.668508596475238
347431,1,7,6,23.702875384183887
347440,1,7,9,4.989607073451374
347444,1,7,8,4.106235753399023
347460,1,7,6,7.607881773307606
347490,1,7,1,8.106402998417515
347558,1,7,7,1.7167407219887583
347568,1,7,4,0.358679009087165
347575,1,7,4,0.358679009087165
347610,1,7,9,22.76529049175967
347614,1,7,9,11.940628027343788
347636,0,7,0,0.1457343140291405
347659,1,7,10,21.27462169771636
347698,1,7,9,21.060980161398845
347714,1,7,4,0.3586790108976326
347723,1,7,4,0.3586790108976326
347727,1,7,4,0.3586790108976326
347748,1,7,5,0.3586789934097332
347764,1,7,6,17.224152342199858
347780,1,7,10,20.61797837793294
347789,1,7,6,19.902495944163498
347801,1,7,6,5.556574569262277
347802,1,7,9,26.35445132706732
347805,1,7,6,18.839357956533142
347816,1,7,9,5.010449273443785
347819,1,7,8,23.301574107604168
347830,1,7,6,22.692030841672597
347847,1,7,9,2.316421166816554
347852,1,7,4,0.3586790108976326
347855,1,7,6,23.0312806941395
347877,1,7,9,8.739665159825845
347889,1,7,8,28.54850430494744
347905,1,7,4,0.3586790108976326
347906,1,7,1,16.697376884659082
347917,1,7,6,13.168718691756196
347952,1,7,1,12.689906670631903
347962,1,7,8,14.037657588381883
347965,1,7,5,0.3586789934097332
347970,1,7,8,7.685084549292446
347975,1,7,6,5.636044772373682
347984,1,7,9,6.816178466319915
347991,1,7,10,5.570310755852763
347997,1,7,8,18.825402564296624
347999,1,7,8,16.753744423924708
348017,1,7,8,23.04714856944999
348027,1,7,4,0.3586790108976326
348039,1,7,7,2.537839049021539
348069,1,7,6,14.105844301876871
348074,1,7,4,0.3586790108976326
348078,1,7,4,0.3586790108976326
348079,1,7,5,0.3586789934097332
348081,0,7,0,0.01857657429390967
348085,1,7,8,25.754005172202014
348105,1,7,10,11.057394729746798
348108,1,7,4,0.3586790108976326
348109,1,7,5,0.3586789934097332
348115,1,7,10,18.408698241999065
348118,1,7,10,4.071151296046108
348121,1,7,7,1.939219115304478
348128,1,7,10,4.927925303194893
348144,1,7,1,16.698188840593655
348174,1,7,10,9.263765390070931
348182,1,7,10,7.163700534695767
348193,1,7,9,21.699899405890957
348194,1,7,9,17.188870621420918
348231,0,7,0,0.023443137853916544
348243,1,7,8,25.852625698027147
348246,1,7,6,14.277918176201588
348260,1,7,8,21.664179091132407
348261,1,7,10,10.463036501681003
348262,1,7,5,0.3586789934097332
348266,1,7,8,14.789296322443668
348280,1,7,9,19.573361761219626
348284,1,7,6,5.258275071167269
348298,1,7,8,17.423802372457356
348304,0,7,0,0.01859141228123033
348305,1,7,2,8.981902965376815
348326,0,7,0,0.017226243310388082
348330,1,7,8,20.788772756015284
348331,1,7,6,17.153501358898563
348339,1,7,7,0.3562285564868692
348340,1,7,7,1.8906567351052255
348352,1,7,1,4.130418466886513
348353,1,7,3,2.0594554337023174
348359,1,7,6,12.519865028205992
348393,1,7,8,28.04413175144239
348402,1,7,4,0.3586790108976326
348407,1,7,9,26.34845293059846
348409,0,7,0,0.027008088221301067
348412,1,7,5,0.3586789934097332
348419,1,7,4,0.3586790108976326
348432,0,7,0,0.02078900879031882
348445,1,7,10,20.57632482178612
348464,1,7,6,23.15994963574001
348468,1,7,7,3.432723816396567
348472,1,7,8,21.350714385534513
348475,1,7,10,20.68525461546312
348484,1,7,6,18.041959741150674
348485,1,7,7,1.9205536864995063
348487,1,7,4,0.3586790108976326
348490,1,7,10,8.92906181989332
348500,1,7,10,10.275351803310329
348519,1,7,4,0.3586790108976326
348529,1,7,8,9.947409385980444
348533,1,7,9,17.101831669062367
348535,1,7,3,2.416650514517951
348539,1,7,9,14.385635585092484
348546,0,7,0,0.023900816290693502
348549,1,7,10,11.98706264949849
348565,1,7,8,20.589159109870636
348566,1,7,4,0.3586790108976326
348591,0,7,0,0.22667938257649553
348596,1,7,5,0.3586789934097332
348623,1,7,9,13.514414986519705
348634,1,7,9,13.303359865880687
348636,1,7,9,14.220178079653671
348643,1,7,6,19.906195895041307
348645,1,7,4,0.3586790108976326
348651,1,7,5,0.3586789934097332
348675,1,7,4,0.3586790108976326
348677,1,7,9,25.163362235516217
348681,1,7,4,0.3586790108976326
348689,1,7,4,0.3586790108976326
348699,0,7,0,0.030483860452190027
348709,1,7,10,12.30800157056822
348720,1,7,8,17.00266282048572
348734,1,7,8,23.945267131904668
348736,1,7,9,25.601010034303087
348750,1,7,9,15.44007389472322
348779,1,7,5,0.3586789934097332
348784,1,7,4,0.3586790108976326
348794,1,7,6,20.13177376318133
348805,1,7,1,16.00829770296436
348823,1,7,8,11.222761920048436
348826,1,7,8,16.273857361997447
348828,0,7,0,0.016809167184028626
348843,1,7,5,0.3586789949470627
348845,1,7,2,4.701024852412727
348847,1,7,10,9.039184683311596
348862,1,7,9,23.499777488713637
348887,1,7,8,22.766156731749028
348901,1,7,5,0.3586789934097332
348902,1,7,2,2.4959388847439827
348908,1,7,10,17.916305347532788
348916,1,7,6,19.91857881848101
348919,1,7,4,0.3586790108976326
348925,1,7,10,5.160632761974811
348926,1,7,1,15.122981829954801
348963,1,7,9,25.808929937009427
348972,1,7,6,8.221535850438192
348976,1,7,1,18.112218716144056
348982,1,7,5,0.3586789934097332
348992,1,7,7,0.34687176298420846
348997,1,7,10,13.486967776908644
348998,1,7,8,26.561355016485386
349016,1,7,8,8.215224815212691
349023,1,7,1,19.655614283453804
349026,1,7,6,23.161751668477372
349028,1,7,9,25.68320348855721
349049,1,7,4,0.3586790108976326
349052,1,7,8,22.4119260341295
349062,1,7,4,0.3586790108976326
349066,1,7,10,7.7580864569840315
349076,1,7,10,14.786252086178079
349089,1,7,6,12.99224999476916
349097,0,7,0,0.022741876795481224
349108,1,7,9,13.961354714424935
349111,1,7,4,0.358679009087165
349114,1,7,7,1.6145532925600055
349127,0,7,0,0.012224656565601417
349139,1,7,5,0.3586789934097332
349140,1,7,5,0.3586789934097332
349145,1,7,4,0.3586790108976326
349153,1,7,4,0.3586790108976326
349166,1,7,9,15.66561323820924
349169,1,7,3,2.351676435907177
349176,1,7,2,7.0241513764480485
349183,1,7,5,0.3586789934097332
349187,1,7,2,9.353942129334026
349188,1,7,6,20.759863840261037
349204,1,7,10,16.864061971418444
349229,1,7,8,6.742190509629348
349241,1,7,8,10.995672059469719
349245,1,7,4,0.3586790108976326
349264,1,7,7,2.544884214423712
349268,1,7,6,21.603529744062946
349288,1,7,9,21.124523788434836
349289,1,7,4,0.3586790108976326
349300,1,7,9,26.220114276610197
349323,1,7,10,21.223884825700996
349329,1,7,9,25.488301227041106
349340,1,7,8,12.417596202560206
349353,1,7,10,20.25245027252962
349365,1,7,8,27.23937173173037
349372,1,7,6,21.79082241326417
349400,1,7,10,14.927603331964994
349401,1,7,9,6.081074216121875
349420,1,7,8,26.400435239122757
349424,1,7,9,23.70537119312628
349434,1,7,9,8.520865712364396
349447,1,7,7,3.8476493802230975
349449,0,7,0,0.02464722232148433
349458,1,7,6,23.789094422163508
349463,1,7,9,14.564643177362973
349466,1,7,9,12.433678212202018
349471,1,7,3,1.2249286564997306
349476,1,7,2,10.836085280569456
349478,1,7,1,18.77988690538112
349479,1,7,4,0.3586790108976326
349503,1,7,8,25.76291327583504
349530,1,7,1,10.302194102174843
349561,1,7,10,9.104980241356982
349576,1,7,8,16.023278949381943
349580,1,7,7,2.580256406108427
349589,1,7,10,5.291523359849189
349599,1,7,8,24.760679432775376
349623,1,7,4,0.3586790108976326
349630,1,7,5,0.15659444587084875
349632,1,7,10,16.969164436303906
349638,1,7,8,8.636486608125576
349660,1,7,4,0.3586790108976326
349665,1,7,6,23.235806471174556
349667,1,7,1,20.738614859196314
349677,0,7,0,0.022932077101091002
349681,1,7,6,10.151420602312553
349686,1,7,2,11.646052617096242
349706,1,7,9,16.318595753681034
349710,1,7,4,0.3586790108976326
349718,1,7,4,0.3586790108976326
349719,1,7,5,0.3586789934097332
349721,1,7,5,0.3586789934097332
349749,1,7,6,12.211559589575753
349765,1,7,6,20.006512746130362
349770,1,7,5,0.3586789934097332
349782,1,7,8,7.243802761103185
349783,1,7,7,4.072345816268921
349792,1,7,9,18.814282027771966
349796,1,7,10,19.168622295369044
349813,1,7,6,14.079902858619533
349816,0,7,0,0.013002829798246577
349855,1,7,4,0.3586790108976326
349858,1,7,9,16.754798306040612
349860,1,7,1,21.213637330095487
349866,1,7,4,0.3586790108976326
349911,1,7,6,5.8324701581428755
349919,1,7,5,0.3586789934097332
349920,1,7,6,14.212805777325771
349932,1,7,4,0.3586790108976326
349971,1,7,1,5.36570467469136
349980,0,7,0,0.18657705514773348
349984,1,7,8,7.649735433371868
349989,1,7,3,1.5452455455149143
349992,1,7,9,14.262557688499358
349997,1,7,1,21.895745819146896
350002,1,7,10,3.5586303094625644
350004,1,7,9,24.722176845440156
350019,1,7,2,1.0981919603961108
350027,1,7,10,8.409748873846072
350055,0,7,0,0.024539219812286392
350073,1,7,10,12.422827243813021
350074,1,7,3,2.4494882029469793
350083,1,7,6,11.848145593779574
350087,1,7,6,15.607235209193798
350088,1,7,9,11.377531657189904
350089,1,7,6,13.710308164826724
350099,1,7,2,2.0441500139463455
350106,1,7,5,0.3586789934097332
350116,1,7,1,22.250090361294326
350124,1,7,9,16.375341418738905
350128,1,7,5,0.3586789934097332
350147,1,7,10,12.438939724074414
350170,1,7,9,26.323295017884025
350188,1,7,8,21.83157861628777
350190,1,7,8,24.386637494522237
350194,1,7,9,14.040795578481458
350201,1,7,7,3.164807904830754
350220,1,7,8,21.402312492946212
350254,1,7,3,2.362825374494834
350257,1,7,3,2.205508361853615
350264,1,7,6,10.862773949463676
350266,1,7,10,21.24248087649056
350274,1,7,2,3.57678990744524
350276,1,7,2,3.9353064150849035
350280,1,7,5,0.3586789934097332
350292,1,7,3,2.0014711314371456
350312,1,7,9,19.27293218468375
350323,1,7,8,10.052655089653065
350334,1,7,4,0.3586790108976326
350342,1,7,10,3.935609844192762
350358,1,7,6,17.307263509020828
350375,1,7,2,11.113726847229136
350378,1,7,7,4.426657535880008
350386,1,7,7,2.448636947789841
350387,1,7,10,19.941401841018134
350395,1,7,9,16.360684717078353
350398,1,7,6,19.645693652673103
350404,1,7,4,0.358679009087165
350411,1,7,6,8.409828225584867
350412,1,7,7,0.5644199487045556
350413,1,7,9,18.276957344456534
350419,1,7,5,0.3586789934097332
350432,1,7,9,25.5197983529702
350446,1,7,4,0.3586790108976326
350456,1,7,5,0.3586789934097332
350457,1,7,8,14.908241676185709
350460,1,7,10,8.811404641048671
350464,1,7,1,18.028304996341088
350472,1,7,1,19.605607151977516
350508,1,7,10,6.0286909353088305
350517,1,7,6,4.267940347413797
350536,1,7,6,4.807632818874906
350539,1,7,8,26.461874494654822
350541,1,7,8,2.386334637248388
350554,1,7,7,2.208741523812392
350584,1,7,1,10.44888906321633
350652,1,7,10,16.14837761849504
350665,1,7,4,0.3586790108976326
350692,1,7,9,4.165827455063108
350700,1,7,6,18.51913621585433
350708,1,7,9,20.702989594694667
350747,1,7,5,0.3586789934097332
350751,1,7,6,13.267776945781714
350752,1,7,6,20.517086316663807
350761,1,7,7,0.4637957933754283
350776,1,7,6,9.389055664182138
350777,1,7,1,11.666660986076113
350790,1,7,8,4.432374202067284
350803,1,7,9,11.79736597027118
350819,1,7,8,24.822846958817568
350823,1,7,6,21.526861113415347
350824,1,7,5,0.3586789934097332
350827,1,7,6,21.019647550771484
350857,1,7,3,2.387125392545206
350858,1,7,7,1.6074281874926382
350903,1,7,8,15.110351719754421
350911,1,7,6,19.907342716737706
350923,1,7,3,2.2086064310768174
350928,1,7,10,3.652994206788535
350938,1,7,8,20.253464530684262
350944,1,7,6,12.060484991540495
350960,1,7,5,0.3586789934097332
350966,1,7,10,4.048398778505661
351000,1,7,3,2.4030908052095854
351020,1,7,5,0.3586789934097332
351031,1,7,5,0.3586789934097332
351036,1,7,10,14.20485850031579
351051,1,7,5,0.3586789934097332
351079,1,7,2,13.264895711530073
351082,1,7,10,19.72073714418427
351091,1,7,9,17.46721088120302
351097,1,7,2,10.663702932611388
351100,1,7,1,18.110944661145165
351105,1,7,2,11.230712422034472
351114,1,7,8,23.618240780680203
351127,1,7,4,0.3586790108976326
351129,1,7,5,0.3586789934097332
351144,1,7,9,10.985397184069711
351155,1,7,8,13.308405107104441
351178,0,7,0,0.02987373757229171
351215,1,7,9,7.851524419265563
351230,1,7,10,7.321344592021829
351236,1,7,9,25.591606338351408
351238,1,7,8,14.997768382904425
351252,1,7,1,14.071798977372486
351262,1,7,9,22.01462443276106
351263,1,7,5,0.3586789934097332
351269,1,7,5,0.3586789934097332
351278,1,7,3,2.260600929592696
351279,1,7,10,8.257875688710042
351283,1,7,4,0.3586790108976326
351290,1,7,10,3.8028006377008237
351297,1,7,4,0.3586790108976326
351304,1,7,1,14.255915903330777
351305,1,7,5,0.3586789934097332
351322,1,7,7,3.9283485003445873
351335,1,7,9,10.413048284585043
351362,1,7,9,15.9818354048966
351369,1,7,9,9.242363859335875
351377,1,7,9,13.638622424487222
351381,1,7,8,17.251645583804876
351417,1,7,4,0.3586790108976326
351421,1,7,9,7.448226973142137
351429,1,7,6,21.687356437261823
351432,1,7,10,13.358169129499766
351461,1,7,3,2.4024797994040763
351472,1,7,6,23.741485437341666
351473,1,7,7,2.5261293515335064
351476,1,7,5,0.3586789934097332
351481,1,7,3,2.3020455810194993
351486,1,7,4,0.3586790108976326
351497,1,7,9,6.335489271424702
351509,1,7,6,15.562184754558448
351512,1,7,8,10.333003299359651
351528,1,7,1,15.470164293608645
351575,1,7,8,18.064166331165364
351583,1,7,3,1.589776734383037
351589,1,7,7,4.1534844085059754
351594,1,7,8,12.870796021138094
351601,1,7,1,16.47354058868895
351603,1,7,8,26.57993423587014
351616,1,7,5,0.3586789934097332
351638,1,7,8,23.044795786125583
351700,1,7,6,9.554874050477732
351709,1,7,9,13.00119068802113
351710,1,7,4,0.3586790108976326
351746,1,7,6,6.075438923645639
351772,1,7,9,18.61781867715285
351779,1,7,5,0.3586789934097332
351783,1,7,5,0.3586789934097332
351784,1,7,9,13.355855910746687
351795,1,7,6,7.42234800964108
351800,1,7,2,5.474592218129911
351813,1,7,10,8.144875824768901
351819,1,7,3,1.4072513981897752
351842,1,7,5,0.3586789934097332
351850,1,7,1,17.124149824635495
351866,1,7,10,11.53922944971723
351887,1,7,5,0.3586789934097332
351904,1,7,5,0.3586789934097332
351905,1,7,1,22.37124654813626
351936,1,7,8,16.69936377754117
351942,1,7,4,0.3586790108976326
351943,1,7,9,24.174002253589233
351945,1,7,8,14.913562032870576
351953,1,7,8,17.499325752370293
351960,1,7,5,0.3586789934097332
351961,1,7,4,0.3586790108976326
351963,1,7,9,4.020017235995724
352025,1,7,7,0.5948175073251889
352036,1,7,6,10.236823807266255
352076,1,7,9,20.606625684416596
352087,1,7,10,18.074328958336373
352102,1,7,6,19.90805787269473
352103,1,7,6,22.86721775353958
352109,1,7,9,21.764167282388282
352110,1,7,5,0.3586789934097332
352129,1,7,9,25.45284858562891
352160,1,7,5,0.3586789934097332
352168,1,7,4,0.3586790108976326
352206,1,7,4,0.3586790108976326
352207,1,7,4,0.3586790108976326
352241,1,7,8,10.663567536008033
352254,0,7,0,0.267672910642546
352268,1,7,6,11.427625507995625
352271,1,7,8,9.085706961342876
352276,1,7,6,21.37480670176091
352283,1,7,10,13.063593915612442
352286,1,7,9,24.943405463040055
352301,1,7,7,2.2684439847284024
352305,1,7,5,0.3586789934097332
352316,1,7,1,17.35065191118906
352317,1,7,8,25.326707749742326
352330,1,7,9,20.104122711856736
352355,1,7,3,2.3956179912037823
352379,1,7,8,4.389755533382109
352390,1,7,6,15.151192610526303
352393,1,7,8,17.984257966249025
352401,1,7,10,17.608184608308743
352403,0,7,0,0.22872800316970732
352415,1,7,1,18.111688007134738
352416,1,7,4,0.3586790108976326
352419,1,7,6,19.801153383370302
352424,1,7,10,11.483246656360983
352425,1,7,5,0.3586789934097332
352447,1,7,8,5.447695587189587
352460,1,7,9,21.3784162080732
352471,1,7,2,5.3326648758303445
352472,1,7,5,0.3586789934097332
352486,1,7,1,13.24207618317672
352488,1,7,6,14.520909040647604
352491,1,7,1,23.289088538542583
352495,1,7,5,0.3586789934097332
352524,1,7,6,15.568919308542847
352528,1,7,9,17.22482209925205
352531,0,7,0,0.023338081398731128
352542,1,7,3,2.4343255037383247
352546,1,7,1,9.151881857639744
352548,1,7,8,24.58890192909123
352577,1,7,4,0.3586790108976326
352583,1,7,5,0.3586789934097332
352607,1,7,4,0.3586790108976326
352615,1,7,5,0.3586789934097332
352625,1,7,10,12.365332582085736
352627,1,7,4,0.3586790108976326
352651,1,7,10,19.965070555953773
352667,1,7,8,14.315004932708213
352707,1,7,10,17.67840176942041
352720,1,7,8,14.780765532678652
352731,1,7,10,17.848569285614587
352741,1,7,4,0.3586790108976326
352760,1,7,8,20.677379823261955
352771,1,7,6,10.178015324738304
352781,1,7,6,15.033773480304111
352784,1,7,2,11.017662762681823
352785,1,7,7,4.178583919993909
352790,1,7,8,12.434316523667404
352796,1,7,9,26.280580273812593
352810,1,7,9,26.407264786238553
352817,1,7,4,0.3586790108976326
352818,1,7,4,0.3586790108976326
352823,1,7,1,13.35647547010888
352828,1,7,7,0.5197741346403365
352845,1,7,10,8.886843778368071
352859,1,7,6,12.257154114523486
352868,1,7,10,8.240589682004051
352879,1,7,2,5.721114699887094
352896,1,7,9,23.51964767571666
352913,1,7,9,4.276581558931503
352938,1,7,8,13.334823781243255
352946,1,7,6,23.1696320261548
352952,1,7,4,0.3586790108976326
352958,1,7,10,11.493660331448703
352962,1,7,9,12.99003324400457
352988,1,7,5,0.3586789934097332
353010,1,7,6,12.432323987766182
353030,1,7,9,24.402927161847575
353041,1,7,10,19.99518668864982
353073,1,7,10,8.536483790854179
353076,1,7,8,27.3076732988525
353090,1,7,1,12.134696587949511
353091,1,7,1,7.074486311051724
353095,1,7,9,20.63596079940652
353106,1,7,3,2.4189783035401815
353117,1,7,2,11.426228658358792
353124,1,7,6,23.140080706052377
353152,1,7,2,7.969631612680188
353158,1,7,8,17.996116226925384
353162,1,7,5,0.3586789934097332
353163,1,7,3,2.356287466625598
353164,0,7,0,0.036000041129475205
353168,1,7,8,11.19050669504511
353189,1,7,9,12.112544421292624
353207,1,7,9,24.75769432185879
353213,1,7,9,10.097681104884467
353214,1,7,10,11.541748251841327
353233,1,7,9,12.620918780498243
353239,1,7,8,17.67887339280822
353254,1,7,8,12.011059100744063
353286,0,7,0,0.011805438978698932
353287,1,7,9,25.783809103906343
353299,1,7,9,16.69591163068402
353330,1,7,3,2.0644489775806907
353331,0,7,0,0.18368904011495701
353333,0,7,0,0.049883314739381145
353335,1,7,8,16.96600735652909
353336,1,7,8,23.1191483079579
353341,1,7,6,12.13413993396035
353362,1,7,6,15.865156475305401
353369,1,7,1,6.2194649570582845
353390,1,7,4,0.3586790108976326
353391,1,7,5,0.3586789934097332
353397,1,7,1,11.002587458406966
353400,1,7,6,20.37755386715131
353411,0,7,0,0.016475574672136045
353412,1,7,7,4.569945789321137
353414,1,7,10,20.976293700785938
353421,1,7,5,0.3586789934097332
353426,1,7,9,7.158314355704118
353432,1,7,10,8.90446742634575
353438,1,7,9,14.228491831608203
353439,1,7,10,7.845185778407472
353452,1,7,5,0.3586789934097332
353460,1,7,10,14.163174305292626
353466,1,7,9,24.610826979031998
353469,1,7,4,0.3586790108976326
353472,1,7,1,9.592827381442728
353476,1,7,9,15.03880388984146
353479,1,7,6,16.38751278897748
353500,1,7,4,0.3586790108976326
353513,1,7,9,24.529436136058848
353520,1,7,9,9.749863732343261
353528,1,7,4,0.3586790108976326
353546,1,7,5,0.3586789934097332
353551,1,7,7,1.6022013369761257
353554,1,7,8,27.320123219231938
353559,1,7,5,0.3586789934097332
353560,1,7,6,9.113348632254214
353565,1,7,9,26.365075586430212
353570,0,7,0,0.014926406330211415
353571,1,7,5,0.3586789934097332
353573,1,7,8,23.24885819736142
353580,1,7,4,0.3586790108976326
353581,1,7,6,9.310912280659423
353586,1,7,9,24.112163889963288
353591,1,7,10,20.006138388876217
353592,1,7,5,0.3586789934097332
353599,1,7,6,14.864064217790686
353616,1,7,4,0.3586790108976326
353618,1,7,10,14.645802877755935
353654,1,7,9,26.42184337154978
353677,1,7,7,2.0737396505136654
353684,1,7,10,9.770354121814723
353693,1,7,9,17.18571122767297
353712,1,7,8,19.248316286952083
353714,1,7,5,0.3586789934097332
353735,1,7,1,17.874365560036715
353739,1,7,5,0.3586789934097332
353752,1,7,4,0.3586790108976326
353756,1,7,9,25.939432894262733
353763,1,7,8,23.659410942695335
353770,1,7,2,10.417517729411497
353789,1,7,4,0.3586790108976326
353790,1,7,8,6.395710596562322
353792,1,7,2,12.726000816438024
353809,1,7,9,16.64146999998155
353827,1,7,4,0.3586790108976326
353829,1,7,2,8.238505419815384
353843,1,7,4,0.3586790108976326
353846,1,7,3,1.3940322009092954
353861,1,7,2,4.665768577298341
353863,1,7,10,12.366646135066874
353865,1,7,9,18.90583327364289
353875,1,7,1,5.9749643479493235
353893,1,7,10,13.030765209115417
353896,1,7,7,4.487593758420181
353898,1,7,6,23.87741314329608
353899,1,7,5,0.3586789949470627
353914,1,7,8,5.910679660622609
353922,1,7,5,0.3586789934097332
353930,1,7,5,0.3586789934097332
353942,0,7,0,0.021061009268922543
353947,1,7,1,14.587688767649253
353951,0,7,0,0.02583436206134185
353964,1,7,4,0.3586790108976326
353968,1,7,5,0.3586789934097332
353970,0,7,0,0.01787619661524653
354001,1,7,8,28.12121286750994
354005,0,7,0,0.011918093654559453
354007,1,7,9,9.81657328573517
354009,1,7,8,9.74853459792232
354015,1,7,10,14.701904062513858
354035,1,7,1,8.897088469269818
354036,1,7,9,21.13284492283204
354038,1,7,5,0.3586789934097332
354049,1,7,8,24.599690368957077
354058,1,7,6,21.59005473808365
354060,1,7,9,23.864130988562803
354061,1,7,8,6.08366398488038
354062,1,7,1,18.5007316270038
354067,1,7,8,7.020536214874148
354068,1,7,10,14.252337521712512
354085,1,7,1,16.678665657542254
354091,1,7,8,22.646725847681633
354113,1,7,6,18.977398454772544
354123,1,7,5,0.3586789934097332
354129,1,7,10,21.215152665288837
354139,1,7,7,4.4198428530484275
354150,1,7,8,13.60789471323074
354151,1,7,5,0.3586789949470627
354160,1,7,9,25.817582760744752
354172,0,7,0,0.013834837040401423
354178,0,7,0,0.12883027791172755
354192,1,7,5,0.3586789934097332
354194,1,7,8,14.638331924758514
354204,1,7,6,4.325332832657656
354205,1,7,1,7.148180903490384
354215,1,7,8,22.30103036179275
354217,1,7,6,16.59339556182544
354221,1,7,6,17.07139123286154
354225,1,7,4,0.3586790108976326
354226,1,7,9,18.286266619858566
354228,1,7,9,14.050648465865967
354232,1,7,8,10.697276189639245
354241,1,7,6,14.920438305070835
354248,0,7,0,0.01824152273570862
354265,1,7,6,18.47915849808133
354273,1,7,2,6.056368548327628
354279,1,7,4,0.3586790108976326
354292,1,7,2,4.130844202841034
354294,1,7,8,7.68419431378584
354302,1,7,6,6.269972737310821
354333,1,7,4,0.3586790108976326
354348,1,7,7,4.064078487122836
354407,1,7,4,0.3586790108976326
354420,1,7,8,24.554102083638508
354432,1,7,10,21.22847654979482
354448,1,7,10,15.104710752777013
354471,1,7,9,15.223981428213264
354475,1,7,9,8.341683433050223
354483,1,7,8,14.035378594313691
354492,1,7,10,12.248508572625061
354518,1,7,8,27.45255347507596
354519,1,7,1,18.375875996296788
354522,1,7,6,23.03692488596059
354544,1,7,5,0.3586789934097332
354558,1,7,2,13.392538714997436
354560,1,7,10,19.124900902552984
354561,0,7,0,0.1816232671549075
354576,1,7,10,20.098379909579755
354590,1,7,4,0.3586790108976326
354618,1,7,1,5.999121216994652
354620,0,7,0,0.19867754561330048
354625,1,7,4,0.3586790108976326
354631,1,7,5,0.3586789934097332
354636,1,7,3,1.786259549503113
354655,1,7,8,26.827656627770743
354659,1,7,6,19.228157302562046
354663,1,7,6,23.861463436874978
354665,1,7,6,21.797506313551434
354666,1,7,9,15.440463732314646
354672,1,7,9,26.37305754957841
354678,1,7,10,8.625003171590912
354679,1,7,8,28.0386444896807
354695,1,7,6,23.295925224251516
354716,1,7,5,0.3586789934097332
354723,1,7,1,11.051231648626079
354726,1,7,8,17.390471259958165
354744,1,7,8,3.4580858078822527
354745,1,7,7,4.356564666134222
354784,1,7,5,0.3586789934097332
354790,1,7,9,13.236848221212307
354796,1,7,5,0.3586789949470627
354800,1,7,7,4.1889549418538055
354801,1,7,9,15.185917159338734
354815,1,7,9,13.474085322306008
354860,1,7,10,17.48300574881354
354863,1,7,8,17.40008709707634
354872,1,7,4,0.3586790108976326
354874,1,7,7,1.4146447593644453
354876,1,7,8,3.6011582201987786
354890,1,7,10,12.434896375533297
354892,0,7,0,0.02680599863671042
354899,1,7,2,10.49954424135574
354903,1,7,2,13.686593048125705
354907,1,7,6,14.078007958604735
354910,1,7,5,0.3586789934097332
354922,1,7,7,0.42015706195592917
354923,1,7,6,21.216012135238035
354952,1,7,4,0.3586790108976326
354954,1,7,5,0.3586789934097332
354984,1,7,9,16.726791719019012
354994,1,7,8,22.020501215520977
355001,1,7,9,25.712811191362167
355012,1,7,8,15.920434770807667
355016,1,7,7,3.222762976832783
355018,1,7,9,14.651824126864481
355035,1,7,7,2.930935827034787
355036,1,7,2,4.471072143649617
355041,1,7,7,4.556072077955523
355042,1,7,7,2.4690324652610953
355044,1,7,3,1.4382885548639526
355059,1,7,10,19.71555695461511
355065,1,7,4,0.3586790108976326
355078,1,7,5,0.3586789949470627
355079,1,7,5,0.3586789949470627
355087,1,7,4,0.3586790108976326
355089,1,7,10,7.72299821573927
355090,1,7,9,7.968758532967633
355106,1,7,5,0.3586789934097332
355118,1,7,6,6.553710129249686
355126,1,7,9,22.545387193272006
355141,1,7,9,25.651342193598705
355143,1,7,6,21.117581397735297
355146,1,7,10,18.761466840580788
355154,1,7,9,23.533014653291982
355156,1,7,4,0.3586790108976326
355167,1,7,2,13.032778957536514
355169,1,7,6,23.984162110098953
355175,1,7,10,12.561719054882813
355196,1,7,10,11.515271892207542
355204,1,7,9,16.335312635730805
355206,1,7,8,10.735924295610694
355221,1,7,6,18.445287521059637
355228,1,7,4,0.3586790108976326
355229,1,7,6,12.237822142274467
355230,1,7,10,9.35208304171112
355242,1,7,9,21.257084212772632
355252,1,7,3,2.3807958738113153
355257,1,7,1,22.76130601001029
355260,1,7,4,0.3586790108976326
355267,1,7,4,0.3586790108976326
355268,1,7,8,13.645848957046194
355271,1,7,6,19.67743869039903
355277,0,7,0,0.024935957309045756
355281,1,7,6,22.883259291153948
355286,1,7,3,0.9696516589255891
355291,1,7,2,13.210738219484577
355292,1,7,9,11.065113916022353
355304,1,7,4,0.3586790108976326
355316,1,7,10,17.923331535318336
355330,1,7,5,0.3586789934097332
355332,1,7,6,9.744169640603554
355338,1,7,8,13.031319952179416
355362,1,7,8,16.098593976997815
355370,1,7,8,14.814453525607094
355374,1,7,10,11.746853207631451
355392,1,7,8,23.683361285318036
355402,0,7,0,0.01247707726068108
355405,1,7,7,4.478257454601084
355410,1,7,1,6.073729153912863
355415,1,7,9,22.50388566206597
355432,1,7,2,8.129539886936872
355434,1,7,7,2.252283694808145
355436,1,7,5,0.3586789934097332
355443,0,7,0,0.0210482217531653
355450,1,7,9,6.275344962197247
355464,1,7,3,1.9416038582868174
355472,1,7,9,21.310150094668433
355479,1,7,4,0.3586790108976326
355487,1,7,6,23.405278426634386
355491,1,7,8,21.352227982803758
355494,1,7,10,17.576865250413682
355525,1,7,4,0.3586790108976326
355543,1,7,7,1.2388906136608604
355574,1,7,6,23.39836437748858
355598,1,7,9,16.29334997089338
355599,1,7,8,4.1913271231402645
355612,1,7,8,11.602509688824394
355632,1,7,1,6.3562561480660085
355639,1,7,5,0.3586789934097332
355644,1,7,9,9.661881082047934
355670,1,7,3,0.7227785674711934
355671,1,7,8,7.2258886885795315
355684,1,7,10,9.506623607090985
355700,1,7,10,14.413448320407648
355727,0,7,0,0.013925868464025208
355730,1,7,7,2.8368059777187344
355738,1,7,10,8.921697621354822
355753,1,7,5,0.3586789934097332
355755,1,7,6,11.409375131787492
355765,1,7,8,10.437350446568017
355769,1,7,5,0.3586789934097332
355773,1,7,9,24.338523850003384
355789,1,7,6,17.48229391280438
355800,1,7,6,14.110718916230269
355805,1,7,8,23.698300126918237
355814,1,7,7,1.715320197216799
355830,1,7,4,0.3586790108976326
355833,1,7,5,0.3586789934097332
355901,1,7,3,2.220209742325077
355914,1,7,5,0.3586789934097332
355918,1,7,9,7.147307574133224
355925,1,7,4,0.3586790108976326
355934,1,7,2,1.0346365505490902
355935,1,7,3,2.3524697046533043
355946,1,7,5,0.3586789934097332
355964,1,7,4,0.3586790108976326
355972,1,7,4,0.3586790108976326
355978,1,7,6,24.059060405391495
355998,1,7,10,12.73971080837251
356009,1,7,6,13.983328464377026
356011,1,7,8,9.306470763489099
356022,1,7,9,15.549583922023555
356035,1,7,8,25.828157008398996
356052,1,7,5,0.3586789934097332
356064,1,7,2,11.745211706545108
356074,1,7,7,3.5084150253537687
356075,1,7,4,0.3586790108976326
356076,1,7,8,9.744798670378195
356092,1,7,3,1.8351947086144988
356131,1,7,4,0.3586790108976326
356140,1,7,10,4.0869324154256725
356157,1,7,3,2.0769476691842796
356159,1,7,10,8.703191264083095
356162,1,7,10,10.260493147092664
356185,1,7,8,12.036696690145316
356196,1,7,2,13.277724403130875
356204,1,7,9,25.377345557351106
356206,1,7,10,9.972007546780366
356209,1,7,6,5.815283646194673
356220,1,7,1,4.847355963447268
356221,1,7,8,18.93688696722617
356224,1,7,8,15.937746060440187
356240,1,7,8,28.429921786888393
356265,1,7,10,7.780155236318168
356288,1,7,4,0.3586790108976326
356306,1,7,1,18.98084392443562
356310,1,7,9,22.04986810041268
356319,1,7,6,21.448752489168026
356345,1,7,6,21.407124600040714
356348,1,7,10,6.623039877149378
356351,1,7,10,9.807334194190208
356353,1,7,10,16.83502246511474
356367,0,7,0,0.02994126705177242
356389,1,7,5,0.3586789934097332
356390,1,7,6,14.571785530601792
356391,1,7,9,22.991864894479775
356403,0,7,0,0.03958558154322937
356410,1,7,5,0.3586789934097332
356415,1,7,8,7.153195920506707
356417,1,7,7,1.9070413562244724
356437,1,7,4,0.3586790108976326
356441,1,7,4,0.3586790108976326
356449,1,7,5,0.3586789934097332
356453,1,7,4,0.3586790108976326
356462,1,7,7,1.3694404924723744
356464,1,7,6,23.061464785013886
356498,1,7,9,23.953817742870736
356518,1,7,8,3.4800830560801965
356523,1,7,3,2.3338061356422246
356530,1,7,1,10.238933370760218
356543,1,7,8,28.185137058857656
356561,1,7,9,26.358813356931186
356565,1,7,5,0.3586789934097332
356571,1,7,1,9.55161198536105
356597,1,7,5,0.3586789934097332
356609,1,7,5,0.3586789934097332
356610,1,7,9,14.118692640005781
356617,1,7,8,4.547978265473323
356620,1,7,8,4.927255918666304
356624,1,7,4,0.3586790108976326
356627,1,7,10,11.901990903128121
356651,1,7,9,21.52556851131388
356652,1,7,4,0.358679009087165
356654,1,7,5,0.3586789949470627
356672,1,7,6,22.630709727357488
356680,1,7,10,3.0230243125130363
356688,1,7,1,6.851430167739614
356689,1,7,5,0.3586789934097332
356693,1,7,10,11.30338226221171
356697,0,7,0,0.011835529016375834
356717,1,7,8,25.112387953837757
356772,1,7,9,24.57230200001714
356787,1,7,5,0.3586789934097332
356799,1,7,4,0.3586790108976326
356822,1,7,4,0.3586790108976326
356824,1,7,5,0.3586789934097332
356826,1,7,7,3.9459337545018727
356838,1,7,10,7.101208201395335
356845,1,7,9,9.194721652906548
356852,1,7,9,21.263673268002623
356855,1,7,4,0.3586790108976326
356865,1,7,5,0.3586789934097332
356879,0,7,0,0.0194448886954002
356907,1,7,5,0.3586789934097332
356912,1,7,5,0.3586789934097332
356953,1,7,1,12.768185012662453
356959,1,7,7,2.3989111968239922
356964,1,7,8,5.884474223495797
356989,1,7,8,16.804521386800833
356998,1,7,6,5.189503132485278
357000,1,7,6,16.301321261968152
357004,1,7,3,2.3503241876735563
357019,1,7,8,20.1563312445502
357023,1,7,6,17.77023862545804
357033,1,7,6,10.237133236541645
357048,1,7,6,16.949303775714974
357060,1,7,10,20.29718676873131
357073,1,7,3,2.0593072128723326
357077,1,7,9,24.014099093634282
357085,1,7,8,24.594248221827204
357095,1,7,8,5.811607425191601
357097,1,7,8,14.970127684465417
357100,0,7,0,0.014213915814103362
357112,1,7,4,0.3586790108976326
357119,1,7,5,0.3586789934097332
357121,1,7,10,13.977389074835308
357137,1,7,8,22.211455146664743
357138,1,7,6,12.974043839538485
357153,1,7,1,5.404883889863965
357175,1,7,4,0.3586790108976326
357205,1,7,5,0.3586789934097332
357208,1,7,10,8.225436002828033
357215,1,7,8,7.1719495318679645
357219,1,7,7,3.7983998221793196
357224,1,7,5,0.3586789934097332
357225,1,7,8,13.010775658083682
357226,1,7,10,7.042211657592234
357240,1,7,10,11.475261653602713
357250,1,7,8,14.432677333312457
357273,1,7,4,0.3586790108976326
357297,1,7,9,20.139421774581457
357328,1,7,9,24.572038364667847
357336,1,7,9,5.474333952350395
357338,1,7,6,22.230495729823666
357339,1,7,7,3.702628651728036
357353,1,7,4,0.3586790108976326
357382,1,7,1,17.638280173291406
357400,1,7,6,12.936906804593088
357402,1,7,4,0.3586790108976326
357411,1,7,6,23.76396568380137
357421,1,7,9,26.072775943882185
357440,1,7,7,1.9565187198956522
357444,1,7,3,2.425786823284328
357452,1,7,9,17.962149372582708
357472,1,7,8,14.85548974287768
357493,1,7,8,19.003595540910283
357499,1,7,9,25.750943741765134
357506,1,7,8,10.348840136805045
357522,1,7,8,4.986843954085645
357539,1,7,6,23.808922344046263
357540,1,7,9,8.270264593473193
357585,1,7,5,0.3586789934097332
357587,1,7,8,23.6896274837663
357600,1,7,5,0.3586789934097332
357605,0,7,0,0.01773591080682714
357617,1,7,6,7.789990032358591
357630,1,7,9,19.910018650303403
357643,1,7,10,7.081986733854837
357652,1,7,1,20.325489963172167
357668,1,7,7,1.5382208280076086
357677,1,7,4,0.3586790108976326
357678,1,7,9,21.105754830333193
357702,1,7,4,0.3586790108976326
357703,1,7,9,25.273966909382683
357706,0,7,0,0.01415433985345176
357708,1,7,6,23.255391521455085
357709,1,7,10,8.512156174407703
357716,1,7,4,0.3586790108976326
357717,1,7,5,0.3586789949470627
357718,1,7,8,3.156295729710684
357728,1,7,10,7.309852180972037
357738,1,7,8,13.146335564974772
357747,1,7,5,0.3586789934097332
357749,1,7,9,25.1495148118392
357768,1,7,6,21.287500940920836
357770,1,7,4,0.3586790108976326
357783,1,7,9,4.235200942297578
357787,1,7,8,28.54611308732455
357800,1,7,9,25.53625934428367
357806,1,7,8,14.477595632792866
357811,1,7,4,0.3586790108976326
357812,1,7,9,18.11319073581385
357816,1,7,4,0.3586790108976326
357830,1,7,5,0.3586789934097332
357831,1,7,4,0.3586790108976326
357835,1,7,1,14.592565094211299
357839,1,7,4,0.3586790108976326
357852,1,7,2,11.365383748196063
357858,1,7,7,1.8289640705883963
357865,1,7,10,11.022107307791932
357881,1,7,7,3.7511773612924544
357882,1,7,5,0.3586789934097332
357886,1,7,1,6.389237623577943
357906,1,7,9,26.48344380449436
357919,1,7,8,26.402101692543642
357921,1,7,6,11.97480134415958
357923,1,7,3,1.7846872050647498
357925,1,7,10,10.847314397521863
357934,1,7,4,0.3586790108976326
357937,1,7,5,0.3586789934097332
357941,1,7,6,21.05515831392497
357948,1,7,7,4.5664652149964935
357955,1,7,5,0.3586789934097332
357956,1,7,9,21.326417625965917
357964,1,7,1,14.772203047204137
357968,1,7,6,9.078771354288543
357973,1,7,3,2.3692496844092146
357982,1,7,9,23.965588599491724
358009,1,7,7,4.3562722642531675
358019,1,7,1,5.24743933357609
358032,1,7,9,4.593364080032134
358039,1,7,8,14.255963664964154
358051,1,7,9,6.6130498504495385
358068,1,7,9,21.660666690429174
358088,1,7,6,23.28175504394296
358089,1,7,9,23.54167568324893
358095,1,7,6,10.879967578019404
358100,1,7,6,14.164240821927331
358112,1,7,7,3.383654516736899
358134,1,7,9,7.553028372018688
358135,1,7,7,3.7661829837093785
358143,1,7,5,0.3586789934097332
358160,1,7,7,4.395547841627902
358164,1,7,8,23.128079574172258
358165,1,7,5,0.3586789934097332
358169,1,7,8,16.95498236593664
358184,1,7,10,4.3466575594439885
358221,1,7,5,0.3586789934097332
358229,1,7,9,19.01669177261995
358241,1,7,6,7.445164819261658
358248,0,7,0,0.056262894600622386
358253,1,7,9,24.186452831213373
358259,1,7,6,23.400241706666613
358288,1,7,1,20.58587520023901
358293,1,7,6,5.602250088657187
358308,1,7,9,26.115194293626367
358320,1,7,6,5.334387800854295
358327,1,7,6,13.57830390564317
358328,1,7,5,0.3586789934097332
358337,1,7,1,5.386161436444506
358340,1,7,9,5.610948079271206
358344,1,7,9,21.831407547188626
358346,1,7,5,0.3586789934097332
358370,1,7,9,26.473757605399427
358377,1,7,9,4.661520891547846
358386,1,7,8,11.221811602165694
358388,1,7,9,25.938342425602013
358397,0,7,0,0.029024503370226606
358408,1,7,7,1.4290358475014722
358421,1,7,6,19.11400039415032
358426,1,7,8,23.397320096200875
358436,1,7,7,1.4089793899244671
358457,1,7,9,17.898957952687084
358461,1,7,7,3.4161590341525243
358481,1,7,5,0.3586789934097332
358485,1,7,8,19.81711029592375
358503,1,7,8,14.759876842437635
358504,1,7,8,16.982447171580386
358509,1,7,10,13.573352751246938
358520,1,7,10,5.5117632539720205
358523,0,7,0,0.08612388895370533
358528,1,7,6,7.7957268363455725
358533,1,7,10,11.879979106327212
358562,1,7,7,4.378417782815413
358566,1,7,6,19.56224916470909
358582,1,7,8,21.80061387760149
358584,1,7,8,24.91978359729567
358591,1,7,10,5.294546949533795
358598,1,7,9,21.10321981589334
358608,1,7,9,21.622295628915136
358615,1,7,10,9.385799251373077
358631,1,7,9,6.439507350477702
358636,1,7,9,23.69977707028001
358637,0,7,0,0.01943466972345146
358640,1,7,7,1.8758951696206698
358646,1,7,4,0.3586790108976326
358656,1,7,5,0.3586789934097332
358673,1,7,9,15.101745289578869
358691,1,7,4,1.4878864697325307
358694,1,7,9,23.115476115628805
358724,1,7,6,22.98902157227814
358757,1,7,4,0.3586790108976326
358772,1,7,2,10.630040655027504
358775,1,7,8,17.626752619033876
358776,1,7,2,10.03931857407918
358804,1,7,1,6.521642513112979
358817,1,7,8,21.072127928289785
358820,1,7,9,3.3617735498978947
358829,1,7,8,5.513865909790047
358836,1,7,5,0.3586789934097332
358838,1,7,5,0.3586789934097332
358856,1,7,4,0.3586790108976326
358857,1,7,4,0.3586790108976326
358862,1,7,9,7.692713160418554
358867,0,7,0,0.02389625404698558
358889,1,7,9,22.88730143435812
358904,1,7,8,18.514734144858377
358909,1,7,8,20.441737318779463
358935,0,7,0,0.014457364035474722
358948,1,7,9,22.796181710122994
358954,1,7,9,19.867892816665318
358966,1,7,3,1.1598685937871487
358977,1,7,10,13.732638043575902
358979,1,7,5,0.3586789934097332
358992,1,7,4,0.3586790108976326
358996,1,7,9,14.929741609225275
358997,1,7,6,22.68741405211325
359000,1,7,8,10.715669126214467
359009,1,7,9,18.07930539186444
359021,1,7,5,0.3586789934097332
359025,1,7,2,9.498103058776888
359030,1,7,10,9.197578230181776
359031,1,7,5,0.3586789934097332
359034,1,7,8,10.186477823524548
359038,1,7,7,2.7699451528559957
359056,1,7,3,2.2126447479544513
359067,1,7,6,14.107591456967054
359082,1,7,1,16.250856627537352
359093,0,7,0,0.027100840969231724
359106,1,7,9,14.393190363470428
359108,1,7,1,14.954201519867816
359115,1,7,10,16.597598921942467
359116,1,7,10,14.769470441571315
359122,1,7,6,8.37107431111798
359143,1,7,9,8.314230828574528
359144,1,7,1,20.01429345196918
359146,1,7,7,1.475875711585417
359217,1,7,8,18.901874695531706
359232,1,7,4,0.358679009087165
359240,1,7,7,1.6063693868731703
359259,1,7,7,4.343161651381213
359284,1,7,6,14.397747925201221
359288,1,7,1,11.713438767949443
359293,1,7,5,0.3586789934097332
359306,1,7,9,7.676470912289534
359313,1,7,9,16.48346475354664
359314,1,7,7,4.6081083468669
359316,1,7,9,22.5725852011595
359317,1,7,10,20.21409559271281
359378,1,7,9,18.67943494463732
359385,1,7,9,22.507563020589924
359391,1,7,9,26.033943014291825
359393,1,7,10,21.247481130429815
359400,1,7,4,0.3586790108976326
359401,0,7,0,0.02645503180902864
359403,1,7,5,0.3586789934097332
359411,1,7,6,16.954477506160767
359435,1,7,9,26.35485660051056
359446,1,7,5,0.3586789934097332
359456,1,7,9,22.447706458203054
359469,1,7,3,1.98044981462484
359489,1,7,5,0.3586789934097332
359496,1,7,4,0.3586790108976326
359504,1,7,9,5.830433504130596
359505,1,7,8,20.358053667234277
359528,1,7,8,7.427909893113513
359529,1,7,9,16.616516204247713
359534,0,7,0,0.015402751819897085
359545,1,7,9,9.560806026220245
359560,1,7,10,9.024909042266076
359565,1,7,9,9.61995614305677
359575,1,7,9,26.190332252251117
359581,1,7,3,1.8988560058483148
359582,0,7,0,0.01819648105671507
359586,1,7,1,10.623642700297179
359611,1,7,5,0.3586789934097332
359614,1,7,2,13.401090257283661
359615,1,7,4,0.3586790108976326
359616,1,7,8,28.524893417884414
359617,1,7,4,0.3586790108976326
359620,1,7,10,20.065319604396073
359627,1,7,2,2.245042893815261
359642,1,7,5,0.3586789934097332
359649,1,7,8,14.360855932795053
359662,1,7,5,0.3586789934097332
359671,1,7,9,12.183074754942094
359686,1,7,6,12.426594167206888
359690,1,7,8,3.2732854279463446
359702,1,7,9,22.933296393073874
359723,1,7,5,0.3586789934097332
359726,0,7,0,0.020633219683193458
359730,1,7,3,1.8614786619591712
359731,1,7,1,20.97695357412607
359739,1,7,10,7.307642366903568
359747,1,7,9,7.973087328807663
359761,1,7,5,0.3586789934097332
359766,1,7,10,9.222316799723902
359767,1,7,8,18.15338043317296
359780,1,7,8,14.109399989276934
359784,1,7,8,12.35460529780546
359790,1,7,7,3.3233269830650287
359799,1,7,8,21.364517804192744
359810,1,7,1,6.357952608623482
359812,1,7,6,18.2136710986589
359826,1,7,9,4.096486572390887
359835,1,7,5,0.3586789934097332
359859,1,7,4,0.3586790108976326
359870,1,7,8,4.84571739135061
359880,1,7,3,0.8485415714471644
359882,1,7,4,0.3586790108976326
359888,1,7,6,11.01498523190267
359889,1,7,7,4.556991954375833
359901,1,7,8,10.984244592362284
359917,1,7,1,20.792277400968683
359920,1,7,6,23.405853514297434
359928,1,7,10,5.7024850675399
359936,1,7,5,0.3586789934097332
359950,1,7,9,21.318280933756064
359954,1,7,10,9.858676145202104
359965,1,7,6,14.921586734603059
359990,1,7,6,17.366031585184274
360029,1,7,8,6.934034751628343
360033,1,7,4,0.3586790108976326
360054,1,7,9,5.281337850174124
360086,1,7,9,18.641004432855166
360093,1,7,8,2.0781363724663495
360115,1,7,4,0.3586790108976326
360124,1,7,6,22.382564978317237
360129,1,7,8,11.088977369938284
360170,1,7,6,23.03725376019947
360175,1,7,9,12.057803755233385
360176,1,7,1,17.17644523106441
360177,1,7,4,0.3586790108976326
360180,1,7,1,16.016753506856364
360196,1,7,1,17.84582159999628
360232,1,7,9,10.83691030724321
360237,1,7,10,21.07715459260927
360247,1,7,5,0.3586789934097332
360253,1,7,5,0.3586789934097332
360266,1,7,8,26.2832431996754
360273,1,7,8,16.08403757639018
360278,1,7,9,15.242777324440445
360280,1,7,9,9.747889860644657
360282,1,7,4,0.3586790108976326
360285,1,7,9,10.710404874979258
360303,1,7,9,20.847656329549377
360307,1,7,7,1.104172937132159
360322,1,7,9,20.969215652415755
360335,1,7,9,25.673689557446348
360357,1,7,7,0.7834113408504269
360360,1,7,4,0.3586790108976326
360400,1,7,9,16.60864544963122
360411,1,7,9,24.950018022846642
360413,1,7,8,24.096836424371453
360425,1,7,10,7.28961888088376
360436,1,7,9,23.57610422139638
360438,1,7,9,12.555061714666792
360476,1,7,4,0.3586790108976326
360479,1,7,8,18.926718025396358
360490,1,7,3,1.3705600372190243
360491,1,7,10,20.784071648497616
360494,1,7,8,12.668569494987056
360507,1,7,9,10.549490829145007
360509,1,7,5,0.3586789934097332
360514,1,7,7,3.057893648543459
360517,1,7,8,19.502127428763053
360520,1,7,6,12.613149891443689
360549,1,7,9,21.70270778331141
360561,1,7,10,10.198631888480453
360576,1,7,4,0.3586790108976326
360577,1,7,8,15.958925824784016
360580,1,7,8,24.028797790587745
360586,1,7,9,26.076448820847453
360591,1,7,4,0.3586790108976326
360613,1,7,5,0.3586789934097332
360620,1,7,6,21.79779366629245
360633,1,7,10,5.257869863585217
360635,1,7,4,0.3586790108976326
360658,1,7,4,0.3586790108976326
360686,1,7,1,19.403809862252945
360691,1,7,8,24.753296829795282
360723,1,7,8,21.702009095883152
360735,1,7,9,25.50979455721109
360749,1,7,6,15.456650114796185
360762,1,7,6,18.4573001363665
360767,1,7,5,0.3586789934097332
360779,1,7,10,7.766065335117348
360782,1,7,9,25.192088747381444
360790,1,7,9,16.57300373295354
360797,1,7,6,6.292214886317778
360798,1,7,6,12.527026489995285
360805,0,7,0,0.016416056005724655
360807,1,7,10,5.283364460419429
360811,1,7,8,16.8139201371601
360814,1,7,7,4.501365082185735
360818,1,7,6,5.68669901881142
360823,1,7,5,0.3586789934097332
360835,1,7,8,9.434803927508463
360838,1,7,6,23.455191720847175
360844,1,7,7,1.0958205594692536
360846,1,7,8,16.07799050900466
360872,1,7,9,25.993443716364542
360911,1,7,9,25.31780106186499
360912,1,7,9,23.930520095563313
360915,1,7,4,0.3586790108976326
360933,1,7,8,13.611439603093064
360980,1,7,3,2.4013375169475886
360982,1,7,8,20.236198036405096
360985,1,7,2,10.027126504232212
360995,1,7,4,0.3586790108976326
361039,1,7,5,0.3586789934097332
361041,1,7,4,0.3586790108976326
361047,1,7,5,0.3586789934097332
361070,1,7,10,12.782410926357391
361085,1,7,4,0.3586790108976326
361087,1,7,6,14.812512787464824
361088,1,7,5,0.3586789934097332
361098,1,7,8,18.233703833921588
361112,1,7,9,9.907774150861853
361140,1,7,9,16.34048520966773
361145,1,7,9,22.657675818993138
361146,1,7,10,21.272199345672636
361154,1,7,8,11.056919774856857
361156,1,7,6,14.845021470453872
361177,1,7,9,20.73261511680071
361191,1,7,4,0.3586790108976326
361196,1,7,6,11.246352941026133
361199,1,7,5,0.3586789934097332
361201,1,7,9,25.669944887086388
361215,1,7,10,17.09146541661115
361225,1,7,9,16.450425467023816
361229,1,7,4,0.358679009087165
361230,1,7,6,22.212041160866423
361242,1,7,4,0.3586790108976326
361258,1,7,2,10.21347703747614
361277,1,7,10,14.76071786713712
361283,1,7,9,22.760240340670894
361292,1,7,5,0.3586789934097332
361297,1,7,4,0.3586790108976326
361314,1,7,4,0.3586790108976326
361328,1,7,9,12.745485876497458
361331,1,7,6,17.815977525167668
361366,1,7,6,22.993686870777907
361368,1,7,8,23.252603569444663
361372,1,7,8,20.587474334456594
361397,1,7,10,11.929967221678032
361403,1,7,9,26.34259827353406
361411,1,7,5,0.3586789934097332
361432,1,7,9,16.43197888657762
361445,1,7,9,14.068574601254463
361451,1,7,9,8.38634110522731
361452,1,7,9,2.6472116210219347
361455,1,7,6,11.622402755223144
361463,1,7,8,17.44447543955288
361464,1,7,7,1.2402512330447528
361478,1,7,1,18.07866660303515
361499,1,7,5,0.3586789934097332
361506,1,7,1,14.737378885496973
361512,1,7,6,16.481392668037596
361548,1,7,8,8.36662318256042
361553,1,7,10,14.955694704148767
361554,1,7,4,0.3586790108976326
361577,1,7,9,19.687536644288535
361583,1,7,1,4.450507070915738
361586,1,7,8,4.401350739904288
361595,1,7,4,0.3586790108976326
361597,1,7,8,22.574363881696332
361605,1,7,5,0.3586789934097332
361620,1,7,10,11.893974367505546
361631,1,7,5,0.3586789934097332
361633,1,7,6,20.908615178637124
361636,0,7,0,0.013191409104161531
361644,1,7,9,25.25871143708795
361683,1,7,6,21.808283704696883
361704,1,7,6,20.72440994452484
361744,1,7,9,8.247510902503016
361775,1,7,5,0.3586789934097332
361789,1,7,5,0.3586789934097332
361790,1,7,10,8.794103708710145
361806,1,7,8,19.508474660774173
361807,1,7,9,8.259323412504235
361808,1,7,10,11.671238837146312
361811,1,7,8,20.18246373800455
361827,1,7,6,6.075956577667063
361830,1,7,8,15.2403962491836
361850,1,7,9,7.0630266487952085
361862,1,7,6,20.52050869397983
361863,1,7,5,0.3586789934097332
361866,1,7,5,0.3586789934097332
361876,1,7,8,19.9405312904154
361878,0,7,0,0.02498899975735774
361886,1,7,5,0.3586789934097332
361896,1,7,6,9.287373707938437
361921,1,7,8,8.559640807846788
361935,1,7,8,24.45830262363221
361937,1,7,4,0.358679009087165
361942,1,7,8,6.044546482036619
361952,1,7,9,11.024607155406494
361953,1,7,8,21.634607296398457
361987,1,7,8,22.88007784702814
361989,1,7,9,13.73871022468171
361991,1,7,10,7.400059605335295
362000,1,7,5,0.3586789934097332
362004,1,7,8,16.105354518132778
362008,1,7,7,3.614123957357781
362030,1,7,10,11.288359079450172
362032,1,7,9,6.783081888044723
362035,1,7,10,15.102949542832555
362036,1,7,5,0.3586789934097332
362046,1,7,1,22.107911774200247
362050,1,7,4,0.3586790108976326
362059,1,7,7,1.2631511052841675
362067,1,7,8,26.987820756407725
362069,1,7,6,23.664935763940587
362109,1,7,4,0.3586790108976326
362119,1,7,9,12.513116971294938
362125,1,7,2,5.8647597428281975
362129,1,7,10,8.522027799689015
362146,0,7,0,0.027401708812732732
362152,1,7,8,17.37231690781726
362162,1,7,5,0.3586789934097332
362163,1,7,9,8.385559512643217
362168,1,7,10,14.330394023450776
362173,1,7,8,21.50117146191329
362174,1,7,9,16.80465923112768
362176,1,7,7,4.5170402166090335
362190,1,7,8,8.888619141436983
362198,1,7,5,0.3586789949470627
362201,1,7,10,5.064097581030678
362223,1,7,7,4.085293345317848
362230,1,7,7,0.35417989846403475
362232,1,7,9,13.30167129526961
362266,1,7,4,0.3586790108976326
362274,1,7,9,13.178839468415164
362276,1,7,8,26.482236067626477
362281,1,7,6,15.155830252845304
362290,1,7,10,12.359722494394143
362296,0,7,0,0.011938045174459042
362304,1,7,8,3.99693038195539
362314,1,7,5,0.3586789934097332
362326,1,7,6,6.1856147102232155
362335,1,7,4,0.3586790108976326
362336,1,7,4,0.3586790108976326
362352,0,7,0,0.01615410088968135
362362,1,7,6,22.591512342997287
362364,1,7,10,3.7999651198555826
362366,1,7,7,2.333723803814348
362381,1,7,9,24.43655702745872
362383,1,7,5,0.3586789934097332
362393,1,7,4,0.3586790108976326
362395,1,7,4,0.3586790108976326
362402,1,7,9,8.55428555304632
362405,1,7,8,24.072169579592607
362407,1,7,7,2.2295217176488897
362410,1,7,4,0.3586790108976326
362417,1,7,5,0.3586789934097332
362421,1,7,1,15.984778665383136
362423,1,7,8,10.408954051161746
362424,1,7,9,19.743597418204175
362426,1,7,8,3.7780098623156797
362427,1,7,5,0.3586789934097332
362437,1,7,8,12.226676159351275
362453,0,7,0,0.0269570160292251
362455,1,7,1,18.963739759510574
362456,1,7,9,14.960017107958336
362457,1,7,1,17.962010264581018
362460,1,7,3,2.4024777363332395
362479,1,7,2,12.498402570190141
362492,0,7,0,0.012482264908166283
362494,1,7,7,4.008570830736395
362504,1,7,8,15.368355354336533
362506,1,7,4,0.3586790108976326
362509,1,7,8,8.011623056719584
362510,0,7,0,0.01948624510371206
362523,1,7,9,16.062411947846226
362527,1,7,9,15.574654969346655
362531,1,7,9,23.200199952796098
362533,1,7,9,13.593024846881066
362535,1,7,9,9.745812250907823
362539,1,7,4,0.3586790108976326
362543,1,7,8,20.44492198050036
362544,1,7,9,22.15982494630249
362547,1,7,4,0.3586790108976326
362550,1,7,10,16.59517215522012
362552,1,7,9,23.902772638724045
362558,0,7,0,0.017552262095968895
362560,1,7,5,0.3586789934097332
362571,1,7,6,8.962803075174422
362574,1,7,6,15.06741287136294
362587,1,7,6,14.743761951095335
362594,1,7,4,0.358679009087165
362616,1,7,10,15.049173732185482
362620,1,7,6,21.470053748156996
362629,1,7,8,7.975508381536954
362633,1,7,3,1.5341520853684283
362694,1,7,8,18.009618013083184
362721,1,7,8,18.75598551551793
362747,1,7,5,0.3586789934097332
362748,1,7,5,0.3586789934097332
362751,1,7,8,11.745247375907908
362754,1,7,5,0.3586789934097332
362784,1,7,9,25.23259087780079
362798,1,7,9,13.561931387171411
362799,1,7,8,25.25027329802785
362814,1,7,6,19.403662567765473
362818,1,7,6,12.533268218792765
362839,1,7,8,19.60637619655327
362847,1,7,9,22.924968471536104
362852,0,7,0,0.03154097725437644
362858,1,7,8,12.315700724158095
362872,1,7,5,0.3586789934097332
362873,1,7,7,4.609543819851559
362875,1,7,9,13.493118620324534
362878,1,7,1,17.999554069084677
362881,1,7,6,20.017518936201785
362887,1,7,4,0.3586790108976326
362930,1,7,5,0.3586789934097332
362931,1,7,4,0.3586790108976326
362982,1,7,6,23.298683122056378
362988,1,7,9,26.246722548874033
362991,1,7,8,16.919542829795684
363001,1,7,5,0.3586789934097332
363005,1,7,10,9.829697464118254
363006,1,7,8,18.253463761003047
363014,1,7,3,1.2588569297595664
363024,1,7,8,10.560488349116913
363032,1,7,5,0.3586789934097332
363035,1,7,8,18.893974431757222
363042,1,7,9,24.504636457379142
363048,1,7,3,2.1855418849675554
363061,1,7,7,2.2780433049478512
363066,1,7,6,16.76390305929891
363072,1,7,5,0.3586789934097332
363090,1,7,9,25.704756896386723
363093,1,7,8,25.730886082335147
363101,1,7,5,0.3586789934097332
363124,1,7,5,0.3586789934097332
363126,1,7,8,12.70666022055111
363153,1,7,9,15.021318074075143
363163,1,7,1,20.82654003201039
363179,1,7,6,15.032116734784106
363186,1,7,5,0.3586789934097332
363201,1,7,2,11.423757924487933
363206,1,7,8,3.2015460385690697
363210,1,7,9,24.751364802198918
363213,1,7,7,1.1694938105283543
363229,1,7,9,20.297254488424215
363232,1,7,1,21.87879532848633
363233,1,7,1,5.876694540635325
363238,1,7,6,22.44173820284379
363242,1,7,9,7.0304924563846045
363244,0,7,0,0.031266169763237414
363248,1,7,6,17.82774669418471
363249,1,7,5,0.3586789934097332
363268,1,7,9,15.599235919859977
363269,1,7,7,2.5586944607646744
363284,1,7,8,24.02486478163864
363296,1,7,5,0.3586789934097332
363298,1,7,4,0.3586790108976326
363316,1,7,1,9.41790665461451
363332,1,7,6,8.258808797897563
363362,0,7,0,0.012539905491094624
363366,1,7,10,16.089996803626857
363372,1,7,9,16.269960878544456
363373,1,7,7,4.597677582002585
363384,1,7,9,14.899700434189091
363387,1,7,10,15.739754532086511
363391,1,7,8,16.30332631620776
363393,1,7,8,20.377469984784153
363394,1,7,9,14.827143131953733
363395,1,7,9,20.7034162706981
363399,1,7,10,18.127049274382948
363425,1,7,9,16.228317931248124
363426,1,7,6,15.140253550503441
363432,1,7,9,23.945062375328305
363445,1,7,7,1.6872701011927613
363448,1,7,4,0.3586790108976326
363450,0,7,0,0.02734609031354821
363461,1,7,10,10.74179420966139
363479,1,7,10,19.012883613939458
363480,1,7,9,13.607157585252052
363504,1,7,8,24.65677071384795
363515,1,7,5,0.3586789934097332
363533,1,7,6,22.957042961784524
363541,1,7,4,0.3586790108976326
363550,1,7,9,26.359658993489752
363556,1,7,10,9.526992192649457
363563,1,7,6,11.25836783148305
363566,1,7,9,15.415504952624422
363570,1,7,1,13.889349074442798
363572,1,7,9,4.569139970696241
363619,1,7,9,13.040164224027478
363620,1,7,9,15.573315633760581
363648,1,7,1,15.917101131915242
363654,1,7,7,2.5495637428761464
363672,1,7,5,0.3586789934097332
363683,1,7,5,0.3586789934097332
363686,1,7,10,9.32782393447435
363701,1,7,10,10.045819829434176
363709,0,7,0,0.025626734684033873
363726,1,7,6,18.497467115891116
363730,1,7,8,7.629523726531799
363740,1,7,1,18.078246580322617
363760,1,7,5,0.3586789934097332
363761,1,7,5,0.3586789934097332
363769,1,7,10,16.087483678209455
363776,1,7,9,20.30788120082955
363785,1,7,8,15.188145369070213
363786,1,7,4,0.3586790108976326
363787,1,7,7,2.8027106782589617
363788,1,7,9,25.936354030871986
363802,1,7,6,22.63517383369226
363810,1,7,4,0.3586790108976326
363820,1,7,6,22.892402411944133
363821,1,7,4,0.3586790108976326
363834,1,7,1,11.967088973644387
363851,1,7,10,15.02101853304483
363853,1,7,10,16.875377849451503
363856,1,7,4,0.358679009087165
363858,1,7,6,16.97710536670265
363875,1,7,10,15.074297486075563
363877,1,7,8,25.80630757607115
363878,1,7,1,13.689263744479755
363880,1,7,6,19.404487925540646
363905,1,7,2,9.760832377215783
363906,1,7,9,10.217248175413276
363913,1,7,7,2.5338126994089607
363925,1,7,4,0.3586790108976326
363948,1,7,8,17.313336430952667
363954,1,7,1,8.80648385541476
363960,1,7,5,0.3586789934097332
363976,1,7,10,10.84158675208111
363986,1,7,5,0.3586789934097332
363988,1,7,9,24.539709119708686
364006,1,7,7,3.3525061794324778
364007,1,7,6,21.236396035810188
364010,1,7,9,26.239114369413322
364015,1,7,9,12.437796786711573
364057,1,7,6,16.940086482586985
364110,1,7,5,0.3586789934097332
364111,1,7,8,9.275242494969426
364115,1,7,5,0.3586789934097332
364135,1,7,9,10.673580105748835
364139,1,7,6,13.73100744299511
364143,1,7,1,5.381280525157755
364165,1,7,8,25.337481504432255
364180,1,7,8,10.465978904034992
364182,1,7,8,8.418029929908762
364191,1,7,8,12.61025972433374
364193,0,7,0,0.05503151861097216
364203,1,7,6,16.748942936980605
364208,0,7,0,0.016820810521384684
364231,1,7,6,18.900610834564496
364243,1,7,5,0.3586789934097332
364244,1,7,9,16.330203122082025
364247,1,7,1,19.489615490772625
364259,1,7,7,1.031517077569771
364262,1,7,8,6.561193703116569
364290,1,7,9,10.959693495195905
364292,0,7,0,0.02691172277002153
364298,1,7,7,3.1533422009359118
364303,1,7,5,0.3586789934097332
364305,1,7,6,12.60433537404268
364312,1,7,9,25.7092448138987
364315,1,7,6,20.5373650299934
364320,1,7,9,26.338513280191062
364340,1,7,8,6.990742523184121
364352,1,7,4,0.3586790108976326
364367,1,7,2,11.078293922142853
364368,0,7,0,0.02658102244014813
364370,1,7,9,12.587336932860127
364374,1,7,6,13.527995713755049
364378,1,7,4,0.3586790108976326
364403,1,7,10,12.36705609308122
364405,1,7,6,23.036932770803684
364408,1,7,6,15.029787496853688
364423,1,7,2,4.325647746069974
364424,1,7,1,19.483847049830622
364430,1,7,5,0.3586789934097332
364431,1,7,6,10.818684410283455
364441,1,7,8,21.685696683058875
364448,1,7,8,8.539408717391941
364450,1,7,1,13.14209428187904
364451,1,7,4,0.358679009087165
364459,1,7,4,0.3586790108976326
364485,1,7,4,0.3586790108976326
364490,1,7,9,13.366006353789972
364520,1,7,8,12.241354764244237
364538,1,7,9,8.950517040454407
364542,1,7,3,1.735276316959571
364548,1,7,6,5.1345776920929875
364549,1,7,2,12.935202925476128
364555,1,7,9,11.295741925563139
364576,1,7,7,1.8068572917109922
364577,1,7,5,0.3586789934097332
364580,0,7,0,0.19524945086655565
364589,1,7,4,0.3586790108976326
364591,1,7,4,0.3586790108976326
364593,1,7,8,17.218552202889867
364597,1,7,10,10.745805876358974
364605,1,7,10,18.19246369644398
364615,1,7,8,24.754999913551217
364623,1,7,6,18.98788161671532
364629,1,7,3,2.294091242109212
364642,1,7,9,24.40803931902013
364668,1,7,3,2.402013400742193
364678,1,7,9,23.552714913904317
364685,1,7,1,16.290054829216142
364686,1,7,7,1.4808133153050862
364691,1,7,9,25.659723693949125
364699,1,7,6,14.65068861244353
364709,1,7,5,0.3586789934097332
364727,1,7,1,11.203373353237032
364738,1,7,6,12.208185736720932
364750,1,7,4,0.358679009087165
364758,1,7,6,24.061830666016817
364761,1,7,9,23.51764161923747
364772,0,7,0,0.026266283780768555
364793,1,7,8,17.063665499306204
364800,1,7,9,25.26412886179128
364804,1,7,5,0.3586789934097332
364806,1,7,4,0.3586790108976326
364831,1,7,5,0.3586789934097332
364845,1,7,4,0.3586790108976326
364864,1,7,8,21.487940500133558
364869,1,7,8,14.860784963914446
364877,1,7,9,18.922599457999393
364885,1,7,7,2.531294733361025
364911,1,7,9,15.840741164089234
364912,1,7,5,0.3586789934097332
364915,1,7,5,0.3586789934097332
364930,1,7,2,2.4339521888895486
364935,1,7,9,17.742368439917
364954,1,7,4,0.3586790108976326
364957,1,7,5,0.3586789934097332
364958,1,7,9,7.82202530166527
364966,1,7,6,6.996664863181032
364971,1,7,5,0.3586789934097332
364985,1,7,9,24.12818726805586
364992,1,7,6,17.556751437207904
365009,1,7,3,2.3554287237714973
365020,1,7,8,28.538383697994576
365030,1,7,7,3.796298363846397
365050,1,7,8,16.370074815464307
365056,1,7,1,22.13125436741161
365066,1,7,9,6.605146045622888
365095,1,7,10,10.644172008682983
365098,1,7,3,2.1507139055298867
365119,1,7,6,15.327768098231696
365122,1,7,4,0.3586790108976326
365125,1,7,5,0.3586789934097332
365130,1,7,4,0.3586790108976326
365132,1,7,8,8.903739482307358
365137,1,7,7,4.597206665391998
365143,1,7,4,0.3586790108976326
365148,1,7,9,12.25488782645811
365152,1,7,1,13.116042118503199
365155,1,7,4,0.3586790108976326
365170,1,7,9,11.801102851507691
365171,1,7,2,3.6711906320005734
365178,1,7,6,17.758145982157714
365210,1,7,10,21.244816851843687
365221,1,7,9,6.9362041078275976
365233,1,7,10,4.7524912590143975
365261,1,7,8,23.990081555885286
365262,1,7,6,21.755019542092793
365268,1,7,1,17.964757432735222
365275,1,7,9,9.142446475644318
365293,1,7,6,18.79808804709027
365310,1,7,9,24.43058248199822
365311,1,7,6,23.458948171112088
365315,1,7,8,22.020393468215683
365322,1,7,4,0.3586790108976326
365325,1,7,7,4.359421764258213
365330,1,7,7,3.2719657017902835
365333,1,7,5,0.3586789934097332
365336,1,7,8,28.508756996495013
365338,1,7,9,20.658713827683957
365339,1,7,8,14.521597567795089
365342,1,7,5,0.3586789949470627
365360,1,7,5,0.3586789934097332
365373,1,7,1,4.944117794942409
365377,1,7,6,5.2380297099122695
365387,1,7,4,0.3586790108976326
365388,1,7,2,11.328645340762826
365399,1,7,9,22.752482569303055
365400,1,7,4,0.3586790108976326
365405,1,7,9,24.73860890401804
365414,1,7,8,17.39642198998683
365440,1,7,6,11.676899119109027
365442,1,7,4,0.3586790108976326
365444,1,7,10,5.876782711407546
365481,1,7,4,0.3586790108976326
365486,1,7,6,7.628641158011836
365489,1,7,9,21.33181326267798
365491,1,7,5,0.3586789934097332
365505,1,7,3,2.4067823629530087
365520,1,7,9,8.618907005140032
365530,1,7,9,15.508919613787336
365556,1,7,10,4.8261734050420975
365562,1,7,6,18.181748360153794
365590,1,7,1,20.71890752385217
365620,1,7,4,0.3586790108976326
365626,1,7,9,15.572848081075575
365628,1,7,8,24.02974288281816
365661,1,7,4,0.3586790108976326
365668,1,7,4,0.3586790108976326
365669,1,7,6,11.941935601240825
365674,1,7,5,0.3586789934097332
365699,1,7,9,20.975517838316595
365703,1,7,9,6.420882924263893
365708,1,7,8,13.416206384719223
365714,1,7,9,16.6490692804897
365731,1,7,6,23.671250200549494
365735,1,7,1,13.40726390307767
365760,1,7,6,22.50567938024746
365772,1,7,8,3.6025429362255443
365780,1,7,8,12.332012685560615
365799,1,7,6,22.199984086987588
365811,1,7,1,16.01027046694553
365824,1,7,5,0.3586789934097332
365826,1,7,6,10.235955825928183
365835,1,7,1,18.186254706049933
365854,1,7,4,0.3586790108976326
365859,1,7,9,15.247322710655874
365864,1,7,6,15.839204824802328
365865,1,7,4,0.3586790108976326
365881,1,7,6,6.099361761804495
365925,1,7,6,7.889533594040466
365957,1,7,8,20.892312092232373
365964,1,7,9,14.95567170052833
365974,1,7,5,0.3586789934097332
366003,1,7,6,22.727902711655236
366019,1,7,9,5.0089586108838935
366042,1,7,4,0.3586790108976326
366044,1,7,9,13.739812476041497
366048,1,7,7,1.4001852420019265
366049,1,7,5,0.3586789934097332
366098,1,7,3,2.299942319309065
366108,1,7,6,18.41669482891258
366112,1,7,9,8.23803583585611
366113,1,7,1,22.499659971539334
366116,1,7,10,11.983594278905027
366139,1,7,9,25.658106741879127
366145,1,7,6,18.8999370817047
366147,1,7,3,2.044796604678951
366151,1,7,5,0.3586789934097332
366172,1,7,4,0.3586790108976326
366178,1,7,2,11.143835077016481
366184,1,7,5,0.3586789934097332
366207,1,7,8,28.494749644226204
366208,1,7,6,14.44959520376936
366223,1,7,9,5.640863206013505
366229,1,7,8,18.181674152214537
366235,1,7,6,19.914092199213222
366245,1,7,9,18.894177579329014
366253,1,7,9,14.154585047176065
366256,1,7,8,23.125275192932456
366260,1,7,5,0.3586789934097332
366262,1,7,9,9.626493216064958
366291,0,7,0,0.02718744785252949
366303,1,7,6,23.402012784300275
366309,1,7,10,18.272342343846535
366318,1,7,7,1.627713657998085
366341,1,7,6,16.99120736702615
366361,1,7,5,0.3586789934097332
366366,1,7,4,0.3586790108976326
366368,1,7,10,20.95282684763772
366375,1,7,4,0.3586790108976326
366382,1,7,10,11.576499781646316
366383,1,7,9,9.792063268301353
366385,0,7,0,0.017646220060356987
366386,1,7,5,0.3586789934097332
366393,0,7,0,0.008573160153337528
366396,1,7,5,0.3586789949470627
366402,1,7,4,0.358679009087165
366416,1,7,8,27.078816787245394
366420,1,7,8,19.72641335242141
366425,1,7,6,10.854980028638657
366437,1,7,8,28.489419883205105
366446,1,7,5,0.3586789934097332
366455,1,7,6,18.618047728164754
366457,1,7,1,10.629305521770602
366472,1,7,2,12.635354946512884
366484,1,7,4,0.3586790108976326
366496,1,7,6,10.059566553726711
366511,1,7,5,0.3586789934097332
366512,1,7,4,0.3586790108976326
366514,1,7,5,0.3586789934097332
366520,1,7,9,12.991795062093994
366525,1,7,7,3.5787739238134453
366538,1,7,8,26.894318228904666
366557,1,7,6,13.265320036950484
366565,1,7,8,21.77144220888871
366577,1,7,4,0.3586790108976326
366597,1,7,5,0.3586789934097332
366605,1,7,8,13.2209031721243
366615,1,7,9,13.618548845540342
366620,1,7,9,24.407563623730432
366626,1,7,7,1.3163007489734253
366632,1,7,9,26.084532117502413
366643,1,7,9,19.86588333814786
366655,1,7,4,0.3586790108976326
366661,1,7,5,0.3586789934097332
366664,1,7,9,26.07210179146487
366677,1,7,1,12.442928850773463
366678,1,7,9,4.773924805360998
366681,1,7,9,14.11986503038939
366687,1,7,5,0.3586789934097332
366699,1,7,9,13.647023490299018
366700,1,7,9,25.620989624178627
366707,1,7,5,0.3586789934097332
366712,1,7,10,18.3511419697468
366719,1,7,5,0.3586789934097332
366722,0,7,0,0.015909967854023443
366726,1,7,3,1.8147288551259353
366735,1,7,8,20.8103540849323
366738,1,7,9,8.887858279646942
366742,1,7,8,20.5741966696558
366747,1,7,1,10.75839649047579
366750,1,7,1,16.900077364476683
366759,1,7,8,20.684934999884888
366773,1,7,3,1.406204391859464
366789,1,7,1,17.92114199319071
366798,1,7,8,5.678332707551416
366815,1,7,4,0.3586790108976326
366816,1,7,8,27.818844179622836
366817,1,7,6,13.474402135928631
366828,0,7,0,0.01320045299395447
366854,1,7,9,24.104941269213516
366856,0,7,0,0.018056160384709963
366871,1,7,9,14.295746152224336
366873,1,7,9,13.245211453179074
366879,1,7,4,0.3586790108976326
366889,1,7,5,0.3586789934097332
366890,1,7,5,0.3586789934097332
366899,1,7,6,13.88483915404361
366909,1,7,8,12.665102801687086
366916,1,7,8,23.119997453136335
366917,1,7,8,23.10300258159733
366924,1,7,4,0.3586790108976326
366929,1,7,8,26.340148738080707
366934,1,7,7,3.285523832677024
366936,1,7,10,20.80012776804772
366962,1,7,6,18.33363972363228
366966,1,7,9,16.48170090746703
366996,1,7,1,12.618248352865368
367020,1,7,6,6.779517756147924
367027,1,7,4,0.3586790108976326
367035,0,7,0,0.013404539623994582
367038,1,7,7,1.2541493586395136
367062,1,7,5,0.3586789934097332
367063,1,7,10,11.043784328920003
367064,1,7,8,21.572826692170846
367078,1,7,10,21.22840421037078
367082,1,7,3,2.0785481870084643
367086,1,7,10,7.646199269180441
367095,1,7,9,10.167292692821484
367108,1,7,2,11.57003692655238
367113,1,7,6,14.335118871482651
367125,1,7,6,18.51874905541246
367135,1,7,3,2.409966335346147
367152,1,7,4,0.3586790108976326
367200,1,7,5,0.3586789934097332
367201,1,7,6,14.981558251676839
367259,1,7,9,3.600963761159097
367262,1,7,5,0.3586789934097332
367271,1,7,9,13.150232398109155
367276,1,7,2,6.215569804957134
367281,1,7,5,0.3586789934097332
367291,1,7,8,18.261966011146278
367319,1,7,9,24.238452690613055
367337,0,7,0,0.011923622155532077
367350,1,7,4,0.3586790108976326
367352,1,7,9,24.070619958875444
367356,1,7,3,1.9227855507612808
367360,1,7,8,16.90143545983209
367370,1,7,5,0.3586789934097332
367395,1,7,6,4.2346399812067075
367399,1,7,10,9.773014768885714
367451,1,7,3,2.373266667931003
367455,1,7,9,24.81265196451003
367457,1,7,4,0.3586790108976326
367462,1,7,5,0.3586789934097332
367464,1,7,8,3.4032991051172856
367469,1,7,8,12.53101038390802
367472,1,7,4,0.3586790108976326
367473,1,7,8,27.63448740686339
367474,1,7,6,18.51701172604251
367476,1,7,6,10.161340125931982
367480,1,7,9,22.922095432072386
367502,1,7,8,28.471714715134382
367575,1,7,8,21.64677971534711
367577,1,7,9,16.396936736641067
367586,0,7,0,0.023760199963888663
367588,1,7,6,8.668970568311098
367594,1,7,9,14.024488141032938
367598,1,7,4,0.3586790108976326
367606,1,7,3,2.3975467444936984
367607,1,7,9,26.008702049082043
367608,1,7,3,2.104911476533387
367610,1,7,5,0.3586789934097332
367627,1,7,7,1.764176732553777
367635,1,7,5,0.3586789949470627
367637,1,7,2,1.2100099675262126
367645,1,7,8,17.771881584929925
367646,1,7,9,18.216202217895724
367650,1,7,9,11.875959895451645
367661,1,7,9,25.281316401701172
367684,1,7,6,21.607790406212796
367685,1,7,9,11.166777890912748
367687,1,7,3,2.454430243481443
367695,1,7,10,14.252805796611614
367696,1,7,9,25.884569137479406
367699,1,7,10,15.95288667907359
367725,1,7,5,0.3586789934097332
367743,1,7,4,0.3586790108976326
367746,1,7,4,0.3586790108976326
367762,1,7,10,11.169563341551402
367785,1,7,8,21.00382694307631
367787,1,7,4,0.3586790108976326
367801,1,7,5,0.3586789934097332
367814,1,7,8,25.832560153154393
367817,1,7,6,22.569232290443033
367826,1,7,8,25.35352044040359
367836,1,7,6,9.721190536243657
367841,1,7,9,24.54834640640193
367847,1,7,10,15.61627678916481
367870,1,7,7,4.633154723390886
367875,1,7,5,0.3586789934097332
367880,1,7,8,18.350825929049716
367892,1,7,5,0.3586789934097332
367903,1,7,5,0.3586789934097332
367913,1,7,8,26.691533516909594
367918,1,7,7,0.9630814124351944
367919,1,7,1,15.51458685661834
367936,1,7,4,0.3586790108976326
367944,1,7,5,0.3586789934097332
367947,1,7,7,2.928158597402192
367973,1,7,4,0.3586790108976326
367977,0,7,0,0.023490817897658722
368000,0,7,0,0.022386891694299773
368031,1,7,10,19.223146652811824
368037,1,7,9,26.3731371776473
368041,1,7,8,12.10135636877011
368064,1,7,9,7.903122642930646
368068,1,7,8,5.034745711239008
368071,1,7,5,0.3586789934097332
368077,1,7,9,20.838353679149748
368088,1,7,3,2.076732112203101
368093,1,7,1,8.730616036584307
368096,1,7,8,22.408622905360147
368103,1,7,6,6.580415472616606
368106,1,7,1,19.297685379598
368124,1,7,9,10.81029433461203
368127,1,7,6,22.347077771192875
368137,1,7,5,0.3586789934097332
368138,1,7,6,12.695078304484237
368152,1,7,6,9.925104578322355
368173,1,7,4,0.3586790108976326
368183,1,7,5,0.3586789934097332
368216,1,7,4,0.3586790108976326
368224,1,7,2,11.28861335920407
368234,0,7,0,0.03139452553109341
368235,1,7,6,8.272181806256425
368245,1,7,10,12.025555890223869
368255,1,7,10,20.61445424294919
368261,1,7,9,5.655470243234774
368263,1,7,10,20.44899599950366
368271,1,7,8,25.644776942247486
368287,1,7,5,0.3586789934097332
368294,1,7,5,0.3586789934097332
368327,1,7,10,20.152626280690548
368345,1,7,7,1.42264443597577
368373,0,7,0,0.21378411558548668
368374,1,7,5,0.3586789934097332
368401,1,7,9,21.73163836840207
368410,0,7,0,0.01867484226170784
368417,1,7,10,21.24373157887201
368430,1,7,1,21.14743071934003
368442,1,7,4,0.3586790108976326
368444,1,7,9,24.42887232144426
368459,1,7,4,0.3586790108976326
368463,1,7,9,14.893749449248912
368465,1,7,8,22.984153946421056
368469,1,7,8,9.969847756215728
368503,1,7,9,15.911913736135629
368524,1,7,10,14.637721511674567
368545,1,7,6,14.529731242939912
368574,1,7,10,10.857316182633017
368582,1,7,6,13.565994068319792
368597,1,7,9,16.099614831874785
368615,1,7,7,3.5922668539847433
368617,1,7,5,0.3586789934097332
368643,1,7,3,2.4063519870088466
368645,1,7,6,14.393540940774137
368647,1,7,4,0.3586790108976326
368664,1,7,2,11.438993754639164
368665,1,7,8,13.814513758187871
368676,0,7,0,0.011629000490362845
368677,1,7,9,25.6983581084774
368703,1,7,8,9.998167862808975
368728,1,7,9,8.734620259282442
368730,1,7,5,0.3586789934097332
368734,1,7,6,22.13000770113479
368747,1,7,5,0.3586789934097332
368749,1,7,6,16.860659159112814
368750,1,7,10,19.11935504662961
368757,1,7,4,0.3586790108976326
368767,1,7,10,11.537502797109779
368777,1,7,5,0.3586789934097332
368780,1,7,9,14.813208489973277
368797,1,7,2,9.741650922411264
368810,1,7,4,0.3586790108976326
368813,1,7,10,13.358295002347845
368814,1,7,3,1.9500472597173195
368817,1,7,8,6.015581899133898
368821,1,7,4,0.3586790108976326
368824,1,7,5,0.3586789934097332
368827,1,7,4,0.3586790108976326
368833,0,7,0,0.18861619955640455
368849,1,7,9,22.973826958004633
368858,1,7,5,0.3586789934097332
368875,1,7,9,15.222136985778167
368889,1,7,3,2.444239415786363
368894,1,7,5,0.3586789934097332
368897,1,7,4,0.3586790108976326
368905,1,7,10,7.001176661783059
368923,1,7,4,0.3586790108976326
368924,1,7,6,22.9514751329612
368925,1,7,6,22.403324138315718
368945,1,7,6,12.534629725612215
368947,0,7,0,0.04749080463395029
368948,1,7,4,0.3586790108976326
368952,0,7,0,0.01572394051114373
368977,1,7,6,16.943468702276583
368984,1,7,9,24.324560948155845
368992,1,7,5,0.3586789934097332
369002,1,7,8,23.396636309032203
369025,1,7,9,25.492913715385757
369027,1,7,9,22.984973271033464
369044,1,7,4,0.3586790108976326
369054,1,7,6,21.505796826730595
369094,1,7,9,10.490205272941534
369095,1,7,2,9.583696112897538
369104,1,7,6,14.83054710927189
369107,1,7,2,11.811947959960381
369111,1,7,5,0.3586789934097332
369125,1,7,8,14.909245844690087
369129,1,7,7,0.667890937532837
369143,1,7,4,0.3586790108976326
369146,1,7,6,7.647229203743429
369153,1,7,4,0.3586790108976326
369154,1,7,8,8.41788180035557
369157,1,7,6,15.053380419907496
369166,1,7,4,0.3586790108976326
369168,1,7,6,8.449257638093144
369170,1,7,8,24.03528719449127
369181,1,7,8,19.813828447797455
369193,1,7,5,0.3586789934097332
369198,1,7,9,5.802035347976821
369204,1,7,10,17.58704928262336
369210,1,7,10,9.520413176004086
369211,1,7,1,8.989152930369146
369212,1,7,8,28.10539788792613
369214,1,7,4,0.3586790108976326
369250,1,7,5,0.3586789934097332
369259,1,7,10,19.8671534728617
369267,1,7,6,11.635946027632063
369275,1,7,9,15.281871623070653
369278,1,7,9,13.369237863444223
369289,1,7,3,2.203292869834558
369293,1,7,4,0.3586790108976326
369303,1,7,8,26.82739743700925
369314,1,7,1,11.099326220990717
369327,0,7,0,0.014781318910988045
369337,1,7,10,9.77771812076063
369358,1,7,6,17.823507022347467
369360,1,7,5,0.3586789934097332
369363,1,7,8,26.027374046203445
369374,1,7,4,0.3586790108976326
369380,1,7,6,18.945013950723364
369392,1,7,9,17.41820503057182
369401,1,7,2,6.707535521202069
369410,1,7,4,0.3586790108976326
369411,1,7,8,23.442800513603107
369417,1,7,10,8.194155057752525
369418,1,7,8,11.109976343118664
369434,1,7,8,8.901802574615937
369437,1,7,9,15.906846599347409
369438,1,7,9,9.553303023550153
369447,1,7,1,11.298949257160471
369466,1,7,3,1.4213635208780284
369469,1,7,7,2.9547853561884887
369475,1,7,5,0.3586789949470627
369477,1,7,9,25.761669122011963
369481,1,7,7,2.3882133376265453
369483,1,7,10,12.071245530433835
369490,1,7,9,10.26780134364334
369494,1,7,8,2.17098907009612
369496,1,7,7,1.2056702032587654
369499,1,7,9,5.481277728491495
369512,1,7,5,0.3586789934097332
369517,1,7,3,1.7078305884154297
369518,1,7,9,15.525351099813701
369519,1,7,10,9.621918210909726
369525,1,7,3,0.7179145885853606
369550,1,7,9,13.279307344735804
369559,1,7,4,0.3586790108976326
369560,1,7,1,22.439140700051517
369568,1,7,5,0.3586789934097332
369590,1,7,7,3.013830355688242
369593,0,7,0,0.012048475190040419
369611,1,7,10,14.102443814127017
369619,1,7,10,21.12659179853294
369626,1,7,8,19.513571555380437
369654,1,7,10,17.772416521495355
369667,1,7,9,24.947428870072585
369682,1,7,6,8.42138450160781
369685,1,7,8,5.683486629608786
369689,1,7,6,16.84349653448556
369691,1,7,6,12.458640493881088
369694,1,7,4,0.3586790108976326
369698,1,7,9,7.7508094051322525
369699,1,7,5,0.3586789934097332
369709,1,7,4,0.3586790108976326
369712,1,7,5,0.3586789949470627
369751,1,7,9,16.023539698146354
369770,1,7,9,13.195536519353793
369780,1,7,6,11.108525865037949
369787,1,7,8,19.49968515220175
369788,1,7,5,0.3586789934097332
369801,1,7,6,5.023068774421657
369806,1,7,10,6.417846948354948
369807,1,7,5,0.3586789934097332
369812,1,7,6,14.850288742267407
369813,1,7,10,12.208424740013935
369817,1,7,8,24.725017889024404
369823,1,7,9,8.51091997041373
369828,1,7,9,26.37766444574352
369838,1,7,2,11.35040451801046
369866,1,7,8,19.92957621772211
369869,1,7,5,0.3586789934097332
369878,1,7,6,19.501487700967527
369886,1,7,8,16.790512675297883
369887,1,7,8,17.42429889446643
369895,1,7,9,16.476881282804946
369904,1,7,8,14.533399510857514
369908,1,7,9,21.489753096893082
369919,1,7,9,24.264657594765946
369936,1,7,9,12.562361483888488
369958,1,7,6,18.29291805789659
369962,1,7,6,11.453572828914321
369968,1,7,5,0.3586789934097332
369970,1,7,4,0.3586790108976326
369987,1,7,9,25.944520950133185
369993,1,7,10,19.910139740141812
369995,1,7,10,19.447290758971654
369997,1,7,4,0.358679009087165
369999,1,7,6,23.6429730291216
370010,1,7,5,0.3586789934097332
370035,1,7,2,7.427442014380859
370037,1,7,10,9.989313561704874
370041,0,7,0,0.02102602266414383
370055,1,7,4,0.3586790108976326
370065,1,7,9,25.01962704266289
370067,1,7,4,0.3586790108976326
370073,1,7,5,0.3586789934097332
370087,1,7,8,8.305881039689156
370107,1,7,8,15.010575369278808
370117,1,7,5,0.3586789934097332
370124,1,7,6,23.17575428260402
370131,1,7,8,24.555232730487166
370153,1,7,8,11.722530428483138
370157,1,7,9,23.05053448391729
370164,1,7,6,18.288691448218422
370168,1,7,9,8.48571162872356
370176,1,7,4,0.3586790108976326
370178,1,7,2,1.5797303722018374
370206,1,7,9,8.747208909589668
370207,1,7,9,22.41508323556541
370209,1,7,10,3.3915391718068886
370220,1,7,3,2.0877904627727752
370231,1,7,9,4.615046802941034
370239,1,7,10,9.82908742032807
370240,1,7,9,14.309056209952603
370247,1,7,9,19.944018459371495
370270,1,7,8,8.147675279600339
370277,1,7,9,14.525162712101347
370282,0,7,0,0.02582028722771518
370290,0,7,0,0.027747505653461648
370304,1,7,9,24.562363987936497
370308,1,7,10,20.16014543613481
370309,1,7,8,12.071579621953843
370315,1,7,10,7.194538319952198
370333,1,7,5,0.3586789934097332
370338,1,7,6,5.896069218642764
370342,1,7,6,23.351098766958035
370349,1,7,9,25.8317345261712
370355,1,7,10,11.04281441086171
370361,1,7,6,17.362081173025924
370366,1,7,1,16.140616774515458
370367,1,7,6,9.625133140848472
370386,1,7,1,21.30687516433843
370387,1,7,10,8.939012289599928
370389,1,7,5,0.3586789934097332
370393,1,7,9,17.0265664740127
370413,1,7,9,21.766993414040233
370423,1,7,7,2.555207369305268
370430,1,7,5,0.3586789934097332
370441,1,7,6,5.831172890522762
370443,1,7,5,0.3586789934097332
370467,1,7,6,18.78396208442228
370480,1,7,10,16.95497151146113
370490,1,7,5,0.3586789934097332
370493,1,7,4,0.3586790108976326
370510,1,7,6,23.035752983436005
370516,1,7,10,8.269990028556293
370521,1,7,9,4.608382839872856
370537,1,7,8,13.429343312209525
370538,1,7,4,0.3586790108976326
370544,1,7,1,8.109854950563342
370545,1,7,10,11.709871473498922
370546,1,7,4,0.358679009087165
370554,0,7,0,0.02462899060919552
370561,1,7,7,3.215723920893504
370564,1,7,5,0.3586789934097332
370598,1,7,5,0.3586789934097332
370600,1,7,8,11.372838049815222
370608,1,7,5,0.3586789934097332
370623,1,7,6,7.06178830738411
370629,1,7,4,0.3586790108976326
370638,1,7,8,13.53234282403699
370644,1,7,1,15.421903562436349
370647,1,7,9,13.550149608717273
370656,1,7,1,15.387184132522737
370665,1,7,1,21.478827638768113
370670,1,7,5,0.3586789934097332
370671,1,7,6,22.4409008225144
370678,1,7,4,0.3586790108976326
370682,1,7,6,15.17932632193417
370683,1,7,2,2.6850114125869626
370699,1,7,5,0.3586789934097332
370703,1,7,10,7.167435549831035
370711,1,7,4,0.3586790108976326
370725,1,7,8,20.22051481447891
370735,1,7,6,22.21794225940979
370743,1,7,10,19.96837515979524
370746,1,7,8,9.996256923813947
370752,1,7,5,0.3586789934097332
370758,1,7,1,19.900823374797994
370768,1,7,5,0.3586789934097332
370771,1,7,6,22.308097685648374
370774,1,7,4,0.3586790108976326
370795,1,7,7,3.973962263374177
370808,1,7,8,23.954440524558574
370809,1,7,8,26.28128792003417
370811,1,7,4,0.3586790108976326
370822,1,7,3,1.3554424464451804
370841,1,7,8,24.655645245209183
370846,1,7,8,6.446620717777943
370853,1,7,8,20.675383928683466
370860,1,7,2,5.232396371246234
370861,1,7,9,19.583366164879205
370885,0,7,0,0.017764456213712292
370887,1,7,8,21.95666886401263
370889,0,7,0,0.019602258353409178
370900,1,7,2,2.412000270931502
370910,1,7,6,12.043118779454113
370916,1,7,9,14.776597851249077
370924,1,7,9,23.5757268929194
370948,1,7,6,16.321314309645707
370953,1,7,10,19.721171453732907
370963,1,7,8,25.696945307688864
370969,1,7,8,12.484703333643578
370990,1,7,6,19.435194243032242
370993,1,7,5,0.3586789934097332
370994,1,7,1,6.282489861479972
371016,1,7,5,0.3586789934097332
371017,0,7,0,0.04955626639416318
371026,1,7,5,0.3586789934097332
371034,1,7,7,1.4150342610000348
371052,1,7,5,0.3586789934097332
371073,1,7,10,12.400206252954185
371080,1,7,4,0.3586790108976326
371098,1,7,4,0.3586790108976326
371100,1,7,9,25.64058490294284
371117,1,7,10,20.957144685295983
371120,1,7,3,2.4079349159822625
371129,1,7,6,22.25702190197315
371147,1,7,1,18.416148999079873
371167,1,7,5,0.3586789934097332
371175,1,7,4,0.3586790108976326
371192,1,7,9,23.083944321887106
371199,1,7,10,10.4573523601035
371203,1,7,10,17.83985465385303
371205,1,7,7,2.9872649164898224
371208,1,7,7,2.2813151488666614
371216,1,7,7,3.3821255997028223
371219,1,7,6,22.81426481632281
371224,1,7,8,7.228035581327671
371226,1,7,6,5.70488863072556
371256,1,7,4,0.3586790108976326
371269,1,7,9,25.745328270134895
371273,1,7,9,26.2769127300724
371286,1,7,5,0.3586789934097332
371299,1,7,8,24.50589575472376
371300,1,7,9,25.668379666305604
371306,1,7,6,15.596787079205376
371314,0,7,0,0.01524669168256251
371320,1,7,10,20.0912748097641
371326,1,7,8,11.8960839979609
371328,1,7,9,15.249714576727799
371339,1,7,8,18.76390994958678
371363,1,7,6,18.509974983019596
371381,1,7,5,0.3586789934097332
371388,1,7,5,0.3586789934097332
371398,1,7,10,21.250291708564653
371401,1,7,3,1.051070298856285
371403,1,7,9,10.829192309066297
371404,1,7,9,26.370430933421726
371410,1,7,8,13.37519771618864
371419,1,7,9,17.87846061564409
371422,1,7,9,22.784451577827355
371425,1,7,4,0.3586790108976326
371429,1,7,2,1.950104607071525
371435,1,7,4,0.3586790108976326
371466,1,7,1,8.857072263026247
371467,1,7,2,12.983738536018329
371487,1,7,8,27.803528860901388
371488,1,7,6,21.99905339050756
371492,1,7,8,15.387992580907477
371494,1,7,3,0.6795661058664443
371507,1,7,1,6.178771213743986
371516,1,7,1,19.915069435694377
371535,1,7,8,16.339913516888465
371551,1,7,1,19.758852802903867
371566,1,7,4,0.3586790108976326
371568,1,7,9,2.642615818820505
371570,1,7,1,6.395954897336622
371589,1,7,3,2.2733633063485965
371602,1,7,8,3.237826123731444
371605,1,7,9,19.579766797633074
371620,1,7,9,26.094623811501748
371621,1,7,6,13.089518268416503
371636,1,7,5,0.3586789934097332
371654,1,7,9,14.530606877714005
371683,1,7,10,18.176160445397173
371691,1,7,4,0.3586790108976326
371697,1,7,8,15.468366169707075
371698,1,7,9,9.541499347379654
371707,1,7,2,1.9324683170903838
371710,1,7,1,18.427110512849787
371713,1,7,1,22.26334975210308
371716,1,7,9,22.538260772775264
371725,1,7,9,20.252691690092668
371751,1,7,8,14.951486862116251
371761,1,7,9,21.84097833059098
371773,1,7,8,19.697375006227816
371791,1,7,2,5.393331828085207
371798,1,7,10,8.7933496864264
371815,0,7,0,0.25805590005490875
371818,1,7,9,12.187188116153417
371819,1,7,6,14.401604460599192
371822,1,7,9,26.25725757598069
371833,0,7,0,0.20890382249027326
371836,0,7,0,0.026849468131589563
371839,1,7,8,28.051684123133192
371843,1,7,8,3.0038139040700673
371846,1,7,6,19.161750829426076
371849,1,7,6,21.28968459616391
371855,1,7,7,0.7920541870338339
371857,0,7,0,0.01974159716685551
371879,1,7,10,16.485775057553848
371893,1,7,9,6.576105472931726
371895,1,7,8,8.413664912448054
371899,1,7,10,11.716546067471862
371904,1,7,10,10.162404987091778
371925,1,7,8,7.445874071781196
371927,1,7,8,26.653940078713013
371933,1,7,10,15.805245437261451
371948,1,7,7,4.469903872127342
371963,1,7,5,0.3586789949470627
371971,0,7,0,0.016031906978999918
371972,1,7,8,18.03674559254459
371973,1,7,9,8.474202850428785
371977,1,7,4,0.3586790108976326
372001,1,7,6,23.00097400110911
372004,1,7,5,0.3586789934097332
372007,1,7,8,18.648097688193264
372009,1,7,4,0.3586790108976326
372018,1,7,7,1.5662142399845622
372025,1,7,9,19.928247138427754
372031,1,7,9,23.63370471491537
372039,1,7,9,12.917084277408648
372046,1,7,8,27.210980969468665
372047,1,7,5,0.3586789934097332
372049,1,7,6,15.937508384724971
372063,1,7,10,3.928771279675094
372065,1,7,7,3.321647334908715
372096,1,7,9,16.586040899654748
372111,1,7,4,0.3586790108976326
372116,1,7,1,10.98765565228922
372121,1,7,8,21.378335005866862
372136,1,7,4,0.3586790108976326
372142,1,7,8,21.131301883123044
372151,1,7,8,16.01941557713458
372158,1,7,7,3.627793172012672
372159,1,7,6,21.611213120225315
372163,1,7,6,13.180668353277571
372185,1,7,9,8.930482248364022
372204,1,7,9,21.962726077296857
372211,1,7,8,12.433535381194059
372221,1,7,6,12.863677090198324
372228,1,7,10,8.57910087452294
372246,1,7,9,20.10225697090451
372249,1,7,10,18.968521559401214
372259,1,7,6,9.053666281644983
372277,1,7,9,8.39260182953617
372296,1,7,4,0.3586790108976326
372300,1,7,2,10.7489530500038
372301,1,7,9,10.819143296303652
372324,1,7,10,13.252793826661948
372335,1,7,8,27.44460395545588
372339,1,7,9,18.983673014595077
372344,0,7,0,0.012826943636465561
372347,1,7,5,0.3586789934097332
372348,1,7,10,7.930844456304184
372386,1,7,7,3.4945380127371446
372400,1,7,6,13.259391169492549
372401,1,7,10,17.59495136153885
372416,1,7,1,22.760976108481284
372433,1,7,9,20.401166269520278
372440,1,7,9,8.812421658726064
372441,1,7,7,2.973754720660968
372461,1,7,9,16.478569740683326
372466,1,7,3,1.78597576742219
372493,1,7,10,17.826599633291266
372494,1,7,5,0.3586789934097332
372498,1,7,8,15.419749179592733
372507,1,7,2,9.693163741149668
372509,0,7,0,0.01782210710278111
372512,1,7,4,0.3586790108976326
372516,1,7,8,8.684588425230453
372518,1,7,4,0.3586790108976326
372522,1,7,2,5.50607524954127
372527,1,7,10,4.412642555578283
372531,1,7,8,20.685540905336808
372550,1,7,8,8.174909685638982
372551,1,7,6,16.891834044785398
372562,1,7,5,0.3586789934097332
372587,1,7,9,8.40767024867012
372590,1,7,5,0.3586789934097332
372595,1,7,9,17.49638032525735
372611,1,7,9,25.447659309030445
372620,1,7,10,7.566077773834108
372633,1,7,4,0.3586790108976326
372658,0,7,0,0.014834099918719243
372659,1,7,3,2.4373361472474415
372663,1,7,8,9.661829287440742
372692,1,7,8,25.111249382282157
372699,1,7,6,5.869101783077103
372701,1,7,8,23.007889087583987
372703,1,7,8,10.98478406427119
372704,1,7,10,17.73967789245931
372718,1,7,6,22.85441942690622
372731,1,7,9,23.85371513913266
372735,1,7,9,22.2891062231966
372736,1,7,9,26.398385503838906
372758,0,7,0,0.028841567451363893
372765,1,7,9,25.52048553640071
372767,1,7,10,14.988151310308847
372803,0,7,0,0.013026028584072933
372812,1,7,7,1.0441055841856537
372838,1,7,9,18.609474157531928
372874,1,7,1,8.62572561209275
372892,1,7,10,20.32737427068333
372900,1,7,1,6.0666793892366275
372910,1,7,10,12.445248789134752
372916,1,7,2,13.59691971967551
372927,0,7,0,0.014371418469980047
372930,1,7,8,12.374323396675784
372931,1,7,9,25.780503442019043
372932,1,7,7,4.175127786008801
372949,1,7,9,16.861686770559317
372958,1,7,9,13.616144104206768
372961,1,7,4,0.3586790108976326
372970,1,7,9,3.984994843928773
372989,1,7,8,3.829605044101564
372994,1,7,1,17.294379461400503
373002,1,7,4,0.3586790108976326
373012,1,7,10,8.046485423385315
373014,1,7,5,0.3586789934097332
373019,1,7,10,10.7125217044511
373023,1,7,9,24.027017960873177
373031,1,7,8,7.5582372198145835
373038,1,7,8,25.641100723517397
373039,1,7,7,4.193183864956945
373062,1,7,3,1.9949023499635339
373074,1,7,9,15.67432008879326
373075,1,7,8,6.625097487997062
373087,1,7,8,25.75333320499342
373088,1,7,3,2.433388759998943
373097,1,7,9,16.720899726619486
373111,1,7,8,12.00167665562709
373141,0,7,0,0.013476031589522814
373158,1,7,6,17.418773655374252
373160,1,7,4,0.3586790108976326
373192,1,7,8,12.324548248620014
373193,1,7,1,4.799718436090475
373194,1,7,7,3.228108802317055
373197,1,7,10,6.353375201883448
373199,1,7,9,13.540709174078572
373202,1,7,9,20.990414459162167
373208,1,7,5,0.3586789934097332
373224,1,7,10,16.076233255711923
373232,1,7,1,18.05401813835847
373255,1,7,4,0.3586790108976326
373269,1,7,4,0.3586790108976326
373273,1,7,5,0.3586789934097332
373275,1,7,6,22.002439075511575
373292,1,7,6,5.233233032583301
373297,0,7,0,0.02683958543765733
373330,1,7,4,0.3586790108976326
373348,1,7,9,13.165485593810917
373353,1,7,4,0.3586790108976326
373373,1,7,4,0.3586790108976326
373385,1,7,6,9.196199889356784
373405,1,7,10,15.15176537468184
373424,1,7,6,16.0743972404041
373431,1,7,5,0.3586789934097332
373434,0,7,0,0.09557068088910242
373440,1,7,8,25.373907989457848
373444,1,7,4,0.3586790108976326
373468,1,7,8,22.040118057106092
373470,1,7,5,0.3586789934097332
373492,1,7,5,0.3586789934097332
373497,1,7,6,13.17711492574929
373518,1,7,10,19.5173720714063
373519,1,7,8,22.66108649548757
373532,1,7,10,21.266334181623535
373543,1,7,1,21.3087793193974
373548,1,7,4,0.358679009087165
373549,1,7,4,0.358679009087165
373559,1,7,4,0.3586790108976326
373565,1,7,5,0.3586789934097332
373567,1,7,6,14.650689213360916
373573,1,7,6,18.574590039450808
373585,1,7,8,11.408770108641555
373587,1,7,8,2.3774466710107673
373588,1,7,9,16.79242056031182
373596,1,7,4,0.3586790108976326
373609,1,7,8,26.4300177425576
373615,1,7,8,15.108393817612088
373616,1,7,4,0.3586790108976326
373618,1,7,5,0.3586789934097332
373621,1,7,2,10.777963657185277
373634,0,7,0,0.013652417033370596
373650,1,7,9,15.354214596589234
373651,1,7,8,27.30256245011508
373658,1,7,9,8.23190826244657
373659,1,7,2,3.747907816704421
373673,1,7,10,7.708581565391399
373682,1,7,1,3.5600207315800536
373687,1,7,2,13.763425577110114
373690,1,7,5,0.3586789934097332
373696,1,7,9,21.18597138656304
373700,1,7,5,0.3586789934097332
373703,1,7,9,19.205342999268023
373709,1,7,1,15.7814921734636
373715,1,7,1,17.8195159718985
373724,0,7,0,0.18736559233989503
373725,1,7,10,19.329884720380765
373727,1,7,9,18.98899784154912
373758,1,7,6,22.073514115369942
373771,1,7,10,9.756223588114594
373773,1,7,8,26.693598274755747
373793,1,7,9,14.389528113677937
373845,1,7,5,0.3586789934097332
373848,1,7,5,0.3586789934097332
373871,1,7,1,10.18615757491929
373879,1,7,9,22.88489215274325
373891,1,7,5,0.3586789934097332
373893,1,7,5,0.3586789934097332
373913,1,7,9,22.987854386277974
373937,1,7,6,19.269053286109113
373946,1,7,4,0.3586790108976326
373952,1,7,4,0.3586790108976326
373967,1,7,6,23.676473006526987
373974,1,7,3,1.7366616501999748
373985,1,7,5,0.3586789934097332
373988,1,7,8,12.408359849765338
373998,1,7,1,9.578824283786044
374007,1,7,7,0.9512253549589684
374024,1,7,4,0.3586790108976326
374036,1,7,10,20.703369922053007
374040,1,7,9,11.283226408751176
374052,1,7,5,0.3586789934097332
374057,1,7,5,0.3586789934097332
374058,1,7,9,16.080324126257548
374064,1,7,7,1.7208291174819992
374071,1,7,5,0.3586789934097332
374072,1,7,9,18.254047760119235
374078,1,7,1,21.670725803130487
374083,1,7,9,22.874943307468847
374092,1,7,4,0.3586790108976326
374094,1,7,6,16.70489528964868
374098,1,7,10,11.146513094233008
374101,1,7,8,13.833758946899101
374110,1,7,7,4.604040002661361
374116,1,7,7,4.529628353674485
374133,1,7,10,19.418491979139436
374139,1,7,4,0.3586790108976326
374143,1,7,8,7.807604599039647
374151,1,7,5,0.3586789934097332
374162,1,7,5,0.3586789934097332
374168,1,7,2,7.7807934121791416
374170,1,7,7,3.9510725022269684
374220,1,7,9,2.3174163101218084
374222,1,7,9,18.821166245323305
374224,1,7,8,27.939751354746043
374237,1,7,8,19.593910462207546
374242,1,7,4,0.3586790108976326
374264,1,7,10,11.029474361470916
374273,1,7,10,13.929040306260186
374283,1,7,6,17.82879024686364
374303,1,7,9,19.01150906786122
374312,1,7,8,26.65270465986089
374336,1,7,10,19.71754167608636
374341,1,7,8,21.83045303200597
374345,1,7,8,5.698323302872607
374371,1,7,2,6.4637929719433735
374375,1,7,3,0.8930627754217635
374379,1,7,8,22.072452530073082
374389,1,7,9,16.04645949758229
374401,1,7,1,14.37283663386427
374403,1,7,9,6.7740323225081545
374414,1,7,6,21.223018919433866
374436,1,7,6,14.708000425478383
374437,1,7,4,0.358679009087165
374439,1,7,5,0.3586789934097332
374441,1,7,4,0.3586790108976326
374443,1,7,8,16.032852486864122
374447,0,7,0,0.014305787787259338
374451,1,7,10,18.127384797511343
374455,1,7,8,6.1603256768407535
374458,1,7,5,0.3586789934097332
374461,1,7,10,11.578575341958677
374501,1,7,9,14.733784754527067
374504,1,7,9,20.47885744279868
374514,1,7,5,0.3586789934097332
374519,1,7,4,0.3586790108976326
374520,1,7,8,21.600499768864672
374522,1,7,5,0.3586789934097332
374525,1,7,5,0.3586789934097332
374532,1,7,9,24.226773681226625
374534,1,7,9,24.408197823689374
374537,1,7,4,0.3586790108976326
374543,1,7,8,10.691439796420891
374548,1,7,5,0.3586789934097332
374562,1,7,10,4.606007345674759
374564,1,7,4,0.3586790108976326
374578,1,7,10,10.458455733580445
374583,1,7,7,2.355202491842471
374601,1,7,4,0.3586790108976326
374612,1,7,5,0.3586789934097332
374615,1,7,9,21.693159966462968
374634,1,7,8,22.320961601845095
374653,1,7,6,18.518691036690168
374658,1,7,6,17.483047617473787
374663,1,7,5,0.3586789949470627
374666,1,7,10,5.912648648456248
374674,1,7,8,6.794542567338326
374685,1,7,10,10.739726949126677
374696,1,7,5,0.3586789934097332
374704,1,7,6,8.585514808201948
374715,1,7,6,10.493172978186383
374716,1,7,5,0.3586789934097332
374717,1,7,9,16.26950832200422
374726,1,7,5,0.3586789934097332
374731,1,7,9,6.2164911124045625
374738,1,7,1,15.978377623094298
374741,1,7,8,6.560698661564466
374747,1,7,8,6.830544288686564
374754,1,7,9,16.617956501139457
374757,1,7,5,0.3586789934097332
374760,1,7,8,22.059697515605347
374769,1,7,9,3.683896068511395
374791,1,7,8,18.675619965788016
374796,1,7,8,22.655666987998686
374801,1,7,9,7.866917484431095
374829,1,7,5,0.3586789934097332
374834,1,7,4,0.3586790108976326
374838,1,7,1,18.248162127200178
374839,1,7,1,16.296661838344875
374843,1,7,5,0.3586789934097332
374866,1,7,9,24.11343828111986
374867,1,7,6,8.282238905626448
374869,1,7,8,12.427010068660683
374873,1,7,7,4.01124630051264
374901,1,7,8,23.447584836430167
374902,1,7,5,0.3586789934097332
374909,1,7,4,0.358679009087165
374915,1,7,1,20.20503980344577
374931,1,7,5,0.3586789934097332
374962,1,7,4,0.3586790108976326
374966,0,7,0,0.022686183640811777
374980,1,7,8,20.902672668095363
374981,1,7,6,15.147236180470045
374984,1,7,1,18.00107403241547
375008,1,7,10,4.733499309881869
375024,0,7,0,0.02846461899949029
375034,1,7,6,6.538790701233962
375044,1,7,9,26.36473198504527
375049,1,7,6,20.012001456064965
375054,1,7,6,21.298333866074188
375057,1,7,10,18.43144088605242
375071,1,7,7,3.9114825771843664
375112,1,7,8,21.204733227172103
375129,1,7,9,15.933411972018513
375146,1,7,7,2.426382447012074
375168,1,7,6,10.926190665246088
375175,1,7,9,22.817972756255724
375191,1,7,9,14.624538272041718
375197,1,7,8,17.808484688685304
375198,1,7,1,12.233675854432642
375200,1,7,1,21.44671955907808
375202,1,7,9,21.718215134552565
375210,1,7,1,20.024230512667312
375213,1,7,8,7.845513766972162
375216,1,7,6,15.911350984381928
375227,1,7,5,0.3586789934097332
375255,1,7,9,13.93932897488845
375258,1,7,8,17.306100112388936
375261,1,7,2,9.081506815413398
375265,1,7,8,6.898425359269242
375288,1,7,9,26.39935457582785
375291,1,7,5,0.3586789934097332
375296,1,7,5,0.3586789934097332
375301,1,7,6,11.433172096906327
375302,1,7,5,0.3586789934097332
375304,1,7,5,0.3586789934097332
375321,1,7,2,10.887557668814628
375327,1,7,10,16.36681533149998
375332,1,7,8,22.906347050275166
375333,1,7,6,6.319536237335146
375334,1,7,8,18.973120756345267
375336,1,7,8,21.380532135357782
375344,1,7,4,0.3586790108976326
375348,1,7,10,17.230035488193224
375361,1,7,9,2.836012219235827
375378,1,7,9,12.397033518582894
375406,1,7,1,4.574255703329666
375408,1,7,9,14.900894081635359
375425,0,7,0,0.014242292963180391
375426,1,7,2,3.222181924658295
375430,1,7,8,18.920475727314297
375435,1,7,6,10.604254441576504
375441,1,7,9,25.625364491932977
375452,1,7,5,0.3586789934097332
375457,1,7,7,2.3414628042527457
375464,1,7,8,23.01725747794496
375466,1,7,6,19.680871036676717
375473,1,7,8,17.234225052309885
375474,1,7,7,0.761340207295403
375488,1,7,1,13.463794504060463
375489,1,7,5,0.3586789949470627
375495,1,7,4,0.358679009087165
375497,1,7,8,19.747109958779447
375509,1,7,6,21.14466081741847
375510,1,7,7,1.17488824776147
375525,1,7,9,16.79394926979541
375534,1,7,8,12.358912191377053
375536,1,7,8,2.0891744132977625
375543,1,7,4,0.3586790108976326
375550,1,7,10,4.792960659758333
375560,1,7,3,2.1230934260138437
375567,0,7,0,0.020486654542651115
375572,1,7,6,15.134361359470617
375578,1,7,5,0.3586789934097332
375582,1,7,2,13.133249973653832
375600,1,7,8,14.458125385199084
375601,1,7,9,25.889503703469245
375606,1,7,4,0.3586790108976326
375607,1,7,9,15.43298583458782
375619,1,7,4,0.3586790108976326
375623,1,7,6,11.75523982193803
375628,1,7,8,22.43652445346248
375635,1,7,7,4.14383002267248
375644,1,7,3,1.3551765983542454
375654,1,7,2,12.003935984660371
375675,1,7,10,18.69306834229322
375688,1,7,8,18.86643307476652
375693,0,7,0,0.03622545265477599
375707,1,7,8,7.700852289404582
375720,1,7,5,0.3586789934097332
375738,1,7,2,5.985779371205022
375740,1,7,8,19.311716229618124
375746,1,7,10,21.250331558539305
375762,1,7,5,0.3586789949470627
375763,1,7,4,0.3586790108976326
375769,1,7,4,0.3586790108976326
375770,1,7,10,4.760618455183575
375786,1,7,5,0.3586789934097332
375800,1,7,5,0.3586789934097332
375821,1,7,6,19.200435907779617
375824,1,7,8,10.9762994484143
375837,1,7,8,16.304988309586115
375840,1,7,7,2.1888353126906384
375841,1,7,9,12.975252779477536
375856,1,7,1,14.862453916880474
375893,1,7,5,0.3586789934097332
375952,1,7,2,8.678172443536461
375961,1,7,1,14.371183445899591
375977,1,7,3,2.362120776882185
375988,1,7,9,23.69974914750463
376001,1,7,4,0.3586790108976326
376003,1,7,5,0.3586789934097332
376004,1,7,6,13.060612541336912
376016,1,7,8,27.845817647887056
376029,1,7,9,13.772985484749146
376032,1,7,1,13.63735755805254
376068,0,7,0,0.025726066434794345
376070,1,7,9,24.466068089335977
376073,1,7,10,8.070549894870117
376074,0,7,0,0.014678153379665023
376085,1,7,8,25.824496809547952
376088,1,7,8,14.912508671952446
376091,1,7,9,16.67831320276891
376106,1,7,5,0.3586789934097332
376115,1,7,8,24.81832508244848
376130,1,7,1,6.040526117107281
376149,1,7,6,9.679495913833298
376152,1,7,9,25.03800666669888
376158,1,7,7,1.3134372307966065
376169,1,7,6,15.58426895055662
376183,1,7,7,4.093887375380082
376184,1,7,7,4.558104944842367
376185,1,7,9,24.892704158330318
376188,1,7,7,2.0118322695473165
376199,1,7,4,0.3586790108976326
376228,1,7,8,21.345584395772924
376236,1,7,10,21.272585037235732
376239,1,7,5,0.3586789934097332
376258,1,7,5,0.3586789934097332
376264,1,7,7,3.714653417649293
376268,1,7,9,25.35574441237082
376282,1,7,1,5.134295518442007
376286,1,7,8,14.960986911971435
376312,1,7,1,23.212681730956472
376314,1,7,9,7.519589083839055
376316,1,7,5,0.3586789934097332
376317,0,7,0,0.017570075879210386
376319,1,7,8,28.496780498930093
376324,1,7,1,4.2190057327557
376332,1,7,6,18.082368279634476
376343,0,7,0,0.025813208509203378
376346,1,7,9,10.111011629701375
376354,1,7,10,19.446679651287255
376359,1,7,4,0.3586790108976326
376371,1,7,8,15.21042961693746
376376,1,7,4,0.3586790108976326
376377,1,7,9,9.829952503662048
376390,1,7,9,26.137260789408693
376397,1,7,5,0.3586789934097332
376418,1,7,7,4.5348561161263925
376426,1,7,6,19.704462441943058
376430,1,7,5,0.3586789934097332
376431,1,7,10,9.70098604763257
376442,1,7,6,23.19702128973194
376448,1,7,4,0.3586790108976326
376450,1,7,8,18.64282889629881
376452,1,7,4,0.3586790108976326
376459,1,7,6,19.049789041002963
376472,1,7,9,24.219977946528985
376481,1,7,1,23.016315780102516
376492,1,7,9,13.427308810706132
376501,1,7,5,0.3586789934097332
376514,0,7,0,0.012446892501917108
376518,1,7,4,0.3586790108976326
376532,1,7,9,22.16860143317891
376549,1,7,10,11.938864338376233
376587,1,7,5,0.3586789934097332
376599,1,7,8,11.32140640180959
376609,1,7,8,14.999552267074643
376617,1,7,9,16.63399237711948
376619,1,7,9,14.210434108562149
376645,1,7,7,4.121518315545335
376647,1,7,6,6.693837315439748
376653,1,7,4,0.3586790108976326
376662,1,7,9,2.8782491178833403
376669,1,7,8,12.730278413454757
376677,1,7,6,14.647786056648204
376689,1,7,9,23.42161881425881
376708,1,7,8,19.059159490111067
376721,1,7,6,23.161093094975822
376741,1,7,6,13.396591043165838
376744,1,7,9,16.50052224147002
376750,1,7,4,0.3586790108976326
376781,1,7,7,1.4803162775099012
376789,1,7,4,0.3586790108976326
376817,1,7,8,22.555453343300417
376823,1,7,4,0.3586790108976326
376827,1,7,5,0.3586789934097332
376836,0,7,0,0.031182126234010406
376846,1,7,4,0.3586790108976326
376858,0,7,0,0.014589744911497114
376884,1,7,5,0.3586789934097332
376886,1,7,10,4.254095618769343
376903,1,7,9,19.434255421092445
376908,1,7,8,17.118929694045296
376915,1,7,4,0.3586790108976326
376917,1,7,5,0.3586789934097332
376918,1,7,1,8.22416813673952
376932,1,7,4,0.3586790108976326
376950,1,7,10,4.513554089032418
376965,1,7,6,16.684607213117086
376982,1,7,7,2.851124654510623
376985,1,7,8,22.499946874690718
376994,1,7,6,4.0110477435599154
377006,1,7,3,0.9523923491955495
377011,1,7,9,9.386446941268737
377013,0,7,0,0.024775404271826732
377023,1,7,5,0.3586789934097332
377026,1,7,10,21.23273656698901
377027,1,7,1,10.19425147977295
377029,1,7,4,0.358679009087165
377036,0,7,0,0.01811905042803801
377073,1,7,6,15.078510748431523
377076,1,7,4,0.3586790108976326
377077,1,7,9,22.69672935044724
377084,1,7,9,7.136635411878541
377108,1,7,6,23.378658749550357
377109,1,7,6,8.456395065767877
377118,1,7,5,0.3586789934097332
377149,1,7,5,0.3586789934097332
377152,0,7,0,0.01573900914668651
377173,1,7,9,26.416942662236746
377184,1,7,8,16.968286525353555
377207,1,7,8,11.151090873225618
377211,1,7,2,14.068083918022248
377232,1,7,5,0.3586789934097332
377238,1,7,9,19.786849130884047
377249,1,7,4,0.3586790108976326
377253,1,7,8,11.081391965217865
377259,0,7,0,0.012680476477625264
377268,1,7,6,20.618229590524273
377280,1,7,1,14.799046392199818
377284,1,7,5,0.3586789934097332
377286,1,7,8,26.72034284395256
377293,1,7,9,25.95339418064534
377295,1,7,6,11.545036091203634
377299,1,7,6,11.162122497113952
377306,1,7,5,0.3586789934097332
377314,1,7,10,21.311496874066485
377316,1,7,6,19.443373820093747
377331,1,7,1,10.33307061385605
377348,1,7,4,0.3586790108976326
377366,1,7,6,21.245182769716813
377375,1,7,8,19.121711292094
377382,1,7,8,12.006187300076725
377383,1,7,1,7.959467827829685
377392,1,7,9,8.35996495230082
377406,1,7,4,0.3586790108976326
377433,1,7,4,0.3586790108976326
377444,1,7,8,24.510305245534045
377460,1,7,10,20.291765542805184
377468,1,7,1,14.241893448263145
377471,1,7,9,21.725706926218457
377493,1,7,8,11.37828859742218
377513,1,7,9,9.161111538450905
377523,1,7,10,16.56788028410812
377534,1,7,3,2.1799951194171756
377542,0,7,0,0.017374778279695847
377543,1,7,6,15.939818732855931
377544,1,7,8,23.032823158275722
377548,1,7,6,21.556026106838406
377553,0,7,0,0.040285043350592444
377566,0,7,0,0.018778594744056222
377569,1,7,9,15.90923567520334
377576,1,7,7,4.058304916831517
377598,1,7,1,11.668234334922303
377606,1,7,10,8.099176740741814
377608,0,7,0,0.012102993145890879
377626,1,7,2,2.0535475400950243
377629,1,7,7,1.0214109043219863
377638,1,7,4,0.3586790108976326
377645,1,7,5,0.3586789934097332
377647,1,7,5,0.3586789934097332
377653,1,7,9,15.998452519494101
377657,1,7,8,22.705259165148036
377664,1,7,6,23.380292390364538
377671,1,7,5,0.3586789934097332
377675,1,7,10,12.740745801817038
377681,1,7,10,16.915679642857782
377700,1,7,1,19.322218090051145
377708,0,7,0,0.019467091660664987
377712,1,7,6,14.791227436390253
377723,1,7,2,11.334138043482627
377728,1,7,10,10.180924622525453
377731,1,7,6,23.704968362969733
377733,1,7,8,25.74593406547763
377735,1,7,9,8.518498915000738
377737,1,7,9,7.38846390527558
377746,1,7,4,0.3586790108976326
377759,1,7,9,25.59421921170022
377784,1,7,5,0.3586789934097332
377796,1,7,2,3.8204351125783074
377808,1,7,6,17.27674746585982
377817,1,7,6,17.40564072850537
377821,1,7,4,0.3586790108976326
377860,1,7,1,7.501689768009689
377861,1,7,10,12.03033587177756
377866,1,7,6,14.655755215390252
377879,1,7,8,26.28124675888458
377882,1,7,5,0.3586789934097332
377897,1,7,4,0.3586790108976326
377902,1,7,8,16.090534707371805
377934,1,7,6,5.926654509664711
377979,1,7,2,9.299390782604101
377986,0,7,0,0.02378112402695202
378001,1,7,6,22.844843131921866
378013,1,7,9,22.901207736177238
378016,1,7,8,10.488084555719007
378017,1,7,4,0.3586790108976326
378055,1,7,4,0.3586790108976326
378060,1,7,9,16.794750384986834
378071,1,7,3,1.872983353144128
378075,1,7,4,0.3586790108976326
378093,1,7,5,0.3586789934097332
378096,1,7,5,0.3586789934097332
378108,1,7,10,11.784081459056178
378115,1,7,3,2.4739312432558505
378131,0,7,0,0.2976654694424212
378132,1,7,9,13.599719108376371
378149,1,7,9,9.067446302897995
378159,1,7,9,15.51565620193137
378192,1,7,9,18.160501017545776
378223,1,7,1,21.540609607872266
378237,1,7,5,0.3586789934097332
378250,1,7,8,11.183122194004682
378258,0,7,0,0.0200705502456585
378266,1,7,1,13.03283964713765
378272,1,7,9,9.187931763434381
378287,1,7,8,15.545279720070702
378289,1,7,1,19.41854049145991
378291,1,7,8,28.01260457129082
378294,1,7,9,8.486004074467392
378299,1,7,9,14.866199813053314
378306,1,7,9,13.878678198334905
378318,1,7,6,7.347819339587745
378326,1,7,2,11.180236392631596
378328,1,7,4,0.3586790108976326
378343,1,7,6,9.532706791379358
378365,1,7,4,0.358679009087165
378370,1,7,6,23.601526748716037
378375,1,7,8,26.357797014895187
378393,1,7,5,0.3586789934097332
378412,1,7,8,5.213701707191774
378413,1,7,2,13.339050582403683
378414,1,7,9,14.955800473615442
378423,1,7,9,26.28853005972264
378424,1,7,3,2.41478287492867
378432,1,7,4,0.3586790108976326
378438,1,7,6,8.658754594421572
378441,1,7,1,12.727984250193733
378442,1,7,9,15.933897164418035
378451,1,7,5,0.3586789934097332
378462,1,7,8,17.94492121759542
378464,1,7,5,0.3586789934097332
378473,1,7,1,19.358922812270944
378475,1,7,5,0.3586789934097332
378480,1,7,8,20.668699216849824
378486,1,7,2,11.01441245671309
378489,1,7,9,23.56720264241494
378519,1,7,2,9.50055854712058
378524,1,7,7,3.073790550684594
378526,1,7,5,0.3586789934097332
378531,0,7,0,0.01724449161102658
378573,1,7,5,0.3586789934097332
378584,1,7,3,2.2151055466448204
378596,1,7,1,14.6601917062187
378597,0,7,0,0.09420506408663164
378609,1,7,9,6.20899987235749
378645,1,7,5,0.3586789934097332
378657,1,7,5,0.3586789934097332
378662,1,7,10,9.957020851720067
378665,1,7,4,0.358679009087165
378675,1,7,10,21.254014156213266
378698,1,7,4,0.3586790108976326
378719,1,7,1,8.235487798855065
378720,1,7,9,25.7028036624159
378722,1,7,4,0.3586790108976326
378747,1,7,9,19.40785196754734
378760,1,7,9,13.530501420588774
378766,1,7,9,23.1302489064588
378772,1,7,5,0.3586789934097332
378806,1,7,8,18.542800823814712
378816,0,7,0,0.11923342761329292
378825,1,7,8,10.153477242710697
378847,1,7,9,24.316492185018955
378909,1,7,9,23.701079771297703
378910,1,7,5,0.3586789934097332
378914,1,7,8,16.088471110733852
378922,1,7,9,25.018859613778027
378944,1,7,8,17.066426214273942
378952,1,7,1,8.02448753365177
378971,0,7,0,0.012744531994946271
378983,1,7,9,20.308312635266226
379004,1,7,9,24.253014460464737
379006,0,7,0,0.017350024027743157
379015,1,7,2,2.38645534658935
379028,1,7,9,26.36748200518624
379031,1,7,7,2.603604440767657
379043,1,7,1,19.00547966618347
379045,1,7,6,18.507042817194364
379052,1,7,8,26.106099625874197
379053,1,7,9,17.581603031135568
379071,1,7,9,24.372089833214115
379073,1,7,10,20.961824206723694
379080,1,7,4,0.3586790108976326
379088,1,7,4,0.3586790108976326
379106,1,7,9,15.97429934468379
379118,1,7,6,12.528422991381934
379121,1,7,6,23.200238412952327
379124,1,7,9,5.158981587695397
379125,1,7,4,0.3586790108976326
379126,1,7,8,23.118458510870887
379130,1,7,6,13.29339650405479
379177,1,7,10,16.447933595957323
379195,1,7,1,10.41573738825
379197,1,7,6,5.4847036138461265
379216,1,7,1,17.47175371763067
379218,0,7,0,0.015604415426766882
379230,1,7,6,5.118762298661753
379233,1,7,6,10.440698333044539
379235,1,7,5,0.3586789934097332
379269,1,7,10,12.128563253949414
379309,0,7,0,0.023906218710311233
379334,1,7,6,9.956505587866566
379345,1,7,9,24.067598106679363
379353,1,7,5,0.3586789934097332
379380,1,7,4,0.3586790108976326
379389,1,7,6,17.820001289330296
379397,1,7,7,3.9072382928123597
379404,1,7,6,22.911598685646723
379413,1,7,9,23.115058049989265
379422,1,7,4,0.3586790108976326
379430,1,7,4,0.3586790108976326
379434,1,7,5,0.3586789934097332
379445,1,7,4,0.358679009087165
379460,1,7,5,0.3586789949470627
379463,1,7,1,12.481843710581336
379464,1,7,3,0.9621661325134798
379492,0,7,0,0.012850286913150141
379504,1,7,9,25.606579468735546
379539,1,7,5,0.3586789934097332
379554,1,7,6,19.761507309459606
379570,1,7,4,0.3586790108976326
379577,1,7,5,0.3586789934097332
379595,1,7,10,12.54129998465859
379597,1,7,6,5.049853179496273
379616,1,7,5,0.3586789934097332
379619,0,7,0,0.012594128627305369
379646,1,7,6,16.673229208696615
379648,1,7,9,14.730857869991738
379654,1,7,4,0.3586790108976326
379659,1,7,5,0.3586789934097332
379663,1,7,5,0.3586789934097332
379664,1,7,9,20.487770325445595
379689,1,7,5,0.3586789934097332
379702,1,7,8,4.716328319146529
379730,1,7,6,18.913060956007193
379738,1,7,2,9.052228519611072
379815,1,7,3,2.39921487376129
379829,1,7,10,18.021753171144937
379832,1,7,6,23.379333489117364
379845,1,7,6,22.95311131727793
379852,1,7,10,12.204889456235332
379884,1,7,8,4.226704236847337
379885,1,7,4,0.3586790108976326
379886,1,7,5,0.3586789934097332
379894,1,7,3,2.356576429485628
379895,1,7,6,7.744144923715439
379897,1,7,6,19.528112693146433
379898,1,7,7,1.7046169684688044
379900,1,7,5,0.3586789934097332
379901,1,7,1,5.6859786531460035
379910,1,7,3,2.36641788735617
379913,1,7,5,0.3586789934097332
379921,1,7,8,27.41878769508668
379932,1,7,5,0.3586789934097332
379947,1,7,4,0.3586790108976326
379951,1,7,3,2.4005067472791
379953,1,7,4,0.3586790108976326
379954,1,7,9,23.766446933836384
379971,1,7,7,4.505935365011728
379974,0,7,0,0.026728983669197227
379980,1,7,8,9.625730780610766
379996,1,7,8,18.193471163492934
380003,1,7,8,16.361939509116297
380004,1,7,5,0.3586789934097332
380010,1,7,4,0.3586790108976326
380018,0,7,0,0.058380840668854836
380054,1,7,3,1.0052352220992167
380058,1,7,7,4.4839263775015645
380060,1,7,9,22.557350268137533
380073,1,7,8,17.55704914885945
380087,1,7,3,1.571159146694649
380088,1,7,7,4.43779654259136
380114,0,7,0,0.01858602122590042
380117,1,7,4,0.3586790108976326
380120,1,7,5,0.3586789934097332
380129,1,7,6,23.80267582304115
380132,1,7,5,0.3586789949470627
380134,1,7,8,14.614638932613014
380144,1,7,8,12.552645663035555
380151,1,7,7,1.1969725350800453
380168,1,7,6,15.15595058835801
380172,1,7,10,10.721678338082983
380173,1,7,6,13.028565402295385
380177,1,7,6,12.558160899558768
380183,1,7,5,0.3586789934097332
380190,1,7,9,15.236889119922196
380196,1,7,10,7.277706542218999
380244,1,7,10,4.716780615163117
380245,1,7,5,0.3586789934097332
380248,1,7,4,0.3586790108976326
380273,1,7,1,23.16626778612765
380274,1,7,5,0.3586789934097332
380289,1,7,6,23.75015920754021
380292,1,7,5,0.3586789934097332
380304,1,7,6,23.89254832376802
380307,1,7,9,6.573242074946414
380330,0,7,0,0.17013503928649543
380352,1,7,1,18.73518100122581
380354,1,7,9,22.779055309093543
380362,1,7,10,18.378868121081357
380387,1,7,8,18.83723376929145
380420,1,7,7,2.285390437778315
380428,1,7,2,13.335913871164752
380435,1,7,9,26.380240686104294
380437,0,7,0,0.01972097286940936
380438,1,7,1,16.808580147901235
380452,1,7,9,22.19735816955792
380467,0,7,0,0.03170034213947842
380469,1,7,2,14.048400717023808
380486,1,7,8,17.51798234484434
380487,1,7,9,6.2185748466435
380505,1,7,10,11.581296273613523
380507,1,7,6,10.168698207205145
380513,1,7,2,10.566129420087899
380522,1,7,5,0.3586789934097332
380540,1,7,5,0.3586789934097332
380554,1,7,7,1.8307426059497145
380555,1,7,8,24.08492851796749
380559,1,7,8,15.024983066520992
380574,1,7,5,0.3586789934097332
380587,0,7,0,0.018277130342287572
380608,1,7,5,0.3586789934097332
380630,1,7,1,21.059530433024545
380649,1,7,5,0.3586789934097332
380654,1,7,8,17.34571152503046
380679,1,7,2,10.496656045418025
380711,1,7,4,0.3586790108976326
380751,1,7,4,0.3586790108976326
380758,1,7,6,19.4582776347895
380759,1,7,8,14.002174755701352
380761,1,7,6,5.084815939524042
380774,1,7,6,6.855513504436495
380789,0,7,0,0.034147362115862244
380803,1,7,9,23.9605623393561
380805,1,7,6,23.348441041461573
380807,1,7,7,3.9994241822993324
380828,1,7,8,23.66624611926043
380839,1,7,5,0.3586789934097332
380840,1,7,1,14.990246788948753
380852,1,7,9,15.248708882317356
380861,1,7,9,15.811446015898301
380866,1,7,5,0.3586789949470627
380891,1,7,6,23.877145015776644
380920,1,7,10,11.389731259488197
380938,1,7,6,6.780843980342728
380946,1,7,5,0.3586789934097332
380965,1,7,9,15.585745569535577
380978,1,7,6,11.138929372712383
380979,1,7,6,14.845370494842326
380987,1,7,4,0.3586790108976326
380991,1,7,4,0.3586790108976326
380995,1,7,1,12.769755731457545
380999,1,7,4,0.3586790108976326
381011,1,7,10,8.434343330616382
381012,1,7,10,17.53334419586063
381039,1,7,8,14.386506165826544
381058,1,7,10,16.15877771866939
381059,1,7,3,1.6432240960123927
381064,1,7,10,8.378517485990796
381069,1,7,9,15.347074455985721
381073,1,7,6,13.179030382611115
381084,1,7,8,14.825980628375307
381089,1,7,4,0.3586790108976326
381090,1,7,4,0.3586790108976326
381098,0,7,0,0.022833099049850626
381106,1,7,2,11.585436390800048
381119,1,7,9,23.788567255898368
381121,1,7,1,16.94956324120407
381128,1,7,8,17.635867115808864
381133,1,7,10,15.804085535354194
381140,1,7,8,26.837154159902653
381143,1,7,10,11.372715794112514
381152,1,7,3,2.3532181934205085
381154,1,7,10,9.45052630305221
381160,1,7,4,0.3586790108976326
381169,0,7,0,0.1755046179574482
381170,1,7,8,15.723602510754644
381172,1,7,8,14.626172496210904
381187,0,7,0,0.02606547401584361
381199,1,7,9,7.14171647361704
381203,1,7,10,8.00872714113714
381204,1,7,4,0.3586790108976326
381233,1,7,5,0.3586789934097332
381236,1,7,6,8.1204209931844
381240,1,7,5,0.3586789934097332
381257,1,7,4,0.3586790108976326
381269,1,7,1,10.649960452111497
381279,1,7,9,21.63670862332675
381300,1,7,5,0.3586789934097332
381303,1,7,3,1.9335763376343804
381305,1,7,9,15.363966447551334
381308,1,7,6,21.66489201403319
381326,1,7,9,14.924925204551014
381369,1,7,5,0.3586789934097332
381370,1,7,5,0.3586789934097332
381376,1,7,1,14.101418385933568
381377,1,7,8,16.470652987783733
381385,1,7,6,21.255418610011937
381403,1,7,5,0.3586789934097332
381414,1,7,5,0.3586789934097332
381420,0,7,0,0.01699176220385716
381433,1,7,5,0.3586789934097332
381445,1,7,7,4.520487140065385
381454,0,7,0,0.03346043377119021
381455,0,7,0,0.01703926380605787
381464,1,7,10,9.688066237833409
381468,1,7,7,1.910617558928954
381501,1,7,9,9.627682304022551
381513,1,7,6,11.238479744765385
381517,1,7,5,0.3586789934097332
381526,1,7,10,18.69544759336028
381530,1,7,9,14.7756670673788
381543,1,7,6,21.926914720117196
381556,1,7,9,22.8451240048637
381564,1,7,5,0.3586789934097332
381567,1,7,6,18.884281506913695
381568,1,7,9,5.183306111158779
381576,1,7,9,17.846682280041446
381598,1,7,3,2.235001549066374
381615,1,7,5,0.3586789934097332
381627,1,7,8,20.996227496866897
381630,1,7,5,0.3586789934097332
381637,1,7,6,18.767306021077935
381645,1,7,9,25.756886172466007
381647,1,7,9,17.019104998995985
381654,1,7,7,3.8734945494814035
381661,1,7,9,14.867312916800762
381663,1,7,5,0.3586789934097332
381667,1,7,8,22.71253460238506
381694,1,7,5,0.3586789934097332
381705,0,7,0,0.030457214541471492
381719,1,7,6,21.279485689365707
381741,0,7,0,0.01241617749220414
381742,1,7,6,8.50353195858257
381745,1,7,8,14.799230269165932
381774,1,7,8,20.260943888900858
381787,1,7,6,5.64063248638159
381794,1,7,6,14.723560179230368
381807,1,7,6,12.313018667370484
381809,1,7,8,11.038969739766584
381823,1,7,2,13.194106334786273
381830,1,7,10,6.032092989102072
381834,1,7,2,13.006320834513517
381863,1,7,4,0.3586790108976326
381884,1,7,9,25.813634706490998
381887,1,7,1,10.441756282199401
381892,1,7,6,14.960726923182941
381915,1,7,6,21.7837551224159
381922,1,7,8,8.589584068040555
381927,1,7,6,10.026970473587083
381934,1,7,1,22.535419278064207
381957,1,7,6,11.701065927788067
381962,1,7,3,2.3376461323303945
381965,1,7,9,7.894282835894279
381974,1,7,5,0.3586789934097332
381985,1,7,8,13.493474281063317
381986,1,7,4,0.3586790108976326
382001,1,7,5,0.3586789934097332
382011,0,7,0,0.014272059085271002
382038,1,7,5,0.3586789934097332
382047,1,7,9,16.724093831687107
382048,0,7,0,0.02611343807211335
382057,1,7,8,15.752841575371443
382074,1,7,8,20.58274847389685
382101,1,7,4,0.3586790108976326
382105,1,7,7,1.5200638208583364
382110,1,7,9,19.89163734702391
382126,1,7,9,21.32957285225428
382135,1,7,9,24.047599323875016
382150,1,7,9,3.7025044614776745
382158,1,7,10,11.281847243590075
382167,1,7,9,19.424470819239883
382168,1,7,1,21.581445928699218
382181,1,7,8,25.729077489984633
382182,1,7,7,3.9462007588183927
382190,1,7,6,23.043494372263858
382191,1,7,8,13.216067556260011
382208,1,7,4,0.3586790108976326
382234,1,7,9,7.836220537702851
382242,1,7,4,0.3586790108976326
382252,1,7,4,0.3586790108976326
382256,1,7,3,1.117802285213786
382260,1,7,5,0.3586789934097332
382266,1,7,4,0.3586790108976326
382281,1,7,6,17.40760136909341
382290,1,7,4,0.3586790108976326
382291,1,7,9,17.79002812448636
382299,1,7,1,11.264707153884443
382344,1,7,6,23.597028600873127
382347,1,7,8,16.02418332108506
382361,1,7,1,8.65847734447928
382366,0,7,0,0.016435909270745543
382403,1,7,8,17.099687990074617
382404,1,7,5,0.3586789934097332
382409,1,7,6,6.544552877211589
382413,1,7,1,12.260166914716203
382420,1,7,9,13.293018586230533
382424,1,7,2,7.526325530908791
382439,0,7,0,0.018226308885391125
382447,1,7,9,18.504123563047663
382463,1,7,1,15.881261342989728
382465,1,7,8,4.205611716164014
382475,0,7,0,0.012215921747974744
382481,1,7,6,10.042799329126526
382487,0,7,0,0.019628010160038557
382488,1,7,5,0.3586789934097332
382498,1,7,7,0.37846448587482334
382499,1,7,2,10.861776779255983
382513,1,7,8,3.105527873722916
382527,1,7,10,17.313236570666366
382534,0,7,0,0.028785558624874853
382536,1,7,2,10.761863379866382
382540,1,7,8,7.6768705831947095
382550,1,7,10,4.179588634123361
382561,1,7,9,12.008197989961728
382563,1,7,1,4.811556295370595
382565,1,7,8,16.267528355628908
382567,1,7,4,0.3586790108976326
382577,1,7,8,25.054051811994988
382603,1,7,4,0.3586790108976326
382609,1,7,6,13.495634307658094
382611,0,7,0,0.020859287491336805
382615,1,7,6,7.420167409939388
382617,1,7,4,0.3586790108976326
382622,1,7,10,13.147327278698825
382630,1,7,8,11.356316789314144
382642,1,7,8,15.192841566290946
382643,1,7,5,0.3586789934097332
382653,1,7,2,13.271889590301475
382663,1,7,9,12.045858065270899
382666,1,7,9,7.394967290378419
382667,1,7,1,10.478684422614894
382674,1,7,2,13.670751280459188
382679,1,7,8,12.11921702148358
382684,1,7,5,0.3586789934097332
382701,1,7,7,2.9830605647233073
382704,1,7,6,23.431723855487082
382709,1,7,9,25.51601822202368
382711,1,7,8,5.213558790531893
382758,1,7,5,0.3586789934097332
382763,1,7,5,0.3586789934097332
382788,1,7,5,0.3586789934097332
382801,0,7,0,0.013656357313558139
382808,1,7,1,17.949306055584543
382817,1,7,2,11.104053765390068
382821,1,7,4,0.3586790108976326
382825,1,7,5,0.3586789934097332
382829,1,7,9,14.899627073555646
382855,1,7,7,1.5745650947193268
382880,1,7,9,21.035041774669597
382895,1,7,8,28.499819680858902
382926,1,7,2,7.633792482231895
382928,1,7,9,10.722789806242773
382937,1,7,8,11.796805474993823
382938,1,7,8,24.862965676422466
382969,0,7,0,0.015967943501694695
383005,0,7,0,0.03976093778305057
383022,1,7,6,8.457980047194663
383024,1,7,3,0.6907347179283101
383038,1,7,5,0.3586789934097332
383042,1,7,8,28.109157026553408
383043,1,7,9,25.261323933039478
383059,1,7,5,0.3586789934097332
383062,1,7,9,18.44167233000348
383063,1,7,8,18.17608202249487
383067,1,7,10,9.577663151645531
383077,1,7,6,20.79059557109009
383095,1,7,6,15.093945411679439
383099,1,7,6,23.19241875025903
383101,1,7,9,24.628593387025226
383107,1,7,1,15.802414850278401
383128,1,7,5,0.3586789934097332
383130,1,7,9,16.3321373078681
383131,1,7,9,15.285467982532545
383132,1,7,5,0.3586789934097332
383139,0,7,0,0.013293007338616748
383141,1,7,4,0.3586790108976326
383149,1,7,10,3.400413845365082
383180,1,7,9,10.488117207214271
383185,1,7,9,15.552937302033424
383220,1,7,9,20.103715814224916
383244,0,7,0,0.017690358289343025
383250,1,7,6,6.8348135765455105
383272,1,7,8,11.18450708584521
383275,1,7,8,25.738065429752574
383279,1,7,10,7.042118836016833
383284,1,7,5,0.3586789934097332
383299,1,7,5,0.3586789934097332
383301,1,7,4,0.3586790108976326
383302,1,7,4,0.3586790108976326
383325,1,7,9,14.608030057230994
383345,1,7,9,23.702609724248852
383346,1,7,6,10.267747428453356
383357,1,7,8,5.23442812344251
383364,1,7,8,13.506092049252702
383365,1,7,6,14.785526829315284
383371,1,7,2,8.306348833055669
383372,1,7,4,0.358679009087165
383381,1,7,9,25.81489550068785
383387,1,7,1,10.572384743754235
383419,1,7,9,9.763463835073656
383425,1,7,2,6.992587638343944
383458,1,7,8,6.719386126027159
383460,1,7,6,22.99497868727664
383479,0,7,0,0.02717288007367826
383502,1,7,8,21.09581311545516
383506,1,7,8,7.791704811028735
383515,1,7,10,8.315011697879122
383526,1,7,5,0.3586789934097332
383531,1,7,10,15.360487086172357
383540,1,7,3,2.3582802690646236
383555,0,7,0,0.02838542733798228
383571,1,7,8,3.1068096331924417
383584,1,7,2,1.6761026883720278
383591,1,7,2,8.204595774536529
383622,1,7,6,14.471634571147435
383626,1,7,4,0.3586790108976326
383636,1,7,6,19.814212165987385
383638,1,7,2,8.587999576461307
383652,1,7,4,0.3586790108976326
383656,1,7,6,13.417675051711171
383664,1,7,6,19.387739926634836
383684,1,7,8,24.74290511526194
383689,1,7,7,2.861768147477721
383692,1,7,5,0.3586789934097332
383705,1,7,5,0.3586789934097332
383713,1,7,10,18.79973348481621
383720,1,7,4,0.3586790108976326
383727,1,7,7,4.408056247423073
383728,1,7,6,21.056821527524704
383746,1,7,10,16.36509757349248
383753,1,7,10,14.830495076442483
383772,0,7,0,0.016509272029808262
383785,0,7,0,0.20553732307631034
383790,1,7,9,14.724060977190794
383821,1,7,9,19.118512010969525
383830,0,7,0,0.024292589350983353
383834,1,7,10,14.652451856619852
383848,1,7,4,0.3586790108976326
383851,1,7,6,15.917989730746006
383864,1,7,3,2.232356550633953
383871,1,7,10,9.193361522075424
383883,1,7,1,8.271266669755605
383886,1,7,4,0.3586790108976326
383889,1,7,9,24.530398711397602
383899,1,7,5,0.3586789934097332
383906,1,7,5,0.3586789934097332
383908,1,7,6,6.962063199254807
383935,1,7,6,23.169993345778238
383943,1,7,4,0.3586790108976326
383964,1,7,5,0.3586789934097332
383965,1,7,9,18.734074059505215
383966,1,7,9,19.67459701025166
383971,1,7,10,7.048879094595409
383985,1,7,8,10.458967238236887
383990,1,7,10,14.863240929200927
384008,0,7,0,0.01185688268715901
384011,1,7,9,9.199658310107349
384017,1,7,8,4.211678745338499
384021,1,7,9,20.714533289532827
384040,1,7,4,0.358679009087165
384051,1,7,4,0.358679009087165
384057,1,7,1,13.682463339122933
384061,1,7,8,11.052377634961454
384063,1,7,5,0.3586789934097332
384071,1,7,10,20.970606086067182
384097,1,7,6,10.690259391178559
384101,1,7,8,27.509711233977704
384105,1,7,10,11.488989613030308
384107,1,7,5,0.3586789934097332
384108,1,7,8,27.206252856399136
384119,1,7,6,8.140540592920914
384129,1,7,4,0.3586790108976326
384133,1,7,6,18.92161351014272
384143,1,7,8,16.29093779153905
384146,1,7,4,0.3586790108976326
384155,1,7,1,15.733152129650671
384156,1,7,7,4.513023137291279
384166,1,7,9,15.05960888062155
384179,1,7,8,17.380048918396625
384186,1,7,9,5.754697822112573
384187,1,7,8,12.539159312140633
384190,1,7,4,0.3586790108976326
384194,1,7,5,0.3586789934097332
384200,1,7,6,23.08351877301312
384203,1,7,1,7.745912047688609
384228,1,7,9,26.094327514269942
384229,1,7,6,12.842479094875799
384234,1,7,9,24.10820515456003
384256,1,7,4,0.3586790108976326
384258,1,7,5,0.3586789934097332
384274,1,7,5,0.3586789934097332
384280,1,7,7,4.252599655511918
384292,1,7,7,1.8418790620306087
384297,1,7,5,0.3586789934097332
384302,1,7,8,27.283697499656206
384316,1,7,9,13.204751332222212
384317,1,7,3,2.2672592712155724
384325,1,7,8,14.46810932086314
384337,1,7,9,25.906890339227402
384343,1,7,9,23.644013718559542
384351,1,7,9,5.6625458701432265
384352,1,7,6,22.643127845741727
384355,1,7,9,25.66249827501961
384363,1,7,8,22.292057180436206
384364,1,7,4,0.3586790108976326
384375,1,7,5,0.3586789934097332
384380,1,7,9,14.82213158766668
384382,1,7,8,14.784949876573625
384383,1,7,8,25.38311755945859
384397,1,7,1,16.44076284069928
384402,1,7,6,14.185972004150482
384412,1,7,9,26.388960554492915
384416,1,7,5,0.3586789934097332
384436,1,7,8,15.637192669628769
384441,1,7,8,27.58109864772627
384453,1,7,9,22.882633120153503
384461,1,7,2,11.591645198464565
384462,1,7,5,0.3586789934097332
384469,1,7,8,13.565705949074891
384506,1,7,3,1.4353653979975358
384507,1,7,8,17.469146245526925
384518,1,7,4,0.3586790108976326
384523,1,7,8,26.775744899598486
384524,1,7,9,12.347243737811002
384525,1,7,3,2.3833069254195998
384531,0,7,0,0.019022564902940582
384536,1,7,8,3.4789027440940536
384540,0,7,0,0.013543313193979957
384585,1,7,4,0.3586790108976326
384599,1,7,6,23.033775281148397
384605,1,7,9,16.62207418029004
384630,1,7,10,4.405690317699077
384650,1,7,10,13.731634608053724
384662,1,7,5,0.3586789934097332
384669,1,7,10,19.257295800722343
384673,1,7,8,26.714148130915568
384676,1,7,5,0.3586789934097332
384678,1,7,6,14.951312143694517
384683,1,7,9,22.64231696003995
384708,1,7,6,17.264115572484897
384732,0,7,0,0.022557164798919522
384736,1,7,4,0.3586790108976326
384746,1,7,4,0.3586790108976326
384752,1,7,9,22.971198878014373
384765,1,7,1,19.918464577560076
384766,1,7,9,17.446859107479614
384777,1,7,10,7.686485353946716
384779,0,7,0,0.01593870550984808
384784,1,7,6,22.8501146506088
384805,1,7,4,0.3586790108976326
384818,0,7,0,0.01589790484360623
384819,1,7,6,19.38544744752758
384820,1,7,7,1.8395042018843861
384822,1,7,1,14.479238263849764
384832,1,7,9,3.4281750305808547
384849,1,7,1,15.486734831531002
384858,1,7,4,0.358679009087165
384859,1,7,6,21.731119982223635
384876,1,7,5,0.3586789934097332
384877,1,7,8,16.472978904391628
384893,1,7,8,22.11122499932941
384907,1,7,9,21.024133951718905
384909,1,7,9,13.459874659069188
384924,1,7,1,17.887210052914313
384937,1,7,9,3.4390108469426934
384939,1,7,7,3.474151857218026
384947,1,7,6,23.657739174827856
384950,1,7,7,2.3457989604098146
384951,1,7,1,10.33221443625995
384978,1,7,2,9.50331032321882
384990,1,7,8,27.90584873304116
384991,0,7,0,0.017054382719522414
385001,1,7,2,1.567939870299878
385021,1,7,8,19.656018973100835
385030,1,7,1,16.407123437253205
385032,1,7,6,13.289093284722183
385033,0,7,0,0.012400287365354503
385036,1,7,10,10.699145761157476
385053,1,7,8,4.684622344589866
385057,1,7,8,17.282074981690343
385063,1,7,9,25.959781590169776
385083,1,7,9,14.267491226514705
385090,1,7,9,12.028606758175833
385094,1,7,9,24.683618151329146
385115,1,7,10,19.98244332841701
385119,1,7,9,26.359973352030813
385122,1,7,5,0.3586789934097332
385133,1,7,6,23.868044331702176
385150,1,7,10,3.5059932927682107
385154,1,7,10,7.771083014420459
385161,1,7,4,0.3586790108976326
385196,1,7,6,7.633434661473244
385201,0,7,0,0.029909601129963034
385210,1,7,1,6.116077161213121
385213,0,7,0,0.014784896653300728
385220,1,7,6,18.178433229667295
385221,1,7,5,0.3586789934097332
385243,1,7,8,15.389622529632163
385264,1,7,9,26.21876337107896
385271,1,7,1,6.309487341961566
385274,0,7,0,0.011912449743758931
385276,1,7,6,13.373944954388696
385282,1,7,5,0.3586789934097332
385289,1,7,6,22.073167260380224
385296,1,7,9,15.68893466590379
385298,1,7,10,10.858799857029041
385299,1,7,10,18.21044676205542
385319,1,7,6,4.962247666406458
385331,1,7,2,8.63506027529036
385340,1,7,5,0.3586789934097332
385356,1,7,6,11.70349490169067
385370,1,7,6,4.802551432278182
385375,1,7,8,12.868126190117275
385384,1,7,10,15.271371051338102
385388,1,7,10,21.17799707662512
385390,1,7,5,0.3586789934097332
385413,1,7,9,22.976363670395894
385416,1,7,8,13.81161696714689
385418,1,7,5,0.3586789934097332
385457,1,7,6,13.95516896723686
385471,1,7,4,0.358679009087165
385473,0,7,0,0.027456371568210815
385480,1,7,5,0.3586789934097332
385495,1,7,5,0.3586789934097332
385506,1,7,9,15.246760023236162
385510,1,7,3,1.2180725307013252
385532,1,7,4,0.3586790108976326
385533,1,7,10,20.16957898298142
385534,1,7,9,21.83641246492562
385550,1,7,9,10.367359280774092
385555,1,7,5,0.3586789934097332
385574,1,7,8,21.312110592950887
385577,0,7,0,0.034392895791591854
385578,1,7,5,0.3586789934097332
385596,1,7,1,9.18187361056307
385598,1,7,9,21.68588753294623
385602,1,7,9,23.12168978918436
385609,0,7,0,0.013603581661967545
385629,1,7,9,19.193747024830188
385631,1,7,10,12.346721212422725
385635,1,7,4,0.3586790108976326
385642,1,7,3,2.074255792707673
385645,1,7,6,19.266576750066438
385665,1,7,9,24.60817802896966
385671,0,7,0,0.025884130371556888
385674,1,7,4,0.3586790108976326
385675,1,7,9,24.570476302541707
385696,1,7,5,0.3586789934097332
385697,1,7,9,23.31234226353115
385707,1,7,5,0.3586789934097332
385721,1,7,1,22.348841652373984
385724,1,7,1,6.321727395332543
385725,1,7,6,21.176170486113826
385731,1,7,4,0.3586790108976326
385732,1,7,10,11.931925937106946
385749,1,7,6,7.141617824897706
385756,1,7,10,10.366517403635633
385764,1,7,5,0.3586789934097332
385772,1,7,2,12.655583362815264
385787,1,7,4,0.3586790108976326
385793,1,7,5,0.3586789934097332
385803,1,7,5,0.3586789934097332
385824,1,7,9,25.669039502506212
385825,1,7,10,7.445292253080056
385828,1,7,8,28.189983406390265
385842,1,7,9,15.392024453265114
385865,1,7,1,6.072736798175224
385870,1,7,7,2.976188267862906
385881,1,7,8,7.228037242992704
385888,1,7,4,0.3586790108976326
385895,1,7,8,22.49890342913576
385904,1,7,1,13.091226487052568
385924,1,7,8,18.9124817367159
385926,1,7,10,16.85814624216262
385937,1,7,8,13.067686474842494
385944,1,7,8,21.358512777450837
385953,1,7,7,1.1887298893495137
385968,1,7,3,2.2964017913383588
385993,1,7,9,13.613982385885777
386048,1,7,3,2.395525008298313
386057,1,7,9,25.7703110807496
386100,1,7,6,20.792358112948094
386108,1,7,5,0.3586789934097332
386115,1,7,4,0.358679009087165
386136,1,7,10,9.841563815864676
386146,1,7,10,18.36580035767484
386155,0,7,0,0.014997189264230864
386156,1,7,7,4.280890513160565
386171,1,7,4,0.3586790108976326
386177,1,7,8,25.387852107269307
386179,1,7,5,0.3586789934097332
386183,1,7,1,16.67597771147108
386190,1,7,2,4.347806597870567
386209,1,7,4,0.3586790108976326
386210,1,7,6,12.937105397273905
386226,1,7,1,13.62154781627232
386228,1,7,8,6.6181390514290594
386234,1,7,8,22.09228418968756
386268,1,7,7,2.49790948102395
386271,1,7,5,0.3586789934097332
386274,1,7,9,26.3800997491094
386278,1,7,9,20.587920790438428
386291,1,7,4,0.3586790108976326
386300,1,7,8,14.239970241479552
386316,1,7,4,0.3586790108976326
386327,1,7,3,2.1126662075837177
386334,1,7,9,14.096715897114931
386352,1,7,2,11.17428521760217
386363,1,7,4,0.3586790108976326
386388,1,7,10,9.159028989017145
386395,1,7,1,5.190476798509642
386467,1,7,10,13.857523931882266
386480,1,7,5,0.3586789934097332
386491,1,7,1,12.272512794440773
386497,1,7,5,0.3586789934097332
386515,1,7,9,25.87939285579338
386524,1,7,5,0.3586789949470627
386532,0,7,0,0.022274835187083935
386534,1,7,5,0.3586789934097332
386537,1,7,9,4.093071737490233
386553,1,7,2,3.8785052470680275
386568,1,7,1,17.939055979816498
386572,1,7,4,0.3586790108976326
386581,1,7,3,1.1200979278961365
386586,1,7,9,6.082553562093026
386603,1,7,9,12.015362245971323
386608,1,7,5,0.3586789934097332
386613,1,7,6,11.621164399776612
386620,1,7,4,0.3586790108976326
386631,1,7,3,2.371085326799927
386640,1,7,9,21.785146946405845
386656,1,7,10,12.101905462595404
386671,1,7,7,0.5424889471841672
386674,1,7,9,25.797516416123074
386701,1,7,9,10.861404073056708
386705,1,7,7,3.918678802777989
386714,0,7,0,0.02703707381206324
386722,1,7,6,23.7375775707179
386739,1,7,9,25.27142611380902
386751,1,7,9,17.527367000017716
386754,1,7,1,11.276531354901516
386781,1,7,9,8.40585995053772
386787,0,7,0,0.014001425201568342
386813,1,7,5,0.3586789934097332
386819,1,7,8,20.791076574438154
386826,1,7,5,0.3586789934097332
386833,1,7,8,19.416568024470358
386837,1,7,5,0.3586789949470627
386855,1,7,4,0.358679009087165
386860,1,7,4,0.3586790108976326
386866,1,7,6,23.053650047664952
386874,1,7,6,18.638593538475458
386901,1,7,5,0.3586789934097332
386904,1,7,5,0.3586789934097332
386906,1,7,10,20.899015469603263
386913,0,7,0,0.23981017435455543
386915,1,7,9,14.870578921692433
386927,1,7,8,21.609082574435707
386947,1,7,9,19.86416223569317
386954,1,7,8,15.598071438538694
386955,1,7,6,9.02086568675149
386956,1,7,9,14.200885432904736
386971,1,7,6,16.28286737991717
386976,1,7,8,6.573597686351872
386994,0,7,0,0.024736989315286485
387031,1,7,6,11.344926656812696
387044,1,7,1,18.92567727515212
387061,1,7,8,24.037695000007787
387066,1,7,3,1.7558942585103567
387080,0,7,0,0.013067371114430761
387081,1,7,2,10.507482416392437
387087,1,7,8,11.42431873212255
387088,1,7,6,22.64607048759097
387099,1,7,5,0.3586789934097332
387108,1,7,9,15.020708923039212
387128,0,7,0,0.024833309290198294
387134,1,7,8,21.41013114082782
387175,1,7,9,11.223502539419773
387178,1,7,8,26.82375460480307
387184,1,7,8,5.841828084302373
387202,1,7,3,0.8934202472818147
387206,1,7,5,0.3586789934097332
387210,1,7,5,0.3586789934097332
387213,1,7,10,15.806542224308327
387214,1,7,5,0.3586789934097332
387225,1,7,5,0.3586789934097332
387235,1,7,10,12.311774162653334
387236,1,7,3,0.8867294298958709
387268,1,7,6,21.876401033475485
387276,1,7,3,2.085598913269551
387277,1,7,9,14.396014109677525
387278,1,7,6,14.797565983340537
387302,1,7,8,8.277592942618536
387308,1,7,8,20.781072541540215
387311,1,7,3,2.1733945571700226
387322,1,7,8,18.744002613222708
387328,1,7,10,12.676038533520153
387336,1,7,9,23.118913828415632
387354,1,7,9,15.599607275171218
387356,1,7,10,16.100699077562737
387382,1,7,7,1.9221274896893765
387388,1,7,5,0.3586789934097332
387409,1,7,6,23.177007927547095
387423,1,7,4,0.3586790108976326
387430,1,7,9,12.746150868260665
387432,1,7,8,4.1052640654324
387441,1,7,10,7.908533292916384
387458,1,7,6,22.07787120762666
387465,1,7,8,5.799295313285757
387475,1,7,6,9.043699985249518
387481,1,7,10,9.165447072444955
387482,1,7,8,20.179416399881116
387485,1,7,6,10.968984997123844
387487,1,7,8,25.164874591118163
387508,1,7,2,4.287658342857459
387512,1,7,6,22.576419035793638
387517,1,7,4,0.3586790108976326
387523,1,7,1,16.36007360906399
387526,1,7,5,0.3586789934097332
387535,1,7,5,0.3586789934097332
387536,1,7,3,2.4047113013342853
387539,1,7,9,22.49310827241784
387542,1,7,6,22.538898237803565
387554,1,7,8,21.335049282440043
387557,1,7,4,0.3586790108976326
387576,1,7,6,8.988674440070024
387586,1,7,1,13.86055081698905
387590,1,7,7,2.6642105814378656
387596,1,7,5,0.3586789934097332
387606,1,7,4,0.3586790108976326
387630,1,7,6,20.2060706275195
387638,1,7,8,26.484048328041954
387648,1,7,3,2.36502547814239
387656,1,7,5,0.3586789934097332
387671,1,7,5,0.3586789934097332
387674,1,7,6,16.961605641976462
387678,1,7,10,11.055610855941442
387696,1,7,4,0.3586790108976326
387703,1,7,6,22.87495884644137
387710,1,7,4,0.3586790108976326
387730,1,7,9,13.324001316406905
387735,1,7,9,13.045777584605915
387740,1,7,9,26.332003906480583
387747,1,7,8,12.324224164925303
387758,1,7,2,5.80083460615449
387761,1,7,5,0.3586789934097332
387769,1,7,4,0.3586790108976326
387770,1,7,8,26.019067505294775
387786,1,7,9,12.26170705618662
387788,1,7,8,18.815487884357353
387790,1,7,2,13.740487876073429
387803,1,7,8,14.023272273716042
387810,1,7,9,15.931796811280755
387817,1,7,4,0.3586790108976326
387819,1,7,8,21.715600425038556
387823,1,7,5,0.3586789934097332
387825,1,7,9,20.426230074708716
387839,1,7,1,13.683500086816277
387840,1,7,8,16.25353015237518
387855,1,7,9,21.258489615419617
387861,1,7,9,13.80018832697872
387862,1,7,3,2.4324892382100844
387876,1,7,5,0.3586789934097332
387881,1,7,4,0.3586790108976326
387886,1,7,10,11.921156751731784
387891,1,7,7,1.354204668693727
387892,1,7,9,11.928871507712183
387909,1,7,4,0.3586790108976326
387928,1,7,8,13.00711381867368
387940,1,7,7,2.0960504076335216
387957,1,7,10,8.261560910437872
387963,1,7,10,10.36726961521391
387967,1,7,6,6.102530603663694
387975,1,7,10,12.010964771411071
387978,1,7,8,28.51659486731019
387985,1,7,9,15.643579320590902
387987,1,7,6,6.764704609837196
387989,1,7,2,6.019647890077746
387991,1,7,3,2.234533642375726
388001,1,7,8,9.942169836330853
388003,1,7,6,15.672673921194804
388023,1,7,5,0.3586789934097332
388035,1,7,4,0.3586790108976326
388045,1,7,1,9.914187448036085
388048,1,7,9,18.644897793478247
388054,1,7,9,22.494064288289273
388055,1,7,10,21.22978189955129
388061,1,7,4,0.3586790108976326
388067,1,7,9,25.55164263039402
388078,1,7,1,7.720492027268581
388083,1,7,3,1.1718504883281842
388102,1,7,8,26.333555069480703
388107,1,7,9,22.6411916794547
388117,1,7,2,3.6644231390883286
388127,1,7,3,1.8229593640253363
388134,1,7,8,14.834784516869918
388142,1,7,6,22.71995831881801
388149,1,7,4,0.3586790108976326
388175,1,7,9,16.183623766784788
388176,1,7,9,26.115635439177808
388177,1,7,8,19.89445239735472
388185,1,7,4,0.3586790108976326
388186,1,7,6,19.67749050416556
388187,1,7,6,16.31497861794914
388200,1,7,4,0.3586790108976326
388207,1,7,4,0.3586790108976326
388246,1,7,3,2.4219096772101723
388268,1,7,6,21.489779409525013
388275,1,7,9,5.5739688156410265
388283,1,7,8,15.221441223497779
388286,1,7,6,12.125310988810051
388291,1,7,8,17.019305245698092
388301,1,7,8,8.145020686383592
388325,1,7,5,0.3586789934097332
388338,1,7,1,6.461328845257944
388347,1,7,3,2.394242181957184
388354,1,7,10,8.12829256766015
388374,1,7,9,14.546293833989727
388378,1,7,9,11.840647721696461
388393,1,7,6,11.634238438239642
388412,1,7,1,8.247662752406159
388419,1,7,10,18.72917030208689
388422,1,7,10,4.5648670415419526
388446,1,7,9,8.730026238374608
388461,1,7,1,19.934554003800894
388478,1,7,7,0.9930063749334422
388481,1,7,8,5.180838456707223
388483,1,7,8,13.93077487101185
388496,1,7,4,0.3586790108976326
388504,1,7,2,10.744468971158767
388543,1,7,10,15.616290072206136
388552,1,7,4,0.3586790108976326
388571,0,7,0,0.013719514604268289
388575,1,7,10,18.72185264935495
388587,1,7,8,24.52162607654504
388590,1,7,5,0.3586789934097332
388595,1,7,9,18.817534040334767
388602,1,7,6,14.765435282168053
388607,1,7,8,25.756029229346858
388617,1,7,8,25.943958084148043
388626,1,7,6,23.256675715622954
388630,1,7,8,12.943291528459412
388631,1,7,9,2.5898294526308834
388638,1,7,8,24.36555788443943
388659,1,7,4,0.3586790108976326
388660,1,7,3,1.2714333476885866
388669,1,7,9,9.357120922662975
388670,1,7,8,14.6212543328664
388672,0,7,0,0.028688682975264196
388680,1,7,9,11.327585005989242
388681,1,7,5,0.3586789934097332
388684,1,7,4,0.3586790108976326
388725,1,7,8,20.56858567240265
388741,1,7,6,11.883049717446708
388745,1,7,4,0.3586790108976326
388749,1,7,4,0.3586790108976326
388754,1,7,9,17.118362697109724
388769,1,7,9,24.081835069668887
388770,1,7,8,6.327634370767136
388777,1,7,6,22.585930712376015
388787,1,7,7,4.406478485346455
388805,1,7,3,2.1180539678584958
388807,1,7,3,2.3216630724891894
388812,1,7,8,8.178289246754447
388824,1,7,9,6.448126401308801
388839,1,7,8,17.05947312966143
388841,1,7,5,0.3586789934097332
388859,1,7,8,4.510629542904218
388879,1,7,10,14.24261210708393
388892,1,7,7,1.6964674623661802
388906,1,7,5,0.3586789934097332
388918,1,7,1,10.466642863637114
388924,1,7,8,16.26633788271823
388928,1,7,10,9.131517193059508
388937,0,7,0,0.02422321531035903
388938,1,7,10,20.79864206846257
388958,1,7,8,27.84552150529897
388962,1,7,9,9.247825026215839
388968,0,7,0,0.010738473995809586
388974,1,7,9,16.661304218944203
388976,1,7,9,18.048303851952518
388977,1,7,10,14.634759036219682
388987,1,7,9,23.063206258449174
389000,1,7,8,28.405701989551947
389001,1,7,5,0.3586789934097332
389002,1,7,2,13.753400049367892
389022,1,7,1,3.949141953727859
389029,1,7,10,11.684767012075254
389037,1,7,5,0.3586789934097332
389040,1,7,7,4.609908147886879
389048,1,7,9,15.885673140428157
389094,1,7,9,4.5498807099134515
389102,1,7,3,2.2882555639304587
389159,1,7,1,11.356117941797221
389160,1,7,1,21.954084180337613
389172,0,7,0,0.013510883296456227
389174,1,7,4,0.3586790108976326
389178,1,7,7,4.429927394512857
389195,1,7,6,15.034305086471043
389199,1,7,9,14.373461464543364
389203,1,7,6,22.99897690391428
389221,1,7,9,16.641211704477303
389225,1,7,9,10.201189041696038
389229,1,7,7,2.388588113008372
389245,1,7,5,0.3586789949470627
389246,0,7,0,0.01857738886151358
389256,1,7,10,20.99542761953996
389267,1,7,8,15.554972145173485
389275,1,7,7,1.872252632363774
389293,1,7,9,26.35364495376715
389295,1,7,7,3.304814427294672
389352,1,7,9,26.38927947041029
389371,1,7,2,9.248919918185331
389379,1,7,6,6.5870252481281595
389411,1,7,5,0.3586789934097332
389418,1,7,8,7.592891881294916
389423,1,7,5,0.3586789934097332
389451,1,7,9,8.859557403410667
389454,1,7,8,11.235534395447749
389456,1,7,8,15.556636316378412
389464,1,7,6,13.594711049312144
389473,1,7,5,0.3586789934097332
389475,1,7,5,0.3586789934097332
389501,1,7,8,14.507337240246391
389504,1,7,9,25.051501839948838
389509,1,7,1,8.152605814473134
389531,1,7,1,21.526421523172576
389545,1,7,8,10.842707303840937
389557,1,7,10,13.623297102249097
389569,1,7,5,0.3586789934097332
389575,1,7,7,2.2019173516382957
389577,1,7,10,5.658436309175417
389607,1,7,8,22.794473631289346
389619,0,7,0,0.020372388274001996
389624,1,7,5,0.3586789934097332
389626,0,7,0,0.3426493548737302
389627,1,7,8,28.192948050292273
389632,1,7,1,18.90958087192841
389655,1,7,5,0.3586789934097332
389675,1,7,4,0.3586790108976326
389680,1,7,5,0.3586789934097332
389685,0,7,0,0.01643630242968097
389687,1,7,4,0.3586790108976326
389690,1,7,4,0.3586790108976326
389715,1,7,8,20.175366800229593
389731,1,7,4,0.3586790108976326
389736,1,7,8,3.4109949054423554
389741,1,7,8,21.003891196615665
389746,1,7,7,0.34859258821164985
389769,0,7,0,0.013483256620263982
389787,1,7,8,4.6354081449832005
389795,1,7,3,2.347382329794305
389797,1,7,9,25.47618493020633
389802,1,7,7,4.255460982080876
389809,1,7,9,13.430012916292899
389814,1,7,5,0.3586789934097332
389818,1,7,3,2.1651641467486447
389822,1,7,10,20.560570812989337
389830,1,7,8,16.412471703637298
389833,1,7,7,0.8146640453079041
389844,1,7,8,16.416828394231505
389864,1,7,5,0.3586789934097332
389869,1,7,4,0.3586790108976326
389875,1,7,9,15.637328429382615
389882,1,7,8,8.860797065469162
389885,1,7,5,0.3586789934097332
389886,1,7,10,11.044999961957686
389887,1,7,4,0.358679009087165
389888,1,7,1,12.344293869073711
389924,1,7,1,11.259068539635399
389927,1,7,5,0.3586789934097332
389931,1,7,8,19.50203620894209
389947,1,7,6,22.202534279617414
389970,1,7,5,0.3586789934097332
389986,1,7,7,1.9839365668176738
389994,1,7,5,0.3586789934097332
389997,1,7,4,0.3586790108976326
390019,1,7,7,2.3854277934001282
390101,1,7,4,0.3586790108976326
390127,1,7,7,1.831178612096595
390130,1,7,7,1.412638320219705
390133,1,7,4,0.3586790108976326
390137,1,7,2,2.566294352878285
390150,0,7,0,0.012995626608305083
390168,1,7,7,2.0284389341379674
390170,1,7,7,3.296183639703672
390179,1,7,7,3.8425813765321575
390188,1,7,4,0.3586790108976326
390192,1,7,7,1.3479216226330446
390212,1,7,6,21.848338339071834
390221,1,7,9,15.124687801038373
390230,1,7,4,0.3586790108976326
390260,1,7,5,0.3586789934097332
390280,1,7,6,8.415753761267203
390284,0,7,0,0.0210030091777634
390296,1,7,9,25.124180950993175
390312,0,7,0,0.048402554441311495
390350,0,7,0,0.012349317278221913
390358,1,7,9,24.785243611536377
390365,1,7,9,15.779612407938139
390370,1,7,6,22.931289774780605
390398,1,7,6,21.52185339618946
390401,1,7,6,6.329790450573581
390432,1,7,10,20.792104056307032
390435,1,7,5,0.3586789934097332
390436,0,7,0,0.013064108533727609
390443,1,7,7,1.8340633022866668
390469,1,7,7,4.599611454886494
390472,1,7,8,10.529136642770313
390482,1,7,9,14.380260633784218
390495,1,7,9,25.022625877406405
390502,1,7,4,0.3586790108976326
390505,1,7,8,25.839308975509333
390525,1,7,1,14.85723996231376
390539,1,7,7,3.700841649798415
390542,1,7,2,11.173469593972682
390547,1,7,8,7.401086821669862
390556,1,7,9,17.103959760232144
390559,1,7,6,4.940485489912291
390561,1,7,4,0.3586790108976326
390563,1,7,5,0.3586789934097332
390566,1,7,6,17.258297546845956
390580,1,7,2,2.3798304932849788
390583,1,7,6,14.553380559516029
390586,1,7,8,9.415985838932444
390588,1,7,9,16.519239686133048
390589,1,7,3,2.3994459972173527
390593,1,7,8,19.52355001101917
390601,1,7,8,16.357577920565536
390629,1,7,7,3.7488887417264283
390641,1,7,6,17.10629592107799
390652,1,7,9,4.365427112936657
390664,1,7,4,0.358679009087165
390666,1,7,9,16.697278399059932
390668,1,7,8,9.238732101501448
390672,1,7,9,3.3298781218503186
390680,1,7,8,17.181629830814448
390689,1,7,3,2.0358942481496674
390694,1,7,8,8.667585150037569
390698,1,7,7,3.41795104324918
390700,1,7,6,23.395766098717427
390717,1,7,6,12.680459957666391
390720,1,7,6,13.576528814091695
390728,1,7,8,17.063810422767435
390735,1,7,8,15.032288619777107
390741,1,7,6,7.814376262243446
390754,1,7,5,0.3586789934097332
390776,1,7,6,17.060272201776325
390783,1,7,6,13.491878837488464
390797,1,7,10,7.994807405037803
390812,1,7,1,10.998865678579563
390816,1,7,6,23.189230915136758
390823,1,7,5,0.3586789934097332
390827,1,7,5,0.3586789934097332
390829,1,7,6,17.790393202889327
390845,1,7,8,21.515406568424154
390849,1,7,5,0.3586789934097332
390850,1,7,6,23.1721709827641
390857,1,7,4,0.3586790108976326
390866,1,7,6,20.846812475784557
390871,0,7,0,0.027724749807927638
390872,1,7,9,20.021810359784716
390926,1,7,7,3.067906339877755
390938,1,7,10,12.149812097748164
390951,1,7,4,0.358679009087165
390956,1,7,9,10.09979519866355
390959,1,7,9,6.572912265492252
390963,1,7,5,0.3586789934097332
390965,1,7,7,0.8480363949725015
390995,1,7,8,12.751484759257968
391016,1,7,6,10.860968069987639
391022,1,7,4,0.3586790108976326
391023,1,7,5,0.3586789934097332
391063,1,7,7,2.075237216727059
391066,1,7,9,11.999559769881703
391070,1,7,8,16.01452452215202
391077,1,7,8,3.551142090866291
391090,1,7,1,22.68542543665025
391092,1,7,9,18.164617157642756
391095,1,7,8,6.124236781755764
391099,1,7,1,6.593085373642604
391109,1,7,4,0.3586790108976326
391111,1,7,5,0.3586789934097332
391112,1,7,9,24.954803034200864
391134,1,7,4,0.3586790108976326
391144,1,7,7,1.8992357761089087
391158,1,7,10,13.008850856433966
391172,1,7,8,28.124764032844435
391175,1,7,1,11.874457853199656
391200,1,7,5,0.3586789934097332
391216,1,7,4,0.3586790108976326
391221,1,7,1,15.745370369741687
391246,1,7,8,22.801589992303796
391263,1,7,7,4.179487521121512
391279,1,7,7,4.40525518503443
391292,1,7,10,21.264142506378846
391305,1,7,4,0.358679009087165
391307,1,7,5,0.3586789934097332
391321,1,7,2,11.192285367649092
391324,1,7,8,16.68489051548577
391354,1,7,4,0.3586790108976326
391367,1,7,1,16.041129922021007
391375,1,7,1,8.177878895143362
391376,1,7,7,2.391280964991327
391386,1,7,9,15.568758630832159
391389,1,7,6,12.135462278118917
391406,1,7,5,0.3586789934097332
391417,1,7,10,18.31897433743356
391435,1,7,9,20.100835515838245
391442,1,7,8,9.838882160289232
391445,1,7,6,21.310220592023775
391446,1,7,9,11.047932338933986
391463,1,7,3,1.1715615868074905
391464,1,7,10,17.291436898391034
391473,1,7,4,0.3586790108976326
391480,1,7,8,8.21389079914762
391483,1,7,9,14.736610774781147
391491,0,7,0,0.01675513453143491
391493,0,7,0,0.03263689624692226
391494,1,7,5,0.3586789934097332
391500,1,7,8,14.618803374376826
391530,1,7,9,2.2275303801580386
391542,1,7,7,4.367077128708448
391546,1,7,9,25.880860526124618
391559,1,7,4,0.3586790108976326
391568,1,7,4,0.3586790108976326
391571,1,7,2,9.506765604489145
391575,1,7,5,0.3586789949470627
391583,1,7,4,0.358679009087165
391585,1,7,1,14.019145479299414
391586,0,7,0,0.12470929398086862
391587,1,7,4,0.3586790108976326
391597,1,7,4,0.3586790108976326
391601,1,7,10,11.744426382117732
391605,1,7,10,18.841634466927054
391618,1,7,9,25.620651246111713
391620,1,7,7,1.051007235627558
391621,1,7,6,11.860990728807886
391628,1,7,6,21.695262580971946
391642,1,7,6,22.846538182038035
391644,1,7,8,7.306841612937176
391654,1,7,8,14.116436751358158
391666,1,7,8,16.356731153238695
391667,1,7,6,23.492152951454866
391671,1,7,7,0.8984101971699868
391683,1,7,5,0.3586789934097332
391688,1,7,1,22.302893077402427
391713,1,7,8,25.850562113993888
391719,1,7,1,10.53174053941152
391747,1,7,4,0.3586790108976326
391762,1,7,9,23.57224485118847
391764,1,7,9,12.15346143617997
391774,1,7,8,5.681253540922281
391778,1,7,7,2.0110602827054875
391782,1,7,4,0.3586790108976326
391784,1,7,8,8.896168753158975
391788,1,7,5,0.3586789934097332
391789,0,7,0,0.030846535513985206
391795,1,7,1,14.2567416736398
391824,1,7,8,17.05916277813555
391829,1,7,3,1.3305687423861294
391836,1,7,10,20.01725707730737
391886,1,7,8,12.200642551578369
391891,1,7,8,20.46078267950145
391895,1,7,7,4.5050337263007965
391898,1,7,4,0.3586790108976326
391913,1,7,8,22.562300320369935
391923,1,7,6,6.519359182815536
391927,1,7,8,6.44450924352985
391931,1,7,1,10.732753845622417
391933,0,7,0,0.015450753278217277
391934,1,7,9,14.547418573803688
391951,1,7,3,2.3620008550283833
391963,1,7,5,0.3586789934097332
391969,1,7,9,11.071165620493927
391970,1,7,7,4.278537445411152
391996,1,7,4,0.3586790108976326
391998,1,7,7,1.8663759969203846
392002,1,7,8,25.735849984666018
392010,1,7,9,26.30120665485125
392016,1,7,5,0.3586789934097332
392025,1,7,10,17.90843913978442
392037,1,7,9,26.110624127663037
392038,1,7,8,17.203278427795475
392041,1,7,10,19.707407297296125
392061,1,7,8,20.15480087275209
392075,1,7,9,19.483486629495577
392078,1,7,4,0.3586790108976326
392092,1,7,6,7.800180541132138
392100,1,7,10,11.554319019435164
392106,1,7,7,1.5534014763567163
392111,1,7,9,23.451655757716672
392114,1,7,5,0.3586789949470627
392117,1,7,3,1.7700572890461876
392122,1,7,2,14.079758803189524
392134,1,7,7,3.8403678932913814
392156,1,7,6,7.9965598192043315
392160,1,7,10,20.79818453092074
392162,1,7,3,2.0712910154943365
392170,1,7,4,0.3586790108976326
392174,1,7,10,6.810584106551802
392181,1,7,6,21.542567780359523
392185,1,7,2,9.428854262756504
392191,1,7,4,0.3586790108976326
392192,1,7,10,19.411663827583727
392195,1,7,9,25.677434187511523
392200,1,7,6,23.46240552789891
392201,1,7,5,0.3586789934097332
392211,1,7,4,0.3586790108976326
392234,1,7,8,12.86847672389243
392246,1,7,9,10.82799916351985
392250,1,7,8,12.221510353243954
392260,1,7,9,26.052554369957367
392275,1,7,8,10.612940790452253
392277,1,7,7,1.7589561095578226
392286,1,7,10,7.288107017060325
392287,1,7,9,16.66921979678977
392294,1,7,7,4.540595015769311
392313,1,7,8,18.87136902347088
392317,1,7,1,4.428608013911821
392330,1,7,6,19.226808306718244
392355,1,7,6,9.777456651264671
392370,1,7,6,6.551207665522752
392373,1,7,4,0.358679009087165
392385,1,7,7,4.3466078057132815
392388,1,7,10,18.872783751945185
392394,1,7,6,14.585818606517728
392404,1,7,9,15.744474567220296
392405,1,7,5,0.3586789934097332
392409,1,7,5,0.3586789934097332
392427,1,7,10,14.508862171724745
392433,1,7,4,0.3586790108976326
392434,1,7,9,12.224885001803104
392453,1,7,9,22.161616802047995
392460,0,7,0,0.01746095412631997
392462,1,7,4,0.3586790108976326
392470,1,7,10,9.193801247826718
392479,1,7,9,26.419077009050856
392480,1,7,4,0.3586790108976326
392501,1,7,5,0.3586789934097332
392506,1,7,9,22.982910946276842
392512,1,7,9,15.954952581470822
392525,1,7,4,0.3586790108976326
392536,1,7,2,11.18137003963464
392543,1,7,6,6.099837257449351
392565,1,7,5,0.3586789934097332
392566,1,7,4,0.3586790108976326
392578,1,7,1,20.267581110534255
392592,1,7,8,5.731021723511196
392594,0,7,0,0.014925585067590555
392626,1,7,5,0.3586789934097332
392648,1,7,9,17.117309445030525
392708,1,7,3,0.6849337066753557
392717,1,7,9,15.939002974513228
392724,1,7,2,5.862117600551947
392753,1,7,5,0.3586789949470627
392764,0,7,0,0.012502573950803534
392765,1,7,8,15.014262406767974
392766,1,7,10,17.67916578197999
392774,1,7,9,5.942870803960155
392778,1,7,9,8.387848726066986
392787,1,7,1,9.445317449569629
392793,1,7,3,2.4020404425861965
392799,1,7,10,21.23309183064428
392809,1,7,8,21.386275068218843
392814,1,7,9,23.856228844574527
392816,1,7,6,22.884804418051814
392821,1,7,9,24.40490615876209
392838,1,7,2,2.647097594691264
392845,1,7,2,8.831038061250993
392851,1,7,8,19.404287855471104
392861,1,7,7,0.9776579463904597
392867,1,7,9,14.64009529760844
392912,1,7,4,0.3586790108976326
392915,1,7,5,0.3586789934097332
392924,1,7,6,11.109047810179742
392929,1,7,5,0.3586789934097332
392981,1,7,9,12.755777263123417
392991,1,7,5,0.3586789934097332
393012,0,7,0,0.21950747731017714
393013,1,7,4,0.3586790108976326
393019,1,7,3,1.050789403049336
393044,1,7,2,10.913992538271568
393050,1,7,4,0.3586790108976326
393068,1,7,7,4.39799251334707
393070,1,7,4,0.3586790108976326
393087,1,7,4,0.3586790108976326
393090,1,7,5,0.3586789949470627
393111,1,7,8,12.450047121951517
393141,1,7,5,0.3586789934097332
393147,1,7,10,3.116419086317986
393169,1,7,6,16.527307298252907
393183,1,7,1,14.31248679751191
393189,1,7,10,11.034921563110931
393199,1,7,10,14.61927370406731
393210,1,7,5,0.3586789934097332
393217,1,7,8,23.693927068052734
393257,1,7,4,0.3586790108976326
393258,1,7,8,20.996410935432316
393279,1,7,10,12.399065903358903
393299,0,7,0,0.023466282763239595
393303,1,7,3,2.2894952026904543
393307,1,7,3,2.2170901739164632
393359,1,7,4,0.3586790108976326
393369,1,7,9,24.706995580268377
393370,1,7,10,6.205836438058737
393390,1,7,6,20.121477230628955
393391,1,7,9,13.388077147916997
393392,1,7,4,0.3586790108976326
393395,1,7,6,17.0246982415187
393408,0,7,0,0.22644348711566845
393424,0,7,0,0.015171652224062422
393425,1,7,9,14.336255187997496
393431,1,7,10,16.685183198147126
393432,1,7,9,9.476850510649678
393457,1,7,6,15.945109025013473
393458,1,7,4,0.3586790108976326
393490,1,7,8,20.393697192461282
393491,1,7,8,17.28142162608784
393495,1,7,10,14.26845964679315
393499,1,7,2,5.2655126987602365
393501,1,7,8,24.47334389514134
393507,1,7,10,21.24317384592154
393522,1,7,4,0.3586790108976326
393534,1,7,5,0.3586789934097332
393544,1,7,4,0.3586790108976326
393559,1,7,8,19.544145865759237
393561,1,7,9,8.232426765931683
393573,1,7,5,0.3586789934097332
393578,1,7,9,16.639894152568406
393593,1,7,6,12.372722444591862
393603,1,7,3,1.3510136410253624
393628,1,7,6,14.649528984853308
393629,1,7,9,26.084523557594196
393648,1,7,9,24.086024593753617
393656,0,7,0,0.01683769299502588
393663,1,7,6,9.306153154104893
393671,1,7,8,12.127026839355912
393675,1,7,9,24.148078207000196
393688,1,7,4,0.3586790108976326
393690,1,7,8,21.412195377268493
393697,1,7,9,25.487927769668453
393710,1,7,4,0.3586790108976326
393724,1,7,2,2.085526258088851
393731,1,7,6,13.77874906709837
393752,1,7,6,23.037062118001447
393773,1,7,10,13.72990040149128
393788,1,7,1,21.607360153706743
393798,1,7,5,0.3586789934097332
393808,1,7,7,2.4920341953135647
393830,1,7,10,13.98355584422615
393841,1,7,7,2.0180916957927706
393844,1,7,7,3.9815439763711407
393856,1,7,10,12.64149407686415
393867,1,7,6,12.042402250786944
393894,1,7,8,14.241889609766536
393905,1,7,5,0.3586789934097332
393906,1,7,6,13.983355056805921
393913,1,7,9,16.290634175584824
393915,1,7,9,6.8690479691452495
393928,1,7,5,0.3586789934097332
393937,0,7,0,0.013285476709063309
393942,1,7,6,12.978479160537807
393947,1,7,8,12.003452035751021
393960,1,7,8,8.873022764850722
393968,1,7,5,0.3586789934097332
393976,0,7,0,0.012657554199895175
393980,1,7,6,14.12642098416782
393998,1,7,6,21.612562722722508
394002,1,7,2,11.03704559496427
394016,1,7,9,10.606549985339068
394029,1,7,1,7.740260561892366
394030,1,7,5,0.3586789934097332
394052,1,7,9,11.911573175911165
394071,1,7,6,11.853205875956572
394079,1,7,6,23.058137281218407
394081,1,7,1,23.06806437282323
394082,1,7,9,15.705578565774815
394086,1,7,9,21.32668295105361
394092,1,7,9,11.736927362977339
394107,1,7,8,26.701385263141624
394109,1,7,6,4.698850572809637
394110,1,7,6,13.082979025103342
394135,1,7,4,0.358679009087165
394138,1,7,9,9.589744459322041
394142,1,7,8,12.875982171455373
394147,1,7,5,0.3586789934097332
394148,1,7,9,10.337390119335266
394157,1,7,10,13.938463327465547
394158,1,7,4,0.3586790108976326
394185,1,7,6,14.229323875792772
394213,1,7,1,13.482823208327826
394214,1,7,8,10.499900449358353
394226,1,7,6,21.761724240462364
394230,1,7,6,13.084741111368743
394251,1,7,9,13.947768951005
394256,1,7,2,13.771553439980757
394262,1,7,9,14.54992908724801
394264,1,7,7,3.485165044401558
394265,1,7,9,3.4295826650738155
394267,1,7,8,19.090886881093038
394283,1,7,6,11.4477864634883
394287,1,7,8,14.099578984644777
394294,1,7,5,0.3586789934097332
394297,1,7,5,0.3586789934097332
394313,1,7,5,0.3586789934097332
394331,0,7,0,0.028432573697427344
394368,0,7,0,0.13080854400616962
394372,1,7,2,10.953869708355604
394375,1,7,10,8.38481088530061
394396,1,7,1,12.646551899966122
394419,1,7,9,18.515537441503472
394420,1,7,5,0.3586789934097332
394437,0,7,0,0.013567204683047175
394444,1,7,9,25.927447105709582
394448,1,7,9,9.935685507829865
394451,0,7,0,0.015316144020065026
394472,1,7,4,0.3586790108976326
394481,1,7,8,6.458840828013785
394486,1,7,5,0.3586789934097332
394496,1,7,10,19.285047761208993
394506,1,7,4,0.3586790108976326
394515,1,7,7,4.436113797211986
394521,1,7,6,10.928498628216307
394522,1,7,7,2.258615949107935
394528,1,7,8,25.22571881314662
394533,1,7,9,18.837064123040037
394534,1,7,3,1.8049091765492677
394568,1,7,5,0.3586789934097332
394570,1,7,1,7.196938377467385
394571,1,7,6,18.12168651499637
394572,1,7,4,0.3586790108976326
394573,1,7,9,16.750734863214042
394587,1,7,5,0.3586789934097332
394588,1,7,2,2.007911077459711
394591,1,7,1,10.825562589025504
394611,1,7,4,0.3586790108976326
394619,1,7,6,22.059775895789993
394625,1,7,1,19.469603016897167
394626,1,7,4,0.3586790108976326
394670,1,7,5,0.3586789934097332
394682,1,7,1,22.786151843336974
394685,1,7,2,10.97109447739316
394690,1,7,6,10.903485567062488
394707,1,7,9,22.603486591371475
394755,1,7,6,23.74432593774617
394759,1,7,9,26.369122109126767
394763,1,7,8,9.446155933652385
394787,1,7,8,22.271397900263104
394789,1,7,6,14.828613073864473
394797,1,7,9,24.117307979239616
394805,1,7,6,7.083411999980834
394840,1,7,8,5.180121662475105
394843,1,7,4,0.3586790108976326
394870,1,7,6,17.85190637798874
394875,1,7,8,28.038088652785625
394880,1,7,7,4.483992949018369
394904,0,7,0,0.025584780693806177
394918,1,7,6,13.699250842291738
394921,1,7,9,13.878965356359831
394928,1,7,1,9.25190192931631
394931,1,7,4,0.3586790108976326
394932,1,7,9,24.74270955049197
394944,1,7,9,26.355998308554867
394970,0,7,0,0.011950263425322334
394971,1,7,6,13.8866815752673
394979,1,7,8,8.177443396174827
394987,1,7,8,19.22143444949976
395002,1,7,8,5.67144069194248
395007,1,7,5,0.3586789934097332
395017,1,7,8,3.5270104317476054
395032,0,7,0,0.15373792422476698
395034,1,7,1,18.195552038641765
395037,1,7,9,15.22256672706573
395055,1,7,6,14.451654999163274
395063,1,7,9,4.597119231995113
395065,1,7,9,22.367729941508475
395072,1,7,1,4.147529421551075
395079,1,7,4,0.3586790108976326
395098,1,7,8,13.717797669747117
395101,1,7,7,3.5855278105501145
395107,1,7,8,13.57850029867942
395117,1,7,6,13.462132612701819
395118,1,7,5,0.3586789934097332
395126,1,7,9,19.92755493378349
395143,1,7,8,25.20064070460345
395154,1,7,4,0.3586790108976326
395159,1,7,9,20.194145692895823
395242,1,7,6,6.701172450316967
395254,1,7,4,0.3586790108976326
395338,1,7,3,2.4109725196863625
395344,1,7,4,0.3586790108976326
395360,1,7,10,19.26547602177038
395373,1,7,4,0.3586790108976326
395383,1,7,9,16.728338426292776
395386,1,7,9,14.774498227251861
395389,1,7,6,10.438280313026242
395390,1,7,6,22.784166315868557
395403,1,7,10,12.026559952377271
395418,1,7,5,0.3586789934097332
395419,1,7,9,25.62353372301562
395458,1,7,1,10.84208072006146
395493,1,7,7,1.8050655379248357
395508,1,7,4,0.3586790108976326
395515,1,7,6,12.245176400242666
395534,1,7,5,0.3586789934097332
395536,1,7,6,8.412638781255577
395547,1,7,8,22.651150354994943
395568,1,7,8,15.242491473462074
395570,1,7,5,0.3586789934097332
395576,1,7,10,13.274035461289449
395579,1,7,1,18.436177328349853
395584,1,7,9,18.71818583338196
395586,1,7,7,3.7964096001991856
395607,1,7,8,22.29753062360378
395612,1,7,9,6.096896700691353
395615,1,7,4,0.3586790108976326
395621,1,7,10,10.527351301227053
395624,1,7,10,7.808078342951815
395626,1,7,5,0.3586789934097332
395627,1,7,8,8.915407109125232
395636,1,7,8,12.496935744491072
395638,1,7,1,11.350431921794694
395647,1,7,9,22.871186788888476
395652,1,7,8,15.485718786249553
395671,1,7,10,5.262228194918799
395675,1,7,7,1.8245829810899366
395678,1,7,5,0.3586789934097332
395695,1,7,8,24.63451759455895
395697,1,7,6,8.606791335090543
395702,1,7,8,28.233816924452206
395715,1,7,4,0.3586790108976326
395726,1,7,10,19.958724579952253
395729,1,7,9,9.480549409671209
395768,1,7,10,14.694769266542645
395771,1,7,9,26.002155053120077
395772,1,7,10,21.18490809859882
395779,1,7,4,0.3586790108976326
395785,1,7,8,21.673609069199735
395827,1,7,8,22.840323163362296
395830,1,7,6,22.24535222783988
395840,1,7,4,0.3586790108976326
395842,1,7,8,20.800015756269463
395843,1,7,8,14.992970184738239
395852,0,7,0,0.02051929020915008
395870,1,7,10,15.292919858600284
395883,1,7,6,5.005765107519657
395911,1,7,4,0.3586790108976326
395913,1,7,10,19.607552509577932
395942,1,7,5,0.3586789934097332
395946,1,7,8,15.568890949824826
395954,1,7,5,0.3586789934097332
395959,1,7,4,0.3586790108976326
395980,1,7,6,13.272702134576631
395987,1,7,9,16.27284992237307
395990,1,7,4,0.3586790108976326
396010,1,7,8,4.659639794312105
396013,1,7,9,24.11281222434574
396023,1,7,7,4.128774408441329
396035,1,7,6,12.732276871704803
396049,1,7,8,15.35111202236095
396072,1,7,8,23.72437035505415
396081,1,7,8,28.503355876895533
396084,1,7,9,20.705436408095675
396087,1,7,9,16.093707164667023
396105,1,7,8,26.473877902225905
396116,1,7,6,15.28700869372719
396129,1,7,8,3.1821372274002973
396131,1,7,10,21.29633435611148
396137,1,7,6,18.885530333062874
396147,1,7,6,7.031425089650278
396154,1,7,8,21.90667308383789
396157,1,7,4,0.3586790108976326
396172,1,7,6,23.409147499527545
396194,1,7,9,25.681105063974197
396198,1,7,9,26.40601110998637
396211,1,7,9,19.790332370680286
396214,1,7,8,27.631895482619285
396215,0,7,0,0.012908352387106458
396226,1,7,4,0.3586790108976326
396239,1,7,8,23.31126203187955
396263,1,7,4,0.3586790108976326
396265,1,7,5,0.3586789934097332
396268,1,7,5,0.3586789934097332
396280,0,7,0,0.044883614895929846
396289,1,7,2,13.151162526305828
396294,1,7,4,0.3586790108976326
396304,1,7,9,23.415922070261
396323,1,7,5,0.3586789934097332
396326,1,7,9,16.341762780455266
396328,1,7,8,16.920987699614212
396336,1,7,5,0.3586789934097332
396338,1,7,4,0.3586790108976326
396355,1,7,9,20.16501254013664
396356,0,7,0,0.011351945672968895
396359,1,7,7,3.6429388954900044
396361,1,7,5,0.3586789934097332
396362,1,7,5,0.3586789934097332
396365,1,7,8,14.518119286044328
396369,1,7,8,27.766691936463985
396379,1,7,9,20.359404296729444
396384,1,7,8,14.420272856280532
396388,1,7,5,0.3586789934097332
396399,1,7,5,0.3586789934097332
396401,1,7,6,12.361207343308351
396404,1,7,6,13.584692280217181
396408,1,7,9,25.11287666297333
396414,1,7,5,0.3586789949470627
396430,1,7,6,11.465733430657728
396433,1,7,3,2.12156218017546
396434,1,7,7,4.357673123166557
396441,1,7,9,6.1982113993005665
396445,1,7,6,6.7902933291924565
396475,1,7,8,20.775487744749157
396477,0,7,0,0.18331552631778014
396479,1,7,10,8.313160663684721
396486,1,7,9,16.47167291734464
396498,1,7,10,8.533886539125866
396513,1,7,6,15.837032376140831
396520,1,7,2,12.320086479073927
396534,1,7,3,0.7176374251132204
396544,1,7,4,0.3586790108976326
396547,1,7,6,14.910435527332014
396561,1,7,8,14.23407079713189
396572,1,7,5,0.3586789934097332
396574,1,7,10,7.960973980030488
396581,1,7,8,20.35274650032989
396595,0,7,0,0.10411184594090984
396616,1,7,1,10.672687616142378
396625,1,7,10,5.1000551552515025
396629,1,7,6,22.790863927502354
396649,1,7,6,22.831327338632253
396659,1,7,8,10.50076759889354
396662,1,7,1,19.794617376558783
396666,1,7,10,19.00820052757671
396670,1,7,9,20.395712638897432
396671,1,7,9,13.346519047840117
396674,1,7,6,16.568704033982073
396687,1,7,9,4.4973669822174065
396693,1,7,9,6.892644312336717
396695,1,7,9,26.398044140240895
396703,1,7,1,21.591916489225568
396725,1,7,9,14.366767765341146
396727,1,7,4,0.3586790108976326
396728,1,7,4,0.3586790108976326
396740,1,7,5,0.3586789934097332
396742,1,7,5,0.3586789934097332
396755,1,7,1,20.529350539544257
396756,1,7,10,9.168159376742402
396757,1,7,8,18.3352885683581
396778,1,7,3,2.3141794916380576
396783,1,7,2,10.799578385451774
396800,1,7,10,18.871692557289496
396804,1,7,2,10.584066402914097
396805,1,7,5,0.3586789934097332
396810,1,7,3,1.3025590370079587
396830,1,7,8,26.01762947731639
396836,1,7,9,17.39946164479858
396843,1,7,9,23.48697794174359
396866,1,7,9,16.18643029130683
396875,1,7,3,1.216016099563004
396879,1,7,6,19.051243663110107
396889,1,7,1,11.690830457328685
396905,1,7,6,18.2495499298725
396909,1,7,6,22.060594736598656
396917,1,7,4,0.3586790108976326
396918,1,7,1,7.972262150618685
396920,0,7,0,0.022586767492945053
396932,1,7,9,8.902557857055458
396981,1,7,9,13.13543732866647
396984,0,7,0,0.19754237273280362
396993,1,7,8,9.456454900699086
397002,1,7,8,9.298967326401495
397008,0,7,0,0.02572413914341958
397011,1,7,8,7.650750932249832
397016,1,7,5,0.3586789934097332
397019,1,7,5,0.3586789934097332
397027,1,7,8,12.060853087259806
397028,1,7,1,22.59882209511751
397038,1,7,2,12.715504661108374
397044,1,7,2,1.2151193726159348
397059,1,7,9,25.965633116645677
397070,1,7,8,27.290654142289
397076,1,7,8,22.39299528858044
397105,1,7,9,19.123062426834984
397129,1,7,9,21.522918447513394
397133,1,7,8,8.43320220254987
397139,1,7,8,17.08403488133653
397140,1,7,6,21.279745974308273
397145,1,7,1,21.58939625931892
397151,1,7,1,6.451694912752485
397167,1,7,10,10.556631244172864
397169,1,7,7,3.755367564520654
397171,1,7,9,7.491597991582179
397173,1,7,9,22.882237177131696
397191,1,7,8,22.319507282633335
397204,1,7,6,21.872674582807246
397210,1,7,8,17.407645343181006
397214,1,7,9,14.157847250360529
397227,1,7,8,18.51793053473859
397246,1,7,3,0.7891049353937104
397254,1,7,8,7.616421397128282
397272,1,7,8,26.796226584211333
397275,1,7,9,8.711924294139072
397293,1,7,5,0.3586789949470627
397298,1,7,3,2.2608290682997576
397336,1,7,5,0.3586789934097332
397345,1,7,2,5.685151301973877
397357,1,7,8,6.227824853401694
397359,0,7,0,0.20732454696465796
397362,1,7,5,0.3586789934097332
397376,1,7,5,0.3586789934097332
397377,1,7,6,7.049180943856073
397378,0,7,0,0.011139248474940973
397380,1,7,9,19.293170660588967
397394,1,7,6,14.363532650157872
397399,1,7,4,0.3586790108976326
397402,1,7,5,0.3586789934097332
397407,1,7,8,10.127747984834423
397414,1,7,7,1.9042390900368902
397421,1,7,4,0.3586790108976326
397435,0,7,0,0.022754577562893372
397437,1,7,10,11.184045193325456
397438,1,7,5,0.3586789934097332
397439,1,7,6,10.961754975667747
397441,1,7,9,8.952295851202464
397458,1,7,2,13.269383127661413
397482,1,7,4,0.3586790108976326
397486,1,7,9,25.651703225687907
397491,1,7,4,0.3586790108976326
397503,1,7,6,17.95720107627392
397550,1,7,3,2.4129244547040236
397558,1,7,4,0.3586790108976326
397559,1,7,10,20.98521845944726
397568,0,7,0,0.02854060910285152
397573,1,7,6,21.61612778489987
397578,1,7,3,2.397465365919144
397579,1,7,8,26.644277814505337
397622,1,7,8,18.412246200011705
397623,1,7,9,23.705326171399967
397634,1,7,6,13.345385212187889
397637,1,7,6,4.639364030251603
397650,1,7,10,17.5250694283523
397659,1,7,8,28.206422674188847
397660,1,7,2,6.061183026002993
397670,1,7,8,15.522849845030548
397673,1,7,4,0.3586790108976326
397676,1,7,6,20.06961365815466
397692,1,7,5,0.3586789934097332
397697,1,7,9,21.766644067989272
397704,1,7,9,17.717850290859342
397705,1,7,6,15.342397192253433
397709,1,7,8,8.872155263234903
397746,1,7,6,13.963469107369454
397748,1,7,6,20.059981878793106
397755,0,7,0,0.012434506665105257
397757,1,7,5,0.3586789934097332
397760,1,7,6,18.404955309336806
397767,1,7,8,17.303158255923154
397790,1,7,5,0.3586789934097332
397797,0,7,0,0.020951845935393343
397802,1,7,2,8.3041635892729
397809,1,7,4,0.3586790108976326
397811,1,7,8,8.53779949944814
397824,1,7,10,4.687125296411092
397825,1,7,1,3.8361473023007258
397828,1,7,5,0.3586789934097332
397829,1,7,6,20.506593197530297
397831,1,7,8,2.5455687233437096
397833,1,7,9,18.163081222628374
397840,1,7,10,8.71830992757444
397863,1,7,10,13.463445264315515
397864,1,7,1,17.774667874116357
397876,1,7,9,16.413966099565958
397882,1,7,6,19.950888837061658
397897,1,7,9,20.980952574480995
397904,1,7,8,22.50939145087609
397906,1,7,8,11.550966878866376
397907,1,7,5,0.3586789934097332
397908,1,7,9,3.2945016117941877
397912,1,7,10,21.1770483296708
397916,1,7,5,0.3586789934097332
397920,1,7,4,0.3586790108976326
397928,1,7,7,4.631018649882156
397953,1,7,9,17.590710012992556
397959,1,7,10,16.38332321986747
397961,1,7,8,10.320144904863536
397962,1,7,7,3.305114781845638
397966,1,7,6,13.02412065618037
397967,1,7,8,17.199123047297892
397970,1,7,8,25.349850450617442
398009,1,7,1,5.75620510000856
398010,1,7,10,15.748552852238445
398011,1,7,10,11.038425895861687
398026,1,7,5,0.3586789934097332
398036,1,7,8,6.181890543468566
398053,1,7,9,7.698750762602897
398064,1,7,9,13.24516709230264
398082,1,7,9,22.319190293268342
398100,1,7,9,9.261088549421611
398122,1,7,8,4.425285917900964
398131,1,7,5,0.3586789934097332
398136,1,7,9,25.632593858659348
398146,1,7,10,16.20327234577408
398157,1,7,9,20.650446589549517
398165,1,7,3,1.1219052010676203
398166,1,7,9,26.16544437247263
398172,1,7,9,25.904720682785175
398184,1,7,7,0.3443029301833154
398185,1,7,8,15.155639618871898
398197,1,7,10,20.179344754488014
398199,1,7,9,7.866176736904301
398203,1,7,10,5.771941088234416
398212,1,7,8,23.105000479855846
398247,1,7,5,0.3586789934097332
398249,1,7,5,0.3586789934097332
398253,1,7,5,0.3586789934097332
398254,1,7,8,5.71453688159552
398257,1,7,8,8.292481531746153
398282,1,7,9,4.649831853750931
398287,1,7,2,1.1359937099099489
398290,1,7,1,8.993235586232553
398292,1,7,6,20.838376764013375
398297,1,7,4,0.3586790108976326
398307,1,7,9,18.261941262641717
398326,1,7,1,15.54519084155693
398349,0,7,0,0.048208525259172956
398358,1,7,10,18.567608822853558
398382,1,7,9,12.43870862176748
398383,1,7,4,0.3586790108976326
398385,1,7,4,0.3586790108976326
398386,1,7,5,0.3586789949470627
398387,1,7,6,14.653076156728035
398388,1,7,7,3.2207396673187216
398401,1,7,5,0.3586789934097332
398419,1,7,9,12.33491679737876
398431,1,7,9,10.338826683224953
398436,1,7,9,25.536414991820042
398450,1,7,4,0.3586790108976326
398502,1,7,6,13.024623162917088
398512,1,7,5,0.3586789934097332
398540,1,7,5,0.3586789934097332
398577,1,7,9,25.715290409844005
398580,1,7,3,0.8232891521163274
398592,1,7,10,5.616574195975657
398603,1,7,1,16.57031130916448
398609,1,7,9,24.59190564725804
398614,1,7,9,11.415902245772546
398629,1,7,8,20.41406625130645
398636,1,7,6,8.887854320535045
398638,1,7,6,8.231194731297478
398643,1,7,4,0.3586790108976326
398649,1,7,9,19.925972991949273
398653,1,7,8,17.344956787569778
398659,1,7,8,19.89626839526824
398687,0,7,0,0.012082211236656084
398688,1,7,9,22.161563437373786
398690,1,7,9,18.2579103910801
398704,1,7,9,23.51195944527404
398714,1,7,9,14.253464490040773
398732,1,7,8,9.566227688909924
398740,1,7,6,6.075635265373279
398742,1,7,5,0.3586789934097332
398748,1,7,4,0.358679009087165
398751,1,7,8,8.528798071336182
398758,1,7,9,9.323964771699305
398779,1,7,4,0.3586790108976326
398788,1,7,9,8.838304987315425
398817,1,7,4,0.3586790108976326
398818,1,7,8,2.615446206158553
398822,0,7,0,0.18612452692255882
398825,1,7,1,5.893815986413876
398836,1,7,5,0.3586789934097332
398839,1,7,6,14.73844969997833
398880,1,7,10,9.723687237084738
398886,1,7,6,22.06711762891435
398897,1,7,8,21.071799189305214
398906,1,7,9,26.338886160736212
398908,1,7,10,16.300894894837544
398918,0,7,0,0.01943031736196901
398920,1,7,8,5.493841901594094
398922,1,7,8,17.94175733215935
398923,1,7,5,0.3586789934097332
398927,1,7,8,12.1110475241762
398940,0,7,0,0.050549154705682935
398945,1,7,1,15.629297625394122
398946,1,7,1,20.75182289580975
398949,1,7,9,6.41109372937002
398971,1,7,10,11.792708760946217
398977,1,7,7,3.1183848117508317
398979,1,7,7,2.7253524014165205
398990,1,7,6,18.70896591421469
398993,1,7,8,16.9038941813845
398997,1,7,3,2.424700117224292
399001,1,7,4,0.3586790108976326
399003,1,7,4,0.358679009087165
399006,1,7,9,9.478824213223348
399013,1,7,3,1.9388027756254804
399021,1,7,6,6.323540860657722
399038,1,7,8,17.487718752522536
399050,1,7,6,15.654392466163069
399062,1,7,5,0.3586789934097332
399063,1,7,6,18.103616864065444
399067,1,7,4,0.3586790108976326
399107,1,7,9,10.407224106550984
399113,1,7,4,0.3586790108976326
399125,1,7,2,8.431674733821493
399131,1,7,10,17.17664726277037
399142,1,7,6,11.810231629600903
399143,1,7,1,6.422048473783109
399162,1,7,6,8.138020915418984
399166,1,7,5,0.3586789934097332
399167,1,7,4,0.3586790108976326
399178,1,7,4,0.3586790108976326
399194,1,7,5,0.3586789934097332
399198,1,7,8,19.57926331267932
399200,1,7,4,0.3586790108976326
399201,1,7,10,12.393507974445042
399205,1,7,1,21.094322659549608
399209,1,7,2,9.82417496350069
399221,1,7,1,21.058334988810188
399238,1,7,8,19.628702960080872
399244,1,7,7,2.2606266437967064
399246,1,7,2,6.657608809709925
399254,1,7,5,0.3586789934097332
399256,1,7,6,21.074051233036613
399257,0,7,0,0.025418490957362858
399261,0,7,0,0.24609676184650617
399271,1,7,1,7.587829502465962
399273,1,7,6,14.163557191255965
399277,1,7,4,0.3586790108976326
399285,1,7,5,0.3586789934097332
399293,1,7,4,0.3586790108976326
399305,1,7,9,24.57044640885944
399306,1,7,6,3.849130616562609
399317,1,7,9,2.5909324103908666
399340,1,7,9,13.43099748467323
399341,1,7,5,0.3586789934097332
399355,1,7,8,26.077221269821777
399363,1,7,1,17.546763734437253
399396,1,7,8,26.01956910357588
399407,1,7,9,16.555264962739994
399408,1,7,7,2.816738606413063
399410,1,7,3,2.398485580004318
399427,1,7,8,17.097700812823707
399438,1,7,5,0.3586789934097332
399461,1,7,4,0.3586790108976326
399466,1,7,10,12.584250285194228
399486,0,7,0,0.01798551491786164
399492,1,7,9,16.370165305603596
399502,1,7,9,11.942360970570963
399515,1,7,8,6.570175475053707
399527,1,7,9,9.733815468699147
399547,1,7,9,8.42519910586387
399559,1,7,6,17.48785382809065
399584,1,7,4,0.3586790108976326
399586,1,7,9,25.63437337072892
399594,1,7,3,2.3442006070699444
399604,1,7,8,9.928966042769314
399628,1,7,5,0.3586789949470627
399638,1,7,8,12.301508539628495
399639,1,7,8,13.433337944300158
399661,1,7,6,11.558525185314112
399690,1,7,5,0.3586789934097332
399691,1,7,8,19.34216488378245
399701,1,7,1,17.955462320480763
399726,1,7,8,18.269371398727003
399742,1,7,7,1.9129585364994608
399747,1,7,4,0.3586790108976326
399757,1,7,4,0.3586790108976326
399782,1,7,9,12.21643561234304
399796,1,7,9,13.693752810339909
399799,1,7,9,12.054834210939187
399804,1,7,8,14.464940087863573
399810,1,7,10,13.393460422314202
399826,1,7,4,0.3586790108976326
399857,1,7,8,12.275056719783183
399859,1,7,9,15.055987387381064
399862,1,7,1,21.8447325897356
399868,1,7,10,8.976705194543593
399881,1,7,9,25.62388210084867
399882,1,7,9,13.197801352532466
399953,1,7,4,0.3586790108976326
399959,1,7,9,16.884198852752384
399962,1,7,4,0.3586790108976326
399970,1,7,10,20.412573874112745
399973,1,7,5,0.3586789934097332
399983,1,7,6,19.317670865714703
399986,1,7,5,0.3586789934097332
399994,0,7,0,0.02796162965274063
400007,1,7,5,0.3586789934097332
400042,1,7,1,18.188144510681852
400054,0,7,0,0.018124834397806083
400061,1,7,6,11.150508397749741
400082,1,7,9,23.013936637054226
400087,1,7,8,9.028688841897926
400117,1,7,5,0.3586789934097332
400124,1,7,10,20.788880875328235
400129,1,7,4,0.3586790108976326
400140,1,7,5,0.3586789934097332
400146,1,7,6,20.221191882643758
400154,1,7,7,4.59963812298252
400163,1,7,10,19.129003551415828
400186,1,7,4,0.3586790108976326
400188,1,7,5,0.3586789934097332
400196,1,7,9,23.854561238375968
400207,1,7,9,9.09655477038846
400215,1,7,6,12.747675075123649
400221,1,7,5,0.3586789934097332
400237,1,7,9,13.813117999759752
400242,1,7,6,12.155212897803274
400245,1,7,7,0.37718823771097715
400305,1,7,5,0.3586789934097332
400340,1,7,9,14.739127713433948
400353,1,7,7,2.7121376586436403
400358,1,7,9,15.336067841472588
400371,1,7,9,16.71592828840794
400373,1,7,10,10.04630674079701
400395,1,7,5,0.3586789934097332
400416,0,7,0,0.03189109010050811
400417,1,7,7,1.3124404651317954
400430,1,7,9,17.430819945720277
400461,1,7,9,21.432051044974024
400463,1,7,2,4.428799625090621
400478,1,7,9,20.50122885103571
400479,1,7,10,9.8033119001373
400494,1,7,4,0.3586790108976326
400524,1,7,9,26.26236163837682
400525,1,7,7,4.531445222253711
400530,1,7,9,25.299921150460122
400540,1,7,5,0.3586789934097332
400563,1,7,9,18.34067096454945
400599,1,7,7,3.4049543540879514
400600,1,7,9,25.2777987248669
400616,0,7,0,0.012489409376314077
400618,1,7,6,9.747766039250127
400620,1,7,6,14.071247305725013
400628,1,7,8,28.4551263400164
400633,0,7,0,0.03318336182217732
400648,1,7,10,15.296525338789088
400650,1,7,5,0.3586789934097332
400664,1,7,9,17.393561329598192
400676,1,7,6,22.288494846411165
400693,1,7,8,6.0052597198110425
400697,1,7,2,13.754836161827974
400712,1,7,6,21.23740014053589
400713,1,7,9,15.01109087883876
400722,1,7,2,6.493176902442971
400723,1,7,5,0.3586789934097332
400726,1,7,9,25.33455248847092
400734,1,7,5,0.3586789934097332
400747,1,7,5,0.3586789934097332
400773,1,7,6,6.335088116119856
400779,1,7,8,6.248312019317862
400799,1,7,5,0.3586789934097332
400802,1,7,5,0.3586789949470627
400817,1,7,4,0.358679009087165
400822,1,7,6,14.949499357198182
400824,1,7,9,9.572281169214445
400847,1,7,5,0.3586789934097332
400853,1,7,9,14.250082388961962
400858,1,7,4,0.3586790108976326
400862,1,7,5,0.3586789934097332
400869,1,7,10,10.232637628481775
400880,1,7,7,2.4372602893038944
400909,1,7,6,15.210286340807372
400940,0,7,0,0.022330515570506113
400943,1,7,5,0.3586789934097332
400947,1,7,9,14.64334767930472
400952,1,7,6,15.076135517986552
400968,1,7,9,18.224251609831818
400975,1,7,4,0.3586790108976326
400982,1,7,9,9.653834615659052
400991,1,7,4,0.3586790108976326
401018,1,7,4,0.3586790108976326
401028,1,7,9,15.594047288793865
401030,1,7,10,19.726220147666567
401034,1,7,4,0.3586790108976326
401045,1,7,9,10.697238155719962
401077,1,7,6,19.780450259153998
401088,1,7,4,0.3586790108976326
401092,1,7,9,5.684798009370458
401118,1,7,10,21.22155171533716
401125,1,7,6,5.2316503164675625
401133,1,7,1,6.092546147008269
401137,1,7,1,6.226544389592499
401154,1,7,6,6.825414656356491
401158,1,7,5,0.3586789949470627
401159,1,7,6,19.43616478859833
401160,1,7,1,11.450933487060167
401167,1,7,7,1.2735158316345465
401172,1,7,4,0.3586790108976326
401178,1,7,9,9.303991406495767
401190,1,7,10,7.7595383762647225
401193,1,7,9,25.531268070009407
401211,1,7,5,0.3586789934097332
401214,1,7,9,10.152311416320211
401226,1,7,4,0.3586790108976326
401247,1,7,5,0.3586789934097332
401250,1,7,4,0.3586790108976326
401254,1,7,1,13.352835995376559
401264,1,7,1,16.011801106527813
401278,1,7,6,16.73852026794087
401282,1,7,1,3.7808769528607313
401297,1,7,4,0.3586790108976326
401304,1,7,8,7.029650360043297
401315,1,7,9,22.978719158644896
401324,1,7,9,24.519142806581474
401329,1,7,10,8.455978007781585
401338,1,7,8,22.855547747963723
401344,1,7,9,25.262544768084194
401352,1,7,5,0.3586789934097332
401372,1,7,5,0.3586789934097332
401387,1,7,9,20.298811522623875
401390,1,7,4,0.3586790108976326
401399,1,7,6,14.442114913586849
401408,1,7,5,0.3586789934097332
401421,1,7,6,15.314143098826527
401428,1,7,8,7.645850593740658
401435,1,7,6,23.25415379739585
401447,1,7,10,8.589372677934957
401457,1,7,9,2.8629194022706206
401461,1,7,5,0.3586789934097332
401462,1,7,10,17.99825036445109
401470,1,7,7,0.8762527916970018
401490,1,7,6,10.118372438407862
401508,1,7,9,14.227985833574616
401512,1,7,9,12.400045532848033
401518,1,7,10,19.69187160782388
401535,1,7,10,6.9437055528787415
401542,1,7,1,19.143291409460744
401546,0,7,0,0.015985695176049173
401547,1,7,7,1.318014765692394
401551,1,7,9,7.132693798345595
401561,1,7,8,7.456521414632259
401568,1,7,7,3.0466678393805293
401575,1,7,3,1.56433747567632
401577,1,7,9,21.01410011384066
401579,1,7,9,25.94118213204764
401580,1,7,1,11.189152305535343
401601,1,7,10,11.280018774173994
401607,1,7,9,14.365623826522738
401609,1,7,1,9.096267848905837
401624,1,7,8,3.5476714437720958
401641,1,7,9,15.70341827880304
401669,1,7,8,16.704061149303435
401691,0,7,0,0.02528674567542483
401696,1,7,9,7.710000965880275
401699,1,7,5,0.3586789934097332
401715,1,7,4,0.3586790108976326
401717,1,7,4,0.3586790108976326
401730,1,7,10,8.5847797713448
401752,1,7,8,17.503913003975537
401760,1,7,4,0.3586790108976326
401771,1,7,5,0.3586789934097332
401774,1,7,8,11.660826107067882
401776,1,7,6,22.399635536591443
401787,1,7,9,15.446340722988005
401789,1,7,8,25.6951496682023
401793,1,7,5,0.3586789934097332
401809,1,7,6,7.097633071351704
401814,1,7,7,0.8101778580625822
401817,1,7,10,7.112630923853168
401823,1,7,6,23.70085355223045
401827,1,7,6,11.741336374367513
401835,1,7,3,2.352734509901858
401841,1,7,9,21.901956001900725
401842,1,7,4,0.3586790108976326
401847,1,7,1,21.442871520900066
401849,1,7,8,12.012107182883527
401881,1,7,9,26.469700249322397
401885,1,7,5,0.3586789934097332
401886,1,7,10,19.074359649129406
401892,1,7,9,14.780716355884328
401911,1,7,8,14.486604332456611
401918,1,7,5,0.3586789934097332
401926,1,7,3,1.7422513814165388
401927,1,7,10,7.584838702900493
401940,1,7,10,5.4845434934852095
401949,1,7,6,18.16383719187021
401950,1,7,9,24.44509054987009
401963,1,7,5,0.3586789934097332
401977,1,7,4,0.3586790108976326
401995,1,7,4,0.358679009087165
401996,1,7,8,14.066769280807762
402003,1,7,1,10.00574385047513
402006,1,7,8,9.77697793562396
402035,1,7,6,12.234926709252136
402038,1,7,1,9.528948215950235
402041,1,7,9,15.457406512851962
402046,1,7,8,11.896900897470875
402048,1,7,6,20.82955375775353
402058,1,7,8,3.4711381481554904
402073,1,7,9,26.365878795950348
402079,1,7,7,4.165071581069793
402089,1,7,10,4.575043567644625
402096,1,7,6,11.432256402733016
402099,0,7,0,0.02648859812031143
402118,1,7,9,26.099111498673956
402121,1,7,9,16.207426214189372
402125,1,7,7,1.516859814598422
402142,1,7,6,21.063667612510386
402144,1,7,9,15.543450809926181
402160,1,7,6,9.176038708428152
402181,0,7,0,0.013536612599385416
402217,1,7,5,0.3586789934097332
402218,1,7,5,0.3586789934097332
402219,1,7,4,0.3586790108976326
402226,1,7,8,22.933956933380422
402235,1,7,10,15.471530332068792
402243,1,7,8,7.7924027468383255
402245,1,7,9,10.952664748481382
402248,1,7,5,0.3586789934097332
402303,1,7,6,5.262330312752783
402315,1,7,5,0.3586789934097332
402335,1,7,9,22.92207181214661
402337,1,7,6,18.402790770981618
402340,1,7,6,11.270304385242818
402346,1,7,9,7.149395157657302
402352,1,7,1,19.08931347541259
402402,1,7,8,23.009661850103765
402416,1,7,7,4.001252725508144
402435,1,7,8,24.786036004302453
402437,1,7,7,3.9066778507016426
402440,1,7,5,0.3586789934097332
402482,1,7,6,7.267729947158891
402494,1,7,4,0.3586790108976326
402506,1,7,10,13.390190190826573
402523,1,7,5,0.3586789934097332
402542,1,7,8,24.302423383890375
402567,1,7,7,3.0746589352977467
402571,1,7,3,2.2686436338331157
402581,1,7,10,16.949881828608557
402597,1,7,4,0.3586790108976326
402613,1,7,4,0.3586790108976326
402623,1,7,10,21.190070465120083
402651,1,7,10,13.878734437422724
402658,1,7,10,4.71132336398526
402665,1,7,4,0.3586790108976326
402677,1,7,6,11.306549276832985
402692,1,7,6,4.709515007086985
402696,1,7,9,18.970694392843303
402706,1,7,4,0.3586790108976326
402707,1,7,8,12.504823750552216
402711,1,7,5,0.3586789934097332
402723,1,7,6,21.739061981935926
402740,1,7,3,2.3993227700815347
402743,1,7,9,8.085049393947843
402745,1,7,1,16.10603226962161
402746,1,7,6,24.00125412050197
402747,1,7,2,2.6586556670056387
402755,1,7,7,2.035725725023066
402763,1,7,4,0.3586790108976326
402769,1,7,8,24.927503781611787
402771,1,7,10,16.493432838627307
402783,1,7,1,14.015568680553681
402784,1,7,5,0.3586789934097332
402785,1,7,10,10.95974712699353
402798,1,7,10,4.764227631645222
402802,1,7,1,18.004806087122606
402804,1,7,8,14.420968388191596
402811,1,7,1,20.336863035437506
402840,1,7,10,11.291704109077541
402869,0,7,0,0.025947693984152916
402873,1,7,9,16.20494593279849
402882,1,7,5,0.3586789934097332
402909,0,7,0,0.012249546612637881
402916,1,7,5,0.3586789934097332
402923,1,7,6,19.32841214556548
402940,1,7,6,19.13546164019464
402958,1,7,7,0.4832505779349034
402965,1,7,2,4.67223443716664
402969,1,7,9,25.699835328579606
402998,1,7,6,23.60351663024769
403005,0,7,0,0.032062373315753456
403012,1,7,2,4.088255436943178
403017,1,7,8,5.509260276747801
403023,1,7,1,4.580391393413186
403027,1,7,3,1.838090223352859
403049,1,7,9,23.623725619165064
403050,1,7,6,20.579826560831542
403051,1,7,4,0.3586790108976326
403052,1,7,4,0.3586790108976326
403074,1,7,9,20.217136044351534
403075,1,7,4,0.3586790108976326
403079,1,7,9,24.092771044265643
403095,1,7,5,0.3586789934097332
403113,1,7,6,14.782733586863111
403120,1,7,10,12.038813639744616
403127,1,7,1,20.599127127547415
403129,1,7,8,7.500278231290692
403134,1,7,6,15.137092963416451
403143,1,7,9,15.336292721880863
403158,1,7,2,12.509805723771384
403170,1,7,9,16.2993393250582
403174,1,7,6,8.049855393866823
403194,1,7,4,0.3586790108976326
403202,1,7,8,17.117334707902078
403208,1,7,6,13.630346516057312
403217,1,7,4,0.3586790108976326
403221,1,7,9,23.488376979944906
403229,0,7,0,0.02650346739012164
403238,1,7,5,0.3586789934097332
403244,1,7,9,24.70578375166643
403245,1,7,9,4.360318197716161
403250,1,7,10,8.184148344747575
403253,1,7,9,4.908393028003828
403279,1,7,7,0.6552194804020509
403288,1,7,4,0.3586790108976326
403291,1,7,5,0.3586789934097332
403300,1,7,10,10.25456690117867
403302,1,7,3,2.3827085544376345
403303,1,7,2,5.962961601542932
403305,1,7,5,0.3586789934097332
403313,1,7,9,22.565978878575084
403347,1,7,4,0.3586790108976326
403357,1,7,4,0.3586790108976326
403365,1,7,9,17.779850541149617
403372,1,7,5,0.3586789934097332
403384,1,7,10,19.89896821292429
403417,1,7,2,12.004271932374134
403428,1,7,4,0.3586790108976326
403485,1,7,2,13.872944827760039
403489,1,7,4,0.3586790108976326
403504,1,7,5,0.3586789934097332
403509,1,7,9,16.261524793281094
403521,1,7,6,19.819412147940973
403523,1,7,8,23.023730794236887
403525,1,7,6,13.760455071671624
403548,1,7,4,0.3586790108976326
403549,1,7,9,23.20816049846534
403568,1,7,9,25.506610611243016
403575,1,7,10,15.080682794702552
403576,1,7,1,22.859376877753355
403592,1,7,1,13.758291227627366
403598,1,7,5,0.3586789934097332
403607,1,7,4,0.3586790108976326
403611,1,7,1,22.056495650817624
403612,1,7,9,26.29555312190716
403620,1,7,10,5.445936900973483
403641,1,7,5,0.3586789934097332
403667,1,7,9,5.396772991189152
403704,1,7,9,9.684030642967258
403742,1,7,6,15.07336730433253
403749,1,7,6,7.357051695211374
403756,1,7,10,6.768482413097841
403775,1,7,5,0.3586789934097332
403784,1,7,5,0.3586789934097332
403790,1,7,4,0.3586790108976326
403792,1,7,5,0.3586789934097332
403793,1,7,10,13.64824638467965
403809,1,7,1,19.422793007980665
403812,1,7,1,20.70900117515754
403824,1,7,9,21.832097961536725
403849,1,7,8,6.119208895117055
403874,1,7,5,0.3586789934097332
403879,1,7,5,0.3586789934097332
403883,1,7,10,7.36314397379077
403906,1,7,9,18.377058906602585
403907,0,7,0,0.02302187256033675
403916,1,7,4,0.3586790108976326
403923,0,7,0,0.015493834488429744
403929,1,7,9,6.87442338927413
403959,1,7,10,5.26888589857596
403969,1,7,4,0.3586790108976326
404000,1,7,6,14.623668291919547
404003,1,7,8,20.60949020196345
404005,1,7,8,21.257471276605557
404009,1,7,6,22.183311308377736
404015,1,7,5,0.3586789934097332
404024,1,7,9,16.73324040006181
404034,1,7,8,4.201583204769225
404035,1,7,5,0.3586789934097332
404038,1,7,8,13.95110320792929
404050,1,7,5,0.3586789934097332
404069,1,7,1,4.144917514425785
404070,1,7,6,6.438037736827688
404084,1,7,6,21.747131728129652
404098,1,7,4,0.3586790108976326
404114,1,7,1,12.909756770325892
404139,1,7,5,0.3586789934097332
404150,1,7,4,0.3586790108976326
404153,0,7,0,0.01570417228461123
404172,1,7,6,14.419767440693128
404178,1,7,10,11.881815347296856
404182,1,7,9,12.117857181983748
404184,1,7,9,24.402135325771024
404204,1,7,9,13.5813024918803
404222,1,7,2,3.5397640831026713
404233,1,7,8,14.536993688726502
404260,1,7,5,0.3586789934097332
404264,1,7,4,0.3586790108976326
404275,1,7,7,2.063218872566544
404280,1,7,6,12.25649067235649
404293,1,7,6,11.629451743525536
404304,1,7,10,6.9524221773937915
404305,1,7,4,0.3586790108976326
404306,1,7,9,13.535920263581003
404319,1,7,9,6.2231358145029905
404321,1,7,8,14.2291563950967
404344,1,7,5,0.3586789934097332
404365,1,7,5,0.3586789934097332
404377,1,7,10,14.289894563298443
404387,1,7,4,0.3586790108976326
404396,1,7,2,2.8587509434021925
404420,1,7,1,17.752059639120773
404434,1,7,9,14.537305728940114
404439,1,7,8,20.57554146488011
404444,1,7,7,4.370067187970082
404446,1,7,10,12.371005503601895
404463,1,7,7,2.3855167856712414
404485,1,7,8,18.757632979517908
404493,1,7,9,5.141597972183771
404496,1,7,7,1.6881535926740063
404514,1,7,10,17.278752923303458
404534,1,7,4,0.3586790108976326
404535,1,7,6,10.426807684221691
404555,1,7,2,13.14120801006092
404570,1,7,8,18.9973285899611
404576,1,7,3,1.4615033720442625
404588,1,7,8,14.411608355624825
404595,1,7,6,18.367022633745737
404598,1,7,8,7.025534465285132
404613,1,7,1,4.189495209036766
404619,1,7,10,18.36013766075185
404664,1,7,9,25.303254929167718
404674,1,7,5,0.3586789934097332
404706,1,7,9,22.527586015552505
404711,1,7,4,0.3586790108976326
404715,1,7,6,11.625393524103831
404725,1,7,9,17.70709339138459
404738,1,7,6,19.985350871747624
404744,1,7,6,9.116855762381336
404751,1,7,6,13.758026733449425
404766,1,7,10,10.6433310032054
404769,1,7,8,24.91970074694791
404790,1,7,6,23.16203991874233
404800,0,7,0,0.032437545150674374
404804,1,7,2,8.759173537112419
404806,1,7,8,4.385909120956054
404817,1,7,4,0.358679009087165
404820,1,7,5,0.3586789934097332
404838,1,7,8,5.502336014774842
404863,0,7,0,0.01580638293707664
404881,1,7,4,0.3586790108976326
404902,1,7,9,9.763922057584653
404912,1,7,4,0.3586790108976326
404924,1,7,6,15.774729833451
404931,1,7,7,2.1487538923414036
404938,1,7,3,2.422168188712576
404942,1,7,9,21.67277404991963
404947,1,7,10,12.398957679956151
404959,1,7,8,8.756012145061208
404960,1,7,8,23.609847340522528
404965,0,7,0,0.03304961224820409
404978,0,7,0,0.029831533811955555
404981,1,7,5,0.3586789934097332
404987,1,7,10,21.292359921368483
404988,1,7,4,0.3586790108976326
404999,1,7,9,13.013621540787444
405029,1,7,8,24.064955714602362
405050,1,7,8,22.51971924523773
405052,1,7,5,0.3586789934097332
405131,1,7,8,25.127124547899296
405151,1,7,5,0.3586789934097332
405159,1,7,7,2.440714526824005
405196,1,7,4,0.3586790108976326
405199,1,7,9,3.1267031023079666
405205,1,7,10,18.69791510328648
405206,1,7,4,0.3586790108976326
405210,1,7,6,17.634575240354067
405214,1,7,7,4.145225653932215
405219,1,7,6,16.744106320520437
405261,1,7,4,0.3586790108976326
405272,1,7,8,28.018493368205704
405299,1,7,9,8.905435689240926
405348,1,7,3,2.349754345249919
405361,1,7,6,11.021992158612854
405373,1,7,4,0.3586790108976326
405374,1,7,7,3.5272055503381905
405378,1,7,6,9.335425257586548
405390,1,7,1,22.35634233820768
405403,1,7,6,23.80291131749314
405413,1,7,4,0.3586790108976326
405416,1,7,9,23.71949217552499
405430,1,7,8,24.204827343606535
405441,1,7,9,19.922874859507996
405474,1,7,10,5.087318956809733
405476,1,7,8,13.73150608238758
405481,1,7,2,11.877166380476112
405512,1,7,8,8.94067412601091
405517,1,7,1,4.8738152948127444
405534,1,7,2,9.789080489605228
405535,1,7,5,0.3586789934097332
405546,1,7,2,7.716331517067267
405550,1,7,4,0.3586790108976326
405555,1,7,4,0.3586790108976326
405557,0,7,0,0.18297777227028986
405558,1,7,1,5.043740532128845
405560,1,7,4,0.3586790108976326
405566,1,7,3,2.3483582016767945
405572,1,7,6,22.05711556126891
405603,0,7,0,0.020035042456446373
405604,1,7,10,13.601297680613413
405617,1,7,10,7.496170620904871
405639,1,7,9,16.60475587639471
405657,1,7,1,10.986875546337892
405661,0,7,0,0.013675781589865679
405663,1,7,8,28.498445031388194
405681,1,7,8,25.427144300741816
405693,1,7,9,18.837251343768187
405699,1,7,5,0.3586789934097332
405719,1,7,8,9.43337725520074
405729,0,7,0,0.021062883791817734
405730,1,7,5,0.3586789934097332
405744,1,7,4,0.3586790108976326
405749,1,7,8,24.81006769723796
405755,1,7,8,26.289228999420846
405775,1,7,9,9.452204722641152
405785,1,7,6,11.889987430084608
405790,1,7,10,12.646465697094195
405795,0,7,0,0.021179889632589783
405813,1,7,4,0.3586790108976326
405821,1,7,5,0.3586789934097332
405829,1,7,6,11.630014645813585
405853,1,7,7,4.393023892078191
405854,1,7,9,22.829536638524242
405870,1,7,4,0.3586790108976326
405890,1,7,5,0.3586789934097332
405891,1,7,9,15.843705660914802
405892,0,7,0,0.02127213789675341
405894,1,7,2,11.300066754107958
405908,1,7,1,19.935588949399573
405914,1,7,9,12.991887223718297
405918,1,7,6,20.7211204038852
405921,1,7,1,22.303409406678863
405930,1,7,4,0.358679009087165
405936,0,7,0,0.20747744023432904
405938,1,7,4,0.3586790108976326
405942,1,7,5,0.3586789934097332
405951,1,7,4,0.3586790108976326
405969,1,7,9,13.886339851151805
405970,1,7,8,17.42330931297887
405971,1,7,8,24.583883428368498
405981,1,7,10,4.172776285533518
405985,1,7,3,2.2885243680159526
405993,1,7,8,26.37735834187873
405994,1,7,1,17.683583659465523
406000,1,7,9,8.798139252225665
406013,1,7,9,13.770065711657782
406018,1,7,6,23.01366429499182
406022,1,7,1,9.628117421187214
406023,1,7,6,12.902944895358015
406033,1,7,6,21.999750414443497
406037,1,7,5,0.3586789934097332
406042,1,7,10,17.82620442957114
406043,0,7,0,0.019171534689822092
406050,1,7,4,0.3586790108976326
406058,1,7,8,19.527259468658027
406061,1,7,6,22.44857689629621
406063,0,7,0,0.03609413569283126
406087,1,7,8,7.002218078734339
406088,1,7,9,5.444040699548701
406105,0,7,0,0.022243428064574067
406120,1,7,10,7.799449045533998
406131,1,7,8,19.99729489994233
406148,1,7,4,0.3586790108976326
406159,1,7,7,3.9464908826600076
406168,1,7,8,6.024205526452701
406185,1,7,3,2.209664275339097
406186,1,7,4,0.3586790108976326
406196,1,7,9,23.287547237050592
406219,0,7,0,0.011644513196659389
406225,1,7,4,0.3586790108976326
406257,1,7,9,15.703262507409795
406258,1,7,1,5.999557056309223
406260,1,7,6,23.164189990894663
406267,1,7,8,11.830494110245825
406280,1,7,4,0.3586790108976326
406285,1,7,1,15.637592277682993
406307,1,7,9,25.013435666767382
406329,1,7,8,23.650917998235517
406336,1,7,8,23.66661829314187
406341,1,7,8,23.648678940079698
406345,1,7,9,21.31614049891405
406361,1,7,8,8.71024342505732
406366,1,7,5,0.3586789934097332
406367,1,7,4,0.3586790108976326
406373,1,7,8,19.06093419811961
406374,1,7,8,27.760777672557477
406375,1,7,3,2.438486007795824
406378,1,7,6,18.517957443554053
406381,1,7,8,13.816236131787617
406393,1,7,6,11.657715319187234
406400,1,7,5,0.3586789934097332
406403,1,7,6,14.743077349732436
406414,1,7,9,23.72330640572103
406420,1,7,4,0.3586790108976326
406439,1,7,9,19.705879027167253
406440,1,7,7,1.9528563819304114
406461,1,7,4,0.358679009087165
406466,1,7,8,17.549701221751487
406477,1,7,3,2.201644703937192
406495,1,7,2,9.776190113156762
406512,1,7,6,7.8495492208444695
406514,1,7,6,15.546961110099977
406515,1,7,10,8.730198320231242
406516,1,7,3,1.9330088174524622
406518,1,7,2,11.788334524466
406526,1,7,5,0.3586789934097332
406536,1,7,7,4.610435505861589
406550,1,7,6,14.654207249464049
406551,1,7,4,0.3586790108976326
406593,1,7,9,24.137554990560073
406602,1,7,4,0.3586790108976326
406605,1,7,6,18.202407058118503
406610,1,7,1,22.846201806616364
406615,1,7,8,11.883280585260696
406633,1,7,4,0.3586790108976326
406639,1,7,4,0.3586790108976326
406656,1,7,4,0.3586790108976326
406657,1,7,5,0.3586789934097332
406676,1,7,1,21.90492816761824
406678,1,7,4,0.3586790108976326
406683,1,7,6,13.945282482703547
406690,0,7,0,0.1938129844027014
406694,1,7,9,18.623655195910544
406707,0,7,0,0.013764178237183879
406708,1,7,2,12.162003365628618
406721,1,7,8,12.802484945626967
406729,1,7,6,19.162143191583013
406735,1,7,9,18.775983102951
406743,1,7,6,13.200060494920386
406747,1,7,5,0.3586789934097332
406760,0,7,0,0.02033155250763322
406768,1,7,2,10.2086748077875
406770,1,7,10,21.246668664135637
406780,1,7,9,22.197448972555275
406784,1,7,9,25.526703083304305
406788,1,7,4,0.3586790108976326
406791,1,7,8,19.683267584805062
406803,1,7,8,19.671265186524106
406808,1,7,4,0.3586790108976326
406830,0,7,0,0.027045621938075498
406842,1,7,10,20.30448245303647
406852,1,7,5,0.3586789934097332
406873,1,7,7,4.18021242000071
406891,1,7,3,2.3359792934261727
406900,1,7,6,14.639360370865113
406905,1,7,4,0.3586790108976326
406907,1,7,7,1.7117337324198427
406944,1,7,1,4.115192137488392
406949,1,7,10,8.431720937528777
406992,1,7,10,15.238610085022055
406994,1,7,9,25.872408726246235
406997,1,7,9,9.362307615897224
406999,1,7,4,0.3586790108976326
407002,1,7,4,0.3586790108976326
407009,1,7,6,20.705312175760998
407018,1,7,9,19.91439040916222
407019,1,7,1,16.578961778345874
407047,1,7,9,9.442319207338958
407066,1,7,1,10.190161078716054
407085,1,7,1,19.312372076370018
407096,1,7,6,22.751329055215397
407109,1,7,9,18.89415756302728
407138,1,7,7,1.761126425607348
407148,1,7,10,16.592004100622454
407158,1,7,4,0.3586790108976326
407165,1,7,9,13.356447381063887
407171,1,7,4,0.3586790108976326
407233,1,7,6,15.676621123963022
407234,1,7,6,5.602657228850383
407249,1,7,8,19.617690628577087
407255,1,7,6,8.034990377024547
407259,1,7,10,16.918851169990642
407278,1,7,8,20.79729846854715
407290,1,7,9,24.341111290141914
407294,1,7,6,9.576648474476945
407301,1,7,1,23.16512158743533
407302,1,7,8,16.681511637163908
407303,1,7,4,0.3586790108976326
407313,1,7,1,14.781480806707187
407315,0,7,0,0.02179721843301715
407323,1,7,8,22.21357656412371
407344,1,7,5,0.3586789934097332
407352,1,7,6,11.153010165685366
407354,1,7,6,23.19620546216991
407356,1,7,7,4.554780428804929
407380,1,7,8,27.436746646845062
407400,1,7,8,23.30416519708276
407404,1,7,4,0.3586790108976326
407458,1,7,7,3.8753566082957787
407473,1,7,9,25.30158740111168
407487,1,7,8,15.789474956603566
407527,1,7,6,23.24896089481333
407539,1,7,5,0.3586789949470627
407556,1,7,8,19.501815148741567
407568,1,7,5,0.3586789934097332
407582,1,7,9,25.93263650829053
407597,1,7,3,2.407988823905323
407602,1,7,1,20.421520826122208
407608,1,7,6,8.309160193358958
407633,1,7,2,4.713700268490916
407638,1,7,5,0.3586789934097332
407651,1,7,8,26.769521094096252
407661,1,7,6,7.749677675166312
407664,1,7,8,24.20701037698751
407675,1,7,10,20.52063517370636
407679,1,7,4,0.3586790108976326
407681,1,7,6,15.765381848840722
407682,1,7,6,18.24833509703329
407691,1,7,10,12.335059928824677
407721,1,7,9,14.02439569174919
407734,1,7,4,0.3586790108976326
407739,1,7,2,8.360202448190682
407743,1,7,6,19.52953715532514
407757,1,7,6,23.18886624669763
407762,1,7,6,22.78345472949811
407776,0,7,0,0.034293017556618004
407797,1,7,5,0.3586789934097332
407820,1,7,5,0.3586789934097332
407846,1,7,5,0.3586789934097332
407871,1,7,9,11.30825312202501
407881,1,7,9,24.318413430200245
407904,1,7,5,0.3586789934097332
407934,1,7,4,0.3586790108976326
407975,1,7,10,21.069518132955903
407993,1,7,6,22.82757913766909
408000,1,7,4,0.3586790108976326
408008,1,7,7,1.2383824551459384
408022,1,7,9,19.92285029877576
408030,1,7,4,0.3586790108976326
408046,1,7,8,24.053073873201196
408072,0,7,0,0.12551842147779962
408080,1,7,5,0.3586789934097332
408081,1,7,8,12.860340274159212
408085,1,7,6,15.055616513420764
408086,1,7,6,13.969895118764391
408087,1,7,10,4.1679867980710705
408088,1,7,8,16.47553576069478
408106,1,7,5,0.3586789934097332
408108,1,7,4,0.3586790108976326
408126,1,7,4,0.3586790108976326
408136,1,7,5,0.3586789934097332
408144,1,7,8,17.373912987861708
408153,1,7,6,13.501167146669651
408155,1,7,10,15.474095468556143
408157,1,7,4,0.3586790108976326
408173,1,7,1,12.332739101116754
408191,1,7,9,19.937611151783177
408193,1,7,7,1.9079409231857518
408195,1,7,9,11.044074453643006
408201,1,7,8,11.825309897160734
408211,1,7,3,2.3326218421562315
408230,1,7,8,19.38844102701819
408238,1,7,9,16.32759618248532
408265,1,7,9,21.726239319468316
408275,1,7,9,5.169663427458802
408278,1,7,10,18.376802741323804
408302,1,7,10,20.02011704226346
408307,1,7,6,15.869630258670925
408328,1,7,4,0.3586790108976326
408338,1,7,9,7.845037122956604
408349,1,7,1,22.08105006845555
408350,1,7,8,12.262785247263855
408371,1,7,1,7.807048177169987
408385,1,7,4,0.3586790108976326
408389,1,7,8,8.523131917167396
408390,1,7,10,4.948237265462872
408391,1,7,4,0.3586790108976326
408394,1,7,8,18.640082187865264
408396,1,7,6,22.847561042518855
408409,1,7,8,15.018696194461572
408417,1,7,4,0.3586790108976326
408418,1,7,10,14.358634456384083
408422,1,7,8,28.49715235681515
408443,1,7,4,0.3586790108976326
408453,1,7,7,3.940356729785033
408461,1,7,4,0.3586790108976326
408475,1,7,6,8.866761715489655
408476,1,7,8,5.553675999684408
408492,1,7,10,7.1516739101199684
408498,1,7,9,4.766106667088875
408504,1,7,5,0.3586789934097332
408506,1,7,5,0.3586789934097332
408507,1,7,5,0.3586789934097332
408517,1,7,9,11.048054490056339
408525,1,7,8,11.389663307111329
408535,1,7,8,8.856495974374964
408540,1,7,6,22.872259282645356
408545,1,7,2,13.24075564326393
408551,1,7,9,26.375961574768173
408568,1,7,1,20.160416882113836
408569,1,7,9,14.74812019312301
408591,1,7,8,4.1108294214409336
408592,1,7,6,23.805840730314298
408604,1,7,9,21.8351923984749
408605,1,7,8,11.088789968821994
408617,1,7,9,24.43536361755099
408618,1,7,8,15.83842427202642
408627,1,7,10,15.685437905683305
408638,1,7,6,6.191896598957325
408646,1,7,9,10.574638789528814
408653,1,7,4,0.3586790108976326
408656,1,7,8,15.025555313958852
408669,1,7,5,0.3586789934097332
408675,1,7,4,0.3586790108976326
408687,1,7,5,0.3586789934097332
408695,1,7,1,18.465501643732352
408698,1,7,10,11.105806916625607
408701,1,7,8,28.463272351788017
408706,1,7,9,16.71023941468554
408744,1,7,9,15.45222708897179
408753,1,7,6,19.468311282719778
408760,1,7,1,13.475368347031807
408765,1,7,8,17.47406789695136
408792,1,7,5,0.3586789934097332
408793,1,7,6,9.287177949452337
408800,1,7,6,13.345286230126685
408807,1,7,5,0.3586789934097332
408813,1,7,10,11.264475198688086
408821,1,7,6,21.3125051374867
408833,1,7,5,0.3586789949470627
408843,1,7,2,7.671832554957977
408847,1,7,9,18.383121501496298
408853,1,7,9,14.604093225675918
408860,1,7,8,13.482592366232106
408861,1,7,8,8.711140634656216
408891,1,7,10,12.394844094272127
408904,1,7,8,19.234120708274084
408907,1,7,9,23.904464476291626
408925,1,7,4,0.3586790108976326
408941,0,7,0,0.013408796727821826
408960,1,7,10,8.253570516053172
408964,1,7,8,19.007031942473446
408971,1,7,8,26.395636198682556
408973,1,7,6,23.527650501626876
408977,0,7,0,0.01304929844292681
408999,0,7,0,0.01354650375622553
409009,1,7,8,13.641895823822543
409018,1,7,9,10.869672488000981
409019,1,7,6,5.15508449694125
409057,1,7,9,18.968661831847786
409064,1,7,9,21.31760772358569
409072,1,7,6,23.03357621539745
409081,0,7,0,0.01292412191472002
409102,1,7,9,21.326160492745903
409130,1,7,9,15.951252970778759
409161,1,7,5,0.3586789934097332
409164,1,7,5,0.3586789934097332
409172,1,7,9,22.816021590350594
409176,1,7,4,0.3586790108976326
409179,1,7,4,0.3586790108976326
409194,1,7,8,25.42392231649641
409209,1,7,8,13.500287745200644
409211,1,7,9,26.379870691368232
409273,1,7,6,18.499245255238495
409274,0,7,0,0.01842657583194253
409281,1,7,4,0.3586790108976326
409289,1,7,10,12.368919962512527
409308,1,7,7,2.8202220432574783
409363,1,7,9,25.62648604435968
409377,1,7,4,0.3586790108976326
409378,1,7,2,13.880160373465266
409381,1,7,9,14.405086089761852
409386,1,7,6,19.02573487099985
409432,1,7,2,6.985574360415744
409437,1,7,10,7.864625204665781
409439,0,7,0,0.017168932763988256
409442,1,7,1,12.434658879559622
409456,1,7,1,6.753261143311372
409465,1,7,1,5.856705234883252
409482,1,7,8,24.020529991610818
409489,1,7,4,0.3586790108976326
409499,1,7,8,15.478730127056847
409528,1,7,8,17.426320812639208
409537,1,7,6,5.423593803427473
409545,1,7,4,0.3586790108976326
409557,1,7,2,13.110980605185178
409561,1,7,8,19.504778241506536
409562,1,7,5,0.3586789934097332
409568,1,7,2,7.762139339520494
409583,1,7,6,21.302785767309963
409591,1,7,9,21.01623453513758
409595,1,7,3,2.1307985435649273
409627,1,7,9,13.861468536835565
409628,1,7,4,0.358679009087165
409646,1,7,1,20.91777345844322
409658,0,7,0,0.24705123922713557
409678,0,7,0,0.018581738412863633
409680,1,7,8,24.019143902347945
409682,1,7,5,0.3586789934097332
409685,1,7,5,0.3586789934097332
409696,1,7,5,0.3586789934097332
409706,1,7,6,23.187173992090358
409712,1,7,5,0.3586789934097332
409720,1,7,2,7.52650809880518
409725,1,7,8,3.644170722168458
409750,1,7,7,1.8848905427684528
409755,1,7,2,4.629841043111945
409758,1,7,8,12.977675113169436
409771,1,7,9,25.53023545219168
409774,1,7,5,0.3586789934097332
409775,1,7,9,23.29239684746555
409784,1,7,8,22.85474386196243
409794,1,7,8,24.57722000616246
409797,1,7,5,0.3586789934097332
409813,1,7,5,0.3586789934097332
409816,1,7,6,21.144197377376067
409821,1,7,6,15.14700910480021
409831,1,7,5,0.3586789934097332
409848,1,7,6,23.169562258122344
409854,1,7,4,0.3586790108976326
409864,1,7,10,15.311955152979325
409865,1,7,6,19.159174136011277
409909,1,7,5,0.3586789934097332
409910,1,7,9,19.907961059951855
409911,1,7,8,28.516396145699336
409918,1,7,8,17.631139771155283
409921,1,7,9,4.810549208044368
409929,1,7,6,18.45002878662375
409932,1,7,9,23.533152956053257
409935,1,7,6,11.186813518011117
409937,1,7,5,0.3586789934097332
409941,1,7,8,27.831415494476257
409952,1,7,6,16.570220101876263
409956,1,7,9,26.37370748672807
409969,1,7,8,7.296860739678801
409976,1,7,1,7.653207232779374
410001,1,7,4,0.3586790108976326
410016,1,7,5,0.3586789934097332
410019,1,7,5,0.3586789934097332
410041,1,7,9,16.722350111376947
410042,1,7,6,6.252008688135095
410045,1,7,4,0.3586790108976326
410050,1,7,9,20.150651269347463
410052,1,7,5,0.3586789934097332
410060,1,7,4,0.3586790108976326
410064,1,7,8,26.562491972195986
410073,1,7,5,0.3586789934097332
410081,1,7,2,13.718611317220018
410082,1,7,8,15.091720058691147
410128,1,7,9,23.473897490414004
410153,1,7,10,15.544915529947183
410158,1,7,4,0.3586790108976326
410167,1,7,8,10.888273818479155
410172,1,7,6,21.72746126903686
410181,1,7,5,0.3586789934097332
410187,1,7,8,10.363277089979572
410194,1,7,7,2.9306678788182663
410201,0,7,0,0.015155707304502705
410206,1,7,8,22.297167475606493
410208,1,7,9,8.600250296876785
410215,1,7,9,13.603243131222328
410220,1,7,9,16.348685168535308
410228,1,7,3,2.4076969761090647
410229,1,7,10,10.255855961127185
410236,1,7,5,0.3586789934097332
410263,1,7,10,11.532811335638621
410274,1,7,7,2.3968736349219952
410277,1,7,6,18.90626600931256
410288,1,7,8,24.831127978506032
410296,1,7,8,13.992171100606308
410300,1,7,9,23.983697892485445
410302,1,7,2,10.22093873651141
410320,1,7,6,17.560871605203918
410334,1,7,10,20.262133117940227
410335,1,7,5,0.3586789934097332
410337,1,7,9,16.327381095288125
410344,0,7,0,0.025691349685108975
410350,1,7,2,1.8869662674699126
410352,1,7,8,5.759601430315826
410355,1,7,10,21.29403161185628
410360,1,7,7,4.106908616455799
410365,1,7,8,4.64278015945503
410379,1,7,10,16.82009398104194
410381,1,7,2,12.564225498873668
410391,1,7,8,23.011465876809606
410393,1,7,9,19.369342111607104
410400,1,7,5,0.3586789934097332
410413,1,7,8,28.268903879669498
410416,1,7,5,0.3586789934097332
410420,1,7,9,23.09174679409776
410428,1,7,7,1.9219161082488045
410437,1,7,4,0.3586790108976326
410448,1,7,4,0.3586790108976326
410471,1,7,9,19.204228041112625
410483,1,7,8,4.440884106387976
410485,1,7,5,0.3586789934097332
410493,1,7,6,12.465065848268473
410497,1,7,4,0.3586790108976326
410500,1,7,5,0.3586789934097332
410510,1,7,8,18.17587095969459
410524,1,7,1,3.908565105840883
410525,1,7,6,12.91128973389595
410529,1,7,4,0.3586790108976326
410532,1,7,6,22.857251265881484
410538,1,7,9,23.026172761989216
410557,0,7,0,0.03066344729822478
410564,1,7,4,0.3586790108976326
410566,1,7,4,0.3586790108976326
410582,1,7,8,22.56882647200592
410596,0,7,0,0.02974574094860727
410625,1,7,6,23.194008235953877
410641,1,7,6,18.543939691821432
410644,1,7,10,3.436415208636251
410651,1,7,4,0.3586790108976326
410654,1,7,6,8.286415028335774
410655,1,7,9,25.92834452960411
410685,1,7,5,0.3586789934097332
410701,1,7,8,26.73679417904677
410703,1,7,4,0.3586790108976326
410706,1,7,10,17.405323925117884
410713,0,7,0,0.022719456493504497
410714,0,7,0,0.013346561930160492
410726,1,7,9,15.665429830425085
410730,1,7,9,6.223368662225186
410735,1,7,3,1.3595224128879906
410736,1,7,7,2.517390520359258
410737,1,7,7,2.533215089412428
410739,1,7,6,7.437714923909824
410744,1,7,10,5.39107543034203
410745,1,7,9,26.356309851127286
410761,1,7,9,26.413050492842615
410764,1,7,9,22.048335702337216
410768,1,7,3,1.8411252256684794
410773,0,7,0,0.0161776906651196
410781,1,7,3,1.217321404959096
410782,1,7,6,11.066778638048287
410792,1,7,6,6.974287488434442
410793,1,7,6,10.726251942806194
410821,1,7,10,19.987599214816466
410829,1,7,10,14.654668839742584
410835,1,7,7,4.0084505481648085
410839,1,7,6,12.55871917305927
410876,0,7,0,0.26556402277834973
410904,1,7,10,12.498180925475886
410911,1,7,8,8.738514752473268
410913,1,7,6,20.147298854876226
410923,1,7,3,2.4258001008300205
410924,1,7,7,3.7337477012678635
410926,1,7,9,8.622994327813844
410933,1,7,10,9.888438457002314
410937,1,7,9,25.49488481139436
410940,1,7,6,14.584191794205644
410952,1,7,9,24.811556880659218
410972,1,7,6,7.144583843634507
410989,1,7,4,0.358679009087165
411002,1,7,10,17.585383360270598
411003,1,7,9,8.223159770360436
411004,1,7,4,0.3586790108976326
411007,1,7,8,22.86670094525467
411020,1,7,10,16.690058177268345
411032,1,7,8,20.72634176548568
411050,1,7,2,3.839309992830534
411058,1,7,8,20.43064060477638
411067,1,7,9,9.901366097884894
411106,1,7,9,13.454035048399033
411120,1,7,1,15.754378213905797
411123,1,7,9,3.3519199927120042
411131,1,7,8,10.20470638897444
411139,1,7,8,12.429836313743643
411142,1,7,8,13.576855562349119
411150,1,7,5,0.3586789934097332
411155,1,7,10,21.26035479881852
411170,1,7,4,0.3586790108976326
411176,1,7,1,13.570719860832602
411179,1,7,1,14.698988358439747
411187,1,7,5,0.3586789934097332
411188,1,7,3,1.1795404970222485
411196,1,7,6,12.69714196306418
411210,1,7,9,17.105883945716897
411226,1,7,4,0.3586790108976326
411230,1,7,4,0.3586790108976326
411238,1,7,5,0.3586789934097332
411239,1,7,8,5.485516715275704
411247,1,7,4,0.3586790108976326
411252,1,7,8,12.88484836700752
411256,1,7,5,0.3586789949470627
411270,1,7,8,18.40133853079991
411284,1,7,3,2.2855556846275022
411290,1,7,7,2.3207725218753095
411298,1,7,5,0.3586789934097332
411306,1,7,9,15.21948605782534
411339,0,7,0,0.042015721800776035
411362,1,7,8,24.72288870297784
411378,1,7,8,24.753572803447327
411382,1,7,9,5.855265044041387
411392,1,7,6,15.605984299092489
411394,1,7,10,10.193262537883694
411403,1,7,10,7.632764057263816
411436,1,7,10,17.597066300661744
411445,1,7,1,19.810741730134904
411446,1,7,9,23.96324223427148
411453,1,7,10,11.717523343731441
411455,1,7,4,0.3586790108976326
411468,1,7,4,0.3586790108976326
411475,1,7,1,21.39521703805328
411493,1,7,8,14.24224036982646
411495,1,7,5,0.3586789934097332
411503,1,7,9,24.814339568361817
411516,1,7,6,15.543651519941939
411530,1,7,5,0.3586789934097332
411532,1,7,7,3.7324743630190182
411537,1,7,8,7.961993988782751
411539,0,7,0,0.020029352439152843
411559,1,7,5,0.3586789934097332
411568,1,7,9,22.311353344238423
411578,1,7,8,28.178905659686134
411600,1,7,6,11.546322404279604
411602,1,7,7,1.7059964167408197
411603,1,7,3,2.3600383016992863
411614,1,7,9,6.793957830753986
411625,1,7,8,15.04781229964714
411637,1,7,9,13.266884517585979
411643,1,7,10,15.945732618527678
411645,1,7,6,15.850785484079726
411647,1,7,6,7.758966391225251
411661,1,7,3,1.8563268075684958
411665,1,7,9,5.080110275659094
411686,1,7,1,19.679982192270135
411696,0,7,0,0.015330153329062936
411699,1,7,6,20.731962667987688
411702,1,7,8,23.932256055389082
411718,1,7,9,21.10279562224546
411721,1,7,8,21.37406642302643
411732,1,7,9,4.413790083203299
411742,1,7,6,13.409029343099558
411750,1,7,9,25.750505886273125
411753,1,7,4,0.3586790108976326
411777,1,7,10,21.29369963295547
411778,1,7,9,16.84199693876392
411790,1,7,8,9.521035166770696
411796,1,7,3,1.0104980157830121
411807,1,7,6,22.37763998664959
411820,1,7,1,22.46887349877883
411831,1,7,10,4.9916728160439
411837,1,7,5,0.3586789934097332
411839,1,7,7,1.4542748759950626
411848,1,7,5,0.3586789934097332
411873,1,7,6,14.437357294713053
411883,1,7,9,5.198739675078842
411888,1,7,10,7.759994560894269
411892,1,7,8,23.015855813097787
411898,1,7,6,21.082797145478914
411905,1,7,6,11.247402135949507
411906,1,7,6,4.791936711345573
411908,1,7,1,12.653494095151197
411942,1,7,10,6.087496805022899
411946,1,7,6,10.859617869806323
411951,1,7,5,0.3586789934097332
411968,1,7,9,23.753963443135877
411978,1,7,9,6.263474160621825
411986,1,7,9,5.558498393296616
411995,1,7,10,9.130588289820844
412013,1,7,8,4.836660847338496
412015,1,7,8,25.65896641755339
412027,1,7,4,0.3586790108976326
412040,1,7,1,23.076956737382975
412051,1,7,8,2.607453379250035
412053,1,7,5,0.3586789934097332
412063,1,7,9,4.470024690463989
412068,1,7,6,23.2958474181069
412069,1,7,1,18.075588383021817
412073,1,7,6,16.742992098107116
412078,1,7,10,18.04718675709021
412079,1,7,9,13.068122915846534
412092,1,7,9,15.162180020903815
412095,1,7,9,25.894450668075816
412112,1,7,9,17.1981394135168
412129,1,7,1,6.113104655907293
412132,1,7,10,7.065126262544128
412134,1,7,5,0.3586789934097332
412138,1,7,9,4.8183989069780395
412139,1,7,8,11.222677425327669
412142,1,7,6,10.871309523624921
412150,1,7,4,0.3586790108976326
412152,1,7,8,19.910977469037626
412153,1,7,2,11.809702643731466
412171,1,7,1,15.387851409964373
412224,1,7,5,0.3586789934097332
412233,1,7,5,0.3586789934097332
412239,1,7,7,3.3142388774558547
412258,1,7,8,14.068234287352217
412261,1,7,5,0.3586789934097332
412269,1,7,9,13.177586243864543
412270,1,7,9,6.117797149974666
412277,1,7,10,19.495585898705308
412278,1,7,8,18.65131755987671
412279,1,7,7,2.8921462989111633
412280,1,7,8,17.74589859909763
412290,1,7,3,2.178565826988329
412296,1,7,8,12.270933293265578
412322,1,7,4,0.3586790108976326
412336,1,7,6,23.992710972283152
412356,1,7,5,0.3586789934097332
412362,1,7,7,0.8137838743732387
412371,1,7,5,0.3586789934097332
412376,1,7,8,10.034156573905577
412384,1,7,9,18.477200190574948
412385,1,7,4,0.3586790108976326
412390,1,7,4,0.3586790108976326
412392,1,7,6,15.541286301860444
412410,1,7,7,1.108129242076652
412415,1,7,6,14.899922962937367
412416,1,7,9,16.640958032732843
412420,1,7,8,14.917931697969378
412438,1,7,10,10.079826922729971
412442,1,7,10,10.717315467169898
412445,1,7,6,20.877889596911718
412457,1,7,5,0.3586789934097332
412474,1,7,6,12.011043116587931
412476,1,7,4,0.3586790108976326
412484,1,7,6,22.909692500036147
412488,1,7,4,0.3586790108976326
412494,1,7,9,13.365801197934879
412497,1,7,10,19.6680624784993
412508,1,7,2,9.39196161088949
412534,1,7,10,18.472556297885316
412541,1,7,8,21.326411204452864
412552,1,7,8,10.80543881549462
412554,1,7,10,12.079775631457817
412559,1,7,10,5.481513640234903
412563,1,7,9,16.77196061563557
412600,1,7,5,0.3586789934097332
412632,1,7,5,0.3586789934097332
412636,1,7,5,0.3586789934097332
412660,1,7,8,20.361668185908666
412670,1,7,6,7.328832587107469
412673,1,7,2,12.159462260306851
412697,1,7,5,0.3586789934097332
412702,1,7,4,0.3586790108976326
412703,1,7,8,12.681506363979741
412720,1,7,5,0.3586789934097332
412726,1,7,7,4.198191863863469
412729,1,7,8,12.764814517593377
412750,1,7,8,28.5088253548632
412783,1,7,9,8.667142519101603
412784,1,7,6,19.147116289752415
412785,0,7,0,0.21027108045755685
412790,1,7,10,7.193716798947884
412805,1,7,1,15.769972701895973
412810,1,7,9,14.50266932996309
412824,1,7,1,22.060127824773947
412835,1,7,6,15.101773526902349
412837,1,7,5,0.3586789934097332
412838,1,7,1,16.93341116619014
412862,1,7,1,13.06610964880287
412870,1,7,10,9.007754845859893
412879,1,7,2,10.837897144426574
412883,1,7,5,0.3586789934097332
412889,1,7,10,7.714067235158158
412898,1,7,5,0.3586789934097332
412930,1,7,8,7.983798749399575
412931,1,7,7,4.507650507021988
412935,0,7,0,0.024586591766017605
412938,1,7,9,14.703545875440641
412992,1,7,2,2.342620216234582
412993,1,7,9,9.040968529430964
413002,1,7,6,14.440785288346747
413004,1,7,8,17.974453571388597
413016,1,7,9,14.58579728270743
413020,1,7,8,27.057628520506736
413043,1,7,7,3.4146514724767414
413067,1,7,3,2.363513370476651
413077,1,7,9,16.029491869030288
413096,1,7,10,9.51321884730461
413103,1,7,8,15.1662285929628
413107,1,7,6,11.445472249822542
413115,1,7,7,1.5070282550687057
413120,1,7,4,0.358679009087165
413121,1,7,6,18.35390353604466
413126,1,7,4,0.3586790108976326
413128,1,7,9,25.618009046034317
413134,0,7,0,0.2277117814630192
413169,1,7,7,3.085273980368112
413177,1,7,8,19.98992582087212
413208,1,7,8,12.457795749488524
413226,1,7,8,12.54822489084339
413228,1,7,9,23.379810275708792
413236,1,7,9,13.670455827044263
413244,1,7,9,2.9061201932171117
413249,1,7,8,22.49753117988226
413253,1,7,5,0.3586789934097332
413274,1,7,6,10.692595303540086
413280,1,7,6,8.67604365580132
413283,1,7,6,17.801114096374043
413293,1,7,9,15.952357062451673
413318,1,7,9,25.82508000181974
413323,1,7,8,12.23256351170236
413372,1,7,1,22.475495561595615
413390,1,7,10,12.21121922544052
413427,0,7,0,0.19990382573767734
413437,1,7,9,25.0444440234478
413441,1,7,7,3.8392651337859665
413447,1,7,8,20.35146018019411
413453,1,7,5,0.3586789934097332
413462,1,7,8,15.725162853489238
413471,1,7,10,4.827184264248262
413490,1,7,6,20.279238780913097
413497,0,7,0,0.01594941675417334
413505,1,7,7,0.8581153121843778
413506,1,7,4,0.358679009087165
413527,1,7,6,5.743237768036102
413530,1,7,8,13.540550619101595
413543,1,7,8,18.43779033674635
413559,1,7,9,3.8816535499851152
413562,0,7,0,0.01752888581561134
413570,1,7,6,14.358107234846152
413591,1,7,10,6.352631485569263
413600,1,7,9,17.57788225431363
413610,1,7,4,0.3586790108976326
413616,1,7,5,0.3586789934097332
413618,0,7,0,0.024874330557468245
413619,1,7,9,23.350637859135624
413620,1,7,6,4.928194098915906
413621,1,7,5,0.3586789934097332
413623,0,7,0,0.023792299500866757
413644,1,7,9,10.613791515657551
413651,1,7,5,0.3586789934097332
413653,0,7,0,0.04393560844016474
413658,0,7,0,0.012928325022901298
413668,1,7,5,0.3586789934097332
413688,1,7,9,15.994692608717495
413724,1,7,1,23.159828272132835
413728,1,7,1,16.130429283563096
413743,1,7,5,0.3586789934097332
413745,1,7,5,0.3586789934097332
413758,1,7,8,20.657641793642473
413778,1,7,9,25.32122407214405
413790,1,7,9,10.362795336960014
413795,1,7,8,13.814819388323606
413797,1,7,10,6.053447841975547
413823,1,7,5,0.3586789934097332
413830,1,7,6,18.363618502373793
413831,1,7,9,22.2688018493477
413836,1,7,10,10.41153605600874
413837,1,7,5,0.3586789934097332
413861,1,7,4,0.3586790108976326
413867,1,7,9,15.279165093558182
413872,1,7,4,0.3586790108976326
413884,1,7,8,23.996272691905613
413895,1,7,9,18.722517632389646
413905,1,7,9,23.50720154572462
413931,1,7,6,23.199494036773984
413951,1,7,4,0.3586790108976326
413970,1,7,10,20.60909812124232
413998,1,7,9,7.38612896295725
414002,1,7,9,17.949017015366653
414004,1,7,10,20.557165692399995
414030,1,7,6,22.140497329596528
414034,1,7,6,8.160975366498104
414049,1,7,6,16.95034099528323
414066,1,7,6,12.13050967838795
414071,1,7,9,6.522808007400572
414075,1,7,10,3.841879598235661
414100,1,7,5,0.3586789934097332
414104,1,7,8,6.944430830634729
414121,1,7,6,14.829701593221802
414128,1,7,4,0.3586790108976326
414137,1,7,6,17.59419632603132
414144,1,7,4,0.3586790108976326
414149,1,7,8,13.614900284130352
414156,1,7,8,5.307930370983851
414166,1,7,9,26.14476209391125
414186,1,7,8,16.585835534971025
414222,1,7,9,14.538053690201728
414241,1,7,10,16.06499795257194
414246,1,7,5,0.3586789934097332
414249,1,7,9,15.438646800657228
414250,1,7,9,12.105717696207158
414252,0,7,0,0.023106094801992556
414257,1,7,5,0.3586789934097332
414266,1,7,1,20.70542027849781
414273,1,7,8,27.678922886504296
414292,1,7,4,0.3586790108976326
414294,1,7,6,23.157005863095986
414297,1,7,6,22.10423008386102
414314,1,7,7,4.5125656343723275
414325,1,7,6,18.88460782474174
414358,1,7,10,21.25992735442537
414365,1,7,4,0.3586790108976326
414379,1,7,2,6.754929711118064
414389,1,7,1,14.156283980518428
414395,1,7,4,0.3586790108976326
414408,1,7,7,3.109691536151348
414410,1,7,6,14.43718648365642
414421,1,7,8,20.089698423618362
414426,1,7,6,11.270123016989514
414434,1,7,6,9.12722803615634
414437,1,7,8,17.90529088732955
414453,1,7,8,11.410506441545358
414483,1,7,4,0.3586790108976326
414487,1,7,10,12.067734805610751
414489,1,7,9,4.651358208214956
414524,1,7,9,18.61040863216328
414527,1,7,1,20.643655158721558
414529,1,7,6,22.342091047894638
414530,1,7,9,25.471589314797207
414531,1,7,6,16.683523048602467
414543,1,7,5,0.3586789934097332
414581,1,7,8,8.121637244125054
414591,1,7,5,0.3586789934097332
414594,1,7,9,10.13671535392448
414596,1,7,6,16.014315735127763
414602,1,7,6,18.542645678434003
414625,1,7,1,19.650534523045373
414633,1,7,9,26.364020875114093
414635,1,7,10,11.080395464930207
414644,0,7,0,0.023127140363143398
414651,1,7,6,9.626476049566062
414657,1,7,5,0.3586789934097332
414683,1,7,1,15.718941731035796
414684,0,7,0,0.19890506259058505
414689,1,7,9,25.989069313795284
414698,1,7,5,0.3586789934097332
414702,1,7,5,0.3586789934097332
414716,1,7,1,8.357750038782957
414719,1,7,10,8.9384556112604
414745,1,7,9,7.45222062757448
414760,1,7,3,2.3110350787886684
414772,1,7,4,0.3586790108976326
414774,1,7,2,14.026132757123099
414786,1,7,2,7.412041356828541
414788,1,7,1,19.20015813465693
414790,1,7,9,12.78171226371718
414796,1,7,9,25.52834362567929
414809,1,7,6,5.830427449073563
414833,1,7,4,0.3586790108976326
414846,1,7,5,0.3586789934097332
414855,1,7,8,11.537633444517107
414859,1,7,9,25.27189438527983
414874,1,7,8,23.616647082265295
414890,1,7,1,9.05772307208421
414898,1,7,1,4.684055369018198
414900,1,7,9,25.49718794714165
414921,1,7,8,12.977887286224695
414922,1,7,1,19.0206725984935
414936,1,7,10,11.999619146856018
414954,1,7,6,20.40552812867916
414973,1,7,6,23.470850223021678
414979,1,7,1,8.688368292272221
414990,0,7,0,0.1807329902149968
415016,1,7,8,25.53590796442628
415020,1,7,8,15.760191767585882
415022,1,7,4,0.3586790108976326
415025,1,7,8,8.736243483015969
415030,1,7,10,14.203968939906881
415037,1,7,2,11.926579797284914
415039,1,7,9,15.839669922779391
415052,1,7,6,18.28329125338238
415054,1,7,5,0.3586789934097332
415059,1,7,3,2.3809332625361024
415060,1,7,7,2.5807445461647647
415070,1,7,9,26.088210726390695
415073,1,7,8,24.924178162473652
415089,1,7,7,3.4284955062332467
415101,1,7,1,21.02253750604259
415116,1,7,5,0.3586789934097332
415135,1,7,6,14.617689878113717
415148,1,7,9,21.638570601086386
415150,1,7,6,23.830919904950782
415152,1,7,9,25.017004699605142
415170,1,7,5,0.3586789949470627
415176,1,7,8,23.4666020282318
415179,1,7,10,7.873088919554773
415198,1,7,8,12.055338399709381
415201,1,7,5,0.3586789934097332
415207,1,7,8,4.174893144887944
415219,1,7,1,22.49601895376387
415235,1,7,5,0.3586789934097332
415241,1,7,2,4.191779510482712
415254,1,7,9,24.950295775862422
415268,1,7,4,0.3586790108976326
415275,1,7,3,2.3994109872463003
415276,1,7,1,6.100642446775328
415281,0,7,0,0.18360029547388104
415284,1,7,6,8.70046880414192
415285,1,7,2,8.494065827285977
415286,1,7,9,22.162824528096294
415290,1,7,7,2.54786673656928
415293,1,7,6,11.56168546211226
415326,1,7,8,26.99260938337388
415329,1,7,1,10.189296881497174
415337,1,7,9,6.0794930137801995
415341,1,7,3,2.232191644841108
415345,1,7,5,0.3586789934097332
415362,0,7,0,0.03322555038105075
415366,1,7,5,0.3586789934097332
415369,1,7,9,16.519858088672777
415370,1,7,8,28.49687176234202
415376,0,7,0,0.024196740894196968
415379,1,7,1,10.043662488416416
415389,1,7,1,6.7116803020189115
415396,1,7,4,0.358679009087165
415403,1,7,6,18.517102276368306
415407,1,7,8,14.673835657458287
415409,0,7,0,0.01686644436939528
415427,1,7,1,22.70366100903742
415432,1,7,8,15.218228211442392
415439,1,7,1,20.90329506626869
415459,1,7,8,18.51685369722328
415461,1,7,6,11.818117474728483
415474,1,7,5,0.3586789934097332
415487,1,7,5,0.3586789934097332
415490,1,7,8,26.4258115643677
415539,1,7,1,13.055457887740355
415543,1,7,7,3.8465803828062093
415551,1,7,6,10.99418920946343
415577,1,7,4,0.3586790108976326
415609,1,7,9,17.102503623905115
415620,1,7,6,11.240427053260179
415637,1,7,6,23.80687485441051
415665,1,7,1,11.488428501010219
415697,1,7,3,2.414515639189536
415713,1,7,6,6.3704713416059
415714,1,7,5,0.3586789934097332
415734,1,7,3,0.7934448318346209
415735,1,7,7,2.573578265235614
415741,1,7,10,5.267421519203384
415745,1,7,9,14.652046376414843
415747,0,7,0,0.02318394699641174
415757,1,7,5,0.3586789934097332
415779,1,7,10,13.779940351801088
415782,1,7,9,11.034724963956101
415790,1,7,10,11.441375365662001
415791,1,7,9,11.750301391520157
415794,1,7,10,20.793472790792293
415795,1,7,5,0.3586789934097332
415799,1,7,4,0.3586790108976326
415801,1,7,6,12.974012880823198
415805,1,7,10,11.167936285239321
415831,1,7,10,20.17624045998996
415844,1,7,9,13.455051689113237
415848,1,7,10,19.683271116312966
415873,1,7,8,14.982662474387945
415877,1,7,5,0.3586789934097332
415894,1,7,9,24.48453735605997
415906,1,7,6,23.84267323082287
415908,1,7,1,19.933934352709493
415912,1,7,10,21.104723091267427
415913,1,7,10,20.668836123903862
415920,1,7,6,22.340478393427386
415921,1,7,4,0.3586790108976326
415952,1,7,7,1.648827845591864
415956,1,7,9,20.347660807913655
415993,0,7,0,0.030431281671520753
416016,1,7,6,23.409128585181392
416034,1,7,1,10.66652767840539
416038,1,7,9,8.92698214316851
416047,1,7,5,0.3586789934097332
416062,1,7,10,18.665011911938603
416068,1,7,4,0.3586790108976326
416102,1,7,6,8.85569241207295
416107,1,7,6,14.573600644878097
416111,1,7,8,12.365784547572092
416116,1,7,8,3.4599994598234964
416117,1,7,9,16.76644047381925
416131,1,7,1,15.733089688557877
416145,1,7,9,8.956375037737345
416153,1,7,4,1.4242835553409114
416155,1,7,5,0.3586789934097332
416166,1,7,8,12.873329756023422
416167,1,7,9,5.693957068660115
416184,1,7,8,14.217628457499247
416194,1,7,5,0.3586789934097332
416199,1,7,4,0.3586790108976326
416209,1,7,3,2.202402861814188
416210,1,7,9,25.96609472861907
416221,1,7,5,0.3586789934097332
416238,1,7,1,22.650333826068795
416242,1,7,9,8.310602878299516
416246,1,7,9,18.075709820873655
416255,1,7,9,3.483834425684713
416260,1,7,2,6.5132380835517685
416266,1,7,10,6.415777411058224
416276,1,7,3,2.1600946853838487
416282,1,7,5,0.3586789934097332
416284,1,7,10,11.705741508700683
416286,1,7,9,12.992011038380197
416302,1,7,6,15.300121579674403
416305,1,7,7,1.8002907094672491
416329,1,7,5,0.3586789934097332
416365,1,7,1,6.786544371846607
416371,1,7,9,25.2677522217153
416382,1,7,9,23.12279011030685
416397,1,7,10,8.415798818018017
416411,1,7,10,15.715140658908174
416417,1,7,1,18.191557810223284
416431,1,7,8,23.885979471540374
416450,1,7,1,12.046832500704728
416451,1,7,8,4.778313437052067
416461,1,7,10,15.154217349160945
416464,1,7,9,16.470749654940022
416467,1,7,1,11.870290512662454
416484,1,7,2,10.499411943594286
416494,0,7,0,0.015770474904620285
416504,1,7,5,0.3586789934097332
416516,1,7,8,23.546648584332775
416517,1,7,9,24.365385783936528
416527,1,7,9,15.372223868923163
416528,1,7,2,11.715328051322135
416536,1,7,10,16.67094750872022
416554,1,7,1,17.624044421200583
416569,1,7,8,5.570181866337604
416592,0,7,0,0.02237363696566224
416593,1,7,4,0.3586790108976326
416602,1,7,8,10.089952209736484
416606,1,7,6,23.764544620187834
416608,1,7,9,13.114510436405318
416615,1,7,1,18.368182321228076
416632,1,7,9,25.741770193220827
416638,1,7,8,8.139855569620625
416664,0,7,0,0.026614084057083955
416665,1,7,5,0.3586789934097332
416669,1,7,9,15.495496206772435
416678,1,7,7,3.544064140012483
416691,1,7,6,11.73996219188738
416692,1,7,9,15.172073107591336
416724,1,7,4,0.3586790108976326
416741,1,7,4,0.3586790108976326
416753,1,7,10,20.42246896210761
416755,1,7,7,4.584242333847641
416761,1,7,5,0.3586789949470627
416762,1,7,8,24.915670584529433
416768,1,7,10,7.769300645161397
416782,1,7,5,0.3586789934097332
416790,1,7,2,6.717521627468876
416804,1,7,4,0.3586790108976326
416841,1,7,6,10.627918124259601
416858,1,7,9,25.92852022900212
416870,1,7,6,13.173006800861188
416883,1,7,8,24.0472409883317
416916,1,7,5,0.3586789934097332
416923,1,7,1,22.676815147415944
416931,1,7,6,8.515168795275631
416934,1,7,5,0.3586789934097332
416941,1,7,6,7.086638376138492
416942,1,7,9,16.610463234188344
416962,1,7,4,0.3586790108976326
416976,1,7,9,16.45695387435319
416980,0,7,0,0.02871048093176793
416995,1,7,5,0.3586789934097332
416997,1,7,6,23.6078728389122
417018,1,7,9,18.729190917553037
417020,1,7,1,8.89779836409445
417031,1,7,1,6.115624366221101
417033,1,7,9,24.428310915387527
417038,1,7,5,0.3586789934097332
417041,0,7,0,0.02531802287825133
417042,1,7,5,0.3586789934097332
417051,1,7,10,19.380690877688846
417053,1,7,4,0.3586790108976326
417057,1,7,6,10.891909830238554
417072,1,7,9,16.458223565078185
417076,1,7,9,10.50279948241099
417092,1,7,5,0.3586789934097332
417105,1,7,1,10.394741921220662
417106,0,7,0,0.01762708535815006
417115,1,7,1,7.269917922738979
417130,1,7,6,9.861460979949985
417144,1,7,9,12.154641534449263
417148,1,7,3,0.960225974061596
417166,1,7,4,0.3586790108976326
417167,1,7,9,12.676553704527324
417177,1,7,4,0.3586790108976326
417178,1,7,5,0.3586789934097332
417190,0,7,0,0.014112545925803782
417221,1,7,1,5.624535449721838
417229,1,7,8,7.99993082701079
417235,0,7,0,0.015086287053599289
417240,1,7,6,8.475158527503226
417253,1,7,5,0.3586789934097332
417275,1,7,8,23.124138364758014
417296,1,7,8,6.222720282309761
417311,1,7,5,0.3586789934097332
417332,1,7,8,14.56305464948539
417338,0,7,0,0.023374793228545732
417340,1,7,4,0.3586790108976326
417343,1,7,8,17.507086094957785
417358,1,7,7,2.619093457769569
417360,1,7,8,21.31166608282357
417368,1,7,10,6.670943672814127
417386,1,7,4,0.3586790108976326
417407,1,7,9,21.123434277776695
417408,1,7,5,0.3586789934097332
417421,1,7,5,0.3586789949470627
417422,1,7,3,2.3231126109012696
417428,1,7,5,0.3586789934097332
417434,1,7,9,24.061064117794302
417457,1,7,4,0.3586790108976326
417470,1,7,5,0.3586789934097332
417495,1,7,10,18.757745798732426
417496,1,7,7,0.385601299269829
417502,1,7,8,12.560175332074545
417504,1,7,5,0.3586789934097332
417509,1,7,9,26.275368321190566
417516,1,7,4,0.3586790108976326
417518,1,7,9,16.742163947086727
417544,1,7,6,7.421948068584867
417549,1,7,4,0.3586790108976326
417559,1,7,9,22.512150186054413
417581,1,7,9,13.847789011549555
417584,1,7,9,4.781094195646254
417589,1,7,8,28.17834774140518
417595,1,7,4,0.3586790108976326
417598,1,7,8,26.124820041501835
417600,1,7,10,11.261739617015998
417625,1,7,9,23.388324155184026
417626,1,7,8,25.801498593112264
417627,1,7,8,12.345355246466884
417636,1,7,9,12.043919312467091
417651,1,7,9,18.503167115917666
417653,1,7,9,5.7901347532502925
417675,1,7,9,9.97355739116127
417742,1,7,9,11.890127578123375
417746,1,7,6,8.868640302122474
417755,1,7,10,7.136785628415389
417764,1,7,7,3.282357380713002
417797,1,7,7,1.8408152155140851
417801,1,7,6,11.20002104817727
417809,1,7,8,28.27015472839555
417820,1,7,8,9.037345032895564
417835,1,7,4,0.3586790108976326
417842,1,7,6,23.866535662947992
417878,1,7,10,19.68163631771003
417891,1,7,4,0.3586790108976326
417904,1,7,4,0.3586790108976326
417906,1,7,8,15.358082888753337
417910,1,7,9,12.531086225575002
417918,1,7,1,18.23127039319884
417920,1,7,9,20.285775493909778
417925,1,7,10,15.038565163914544
417926,1,7,5,0.3586789934097332
417928,1,7,8,8.03127342761186
417935,1,7,8,11.95246983901524
417946,1,7,5,0.3586789934097332
417972,1,7,4,0.3586790108976326
417991,1,7,6,23.281035357908628
418001,1,7,9,21.415284918292585
418023,0,7,0,0.013173168820000325
418034,1,7,6,21.660650613521057
418061,1,7,6,9.014849933273501
418085,1,7,9,24.382112663009945
418099,1,7,9,12.26194500484286
418116,1,7,8,14.472913423934601
418122,1,7,4,0.3586790108976326
418159,1,7,9,23.485193843491686
418162,1,7,2,11.962607352872565
418163,1,7,3,1.512796526347193
418186,1,7,10,16.92484747955434
418189,1,7,8,22.401054480243896
418206,1,7,8,14.294021560492636
418209,1,7,8,13.242934641387913
418214,1,7,10,21.160330032569334
418215,1,7,3,1.9738971152754299
418219,0,7,0,0.016980295314293684
418225,1,7,9,25.533773800922
418241,1,7,9,13.048752630535041
418244,1,7,9,25.652541419448017
418249,1,7,10,12.209837174292673
418258,1,7,7,3.130958363758204
418260,1,7,4,0.3586790108976326
418263,1,7,2,4.658556926606419
418289,1,7,5,0.3586789934097332
418293,1,7,5,0.3586789934097332
418299,1,7,6,17.41189848914116
418343,1,7,8,23.10560186458934
418344,0,7,0,0.026791825209805935
418352,1,7,9,13.114853807631434
418355,1,7,8,16.952196812887152
418371,1,7,5,0.3586789934097332
418374,1,7,1,22.840369740114753
418386,1,7,8,17.93627121887076
418397,1,7,10,19.414819020796305
418401,1,7,9,15.259311308450602
418423,1,7,6,14.476161813043399
418425,1,7,9,6.886049802426815
418429,1,7,9,24.79596056776962
418430,1,7,10,11.500029462936334
418434,1,7,5,0.3586789934097332
418444,1,7,5,0.3586789934097332
418447,1,7,7,4.487755626944378
418451,0,7,0,0.14366904508183972
418462,1,7,9,16.6125277923531
418468,1,7,6,13.21682542354529
418471,1,7,8,7.513252848151993
418473,1,7,2,5.3818763868591635
418489,1,7,9,21.251981123527457
418494,1,7,1,12.39180215634573
418506,1,7,6,11.267345825173697
418510,1,7,6,8.305009241225266
418511,1,7,1,22.551051030710788
418525,1,7,9,19.40567731554806
418526,1,7,9,2.6097446043046992
418553,1,7,7,3.9320861151785675
418557,1,7,2,1.142742823259613
418558,1,7,3,2.4159751312943536
418566,1,7,1,19.197426443663137
418571,1,7,10,11.911571194392268
418575,1,7,9,17.10606912639825
418582,1,7,4,0.3586790108976326
418593,1,7,8,11.434689693128202
418600,1,7,8,26.905029466392378
418605,1,7,8,13.057160543214117
418621,1,7,10,16.371927681525666
418629,1,7,6,10.729640127394699
418633,1,7,10,18.963697618186362
418635,1,7,2,5.228778720169326
418643,1,7,9,12.792984573545505
418653,1,7,6,14.639524506964273
418668,1,7,8,14.25708317116079
418682,1,7,10,20.85437338602643
418697,1,7,6,15.56571900669311
418707,1,7,9,25.92041040845877
418714,1,7,6,21.532230644677373
418717,1,7,4,0.3586790108976326
418722,1,7,9,26.364614907274618
418723,1,7,8,13.95918626637784
418725,1,7,8,11.509547733803226
418727,1,7,6,14.931994158225054
418734,1,7,1,22.521125374575337
418735,1,7,7,3.930769693007374
418750,1,7,9,12.176886277981097
418755,1,7,8,17.673387043723462
418761,1,7,3,2.3133085030056426
418772,1,7,5,0.3586789934097332
418782,1,7,6,19.806092716014327
418785,1,7,9,22.37587317876853
418788,1,7,9,11.6221181167508
418790,1,7,8,7.876378851951017
418795,1,7,5,0.3586789934097332
418803,1,7,8,25.668354049129558
418816,1,7,8,10.153709865407963
418817,1,7,1,8.51334607740596
418855,1,7,1,20.12436823435749
418871,1,7,9,25.67255451313899
418873,1,7,1,3.6739744769796348
418900,1,7,3,2.0735983145397894
418908,1,7,1,16.233617658859572
418910,1,7,4,0.3586790108976326
418914,1,7,3,2.3577582959714407
418916,1,7,6,14.258296777675202
418920,1,7,7,0.5729475062508822
418936,1,7,10,18.736828836405273
418938,1,7,10,18.35852584477015
418939,1,7,1,11.242485937749239
418966,1,7,6,20.67574089015006
418971,1,7,10,12.389305574130729
418976,1,7,8,22.607003902135084
418979,1,7,6,12.365132686919933
418982,1,7,10,21.132820543562964
418989,1,7,4,0.3586790108976326
418995,1,7,10,6.923018254027887
419026,1,7,1,6.257578492397609
419027,1,7,4,0.3586790108976326
419032,1,7,9,25.579606250227815
419051,1,7,8,9.724007697737944
419062,1,7,10,9.074380628361096
419079,1,7,6,13.366986675423279
419083,1,7,5,0.3586789934097332
419094,1,7,9,14.952873345903685
419096,1,7,6,19.672794677207023
419125,1,7,10,9.055150702753899
419136,1,7,9,13.550313701894808
419147,1,7,4,0.3586790108976326
419150,1,7,6,23.321358499410223
419155,1,7,7,2.4868875698687507
419176,1,7,9,5.74562021391934
419181,1,7,9,25.941901792383444
419185,1,7,7,0.6382823468910594
419202,1,7,8,15.780111463239725
419205,1,7,8,10.140535057334848
419219,1,7,6,11.452342332302008
419229,1,7,10,13.913653937128812
419245,1,7,10,9.176807496923756
419246,1,7,8,11.055772343489023
419263,1,7,10,9.656564188734324
419273,1,7,6,18.65108939471448
419279,0,7,0,0.012536679094781353
419287,1,7,3,1.8021653068515981
419291,1,7,8,25.653392831417918
419296,1,7,9,18.98196406274723
419297,1,7,4,0.3586790108976326
419299,1,7,4,0.3586790108976326
419317,1,7,9,25.947738305128
419346,1,7,5,0.3586789934097332
419348,1,7,1,14.268111004341806
419352,1,7,10,14.284710063588191
419354,1,7,10,5.256958420446417
419388,1,7,6,21.2007088003472
419397,1,7,8,13.009591557549845
419404,1,7,4,0.3586790108976326
419407,1,7,3,2.3557507821341392
419409,1,7,4,0.3586790108976326
419412,0,7,0,0.024860631823905608
419437,1,7,8,20.391020774307332
419483,1,7,4,0.3586790108976326
419487,1,7,10,21.283780372856675
419497,1,7,10,12.280783125953414
419499,1,7,8,24.711805613758823
419511,1,7,10,10.588120342873458
419523,1,7,9,11.353152456768834
419527,1,7,8,25.656154725836217
419528,1,7,10,17.910561399237427
419529,1,7,1,22.092577684006002
419539,1,7,8,19.81346340061652
419544,1,7,5,0.3586789934097332
419548,1,7,9,11.771845135618857
419554,1,7,10,6.491903414589582
419567,1,7,8,17.318491108502275
419574,1,7,5,0.3586789949470627
419578,1,7,10,7.712280064099643
419586,1,7,5,0.3586789934097332
419592,1,7,2,2.8375894653562446
419599,1,7,6,14.203341625200633
419609,1,7,2,13.663674575777398
419610,1,7,8,5.801269377235395
419637,1,7,1,9.354380948321568
419645,0,7,0,0.013485962402603201
419669,1,7,5,0.3586789934097332
419727,1,7,5,0.3586789934097332
419729,1,7,3,2.339698509546144
419731,1,7,9,12.94757782687777
419749,1,7,1,8.16556923086568
419768,1,7,5,0.3586789934097332
419769,1,7,5,0.3586789934097332
419781,1,7,5,0.3586789934097332
419783,1,7,10,9.897406846781566
419789,1,7,6,11.29716853145549
419809,1,7,4,0.3586790108976326
419811,1,7,6,8.663699428608163
419851,1,7,7,2.501334903669099
419867,1,7,8,14.293201315597525
419868,1,7,9,22.831009942614795
419875,1,7,9,8.357193273529981
419876,1,7,4,0.3586790108976326
419879,1,7,10,12.891394527372835
419880,1,7,9,25.626281388988573
419890,1,7,9,9.212631294560891
419897,1,7,6,19.43081646828501
419904,1,7,4,0.3586790108976326
419919,1,7,9,21.63999662882609
419935,1,7,9,15.22435368846199
419940,1,7,7,4.355366363533714
419948,1,7,5,0.3586789934097332
419950,1,7,9,16.431610678760563
419962,1,7,8,23.09804437057127
419965,1,7,6,13.700005622617308
419971,1,7,8,15.907814522600324
419979,1,7,7,4.397544296092783
419997,1,7,8,20.05234533979352
420002,1,7,4,0.3586790108976326
420004,1,7,8,20.806512109187207
420047,1,7,9,9.794255742479628
420050,1,7,6,19.626900946609197
420055,1,7,6,23.065747206643163
420056,1,7,9,24.9436214858857
420077,1,7,9,14.57426580799475
420079,1,7,4,0.3586790108976326
420084,0,7,0,0.012048113319569613
420085,1,7,9,9.335815151865834
420101,1,7,8,3.3389396033299357
420108,1,7,1,5.221475421597445
420117,1,7,8,18.41024009544633
420124,1,7,1,19.31460692350089
420134,1,7,6,23.364296608358515
420139,1,7,9,13.702571171622242
420147,1,7,4,0.3586790108976326
420166,1,7,9,26.353586143353073
420189,1,7,10,13.929085514160226
420215,1,7,4,0.3586790108976326
420216,1,7,10,19.41007837583687
420223,1,7,5,0.3586789934097332
420227,1,7,4,0.358679009087165
420244,1,7,9,25.32432487010802
420252,1,7,4,0.3586790108976326
420259,1,7,9,16.59447957018968
420265,0,7,0,0.3097149180375529
420267,1,7,4,0.3586790108976326
420278,1,7,10,16.9453523523645
420281,1,7,9,14.29523517115056
420293,1,7,4,0.3586790108976326
420301,1,7,6,6.040922670113191
420307,1,7,8,15.338913300009548
420310,1,7,5,0.3586789934097332
420316,1,7,5,0.3586789934097332
420324,1,7,5,0.3586789934097332
420327,1,7,7,3.1801122466133953
420359,1,7,8,15.078513134658543
420360,1,7,10,19.37337818145912
420367,1,7,6,12.679132433366297
420374,1,7,8,9.228380660358484
420407,1,7,5,0.3586789934097332
420408,1,7,3,2.395594089739599
420420,1,7,2,11.452436924245577
420439,1,7,9,5.185851607232587
420471,1,7,4,0.3586790108976326
420481,1,7,9,19.422842478280884
420489,1,7,4,0.3586790108976326
420497,1,7,8,17.148120346225976
420500,0,7,0,0.032162082040587965
420511,1,7,10,10.081957716476248
420515,1,7,10,9.441994033757599
420522,1,7,4,0.3586790108976326
420523,1,7,9,24.135083778130063
420535,1,7,9,21.68742290457063
420546,1,7,6,11.450259201052866
420550,1,7,6,9.708883731424342
420555,1,7,8,2.449995077777957
420556,1,7,9,8.074322827158198
420581,1,7,5,0.3586789934097332
420592,1,7,6,19.81491763985818
420595,1,7,6,15.3795494455783
420608,1,7,10,13.091450295413525
420613,1,7,1,4.24256774794665
420614,1,7,7,3.3337097157933115
420632,0,7,0,0.033725937918727654
420635,1,7,6,23.096860918842513
420646,1,7,9,17.937867509415238
420651,1,7,5,0.3586789934097332
420658,1,7,6,8.86531697405273
420660,1,7,9,22.02386944209232
420673,1,7,5,0.3586789934097332
420675,1,7,8,11.88345866846117
420685,1,7,10,20.56497190784032
420723,1,7,5,0.3586789934097332
420732,1,7,4,0.3586790108976326
420769,1,7,6,14.924720246293399
420794,1,7,2,11.06275706859999
420815,1,7,1,17.490657767979304
420820,1,7,6,19.92183274395772
420824,1,7,9,22.05650541944651
420842,1,7,8,26.48437235585799
420845,1,7,10,21.273122805994827
420856,1,7,6,9.961151485037488
420863,1,7,9,22.375559361928918
420864,1,7,5,0.3586789934097332
420865,1,7,5,0.3586789949470627
420885,1,7,8,23.759480805195636
420892,1,7,1,9.859672928643805
420904,1,7,9,14.941074603202715
420906,1,7,3,2.2650078809995886
420922,1,7,9,5.020031274355631
420933,1,7,4,0.3586790108976326
420937,1,7,4,0.3586790108976326
420941,1,7,1,11.088055553983805
420957,1,7,6,18.832935311679925
420977,1,7,8,5.546689445622939
420985,1,7,2,10.341287061162568
420989,1,7,9,18.280314731631155
420991,1,7,9,9.89342292865881
421007,1,7,5,0.3586789934097332
421015,1,7,6,17.67821495173363
421016,1,7,10,19.404261764687714
421019,1,7,2,7.512140934473421
421027,1,7,9,20.949122340932107
421029,1,7,9,16.3261263594656
421047,0,7,0,0.023496922821795285
421072,1,7,3,2.412886863136303
421078,1,7,10,13.890893038085643
421114,1,7,10,12.092203428145236
421126,1,7,1,19.048306324184946
421143,1,7,5,0.3586789934097332
421152,0,7,0,0.023629086504934164
421153,1,7,4,0.3586790108976326
421162,1,7,3,2.328724524756027
421200,1,7,8,4.533620631946619
421208,1,7,4,0.3586790108976326
421214,1,7,9,25.913807101381675
421217,1,7,1,20.834147094939663
421223,1,7,9,5.59512513248849
421225,1,7,8,4.305981775921235
421239,1,7,8,13.644336343659837
421242,1,7,8,17.64892842420199
421254,1,7,5,0.3586789934097332
421282,1,7,6,23.80898654801147
421285,1,7,10,8.797479982618233
421286,1,7,4,0.3586790108976326
421288,1,7,9,21.65686658592998
421289,1,7,8,13.557323829066624
421292,1,7,9,10.05574475238149
421295,1,7,1,18.091289362036743
421298,1,7,6,21.66887054865448
421301,1,7,6,8.572540489640097
421313,1,7,6,10.182338649870331
421316,1,7,10,17.314022524537748
421330,1,7,8,5.6029267788312715
421334,1,7,8,21.232159616276522
421337,1,7,6,21.099844454090068
421339,1,7,9,23.0477326043149
421342,1,7,9,15.550228480259136
421354,1,7,8,25.78384270176907
421360,1,7,7,3.310994523177623
421361,1,7,8,22.561859832259923
421372,1,7,4,0.3586790108976326
421376,1,7,1,8.735087891022378
421395,1,7,4,0.3586790108976326
421398,1,7,10,7.430860723890574
421399,1,7,1,20.88906129357499
421405,1,7,6,21.408216867073182
421414,1,7,8,15.738774274102298
421417,1,7,10,7.530612902665382
421433,1,7,5,0.3586789949470627
421437,1,7,8,11.406665755648945
421439,1,7,2,8.077344590528991
421444,1,7,10,15.956482895435075
421461,1,7,6,23.81638810089736
421470,1,7,1,21.025916810601498
421474,1,7,3,2.345682389484522
421482,1,7,9,14.583423160907468
421483,1,7,4,0.3586790108976326
421488,1,7,9,23.311111516578293
421489,1,7,10,4.730950601753371
421495,1,7,3,2.1321331766343037
421496,1,7,5,0.3586789934097332
421497,1,7,5,0.3586789934097332
421499,1,7,5,0.3586789934097332
421514,1,7,6,13.505214242077308
421521,1,7,8,27.67177998547679
421522,1,7,8,23.106286654567793
421527,1,7,10,9.835067245875537
421539,0,7,0,0.01870270351719704
421555,1,7,3,0.8937737060578872
421585,1,7,6,12.174190570517126
421587,1,7,6,23.98284575398798
421595,1,7,6,23.256553585309543
421602,1,7,4,0.3586790108976326
421606,1,7,9,8.312293281784417
421610,1,7,9,20.99169033968159
421615,1,7,1,21.517764646652058
421618,1,7,3,2.2790681877742633
421639,0,7,0,0.02371510551211074
421640,1,7,1,21.043128282979463
421642,1,7,4,0.358679009087165
421676,1,7,9,20.99983661509668
421680,1,7,9,24.44860626545095
421690,1,7,6,22.621229669887903
421692,1,7,9,19.607088517237457
421696,1,7,8,24.06098142017407
421698,1,7,5,0.3586789934097332
421703,1,7,4,0.3586790108976326
421707,1,7,1,19.792432987587414
421710,1,7,6,23.246866852929298
421717,1,7,9,12.258215400499731
421731,1,7,9,17.589519769754375
421748,1,7,4,0.3586790108976326
421758,1,7,4,0.3586790108976326
421767,1,7,1,16.56684424448683
421778,1,7,4,0.3586790108976326
421784,1,7,5,0.3586789934097332
421785,1,7,9,25.47795492569304
421796,1,7,8,20.382058177096262
421798,1,7,8,17.908658325348554
421800,1,7,4,0.3586790108976326
421801,1,7,8,7.7987188353456585
421818,1,7,4,0.3586790108976326
421820,1,7,6,11.435187197570736
421823,1,7,1,19.649337165807307
421854,1,7,1,6.222091889517191
421866,1,7,9,12.461199356324894
421870,1,7,9,16.77108881432242
421872,1,7,10,11.460321112360022
421874,1,7,5,0.3586789934097332
421878,1,7,10,6.669070781106115
421893,1,7,9,4.436191910098238
421918,1,7,8,6.065658409613725
421921,1,7,6,16.36839553561974
421927,1,7,4,0.3586790108976326
421941,1,7,3,2.017172545638355
421942,1,7,9,25.937101506899157
421946,1,7,1,15.247528861816955
421947,1,7,7,2.855207079399993
421956,1,7,7,0.5148646785389024
421962,1,7,7,1.2154352157960333
421965,1,7,6,17.693298494481155
421970,1,7,10,14.636559708137446
421982,1,7,9,18.36993998531876
421988,1,7,9,23.94777376047702
421999,1,7,9,6.529219108844359
422023,1,7,8,7.636015890242069
422034,1,7,5,0.3586789934097332
422045,1,7,6,23.67492361520907
422047,1,7,2,11.595630206528662
422067,1,7,3,2.40001388106013
422117,1,7,5,0.3586789934097332
422123,1,7,5,0.3586789934097332
422124,1,7,8,16.32381451257849
422147,1,7,8,15.368337549691832
422149,1,7,2,3.326259249577218
422150,1,7,6,11.510533973864398
422156,1,7,3,1.3839373533161428
422161,1,7,9,8.510087473603269
422162,1,7,5,0.3586789934097332
422182,1,7,5,0.3586789934097332
422188,1,7,6,7.020689724645205
422190,1,7,7,1.6978263640899807
422194,1,7,4,0.3586790108976326
422195,1,7,8,12.004817200122927
422199,1,7,5,0.3586789949470627
422202,1,7,8,18.274473008536624
422206,1,7,7,1.522733509204221
422242,1,7,9,24.264295723201787
422254,1,7,2,3.3219476225774707
422259,1,7,4,0.3586790108976326
422263,0,7,0,0.015184614512479455
422271,1,7,1,12.469477182636071
422324,1,7,10,11.040359542723511
422328,1,7,1,9.883313364562298
422329,1,7,10,4.744869580406007
422341,1,7,6,19.137238918321437
422345,1,7,7,3.9238258301657214
422358,1,7,3,2.370426556736693
422359,1,7,1,15.777997221739229
422365,1,7,5,0.3586789934097332
422377,0,7,0,0.012730531002863256
422424,1,7,7,1.0628645715118414
422462,1,7,5,0.3586789934097332
422470,1,7,8,11.973755914713221
422484,1,7,5,0.3586789934097332
422487,1,7,6,16.353178532439227
422496,1,7,7,3.685676319525052
422498,1,7,10,11.403095484203163
422508,1,7,7,1.8004482488840392
422520,1,7,5,0.3586789934097332
422533,1,7,8,15.578049397773523
422541,1,7,4,0.3586790108976326
422558,1,7,5,0.3586789934097332
422569,1,7,2,11.227313832846846
422570,1,7,8,10.767421186739638
422594,1,7,6,10.618554524080123
422613,1,7,4,0.358679009087165
422614,0,7,0,0.030576539830641226
422615,1,7,7,2.6949719482972823
422626,1,7,6,11.812557667508523
422633,1,7,10,5.492171014752623
422656,1,7,7,1.5392871352480373
422680,1,7,10,19.953770568328164
422701,1,7,10,4.1690579760276325
422702,1,7,10,12.399574809309009
422714,1,7,7,1.5025282357153071
422716,1,7,9,18.9744840763601
422717,1,7,5,0.3586789934097332
422739,1,7,5,0.3586789934097332
422751,1,7,5,0.3586789934097332
422752,1,7,9,10.748722472854944
422775,1,7,8,5.120577198051274
422781,1,7,9,21.060616979009435
422783,1,7,8,7.411335872165102
422796,1,7,8,10.400110154492824
422810,1,7,8,13.614535122624378
422844,1,7,7,1.7825703150931813
422852,1,7,10,19.70440423354874
422854,1,7,9,13.814945143576928
422883,1,7,2,13.469790597900525
422885,1,7,4,0.3586790108976326
422890,1,7,9,15.94779589433097
422891,1,7,9,23.436023740167787
422906,1,7,7,2.5095835691593993
422907,1,7,8,14.563138400907084
422909,1,7,9,10.91574596608037
422919,1,7,5,0.3586789934097332
422922,1,7,8,13.59022544882171
422932,0,7,0,0.01347016065182575
422942,1,7,6,17.831159955954366
422959,1,7,10,5.26722626194251
422972,1,7,4,0.3586790108976326
422987,1,7,8,25.739340194740432
422993,1,7,5,0.3586789934097332
422994,1,7,9,16.45687762267706
423000,1,7,6,5.277567175305215
423005,0,7,0,0.0280331731992494
423022,1,7,6,22.77341828343723
423029,1,7,2,7.131466300495609
423051,1,7,1,20.91044716675004
423074,1,7,9,26.25898500081726
423090,0,7,0,0.03181328732673997
423093,1,7,1,5.283198571986988
423103,0,7,0,0.04077986419041789
423104,1,7,4,0.3586790108976326
423114,1,7,8,4.4114233954137285
423117,1,7,8,25.684547606443076
423122,1,7,9,20.639849259710907
423141,1,7,4,0.3586790108976326
423155,1,7,4,0.3586790108976326
423156,1,7,4,0.3586790108976326
423160,1,7,6,12.466663129793861
423162,1,7,10,14.766751472608565
423194,1,7,5,0.3586789934097332
423200,1,7,6,23.130149077184537
423208,1,7,1,13.916912737004042
423238,1,7,10,14.152305067814368
423243,1,7,10,4.394903289402767
423256,1,7,8,15.186824771401461
423269,1,7,5,0.3586789949470627
423276,1,7,10,12.855776745763176
423297,1,7,10,19.381106411461342
423307,1,7,10,19.994844793294938
423311,1,7,5,0.3586789934097332
423318,1,7,8,23.493144458159104
423327,1,7,6,12.902793873956622
423331,1,7,10,11.865515227709603
423338,1,7,8,5.634243148777353
423339,1,7,6,8.979291919390125
423340,1,7,8,19.86387198962432
423356,1,7,9,11.151750012662497
423365,1,7,4,0.3586790108976326
423367,1,7,1,15.833964503575631
423378,1,7,1,12.138697693693787
423402,0,7,0,0.1856455829952857
423410,1,7,5,0.3586789934097332
423423,1,7,8,18.061727526129168
423435,1,7,6,23.09280847473584
423444,1,7,8,17.123423804034704
423450,1,7,6,12.075876809983827
423451,1,7,6,12.742172067646054
423452,1,7,6,18.862624335791125
423479,1,7,5,0.3586789934097332
423485,1,7,10,6.653819296442044
423492,1,7,9,7.421216680867742
423508,1,7,10,7.212658458193699
423519,1,7,6,14.578193049066625
423535,1,7,10,12.995396327482064
423544,1,7,6,22.24475489437907
423553,1,7,5,0.3586789934097332
423556,1,7,8,4.540653626546374
423557,1,7,10,10.73537709156739
423566,0,7,0,0.02659089450330625
423567,1,7,4,0.3586790108976326
423574,1,7,6,14.031493632603153
423601,1,7,5,0.3586789934097332
423603,1,7,6,13.680757842727909
423609,1,7,10,18.363155769591735
423611,1,7,1,5.648152335303128
423617,1,7,8,5.0804418692084745
423628,1,7,4,0.3586790108976326
423636,1,7,1,10.994975439217182
423638,1,7,6,9.966802275956562
423647,1,7,10,15.36076715060787
423667,1,7,4,0.3586790108976326
423682,1,7,8,4.166380957262735
423694,1,7,6,13.572753787383338
423700,0,7,0,0.010755790008446375
423714,1,7,9,16.44617506228891
423732,1,7,6,6.448323833001782
423746,1,7,10,12.116075326973602
423747,1,7,6,5.297252478099045
423760,1,7,5,0.3586789934097332
423764,1,7,5,0.3586789934097332
423765,1,7,6,13.775312688093509
423766,1,7,5,0.3586789934097332
423767,1,7,5,0.3586789934097332
423770,1,7,6,5.617418681747652
423803,1,7,3,2.3666906998240766
423806,1,7,6,10.028495261021929
423812,0,7,0,0.015340068983615828
423821,1,7,10,21.261705437508382
423827,1,7,5,0.3586789934097332
423847,1,7,6,13.228854536139206
423850,1,7,9,15.580197026366411
423853,1,7,5,0.3586789934097332
423856,1,7,8,19.055291880831913
423857,1,7,10,16.633731443455204
423868,1,7,5,0.3586789934097332
423874,1,7,6,14.501549582258974
423875,1,7,8,18.83398602111044
423880,1,7,9,24.446654290590338
423894,1,7,6,9.182972091846393
423918,1,7,4,0.3586790108976326
423920,1,7,5,0.3586789934097332
423923,1,7,4,0.3586790108976326
423926,1,7,2,9.151744541718378
423940,1,7,6,14.917942212010745
423946,1,7,6,15.814395440341768
423957,1,7,4,0.3586790108976326
423999,1,7,8,23.247216216427656
424003,1,7,2,11.575853102377462
424011,1,7,5,0.3586789934097332
424019,1,7,6,8.767936363198228
424020,0,7,0,0.12879932037470246
424030,1,7,3,1.5398492196850164
424056,1,7,5,0.3586789934097332
424071,1,7,4,0.3586790108976326
424075,1,7,8,5.800867755823843
424093,1,7,9,15.673901451679969
424094,1,7,9,10.827027101945507
424096,1,7,8,9.593263828211297
424120,1,7,6,22.054014887716257
424125,1,7,3,2.348814152411812
424134,1,7,8,25.665069641762603
424144,1,7,1,11.008100758585307
424149,1,7,8,11.174484330853385
424155,1,7,6,11.692597868830775
424180,1,7,6,8.177467007464339
424188,1,7,5,0.3586789934097332
424194,1,7,4,0.3586790108976326
424207,1,7,9,10.287472257935347
424217,1,7,5,0.3586789934097332
424239,1,7,2,12.005696738061397
424243,1,7,8,17.324237396862557
424266,1,7,4,0.3586790108976326
424291,1,7,7,2.333058325195396
424293,1,7,9,18.341965396118674
424298,1,7,3,2.36744097765186
424302,1,7,9,9.333357859494878
424308,1,7,10,16.954062002139604
424312,1,7,10,6.439741234839552
424336,1,7,1,13.732676289342955
424337,1,7,7,3.528724657344327
424365,1,7,6,21.24685470194945
424374,1,7,10,18.359463070619057
424404,1,7,7,1.1864195248109843
424420,1,7,8,12.782559852485981
424426,1,7,4,0.3586790108976326
424431,0,7,0,0.02668885607615267
424451,1,7,6,23.863713279797768
424454,1,7,8,22.9596439393688
424467,1,7,9,16.981805787144523
424470,1,7,9,24.637728709852105
424474,1,7,9,11.930074749978356
424483,1,7,10,16.42719548635453
424510,1,7,6,5.592646059148667
424511,1,7,7,3.6916801208264483
424514,1,7,7,3.262491026523204
424515,1,7,6,23.248001511219332
424522,1,7,5,0.3586789934097332
424553,1,7,6,18.943814872150682
424559,1,7,6,23.339879826793204
424561,1,7,6,20.60014543574515
424565,1,7,9,15.238191230730429
424569,1,7,4,0.3586790108976326
424584,1,7,1,4.747008469014478
424586,1,7,9,15.915368955882872
424589,1,7,5,0.3586789934097332
424598,1,7,3,2.3833352437954867
424607,1,7,7,1.3406179374134957
424622,1,7,1,12.103188114298455
424633,1,7,5,0.3586789934097332
424635,1,7,4,0.3586790108976326
424647,1,7,10,20.18141949531101
424659,1,7,5,0.3586789934097332
424667,1,7,8,17.348484603271626
424668,1,7,3,2.381428437286626
424674,1,7,4,0.3586790108976326
424677,1,7,5,0.3586789934097332
424690,1,7,8,8.535721837594982
424707,1,7,6,24.07014041280478
424733,1,7,3,1.9756588658307703
424739,1,7,2,10.62445676978019
424741,0,7,0,0.027380473437349815
424750,1,7,6,18.458703659144884
424752,1,7,8,25.090906696351162
424756,1,7,5,0.3586789934097332
424757,1,7,8,18.22335691472153
424789,1,7,10,19.219020719590482
424792,1,7,6,18.355162252048302
424813,1,7,4,0.3586790108976326
424824,1,7,5,0.3586789934097332
424846,1,7,9,23.37827068494014
424851,1,7,8,22.275391944769463
424871,1,7,9,16.034777312791913
424875,1,7,6,5.2848255886544555
424905,1,7,1,8.378894603644536
424907,0,7,0,0.029383947767889565
424909,1,7,2,8.911321695228722
424910,1,7,9,25.121885130457958
424919,1,7,6,20.53039415267307
424922,1,7,8,18.411451931568173
424941,1,7,8,16.365542275655276
424945,1,7,7,2.3976569452014753
424957,1,7,9,11.666848631701514
424982,1,7,10,14.313750688787604
424997,1,7,4,0.3586790108976326
425002,1,7,6,7.410610288615985
425016,1,7,6,23.19610228729279
425018,1,7,7,1.089682997824572
425033,1,7,4,0.3586790108976326
425071,1,7,8,24.68431239736609
425081,1,7,6,12.932057771609268
425084,1,7,1,5.336327783446863
425094,1,7,10,18.701634541409437
425102,0,7,0,0.019929223301970986
425112,1,7,9,9.326667588130013
425117,1,7,10,17.3207558508735
425160,1,7,8,27.13067392829875
425162,1,7,6,20.292055424935928
425171,1,7,9,14.735814025706551
425174,1,7,8,14.292441016919092
425179,1,7,6,11.155198585730036
425191,1,7,4,0.3586790108976326
425208,0,7,0,0.02926133406230691
425230,1,7,9,10.697087344059849
425234,1,7,8,22.283538605530055
425243,1,7,6,21.44745395794374
425258,1,7,8,15.21773185659662
425285,1,7,8,10.60752334439289
425287,1,7,5,0.3586789934097332
425291,1,7,9,16.25369169474264
425315,1,7,8,15.476661051347875
425318,1,7,8,24.038367057999977
425323,1,7,9,8.14284420049434
425325,1,7,8,17.131107628706594
425326,1,7,9,15.446318716438444
425333,1,7,8,17.94743763251698
425336,1,7,4,0.3586790108976326
425339,1,7,8,14.243638779101516
425355,1,7,10,4.137732664690217
425370,1,7,5,0.3586789934097332
425373,1,7,8,13.826599656430458
425376,1,7,9,26.33073347143472
425381,1,7,8,16.36114885740459
425386,1,7,8,26.750827161275527
425387,1,7,5,0.3586789934097332
425396,1,7,8,12.005955107810015
425402,1,7,9,25.639330467317116
425403,1,7,9,14.987745710196654
425404,1,7,6,22.242705981993893
425417,1,7,8,17.17532526358154
425418,1,7,7,4.62164555678775
425419,1,7,6,5.655689891652306
425426,1,7,8,21.540664283462323
425429,1,7,8,18.686300869952046
425441,1,7,5,0.3586789934097332
425455,1,7,9,23.009280258339924
425456,1,7,4,0.3586790108976326
425471,1,7,1,15.139115005608096
425493,1,7,1,17.908182307552124
425495,1,7,9,25.959441957988698
425516,0,7,0,0.013431154816904633
425526,1,7,4,0.3586790108976326
425528,1,7,6,18.546156211448068
425530,1,7,3,2.343936484738581
425560,1,7,6,10.769031288179137
425563,1,7,5,0.3586789934097332
425569,1,7,9,21.784193362540716
425585,1,7,6,14.225176366996873
425588,1,7,9,24.4768899039726
425591,1,7,4,0.3586790108976326
425598,1,7,5,0.3586789934097332
425629,1,7,9,20.843590927823474
425645,1,7,5,0.3586789934097332
425649,1,7,6,10.360786718387319
425652,1,7,9,16.84835058448835
425658,1,7,9,22.79104851976265
425670,1,7,9,17.249931581672886
425678,1,7,9,20.182445654726557
425705,1,7,9,15.606525789138047
425707,1,7,4,0.3586790108976326
425712,1,7,8,10.0148980109293
425716,1,7,9,16.706014025896767
425721,1,7,10,5.834046857826029
425722,1,7,4,0.358679009087165
425726,1,7,1,5.270184728884132
425739,1,7,4,0.3586790108976326
425756,1,7,1,19.311109051339837
425764,1,7,7,3.177339252772909
425769,1,7,3,1.621273465140967
425775,1,7,8,27.114349648661573
425789,0,7,0,0.06697003959245548
425802,1,7,6,14.772941233000932
425804,1,7,4,0.3586790108976326
425847,1,7,8,23.69730628048965
425864,1,7,9,24.755544027714038
425875,1,7,10,12.712114968777621
425881,1,7,7,4.2285167345646615
425891,1,7,1,22.038668546018595
425914,1,7,3,2.376887256502294
425919,1,7,7,3.011606971915562
425927,1,7,6,23.868705732792808
425928,1,7,5,0.3586789934097332
425943,1,7,4,0.3586790108976326
425954,1,7,6,13.522056930614378
425960,1,7,9,24.403508895681288
425961,1,7,4,0.3586790108976326
425966,1,7,6,12.29283297853145
425995,1,7,8,3.421908152811885
426023,1,7,9,24.568781850094457
426034,1,7,8,17.394930194588966
426042,0,7,0,0.013575338701252347
426052,1,7,6,23.08710570650025
426056,1,7,6,23.39666922232195
426057,1,7,1,5.236443830212238
426075,0,7,0,0.019641775584068787
426081,1,7,5,0.3586789949470627
426107,1,7,9,4.507194686038831
426179,1,7,5,0.3586789934097332
426180,1,7,10,10.783217152372444
426184,1,7,7,1.2021933371475675
426185,0,7,0,0.026306310294001635
426187,1,7,5,0.3586789934097332
426207,1,7,9,10.661458618536386
426212,1,7,1,6.751423569532585
426234,1,7,4,0.3586790108976326
426246,1,7,6,16.606061749031525
426262,1,7,5,0.3586789934097332
426263,1,7,9,4.098607569898864
426290,1,7,6,9.017310690833533
426328,1,7,5,0.3586789934097332
426330,1,7,10,17.87699720305716
426332,1,7,9,15.035347421125863
426356,1,7,7,2.07685050501063
426358,1,7,9,21.174583556030438
426373,1,7,8,8.83645422942569
426392,1,7,4,0.3586790108976326
426414,1,7,5,0.3586789934097332
426417,1,7,5,0.3586789934097332
426421,1,7,5,0.3586789934097332
426436,1,7,7,3.5850843533247776
426445,1,7,8,11.334313796043105
426451,1,7,9,23.109379484852344
426461,1,7,9,20.067013554453034
426463,1,7,8,24.09516583625003
426466,1,7,8,12.443856672877546
426486,1,7,4,0.3586790108976326
426487,1,7,1,7.6864802653208395
426490,1,7,4,0.358679009087165
426494,1,7,9,24.13429445569084
426511,1,7,7,0.907576001897082
426513,0,7,0,0.027781760182749207
426532,1,7,9,23.519483837729236
426539,1,7,10,9.286008356069248
426547,1,7,6,14.149396825628513
426552,1,7,8,17.548626846424554
426568,1,7,5,0.3586789934097332
426574,1,7,7,3.6914863847710153
426579,1,7,5,0.3586789934097332
426587,1,7,10,7.741065270911358
426590,1,7,10,20.950772561743417
426591,1,7,8,26.30233610178122
426594,1,7,4,0.3586790108976326
426601,1,7,1,10.329390472752836
426609,1,7,6,8.330337708074387
426613,1,7,6,13.276179554856077
426618,1,7,9,21.261253784818834
426643,1,7,4,0.3586790108976326
426647,1,7,4,0.3586790108976326
426687,1,7,4,0.3586790108976326
426694,1,7,4,0.3586790108976326
426696,1,7,6,13.52193948553519
426710,1,7,10,20.379726854389006
426724,1,7,8,28.520628248812848
426752,1,7,4,0.3586790108976326
426767,1,7,6,14.555324840944671
426773,1,7,4,0.3586790108976326
426775,1,7,9,10.51706895814758
426777,1,7,5,0.3586789934097332
426778,1,7,6,22.52649699559626
426797,1,7,6,9.132650382792603
426803,1,7,5,0.3586789934097332
426804,1,7,5,0.3586789934097332
426807,1,7,4,0.3586790108976326
426829,1,7,5,0.3586789934097332
426840,1,7,4,0.3586790108976326
426841,1,7,6,17.78498660040275
426853,1,7,6,14.808862468510277
426867,0,7,0,0.01640602856110008
426886,1,7,7,2.0061765323052256
426891,1,7,6,4.775750014852109
426897,0,7,0,0.07891020343180255
426912,1,7,8,5.891516744337454
426914,1,7,6,6.196247488210343
426915,1,7,8,11.14658618103997
426931,1,7,9,13.56383850638026
426933,1,7,5,0.3586789934097332
426972,1,7,9,14.058475011565312
426975,1,7,8,11.132944640463514
426980,1,7,8,20.06300358290306
426983,1,7,6,22.984032070035596
426986,1,7,7,1.077482809183534
427037,1,7,3,2.3552251248592557
427044,1,7,5,0.3586789934097332
427064,1,7,8,6.986779191861976
427075,1,7,5,0.3586789934097332
427076,1,7,5,0.3586789934097332
427082,1,7,7,3.6089123089815756
427095,0,7,0,0.20757226367148157
427098,1,7,1,9.382544048499804
427105,1,7,8,13.438143771345159
427111,1,7,9,19.533436539899455
427112,1,7,9,26.027777054231507
427113,0,7,0,0.029922168804957436
427115,1,7,7,4.363250864847964
427116,1,7,7,3.5030137826622076
427135,1,7,9,24.050084198224724
427141,1,7,9,22.968739640051847
427157,1,7,4,0.3586790108976326
427158,1,7,7,0.9994720135272952
427177,1,7,9,26.26454599366237
427178,1,7,9,22.111852825125393
427183,1,7,5,0.3586789934097332
427197,1,7,8,18.682366529859223
427198,1,7,9,24.979997934675513
427211,1,7,9,13.92469219730738
427222,1,7,6,19.506163320429902
427237,0,7,0,0.017404701331319165
427238,0,7,0,0.0789323052661745
427265,1,7,4,0.3586790108976326
427267,1,7,7,2.4686155353292176
427277,1,7,10,16.29457113543786
427298,1,7,5,0.3586789934097332
427304,1,7,9,23.42454172739633
427316,1,7,6,11.455712231750384
427317,1,7,9,25.975274952246245
427322,1,7,7,3.679649640159434
427354,0,7,0,0.019117927003317322
427360,1,7,5,0.3586789934097332
427366,1,7,4,0.3586790108976326
427391,1,7,8,13.724949811485446
427398,1,7,5,0.3586789934097332
427401,1,7,5,0.3586789934097332
427405,1,7,9,22.681532433997692
427417,1,7,8,12.769324753285597
427425,1,7,9,2.872083902816374
427428,1,7,5,0.3586789934097332
427436,0,7,0,0.030383100163034336
427455,1,7,2,7.931564939672623
427462,1,7,1,22.023560246312428
427463,1,7,4,0.3586790108976326
427485,1,7,9,16.22011965448223
427488,1,7,9,7.005429560082763
427512,1,7,6,16.34788324169305
427523,1,7,10,10.8237762868986
427531,1,7,6,21.31378544101518
427538,1,7,7,0.6471064545889045
427541,1,7,3,1.354539673674381
427545,1,7,9,21.814292011525637
427573,1,7,8,16.787131887143776
427586,1,7,6,16.952664317105725
427588,0,7,0,0.021064149917790414
427616,1,7,9,13.614414176333787
427648,1,7,5,0.3586789934097332
427659,1,7,7,4.465057717701624
427674,1,7,8,7.787074338023774
427690,1,7,10,6.788058644254449
427707,1,7,2,9.428882909347676
427718,0,7,0,0.01302989188771675
427740,0,7,0,0.028779425730458257
427742,1,7,8,8.707746515145313
427757,1,7,10,11.760296192478624
427783,1,7,8,17.545216685856637
427784,1,7,3,1.0516790049881835
427785,1,7,1,14.040391664930764
427793,1,7,4,0.358679009087165
427806,1,7,5,0.3586789949470627
427815,1,7,1,11.794400588650866
427820,1,7,8,10.435642873614885
427835,1,7,8,23.356166548360118
427838,1,7,6,19.908551505366756
427840,1,7,4,0.3586790108976326
427841,1,7,8,12.652710819167044
427846,0,7,0,0.018987706652197695
427849,1,7,9,16.480128819099015
427875,1,7,6,10.09830764462298
427891,1,7,9,13.585628108207755
427905,1,7,1,11.76017564228399
427924,1,7,9,24.131133108586308
427927,1,7,4,0.3586790108976326
427939,1,7,9,14.858597125451235
427940,1,7,9,24.10189437065286
427945,1,7,4,0.3586790108976326
427948,1,7,9,19.875750887317373
427962,1,7,9,16.60634461447989
427979,1,7,8,20.160091290915158
427986,1,7,10,10.389458256722278
427991,1,7,8,25.429467873279986
427992,1,7,4,0.3586790108976326
428000,1,7,6,14.307171969486602
428011,1,7,8,16.03896443520607
428023,1,7,8,4.7363483100494115
428025,1,7,3,0.7923215876960459
428026,1,7,6,18.176269165510195
428033,1,7,4,0.3586790108976326
428038,1,7,8,8.778749831620985
428041,0,7,0,0.01590920912451659
428057,1,7,6,5.327476164135331
428058,1,7,1,11.649889158098556
428062,1,7,8,23.61009154837181
428070,1,7,10,19.17300409564799
428078,1,7,1,19.85615093003284
428092,1,7,5,0.3586789934097332
428111,1,7,4,0.3586790108976326
428125,1,7,9,25.560415180591026
428135,1,7,5,0.3586789934097332
428147,1,7,8,5.614659205387463
428152,1,7,9,16.204465427513437
428162,1,7,2,11.002910402545885
428172,1,7,8,3.206193096521049
428174,1,7,8,28.55474955807431
428188,1,7,10,15.355881642506716
428192,1,7,6,12.204959928485561
428202,1,7,10,20.924120564862974
428210,1,7,3,2.3520104317748736
428212,0,7,0,0.026108923493746654
428213,1,7,10,20.9085978489474
428216,1,7,7,1.8563158450260788
428224,1,7,9,18.975496992154262
428246,1,7,9,20.967212804385913
428247,1,7,6,15.154010435184315
428252,1,7,3,2.33792457498482
428255,1,7,8,28.05352337203658
428266,1,7,7,3.353904985191
428273,1,7,4,0.3586790108976326
428274,1,7,5,0.3586789934097332
428280,1,7,5,0.3586789934097332
428293,1,7,5,0.3586789934097332
428322,1,7,6,8.122221337446264
428330,1,7,9,25.879374432361512
428331,1,7,8,26.654707354669082
428334,1,7,5,0.3586789934097332
428348,1,7,9,26.34891637354672
428353,1,7,9,23.95717475423194
428359,1,7,6,9.307016898954666
428366,1,7,2,8.585233801237916
428382,1,7,10,8.78773706602026
428384,1,7,6,10.753223407486479
428385,1,7,8,4.044164824253382
428393,1,7,5,0.3586789934097332
428399,1,7,8,28.439652671277745
428426,1,7,9,7.740897854306791
428431,1,7,8,21.141316352330268
428461,1,7,8,10.735411886499396
428471,1,7,4,0.3586790108976326
428472,1,7,8,13.301417099853806
428479,1,7,9,25.67367682113642
428488,1,7,10,12.40799070672039
428493,1,7,9,24.257454516506012
428513,1,7,5,0.3586789934097332
428521,1,7,9,23.626853773736133
428529,1,7,5,0.3586789934097332
428537,1,7,7,4.550938580348686
428548,1,7,6,17.82887708286556
428556,1,7,4,0.3586790108976326
428581,1,7,6,17.422931292093637
428600,1,7,5,0.3586789934097332
428603,1,7,5,0.3586789934097332
428624,1,7,9,23.851523336078166
428673,1,7,10,11.443669572415665
428682,1,7,8,9.939534804112393
428691,1,7,1,14.513436655557188
428699,1,7,3,2.3510757691180197
428731,1,7,5,0.3586789934097332
428737,0,7,0,0.013192458384144354
428738,1,7,4,0.3586790108976326
428767,1,7,4,0.3586790108976326
428770,1,7,5,0.3586789934097332
428774,1,7,1,14.423533252844269
428793,1,7,10,8.43570175541887
428797,1,7,9,13.60215206390714
428800,1,7,6,7.555541373616445
428810,1,7,9,15.246067616678987
428816,0,7,0,0.02183619715895127
428851,1,7,6,22.8122390232531
428858,1,7,8,5.270672137109036
428861,1,7,5,0.3586789934097332
428877,1,7,8,7.874414064574265
428883,1,7,9,13.950099310142734
428897,1,7,8,6.865639136730048
428898,1,7,8,21.83422724166831
428914,1,7,9,24.72409217448882
428919,1,7,5,0.3586789934097332
428920,1,7,9,17.59924200769843
428937,0,7,0,0.023583100711774312
428952,0,7,0,0.036250236975343506
428955,1,7,5,0.3586789934097332
428958,1,7,7,2.7742903392003067
428964,1,7,9,4.88353698466787
428973,1,7,1,10.378197582385496
428982,1,7,8,24.595424600562247
428998,1,7,3,2.339144496838348
429019,1,7,6,10.215448914039847
429024,1,7,7,2.3387304829494324
429030,1,7,10,21.244598389766264
429031,1,7,8,6.79112023211218
429045,1,7,1,14.137250456457714
429061,1,7,6,13.565727391082689
429093,1,7,1,6.570212260668031
429096,1,7,4,0.3586790108976326
429101,1,7,10,20.06510376542841
429106,1,7,8,12.20061640285116
429130,1,7,6,14.770147343324595
429139,1,7,8,22.501931016817426
429143,1,7,2,8.082783095043467
429150,1,7,7,4.244539342499522
429183,1,7,4,0.3586790108976326
429188,1,7,9,2.8894351124920417
429203,1,7,7,4.589145133329173
429234,1,7,4,0.3586790108976326
429245,1,7,3,2.225361237900476
429256,1,7,8,20.802700085883043
429293,0,7,0,0.019515051578506873
429302,1,7,5,0.3586789934097332
429304,1,7,9,20.66025481407636
429307,0,7,0,0.010744035863022633
429328,0,7,0,0.0143054685971943
429341,1,7,2,9.82507250613563
429343,1,7,6,15.080124045704421
429361,1,7,6,22.012530470893335
429366,1,7,3,2.032533943545502
429371,1,7,4,0.3586790108976326
429380,1,7,10,18.864202284925668
429421,1,7,9,6.573609741451221
429422,1,7,8,25.784177376666385
429432,1,7,5,0.3586789949470627
429450,1,7,6,23.86044815133968
429462,1,7,5,0.3586789934097332
429471,1,7,5,0.3586789934097332
429472,1,7,10,21.256393347353708
429481,1,7,8,13.374813436599295
429495,1,7,4,0.3586790108976326
429498,1,7,6,23.56194941870306
429501,1,7,6,17.48298628437547
429515,0,7,0,0.015519332923405283
429519,0,7,0,0.030007902265929687
429541,1,7,8,7.521282913820507
429551,1,7,8,23.11063235060786
429560,1,7,10,4.307749493312215
429567,1,7,6,17.612727154074314
429606,1,7,3,0.7983313748334868
429647,1,7,4,0.3586790108976326
429651,1,7,6,22.639878396410584
429667,1,7,5,0.3586789934097332
429674,1,7,6,7.329885703497786
429687,1,7,9,26.36432464155818
429698,1,7,5,0.3586789934097332
429705,1,7,7,4.599001092454111
429710,1,7,10,4.674551732815187
429718,0,7,0,0.106463593509453
429728,1,7,10,19.218418160719203
429771,1,7,4,0.3586790108976326
429792,1,7,9,23.985505174455717
429812,1,7,10,19.393714720829454
429875,1,7,6,17.391065610368916
429890,1,7,8,17.232889486113436
429894,1,7,1,5.686109797320982
429903,1,7,10,7.308729332761452
429905,1,7,5,0.3586789949470627
429935,1,7,5,0.3586789934097332
429942,1,7,5,0.3586789934097332
429946,1,7,7,2.5326333610833704
429965,1,7,6,8.256570465415006
429972,1,7,8,21.207975378593495
429982,1,7,4,0.3586790108976326
430008,1,7,8,6.466721036083004
430016,1,7,7,3.2617605676168204
430018,1,7,10,7.0251148706812625
430020,1,7,4,0.3586790108976326
430035,1,7,8,17.66342318258854
430043,1,7,4,0.3586790108976326
430047,1,7,8,21.919874845125317
430051,1,7,5,0.3586789934097332
430054,1,7,10,11.93028422950985
430080,1,7,9,13.440192736266761
430082,1,7,3,2.173273550514874
430089,1,7,8,21.358433260947006
430092,1,7,5,0.3586789934097332
430113,1,7,9,5.145890309871634
430114,1,7,5,0.3586789934097332
430142,1,7,4,0.3586790108976326
430148,1,7,10,14.502954383371993
430159,1,7,7,2.3676613182816775
430163,1,7,6,21.91020187707819
430170,1,7,8,11.975652686501109
430173,1,7,8,10.850569059040435
430177,1,7,4,0.3586790108976326
430181,1,7,8,4.408270219900017
430184,1,7,1,5.6216279095459365
430198,1,7,9,25.540700985582376
430202,1,7,9,21.674707624320806
430203,0,7,0,0.042590636234602935
430219,1,7,9,6.818124199735455
430220,1,7,10,19.39505925943968
430235,1,7,8,9.759447481662132
430242,1,7,9,3.857629864685459
430281,1,7,2,3.934204950475962
430298,1,7,3,2.4031201020887605
430308,1,7,10,21.247376236439173
430314,1,7,8,7.317706613217576
430317,1,7,4,0.3586790108976326
430323,1,7,2,10.094679971998374
430328,1,7,6,23.932977240138293
430331,1,7,3,1.240586532268976
430341,1,7,1,10.82166690953352
430353,1,7,4,0.3586790108976326
430360,1,7,6,11.769518121485294
430361,1,7,10,7.352956241947466
430367,1,7,4,0.3586790108976326
430453,0,7,0,0.03394143619535952
430456,0,7,0,0.014938424625652988
430457,1,7,9,14.899577287627597
430465,1,7,3,1.8238120056556446
430466,1,7,10,20.96539711445115
430494,1,7,8,23.139208901352507
430547,1,7,8,25.656493857206844
430562,1,7,4,0.3586790108976326
430575,1,7,8,25.167410395235603
430578,1,7,6,21.689921033841536
430584,1,7,8,17.231036785171
430614,1,7,8,13.360038897861513
430640,1,7,4,0.358679009087165
430644,1,7,5,0.3586789949470627
430650,1,7,4,0.3586790108976326
430669,1,7,8,26.94560341998508
430672,1,7,8,9.525540916274204
430684,1,7,9,16.55883540433133
430692,1,7,4,0.3586790108976326
430694,1,7,2,7.448251216576474
430695,1,7,9,25.4866832871409
430702,1,7,9,16.223974160158924
430704,1,7,7,3.0041325212898724
430715,1,7,1,20.734827262658058
430720,1,7,2,10.50858618382134
430725,1,7,3,1.526546549356886
430739,1,7,9,14.798473596315317
430740,1,7,1,9.918841171434732
430745,1,7,2,9.43980289859026
430758,1,7,6,18.25843109717941
430761,1,7,10,16.71127784039393
430764,1,7,10,7.050901650133081
430765,1,7,9,15.240130044552508
430776,1,7,8,21.03250623770438
430796,0,7,0,0.012629407060010296
430802,1,7,6,21.759016398575223
430807,1,7,2,3.6662841214256514
430809,1,7,1,10.976485548496754
430813,1,7,9,13.068909979645579
430814,1,7,6,12.803652251552093
430822,1,7,6,21.29552015685796
430831,1,7,9,2.967393170716138
430858,1,7,5,0.3586789934097332
430869,1,7,7,1.9250162508001836
430888,1,7,5,0.3586789949470627
430892,1,7,9,14.466103757799388
430902,1,7,7,2.5101963685171276
430914,1,7,5,0.3586789934097332
430931,0,7,0,0.012837702951952665
430935,1,7,9,23.481979933170958
430968,1,7,6,14.813115231056635
430969,1,7,8,21.40064388740259
430986,1,7,4,0.3586790108976326
430992,1,7,4,0.3586790108976326
430996,1,7,10,8.257435041101775
431001,1,7,9,8.254638558438238
431003,1,7,1,17.96358835619594
431027,1,7,9,15.932356246191352
431029,0,7,0,0.022597130625872822
431030,1,7,2,5.213850605763627
431038,1,7,9,24.96498199375319
431063,1,7,1,13.802124192667803
431067,1,7,1,9.439969433094692
431071,1,7,8,20.81844444052617
431077,1,7,1,18.02084413143602
431082,1,7,9,12.216548934710321
431101,1,7,9,22.872047038707574
431103,1,7,5,0.3586789934097332
431111,1,7,5,0.3586789934097332
431134,1,7,1,20.79789988950371
431142,1,7,1,20.2561969497434
431152,1,7,8,21.77401772368442
431165,1,7,8,19.44352261856889
431195,1,7,4,0.3586790108976326
431230,1,7,8,24.158478834407195
431232,1,7,1,19.50426214357958
431241,1,7,1,16.758718341625237
431252,1,7,2,13.281276878131917
431265,1,7,1,16.140006469646277
431266,1,7,6,6.079660924637755
431274,1,7,4,0.3586790108976326
431280,1,7,1,20.26459324629824
431285,1,7,9,14.077328086778284
431287,1,7,3,2.353751752678501
431288,1,7,8,15.880973246905869
431294,1,7,6,19.91749446333907
431309,1,7,9,15.87571603525815
431314,1,7,4,0.3586790108976326
431318,1,7,2,5.3379290996594
431339,1,7,8,24.899300703715472
431341,1,7,2,12.29857409245164
431358,1,7,9,16.61754775465521
431362,1,7,9,15.29511376718403
431364,1,7,9,15.649162457572922
431368,1,7,6,14.566359456271835
431373,1,7,8,28.541400194082833
431376,1,7,6,15.752908637243836
431404,1,7,6,13.372437228223818
431425,0,7,0,0.2078491311857437
431457,1,7,9,11.667824024658133
431459,1,7,9,22.513209272098404
431465,1,7,8,11.997226973665452
431474,1,7,6,18.922676375435245
431479,1,7,8,10.588472962201473
431485,1,7,4,0.3586790108976326
431507,1,7,10,18.05599303380536
431513,1,7,8,20.063565328563424
431519,1,7,6,5.0349213051243
431528,0,7,0,0.016823170394983055
431529,1,7,8,14.090805388074196
431542,1,7,8,19.284123881100598
431559,1,7,10,10.852246035437622
431569,1,7,9,2.7028392466777236
431587,1,7,5,0.3586789934097332
431602,1,7,4,0.3586790108976326
431606,1,7,9,18.67802707018427
431610,1,7,6,12.138332342227844
431611,1,7,4,0.3586790108976326
431617,1,7,9,19.11925946444897
431624,1,7,9,16.513285263011316
431633,1,7,9,14.246771211096343
431649,1,7,3,0.9459967734113285
431668,1,7,7,0.9329866851491324
431677,1,7,8,21.232917756034425
431682,1,7,8,16.705896457928777
431686,1,7,9,18.71302497018269
431692,1,7,6,22.197333054424913
431694,0,7,0,0.027958535457047885
431698,1,7,7,4.564015248295587
431701,1,7,8,8.387401492883109
431711,1,7,10,13.132662411381732
431717,1,7,10,8.83957232034467
431726,1,7,8,15.145499894066809
431729,1,7,5,0.3586789934097332
431741,1,7,1,9.966776581289253
431744,1,7,4,0.3586790108976326
431785,1,7,4,0.3586790108976326
431789,1,7,6,21.425403151212866
431796,1,7,9,25.484949778825584
431819,1,7,8,26.46748401234922
431828,1,7,5,0.3586789949470627
431830,1,7,2,9.422808845137036
431832,1,7,9,9.347478669634517
431848,1,7,10,7.658592436578832
431853,1,7,4,0.3586790108976326
431859,1,7,9,16.752113431754847
431865,1,7,6,16.857778474665093
431876,1,7,9,22.058533844513725
431879,1,7,9,10.235531210322982
431892,0,7,0,0.01726656259317127
431899,1,7,1,16.879840166456912
431901,1,7,6,19.313487472350822
431908,1,7,2,7.9636985353417336
431915,1,7,4,0.3586790108976326
431918,1,7,6,20.812152169430483
431919,1,7,4,0.3586790108976326
431920,1,7,10,5.483279266141134
431924,1,7,6,6.23197611107557
431950,0,7,0,0.017529448971460908
431955,1,7,8,26.11889448933712
431963,1,7,5,0.3586789934097332
431966,1,7,9,10.95052520004318
431975,1,7,4,0.3586790108976326
431992,1,7,5,0.3586789934097332
432011,1,7,7,0.9569189694797425
432016,1,7,8,21.65392704116933
432020,1,7,6,14.539114162311602
432030,1,7,9,21.321198031677238
432045,1,7,8,22.67070479173212
432091,1,7,9,15.525424784013259
432093,1,7,8,27.964100198156338
432098,1,7,8,25.645481721188233
432104,1,7,10,6.672442149562606
432105,1,7,4,0.358679009087165
432120,1,7,7,1.907747981296861
432132,1,7,5,0.3586789934097332
432134,1,7,1,21.751198499417217
432154,0,7,0,0.012500795505468836
432161,1,7,6,18.14890437417821
432170,1,7,1,21.79588955316275
432180,1,7,2,14.107934450743933
432191,1,7,1,6.14321171191158
432193,1,7,4,0.3586790108976326
432205,1,7,9,13.600350228679623
432232,1,7,8,8.62031820551475
432238,1,7,10,12.840154745105428
432245,1,7,3,1.0596172567840005
432247,1,7,5,0.3586789934097332
432268,1,7,4,0.3586790108976326
432284,1,7,2,13.238487684417608
432297,1,7,5,0.3586789934097332
432319,1,7,5,0.3586789934097332
432324,1,7,1,17.23575542138594
432353,1,7,6,7.759847936780447
432358,0,7,0,0.013412080820825133
432359,1,7,8,7.365878431176559
432362,1,7,9,13.76519351424792
432364,1,7,9,9.481898779769619
432371,1,7,4,0.3586790108976326
432378,1,7,9,14.230797329670686
432411,1,7,7,4.199275972157352
432413,1,7,8,27.598486432599813
432431,1,7,2,6.73128767330585
432433,1,7,7,0.5477578953910777
432438,1,7,8,21.556373071820918
432455,1,7,9,23.70336701474711
432464,1,7,10,3.7086664473782345
432466,1,7,7,2.7524817926969463
432468,1,7,8,19.666541599910964
432481,1,7,1,12.299655924821083
432486,1,7,3,2.3705507479451624
432496,1,7,10,20.003346060400744
432501,1,7,9,9.761495725685537
432548,1,7,5,0.3586789934097332
432549,1,7,5,0.3586789934097332
432587,1,7,9,20.978788845430344
432591,1,7,9,14.089786624238656
432611,1,7,1,13.423434539880907
432614,1,7,7,1.283318110513304
432624,1,7,1,17.929102877520414
432627,1,7,3,2.4510978012333666
432645,1,7,9,18.371142813919214
432648,1,7,8,3.918081580580231
432658,1,7,6,8.171871119781477
432665,1,7,2,4.052908660922627
432670,1,7,10,7.112374511387048
432674,1,7,5,0.3586789934097332
432681,1,7,8,7.118258674405554
432707,1,7,8,17.640703822633906
432716,1,7,4,0.3586790108976326
432723,1,7,9,23.894091192270125
432725,1,7,4,0.3586790108976326
432728,1,7,9,25.608489518766135
432731,1,7,1,17.870935474686934
432739,1,7,1,9.54084228967467
432744,1,7,9,14.596547566568088
432746,1,7,6,5.964188090074218
432751,1,7,4,0.358679009087165
432765,1,7,10,11.898910714986988
432802,1,7,6,6.361321002422025
432803,1,7,8,19.7414522726759
432815,1,7,6,20.411306873936134
432838,1,7,8,23.638097369634465
432855,1,7,8,21.711548683141725
432866,1,7,5,0.3586789934097332
432875,1,7,10,7.221640804645704
432890,1,7,9,9.905915335487537
432917,1,7,2,13.784034862308896
432931,0,7,0,0.016440065939176553
432937,1,7,10,19.85554089558653
432966,1,7,6,16.158737142247052
432973,1,7,7,2.471097383548626
432978,1,7,6,11.240516240657938
432995,1,7,9,24.912770858624516
433021,1,7,4,0.3586790108976326
433026,1,7,9,8.531414271166662
433036,1,7,5,0.3586789934097332
433039,1,7,9,25.33453674275172
433043,1,7,6,23.90583515854196
433048,1,7,7,0.7575826047956495
433049,1,7,5,0.3586789934097332
433070,1,7,2,3.9056070789116126
433083,1,7,4,0.3586790108976326
433084,1,7,3,1.2900067941607722
433088,1,7,8,8.20787287411505
433095,1,7,10,4.104777672750303
433100,1,7,9,7.514845053294308
433109,1,7,6,23.02347270434477
433110,1,7,9,14.130109612305263
433113,1,7,2,10.977014095119776
433132,0,7,0,0.02716361537395634
433154,1,7,9,16.60749274871143
433164,1,7,6,12.12117433620787
433165,1,7,5,0.3586789934097332
433166,1,7,1,10.358865944091413
433168,1,7,1,20.977099203556197
433180,1,7,9,22.88508503537379
433182,1,7,9,25.60780953368872
433186,1,7,7,1.8918577840828785
433189,1,7,5,0.3586789934097332
433194,1,7,9,26.300643197984076
433215,1,7,5,0.3586789934097332
433230,1,7,8,10.370998605443042
433264,1,7,10,7.762900922706878
433266,1,7,7,4.151446148532156
433269,1,7,5,0.3586789934097332
433276,1,7,9,25.449934324923596
433282,1,7,6,9.486219293966593
433284,1,7,4,0.3586790108976326
433285,0,7,0,0.01860365838861744
433290,1,7,1,12.118156301204987
433298,1,7,10,15.809165853815173
433300,1,7,5,0.3586789934097332
433306,1,7,9,26.02798792312566
433344,1,7,3,2.1576494217219913
433345,1,7,9,25.936578870908615
433349,1,7,7,0.717264070778198
433367,1,7,7,4.302671190899236
433376,1,7,5,0.3586789934097332
433386,1,7,9,16.633180030220377
433398,1,7,8,5.633476312598161
433400,1,7,5,0.3586789949470627
433402,1,7,9,19.30645130172425
433407,0,7,0,0.02247367791440075
433413,1,7,8,12.358578408917257
433415,1,7,6,23.961321881530196
433416,1,7,8,25.804670066703313
433417,1,7,9,14.605373310491586
433418,1,7,9,23.620146168269628
433460,1,7,4,0.3586790108976326
433462,1,7,9,23.612033269406364
433468,1,7,9,25.242592030098013
433473,1,7,6,23.35565050918104
433474,1,7,6,22.064139929364742
433482,1,7,6,14.739389687978939
433496,1,7,1,5.023009119380796
433517,1,7,7,4.397932662864915
433522,1,7,6,13.952205536880376
433528,1,7,9,20.747911824650696
433531,1,7,5,0.3586789934097332
433549,1,7,1,20.966580030086455
433554,1,7,4,0.3586790108976326
433561,0,7,0,0.01935873192360686
433563,1,7,7,0.6529560267218512
433564,1,7,9,26.022877013271856
433570,1,7,4,0.3586790108976326
433590,1,7,1,15.422842225790879
433612,1,7,8,15.301315904182042
433616,1,7,2,10.674733157480281
433627,1,7,9,5.399179098618247
433629,1,7,10,3.8128881635054155
433639,1,7,5,0.3586789934097332
433640,1,7,4,0.358679009087165
433642,1,7,8,23.634870009409543
433646,1,7,10,17.07713241579667
433647,1,7,9,16.554362762540954
433659,0,7,0,0.016857738645890057
433670,1,7,10,6.04807808107734
433690,1,7,10,14.637960755367047
433699,1,7,4,0.3586790108976326
433700,1,7,8,22.71198204035189
433708,1,7,4,0.3586790108976326
433721,1,7,9,22.94147278378832
433727,1,7,6,9.351989078661271
433738,1,7,9,16.762695067024982
433767,1,7,10,7.89162493272628
433778,1,7,2,7.540448179846567
433780,1,7,8,24.70512482456888
433793,1,7,9,16.101115956088332
433797,1,7,3,2.338652839404021
433822,1,7,1,18.30026652524057
433827,1,7,6,19.333850642513987
433840,1,7,10,18.717050227467816
433844,1,7,1,17.194765624389035
433847,1,7,10,17.42836862316526
433858,1,7,10,14.597869291712572
433859,1,7,5,0.3586789934097332
433866,1,7,4,0.3586790108976326
433869,1,7,8,26.766254866590725
433871,1,7,6,15.102008163032139
433893,1,7,9,18.58036260668575
433901,1,7,7,3.924288978934317
433903,1,7,8,26.02107802908019
433907,0,7,0,0.026913983198765323
433920,1,7,4,0.358679009087165
433921,1,7,9,10.352810694801855
433941,1,7,9,25.56402816009185
433969,1,7,4,0.3586790108976326
433994,1,7,5,0.3586789934097332
433996,1,7,2,13.979219308235258
434002,1,7,4,0.3586790108976326
434013,1,7,8,7.293582155994874
434015,1,7,6,23.699917322806417
434023,1,7,5,0.3586789934097332
434036,1,7,9,25.310038321943907
434060,1,7,5,0.3586789934097332
434075,1,7,9,14.359676553097676
434079,1,7,6,19.532671399368493
434090,1,7,8,25.65718063892364
434105,1,7,1,21.312219534790742
434128,1,7,9,14.679623513646796
434132,1,7,9,21.927309636864365
434163,1,7,9,11.733477056770486
434167,1,7,9,24.69246695434551
434168,1,7,6,23.064401591950492
434171,0,7,0,0.20884923283477602
434183,1,7,5,0.3586789934097332
434196,1,7,9,26.240118542917987
434202,1,7,8,17.19885179889478
434217,1,7,8,8.03243073329901
434223,0,7,0,0.02772730988899422
434235,1,7,4,0.3586790108976326
434248,1,7,9,23.85624174118879
434271,1,7,3,2.0238728521168294
434290,1,7,8,15.71935080196265
434330,1,7,9,7.128311962965983
434346,1,7,7,3.3918708083912974
434349,1,7,5,0.3586789949470627
434350,1,7,6,18.16969583092306
434362,1,7,9,14.171184911381086
434395,1,7,5,0.3586789934097332
434396,1,7,8,23.669783598725584
434402,1,7,1,19.32573587868185
434405,1,7,8,14.236682184992652
434414,1,7,8,26.283533306184868
434423,1,7,9,23.245803885958047
434445,0,7,0,0.02787034416234156
434453,1,7,10,5.080363730504133
434463,1,7,7,0.961301933052533
434475,1,7,4,0.3586790108976326
434527,1,7,4,0.3586790108976326
434532,1,7,8,13.51158160753736
434547,1,7,9,23.8586957922242
434566,1,7,8,10.277312045049554
434570,1,7,9,22.364100269121028
434582,1,7,8,26.0884495401289
434590,1,7,3,1.0296610949989162
434602,1,7,4,0.3586790108976326
434612,1,7,6,13.588197721514286
434616,1,7,7,3.721177198449791
434645,1,7,5,0.3586789934097332
434655,1,7,6,14.349690237686426
434715,1,7,5,0.3586789934097332
434722,1,7,8,28.540818522357934
434723,1,7,2,10.160020896313123
434734,1,7,4,0.3586790108976326
434751,1,7,8,15.527514747107539
434768,1,7,8,16.3066302206522
434773,1,7,1,20.27969838575537
434774,1,7,9,10.188926086684395
434775,1,7,10,5.598349708071438
434782,1,7,7,4.349790645044061
434785,1,7,9,24.651632269748514
434791,1,7,9,11.436772221230866
434807,1,7,8,23.462562340685086
434814,0,7,0,0.025982909726547442
434820,1,7,6,18.23375093383996
434821,1,7,9,12.485288492675403
434823,1,7,9,14.636798254928065
434825,1,7,5,0.3586789934097332
434826,1,7,7,1.8420528600582364
434827,1,7,6,18.94443400969577
434837,1,7,8,10.899203225598182
434858,1,7,10,16.413776641318567
434870,1,7,10,20.08975676243823
434874,1,7,6,14.001032891678395
434879,1,7,1,17.651872788044148
434901,1,7,5,0.3586789934097332
434908,1,7,8,22.97918321217138
434919,1,7,10,8.969961993698423
434938,1,7,3,1.4654073129419858
434953,0,7,0,0.014616932811140888
434963,1,7,1,13.564795952090595
434983,1,7,10,12.157198497247798
435004,1,7,8,15.53001195782292
435012,1,7,4,0.3586790108976326
435013,1,7,1,12.346143023291042
435024,1,7,8,12.658638137013881
435025,1,7,7,4.308433869567636
435046,1,7,3,2.4115250563879336
435050,1,7,5,0.3586789949470627
435056,1,7,8,21.55143380447366
435081,0,7,0,0.015123159544124973
435083,1,7,6,9.247035576546343
435094,1,7,5,0.3586789934097332
435095,1,7,9,17.688912631091124
435097,1,7,4,0.3586790108976326
435107,1,7,5,0.3586789934097332
435110,1,7,8,16.390725711221187
435119,1,7,6,13.817475989964587
435140,1,7,1,7.958531429627556
435159,1,7,9,23.544205718126342
435210,1,7,4,0.3586790108976326
435228,1,7,8,14.318348110884159
435241,0,7,0,0.01605118239765536
435258,1,7,7,0.9735642378643435
435269,1,7,7,3.296963136947187
435303,1,7,5,0.3586789934097332
435327,1,7,9,15.33442469073556
435348,1,7,5,0.3586789934097332
435350,1,7,5,0.3586789934097332
435362,1,7,3,1.9271435713416147
435368,1,7,9,16.360986619841036
435372,1,7,1,20.569765733775935
435387,1,7,10,9.506604023102133
435395,1,7,1,10.240711843196442
435418,1,7,1,22.01479989666938
435419,1,7,8,25.827806087595278
435427,1,7,10,11.387656637601287
435439,1,7,1,8.378016909727359
435445,1,7,4,0.3586790108976326
435464,1,7,5,0.3586789934097332
435481,1,7,9,23.902683930270154
435486,1,7,7,2.079912361491243
435492,1,7,2,4.279548730320661
435495,0,7,0,0.014743609182839512
435508,1,7,9,23.777939645614687
435523,1,7,9,26.065148199410338
435527,1,7,5,0.3586789934097332
435556,1,7,8,23.28491484835911
435562,1,7,9,6.370796064730897
435574,1,7,6,13.146464940813743
435608,1,7,5,0.3586789934097332
435616,1,7,8,22.387880957480363
435623,1,7,3,2.220955039263458
435624,1,7,1,5.2238953352101225
435625,1,7,8,16.931282699110014
435628,0,7,0,0.03081951403242381
435634,1,7,1,14.205883521884688
435669,0,7,0,0.015275239705132563
435687,1,7,4,0.3586790108976326
435707,1,7,9,26.43785426131615
435708,1,7,10,17.86466587901659
435714,1,7,1,12.945616984958265
435740,1,7,9,26.3355909399273
435777,1,7,7,1.9975128946412517
435791,1,7,10,9.353735635181968
435799,1,7,1,21.59585571005923
435801,1,7,8,11.37634489391969
435811,1,7,10,7.993858470280468
435815,1,7,1,18.056998273760097
435837,1,7,7,4.593075377518237
435839,1,7,8,6.237435931424293
435846,1,7,7,3.9121068751119026
435871,1,7,10,7.362611114307835
435885,1,7,9,26.086311093894707
435898,1,7,9,26.378212542046594
435909,1,7,7,2.762454364424184
435918,1,7,8,10.236609905768317
435921,1,7,9,15.257037802316104
435932,1,7,9,17.776306280383807
435935,1,7,2,2.839769406034512
435936,1,7,10,4.0025154630670485
435942,1,7,6,23.89152311606736
435947,1,7,4,0.3586790108976326
435959,1,7,6,18.06817031032482
435963,1,7,7,4.223218833855285
435972,1,7,9,23.121555775997596
435993,0,7,0,0.06572429357030017
435994,1,7,5,0.3586789934097332
436006,1,7,6,19.440427518231377
436024,0,7,0,0.02478585394328709
436040,1,7,8,25.67937919854335
436057,1,7,9,26.367808653154665
436071,1,7,8,10.878571342781356
436077,1,7,8,20.15341251822911
436079,1,7,7,2.088457168384365
436087,1,7,10,17.844073984858188
436093,1,7,6,14.571031080063111
436101,1,7,1,10.060554103880678
436104,1,7,6,18.498496143134748
436107,1,7,9,25.035686518915796
436116,1,7,6,22.51975159517489
436117,1,7,10,10.99497311183284
436121,1,7,3,2.3688786431777875
436134,1,7,7,4.05292946897218
436140,1,7,4,0.358679009087165
436161,1,7,5,0.3586789949470627
436176,1,7,4,0.3586790108976326
436177,1,7,4,0.3586790108976326
436178,1,7,3,2.0014218517187725
436180,1,7,9,4.287386342054485
436181,1,7,5,0.3586789934097332
436192,1,7,6,18.597499603159722
436202,0,7,0,0.015082931184278267
436205,1,7,4,0.3586790108976326
436208,1,7,5,0.3586789934097332
436214,1,7,10,20.784832959276482
436220,1,7,6,17.80138407450006
436223,1,7,10,10.6779477789728
436258,1,7,8,6.853545813627518
436267,1,7,7,1.5125334495579552
436276,0,7,0,0.029528194611094932
436312,1,7,8,25.75836177658714
436338,1,7,8,23.25300262967394
436339,1,7,5,0.3586789934097332
436342,1,7,6,19.530118510105932
436349,1,7,8,21.412954546197483
436362,1,7,1,17.965341171370973
436380,1,7,10,6.390737487783131
436382,1,7,7,1.4339222087384584
436383,1,7,4,0.3586790108976326
436385,1,7,6,10.58551836675466
436387,1,7,4,0.3586790108976326
436395,1,7,1,19.753745899925516
436402,0,7,0,0.03378031791343517
436431,1,7,5,0.3586789934097332
436435,1,7,9,13.833855812210295
436442,1,7,9,14.577709874809463
436466,1,7,4,0.358679009087165
436476,1,7,4,0.3586790108976326
436477,1,7,1,4.296603213634386
436487,1,7,5,0.3586789934097332
436525,1,7,8,18.400234842139103
436529,1,7,6,9.766178113559851
436535,1,7,5,0.3586789934097332
436542,1,7,4,0.3586790108976326
436546,1,7,4,0.3586790108976326
436548,1,7,5,0.3586789934097332
436554,1,7,5,0.3586789934097332
436585,1,7,7,4.46295712424086
436595,1,7,10,8.686727430573502
436596,1,7,4,0.3586790108976326
436599,1,7,1,18.06355596869727
436600,1,7,6,12.018824958735106
436626,1,7,9,16.132091352846174
436632,1,7,6,23.161763017871664
436635,1,7,1,17.319987490210607
436646,1,7,8,28.341261578140607
436650,1,7,6,12.372442104204165
436658,1,7,5,0.3586789934097332
436665,1,7,2,1.5728695901953247
436666,1,7,4,0.3586790108976326
436675,1,7,9,5.944499166700377
436681,1,7,8,28.07946224603222
436716,1,7,8,23.417878278170395
436737,1,7,1,6.602608838030463
436738,1,7,4,0.3586790108976326
436760,1,7,9,18.34327794064692
436790,1,7,1,20.18067061664687
436800,1,7,9,21.323091151869228
436805,1,7,4,0.358679009087165
436811,1,7,6,7.1909486301515795
436812,1,7,10,14.496729828844671
436813,1,7,5,0.3586789934097332
436845,1,7,10,10.293874090987336
436847,1,7,5,0.3586789934097332
436853,1,7,9,20.590353887552826
436868,1,7,8,23.837099720849025
436876,1,7,4,0.3586790108976326
436880,1,7,5,0.3586789934097332
436910,1,7,9,15.242206302194205
436911,1,7,9,23.569559750914873
436921,0,7,0,0.02359673420729059
436926,1,7,8,22.79748857340044
436927,1,7,2,13.046115275868225
436929,1,7,5,0.3586789934097332
436930,1,7,8,15.461733891962197
436936,1,7,10,5.405728076795966
436944,1,7,8,7.802116198758228
436959,1,7,6,16.252236805698992
436964,1,7,3,2.376954696650674
436972,1,7,5,0.3586789934097332
437000,1,7,9,21.992634018197723
437006,0,7,0,0.012454351854850216
437008,1,7,6,17.004500571600683
437013,1,7,10,7.040882377049196
437026,1,7,7,2.2082707634689904
437027,1,7,4,0.3586790108976326
437033,1,7,5,0.3586789934097332
437034,1,7,7,3.5982197530934488
437039,1,7,1,12.119179953701574
437047,1,7,10,6.616107472212553
437069,1,7,9,26.377422364039795
437092,1,7,7,2.2848605472246777
437094,1,7,6,19.92764823196342
437097,0,7,0,0.008568940409167005
437110,1,7,6,23.765067786615905
437133,1,7,6,5.864125826079873
437149,0,7,0,0.02036513277713732
437153,1,7,8,19.81555640138755
437156,1,7,4,0.3586790108976326
437162,1,7,1,9.773520034050142
437175,1,7,9,24.980673645251258
437177,1,7,6,15.198236808865792
437214,1,7,10,17.409649857580053
437221,1,7,8,19.367842193669297
437226,1,7,4,0.3586790108976326
437231,1,7,7,1.1033606921336703
437232,1,7,8,20.044011550848033
437237,0,7,0,0.21434489576854435
437251,1,7,6,9.842406151116684
437254,1,7,7,2.103955143716535
437264,1,7,7,1.5367200774300627
437270,1,7,9,6.3173832136949395
437277,1,7,1,22.31735735305202
437278,1,7,7,4.382599133933879
437289,1,7,8,28.102019467553085
437300,1,7,3,2.1801193841030626
437321,1,7,9,22.067142234681405
437343,1,7,1,17.10317130023765
437349,1,7,8,12.121429077030042
437352,1,7,9,15.8450943073158
437355,1,7,4,0.3586790108976326
437361,1,7,4,0.358679009087165
437373,1,7,5,0.3586789949470627
437379,1,7,8,15.319856818165892
437396,1,7,4,0.3586790108976326
437398,1,7,6,21.26615160528386
437401,1,7,4,0.3586790108976326
437411,1,7,8,24.08388433363494
437433,1,7,5,0.3586789934097332
437451,1,7,7,4.512293353091057
437458,1,7,6,15.056757537273393
437464,1,7,9,26.432298616441148
437473,1,7,6,22.575154611201636
437490,1,7,7,2.7399476348581295
437493,1,7,1,22.7854110003124
437499,1,7,1,11.730933371195666
437508,1,7,10,10.285893588389587
437519,1,7,8,24.015032665244142
437534,1,7,10,21.270284554473566
437539,1,7,4,0.3586790108976326
437555,1,7,8,25.069412578537165
437558,1,7,5,0.3586789934097332
437577,1,7,6,10.601616514096602
437585,1,7,5,0.3586789934097332
437606,1,7,8,15.658457906810991
437617,1,7,4,0.3586790108976326
437639,1,7,4,0.3586790108976326
437642,1,7,8,12.97148991851344
437644,1,7,1,12.238367139879474
437655,1,7,9,22.29518530962615
437670,1,7,4,0.3586790108976326
437671,0,7,0,0.012437600241310564
437682,1,7,7,0.34941373042087315
437694,1,7,10,7.774290537597979
437700,1,7,5,0.3586789949470627
437712,1,7,10,21.247674579595696
437713,1,7,5,0.3586789934097332
437722,1,7,6,23.094462195452806
437727,1,7,7,1.3405055218374347
437729,1,7,7,3.6647704884561074
437736,1,7,6,10.932373659681652
437737,1,7,9,8.461102988449328
437741,1,7,5,0.3586789934097332
437743,1,7,8,14.655575996407293
437770,1,7,7,2.204025526866314
437779,1,7,7,2.2518855922832706
437796,1,7,8,20.445615519469474
437802,1,7,1,18.20629330195954
437815,1,7,4,0.3586790108976326
437819,1,7,6,23.575077904668422
437820,1,7,10,6.802125638013339
437829,1,7,7,4.516621728249761
437858,1,7,4,0.3586790108976326
437865,1,7,9,13.154775725812701
437872,1,7,9,17.110977264659624
437877,1,7,6,5.616417161208154
437911,1,7,10,21.254647247060827
437912,0,7,0,0.028043862321388367
437922,1,7,8,23.09925663751509
437927,0,7,0,0.029987721639670166
437937,1,7,3,1.7333123951347247
437938,1,7,6,22.446957766667644
437940,1,7,8,25.2937048208312
437947,1,7,6,9.207685450818868
437948,1,7,5,0.3586789934097332
437954,1,7,8,16.771594069708197
437971,1,7,6,7.599339499944858
437973,1,7,6,22.182086076957887
437997,1,7,6,16.29553949496674
438015,1,7,9,14.909630749956655
438030,1,7,5,0.3586789934097332
438036,1,7,9,22.8532763403663
438046,1,7,3,2.3880375547384847
438072,1,7,1,7.065751969042108
438097,1,7,7,3.666023884855892
438103,1,7,9,14.378786387191086
438131,1,7,2,11.226971193926033
438138,0,7,0,0.019623400493282966
438139,1,7,4,0.3586790108976326
438142,1,7,9,9.189233330144488
438149,1,7,8,25.69625337100704
438156,1,7,10,14.618249219093226
438159,1,7,10,11.537635935618647
438181,1,7,10,18.79433066835392
438184,1,7,1,17.04446348803685
438185,1,7,9,21.539123810141465
438188,1,7,1,10.885111320530777
438190,1,7,2,2.6326565698572795
438213,1,7,6,12.027950583215285
438215,1,7,10,12.03264188648287
438223,1,7,1,14.485956019796538
438232,1,7,8,26.281837207140132
438237,1,7,10,12.388127456812802
438243,1,7,10,5.642411213691857
438250,1,7,5,0.3586789934097332
438262,1,7,5,0.3586789934097332
438303,1,7,9,6.722747586405683
438313,1,7,9,24.053653705985308
438337,1,7,6,11.459641475310121
438341,1,7,5,0.3586789934097332
438351,1,7,1,4.542982860451336
438356,1,7,6,6.064119571892845
438359,1,7,4,0.3586790108976326
438391,1,7,7,3.8129037932052445
438402,1,7,4,0.3586790108976326
438411,1,7,6,7.422463334727605
438412,1,7,5,0.3586789934097332
438451,1,7,8,24.928739770557158
438465,1,7,5,0.3586789934097332
438472,1,7,5,0.3586789934097332
438476,1,7,5,0.3586789934097332
438496,1,7,8,16.625391870988565
438515,0,7,0,0.030130924521793615
438532,1,7,1,22.986230973050873
438543,1,7,9,16.638025381664754
438574,1,7,3,0.9079656570046891
438583,1,7,8,24.09409991615013
438598,1,7,3,2.3379377645211585
438599,1,7,9,17.126552732711414
438624,1,7,3,2.33814618566499
438625,1,7,7,0.9885778335592681
438642,1,7,10,20.57534811627801
438651,1,7,10,7.2202952198573485
438664,1,7,10,21.283218485726778
438676,1,7,9,6.867292843949927
438694,1,7,3,2.3621445017006093
438697,1,7,9,23.538538824794685
438707,1,7,5,0.3586789934097332
438713,1,7,1,21.42968342030369
438728,1,7,8,8.443858858389586
438732,1,7,7,3.5744739764872313
438737,1,7,5,0.3586789934097332
438745,1,7,9,24.12881673012098
438751,1,7,3,2.3993873456286785
438753,1,7,9,14.285912007377073
438775,1,7,8,22.218935624419682
438778,1,7,2,8.787415941941159
438790,1,7,8,28.138118011508187
438795,1,7,4,0.3586790108976326
438803,1,7,10,4.800204571188693
438804,1,7,7,0.8676730724095374
438806,1,7,6,11.670365527835592
438808,1,7,8,22.05723658370145
438831,1,7,10,20.293122578189717
438852,1,7,9,9.76383361018672
438858,0,7,0,0.025750620523032394
438866,1,7,6,14.28930570206687
438870,1,7,9,16.295937797459384
438887,1,7,5,0.3586789934097332
438895,1,7,4,0.3586790108976326
438899,1,7,3,2.366900341102193
438904,1,7,9,9.331386974452892
438907,1,7,6,19.0494151774905
438915,1,7,8,6.558967448966998
438919,1,7,8,5.427823075383787
438929,1,7,4,0.3586790108976326
438943,1,7,8,23.118934469087456
438948,1,7,6,22.635303535667823
438978,1,7,8,9.584395293588063
438979,1,7,9,24.029667587797896
438991,1,7,4,0.3586790108976326
439007,1,7,6,10.865450064752949
439018,1,7,10,19.41157748794269
439022,1,7,6,14.039487999499041
439023,1,7,5,0.3586789934097332
439034,1,7,7,1.57017031926236
439046,1,7,6,19.97474936208488
439068,1,7,2,11.938928651638154
439075,1,7,2,13.929019667179277
439102,1,7,9,22.58852958336826
439116,0,7,0,0.030027382586935315
439129,1,7,9,16.934628817363375
439153,1,7,9,24.560615063366196
439156,1,7,5,0.3586789934097332
439172,1,7,1,18.891566079773153
439179,1,7,9,2.644976382643082
439203,1,7,5,0.3586789934097332
439213,1,7,5,0.3586789934097332
439221,1,7,9,24.064958436461676
439224,1,7,9,9.488116788727854
439227,1,7,8,24.886122572918993
439237,1,7,5,0.3586789934097332
439242,1,7,7,4.275455982180477
439251,1,7,1,3.698327392355534
439254,1,7,3,2.017940882072919
439263,1,7,4,0.3586790108976326
439266,1,7,9,8.399804219277035
439279,1,7,1,21.468734866562926
439281,0,7,0,0.03631765632495467
439299,1,7,1,21.29825269815389
439329,1,7,4,0.3586790108976326
439338,1,7,8,9.90718952505088
439357,1,7,8,21.27694780017136
439359,0,7,0,0.07244667559681071
439370,1,7,4,0.358679009087165
439375,1,7,10,19.124239610172232
439379,0,7,0,0.025041275468122327
439383,1,7,3,2.1752831540526874
439391,1,7,1,10.289410817131095
439402,1,7,9,12.032051805257023
439404,1,7,9,6.190891693963688
439409,1,7,5,0.3586789934097332
439427,1,7,9,24.83191845839362
439433,1,7,5,0.3586789934097332
439442,1,7,9,15.899217534266603
439443,1,7,8,26.771072123513633
439451,1,7,9,25.846314936134206
439457,1,7,9,15.06201890137643
439479,1,7,6,12.591834931023861
439484,1,7,7,3.4728666657066567
439490,1,7,10,12.397766393510379
439514,1,7,7,3.8231401580164452
439523,1,7,1,7.624328100797868
439556,0,7,0,0.04675855451088859
439567,1,7,5,0.3586789934097332
439580,1,7,4,0.3586790108976326
439597,1,7,8,16.567805989070745
439602,1,7,9,13.378019147068404
439611,1,7,8,7.806286447916174
439627,1,7,9,5.239417318347251
439635,1,7,8,23.826027038212814
439639,1,7,5,0.3586789934097332
439652,1,7,7,2.852848817116246
439668,1,7,5,0.3586789934097332
439670,1,7,8,14.086341497663733
439674,1,7,1,20.207763729933095
439682,1,7,2,4.050724552179881
439686,1,7,1,21.527520436783995
439690,1,7,6,23.60215823965356
439724,1,7,3,1.0044976090781401
439727,1,7,10,5.8327427415888735
439747,1,7,8,3.2218378927468616
439750,1,7,6,21.102711106345367
439759,1,7,10,7.84892385150766
439766,1,7,9,25.149509605917835
439767,1,7,8,25.733876140603915
439768,1,7,5,0.3586789934097332
439779,1,7,3,2.3771255570008036
439781,1,7,4,0.3586790108976326
439793,1,7,5,0.3586789934097332
439808,1,7,5,0.3586789934097332
439809,1,7,8,10.589509142112023
439815,1,7,1,4.0229018147917595
439817,1,7,2,10.948562041289716
439832,1,7,3,0.6826810389829873
439844,1,7,8,4.339256490612111
439850,1,7,9,14.224517634345116
439854,1,7,8,26.537387312513015
439858,1,7,5,0.3586789934097332
439863,1,7,9,13.573782845096343
439872,1,7,6,23.99805426560466
439877,1,7,8,18.19232045563059
439880,1,7,1,14.545880112461225
439885,1,7,6,14.1200968011335
439896,0,7,0,0.02033370884712829
439909,1,7,5,0.3586789934097332
439923,1,7,6,7.938107235286456
439927,1,7,7,3.516838274042948
439932,1,7,8,17.31918555145907
439936,1,7,8,2.180298127333153
439959,1,7,9,3.1948820514970575
439960,1,7,10,10.614734186916163
439966,1,7,5,0.3586789934097332
440009,1,7,5,0.3586789934097332
440027,1,7,4,0.3586790108976326
440028,1,7,9,16.00972507809747
440031,1,7,1,23.207002338391707
440043,1,7,1,9.17738085814904
440048,0,7,0,0.026970470062743564
440056,1,7,5,0.3586789934097332
440063,1,7,10,12.102319604485118
440087,1,7,10,17.27576676936155
440106,1,7,8,23.879334348997777
440116,1,7,5,0.3586789934097332
440117,1,7,6,23.903009763756515
440131,1,7,9,14.428550511385412
440133,1,7,7,4.572150706221225
440136,1,7,5,0.3586789934097332
440170,1,7,7,3.253900763977803
440192,1,7,8,23.69630245031162
440196,1,7,9,16.228451690280874
440218,1,7,1,17.915170746862515
440225,1,7,8,27.806471988193003
440228,1,7,5,0.3586789934097332
440232,1,7,4,0.3586790108976326
440238,1,7,9,16.4421178060249
440265,1,7,10,17.087841030144038
440279,1,7,8,11.45743363386596
440281,1,7,5,0.3586789934097332
440282,1,7,4,0.358679009087165
440289,1,7,8,15.347942145675905
440304,1,7,6,18.18857306213531
440312,1,7,6,21.80086307096363
440315,1,7,5,0.3586789934097332
440316,1,7,9,21.511441466550416
440317,1,7,4,0.3586790108976326
440320,1,7,8,16.761401865232685
440326,1,7,3,2.2841114970110077
440327,1,7,5,0.3586789934097332
440335,1,7,9,11.147032963295073
440338,1,7,8,12.000406173689242
440343,1,7,9,25.000656598657283
440347,1,7,4,0.3586790108976326
440371,1,7,6,18.186055730970953
440375,1,7,5,0.3586789934097332
440376,1,7,10,13.993050529946991
440394,1,7,5,0.3586789934097332
440402,1,7,5,0.3586789934097332
440409,1,7,9,14.595193261007651
440413,1,7,4,0.3586790108976326
440444,1,7,7,1.5891030416994911
440453,1,7,9,16.678781780103886
440459,1,7,4,0.3586790108976326
440478,1,7,1,13.412822247114043
440494,1,7,7,1.9501979888026717
440499,1,7,8,18.969203522225023
440502,1,7,9,23.689009103755183
440504,0,7,0,0.017371267707524656
440511,0,7,0,0.012417663540305744
440519,1,7,10,18.78085954993489
440546,1,7,6,13.852127128408977
440567,1,7,5,0.3586789949470627
440609,1,7,2,2.6739213072238583
440610,1,7,4,0.3586790108976326
440616,1,7,9,12.931863205930375
440660,1,7,5,0.3586789934097332
440666,1,7,4,0.3586790108976326
440672,1,7,6,8.421357522339884
440673,0,7,0,0.0693174450352029
440680,1,7,10,14.704238743045211
440681,1,7,9,15.094092106815191
440690,1,7,3,1.906382818963602
440695,0,7,0,0.025625973343150338
440696,1,7,5,0.3586789934097332
440717,1,7,9,18.906773629012715
440740,1,7,5,0.3586789934097332
440756,0,7,0,0.03208091428308803
440757,1,7,2,5.851704445797917
440762,1,7,1,11.874894884192601
440765,1,7,8,13.565017843231345
440767,1,7,6,18.941656098260523
440787,1,7,8,27.082693217528806
440793,1,7,10,4.6484134730956805
440794,1,7,1,15.489028431828281
440802,1,7,5,0.3586789934097332
440805,1,7,10,10.734536824321724
440807,1,7,8,14.5338604001486
440811,1,7,2,10.95666955586793
440855,1,7,4,0.3586790108976326
440859,1,7,5,0.3586789934097332
440884,1,7,4,0.3586790108976326
440889,1,7,5,0.3586789934097332
440898,1,7,8,7.121987707568368
440905,1,7,9,19.489273717233974
440909,1,7,6,5.502935730267668
440917,0,7,0,0.02448807726191671
440944,1,7,4,0.3586790108976326
440948,1,7,9,13.377123708698955
440972,1,7,10,19.68367506441205
440978,1,7,3,2.013931130798602
440991,1,7,9,20.484517436691768
440992,1,7,1,9.959856946382924
441018,1,7,2,8.269126991775329
441025,1,7,7,1.120417461625169
441026,1,7,10,10.415461805309398
441032,1,7,3,2.4031050434600982
441085,1,7,6,22.995703088564145
441088,1,7,9,9.231997655844976
441090,1,7,9,15.285044004075381
441111,1,7,6,19.909366198379747
441119,1,7,8,12.83847174773253
441125,1,7,8,4.766465397558627
441132,0,7,0,0.21017824088559542
441135,1,7,5,0.3586789934097332
441136,1,7,6,5.721051421527092
441150,1,7,8,10.309319071172478
441153,1,7,8,25.180743399157606
441158,1,7,10,15.82588833784528
441160,1,7,10,18.90357886932723
441170,1,7,8,12.560403633332898
441189,1,7,8,22.91647577157826
441192,1,7,8,19.619569307640045
441194,1,7,1,18.085940298385747
441195,1,7,5,0.3586789934097332
441227,1,7,1,16.40101220512153
441237,1,7,9,24.45093066553556
441264,1,7,8,23.072037481635046
441266,1,7,9,17.848516531615708
441286,1,7,9,10.338388830423533
441305,1,7,10,8.50155703870964
441324,1,7,2,11.47860312969747
441331,1,7,9,2.6209714462016396
441335,1,7,4,0.3586790108976326
441338,1,7,5,0.3586789934097332
441356,0,7,0,0.021561748674711386
441359,1,7,6,18.183767926408226
441364,1,7,8,21.597875438438514
441367,1,7,9,16.450985026950814
441368,1,7,5,0.3586789934097332
441405,1,7,8,27.038922147480047
441415,1,7,8,14.446918871714697
441418,1,7,9,26.081887256700035
441421,1,7,5,0.3586789934097332
441432,1,7,6,21.154073908127664
441438,1,7,6,16.860781884897996
441440,1,7,5,0.3586789934097332
441443,1,7,2,11.18324368122119
441446,1,7,5,0.3586789934097332
441455,1,7,5,0.3586789934097332
441457,1,7,9,10.897168614510914
441465,1,7,5,0.3586789934097332
441468,1,7,9,8.41017491427871
441482,1,7,6,21.017527137089186
441493,1,7,9,22.16075502916206
441495,1,7,3,1.775928512153746
441497,1,7,4,0.3586790108976326
441501,1,7,4,0.3586790108976326
441518,1,7,3,0.7050281072827932
441524,1,7,7,3.009874151403502
441531,1,7,6,23.421192842014896
441541,1,7,9,25.849639453283586
441542,1,7,4,0.3586790108976326
441546,1,7,1,20.723252965683862
441553,1,7,2,1.8948295258832373
441555,1,7,5,0.3586789934097332
441556,1,7,7,4.6023757145778585
441572,1,7,9,16.68826665177253
441583,1,7,5,0.3586789934097332
441595,1,7,9,23.00766367869241
441608,1,7,6,7.337841521050881
441610,1,7,4,0.3586790108976326
441613,1,7,6,20.73962716227856
441623,1,7,9,15.25253103391146
441625,1,7,6,21.935238649575076
441645,1,7,8,25.647289200670446
441647,1,7,9,10.37645242714869
441652,1,7,2,9.667474054896537
441656,1,7,8,5.798653345912081
441660,1,7,5,0.3586789934097332
441666,1,7,5,0.3586789934097332
441683,1,7,3,2.40414165056731
441690,1,7,10,18.725811241795824
441720,1,7,8,4.216948045760895
441730,1,7,7,4.35554400558132
441742,0,7,0,0.026097781999747795
441744,1,7,5,0.3586789934097332
441746,1,7,9,19.441065574211283
441750,1,7,2,11.379193904388924
441758,1,7,4,0.3586790108976326
441763,1,7,4,0.358679009087165
441769,1,7,5,0.3586789949470627
441771,1,7,9,26.205331882452644
441776,1,7,10,21.23972409993012
441781,1,7,6,23.970642671542777
441785,1,7,10,14.758839426169985
441798,1,7,5,0.3586789934097332
441824,1,7,6,13.946053553352067
441867,1,7,1,22.93918988130974
441880,1,7,8,10.121192261595262
441904,1,7,6,18.823951716822307
441908,0,7,0,0.025143974950946942
441930,0,7,0,0.09344203487191886
441944,1,7,10,18.3782070317479
441952,1,7,10,6.417049544517098
441975,1,7,8,22.50213757911706
441987,1,7,1,21.103653528341567
441989,1,7,4,0.3586790108976326
442001,1,7,10,21.214260646758362
442033,1,7,4,0.3586790108976326
442039,1,7,5,0.3586789934097332
442059,1,7,9,21.088576426566316
442070,1,7,9,24.432681405228593
442091,1,7,6,7.414337915224449
442098,1,7,9,26.180738499640572
442101,1,7,9,8.54922258298785
442119,1,7,5,0.3586789934097332
442122,1,7,9,21.35915399406009
442133,1,7,1,14.524663461857537
442137,1,7,10,12.35685288530198
442148,1,7,9,6.056873130739203
442157,1,7,3,2.0103315488072595
442163,1,7,10,12.80023150847905
442178,1,7,5,0.3586789949470627
442179,1,7,10,8.084265121638332
442182,0,7,0,0.016604097996020487
442189,1,7,4,0.3586790108976326
442190,1,7,8,5.168626737369982
442247,0,7,0,0.011993444193457053
442264,1,7,9,12.194636345375933
442269,1,7,6,23.150746883553133
442281,1,7,8,16.79782969400653
442282,1,7,1,6.201610152506845
442286,1,7,9,23.680561941704045
442300,1,7,1,11.282894846522668
442303,1,7,7,2.0262359498854936
442312,0,7,0,0.03405791366772972
442329,1,7,6,15.04818432949343
442346,1,7,10,4.0408694620678585
442369,1,7,10,19.38258208105398
442374,1,7,6,23.058838213509244
442381,1,7,9,23.59142251216768
442403,1,7,4,0.3586790108976326
442425,1,7,9,11.033707867330746
442427,1,7,3,2.346496430922423
442428,1,7,6,13.50841022949678
442430,0,7,0,0.015409041076570715
442435,1,7,7,2.605590121125404
442440,0,7,0,0.01257364917421515
442441,1,7,5,0.3586789934097332
442450,1,7,10,20.93901804038343
442462,1,7,9,23.4984351138482
442466,1,7,8,8.537727411466745
442499,1,7,1,11.181738711662312
442506,1,7,1,12.792131088141208
442533,1,7,5,0.3586789949470627
442545,1,7,8,17.30970380394383
442548,1,7,6,22.925472499671564
442563,1,7,8,20.06990002470219
442574,1,7,8,24.62357922234863
442583,1,7,8,11.881576794174322
442595,1,7,9,16.44821074450158
442636,1,7,10,15.157054427558807
442651,1,7,9,5.951038707393172
442663,1,7,8,18.999341573883296
442669,1,7,8,27.01673362596641
442686,1,7,6,21.689459252688774
442692,1,7,7,4.457604680598425
442711,1,7,9,21.24138423140017
442714,1,7,9,25.657669585287735
442720,1,7,5,0.3586789934097332
442725,1,7,10,3.800880507317509
442747,1,7,9,25.111261791431463
442751,1,7,2,11.347289726112288
442761,0,7,0,0.023983586686750002
442771,1,7,6,16.465995632710765
442812,1,7,5,0.3586789934097332
442821,1,7,9,9.239224017480039
442830,1,7,9,15.41502673903161
442834,1,7,5,0.3586789934097332
442858,1,7,7,1.0842337388504208
442872,0,7,0,0.017172639056956023
442889,1,7,8,26.199839814552973
442890,1,7,6,12.817229449212062
442904,1,7,9,23.98439076894274
442910,1,7,10,19.113640673002074
442942,1,7,9,16.354935617964255
442956,1,7,8,16.2433728856587
442964,1,7,2,7.4975767918490925
442968,0,7,0,0.011784061314428293
442980,1,7,6,14.506569808092376
442999,1,7,5,0.3586789934097332
443000,1,7,5,0.3586789934097332
443017,1,7,4,0.3586790108976326
443019,1,7,4,0.3586790108976326
443025,1,7,4,0.3586790108976326
443038,1,7,5,0.3586789934097332
443053,1,7,9,25.955623801359348
443060,1,7,2,11.802687867360065
443066,1,7,6,9.505003744711146
443090,1,7,4,0.3586790108976326
443110,1,7,8,8.226575231873994
443111,1,7,5,0.3586789934097332
443136,1,7,8,13.38209041575796
443140,1,7,7,4.199486258068182
443180,1,7,8,19.46821619289643
443184,1,7,6,13.700279468275516
443186,1,7,1,20.52419384806194
443215,1,7,6,23.140889416267807
443234,1,7,8,24.490642874982278
443235,1,7,2,8.55463081514848
443236,1,7,4,0.3586790108976326
443240,1,7,8,6.968593297297015
443242,1,7,7,3.902654970074877
443248,1,7,9,16.53295585692561
443250,1,7,10,17.141769629359096
443253,1,7,8,14.96644517215611
443270,1,7,10,7.791455044452722
443294,1,7,5,0.3586789949470627
443316,0,7,0,0.022605701188913786
443334,1,7,6,10.177183744886367
443343,1,7,9,16.45590610715602
443348,1,7,5,0.3586789934097332
443350,1,7,2,4.278408850673453
443357,1,7,8,23.113918596038822
443361,1,7,8,18.383618460162946
443377,1,7,3,2.379806962880501
443385,1,7,3,2.354066115288741
443389,1,7,8,17.424538550103453
443391,1,7,10,12.105678879169142
443411,1,7,5,0.3586789934097332
443415,1,7,1,19.0172590388688
443425,1,7,5,0.3586789934097332
443431,1,7,1,18.08098852269641
443440,1,7,9,26.088509216017975
443460,1,7,8,19.95237156864746
443500,1,7,10,4.620618799490748
443504,1,7,6,20.71172791938214
443508,1,7,6,10.709215770036097
443522,1,7,4,0.3586790108976326
443525,1,7,9,26.374962993335778
443526,1,7,6,13.976732648248381
443528,1,7,9,14.255342697597305
443531,1,7,6,19.441111656758615
443534,1,7,1,6.303601852797439
443541,1,7,6,5.58609351707059
443543,1,7,10,7.91841669102723
443544,1,7,9,22.926030049540593
443560,1,7,10,7.549015898493461
443561,1,7,3,2.224017317159493
443573,1,7,10,11.620527151212283
443575,1,7,5,0.3586789949470627
443576,1,7,5,0.3586789934097332
443622,1,7,8,11.08813157320188
443643,1,7,6,7.139169349521427
443648,1,7,10,16.310539741150478
443659,1,7,1,18.09261792678635
443661,1,7,3,0.6087202963962446
443665,1,7,8,12.562286879433882
443673,1,7,6,10.438646696028522
443688,1,7,10,7.103127103582537
443694,1,7,9,15.185633366172166
443712,1,7,8,16.038978299598316
443718,1,7,8,24.358352982862172
443732,1,7,5,0.3586789934097332
443734,1,7,4,0.3586790108976326
443737,1,7,5,0.3586789934097332
443740,1,7,10,4.418145823862439
443752,1,7,5,0.3586789934097332
443768,0,7,0,0.014119240720612092
443776,1,7,6,14.035883220765806
443796,1,7,3,2.42894023880635
443806,1,7,8,18.628453253888086
443807,1,7,5,0.3586789934097332
443813,1,7,5,0.3586789934097332
443815,1,7,9,8.041875698176186
443821,1,7,9,25.445330550244314
443824,1,7,1,7.636894547929839
443829,1,7,7,1.0062240711187798
443839,1,7,4,0.3586790108976326
443842,1,7,7,2.9329004963844465
443861,1,7,10,18.7622375076625
443878,1,7,3,2.0683912348381295
443891,1,7,3,1.7251914108226574
443892,1,7,8,2.168990156707884
443916,1,7,1,8.27662477797262
443922,1,7,8,10.076960722038985
443926,1,7,9,11.041183652134366
443933,1,7,10,21.26102623265695
443937,1,7,6,17.830455051924055
443947,1,7,10,19.290714017208973
443950,1,7,9,23.322647703761042
443956,1,7,10,19.47475916754509
443965,1,7,7,2.926779378657878
443971,1,7,4,0.3586790108976326
443981,1,7,7,4.593818053686731
443982,1,7,9,9.097049813731696
443984,1,7,7,2.1287494699683758
443997,1,7,8,24.81259828976547
444002,1,7,8,8.446002028833677
444025,1,7,5,0.3586789934097332
444031,1,7,5,0.3586789934097332
444066,1,7,6,14.598377905600271
444081,1,7,10,10.095895832489624
444082,0,7,0,0.015203321516043708
444093,1,7,3,2.2808263946144107
444104,1,7,5,0.3586789934097332
444115,1,7,7,2.6055574692618597
444120,1,7,9,13.88421026822385
444135,1,7,10,4.5366678208009334
444153,1,7,4,0.3586790108976326
444162,1,7,7,4.324190879927845
444168,1,7,9,13.35959304863328
444169,1,7,3,1.1919673734507956
444209,1,7,4,0.358679009087165
444214,1,7,8,6.932163149755069
444221,1,7,9,24.07963297123919
444227,1,7,7,2.5077443242846718
444231,1,7,10,10.803652441348703
444244,1,7,9,13.298961484052347
444257,1,7,9,2.537826776391659
444268,1,7,9,9.929400247286024
444293,1,7,4,0.3586790108976326
444294,1,7,3,1.7682580117809026
444295,1,7,8,25.078177218151048
444318,1,7,8,5.466485815263458
444328,1,7,8,21.88784711183773
444330,1,7,1,21.197456970110526
444332,1,7,5,0.3586789934097332
444340,1,7,6,15.016404604927564
444347,1,7,8,23.028257160748858
444356,0,7,0,0.024236493421497862
444365,1,7,10,13.737940296677277
444366,1,7,10,5.688646598107548
444372,1,7,8,5.022470630328588
444416,1,7,4,0.3586790108976326
444418,1,7,4,0.3586790108976326
444426,1,7,9,10.774606269648718
444448,1,7,3,2.41437482766596
444452,1,7,5,0.3586789934097332
444532,1,7,9,25.964100182938914
444536,1,7,8,11.530768250338898
444545,0,7,0,0.030172246850962
444549,1,7,8,6.100870791320886
444568,1,7,1,11.142433246990354
444576,1,7,9,3.4975881834276046
444598,1,7,4,0.358679009087165
444599,1,7,1,16.090035601912447
444600,1,7,9,5.069258374755817
444611,1,7,4,0.3586790108976326
444612,1,7,8,4.821347561171894
444618,1,7,7,3.795790282845669
444619,1,7,6,23.146211997129942
444633,1,7,9,17.400504146712894
444651,1,7,6,6.216385838504958
444654,1,7,6,22.274239844571536
444661,1,7,5,0.3586789934097332
444670,0,7,0,0.017780247861637014
444680,1,7,10,4.941911410652059
444683,1,7,4,0.3586790108976326
444691,1,7,8,26.680580001948005
444705,1,7,6,20.867746140782206
444717,1,7,10,12.382837407616105
444727,1,7,4,0.3586790108976326
444741,1,7,1,20.043580334684368
444746,1,7,9,16.33420480236809
444759,1,7,10,10.970328767909661
444764,1,7,1,15.129966076354984
444775,1,7,6,14.09983626643085
444776,1,7,10,15.813283382318621
444781,1,7,9,18.441100861944804
444783,1,7,1,11.005729455120887
444787,1,7,6,14.482346363205364
444792,1,7,8,24.080020946034814
444801,0,7,0,0.027774123328628542
444803,1,7,7,3.6843508195994286
444810,1,7,7,3.503637521268287
444842,1,7,10,7.5279306426869
444863,1,7,3,2.352797830270741
444872,1,7,7,2.3296764502624256
444877,1,7,6,16.684141201496303
444887,1,7,3,1.922456479199545
444897,1,7,5,0.3586789934097332
444902,1,7,5,0.3586789934097332
444912,1,7,6,24.06235887308691
444918,1,7,2,7.464751152555587
444937,1,7,4,0.3586790108976326
444944,1,7,4,0.3586790108976326
444947,1,7,6,5.8117387039466495
444954,1,7,7,4.0039149793743025
444962,1,7,2,13.220593401922468
444966,1,7,7,4.020587741108386
444978,1,7,10,11.435237371002218
445003,1,7,6,23.393790713332542
445009,1,7,9,22.07213273498173
445014,1,7,8,18.11345003149517
445015,1,7,3,2.3014742612139605
445032,0,7,0,0.044305339058443714
445040,1,7,4,0.3586790108976326
445066,1,7,7,4.141617668233273
445071,1,7,5,0.3586789934097332
445072,1,7,8,27.95032841580462
445084,1,7,7,1.2070522819347476
445094,1,7,4,0.3586790108976326
445119,0,7,0,0.039571935540221925
445148,1,7,5,0.3586789934097332
445156,1,7,3,2.421915980612527
445160,1,7,4,0.3586790108976326
445163,1,7,4,0.3586790108976326
445169,1,7,4,0.3586790108976326
445186,1,7,4,0.358679009087165
445193,1,7,6,23.593622503781003
445202,1,7,10,21.267509764461426
445211,1,7,9,20.983804048100772
445238,1,7,6,7.659981412427517
445258,1,7,1,16.6931226012451
445266,1,7,3,2.3957989877834547
445274,1,7,3,2.3008369412640954
445284,1,7,1,22.655905601085664
445288,0,7,0,0.029712177460553147
445291,1,7,10,6.417806204117231
445295,1,7,8,13.338044868978526
445300,1,7,4,0.3586790108976326
445317,1,7,10,20.36443585432636
445325,1,7,9,12.176835179446469
445329,1,7,8,17.034343618868938
445343,1,7,4,0.3586790108976326
445355,1,7,5,0.3586789934097332
445377,1,7,9,9.166749056843996
445387,1,7,4,0.3586790108976326
445404,1,7,5,0.3586789934097332
445410,1,7,5,0.3586789934097332
445454,1,7,5,0.3586789934097332
445458,1,7,8,10.268626635270905
445468,1,7,8,27.8306866791817
445494,1,7,10,8.682886434694968
445504,1,7,9,15.018715903730682
445514,1,7,10,4.833318040329529
445517,1,7,6,14.170690847875422
445531,1,7,8,23.096847767823448
445534,1,7,4,0.3586790108976326
445564,1,7,9,21.813223193245072
445567,1,7,9,14.50902560904306
445587,1,7,7,1.7203897394065106
445599,1,7,9,16.822070444393315
445606,1,7,2,14.0293548390678
445608,1,7,6,12.634250498642707
445612,1,7,5,0.3586789934097332
445623,1,7,8,5.1623274562224655
445638,1,7,5,0.3586789934097332
445664,1,7,4,0.3586790108976326
445666,1,7,9,18.608736047633737
445671,1,7,9,5.782290976723488
445679,1,7,6,23.679226339049976
445695,1,7,5,0.3586789934097332
445701,1,7,10,17.734548469428496
445713,1,7,9,16.207109950800977
445724,1,7,9,18.53714218590393
445727,1,7,9,26.26653442095461
445733,1,7,1,7.48785998089996
445734,1,7,8,13.649013830636505
445750,1,7,4,0.3586790108976326
445755,1,7,9,15.27759731218865
445757,1,7,10,9.065339872469716
445764,1,7,4,0.3586790108976326
445768,1,7,8,18.819361660429628
445774,1,7,5,0.3586789934097332
445808,1,7,6,11.851646896110552
445821,1,7,5,0.3586789934097332
445850,1,7,6,3.823274851123766
445854,1,7,10,9.208337892191812
445860,1,7,6,17.48227944602445
445897,1,7,5,0.3586789934097332
445911,1,7,9,4.770242251632369
445927,1,7,10,5.54070792200592
445935,1,7,4,0.358679009087165
445942,1,7,4,0.3586790108976326
445951,1,7,1,22.64441319644895
445964,1,7,4,0.3586790108976326
445968,1,7,10,19.343735596355003
445970,1,7,2,2.7721847471241894
446010,1,7,8,14.694274650354956
446019,0,7,0,0.027441306335327386
446021,1,7,6,16.667744234301296
446033,0,7,0,0.01234213680595334
446045,1,7,9,25.65598478664822
446067,1,7,9,15.64588875253736
446087,1,7,10,12.050638059736508
446098,0,7,0,0.012159777052799813
446110,1,7,4,0.3586790108976326
446114,1,7,10,16.420533444991825
446118,1,7,7,2.565820611055974
446123,1,7,10,9.680294253599929
446124,1,7,6,23.520529440307765
446133,1,7,5,0.3586789934097332
446136,1,7,7,1.4089203887342974
446190,1,7,6,4.236059844559635
446194,1,7,9,25.55757905989228
446201,1,7,5,0.3586789934097332
446203,1,7,9,9.807156484097474
446221,1,7,9,26.24771994736818
446228,1,7,9,26.363937542286084
446237,0,7,0,0.025516002505192203
446243,1,7,5,0.3586789934097332
446253,1,7,6,12.042871852720168
446264,1,7,4,0.3586790108976326
446285,1,7,10,11.413970253357506
446290,1,7,7,1.934699804154986
446302,1,7,6,19.0503772830136
446315,1,7,8,21.989661109758746
446326,1,7,9,11.27335996561061
446363,1,7,9,20.761397965620663
446370,1,7,9,14.14764913150713
446376,1,7,9,24.568050915333597
446398,1,7,3,2.3752420871046085
446401,1,7,5,0.3586789934097332
446403,1,7,5,0.3586789934097332
446404,1,7,5,0.3586789934097332
446408,1,7,3,2.2013248787877324
446411,1,7,7,3.259835399525595
446412,0,7,0,0.09559859801636349
446424,1,7,9,24.076912109488397
446444,1,7,8,18.51068660917053
446446,1,7,6,13.62138460464525
446447,1,7,5,0.3586789934097332
446455,1,7,9,22.501312389929193
446472,0,7,0,0.025781527695193433
446489,1,7,5,0.3586789934097332
446503,1,7,8,20.410703616495596
446515,1,7,8,22.466467198480085
446535,0,7,0,0.06594555148725198
446547,1,7,10,16.70436964404727
446562,1,7,7,0.6420794819723208
446585,1,7,5,0.3586789934097332
446586,1,7,8,23.079839396732602
446601,1,7,10,10.23241337453482
446610,1,7,8,7.229804852083079
446620,1,7,8,18.92653701192359
446624,1,7,10,14.71636137152739
446630,1,7,9,12.322764630607978
446652,1,7,9,5.526131760618656
446662,1,7,10,18.1294816876295
446669,1,7,2,11.973359433037016
446678,1,7,1,13.31591159010886
446693,1,7,10,16.6963100687226
446703,1,7,9,16.760090410182553
446730,1,7,8,15.239655659077723
446744,1,7,9,16.475930032557127
446748,1,7,6,10.536098824922925
446754,1,7,8,15.652347717749953
446764,1,7,5,0.3586789934097332
446769,1,7,4,0.3586790108976326
446770,1,7,6,21.88092019040441
446775,1,7,4,0.3586790108976326
446776,1,7,6,11.417211681061472
446785,1,7,2,4.530778568889528
446808,1,7,4,0.3586790108976326
446810,1,7,1,13.90138444207212
446811,1,7,9,25.716737840778674
446851,1,7,10,14.566628108810642
446870,1,7,4,0.3586790108976326
446873,1,7,6,13.964676525046922
446904,1,7,4,0.3586790108976326
446907,1,7,8,19.521207727313595
446910,1,7,4,0.3586790108976326
446915,1,7,5,0.3586789934097332
446916,1,7,9,23.317361539538204
446955,1,7,4,0.3586790108976326
446960,1,7,8,5.475530533177711
446980,1,7,5,0.3586789934097332
446989,1,7,7,2.129215379150524
446998,1,7,9,26.468323296266437
447021,1,7,8,15.521957523500134
447024,1,7,10,19.387086964564354
447034,1,7,10,12.33926069039435
447037,1,7,5,0.3586789934097332
447040,1,7,4,0.3586790108976326
447041,1,7,8,23.118011654975877
447047,1,7,5,0.3586789934097332
447050,1,7,6,14.94873704646889
447054,1,7,6,22.38316672982691
447057,0,7,0,0.023876548929721034
447064,0,7,0,0.014595515371771436
447075,1,7,2,11.05222234407634
447076,1,7,6,23.061234557813123
447091,1,7,2,12.495389602632864
447105,1,7,5,0.3586789934097332
447108,1,7,1,18.120205236703022
447117,1,7,3,2.0786522343874827
447123,1,7,9,7.178980865278016
447149,1,7,8,21.749166813705394
447157,1,7,1,5.169460928966098
447159,1,7,8,10.525800555674271
447162,1,7,5,0.3586789934097332
447168,1,7,8,3.7716841708323847
447170,1,7,8,21.399213505025052
447184,1,7,8,17.81903114581955
447188,1,7,5,0.3586789934097332
447195,1,7,1,7.0414920714672204
447213,1,7,1,21.847901414067767
447215,1,7,5,0.3586789934097332
447240,1,7,7,0.3492661614548721
447260,1,7,4,0.358679009087165
447269,1,7,10,18.372412899693153
447274,1,7,9,14.401440472993642
447275,1,7,10,20.45993880006087
447285,1,7,4,0.3586790108976326
447295,1,7,4,0.3586790108976326
447300,1,7,6,14.864730376860752
447310,0,7,0,0.012360214170780674
447335,1,7,3,2.4038949688810862
447338,1,7,2,7.904611410318306
447339,1,7,6,23.59601672413934
447346,1,7,8,20.24604969432049
447351,1,7,1,9.45064573572508
447353,1,7,8,22.05546676189877
447377,1,7,5,0.3586789934097332
447385,1,7,9,23.002998831739028
447395,1,7,6,12.157919710150157
447428,1,7,8,13.315676433059485
447430,1,7,9,14.895077167815781
447434,1,7,4,0.3586790108976326
447456,1,7,10,15.931056458625065
447458,1,7,4,0.3586790108976326
447461,1,7,8,8.733040206558375
447463,1,7,9,16.681314450230555
447467,1,7,6,17.692403559534636
447473,1,7,9,26.380401171004436
447479,1,7,9,14.15791719967587
447496,1,7,9,15.538231218580055
447508,1,7,6,18.252549133711767
447510,1,7,7,0.8844394170838786
447518,1,7,8,14.414290929390713
447519,1,7,4,0.3586790108976326
447549,1,7,5,0.3586789949470627
447570,1,7,9,16.32502507717211
447572,1,7,2,6.0871266163886695
447575,1,7,5,0.3586789934097332
447577,1,7,5,0.3586789934097332
447582,1,7,4,0.3586790108976326
447593,1,7,5,0.3586789934097332
447599,1,7,9,18.6508198190984
447632,1,7,10,8.182233971857292
447642,1,7,2,10.100638265162585
447648,1,7,9,7.338406840366607
447677,1,7,8,19.630030835879182
447678,1,7,10,13.656699665005828
447684,1,7,9,12.00009603528347
447688,1,7,5,0.3586789934097332
447690,1,7,7,0.8232473879853571
447714,0,7,0,0.029601654822753728
447716,1,7,8,10.251526713143019
447729,1,7,8,12.078590185377585
447738,1,7,8,9.060135695802987
447747,1,7,7,1.9617680882512605
447756,1,7,4,0.3586790108976326
447757,1,7,6,23.189875017961796
447770,1,7,7,1.2749956304292676
447785,1,7,3,2.0775851146725413
447794,1,7,4,0.3586790108976326
447798,1,7,7,3.0083929418658233
447803,1,7,2,5.05536908670314
447808,1,7,2,10.275164800188385
447828,1,7,2,10.20118091432588
447833,1,7,1,18.123993301678702
447851,1,7,6,20.183293319999404
447861,0,7,0,0.011899655524310685
447866,1,7,9,25.366016633792587
447874,1,7,7,3.788020630993863
447875,1,7,9,26.284359924891973
447894,1,7,2,13.970671713537103
447901,1,7,8,14.680634615374936
447937,1,7,1,15.590790859604892
447939,1,7,1,12.339687877892146
447950,1,7,8,17.554946144859738
447952,1,7,6,10.203656832829484
447975,1,7,10,8.820574580776855
447978,1,7,4,0.3586790108976326
447981,1,7,2,9.132880393430717
448000,1,7,9,25.480972680965195
448001,1,7,7,0.7234553778695086
448010,1,7,4,0.3586790108976326
448013,1,7,8,22.79694152395251
448020,1,7,5,0.3586789934097332
448036,1,7,9,5.647946329190647
448045,1,7,8,16.21200632584049
448058,1,7,6,6.527348202792208
448060,1,7,5,0.3586789934097332
448069,1,7,7,1.8466495033033794
448082,1,7,1,18.927955213186145
448093,1,7,5,0.3586789934097332
448103,1,7,9,10.660073155446597
448152,1,7,8,15.41766646741492
448157,1,7,10,10.06048547097701
448163,1,7,6,14.491724785405442
448189,1,7,6,21.10724519619078
448205,1,7,9,22.152941200735217
448216,1,7,8,24.806014220465467
448224,1,7,9,15.790001103403721
448234,1,7,10,18.771478719197322
448249,1,7,3,2.408849418614011
448255,1,7,9,19.751778685262067
448260,1,7,1,10.200787033832743
448271,1,7,4,0.3586790108976326
448277,1,7,8,17.03506675848271
448291,1,7,10,15.876626478624273
448293,1,7,8,6.812265071527837
448300,1,7,1,19.15579075351342
448305,1,7,8,18.909008376797928
448314,1,7,9,15.248619596422373
448321,1,7,9,16.84941528870218
448337,1,7,8,28.54115104002773
448338,1,7,9,20.434111042729175
448359,1,7,7,2.3391105079933627
448363,1,7,4,0.3586790108976326
448370,1,7,5,0.3586789934097332
448382,1,7,8,19.887225879122347
448392,1,7,8,6.9385351518248415
448401,1,7,6,7.57322484002067
448403,1,7,6,15.385566302672188
448412,1,7,6,19.440033559969784
448437,1,7,7,2.7314236016671227
448448,1,7,9,12.752200480340218
448451,1,7,6,23.196293548532843
448458,1,7,6,7.140176381330489
448470,1,7,5,0.3586789934097332
448476,1,7,8,7.869986622083829
448496,1,7,9,13.450971187351733
448497,1,7,9,15.064421218312733
448532,1,7,4,0.3586790108976326
448535,1,7,8,19.663252674422406
448557,1,7,5,0.3586789949470627
448558,1,7,5,0.3586789934097332
448570,1,7,8,28.188300314405478
448581,1,7,8,5.225396739351343
448585,0,7,0,0.01180105442287732
448595,1,7,9,12.184221126321546
448633,1,7,6,17.0664610479356
448638,0,7,0,0.026261281465071167
448642,0,7,0,0.018377474103081402
448659,1,7,2,2.5881061320090524
448673,1,7,4,0.3586790108976326
448683,1,7,5,0.3586789934097332
448688,1,7,5,0.3586789934097332
448706,0,7,0,0.033529390608050096
448710,1,7,7,2.5317484979852867
448711,1,7,9,5.804937269779382
448714,1,7,7,2.3737926004933105
448731,1,7,1,11.936869968450138
448745,1,7,8,13.57372232750235
448773,1,7,8,11.375668196132212
448778,1,7,1,11.496746628193211
448779,1,7,9,20.863022515566975
448791,1,7,8,25.460119813395924
448795,1,7,9,23.477246346803245
448804,1,7,9,22.415161688096433
448806,1,7,6,21.694749398140612
448822,1,7,9,16.19783541507593
448832,1,7,6,23.437346801989786
448840,1,7,4,0.3586790108976326
448846,1,7,9,25.52760348442467
448847,1,7,6,22.958246899776782
448848,0,7,0,0.012416102773355392
448855,1,7,5,0.3586789949470627
448868,1,7,9,23.200194081135677
448871,0,7,0,0.027227785294442287
448897,1,7,9,7.94278941624828
448914,1,7,9,23.421125533216355
448916,1,7,5,0.3586789934097332
448946,1,7,9,24.530888439771438
448974,0,7,0,0.02765100508634745
448984,1,7,8,25.51716248001542
448986,1,7,10,8.661327024559718
448994,1,7,10,15.814233189346806
448998,1,7,5,0.3586789934097332
449006,1,7,6,23.215216787912265
449020,1,7,7,4.473035193678176
449032,1,7,9,14.7749273595138
449066,1,7,8,4.944757232770895
449071,1,7,1,13.512220689776022
449087,1,7,5,0.3586789934097332
449102,1,7,9,17.00520556043273
449107,1,7,1,23.089979631482155
449108,1,7,5,0.3586789934097332
449133,1,7,1,12.636372314773416
449134,1,7,9,14.570211894159637
449140,1,7,9,16.48887829487828
449143,1,7,1,9.790039514242029
449157,1,7,9,16.71483819161072
449159,1,7,9,24.773372122272253
449188,1,7,6,21.61136939439932
449189,1,7,10,11.967180663549863
449191,1,7,2,11.347845771022971
449196,1,7,4,0.3586790108976326
449203,1,7,9,25.696136419962443
449213,1,7,5,0.3586789949470627
449227,1,7,1,20.58502393088093
449229,1,7,5,0.3586789934097332
449231,1,7,4,0.3586790108976326
449239,1,7,8,27.14254736332964
449242,1,7,6,17.549265911941905
449248,1,7,5,0.3586789934097332
449275,0,7,0,0.19864889641200903
449276,1,7,9,15.818079740235017
449282,0,7,0,0.020201686015669306
449296,1,7,4,0.3586790108976326
449301,1,7,9,16.553056663075164
449317,1,7,6,23.082273280011318
449354,1,7,10,7.970512118745235
449364,1,7,1,15.161597613079675
449367,1,7,6,9.707446391152095
449378,1,7,9,7.004592136777899
449382,1,7,4,0.3586790108976326
449385,1,7,10,5.828133732654428
449386,1,7,9,16.81527691529222
449400,1,7,4,0.3586790108976326
449403,1,7,7,4.512098323248193
449421,1,7,6,22.584071090047466
449423,1,7,6,23.993950801379256
449430,1,7,6,18.92621779030495
449447,1,7,6,12.395315694283596
449461,1,7,7,2.5614040829167126
449474,1,7,6,10.927815594531285
449477,1,7,8,10.874875633617423
449525,1,7,9,20.669115819836502
449546,1,7,9,15.959475258115823
449549,1,7,6,23.139281307822415
449555,1,7,6,14.661586801426989
449565,1,7,5,0.3586789934097332
449578,1,7,6,18.99104315967836
449579,1,7,10,21.22631850651541
449584,1,7,4,0.3586790108976326
449595,1,7,10,9.175645575973615
449605,1,7,5,0.3586789934097332
449607,1,7,1,21.657748188968032
449621,1,7,4,0.3586790108976326
449623,1,7,4,0.3586790108976326
449630,1,7,10,16.84223830896477
449680,1,7,5,0.3586789934097332
449689,1,7,9,11.335645667079541
449691,1,7,1,11.558670831424129
449692,1,7,4,0.3586790108976326
449701,1,7,5,0.3586789934097332
449702,1,7,3,2.2575284624946317
449706,1,7,5,0.3586789934097332
449732,1,7,9,24.448054247707116
449734,1,7,9,15.329029295248871
449735,1,7,4,0.3586790108976326
449742,1,7,6,23.85847560096947
449749,0,7,0,0.017277290882341746
449754,1,7,3,2.237400426780663
449761,1,7,4,0.3586790108976326
449766,1,7,3,2.069281384797826
449797,1,7,1,6.972747647338643
449801,1,7,3,2.452602153837808
449803,1,7,10,21.27497287515681
449824,1,7,8,23.945383377796517
449832,1,7,9,14.460834393524374
449851,1,7,5,0.3586789949470627
449855,1,7,9,17.10469810504167
449872,1,7,9,7.3772032149775155
449890,1,7,1,22.795130779614038
449893,1,7,6,20.152909974803077
449900,1,7,9,13.455404249052663
449925,1,7,10,10.680623765218472
449962,1,7,8,5.140218712878885
449967,1,7,9,8.780763218782923
449974,1,7,9,23.513214504737473
449982,1,7,10,13.539103717741323
449984,1,7,9,4.179791667184655
450002,1,7,5,0.3586789934097332
450003,1,7,9,7.775953545322104
450005,1,7,4,0.3586790108976326
450011,1,7,10,21.23754085642036
450023,1,7,3,1.2659498980291126
450027,1,7,1,10.222227998495564
450030,1,7,1,21.72688729822642
450076,1,7,5,0.3586789934097332
450090,1,7,7,1.1816763890443587
450151,1,7,8,15.187661203032913
450156,0,7,0,0.024222665442656933
450168,1,7,5,0.3586789934097332
450184,1,7,5,0.3586789934097332
450192,1,7,1,18.131947513274206
450194,1,7,4,0.3586790108976326
450203,1,7,1,20.233738175832634
450216,1,7,8,10.267518489323487
450243,1,7,8,13.034349339869937
450258,1,7,5,0.3586789934097332
450259,1,7,6,20.655360663969024
450272,1,7,4,0.358679009087165
450278,1,7,9,13.682580934624685
450294,1,7,6,20.371868881815104
450298,1,7,1,14.155458969992665
450328,1,7,5,0.3586789934097332
450339,1,7,8,9.675711840309637
450343,1,7,10,12.278973106418757
450349,0,7,0,0.023180911578415616
450351,0,7,0,0.031711755037901176
450369,1,7,10,14.467075924713704
450387,1,7,4,0.3586790108976326
450397,1,7,5,0.3586789934097332
450404,1,7,10,13.508768019870207
450413,1,7,9,6.589608285693269
450423,1,7,5,0.3586789934097332
450431,1,7,4,0.3586790108976326
450435,1,7,9,16.195908630816184
450463,1,7,6,13.741535008969372
450478,1,7,2,6.5913085761118255
450483,1,7,10,8.814278300394466
450515,1,7,1,7.4569567064653635
450521,1,7,5,0.3586789934097332
450529,1,7,1,7.947982465628218
450535,1,7,9,25.848625918971553
450613,1,7,9,23.51471501850619
450621,1,7,8,14.615440406944208
450627,1,7,7,3.526186268736578
450637,1,7,8,16.84893207897031
450638,1,7,7,1.9558388224280978
450647,1,7,7,1.4469605497034885
450653,1,7,10,11.287548364979546
450659,1,7,6,23.554026279687843
450667,1,7,7,1.8746389829169483
450669,1,7,9,22.973199189937425
450674,1,7,8,14.404185395201468
450677,1,7,7,4.176810962519646
450684,1,7,9,25.31807043175141
450700,1,7,9,21.096337336250233
450719,1,7,5,0.3586789934097332
450735,1,7,1,21.733346814363696
450737,1,7,9,5.0166588693869505
450741,1,7,9,21.317826893342602
450749,1,7,8,14.900995507522163
450754,1,7,4,0.3586790108976326
450764,1,7,9,16.41573630964357
450771,1,7,5,0.3586789934097332
450793,1,7,10,11.199895949893126
450814,1,7,9,22.810347205657795
450815,1,7,5,0.3586789934097332
450819,1,7,9,14.96471325324811
450825,1,7,10,16.936412144870783
450836,1,7,5,0.3586789934097332
450843,1,7,9,18.880165291230018
450847,1,7,10,16.459142215486484
450857,1,7,10,18.754366246560487
450874,1,7,6,14.584220779561115
450882,1,7,6,14.858425669732393
450890,0,7,0,0.012797334389715496
450906,1,7,6,14.536232707950523
450938,1,7,4,0.3586790108976326
450964,1,7,6,16.697955112327783
451000,1,7,2,13.643719846566555
451003,1,7,8,6.360538484586556
451031,0,7,0,0.03237900084348335
451032,1,7,4,0.358679009087165
451035,1,7,7,4.382466184265527
451041,1,7,9,9.82909417967493
451078,1,7,1,22.89969156688363
451105,1,7,6,23.71538823773477
451110,1,7,8,19.16339152420052
451134,1,7,8,10.349976710987004
451150,1,7,6,5.945187675879174
451154,1,7,5,0.3586789934097332
451157,1,7,10,10.998859445383086
451161,1,7,6,11.846883751082844
451168,1,7,6,23.027833657667287
451175,1,7,7,1.983564442016948
451178,1,7,1,13.775295472367006
451181,1,7,1,18.76715649117938
451186,1,7,8,28.55889663671894
451198,1,7,8,26.209948985811042
451201,1,7,4,0.3586790108976326
451206,1,7,10,8.880900549284995
451207,1,7,2,4.313145354471832
451215,1,7,8,28.32096863849389
451220,1,7,5,0.3586789934097332
451222,1,7,6,19.412523044147715
451240,1,7,7,2.361611486249414
451243,1,7,6,18.14692551707199
451246,1,7,9,22.801740661642956
451276,1,7,5,0.3586789934097332
451282,1,7,5,0.3586789934097332
451286,1,7,10,14.525549813639211
451299,1,7,5,0.3586789934097332
451322,1,7,2,7.7538024339221545
451329,0,7,0,0.02855203575927734
451358,1,7,9,24.776792158176427
451371,1,7,5,0.3586789949470627
451379,1,7,1,12.96133536859213
451387,1,7,6,18.72342232520124
451396,1,7,9,15.279693830652972
451412,1,7,10,17.604110490381064
451429,0,7,0,0.022418813087368566
451435,1,7,6,5.567031046465896
451446,1,7,5,0.3586789934097332
451459,1,7,9,26.10950906493367
451480,1,7,6,19.952546619079673
451488,1,7,1,8.328411038739167
451493,1,7,6,7.894992407467198
451494,1,7,9,13.768422762585512
451497,1,7,9,11.642548006319311
451498,1,7,6,15.47692336595195
451499,1,7,4,0.3586790108976326
451502,1,7,9,20.74494696661926
451513,1,7,9,17.42856195383651
451516,0,7,0,0.02369781836402389
451527,1,7,4,0.3586790108976326
451528,1,7,9,25.700084243686014
451539,1,7,5,0.3586789934097332
451543,1,7,5,0.3586789934097332
451544,1,7,10,9.12934167622092
451555,1,7,2,7.197630916412134
451561,1,7,10,19.12089695749828
451576,1,7,8,11.675382348012995
451583,1,7,10,13.475293091328274
451586,1,7,4,0.3586790108976326
451588,1,7,5,0.3586789934097332
451603,1,7,2,11.367162265617122
451605,1,7,5,0.3586789949470627
451619,1,7,1,16.102517531825594
451632,1,7,6,23.76775496269435
451633,1,7,9,24.37129827615093
451638,1,7,5,0.3586789934097332
451683,1,7,5,0.3586789934097332
451688,1,7,8,16.691391255516308
451690,1,7,7,2.451682827531026
451702,1,7,9,17.714280003421916
451704,1,7,9,5.765827657501399
451711,1,7,9,16.15712228458148
451713,1,7,4,0.3586790108976326
451715,1,7,9,14.825822561538704
451732,0,7,0,0.016401423291024873
451738,1,7,9,9.564959705784528
451770,1,7,5,0.3586789934097332
451780,1,7,7,2.331797687713096
451783,1,7,4,0.3586790108976326
451796,1,7,8,21.093586861589962
451797,1,7,7,3.9521650381799462
451800,1,7,9,11.911448512484686
451805,0,7,0,0.020989327571788192
451811,1,7,4,0.3586790108976326
451822,1,7,9,14.389745451598957
451823,1,7,8,20.46113300960935
451825,1,7,4,0.3586790108976326
451832,1,7,4,0.3586790108976326
451850,1,7,8,21.405763223578486
451859,1,7,10,7.676798180884465
451860,1,7,4,0.3586790108976326
451878,1,7,5,0.3586789934097332
451880,1,7,9,26.129050751661715
451882,1,7,5,0.3586789949470627
451891,1,7,4,0.358679009087165
451904,1,7,5,0.3586789934097332
451912,1,7,10,18.134480406572973
451915,1,7,5,0.3586789934097332
451953,1,7,8,10.710287045014885
451960,1,7,9,25.44557777369811
452003,1,7,6,13.213200908617884
452004,1,7,9,16.27545394422593
452039,1,7,1,6.197196193030749
452047,1,7,7,2.591049513421018
452063,1,7,1,7.199396712405679
452067,1,7,6,15.349844915151191
452071,1,7,8,15.07486099945098
452081,1,7,6,19.92218266613946
452095,1,7,6,15.017119993366912
452131,1,7,9,17.968886370877065
452157,1,7,6,7.892920655433888
452165,1,7,9,9.585982797647343
452199,1,7,6,10.474276317869336
452202,1,7,8,12.07412975854545
452211,1,7,5,0.3586789934097332
452236,1,7,4,0.3586790108976326
452237,1,7,1,19.304239741051706
452245,1,7,9,4.495588348990293
452248,1,7,8,16.449005298535905
452252,1,7,9,17.276075897035437
452255,1,7,1,4.27042448143145
452275,1,7,1,10.388769829187835
452300,1,7,9,24.077696244762407
452315,1,7,4,0.3586790108976326
452324,1,7,5,0.3586789934097332
452329,1,7,10,10.040183322562767
452332,1,7,5,0.3586789949470627
452337,1,7,1,22.63512840560016
452346,1,7,9,9.271403628770091
452348,1,7,10,3.551854057424887
452351,1,7,6,22.92519047514877
452366,1,7,9,26.16451922648143
452368,1,7,6,17.152205888176972
452387,1,7,6,23.61639365140394
452390,1,7,9,25.90238607337925
452394,1,7,5,0.3586789934097332
452395,1,7,9,4.281961359512374
452411,1,7,4,0.3586790108976326
452412,1,7,8,14.101758728154081
452415,1,7,5,0.3586789934097332
452417,1,7,9,24.121926488842522
452428,1,7,5,0.3586789934097332
452444,1,7,5,0.3586789934097332
452445,1,7,5,0.3586789934097332
452446,1,7,6,10.991790373232709
452456,1,7,5,0.3586789934097332
452458,1,7,6,5.326036879429523
452465,1,7,9,24.0335940627363
452487,0,7,0,0.012436905462549691
452492,1,7,8,8.757711269476712
452507,1,7,10,12.218141008311052
452513,1,7,9,24.37976862535224
452514,1,7,6,13.085205774582231
452520,1,7,9,16.071786399514053
452523,1,7,9,20.627581869584137
452528,1,7,8,12.964067547856155
452534,1,7,9,16.001740209202104
452550,1,7,10,16.93439711334521
452562,1,7,6,23.39110144210908
452575,1,7,1,21.73544537692007
452620,1,7,6,18.707187492321207
452622,1,7,10,9.481306831164206
452626,1,7,6,10.233867873366378
452637,1,7,5,0.3586789934097332
452644,1,7,7,2.5366987328626736
452661,1,7,4,0.3586790108976326
452665,1,7,1,17.598597742817017
452679,1,7,5,0.3586789934097332
452683,1,7,5,0.3586789934097332
452718,1,7,7,4.203108213462654
452720,1,7,5,0.3586789934097332
452724,1,7,3,1.9095315019747827
452726,1,7,6,22.65801027593407
452744,1,7,4,0.3586790108976326
452759,1,7,2,8.323821713264584
452760,1,7,9,18.788799283882923
452774,1,7,9,22.01418704853639
452775,1,7,5,0.3586789934097332
452777,1,7,9,15.593981422961019
452809,1,7,4,0.3586790108976326
452822,1,7,10,9.174723574430056
452842,1,7,8,22.28505204436631
452859,1,7,9,14.1559686012248
452897,1,7,5,0.3586789934097332
452919,1,7,9,11.684231711316764
452923,1,7,6,19.451647483790786
452925,1,7,2,0.9762549762491759
452927,1,7,9,9.285324126511599
452936,1,7,7,1.8547986035017456
452954,1,7,10,17.730809244457642
452968,1,7,6,16.30608361416323
452979,1,7,3,1.3768386927250253
452980,1,7,8,25.75227311525669
452981,1,7,4,0.3586790108976326
452994,1,7,1,7.512998989080698
452996,1,7,10,9.955354638195908
452998,1,7,9,17.433423906561647
452999,0,7,0,0.026371355843502156
453000,1,7,7,1.2856846659784917
453004,1,7,4,0.3586790108976326
453007,1,7,4,0.3586790108976326
453013,1,7,9,23.448728270103693
453017,1,7,4,0.3586790108976326
453027,1,7,6,15.189535563435424
453033,1,7,7,0.35607826010911325
453043,1,7,5,0.3586789934097332
453047,0,7,0,0.014724282951226731
453049,1,7,4,0.3586790108976326
453064,1,7,4,0.3586790108976326
453075,1,7,8,14.515410407020576
453077,1,7,4,0.3586790108976326
453087,1,7,10,12.156698379712001
453090,1,7,5,0.3586789934097332
453096,1,7,2,11.858095043575126
453116,1,7,5,0.3586789934097332
453120,1,7,4,0.3586790108976326
453130,1,7,5,0.3586789934097332
453142,1,7,10,4.296790200439472
453150,0,7,0,0.014064991102711017
453157,1,7,5,0.3586789934097332
453171,1,7,2,13.766593701467134
453195,1,7,5,0.3586789949470627
453211,1,7,8,28.518701172934048
453217,1,7,7,1.4977047505403622
453219,1,7,5,0.3586789934097332
453226,1,7,7,2.901396799123159
453228,1,7,8,14.831566111277748
453238,0,7,0,0.02580413979562388
453244,1,7,4,0.3586790108976326
453256,1,7,8,18.541501938057095
453260,1,7,8,9.138893757668058
453279,0,7,0,0.02028257712426867
453296,1,7,10,5.586919085977156
453299,1,7,6,14.443367784798136
453302,1,7,8,9.939749347125245
453308,1,7,9,8.028155222187301
453337,1,7,10,19.61725353332152
453338,1,7,6,21.281631788358197
453345,1,7,4,0.3586790108976326
453348,1,7,5,0.3586789934097332
453349,1,7,5,0.3586789934097332
453351,1,7,8,28.44010637512409
453358,1,7,9,11.339225396488818
453375,1,7,5,0.3586789934097332
453405,1,7,10,15.820041797937186
453411,1,7,6,12.18770838491399
453419,1,7,9,8.8899210121451
453421,1,7,5,0.3586789934097332
453436,1,7,3,2.1312465582203166
453441,1,7,10,11.764857979031616
453463,1,7,1,6.666413356956271
453470,1,7,5,0.3586789934097332
453483,1,7,7,2.2220226192332864
453487,1,7,6,9.356347757251035
453490,1,7,1,18.61597358196723
453499,1,7,1,16.769453995031835
453512,1,7,8,9.511693824643377
453531,1,7,9,16.645677145085017
453554,1,7,6,23.609763482188797
453557,1,7,10,12.750307647125359
453559,1,7,4,0.3586790108976326
453567,1,7,6,13.28396657294265
453582,1,7,10,5.017889749568805
453608,1,7,1,17.274377113054395
453612,1,7,5,0.3586789934097332
453613,1,7,1,20.279945370935913
453617,1,7,6,21.055137187238607
453643,1,7,4,0.3586790108976326
453646,0,7,0,0.030812201192611244
453650,1,7,4,0.3586790108976326
453676,1,7,2,5.334816413413394
453704,1,7,6,16.03971560724732
453712,1,7,9,25.97131877261277
453713,1,7,9,7.266783319688683
453717,1,7,10,7.839518872516348
453733,1,7,8,16.03249287599052
453734,1,7,6,18.678207627586755
453748,1,7,8,23.56991383999287
453749,1,7,8,25.808909710217343
453752,1,7,5,0.3586789934097332
453767,1,7,1,12.059667481636769
453777,1,7,5,0.3586789934097332
453779,1,7,10,11.839386869969355
453784,1,7,1,19.85245161558153
453790,1,7,2,9.714522149694528
453803,1,7,6,20.247337871093745
453812,1,7,4,0.358679009087165
453830,1,7,8,5.692803897115236
453847,1,7,7,1.9048059136796809
453848,1,7,1,14.66890092356097
453855,1,7,6,13.733515709249644
453870,1,7,9,25.438328929912572
453873,1,7,10,16.6514030166891
453902,1,7,6,16.370211262573953
453926,1,7,6,23.460633727424298
453961,1,7,9,26.238156650245877
453973,1,7,8,25.654985107442585
453988,1,7,5,0.3586789934097332
453997,1,7,9,25.989300425286338
454021,1,7,1,7.706733153912664
454023,1,7,5,0.3586789934097332
454045,1,7,5,0.3586789934097332
454048,1,7,9,24.224708074103287
454061,1,7,6,15.10163691208045
454119,1,7,7,4.069588885777566
454137,1,7,4,0.3586790108976326
454139,1,7,8,16.033000654573037
454164,1,7,5,0.3586789934097332
454177,1,7,5,0.3586789934097332
454193,1,7,6,4.291379014412224
454196,1,7,2,4.697155812828705
454200,1,7,9,25.27056517317766
454225,1,7,10,13.003885098437102
454234,1,7,3,2.3422352212055744
454242,1,7,1,17.744401475888207
454245,1,7,6,4.895053191487026
454274,1,7,10,14.407392771092985
454281,1,7,10,17.397325068037173
454296,1,7,7,3.3536289667303327
454325,1,7,5,0.3586789934097332
454327,1,7,6,12.743016862074287
454342,1,7,6,14.227969713564418
454359,1,7,8,21.641190577353864
454387,1,7,7,2.0060573425652644
454390,1,7,7,3.98294557909625
454420,1,7,8,5.413941037331642
454423,1,7,9,3.9612397865054016
454454,1,7,6,22.462541519402116
454464,1,7,9,24.325500093571893
454490,1,7,6,14.65534943125962
454512,1,7,6,22.660739242509397
454513,1,7,8,14.562864633566981
454531,1,7,7,3.5795563171261615
454540,1,7,2,8.021906245896535
454550,1,7,3,2.3812940084602516
454558,1,7,10,17.60033919137683
454567,0,7,0,0.012440863063920919
454571,1,7,9,25.91705663002224
454574,1,7,10,10.241457666629236
454594,1,7,8,15.530698766322429
454598,1,7,4,0.3586790108976326
454601,1,7,9,15.293310415367875
454612,1,7,1,20.4772684860924
454617,1,7,9,11.761086584248405
454619,1,7,9,21.291302302478105
454625,1,7,8,25.364445446427304
454646,1,7,8,20.221215733062365
454647,1,7,6,6.929575214245802
454656,1,7,5,0.3586789934097332
454670,1,7,9,25.905879765764006
454678,1,7,10,21.25396114005187
454679,1,7,4,0.3586790108976326
454690,1,7,9,25.603516364326765
454695,1,7,6,7.014384311419379
454701,1,7,8,21.804311413024603
454709,1,7,6,21.076364502439063
454722,1,7,5,0.3586789934097332
454736,1,7,8,13.543604322072154
454738,1,7,10,18.515661240670454
454746,0,7,0,0.023404863334209377
454761,0,7,0,0.025521355105373237
454765,1,7,4,0.3586790108976326
454766,1,7,10,4.387424332431301
454769,1,7,9,4.671172070079686
454787,1,7,7,4.23526314139471
454790,1,7,6,14.920598773651825
454815,1,7,8,19.89723595622336
454825,1,7,4,0.3586790108976326
454848,1,7,9,15.560783412533898
454850,1,7,5,0.3586789934097332
454853,1,7,10,7.1279179170615485
454858,1,7,4,0.3586790108976326
454868,1,7,6,11.0178366083544
454878,1,7,1,13.428483856799325
454904,1,7,10,15.925897909636696
454907,1,7,8,15.763551969211614
454925,1,7,6,17.818661598201817
454931,1,7,9,24.378478353525043
454934,1,7,9,9.874271037413767
454954,1,7,10,20.179750007108687
454967,1,7,1,17.968059344900617
454977,1,7,9,9.769570146768087
455001,1,7,8,26.284515769556528
455008,1,7,5,0.3586789934097332
455017,1,7,8,24.256980692696818
455053,1,7,6,8.866497672487005
455057,1,7,10,21.076113736132456
455067,1,7,4,0.3586790108976326
455098,1,7,9,8.759463246582099
455101,1,7,8,23.669299737675956
455108,1,7,4,0.3586790108976326
455112,1,7,8,13.15481820133276
455127,1,7,10,12.367696530895381
455143,1,7,9,15.504430889226278
455145,1,7,9,9.684555772443732
455146,1,7,10,19.12230583721466
455168,1,7,1,16.29447448267696
455169,0,7,0,0.01240734655371484
455174,1,7,5,0.3586789934097332
455181,1,7,4,0.3586790108976326
455194,1,7,9,20.8643919423049
455196,1,7,9,10.296389837364098
455206,1,7,9,15.837637265656845
455215,1,7,6,10.094273251769478
455222,1,7,3,1.3554128578554288
455257,1,7,1,9.374869258894398
455276,1,7,8,17.697370925600527
455284,1,7,8,10.747126372941153
455290,1,7,8,25.099018596327063
455301,1,7,9,16.261986023364212
455323,1,7,8,3.4481448255670437
455335,1,7,4,0.3586790108976326
455339,1,7,2,11.609471219194571
455340,1,7,8,24.052878238965725
455347,1,7,5,0.3586789949470627
455351,1,7,5,0.3586789934097332
455356,1,7,8,21.634718045873512
455364,1,7,6,12.425066597249565
455378,1,7,8,21.768078988748957
455386,1,7,9,8.98422355119514
455392,1,7,4,0.3586790108976326
455403,1,7,4,0.3586790108976326
455414,1,7,4,0.3586790108976326
455439,1,7,1,4.2329256747769195
455448,1,7,1,21.23056424187384
455455,1,7,8,27.107944813585746
455457,1,7,7,0.78244845083332
455514,1,7,7,2.346992630465527
455516,1,7,6,22.949246232971085
455522,1,7,6,19.6637009554964
455528,1,7,5,0.3586789934097332
455542,1,7,8,9.588502636971068
455543,1,7,7,4.3149672002613695
455549,0,7,0,0.019562905445121927
455558,1,7,10,20.18015050499848
455559,1,7,6,9.33054085915087
455567,1,7,6,13.687624867039494
455576,1,7,4,0.3586790108976326
455585,1,7,6,5.288972350805137
455606,1,7,5,0.3586789934097332
455623,1,7,7,3.5087302342686826
455626,1,7,5,0.3586789934097332
455645,1,7,8,9.621813531918454
455668,1,7,10,18.684413221162508
455699,1,7,9,23.311337749750322
455724,1,7,8,19.66938786496371
455726,1,7,8,14.516908360803889
455731,1,7,9,5.175357462974868
455778,1,7,5,0.3586789934097332
455785,1,7,6,16.416700797937303
455786,1,7,8,5.887080458063618
455790,1,7,4,0.3586790108976326
455792,1,7,6,10.222275371272607
455818,1,7,4,0.3586790108976326
455821,1,7,6,6.304613909283715
455823,1,7,7,1.8169789306863036
455829,1,7,4,0.3586790108976326
455833,0,7,0,0.012491238567200812
455851,0,7,0,0.01830677699811139
455894,1,7,3,1.4149375391998833
455903,1,7,7,4.226835963027926
455904,1,7,6,22.848650426579944
455920,1,7,7,4.383811801632985
455921,1,7,9,11.831654055666057
455938,1,7,1,11.375453939138842
455942,1,7,9,14.284006823921752
455960,0,7,0,0.02436631641739332
455962,1,7,10,14.197482080658
455964,1,7,5,0.3586789934097332
455965,1,7,1,8.956283529378128
455977,1,7,5,0.3586789934097332
455991,0,7,0,0.024293317418213136
456002,1,7,1,4.68561609558843
456023,1,7,10,11.781965590022118
456026,1,7,8,11.909498140587493
456036,1,7,10,8.465051349237811
456040,1,7,4,0.3586790108976326
456049,1,7,10,12.283636821990765
456054,1,7,9,16.053626342275646
456055,1,7,9,13.113626301175685
456067,1,7,8,14.110075943263704
456070,1,7,6,8.602385364412461
456076,1,7,9,11.487085406638979
456110,1,7,5,0.3586789934097332
456111,1,7,6,5.101872865498452
456133,1,7,9,12.647372230289005
456137,1,7,8,19.476629578605348
456138,1,7,9,26.097364681249882
456145,1,7,5,0.3586789934097332
456149,1,7,5,0.3586789934097332
456151,1,7,8,20.526105936038636
456155,1,7,8,18.331254558629293
456161,1,7,9,13.747976519710484
456174,1,7,9,15.726858437385912
456176,0,7,0,0.022070880578115595
456182,1,7,2,13.814635211255716
456194,1,7,5,0.3586789934097332
456214,1,7,5,0.3586789934097332
456218,1,7,7,1.9890431312079004
456225,1,7,9,16.327962766267845
456233,1,7,9,10.704836748650223
456238,1,7,8,26.033979717815793
456239,1,7,5,0.3586789934097332
456246,1,7,9,14.752505194627316
456247,1,7,9,9.538837026420483
456262,1,7,9,18.224436671953267
456275,1,7,3,2.432188556185711
456283,1,7,5,0.3586789934097332
456286,1,7,1,12.573208677201029
456288,1,7,2,10.312697020428102
456291,1,7,6,7.281250201537115
456299,1,7,10,19.409118523847663
456303,1,7,10,5.787947287275023
456314,1,7,2,9.865649609705441
456316,1,7,9,24.95388148001895
456327,1,7,2,6.5865671640540535
456346,1,7,4,0.3586790108976326
456356,1,7,8,10.27269029485105
456361,1,7,9,14.98765920790811
456366,1,7,7,1.4810543996264804
456397,1,7,8,4.149646444611479
456399,1,7,10,11.037750816503378
456431,1,7,9,14.262440909845663
456438,1,7,7,2.953381244951649
456449,1,7,9,9.96203335669263
456450,0,7,0,0.02442153513538607
456451,1,7,6,14.107941179026486
456452,1,7,5,0.3586789934097332
456461,1,7,6,11.43707522466309
456468,1,7,5,0.3586789934097332
456473,1,7,3,2.072918273470519
456474,1,7,5,0.3586789934097332
456478,1,7,4,0.3586790108976326
456480,1,7,6,6.102513670206122
456489,1,7,9,15.670311384175948
456492,1,7,10,9.776336806858296
456513,1,7,8,24.59599481534134
456527,1,7,6,18.642478806375617
456535,1,7,6,18.238966689477152
456541,1,7,1,20.492857702253705
456546,1,7,9,18.077102629369506
456547,1,7,5,0.3586789949470627
456580,1,7,8,12.333873938179416
456595,1,7,8,9.75632145021576
456597,0,7,0,0.013646283746612885
456606,1,7,9,14.35465020147629
456619,1,7,10,16.697131698172843
456634,0,7,0,0.02734658936358651
456635,1,7,6,22.997349636156464
456645,1,7,9,8.18489568640807
456654,1,7,8,7.853396854290849
456659,1,7,10,14.217761189889721
456660,1,7,5,0.3586789934097332
456680,1,7,4,0.3586790108976326
456701,1,7,5,0.3586789934097332
456730,1,7,5,0.3586789934097332
456742,1,7,6,16.51961036875954
456746,1,7,8,5.021850535940587
456747,1,7,10,11.494099395396468
456751,1,7,5,0.3586789934097332
456757,1,7,6,6.671699680083872
456777,1,7,8,17.084676628140155
456778,1,7,6,23.204836769412026
456781,1,7,5,0.3586789934097332
456784,1,7,6,11.119430812879909
456787,1,7,10,4.323959210158625
456789,1,7,4,0.3586790108976326
456793,1,7,9,22.610391904107534
456794,1,7,7,3.4540178650555893
456797,1,7,8,12.055413533454377
456820,1,7,4,0.3586790108976326
456826,1,7,1,11.454150266311828
456827,1,7,5,0.3586789934097332
456840,1,7,6,14.115579310957898
456850,1,7,4,0.358679009087165
456886,1,7,8,5.129102154685724
456900,1,7,4,0.3586790108976326
456910,1,7,5,0.3586789934097332
456911,1,7,7,2.6373532544299096
456916,1,7,9,26.417976545402446
456929,0,7,0,0.04907257191077502
456932,1,7,5,0.3586789934097332
456939,1,7,10,20.97169079959836
456953,1,7,9,6.029611279507428
456955,1,7,9,18.693839085544898
456957,1,7,10,10.087020835252185
456962,1,7,10,12.748953981921234
456971,1,7,10,21.26939846445125
456973,1,7,6,13.072531694623404
456990,1,7,7,0.5745605192556121
456997,1,7,9,14.859431244092365
457042,1,7,8,19.89882922585192
457046,1,7,9,23.49528468494925
457072,1,7,10,19.578984416582458
457079,1,7,1,20.941212818260748
457083,1,7,8,9.661109010841338
457084,1,7,5,0.3586789934097332
457090,1,7,4,0.3586790108976326
457101,1,7,8,23.7270483955766
457106,1,7,6,4.039021153557118
457133,1,7,6,13.213836408838723
457143,1,7,4,0.3586790108976326
457152,1,7,7,4.478524781863078
457153,1,7,9,24.088481376645976
457162,1,7,6,19.904198124150405
457167,1,7,4,0.358679009087165
457186,1,7,8,17.28489147441935
457187,1,7,8,19.712295829678943
457205,1,7,8,25.049382646227436
457214,1,7,9,22.54802532401645
457221,1,7,6,17.480835245842826
457222,1,7,6,14.203434848538498
457240,1,7,10,19.658967148043654
457249,1,7,10,7.091282690586331
457259,1,7,5,0.3586789934097332
457262,1,7,4,0.3586790108976326
457265,1,7,9,14.222966249126227
457267,1,7,9,2.4647392215044457
457281,1,7,7,4.250122175012153
457285,1,7,9,2.6520406575540862
457290,1,7,4,0.3586790108976326
457291,1,7,5,0.3586789934097332
457301,1,7,6,19.385132741497234
457306,1,7,7,1.3725268571470008
457309,1,7,3,1.867387197037129
457316,1,7,10,11.57815834868187
457333,1,7,8,15.015900802459372
457347,1,7,3,1.8228945764900377
457350,1,7,8,2.45446314752898
457378,0,7,0,0.019479085572168476
457384,1,7,6,6.013676839017406
457402,1,7,6,23.182490084267293
457417,1,7,10,6.416415008455411
457419,1,7,9,6.217507600645461
457450,1,7,8,5.321991832634572
457453,1,7,8,26.714559738338583
457481,1,7,6,17.337041573325948
457500,1,7,8,24.597059944698653
457504,1,7,1,20.08414829332323
457506,1,7,6,14.721445365887602
457519,1,7,4,0.3586790108976326
457520,1,7,6,12.043605335482441
457529,1,7,9,14.959228303863023
457535,1,7,3,2.4252381739697
457537,1,7,5,0.3586789934097332
457546,1,7,5,0.3586789934097332
457551,1,7,1,22.79934889048124
457556,1,7,6,23.53301682791222
457562,1,7,5,0.3586789934097332
457589,1,7,6,11.618591360075436
457597,0,7,0,0.014114513711672546
457628,1,7,6,17.765264472929854
457630,1,7,4,0.3586790108976326
457636,1,7,10,21.27223236817084
457641,1,7,5,0.3586789934097332
457646,1,7,8,21.1077461137048
457649,1,7,2,13.799781831129854
457659,1,7,6,23.034635672342848
457663,1,7,6,23.393280377831335
457666,1,7,6,15.172327561149562
457693,1,7,6,14.462145734684873
457696,1,7,5,0.3586789934097332
457699,1,7,1,7.446206434111019
457714,1,7,4,0.3586790108976326
457715,1,7,6,8.793945570518716
457717,1,7,5,0.3586789934097332
457727,1,7,4,0.3586790108976326
457728,1,7,7,1.3615954319015122
457734,1,7,9,10.606996844285046
457741,1,7,1,4.564432935694151
457746,1,7,4,0.358679009087165
457768,1,7,10,11.382528189924884
457770,1,7,6,17.76097109821783
457784,1,7,8,11.906654542129267
457798,0,7,0,0.01746156684624084
457833,1,7,8,18.540656154056173
457846,1,7,8,14.256066829050688
457847,1,7,4,0.3586790108976326
457849,1,7,7,1.7168101556884545
457856,1,7,10,20.4324411175093
457862,1,7,9,15.599259870595802
457867,1,7,8,10.74092436406854
457871,1,7,1,10.038444282095172
457872,1,7,6,24.06431226348583
457873,1,7,9,17.911536047133804
457877,1,7,8,8.421978024858074
457881,1,7,10,3.5957095621377113
457914,1,7,9,20.641700670903468
457918,1,7,9,11.443118749197332
457920,1,7,8,13.012014212954183
457921,1,7,7,2.258046524741869
457929,1,7,10,3.795362441167007
457944,1,7,9,13.405188431750148
457955,1,7,4,0.3586790108976326
457959,1,7,5,0.3586789934097332
457969,1,7,1,16.780664486771197
457985,1,7,5,0.3586789934097332
457994,1,7,5,0.3586789934097332
458001,1,7,9,18.119577442431527
458002,1,7,7,3.6737614684153437
458003,1,7,7,1.9492309541976274
458009,1,7,7,2.129657189844186
458028,1,7,6,12.39342226721864
458041,1,7,4,0.3586790108976326
458062,1,7,6,14.645868034596397
458068,1,7,2,8.539971434433951
458078,1,7,2,8.333660457392142
458082,1,7,7,4.567505975411603
458094,1,7,5,0.3586789934097332
458095,1,7,4,0.3586790108976326
458099,0,7,0,0.014714704866078215
458100,1,7,9,22.2223749417962
458118,1,7,10,19.205116192146527
458121,1,7,8,10.642216627931928
458124,1,7,6,19.368604348956676
458131,1,7,9,9.758497498361347
458132,1,7,9,25.85019773047865
458134,1,7,4,0.3586790108976326
458137,1,7,8,11.400293480602452
458138,1,7,4,0.3586790108976326
458156,1,7,9,8.904560470278545
458162,1,7,9,26.262955482502047
458172,1,7,3,1.1119474503142368
458178,1,7,1,16.173946319052277
458184,1,7,9,17.392563636176146
458228,1,7,8,19.753578384034938
458230,1,7,5,0.3586789934097332
458237,0,7,0,0.026812758100330174
458252,1,7,10,10.822862745755907
458255,1,7,5,0.3586789934097332
458256,1,7,10,10.866204634988389
458269,1,7,6,7.04082055724233
458270,1,7,5,0.3586789934097332
458272,1,7,9,10.917328252699852
458282,1,7,5,0.3586789949470627
458283,1,7,6,23.670755680014555
458293,1,7,5,0.3586789934097332
458296,1,7,8,15.509211044986762
458302,1,7,3,2.413550374315765
458310,1,7,7,2.380833246196416
458315,1,7,4,0.3586790108976326
458323,1,7,6,12.652546458839907
458324,1,7,9,11.447016230554707
458340,1,7,4,0.3586790108976326
458353,1,7,10,19.41332912925977
458356,1,7,8,25.80160830638772
458358,1,7,1,6.446966162567203
458362,1,7,10,4.434567150096847
458364,1,7,5,0.3586789934097332
458374,1,7,10,12.042486378140907
458389,1,7,10,17.323440674898876
458394,1,7,4,0.3586790108976326
458395,1,7,7,0.48764894191908864
458399,1,7,10,19.468782389539367
458401,1,7,4,0.3586790108976326
458440,1,7,1,19.398909348865626
458450,1,7,8,11.071561299596597
458484,1,7,9,26.348448375627896
458492,1,7,3,2.4103860725037425
458511,1,7,8,5.485484219077281
458513,1,7,9,11.734015971543652
458531,1,7,8,24.778650035696792
458532,1,7,8,17.100880131321535
458560,1,7,8,14.347558966869187
458562,1,7,9,8.887331978555014
458569,1,7,9,24.709954687105135
458575,0,7,0,0.012562189500818045
458577,1,7,5,0.3586789934097332
458587,1,7,6,13.750389361936342
458609,1,7,8,10.96664631923967
458611,1,7,9,15.105376635946874
458618,1,7,10,18.569791146201286
458625,1,7,7,4.19065719657605
458626,1,7,4,0.3586790108976326
458633,0,7,0,0.02200626816206435
458653,1,7,4,0.3586790108976326
458659,1,7,8,10.715792013149839
458669,1,7,10,3.9363051489844056
458713,1,7,1,17.922654348751287
458714,1,7,8,23.95128061545223
458759,1,7,7,2.9314995903991394
458775,1,7,1,12.160087428165793
458793,1,7,1,4.228109803804959
458803,1,7,10,16.95545719316957
458806,1,7,3,1.7472682712185155
458809,1,7,6,15.093821186760522
458828,1,7,9,8.22122823864093
458856,1,7,8,20.567903592464315
458876,1,7,6,16.973333413813226
458894,1,7,10,5.2710197821395095
458906,1,7,8,21.6291051058007
458915,1,7,1,18.52571420648648
458918,1,7,8,14.995053291145357
458920,1,7,6,14.543583201875581
458936,1,7,7,2.533010626389036
458956,1,7,4,0.3586790108976326
458962,0,7,0,0.013386190477104393
458964,1,7,5,0.3586789949470627
458984,1,7,1,20.241916983145828
458986,1,7,10,4.907754411925045
458993,1,7,1,4.717803142306756
459006,1,7,10,20.471246914917963
459008,1,7,5,0.3586789934097332
459009,1,7,9,17.421336734827353
459010,1,7,6,12.741983099368438
459037,1,7,4,0.3586790108976326
459049,1,7,6,23.256399861983486
459055,1,7,6,20.883172855461936
459069,1,7,2,1.1012576719047484
459072,1,7,9,25.17411585787709
459083,1,7,7,3.335025449514327
459087,1,7,5,0.3586789934097332
459091,1,7,5,0.3586789934097332
459103,1,7,6,23.865940185242863
459126,1,7,2,8.16217641078612
459135,1,7,2,2.656371424400852
459143,1,7,3,1.6610136200130705
459149,1,7,5,0.3586789934097332
459152,0,7,0,0.02594732189317602
459167,1,7,8,8.03201100316164
459169,1,7,7,1.0853846058816967
459175,1,7,8,7.968088074922096
459176,1,7,4,0.3586790108976326
459202,1,7,5,0.3586789934097332
459213,1,7,3,1.4540454883844744
459226,0,7,0,0.2040051442440539
459257,0,7,0,0.061654831155965505
459279,1,7,4,0.3586790108976326
459286,1,7,10,11.225166397638656
459299,1,7,9,13.880232529643456
459319,1,7,6,5.562333473431452
459320,1,7,8,12.348135476085039
459349,1,7,6,9.508732710197
459350,1,7,9,26.33885315011538
459366,1,7,4,0.3586790108976326
459368,1,7,6,22.133468505495603
459377,0,7,0,0.012286727478108212
459390,1,7,5,0.3586789934097332
459392,1,7,10,13.38670276334856
459397,1,7,9,8.935268850358506
459399,1,7,9,4.603310067150378
459400,1,7,1,9.96123540201999
459403,1,7,1,11.85551382061222
459412,1,7,7,1.969476976436864
459421,1,7,6,7.761965197298688
459423,1,7,9,19.272884941497647
459445,1,7,9,26.383010977318108
459448,1,7,7,4.179414411136292
459468,1,7,8,25.860327857906814
459472,1,7,6,23.547813613747905
459483,1,7,8,4.437133651173623
459524,1,7,5,0.3586789934097332
459529,1,7,6,17.914275287521345
459536,1,7,4,0.3586790108976326
459551,1,7,4,0.3586790108976326
459558,1,7,9,15.778877056719239
459580,1,7,2,10.58489299552552
459594,1,7,9,19.591128056890522
459604,1,7,7,4.503122351463959
459621,1,7,9,13.889994452079845
459626,1,7,7,3.4002126889268403
459634,1,7,6,7.745383616679667
459639,1,7,6,8.807577816199636
459661,1,7,4,0.3586790108976326
459673,1,7,9,9.824330649702114
459675,1,7,6,21.99859474097293
459676,1,7,8,11.99356716841502
459677,1,7,9,25.703961642249322
459678,1,7,10,7.102042687613334
459679,1,7,6,22.681349048584458
459693,1,7,8,11.062117126511565
459699,1,7,6,13.87867868303351
459703,1,7,6,14.94615045659217
459713,1,7,5,0.3586789934097332
459717,1,7,4,0.3586790108976326
459756,1,7,8,24.601679599353925
459777,1,7,5,0.3586789934097332
459793,1,7,2,7.41016519473001
459800,1,7,9,25.82487990943231
459801,1,7,8,22.311155419236723
459807,1,7,4,0.3586790108976326
459810,1,7,8,4.453606084803795
459811,1,7,9,7.346274994698132
459819,1,7,6,20.751225453228546
459820,1,7,9,23.478043262218435
459836,1,7,6,23.667646421923788
459845,1,7,6,14.339641900728537
459846,1,7,8,27.334131733002973
459850,1,7,2,12.09836013659607
459857,1,7,9,23.576065456458064
459863,1,7,1,21.469765139169812
459883,0,7,0,0.0398531651725047
459890,1,7,10,6.587112358099915
459892,1,7,4,0.358679009087165
459898,1,7,8,5.789269844851709
459902,1,7,9,14.719970716214378
459909,1,7,9,19.688711733749038
459911,1,7,10,20.731408728894223
459921,0,7,0,0.02354266364474354
459923,1,7,8,7.703890652727432
459927,1,7,8,28.461852616030196
459936,1,7,4,0.3586790108976326
459942,1,7,4,0.3586790108976326
459943,1,7,5,0.3586789934097332
459951,1,7,10,16.421953241820496
459974,1,7,5,0.3586789934097332
459978,1,7,5,0.3586789934097332
459997,1,7,9,16.66983432466209
459999,1,7,5,0.3586789934097332
460047,1,7,10,17.32118315901642
460065,1,7,4,0.3586790108976326
460084,1,7,9,16.88750886663986
460088,1,7,8,19.321651316625292
460090,1,7,8,20.35198579292402
460120,1,7,8,20.22194979834723
460129,1,7,10,17.813450471449315
460132,1,7,9,23.85105752346335
460136,1,7,6,9.827738749204249
460139,1,7,9,26.244004379221995
460176,1,7,9,15.824560715337174
460184,1,7,1,13.260488622906438
460186,1,7,4,0.3586790108976326
460193,1,7,9,20.39915676372134
460197,1,7,10,9.954176412027968
460245,1,7,9,15.218148179456955
460246,1,7,5,0.3586789949470627
460251,1,7,8,22.932591862163463
460286,1,7,2,12.985777998535074
460315,1,7,10,13.628126237980311
460325,1,7,8,15.990096245353447
460335,1,7,9,17.35560022555365
460341,1,7,10,20.47312446225346
460342,1,7,7,0.5338023254485841
460352,1,7,9,17.417845029820544
460359,1,7,8,9.844971814452016
460362,1,7,5,0.3586789934097332
460366,1,7,9,21.321713350065302
460380,1,7,10,13.241780874227532
460382,1,7,6,11.655946121415521
460386,1,7,8,25.628218486838023
460388,1,7,5,0.3586789934097332
460397,1,7,10,8.562299164190987
460404,1,7,9,16.648039560715183
460410,1,7,6,18.951655787784183
460426,1,7,5,0.3586789934097332
460428,1,7,10,12.756693377594635
460436,1,7,10,12.405402961276106
460442,1,7,4,0.3586790108976326
460452,1,7,7,4.418383595424065
460453,1,7,7,1.9159222387050718
460465,1,7,5,0.3586789934097332
460473,1,7,5,0.3586789934097332
460476,1,7,8,16.941339208382505
460511,1,7,5,0.3586789934097332
460518,1,7,6,21.60887423975186
460525,1,7,1,19.480663332392783
460530,1,7,1,16.918735870743763
460535,1,7,9,24.63667323669899
460537,1,7,6,19.147626917535494
460548,1,7,5,0.3586789934097332
460553,1,7,9,14.158991958799051
460557,1,7,9,24.50105792789062
460571,1,7,5,0.3586789934097332
460573,1,7,2,8.507302599088876
460580,1,7,10,21.295542472451533
460583,1,7,8,20.487086457477893
460585,1,7,5,0.3586789934097332
460591,1,7,8,12.239910526873599
460619,1,7,4,0.3586790108976326
460620,0,7,0,0.018939004671243417
460627,1,7,7,4.328732264384969
460635,1,7,5,0.3586789934097332
460658,1,7,10,15.164223489928137
460693,1,7,4,0.3586790108976326
460713,1,7,8,15.560509676234277
460725,1,7,5,0.3586789934097332
460732,1,7,2,6.872452704600525
460745,1,7,10,19.148076350439734
460746,1,7,4,0.3586790108976326
460749,1,7,3,0.6699668751206957
460750,1,7,8,6.609365714417807
460754,1,7,4,0.3586790108976326
460764,1,7,6,11.844596980765413
460771,1,7,8,25.606318437978924
460785,1,7,5,0.3586789934097332
460797,1,7,8,10.94986804091699
460818,1,7,7,1.1262578349359933
460823,1,7,5,0.3586789934097332
460838,1,7,4,0.3586790108976326
460855,1,7,2,10.694904779790479
460865,1,7,9,5.314586918286953
460877,1,7,4,0.3586790108976326
460887,1,7,9,23.536941992102506
460902,1,7,6,10.430855920504467
460917,1,7,7,2.6369802655338024
460930,1,7,9,16.722213788478197
460947,1,7,4,0.3586790108976326
461004,1,7,9,11.14497728477482
461009,1,7,9,16.88131288766573
461014,1,7,5,0.3586789934097332
461018,1,7,9,11.976567808526497
461019,1,7,5,0.3586789934097332
461032,1,7,9,24.319676121994434
461036,1,7,8,13.575780699050087
461041,1,7,9,26.350189514853124
461045,1,7,4,0.3586790108976326
461086,0,7,0,0.03136381857920028
461097,1,7,6,5.4252026076356925
461106,1,7,8,9.164231248778739
461110,1,7,8,21.113665424013263
461129,1,7,7,2.915468385604213
461149,1,7,4,0.3586790108976326
461152,1,7,5,0.3586789934097332
461173,1,7,9,24.56945816846431
461182,1,7,9,26.443672893827067
461188,1,7,8,14.292164198521688
461195,1,7,5,0.3586789934097332
461205,1,7,5,0.3586789934097332
461208,1,7,10,11.925974237555558
461233,1,7,2,7.891421615199319
461235,1,7,8,3.4214220779039337
461236,1,7,1,21.466470251086804
461248,1,7,6,14.985023970402715
461249,1,7,4,0.3586790108976326
461260,1,7,1,22.229534821194324
461263,1,7,8,26.65862230367694
461268,0,7,0,0.0193840483939376
461271,1,7,3,2.200788263257974
461278,1,7,6,6.347678032096785
461287,1,7,8,20.133893044565035
461327,1,7,9,3.110989171633521
461334,1,7,7,4.383672169951643
461336,1,7,7,4.635539104785924
461358,1,7,6,21.0613743689907
461362,1,7,2,1.5671956858789284
461378,1,7,4,0.3586790108976326
461379,0,7,0,0.03291242112833869
461397,1,7,9,20.45833205556088
461400,1,7,8,18.983417351553058
461406,1,7,6,13.02891450102527
461411,1,7,8,16.619968751965278
461415,1,7,4,0.3586790108976326
461422,1,7,8,11.054107474308152
461431,1,7,10,21.253686216795387
461453,1,7,3,1.5335674917306168
461455,1,7,5,0.3586789934097332
461456,1,7,6,16.81451372003378
461463,1,7,1,7.14058052183577
461476,1,7,8,23.100746189539535
461481,1,7,9,13.787857682647001
461489,1,7,10,8.407310517917972
461495,1,7,7,2.209018959518845
461500,1,7,1,21.930636738687657
461503,1,7,6,15.2862353055711
461513,1,7,10,5.4105043601357075
461523,1,7,7,3.746758291627887
461525,1,7,8,3.681782280899029
461544,1,7,6,14.217941147668126
461552,1,7,10,21.304737224519695
461579,1,7,5,0.3586789934097332
461581,1,7,5,0.3586789934097332
461582,1,7,8,7.367241815949357
461599,1,7,6,12.928163007588664
461618,1,7,10,19.114160162785264
461629,1,7,8,6.4670344605748245
461636,1,7,6,22.58762795035545
461655,1,7,4,0.3586790108976326
461676,1,7,6,23.333947134221244
461686,1,7,3,2.383297139770263
461729,1,7,9,6.98662359720302
461736,1,7,6,17.308319082450588
461750,1,7,5,0.3586789934097332
461769,1,7,6,23.36301412609402
461774,1,7,8,11.731125077232296
461777,1,7,4,0.3586790108976326
461794,1,7,10,11.03603955326692
461810,1,7,9,25.64152128378366
461818,1,7,3,2.3752851947895657
461825,1,7,6,15.564973845336374
461832,1,7,8,8.53466778738703
461850,1,7,6,15.318503192584666
461860,1,7,10,11.078290639117343
461862,0,7,0,0.026170202179683046
461864,1,7,10,11.22592439734419
461879,1,7,8,16.082307156165516
461888,1,7,2,5.963534285370972
461904,1,7,6,23.620219461960033
461912,1,7,4,0.3586790108976326
461916,1,7,8,22.042111324452257
461927,1,7,6,18.981426369407572
461934,1,7,5,0.3586789934097332
461959,1,7,6,19.49092403369485
461973,1,7,2,11.61640961372658
462002,1,7,1,8.714540952370722
462008,1,7,8,24.02215771745427
462023,1,7,8,12.329880494409611
462031,1,7,9,22.524314853620577
462042,1,7,5,0.3586789934097332
462047,1,7,5,0.3586789934097332
462072,1,7,1,11.53394440739343
462083,1,7,3,2.2080664888447252
462087,1,7,1,19.836958840847426
462093,1,7,5,0.3586789934097332
462109,1,7,4,0.3586790108976326
462113,1,7,10,14.452998652135514
462120,1,7,1,12.513435928868603
462132,1,7,5,0.3586789934097332
462139,1,7,8,9.689364564781803
462144,1,7,3,2.3182521834493937
462150,1,7,4,0.3586790108976326
462167,1,7,3,2.3288564665896865
462208,1,7,8,24.473700743094366
462218,1,7,9,14.904001837935388
462227,1,7,5,0.3586789934097332
462229,1,7,6,14.38587069269569
462230,1,7,10,21.290247499358838
462234,1,7,9,13.111178374270747
462246,1,7,1,21.791679370189176
462266,1,7,4,0.358679009087165
462274,1,7,8,27.961781777751522
462297,1,7,10,4.324766809799266
462298,1,7,4,0.3586790108976326
462331,1,7,6,9.821426323158372
462337,1,7,7,2.171894667423739
462344,0,7,0,0.013045914348426179
462346,0,7,0,0.014598000097063121
462354,1,7,10,21.280404101991262
462355,1,7,4,0.3586790108976326
462361,1,7,7,3.875316199971558
462376,1,7,6,21.635558770572626
462384,1,7,9,14.857474901569152
462393,1,7,6,12.402443976155967
462405,0,7,0,0.021843483621897693
462433,1,7,3,1.9251802732217569
462435,1,7,9,26.397009080324654
462436,1,7,10,11.014412927530982
462441,1,7,6,11.246321959645066
462444,1,7,4,0.3586790108976326
462450,1,7,9,9.02190063179464
462455,1,7,6,19.674029498295475
462461,1,7,6,17.61669468216832
462469,1,7,9,10.300671322111189
462471,1,7,6,12.643942830201347
462475,1,7,8,14.526055355963342
462507,1,7,9,9.246944052300803
462542,1,7,4,0.3586790108976326
462543,1,7,10,17.700872622322873
462557,0,7,0,0.014530987443206847
462560,1,7,9,11.422985404853767
462570,1,7,9,9.628101328164693
462574,1,7,9,24.097622678041848
462575,1,7,1,22.73343342078546
462585,1,7,8,23.008332850470886
462586,1,7,9,26.008549456283532
462607,1,7,4,0.3586790108976326
462616,1,7,6,16.182684133147596
462620,1,7,1,6.748672886820894
462626,1,7,6,13.074235289675489
462637,1,7,6,17.756523952874293
462657,1,7,5,0.3586789934097332
462673,1,7,10,7.644761145158507
462677,1,7,5,0.3586789934097332
462691,1,7,8,10.016561640682456
462695,1,7,8,26.02667191978572
462714,1,7,10,21.27917444581332
462718,1,7,2,7.915783367402194
462720,1,7,6,8.710232508826195
462721,0,7,0,0.01338600671940126
462722,1,7,8,21.24315869342734
462755,1,7,7,0.8660890357674851
462762,1,7,9,16.73190105051578
462763,1,7,4,0.3586790108976326
462768,1,7,8,16.65086033035993
462775,0,7,0,0.016735716367234227
462783,1,7,7,1.7793935004619603
462792,1,7,4,0.3586790108976326
462800,1,7,10,11.145748828034712
462801,1,7,6,9.008910976217575
462803,1,7,6,14.953097840417717
462813,1,7,8,14.752436218496053
462819,1,7,7,1.8036662218252224
462822,1,7,8,6.418151576978431
462851,1,7,9,16.72535956404877
462861,1,7,5,0.3586789934097332
462878,1,7,1,14.999104975403885
462898,1,7,5,0.3586789934097332
462910,1,7,5,0.3586789934097332
462914,1,7,5,0.3586789934097332
462924,1,7,4,0.3586790108976326
462929,1,7,6,23.322044284940254
462944,1,7,4,0.3586790108976326
462954,1,7,9,3.2061662644468605
462957,1,7,9,22.55575230435696
462959,1,7,6,7.381397005091123
462972,1,7,7,2.8209317772571727
462975,1,7,5,0.3586789934097332
462980,1,7,1,13.437788843770845
462982,1,7,9,10.290339019070792
462985,1,7,10,7.680953352677713
462991,0,7,0,0.24640204757775136
463019,1,7,7,4.600738790716333
463029,1,7,4,0.3586790108976326
463047,1,7,6,21.724538901690043
463061,1,7,7,4.454425152194875
463066,1,7,6,8.254498647820723
463075,1,7,9,21.248925877029762
463076,1,7,5,0.3586789934097332
463080,1,7,8,20.499081227296866
463085,1,7,9,12.138415599889226
463100,1,7,5,0.3586789934097332
463102,1,7,2,12.060163127140733
463103,1,7,9,23.279915419414124
463108,1,7,5,0.3586789934097332
463111,1,7,6,12.46676883635649
463137,1,7,9,9.27484801638151
463145,1,7,8,5.357305252313277
463146,1,7,9,16.73312892768117
463166,1,7,8,22.98758714417645
463176,1,7,4,0.3586790108976326
463181,1,7,5,0.3586789934097332
463189,1,7,10,4.438669284951472
463206,1,7,6,9.392118194688862
463208,1,7,7,3.0506932451976283
463218,0,7,0,0.01753619052614891
463235,1,7,6,23.017866520552058
463243,1,7,8,23.40825035168359
463245,1,7,3,2.4255984593435675
463257,1,7,1,6.9718997904067805
463265,1,7,8,8.23787535755348
463281,1,7,10,9.819022101083375
463296,0,7,0,0.013809664031189562
463300,1,7,8,19.097908723564807
463311,1,7,6,10.36344348657151
463312,1,7,9,5.236828739111327
463321,1,7,10,4.843909566466961
463327,1,7,10,20.041074574167805
463330,1,7,9,10.662249271908797
463345,1,7,6,12.40003039921734
463347,1,7,1,6.808779659843631
463353,1,7,9,18.43938891858646
463364,1,7,4,0.3586790108976326
463371,1,7,9,15.25677500755484
463385,0,7,0,0.02413177092062827
463397,0,7,0,0.21361215080203888
463412,1,7,6,23.334887948059496
463427,1,7,3,2.2872916116575612
463435,1,7,8,8.030929323949584
463438,1,7,1,22.47742532331267
463446,1,7,1,20.43437029351588
463466,1,7,5,0.3586789934097332
463497,1,7,5,0.3586789934097332
463515,1,7,9,16.47251874391267
463521,1,7,10,21.25413777264456
463525,1,7,3,2.195793959466054
463531,1,7,8,19.840464766172207
463543,0,7,0,0.198388020643301
463584,1,7,5,0.3586789934097332
463604,1,7,4,0.3586790108976326
463624,1,7,8,17.056394919429703
463627,1,7,9,14.114619226741151
463631,0,7,0,0.20553732307631034
463655,1,7,5,0.3586789934097332
463678,1,7,1,17.13150391912126
463687,1,7,9,18.98510529975531
463689,1,7,10,17.176897483119667
463696,1,7,6,15.761239159852863
463708,0,7,0,0.02809313822445503
463716,1,7,10,14.950110320027775
463718,1,7,10,6.606462815744901
463729,1,7,8,25.848695941092416
463745,1,7,6,18.155583682498655
463754,1,7,4,0.3586790108976326
463762,1,7,6,17.062897617390167
463764,1,7,7,0.9337071414977887
463777,1,7,7,3.6988237135192383
463786,1,7,8,22.45137183493763
463809,1,7,4,0.3586790108976326
463811,0,7,0,0.015168773041370376
463833,1,7,2,5.888189518592794
463842,1,7,1,8.60825429334846
463860,1,7,5,0.3586789934097332
463861,1,7,5,0.3586789934097332
463864,1,7,1,6.934964964897203
463866,1,7,9,24.773071707182645
463868,1,7,8,11.775365912764522
463870,1,7,5,0.3586789934097332
463884,1,7,8,6.2976399705396835
463893,1,7,10,11.772421510542397
463894,1,7,5,0.3586789934097332
463928,1,7,6,22.765500345128444
463935,1,7,4,0.3586790108976326
463938,0,7,0,0.01458097791229095
463970,1,7,6,11.640503411965755
464004,1,7,9,15.601541193182447
464007,1,7,8,24.592669848722075
464009,1,7,8,10.16252267014974
464026,1,7,6,14.15916413459818
464035,1,7,9,26.1827683560505
464044,1,7,6,13.967634776481116
464047,1,7,5,0.3586789934097332
464049,1,7,6,12.684149140440017
464069,1,7,9,23.956237673370467
464072,1,7,6,20.462618493060035
464088,1,7,8,16.56434877950146
464089,1,7,5,0.3586789934097332
464100,1,7,9,22.50326925424042
464107,1,7,4,0.3586790108976326
464108,1,7,5,0.3586789934097332
464151,1,7,2,4.935629076288371
464165,1,7,9,22.528849932485503
464186,1,7,4,0.358679009087165
464190,1,7,6,11.12377553533609
464207,1,7,4,0.3586790108976326
464233,1,7,5,0.3586789934097332
464245,1,7,9,23.228797795844574
464250,1,7,2,4.14327636727078
464251,1,7,9,4.4501211177045485
464258,1,7,6,20.847158110273842
464267,1,7,8,14.289086462451154
464269,1,7,4,0.3586790108976326
464272,1,7,9,23.485662647217215
464280,1,7,2,3.95474333425106
464308,1,7,10,4.758515490462332
464310,1,7,6,11.265027353078557
464316,1,7,10,19.879208449080746
464331,1,7,9,23.958965718212216
464334,1,7,7,4.532402696588317
464338,1,7,8,6.057519973569875
464340,1,7,8,8.033029714308118
464348,1,7,3,2.0365160714019654
464360,1,7,9,21.524309645556812
464374,1,7,1,19.08202129688344
464378,1,7,6,15.09751458033336
464380,1,7,4,0.3586790108976326
464388,1,7,10,15.552690256133992
464395,0,7,0,0.013722975576411143
464412,1,7,6,20.72842965823672
464427,1,7,4,0.3586790108976326
464450,1,7,5,0.3586789934097332
464458,1,7,9,20.60325933097526
464460,1,7,4,0.3586790108976326
464465,1,7,7,2.163393291273292
464471,1,7,4,0.358679009087165
464472,1,7,8,26.90928037761894
464478,0,7,0,0.016183815030573607
464491,1,7,9,15.115242681203643
464498,1,7,10,3.8041555095286625
464525,0,7,0,0.017302063627178604
464531,1,7,5,0.3586789934097332
464536,1,7,10,4.693565391751969
464541,1,7,9,17.995328739924503
464556,1,7,8,13.92447708535807
464561,1,7,5,0.3586789934097332
464577,1,7,5,0.3586789934097332
464578,1,7,8,23.557302012996097
464585,1,7,5,0.3586789934097332
464592,1,7,8,26.768140223319815
464595,1,7,4,0.3586790108976326
464601,1,7,8,25.560045773833615
464605,1,7,8,17.420357582893796
464607,1,7,8,8.389832357982144
464617,1,7,1,18.160766310010043
464620,1,7,5,0.3586789934097332
464631,0,7,0,0.03312942433021248
464635,1,7,5,0.3586789934097332
464650,1,7,9,3.086312042975057
464659,1,7,1,23.295328275840728
464663,1,7,1,19.922914348520923
464695,1,7,10,14.652595663306922
464703,1,7,5,0.3586789934097332
464712,1,7,7,0.7662683789747727
464715,1,7,6,11.605167319265469
464716,1,7,8,10.111015047567381
464729,1,7,4,0.358679009087165
464744,1,7,9,16.350560401339823
464748,1,7,9,14.888828369858933
464775,1,7,5,0.3586789934097332
464777,1,7,9,25.763214976693977
464781,1,7,9,23.076252060043
464785,0,7,0,0.025897102503546147
464798,1,7,9,21.931715796565566
464801,1,7,6,14.515471873917011
464804,1,7,9,22.151620821280247
464808,1,7,10,21.217014099956668
464810,1,7,4,0.3586790108976326
464823,1,7,9,14.373128208734256
464829,0,7,0,0.024858673585519606
464838,1,7,10,8.407790916936358
464844,1,7,5,0.3586789934097332
464866,1,7,9,14.748642847840973
464876,1,7,8,15.855427731154771
464890,1,7,10,12.059688317544353
464891,1,7,10,20.318131555107044
464900,1,7,4,0.3586790108976326
464904,1,7,9,19.371614223329317
464928,1,7,9,14.686680218657383
464940,0,7,0,0.017547170795051473
464964,1,7,6,23.381023191165887
464966,1,7,8,10.109385140467246
464971,1,7,2,1.5621673595005208
464977,1,7,6,13.798939631182293
464994,1,7,6,6.782199189336436
465007,1,7,7,2.6207675903727083
465031,1,7,4,0.3586790108976326
465038,1,7,4,0.3586790108976326
465040,1,7,6,12.087921895685481
465041,1,7,8,14.253270580279747
465046,1,7,9,25.537954176143266
465053,1,7,6,7.065111909017906
465067,1,7,9,23.970129214275904
465072,0,7,0,0.030273913123946183
465078,1,7,8,19.116816381115257
465090,1,7,8,6.9879280612323385
465093,1,7,4,0.3586790108976326
465094,1,7,8,21.48845735530033
465099,1,7,1,17.648316445082912
465116,1,7,9,14.857889572938385
465137,1,7,8,24.0767388457497
465138,1,7,1,18.68608580226764
465141,1,7,9,12.937363907616767
465142,1,7,4,0.3586790108976326
465149,1,7,5,0.3586789934097332
465159,1,7,9,11.81782163351752
465160,1,7,8,27.96353079309702
465167,1,7,1,11.164094920882286
465170,1,7,10,12.35396798125796
465176,1,7,4,0.3586790108976326
465177,0,7,0,0.012427484537805346
465179,1,7,5,0.3586789934097332
465184,1,7,5,0.3586789934097332
465203,1,7,9,15.154211797710015
465212,1,7,6,20.359207207995013
465216,1,7,1,18.228009230249725
465218,1,7,1,6.300383728660175
465221,1,7,10,9.447546241707558
465222,1,7,7,3.2716104811445668
465231,1,7,7,4.338137201304376
465248,1,7,6,18.496988930973615
465249,1,7,10,10.821580493239672
465275,1,7,9,8.952773471427317
465277,1,7,1,16.17499508639944
465299,1,7,6,8.490709985045415
465310,1,7,9,9.402955922634291
465313,1,7,8,17.265481311270488
465321,1,7,4,0.3586790108976326
465324,1,7,8,12.318182757708382
465338,1,7,6,22.955598912812547
465354,1,7,10,15.197352530906699
465367,1,7,1,14.191916773514636
465385,1,7,9,20.462605725453955
465389,1,7,3,2.20931628717999
465397,1,7,5,0.3586789934097332
465433,1,7,4,0.3586790108976326
465442,1,7,5,0.3586789934097332
465443,1,7,8,10.76796944742893
465446,1,7,6,20.48086127302473
465453,1,7,7,0.43774539784547817
465458,1,7,5,0.3586789934097332
465464,1,7,9,17.64541840599186
465466,1,7,8,13.045079922050183
465478,1,7,8,20.797308091916374
465483,1,7,8,7.039434275438074
465490,1,7,8,10.589458366739333
465491,0,7,0,0.01684730224496292
465513,1,7,6,23.982498325902608
465532,1,7,5,0.3586789934097332
465554,1,7,4,0.3586790108976326
465569,1,7,3,2.227077529125944
465571,1,7,1,15.538589218101206
465581,1,7,7,1.7667442380647267
465604,1,7,9,7.473254271707222
465606,1,7,5,0.3586789934097332
465607,1,7,9,15.978713207905482
465630,1,7,9,8.635255764411585
465637,1,7,9,26.414342838157197
465649,1,7,9,6.25376174370674
465684,0,7,0,0.023670507308644565
465691,1,7,5,0.3586789934097332
465693,1,7,10,6.2656021296854325
465732,1,7,10,19.991755444655247
465735,1,7,4,0.3586790108976326
465745,1,7,7,4.162126235410832
465773,1,7,3,0.7801735245043037
465782,0,7,0,0.022612153576035115
465793,1,7,8,23.69645411851964
465802,1,7,7,3.307248641894388
465815,1,7,10,17.180488933182087
465820,1,7,10,18.151020958753687
465821,1,7,8,8.46790053571363
465825,1,7,7,4.558029405382498
465849,1,7,4,0.3586790108976326
465850,1,7,4,0.3586790108976326
465851,1,7,2,0.9466305815614158
465855,1,7,6,7.023018316452927
465861,0,7,0,0.012560052558842537
465863,1,7,9,23.736433580440615
465884,1,7,5,0.3586789934097332
465885,1,7,6,21.297601869745527
465891,1,7,6,11.039626286380045
465898,1,7,5,0.3586789934097332
465900,0,7,0,0.012736141560785176
465936,1,7,4,0.358679009087165
465946,1,7,8,27.87652927087189
465954,1,7,3,1.5380621769741543
465962,1,7,5,0.3586789934097332
465963,1,7,5,0.3586789934097332
465970,1,7,1,14.226215598331468
465995,1,7,8,27.807840946318464
466028,1,7,8,19.739912345194845
466041,1,7,9,15.118755770325478
466042,1,7,1,20.997456241225958
466051,1,7,9,19.187023200014867
466060,1,7,7,1.1649044500789836
466084,1,7,4,0.3586790108976326
466104,0,7,0,0.013000332548855619
466110,1,7,6,23.30751577059599
466117,1,7,8,20.023722937462942
466118,1,7,4,0.3586790108976326
466139,1,7,6,14.820331139146615
466147,1,7,1,13.879186169943655
466149,1,7,10,8.824100964270938
466167,1,7,8,3.4096915017734672
466178,1,7,3,2.3722620822353937
466194,1,7,6,11.597792708170992
466205,0,7,0,0.025831081218379445
466209,1,7,1,13.032894136941112
466211,1,7,9,18.34527392082856
466214,1,7,8,19.52247977520115
466215,0,7,0,0.03160545817809908
466222,1,7,10,20.518660263213473
466224,1,7,2,13.09940942922729
466237,1,7,9,24.778108321166332
466242,1,7,9,12.532373828085133
466251,1,7,1,22.464292511828738
466256,1,7,6,12.916626865846066
466268,1,7,8,14.599200721587877
466272,1,7,9,8.57833144931511
466277,1,7,5,0.3586789934097332
466321,1,7,4,0.3586790108976326
466349,1,7,2,11.503673858875345
466363,1,7,9,15.45530747527235
466368,1,7,2,7.672946947044712
466392,1,7,4,0.3586790108976326
466403,1,7,8,17.910110073678318
466405,1,7,8,16.92322600031539
466412,1,7,9,21.053741227415994
466428,1,7,1,22.948473208260694
466450,1,7,6,11.441539131975567
466464,1,7,9,9.819480575719558
466483,1,7,8,15.291031288318102
466501,1,7,1,18.07975678599286
466514,1,7,4,0.3586790108976326
466525,1,7,4,0.3586790108976326
466528,1,7,8,22.299277196273742
466534,1,7,9,23.95275411051724
466541,1,7,10,9.693247931110578
466559,1,7,2,13.348976144808148
466565,1,7,8,8.198393472520022
466577,1,7,5,0.3586789934097332
466578,1,7,8,8.883189565996034
466591,1,7,1,17.665523713455652
466596,1,7,9,7.1911371137369695
466615,1,7,7,2.3101062044137954
466623,1,7,4,0.3586790108976326
466627,1,7,4,0.3586790108976326
466644,1,7,5,0.3586789949470627
466651,0,7,0,0.014328167991496457
466652,1,7,4,0.3586790108976326
466659,1,7,3,0.6706556155962005
466672,1,7,5,0.3586789934097332
466673,1,7,6,8.875673973476973
466684,1,7,10,3.0267206515759897
466692,1,7,10,13.831240023906386
466695,1,7,9,9.285474051065439
466698,1,7,10,7.68910700724862
466710,1,7,8,25.297642456732945
466712,1,7,3,2.4171737950352585
466736,0,7,0,0.023934037238131516
466737,1,7,6,13.885775170356062
466748,1,7,9,14.324481543767137
466751,1,7,1,16.38312388159526
466756,1,7,9,21.465208531225066
466787,1,7,7,3.6030765092355836
466819,0,7,0,0.20091003273165564
466830,1,7,6,13.477486773836114
466841,1,7,4,0.3586790108976326
466860,1,7,6,22.841986911352127
466889,0,7,0,0.049388102505147524
466896,1,7,6,18.824536970368378
466897,1,7,6,8.837321856218578
466909,1,7,8,3.0164723333246966
466910,1,7,4,0.3586790108976326
466924,1,7,9,24.059450067230088
466939,1,7,8,22.22095704086292
466946,1,7,9,9.309440747967347
466951,1,7,7,1.8863781361056586
466982,1,7,3,2.3952133412269854
466992,1,7,9,14.597990760370932
467010,1,7,10,7.762367003875381
467011,1,7,10,3.8760922337883312
467012,1,7,9,15.240042073986983
467030,1,7,9,3.1091024692814373
467057,1,7,8,15.100587279625275
467064,1,7,6,19.024086600714796
467074,1,7,1,8.060242311516875
467080,1,7,9,12.666542257154681
467085,1,7,10,11.21882770466503
467107,1,7,9,26.43526024898521
467111,1,7,8,18.162794522251236
467114,0,7,0,0.02282554539942666
467117,1,7,4,0.3586790108976326
467135,1,7,4,0.3586790108976326
467139,1,7,4,0.3586790108976326
467165,1,7,5,0.3586789934097332
467172,1,7,8,27.21534209363583
467175,1,7,9,18.679520525829638
467193,1,7,9,15.240957591973224
467203,1,7,5,0.3586789934097332
467210,1,7,10,4.2158301670871285
467218,1,7,8,26.365210343871436
467227,1,7,1,12.188823494780186
467242,1,7,9,9.122816627571757
467247,1,7,6,22.565118177993256
467253,1,7,1,20.761952103428317
467259,1,7,6,23.805034984661958
467269,1,7,9,25.933312525146825
467282,1,7,6,23.962169077758084
467285,1,7,6,23.205606116894717
467311,1,7,5,0.3586789934097332
467322,1,7,7,2.446672079404561
467324,1,7,6,16.678562444720924
467335,1,7,6,13.709073119501626
467358,1,7,3,2.3997446265661
467366,1,7,9,10.983124086685539
467378,1,7,4,0.3586790108976326
467381,1,7,10,9.863448796824903
467395,1,7,6,19.803667073987093
467456,1,7,5,0.3586789934097332
467487,0,7,0,0.014605787862610737
467507,1,7,7,1.427506699258121
467508,0,7,0,0.0163948605788514
467526,1,7,9,24.42801483925172
467528,1,7,5,0.3586789934097332
467536,1,7,4,0.3586790108976326
467541,1,7,1,10.864235880501216
467560,1,7,4,0.3586790108976326
467565,1,7,9,25.62287339424574
467568,1,7,8,23.936142787531555
467571,1,7,5,0.3586789934097332
467593,1,7,6,11.139119798997086
467599,1,7,10,12.013856194447067
467604,0,7,0,0.027593702909210913
467623,1,7,8,12.454985492740226
467658,1,7,5,0.3586789934097332
467670,1,7,5,0.3586789934097332
467677,1,7,10,11.467697226573568
467683,1,7,9,7.620594743895773
467688,1,7,3,1.7340395204383425
467690,1,7,6,23.29869128633019
467693,1,7,9,16.5496670763742
467705,1,7,4,0.3586790108976326
467706,1,7,6,18.954035708444675
467713,1,7,5,0.3586789949470627
467732,0,7,0,0.013820259752884957
467744,1,7,8,24.337652356069746
467749,0,7,0,0.023383476771125112
467751,1,7,9,24.806590057128524
467756,1,7,5,0.3586789934097332
467757,1,7,4,0.3586790108976326
467758,1,7,6,6.619090773726106
467762,1,7,5,0.3586789934097332
467776,0,7,0,0.02648929776042584
467795,1,7,4,0.3586790108976326
467798,1,7,5,0.3586789934097332
467823,1,7,6,13.887948394882715
467824,1,7,5,0.3586789934097332
467833,1,7,1,17.45675127713535
467836,1,7,8,22.507858901576522
467841,1,7,4,0.3586790108976326
467861,1,7,10,21.286746390586814
467865,1,7,5,0.3586789934097332
467872,1,7,7,3.463194214026943
467873,1,7,8,15.32356823982725
467875,1,7,8,13.576922771226483
467878,1,7,6,14.718528936605786
467885,1,7,9,18.686605423947196
467902,1,7,1,4.256443579661539
467909,1,7,9,13.684690369819538
467928,1,7,8,6.006019100853687
467932,1,7,8,9.719382584359913
467948,1,7,9,26.375912962250776
467953,0,7,0,0.11637050476437964
467956,1,7,3,2.3897618802915104
467960,1,7,9,22.694584164545347
467977,1,7,6,19.14249902358397
467999,1,7,5,0.3586789934097332
468005,1,7,9,10.23956767651527
468027,1,7,9,16.120710898714634
468036,1,7,7,3.2111495877341705
468075,1,7,5,0.3586789934097332
468078,1,7,7,0.7529675826904588
468080,1,7,6,5.2372545041175425
468087,1,7,6,10.202004205653768
468105,1,7,6,21.499168341232433
468106,1,7,8,6.9215338864847835
468122,1,7,8,2.3628625324544097
468128,1,7,8,12.749486833660582
468139,1,7,7,2.1153417980196516
468147,1,7,7,4.261039029614712
468157,1,7,8,9.299515186409405
468160,1,7,6,8.86761646722467
468162,1,7,10,10.565328912688633
468167,1,7,9,14.641199387678313
468186,1,7,10,20.909308155969114
468196,1,7,10,21.05216799006774
468212,1,7,5,0.3586789934097332
468239,0,7,0,0.02948804791116114
468252,1,7,5,0.3586789934097332
468260,1,7,9,26.432698656675772
468261,1,7,9,22.684168510283644
468270,1,7,1,5.955845709165982
468278,1,7,8,17.014906250357594
468281,1,7,1,19.750084103309167
468282,1,7,5,0.3586789934097332
468287,1,7,5,0.3586789934097332
468289,1,7,4,0.358679009087165
468294,1,7,9,18.216546880004106
468295,1,7,5,0.3586789934097332
468320,1,7,10,18.475087675028757
468322,1,7,1,17.965769195561354
468324,0,7,0,0.012983786643411717
468330,1,7,10,19.570444638946103
468336,1,7,5,0.3586789934097332
468337,1,7,5,0.3586789934097332
468347,1,7,7,4.549128739593639
468355,0,7,0,0.018180112039193414
468360,1,7,7,2.6703353621225503
468361,1,7,7,3.420872360160823
468369,1,7,8,27.793601589057886
468390,1,7,7,1.8720485308417192
468393,1,7,8,25.39130985295389
468399,1,7,9,11.851722822878983
468433,1,7,1,16.80583711850699
468435,1,7,5,0.3586789934097332
468437,1,7,6,18.15168940360275
468438,1,7,3,2.208360064630039
468459,1,7,4,0.3586790108976326
468485,1,7,9,25.598537169941256
468494,1,7,5,0.3586789934097332
468498,1,7,9,17.112263260775713
468513,0,7,0,0.04605510324737124
468518,1,7,5,0.3586789934097332
468521,1,7,10,7.8078380861349705
468523,1,7,8,9.08415348260467
468544,1,7,1,14.777584175166108
468551,1,7,7,1.4262374918605203
468553,1,7,10,5.411130974222113
468563,1,7,1,11.046359112106435
468583,1,7,6,21.08357004791108
468615,1,7,5,0.3586789934097332
468621,1,7,9,3.3560066488207196
468625,1,7,6,9.501949652463622
468632,1,7,5,0.3586789934097332
468635,1,7,6,5.854837469802584
468639,1,7,4,0.3586790108976326
468644,1,7,6,8.283153001375823
468650,1,7,6,12.731804731277236
468658,1,7,4,0.3586790108976326
468672,1,7,5,0.3586789934097332
468697,1,7,8,13.3468075239424
468705,1,7,10,16.443489338487755
468732,1,7,6,20.243121918864322
468778,0,7,0,0.011877932375229286
468792,1,7,5,0.3586789934097332
468796,1,7,8,13.700296381144101
468798,1,7,4,0.3586790108976326
468803,1,7,6,19.905427907985082
468805,1,7,9,16.620832236862753
468816,1,7,10,15.896126556563402
468820,0,7,0,0.02478088100265494
468824,1,7,5,0.3586789934097332
468828,1,7,10,20.364493955403656
468839,1,7,7,4.6139826041626595
468841,1,7,10,15.748295243590603
468846,1,7,8,18.746650346871107
468864,1,7,8,21.97649708705217
468866,1,7,5,0.3586789934097332
468868,1,7,2,9.37754930383469
468881,1,7,4,0.3586790108976326
468887,1,7,5,0.3586789949470627
468896,1,7,9,23.704562387699333
468912,1,7,10,10.487382453044646
468927,1,7,4,0.3586790108976326
468932,1,7,7,4.315590124105922
468936,1,7,3,2.391980145756939
468939,1,7,10,15.801224759456817
468964,1,7,2,11.234821591772228
468982,1,7,9,9.226816908978112
469004,1,7,10,8.434440707086091
469006,1,7,6,6.117322805371499
469013,1,7,8,12.2093032599478
469018,1,7,5,0.3586789934097332
469021,1,7,8,21.020966542234337
469050,1,7,1,16.139546412006446
469063,1,7,8,16.68323176257283
469069,1,7,6,14.488929689345488
469070,1,7,7,0.34468490241631833
469076,1,7,6,21.999468550907736
469077,1,7,6,16.284965762958393
469084,1,7,7,3.4565598935162636
469092,0,7,0,0.02472224066434591
469093,1,7,8,21.14863349296631
469095,1,7,7,2.772340981747966
469107,1,7,9,14.603908560019557
469143,1,7,7,3.6930501693837723
469146,1,7,10,4.619269055118945
469163,1,7,7,0.8326577908408057
469167,1,7,9,24.0598434501451
469188,1,7,9,18.269098804393085
469196,1,7,3,2.3503241024302284
469201,1,7,4,0.3586790108976326
469204,0,7,0,0.02277414881607146
469208,0,7,0,0.04294236149330764
469209,1,7,8,21.671851763526746
469215,1,7,9,23.692694037328888
469235,1,7,9,24.264844721890334
469282,1,7,1,10.605937414301597
469290,1,7,10,17.231757092785752
469293,1,7,6,6.414327388809206
469298,1,7,4,0.3586790108976326
469347,1,7,1,18.981577165408215
469356,1,7,10,13.510272828914497
469357,1,7,5,0.3586789934097332
469398,1,7,1,19.12715587787857
469407,1,7,6,19.32920492705983
469439,1,7,5,0.3586789934097332
469447,1,7,1,18.656177185047817
469463,1,7,9,11.76744548997618
469500,1,7,4,0.3586790108976326
469515,1,7,9,2.1550935618919005
469522,1,7,7,1.7342971427323237
469529,1,7,10,11.34723802533693
469530,1,7,7,2.60270338553317
469534,1,7,8,14.0087243501628
469539,1,7,5,0.3586789934097332
469543,0,7,0,0.012726783030986639
469548,1,7,4,0.3586790108976326
469554,1,7,8,8.035530829898265
469557,1,7,8,17.298851932665272
469575,1,7,5,0.3586789934097332
469600,1,7,8,8.751345534150849
469602,1,7,9,25.00525072128538
469606,1,7,10,19.656622199747744
469611,1,7,5,0.3586789949470627
469622,1,7,6,23.343660033869547
469627,1,7,6,14.149557800364587
469630,1,7,9,26.001935542148406
469632,1,7,4,0.3586790108976326
469634,1,7,8,12.877198266635864
469656,1,7,9,14.707409255
469665,1,7,4,0.3586790108976326
469677,1,7,5,0.3586789934097332
469692,1,7,9,23.49407826759486
469693,1,7,1,9.810819924043672
469716,1,7,9,8.947773706682868
469718,1,7,10,8.569554027966012
469750,1,7,5,0.3586789934097332
469757,1,7,9,23.41097903509387
469758,1,7,1,23.21753637393034
469777,1,7,5,0.3586789934097332
469780,1,7,5,0.3586789934097332
469787,1,7,1,17.14950090702344
469788,1,7,9,11.60075588749165
469802,0,7,0,0.20388648230366874
469833,0,7,0,0.03941331748174462
469840,1,7,9,24.957693015545782
469861,1,7,1,5.692729406605571
469877,1,7,10,19.537112297690086
469878,1,7,2,4.434367436452033
469886,1,7,4,0.3586790108976326
469925,1,7,8,23.28559656372324
469941,1,7,6,23.740536257709902
469942,1,7,10,15.84779281538457
469959,1,7,6,19.446451907769045
470001,1,7,9,7.09707871150582
470003,1,7,2,12.073745254418307
470007,1,7,3,1.5200440584897614
470012,1,7,6,15.100520677791904
470025,1,7,4,0.3586790108976326
470032,1,7,10,6.415042674395076
470036,1,7,4,0.3586790108976326
470044,1,7,9,25.541745790906806
470045,1,7,8,22.29571614128987
470051,1,7,4,0.3586790108976326
470083,1,7,10,20.419470764465117
470093,1,7,9,11.048237219193712
470098,1,7,6,19.317932202276115
470134,1,7,1,18.26890790854843
470150,1,7,8,20.614445193308146
470153,1,7,5,0.3586789934097332
470155,0,7,0,0.01577658632442581
470161,1,7,9,18.13147087806679
470163,1,7,10,19.971294913876722
470172,1,7,6,23.01927330035753
470182,1,7,7,1.9466701890887563
470186,1,7,8,18.06742408807137
470198,1,7,8,24.59725860207302
470206,1,7,8,13.147849550700588
470214,1,7,5,0.3586789934097332
470215,1,7,6,22.85088536100442
470222,1,7,1,9.997232721395465
470226,1,7,1,20.429888325607187
470233,1,7,2,7.774299443999018
470235,1,7,10,6.993998803925501
470236,0,7,0,0.039084615708697146
470237,1,7,9,15.569537730270177
470267,1,7,6,15.47246947637486
470271,1,7,8,13.315945216911615
470284,1,7,5,0.3586789949470627
470285,1,7,8,16.35760327920211
470296,0,7,0,0.012418962484426055
470299,1,7,5,0.3586789934097332
470300,1,7,9,23.002914928383582
470312,1,7,8,4.225267734388981
470318,1,7,6,7.487574128401092
470326,0,7,0,0.26359105853116227
470330,1,7,5,0.3586789934097332
470340,1,7,9,21.76628541325779
470344,1,7,8,11.424909527302937
470346,1,7,6,14.198055373809067
470347,1,7,1,17.49405542518541
470353,1,7,10,10.062006186890041
470357,1,7,7,2.603286038897129
470377,1,7,10,15.096277800866428
470398,1,7,8,19.500511295972384
470412,1,7,2,9.681066670098202
470415,1,7,9,17.128204937827967
470426,1,7,7,0.5405804774658103
470436,1,7,6,22.27098086525067
470454,1,7,9,16.61845541235082
470467,1,7,1,12.039875109399754
470471,1,7,6,12.436663660828478
470482,1,7,2,9.978519188427706
470492,1,7,9,9.935864790920238
470496,1,7,9,24.051753963893024
470500,1,7,4,0.3586790108976326
470502,1,7,5,0.3586789934097332
470516,1,7,3,1.5471380705688837
470540,1,7,10,21.136577311744862
470562,0,7,0,0.023538637738921144
470579,0,7,0,0.03474300686979708
470587,1,7,4,0.3586790108976326
470598,1,7,1,18.629969711038786
470606,1,7,7,3.5805229753996572
470611,1,7,10,12.207288388426194
470643,1,7,8,22.403895237871787
470668,1,7,4,0.3586790108976326
470669,1,7,1,22.638265484140476
470671,1,7,1,11.49846827832902
470679,1,7,8,6.57521787061251
470686,1,7,3,1.3073695028718795
470689,1,7,4,0.3586790108976326
470700,1,7,6,6.643732394690644
470704,1,7,3,2.2447962996761257
470705,1,7,6,14.51798966761329
470708,1,7,8,8.163848301794
470728,1,7,9,4.902426127881196
470729,1,7,1,16.310330826445252
470731,1,7,9,12.75362114268194
470734,1,7,7,2.1610900545640552
470738,1,7,5,0.3586789934097332
470741,1,7,7,1.6283335132744645
470743,1,7,1,8.226882292697583
470744,1,7,3,2.3119945168870344
470755,1,7,3,2.1925974698633897
470766,1,7,8,13.835733974143018
470773,1,7,9,25.07559351353024
470776,1,7,8,26.928809733884247
470778,0,7,0,0.06193421536167992
470783,1,7,6,6.588712159734452
470786,1,7,10,15.274585777168886
470794,1,7,5,0.3586789949470627
470798,1,7,4,0.358679009087165
470800,1,7,10,4.655550505000133
470808,1,7,9,15.35134962936579
470830,1,7,5,0.3586789934097332
470844,0,7,0,0.02188528954087403
470849,1,7,8,22.229610276123264
470864,0,7,0,0.027642671415255102
470876,1,7,9,24.5823623892207
470884,1,7,5,0.3586789934097332
470893,1,7,10,19.174457150138508
470900,1,7,8,12.375435219914847
470913,1,7,4,0.3586790108976326
470914,1,7,10,17.602061813119807
470923,0,7,0,0.011838830487033235
470942,0,7,0,0.02165197675371806
470950,1,7,8,6.138132347732749
470957,1,7,9,23.371140357395298
470974,1,7,5,0.3586789934097332
470978,1,7,10,11.252465177298571
470979,1,7,3,1.2670131368659234
470985,1,7,8,11.617389580321785
470996,1,7,9,6.81233829557783
471002,1,7,6,23.282353888645588
471015,1,7,4,0.3586790108976326
471049,1,7,6,23.12537027180994
471050,1,7,6,23.18633099920513
471055,1,7,3,2.1649522779194768
471059,1,7,10,11.478895043173612
471068,1,7,3,2.1060752240215392
471079,1,7,4,0.3586790108976326
471087,1,7,7,2.8602174525475066
471110,1,7,8,9.975293361371882
471121,1,7,8,15.19554152134266
471122,0,7,0,0.04353969520906023
471138,1,7,7,1.5539224680818595
471169,1,7,9,13.17171646359619
471196,1,7,10,21.248139504477248
471197,1,7,4,0.3586790108976326
471198,1,7,4,0.3586790108976326
471202,1,7,10,9.82383762149252
471210,1,7,5,0.3586789934097332
471218,1,7,9,15.842072761190865
471227,1,7,7,2.834277330842328
471229,1,7,10,9.253319860460541
471234,1,7,10,3.7480422410747054
471241,1,7,7,4.105555467606698
471253,0,7,0,0.013309072631801118
471276,1,7,3,2.4127078717007913
471281,1,7,2,6.4635167620609835
471284,1,7,6,23.42493464415146
471290,1,7,4,0.3586790108976326
471292,1,7,8,4.901414202307177
471295,1,7,8,8.1542513165477
471307,1,7,10,5.268257022715314
471312,1,7,6,24.046901452761123
471314,1,7,9,22.818438482235855
471325,1,7,4,0.3586790108976326
471343,1,7,8,13.877340583571552
471345,1,7,10,18.810021089299205
471353,1,7,9,23.94064546955703
471359,1,7,6,18.8756206416535
471362,1,7,5,0.3586789934097332
471379,1,7,4,0.3586790108976326
471385,1,7,5,0.3586789949470627
471396,1,7,8,22.32034280824838
471409,1,7,10,20.56584810478419
471433,1,7,8,16.85426084468856
471434,1,7,5,0.3586789934097332
471437,1,7,6,13.584941432911656
471441,1,7,8,24.742182651996924
471443,1,7,7,3.7850275819905272
471445,1,7,7,2.361998813217877
471456,1,7,1,21.163373596438472
471464,1,7,9,13.418701277635765
471469,1,7,9,12.18611475148791
471478,1,7,5,0.3586789934097332
471487,1,7,10,4.958902082484923
471497,1,7,9,12.34336065023914
471514,1,7,9,25.36156804942275
471544,1,7,8,26.3155872669621
471567,1,7,6,12.423582698132394
471573,1,7,4,0.3586790108976326
471575,1,7,9,22.06459536986854
471602,1,7,8,15.442018029797937
471606,1,7,4,0.3586790108976326
471611,1,7,9,13.116388902579766
471615,1,7,8,28.506093275250674
471617,1,7,6,11.408100796687725
471619,1,7,8,10.626672483629028
471624,1,7,10,14.862936078685053
471627,0,7,0,0.04500919244832759
471643,1,7,9,23.573609987896926
471650,1,7,1,21.595589754957107
471676,1,7,2,3.618251310713332
471681,1,7,8,12.113936527861352
471686,1,7,1,22.412973407696196
471697,1,7,5,0.3586789949470627
471700,1,7,8,21.358374176290667
471705,1,7,4,0.3586790108976326
471723,1,7,8,15.094013116020754
471729,1,7,3,2.3229084810421345
471735,1,7,8,18.140074697469405
471736,1,7,9,13.82334302549196
471737,1,7,6,6.697900964639135
471741,1,7,1,19.35010911252111
471745,1,7,1,12.02559943928925
471747,1,7,7,4.305906252959677
471784,1,7,10,9.464749464614009
471813,1,7,5,0.3586789934097332
471815,1,7,9,25.84389377772759
471836,1,7,9,21.36119887688278
471839,1,7,9,7.978346095106385
471840,1,7,6,9.220589190572044
471858,1,7,6,17.43366324471982
471860,1,7,8,14.41276378823432
471866,1,7,6,6.150112157375391
471881,1,7,2,13.671904541987665
471903,1,7,5,0.3586789934097332
471912,1,7,6,5.589734572194972
471913,1,7,9,11.7871536822721
471944,1,7,9,25.61527650361381
471946,1,7,5,0.3586789934097332
471952,1,7,6,16.394678765806145
471953,1,7,10,12.406435026814185
471965,0,7,0,0.014980599675557437
471990,1,7,1,13.995459931607067
472011,1,7,6,19.819954255085875
472020,1,7,6,5.438628304104927
472026,1,7,10,16.298389195655307
472038,1,7,8,18.407427731390012
472065,1,7,6,16.44282620779772
472068,1,7,1,18.62172061910827
472077,1,7,5,0.3586789934097332
472105,1,7,10,18.954083215123077
472108,1,7,10,11.466159426353242
472118,1,7,5,0.3586789934097332
472134,0,7,0,0.025093331822746402
472136,1,7,9,9.237621638091294
472174,1,7,1,17.50368453478061
472181,1,7,5,0.3586789934097332
472186,1,7,1,10.13875721493928
472196,1,7,6,22.07449733011937
472209,1,7,6,10.91051447127617
472233,1,7,2,13.054335386283286
472237,1,7,10,14.113685963835987
472257,1,7,8,2.912868295262114
472275,1,7,7,3.041872138442925
472279,1,7,6,23.8426258642265
472296,1,7,3,0.8670860896443346
472306,1,7,10,19.529486467690873
472317,1,7,6,22.832208326536794
472320,1,7,4,0.3586790108976326
472324,1,7,8,16.63796391125195
472346,1,7,9,25.00224032454896
472347,1,7,8,26.312468553935744
472357,1,7,2,13.474508946347628
472367,1,7,2,13.40746683193883
472389,1,7,6,7.483746983363005
472393,1,7,6,19.40720259111144
472401,1,7,4,0.358679009087165
472409,1,7,9,26.425745236199695
472435,1,7,8,5.806980456631653
472445,1,7,10,12.36627802859932
472455,1,7,8,5.632204102297873
472459,1,7,4,0.3586790108976326
472485,1,7,1,6.428843995240428
472486,1,7,1,21.63065749187474
472493,1,7,5,0.3586789934097332
472501,1,7,9,13.822568484847773
472506,1,7,10,5.9146392214753325
472507,0,7,0,0.024376122294407717
472527,1,7,9,12.750903058612547
472532,1,7,9,19.826731606792798
472535,1,7,1,18.808478766848246
472536,1,7,4,0.3586790108976326
472551,1,7,9,16.06553747246649
472570,1,7,9,23.000122940466035
472600,1,7,6,18.518837446022463
472613,1,7,8,27.833908089176262
472616,1,7,10,21.288061664445454
472624,1,7,7,2.75751266593072
472626,1,7,6,5.226609255127881
472672,1,7,3,2.3676774985393485
472673,1,7,8,22.299275002329384
472684,1,7,6,9.137241377720265
472686,1,7,8,17.68350785412962
472687,1,7,9,15.70364212726624
472706,1,7,1,18.53109301557489
472713,1,7,2,5.564743667503109
472732,1,7,7,4.360422841576808
472754,1,7,8,12.54760087850818
472755,1,7,10,17.026881329806397
472760,1,7,4,0.358679009087165
472763,1,7,4,0.3586790108976326
472777,1,7,7,1.3007861102516456
472787,1,7,8,28.176016407231213
472788,1,7,9,12.173955422556654
472790,1,7,6,6.5086259845325
472791,1,7,8,7.1288267914304
472806,1,7,9,25.14122094644961
472808,1,7,9,24.570008524448276
472823,1,7,3,2.358457674130533
472845,1,7,10,19.1920787973626
472858,1,7,4,0.3586790108976326
472872,1,7,8,24.401632966763188
472877,1,7,7,4.160830739913956
472894,1,7,10,12.183089506116644
472909,1,7,8,23.11684831103483
472910,1,7,9,24.37921116335522
472921,1,7,7,1.2148701618335873
472927,1,7,3,2.283522956593924
472929,1,7,1,22.016331472119848
472938,1,7,9,13.291837634067408
472952,1,7,7,2.576735886409243
472953,1,7,8,24.11786485767384
472956,1,7,4,0.3586790108976326
472970,1,7,8,14.653070129130619
472975,1,7,10,5.085385123383576
472980,1,7,8,8.500936263195765
472986,1,7,5,0.3586789934097332
472987,1,7,1,18.808892672444276
472997,1,7,10,19.429419749772304
473004,1,7,1,9.750369451880117
473017,1,7,5,0.3586789949470627
473018,1,7,6,9.712608810352188
473020,1,7,6,21.146636899921866
473024,1,7,6,20.244358386820693
473036,1,7,2,5.087774279095542
473039,1,7,2,11.652369475740288
473044,1,7,10,6.0295280622196845
473045,1,7,8,3.873222662034811
473054,1,7,6,13.697836269380263
473075,1,7,8,16.084832668803692
473088,1,7,8,4.349019405295527
473096,1,7,10,12.113160536802598
473098,1,7,6,11.83395345183387
473101,1,7,9,20.61372760634449
473102,1,7,9,23.4702077088595
473119,1,7,9,6.228391158400663
473123,1,7,9,23.432624909917326
473136,1,7,10,4.495507251414452
473138,1,7,10,10.59331417135335
473139,1,7,6,17.92186795946126
473150,1,7,10,15.879146156819377
473177,1,7,4,0.3586790108976326
473185,1,7,8,16.5200822016809
473199,1,7,9,4.218625938106718
473208,1,7,7,2.282038074932111
473224,1,7,2,13.85448636187507
473248,1,7,4,0.3586790108976326
473267,1,7,9,14.392354438990099
473272,1,7,6,19.301009398953806
473288,1,7,10,9.048994324766214
473298,1,7,8,14.304759873875815
473344,0,7,0,0.014479352647940957
473351,1,7,9,20.736842441405567
473378,1,7,6,18.154557043463
473391,1,7,4,0.3586790108976326
473405,1,7,3,2.377704658785881
473417,0,7,0,0.023781434423810168
473419,1,7,6,8.767354381889277
473428,1,7,10,7.407778438637742
473444,1,7,1,14.821628621198506
473448,1,7,10,12.525400410334695
473484,1,7,10,5.872459661856316
473503,1,7,5,0.3586789934097332
473509,0,7,0,0.24704364344555463
473511,1,7,4,0.3586790108976326
473515,1,7,9,21.530442161033026
473518,1,7,10,8.248808501872105
473520,1,7,8,5.73707717806508
473523,1,7,4,0.3586790108976326
473524,1,7,8,11.047775643084364
473525,1,7,5,0.3586789934097332
473527,1,7,9,11.043486205703989
473534,1,7,6,18.028954893298277
473544,1,7,6,22.595629337195636
473545,1,7,9,24.446144906722655
473575,1,7,5,0.3586789934097332
473632,1,7,8,19.938771294823912
473636,1,7,5,0.3586789934097332
473652,1,7,6,8.233244446367442
473653,1,7,9,17.003269834908156
473656,1,7,8,20.58482366998969
473658,1,7,5,0.3586789934097332
473677,1,7,8,14.301999998382115
473703,1,7,1,11.83988214628816
473712,1,7,5,0.3586789949470627
473717,1,7,5,0.3586789949470627
473720,1,7,2,10.766239593062853
473722,1,7,4,0.3586790108976326
473728,1,7,6,16.804835336444015
473747,0,7,0,0.02634659188838791
473751,1,7,1,16.018784896974495
473757,1,7,4,0.3586790108976326
473778,1,7,9,26.36335014068679
473782,1,7,2,1.19801853142291
473790,1,7,4,0.3586790108976326
473798,1,7,6,13.70978422912183
473800,1,7,4,0.3586790108976326
473811,1,7,8,5.686816271399047
473827,1,7,9,14.552912286117227
473832,1,7,10,18.858381216965824
473834,1,7,8,16.243057026651687
473837,1,7,10,6.1303061128555365
473840,1,7,5,0.3586789934097332
473853,1,7,5,0.3586789934097332
473854,1,7,8,28.227577800385053
473862,1,7,8,15.389151490911187
473870,1,7,8,17.303909259854493
473878,1,7,5,0.3586789934097332
473886,1,7,10,10.619964612735187
473890,1,7,10,7.644151577513912
473891,0,7,0,0.022142603995460135
473903,1,7,4,0.3586790108976326
473907,1,7,6,14.184326978077669
473916,1,7,9,23.035666864021778
473924,1,7,6,23.330436752773856
473928,1,7,4,0.3586790108976326
473935,1,7,9,15.064463217303619
473937,1,7,6,8.726974826821408
473940,1,7,9,15.048467919202503
473946,1,7,7,4.336272465376955
473947,1,7,4,0.3586790108976326
473951,1,7,9,13.730641278767761
473956,1,7,4,0.3586790108976326
473972,1,7,8,28.16667579055387
473984,1,7,9,15.623505242228884
474028,1,7,10,12.248966849789666
474031,1,7,1,4.365208157619536
474063,1,7,6,23.48998043475046
474064,1,7,3,0.955314996220735
474071,1,7,7,4.450072236662418
474073,1,7,4,0.3586790108976326
474081,1,7,10,13.50580387384314
474086,1,7,4,0.3586790108976326
474105,1,7,9,12.304481900224681
474111,1,7,4,0.3586790108976326
474120,1,7,6,10.43521488870537
474126,1,7,5,0.3586789934097332
474143,1,7,5,0.3586789934097332
474147,1,7,6,22.40240126177317
474152,1,7,4,0.3586790108976326
474181,1,7,7,2.3842814734535422
474194,1,7,8,3.7040766938173117
474218,1,7,10,21.244427986447143
474226,1,7,1,11.771605275098944
474232,1,7,5,0.3586789934097332
474243,1,7,9,16.541445328837224
474244,0,7,0,0.056698169202150935
474246,1,7,5,0.3586789934097332
474261,0,7,0,0.20685843388494754
474262,1,7,5,0.3586789949470627
474263,1,7,2,7.0656135036911785
474264,1,7,10,21.191420379978588
474267,1,7,9,24.64025616000834
474274,1,7,9,17.78134568849823
474286,1,7,2,2.4144371492615995
474287,0,7,0,0.1833462076092535
474293,1,7,9,25.487269809666937
474318,1,7,4,0.3586790108976326
474332,0,7,0,0.01396570808542003
474362,1,7,5,0.3586789934097332
474371,1,7,8,20.891205334663326
474378,1,7,9,13.562678336278596
474384,0,7,0,0.024901706860509243
474387,1,7,10,15.780399526398636
474398,1,7,6,21.298994038212843
474410,1,7,3,1.9896311680087768
474426,1,7,10,17.03427951600034
474447,1,7,7,4.582832366969013
474472,1,7,10,7.473696170481916
474486,0,7,0,0.11521159613400614
474489,1,7,10,18.866502303922193
474492,1,7,5,0.3586789934097332
474493,1,7,10,13.008249590436112
474510,1,7,4,0.3586790108976326
474535,1,7,6,7.0909873048892935
474537,1,7,8,14.654239077784208
474545,1,7,10,10.268654917578425
474584,1,7,4,0.3586790108976326
474595,1,7,9,24.078052875150817
474598,1,7,10,18.6969512468826
474602,1,7,5,0.3586789949470627
474606,1,7,6,23.10877173729655
474607,1,7,4,0.3586790108976326
474616,1,7,6,18.93053132839386
474622,1,7,7,1.8567796937947139
474628,1,7,7,2.4058534070432587
474634,1,7,7,0.9961175457950621
474644,1,7,6,18.24916053447569
474670,1,7,1,22.34503648735947
474671,1,7,5,0.3586789934097332
474680,1,7,9,26.38620455406491
474734,1,7,9,23.50492362132339
474738,1,7,5,0.3586789934097332
474743,1,7,5,0.3586789934097332
474753,1,7,7,1.135805608534583
474759,1,7,4,0.3586790108976326
474770,1,7,8,16.67015546730829
474784,1,7,1,22.963281737016473
474785,1,7,6,14.496090591170143
474787,1,7,7,1.997404298460123
474790,1,7,5,0.3586789934097332
474829,1,7,1,12.329384677748829
474852,1,7,4,0.3586790108976326
474862,1,7,5,0.3586789934097332
474865,1,7,7,4.140176373229652
474881,1,7,10,21.280585456025523
474883,1,7,10,12.336386362258851
474896,1,7,10,10.987758056390849
474901,1,7,9,8.8061899464377
474941,1,7,2,1.2897689577796476
474961,1,7,5,0.3586789934097332
474964,1,7,1,14.701282628668013
474965,1,7,9,17.372547358143656
474968,1,7,6,23.366478523731327
474993,1,7,8,14.59883011532437
474998,1,7,1,11.122585907142522
475009,1,7,4,0.3586790108976326
475020,1,7,9,12.987151240953906
475027,1,7,9,14.441215645928622
475028,1,7,9,23.121059033251427
475035,1,7,9,7.330160980526905
475042,1,7,10,12.526900819321233
475056,1,7,4,0.3586790108976326
475067,1,7,5,0.3586789934097332
475088,1,7,8,26.643941338094077
475091,0,7,0,0.02269770974929587
475094,1,7,6,23.165523175886374
475095,1,7,1,5.99841555255042
475097,1,7,8,21.63417123014299
475099,1,7,9,16.229371023590147
475100,1,7,10,12.35870504484488
475111,1,7,7,2.9037221740064716
475113,1,7,8,23.088272086342748
475145,1,7,4,0.3586790108976326
475149,1,7,4,0.3586790108976326
475168,1,7,9,25.700493445393096
475172,1,7,4,0.3586790108976326
475182,1,7,6,14.689241110088041
475184,1,7,9,22.749785344481992
475193,1,7,9,25.369487249553003
475199,1,7,9,15.318501668337735
475210,1,7,5,0.3586789934097332
475214,0,7,0,0.07081141488775954
475226,1,7,6,21.014081701576117
475230,1,7,9,26.395883891625665
475238,1,7,10,11.296253340964084
475243,1,7,9,18.404895113500086
475252,1,7,4,0.3586790108976326
475259,1,7,4,0.3586790108976326
475262,0,7,0,0.01265772112350032
475288,1,7,9,11.950396353819858
475290,1,7,10,13.638221271840331
475297,1,7,10,9.72463727701819
475302,1,7,6,8.965422056706414
475319,1,7,7,1.5858942859107246
475320,1,7,8,16.57265938627656
475335,1,7,8,15.341878704842056
475340,1,7,4,0.3586790108976326
475343,1,7,5,0.3586789934097332
475378,1,7,3,2.344378753757396
475382,1,7,8,17.703846724240616
475391,1,7,10,16.582051564542553
475394,1,7,9,15.743959198578624
475407,1,7,9,23.47571058346568
475444,1,7,10,11.550884391608323
475459,1,7,5,0.3586789934097332
475464,1,7,6,21.597972265996503
475471,1,7,1,15.98283188389748
475485,1,7,1,12.33777860266948
475492,1,7,6,23.805504256989824
475493,1,7,6,9.615862034123392
475508,0,7,0,0.02143911535418107
475511,1,7,8,28.176044664293716
475513,0,7,0,0.014223498028648715
475518,1,7,7,3.495292951231133
475525,1,7,8,13.45088154905388
475573,1,7,9,2.7038672294171726
475609,0,7,0,0.22660521274892748
475622,1,7,6,18.92413273537219
475629,1,7,1,19.243341189769453
475655,1,7,8,7.995674184957522
475656,1,7,6,12.182079956531771
475657,1,7,4,0.3586790108976326
475664,1,7,8,11.185277470709044
475669,1,7,8,20.050928746689365
475676,1,7,10,18.713594020388232
475687,1,7,7,4.521568550079284
475698,1,7,10,19.391003080165337
475714,1,7,8,22.290338587007604
475719,1,7,9,13.809325706333421
475726,1,7,4,0.3586790108976326
475744,1,7,10,5.473508667665781
475750,1,7,8,5.813852620047255
475756,1,7,4,0.3586790108976326
475757,1,7,4,0.3586790108976326
475782,1,7,8,18.907062197925693
475785,1,7,3,1.2039449334589585
475788,1,7,3,1.2103844871612048
475808,1,7,8,22.035328961695484
475826,1,7,2,10.04396156173839
475831,1,7,1,12.849124316906753
475836,0,7,0,0.02444251517070015
475837,1,7,6,22.84205160251279
475843,1,7,10,11.960994035579544
475856,1,7,10,12.041389605138235
475859,1,7,9,12.8786895966823
475871,1,7,1,19.16306395369213
475915,1,7,8,28.495441235082417
475924,1,7,5,0.3586789949470627
475928,1,7,9,16.425406754655924
475937,1,7,9,17.81592793863357
475952,0,7,0,0.026541070275836534
475961,1,7,9,9.626458556252318
475964,1,7,9,12.873196111414003
475980,1,7,2,1.1540651561280992
476013,1,7,4,0.3586790108976326
476021,1,7,4,0.3586790108976326
476039,1,7,8,25.85875887471277
476062,1,7,9,24.608596066445447
476069,1,7,5,0.3586789934097332
476077,1,7,1,4.76261343767054
476082,1,7,1,15.363814576894752
476091,1,7,9,19.411950262657836
476094,1,7,6,23.844364895799732
476095,1,7,5,0.3586789934097332
476103,1,7,10,21.063410710082596
476111,1,7,9,16.067984446897167
476137,1,7,2,8.037942288940974
476151,1,7,10,17.601551354112715
476153,1,7,5,0.3586789934097332
476162,1,7,8,18.827259439841114
476163,1,7,1,5.895418820633595
476167,1,7,9,25.669614570134225
476168,0,7,0,0.017329375012597945
476192,1,7,9,23.506667898826716
476205,1,7,8,24.992975115331156
476208,1,7,1,11.100202282969567
476220,1,7,5,0.3586789934097332
476230,1,7,9,13.5615224408714
476235,1,7,6,14.191517186297316
476240,1,7,6,9.200674582037145
476252,1,7,4,0.358679009087165
476268,1,7,6,19.72117012699697
476284,1,7,8,26.618056778681435
476297,1,7,5,0.3586789934097332
476310,1,7,10,5.608552926350335
476330,0,7,0,0.06607342067406224
476347,1,7,4,0.3586790108976326
476357,1,7,9,25.156825319325286
476363,1,7,9,16.09905639123932
476366,1,7,1,21.303694232667947
476367,1,7,6,12.169566072456048
476373,1,7,5,0.3586789934097332
476391,1,7,8,23.12539331775958
476417,1,7,5,0.3586789934097332
476430,1,7,5,0.3586789934097332
476431,1,7,4,0.3586790108976326
476440,1,7,5,0.3586789934097332
476442,1,7,9,14.938906506083084
476482,1,7,1,18.44306918257954
476485,1,7,8,14.96874079585479
476486,1,7,6,23.06903587262751
476563,1,7,10,19.119015882411297
476565,1,7,1,18.12109454936007
476595,1,7,4,0.3586790108976326
476612,1,7,8,21.005165658484167
476624,0,7,0,0.01862021365620937
476627,1,7,6,8.230002867337301
476637,1,7,9,13.785654510773425
476654,1,7,9,18.98848249912302
476657,0,7,0,0.02230108296871847
476670,1,7,9,17.380698216891844
476671,1,7,5,0.3586789949470627
476680,0,7,0,0.1985385181305225
476696,1,7,8,3.1338045400070165
476697,1,7,10,16.53930560392939
476702,1,7,1,13.90627353576776
476707,1,7,10,7.0435050300964495
476710,1,7,5,0.3586789934097332
476737,1,7,5,0.3586789934097332
476739,1,7,10,10.552127607469373
476741,1,7,7,3.776809927610072
476742,1,7,10,7.768645685591966
476749,1,7,7,4.417541234978432
476780,1,7,4,0.3586790108976326
476784,1,7,4,0.3586790108976326
476792,1,7,6,9.5968602520241
476807,1,7,9,15.482359204384993
476830,1,7,4,0.3586790108976326
476832,1,7,6,22.781615401972253
476839,1,7,9,26.238134191951897
476848,1,7,1,18.07567935629366
476849,1,7,10,11.577373170106766
476862,0,7,0,0.19725465811207293
476873,1,7,2,10.172394493271078
476913,1,7,6,23.703919615684033
476920,1,7,5,0.3586789934097332
476932,1,7,4,0.3586790108976326
476943,1,7,7,1.592744330293784
476961,1,7,2,3.709126454064876
477001,1,7,10,7.8700925108602435
477009,1,7,9,8.159975409879909
477018,1,7,6,13.853057315634382
477027,1,7,9,24.235786367630393
477050,1,7,4,0.358679009087165
477052,1,7,6,23.403154623141596
477056,1,7,8,2.4016019745090857
477077,1,7,6,22.147633305964636
477096,1,7,5,0.3586789934097332
477103,1,7,4,0.3586790108976326
477107,1,7,8,13.536911985095314
477112,1,7,7,3.7551781035270326
477117,1,7,2,11.067087830231674
477123,1,7,8,23.316852347086343
477128,1,7,1,18.072651444328272
477130,1,7,8,16.285656122061823
477135,1,7,4,0.3586790108976326
477150,1,7,3,0.6224353933362624
477167,1,7,10,21.242102849035486
477188,1,7,1,22.332991426930427
477190,1,7,8,17.684072137033368
477192,1,7,4,0.3586790108976326
477202,1,7,9,21.167099015641526
477212,1,7,6,16.04198842392926
477226,1,7,5,0.3586789934097332
477231,0,7,0,0.24576527174419793
477246,0,7,0,0.020476604397481574
477251,1,7,5,0.3586789934097332
477253,1,7,6,21.268197915159355
477262,1,7,10,12.162846569533446
477267,1,7,9,24.11683487191649
477270,1,7,10,21.242063802117304
477271,1,7,4,0.3586790108976326
477281,1,7,9,6.5536951913012365
477283,1,7,4,0.3586790108976326
477292,1,7,1,17.8451503106789
477297,1,7,2,11.681709705213853
477337,1,7,9,12.417219260689048
477359,1,7,6,10.366684618438162
477361,0,7,0,0.013128078170932232
477365,0,7,0,0.05317515793385739
477391,1,7,6,23.280696789148315
477399,1,7,6,7.786453525185457
477408,1,7,9,11.319451526700702
477410,1,7,8,23.341377927543842
477414,1,7,4,0.3586790108976326
477418,1,7,9,15.815151140660964
477435,1,7,2,10.910295980627607
477436,1,7,8,14.977812623912161
477439,1,7,5,0.3586789934097332
477456,1,7,9,22.424202647369793
477496,1,7,5,0.3586789934097332
477513,1,7,5,0.3586789934097332
477528,1,7,6,23.638298772410643
477529,1,7,4,0.3586790108976326
477536,1,7,5,0.3586789934097332
477540,1,7,7,3.27686152012005
477544,1,7,4,0.3586790108976326
477550,1,7,1,6.556815343803703
477565,1,7,6,17.23095452100687
477568,1,7,10,8.07848202837246
477584,1,7,9,16.48012122033081
477597,1,7,10,11.378449932556359
477617,1,7,4,0.3586790108976326
477619,0,7,0,0.015882975951471177
477634,1,7,1,18.430973758528438
477639,1,7,7,1.2069180612765475
477672,1,7,6,17.8006369992001
477692,1,7,9,18.982897091095925
477695,1,7,6,18.149905369784644
477716,1,7,6,18.947823950467228
477717,1,7,8,18.276940445692283
477722,1,7,9,26.430974383876684
477728,1,7,9,24.075073181845443
477733,1,7,9,25.739593832697807
477737,1,7,6,17.219208314715683
477746,1,7,3,2.231707796999399
477767,1,7,4,0.3586790108976326
477786,1,7,4,0.3586790108976326
477798,1,7,9,15.679770880538323
477810,1,7,9,24.128202056777056
477813,1,7,1,20.965839287151464
477824,1,7,8,28.534554136820937
477829,1,7,3,2.3710517571008127
477856,1,7,4,0.3586790108976326
477887,1,7,1,12.506508202496313
477894,1,7,6,17.015411429327795
477896,1,7,3,2.3480361502404383
477902,1,7,3,1.6136085864472862
477907,1,7,10,16.975880540869685
477914,1,7,8,17.3505863493836
477919,1,7,8,20.73895602136975
477930,1,7,7,2.257087565040779
477938,1,7,5,0.3586789934097332
477940,1,7,3,1.390147932519806
477976,1,7,8,7.526570780954514
477989,1,7,8,14.4316703642315
478008,1,7,5,0.3586789934097332
478031,1,7,9,4.5848323576929495
478036,1,7,9,8.486577062737316
478042,1,7,1,18.41096641670266
478043,1,7,10,5.286029852617841
478045,1,7,4,0.3586790108976326
478046,1,7,9,5.527835605017718
478067,1,7,6,12.947104340682992
478081,1,7,6,23.83747430946966
478091,1,7,10,11.368189653213884
478131,1,7,9,19.5754794668813
478149,0,7,0,0.0204301568343656
478177,1,7,6,5.407082352280628
478184,1,7,9,15.913154562174514
478185,0,7,0,0.030175731407925864
478189,1,7,1,9.572839674679392
478231,1,7,8,19.68714724778054
478254,1,7,8,28.521232456552802
478260,1,7,7,2.2197293743645368
478279,1,7,10,7.69461660604983
478293,1,7,10,18.144444966970692
478297,1,7,7,3.0777549251527994
478333,1,7,4,0.3586790108976326
478336,1,7,1,11.132201221830421
478343,1,7,6,15.469429373355132
478345,1,7,3,2.3555068667375436
478349,1,7,6,4.092707129305081
478357,1,7,4,0.3586790108976326
478378,1,7,1,19.19327869346783
478405,1,7,3,1.8000287399102068
478407,1,7,4,0.3586790108976326
478426,1,7,10,7.877208963549835
478439,1,7,6,9.861001738636554
478459,1,7,10,11.494331290936634
478468,1,7,9,13.452937515798856
478494,1,7,9,20.150225601334444
478508,1,7,9,18.370396482705647
478516,1,7,9,12.633146716178816
478519,1,7,2,12.847458217254362
478536,1,7,5,0.3586789934097332
478544,0,7,0,0.01741811415178846
478550,1,7,8,10.482218367510816
478552,1,7,5,0.3586789934097332
478564,1,7,6,21.538774236355014
478566,1,7,4,0.3586790108976326
478617,1,7,3,1.166388894875158
478618,1,7,10,6.658623659768809
478619,1,7,5,0.3586789934097332
478639,1,7,8,16.26943054413772
478641,1,7,2,9.809029266001422
478647,0,7,0,0.01651054602437375
478661,1,7,10,10.530396781636178
478666,1,7,6,22.248029733284913
478669,1,7,3,2.1100222767323373
478673,1,7,4,0.3586790108976326
478687,1,7,5,0.3586789934097332
478692,1,7,5,0.3586789934097332
478696,1,7,9,13.55234719882223
478709,1,7,8,21.502034921055433
478716,1,7,9,16.40482790669382
478718,1,7,6,9.576285688050778
478720,1,7,5,0.3586789934097332
478725,1,7,5,0.3586789934097332
478740,1,7,9,24.526615463498505
478743,1,7,6,13.5840001378609
478746,0,7,0,0.014059662954776958
478750,1,7,1,8.277054929906086
478752,1,7,5,0.3586789949470627
478774,1,7,5,0.3586789949470627
478775,1,7,9,16.44000790121127
478777,1,7,8,20.196099320330003
478779,1,7,6,16.322311069433916
478811,1,7,9,14.517531360146494
478813,1,7,8,22.30524698340971
478835,1,7,4,0.3586790108976326
478840,1,7,1,11.882694883974173
478845,1,7,10,16.474623144709305
478855,1,7,9,25.52874350713813
478857,1,7,2,12.727526455107288
478860,1,7,6,23.25205653832647
478861,1,7,10,16.920704747138988
478868,1,7,1,9.760613117877613
478893,1,7,8,21.676978247787194
478912,1,7,4,0.3586790108976326
478917,1,7,6,21.2562328192099
478936,1,7,4,0.3586790108976326
478941,0,7,0,0.03128490980189084
478944,1,7,1,15.181563220172979
478945,1,7,3,2.1707538174315486
478947,1,7,8,20.866957692559243
478952,1,7,5,0.3586789934097332
478984,1,7,4,0.3586790108976326
478992,1,7,8,16.04050682369247
478997,1,7,9,25.901548593988377
478998,1,7,5,0.3586789934097332
479048,1,7,6,9.192502014390174
479049,1,7,10,17.80592773379784
479112,1,7,6,10.032346868380804
479123,1,7,9,25.67018824849829
479141,1,7,4,0.358679009087165
479145,1,7,3,2.4292883733549577
479148,1,7,9,26.41923021697342
479152,1,7,2,13.788789768592247
479158,1,7,5,0.3586789934097332
479172,1,7,7,4.510166286420518
479176,1,7,8,24.57443206823746
479184,1,7,9,23.569122842019404
479190,1,7,8,9.37420436265316
479194,1,7,9,10.272416097588732
479210,1,7,5,0.3586789934097332
479218,1,7,9,24.45575384739038
479225,1,7,8,3.3287774446417906
479234,1,7,1,4.3006961608482035
479235,1,7,4,0.3586790108976326
479243,0,7,0,0.013575374503378783
479253,1,7,4,0.3586790108976326
479274,1,7,8,20.873440963697046
479294,1,7,7,3.1333777295069187
479301,1,7,7,3.037062586055318
479302,1,7,4,0.3586790108976326
479309,1,7,7,2.8001931715188473
479334,1,7,6,11.696734514018338
479344,1,7,8,23.476835429587027
479383,1,7,10,18.061914182141464
479389,1,7,5,0.3586789934097332
479391,1,7,3,0.6154575806014373
479393,1,7,5,0.3586789934097332
479396,1,7,9,26.34896356867268
479411,1,7,8,27.538281893954515
479413,1,7,8,3.0858956803899087
479430,1,7,5,0.3586789934097332
479460,1,7,8,15.016666583913794
479461,1,7,1,12.259314270160381
479472,1,7,7,3.6442853072481056
479475,1,7,5,0.3586789934097332
479476,1,7,8,26.270308289159715
479499,1,7,9,13.781847363150169
479500,1,7,10,20.050308089335857
479504,1,7,8,15.756876425970727
479543,1,7,1,16.001896179125357
479562,1,7,6,7.211572658373289
479577,1,7,4,0.3586790108976326
479580,1,7,1,19.869195203447852
479589,1,7,6,22.402494855976727
479610,1,7,6,23.72840333990435
479613,1,7,9,15.502950109630257
479618,1,7,6,23.352968057918613
479643,1,7,7,4.233831679891116
479653,1,7,8,23.588305545697363
479654,1,7,1,22.04618404806062
479658,1,7,9,23.12999583535941
479663,1,7,9,18.51844958426713
479672,1,7,6,8.675411842727822
479674,1,7,8,10.19687214883872
479677,1,7,6,5.0979501595785806
479680,1,7,6,20.72707860538004
479686,1,7,6,15.13687908399412
479701,1,7,4,0.3586790108976326
479714,1,7,8,25.288407016252094
479715,1,7,5,0.3586789934097332
479717,1,7,9,5.680120272226511
479726,1,7,4,0.3586790108976326
479732,1,7,10,12.377157184824235
479742,1,7,5,0.3586789949470627
479753,1,7,8,20.876302365138553
479755,1,7,8,16.208088102712768
479760,1,7,1,7.209649905865772
479767,1,7,3,2.3527086344545776
479770,1,7,5,0.3586789934097332
479774,1,7,2,3.0335229672683206
479782,1,7,5,0.3586789934097332
479792,1,7,3,1.7678199982539025
479793,1,7,8,21.7533316427701
479836,1,7,1,10.076424615244717
479840,1,7,4,0.3586790108976326
479851,0,7,0,0.011630834366811336
479859,1,7,4,0.3586790108976326
479875,1,7,5,0.3586789934097332
479878,1,7,9,22.922320444141977
479893,1,7,9,17.508929960895607
479905,1,7,9,22.62058448088699
479929,1,7,5,0.3586789934097332
479938,1,7,4,0.3586790108976326
479942,1,7,5,0.3586789934097332
479951,1,7,6,9.965012809544547
479962,1,7,4,0.3586790108976326
479975,1,7,4,0.3586790108976326
479976,1,7,2,10.896824122070399
479977,1,7,6,8.145962902522289
479980,1,7,8,19.687741209867635
480008,1,7,8,4.848262215826965
480018,0,7,0,0.26199826595848325
480021,0,7,0,0.018812735069575637
480028,1,7,8,27.942891114637384
480035,1,7,8,22.77166671888378
480040,1,7,4,0.358679009087165
480064,1,7,8,10.473025385000136
480100,1,7,7,1.3853239300933085
480107,1,7,5,0.3586789934097332
480108,1,7,8,8.62113183990273
480135,1,7,8,11.505667004717855
480149,1,7,9,14.639831220976612
480151,1,7,10,6.947710036257616
480158,0,7,0,0.01582223452597343
480200,1,7,8,17.141787217703982
480208,1,7,4,0.3586790108976326
480223,1,7,3,0.922795246957943
480235,1,7,3,1.6146621506687453
480238,1,7,8,27.89619482552046
480239,1,7,3,2.39363096226904
480253,1,7,7,3.5640340238884627
480254,1,7,8,26.823059636237723
480256,0,7,0,0.02012705619012413
480260,0,7,0,0.02900647409933186
480267,1,7,9,18.993790054091253
480272,1,7,6,23.74602250251034
480285,1,7,8,8.384211806810509
480292,0,7,0,0.03161161762486279
480311,1,7,4,0.3586790108976326
480312,1,7,6,23.190495388785084
480324,1,7,9,25.73877618647493
480333,1,7,8,9.10532936190339
480389,1,7,4,0.3586790108976326
480396,1,7,8,14.628562705714584
480402,1,7,5,0.3586789934097332
480420,1,7,9,6.348671881212137
480423,1,7,5,0.3586789934097332
480441,1,7,3,1.8800499491041927
480444,1,7,1,4.997555320211368
480446,1,7,9,25.155940206235968
480455,1,7,4,0.3586790108976326
480459,1,7,2,5.932606945472843
480469,1,7,3,2.150878419206535
480493,1,7,6,15.660647282939173
480499,1,7,8,24.121285940177092
480502,1,7,4,0.3586790108976326
480506,1,7,8,10.915015797161422
480513,1,7,5,0.3586789934097332
480526,1,7,9,25.927549699632984
480527,1,7,4,0.3586790108976326
480550,1,7,6,22.386976174265502
480562,1,7,3,2.4118041851691854
480564,1,7,9,9.254998024901647
480571,1,7,4,0.3586790108976326
480573,1,7,4,0.3586790108976326
480574,1,7,5,0.3586789934097332
480584,1,7,4,0.3586790108976326
480592,1,7,4,0.3586790108976326
480602,1,7,9,26.050653763854267
480608,1,7,10,12.374538457150381
480613,1,7,10,12.37334269538712
480622,1,7,6,21.08150619635328
480636,1,7,3,0.6882758881743846
480642,1,7,6,9.306134946180418
480663,1,7,5,0.3586789934097332
480665,1,7,10,13.972963279305718
480670,1,7,8,28.540683074065516
480677,1,7,3,1.8285126847762128
480687,1,7,1,20.719832466191253
480689,1,7,2,9.548297365862659
480702,1,7,6,11.242869533157174
480710,1,7,10,3.12205738625516
480713,1,7,9,24.57525823808825
480715,0,7,0,0.03443124379946793
480729,1,7,9,14.052357290279241
480730,1,7,6,23.616266156759227
480764,1,7,6,11.138195598114285
480772,1,7,8,8.538007471549841
480774,1,7,4,0.3586790108976326
480782,0,7,0,0.03498448914931436
480785,1,7,3,1.354174259799428
480795,1,7,6,23.97240016227651
480796,1,7,2,9.710643999298165
480800,1,7,5,0.3586789934097332
480824,1,7,1,10.65379803540917
480829,1,7,9,24.478287467661097
480838,0,7,0,0.024052483932595913
480894,1,7,6,7.858059051581957
480900,1,7,10,9.803905526758586
480910,1,7,1,23.19715648223031
480957,1,7,7,2.0132179408288717
480958,1,7,6,14.99715199660199
480959,1,7,9,24.615850135211097
480963,1,7,1,13.154087084389444
480964,1,7,4,0.3586790108976326
480971,1,7,10,5.221989511589115
480976,1,7,9,2.6385683987549045
480979,1,7,2,5.113061942932806
480986,1,7,6,17.841516393782594
481005,1,7,4,0.3586790108976326
481012,1,7,6,14.920702773367521
481030,1,7,6,21.10630007260714
481068,1,7,5,0.3586789949470627
481072,1,7,5,0.3586789934097332
481086,1,7,6,15.202945316669712
481104,1,7,5,0.3586789934097332
481105,1,7,8,8.8080590086915
481118,1,7,2,9.821484165775836
481146,0,7,0,0.022575255893314244
481165,1,7,9,23.855022781812366
481176,1,7,2,5.023656378208078
481179,1,7,8,11.937459373747553
481205,1,7,2,5.5764006072275905
481224,1,7,9,24.110882396992686
481230,1,7,1,18.02533102145376
481234,1,7,2,7.272040808945596
481249,1,7,5,0.3586789934097332
481252,1,7,5,0.3586789934097332
481258,1,7,10,10.177217983725123
481264,1,7,8,11.732734887596056
481279,1,7,10,15.814827116766189
481294,1,7,6,23.37917670850427
481295,1,7,6,17.963623493913342
481301,0,7,0,0.012522158680391188
481316,1,7,5,0.3586789934097332
481337,1,7,7,1.0499926660638064
481347,1,7,10,12.442490181554891
481357,1,7,6,17.614029020299338
481363,1,7,5,0.3586789934097332
481372,1,7,9,18.42668076046693
481380,1,7,4,0.3586790108976326
481415,0,7,0,0.02138366353515949
481417,1,7,1,4.2499513722877875
481438,1,7,2,13.742122741365892
481446,1,7,6,6.4903293947784215
481461,1,7,10,11.468298616167981
481462,1,7,10,5.766879462076528
481480,1,7,1,13.444528007150868
481517,1,7,8,5.7142287786152055
481518,1,7,1,13.439846004615868
481538,1,7,9,5.063144403329937
481541,1,7,4,0.3586790108976326
481542,0,7,0,0.017502037155278597
481543,1,7,4,0.3586790108976326
481556,1,7,9,16.161051650081063
481571,1,7,5,0.3586789934097332
481605,1,7,8,16.03607370227521
481606,1,7,9,19.58308446693839
481616,1,7,8,14.11568124713875
481618,1,7,5,0.3586789934097332
481622,1,7,9,9.320763440846367
481636,1,7,9,8.577214105638177
481645,1,7,7,3.16752268498431
481653,1,7,8,19.279947100269897
481668,1,7,5,0.3586789934097332
481677,1,7,3,2.412089576221978
481686,1,7,2,10.679815072522405
481699,1,7,10,8.548624629590185
481700,1,7,7,1.8949678426283032
481703,1,7,9,14.793988838263315
481704,1,7,8,24.54784106366541
481734,1,7,8,22.348232403274256
481736,1,7,5,0.3586789934097332
481750,1,7,4,0.3586790108976326
481752,1,7,6,14.85450115586303
481753,1,7,6,19.097512988984576
481754,1,7,8,5.19935478292659
481761,1,7,5,0.3586789934097332
481762,1,7,9,14.278929686236106
481783,1,7,3,2.0754905638048964
481789,1,7,6,22.131313274745843
481808,1,7,5,0.3586789934097332
481811,1,7,5,0.3586789934097332
481812,1,7,2,13.258155514467166
481820,1,7,6,4.030463652497525
481827,1,7,8,12.858859632911292
481840,1,7,9,23.122907267978825
481841,1,7,4,0.3586790108976326
481847,1,7,9,11.173648099363156
481873,1,7,9,7.120884460985938
481894,1,7,4,0.3586790108976326
481901,1,7,9,16.475207961245328
481924,1,7,5,0.3586789934097332
481936,1,7,6,5.960893675193631
481953,1,7,2,13.466996745599065
481966,1,7,7,3.7557170567181664
481967,1,7,6,9.11970444129782
481986,1,7,5,0.3586789934097332
482035,1,7,9,25.939279784546656
482065,0,7,0,0.027595999964756722
482072,1,7,4,0.3586790108976326
482084,1,7,7,3.3984818142096613
482091,1,7,7,3.7132888714236376
482095,1,7,6,17.575033208540738
482103,1,7,5,0.3586789934097332
482140,1,7,4,0.3586790108976326
482144,1,7,4,0.3586790108976326
482162,1,7,8,15.601881909581916
482192,1,7,6,22.84862988832926
482197,1,7,5,0.3586789934097332
482219,1,7,3,2.146398646678906
482223,1,7,9,14.605244269989567
482228,1,7,9,8.484183822713158
482236,1,7,6,6.086545006789241
482243,1,7,9,9.33684780767983
482245,1,7,7,4.263746751483338
482253,1,7,10,19.9534725792082
482262,1,7,4,0.3586790108976326
482266,1,7,8,11.699482713298476
482268,1,7,1,16.11341130928515
482270,1,7,4,0.3586790108976326
482271,1,7,10,17.521367571168717
482279,1,7,9,6.07521461210582
482282,1,7,3,2.0145936192775027
482312,1,7,8,17.071263982449192
482316,1,7,6,12.072411133083316
482318,1,7,8,7.800749746070668
482335,1,7,9,21.20371848763136
482339,1,7,6,14.648871028635432
482340,1,7,8,24.60328358962662
482341,1,7,10,21.151281499484526
482353,1,7,5,0.3586789934097332
482356,1,7,6,17.320440527093133
482381,1,7,8,17.712570790527266
482385,1,7,5,0.3586789934097332
482386,1,7,3,2.3785948958519785
482408,1,7,1,10.412758907630264
482413,1,7,8,27.857347001537203
482414,1,7,6,19.384113697229193
482419,1,7,7,0.5249805025988188
482440,1,7,4,0.358679009087165
482443,1,7,5,0.3586789934097332
482456,1,7,6,23.494550064474232
482480,1,7,9,11.119088685993743
482484,1,7,2,13.701519390684261
482491,1,7,10,20.56969233279961
482519,1,7,7,2.3858572422137487
482555,1,7,9,13.17123165663803
482559,1,7,8,15.290352358851798
482580,1,7,8,7.852827058137489
482583,1,7,5,0.3586789934097332
482589,1,7,5,0.3586789934097332
482598,1,7,3,2.431742257691587
482605,1,7,9,25.646817344859347
482612,1,7,5,0.3586789934097332
482619,1,7,6,12.500661359756746
482628,1,7,4,0.3586790108976326
482634,1,7,8,28.521435298279258
482642,1,7,8,16.840296223681765
482658,1,7,3,2.4162161382481866
482663,1,7,4,0.3586790108976326
482671,1,7,1,9.425028612607584
482721,1,7,10,5.577046036795629
482731,1,7,6,13.012483847590742
482737,1,7,6,12.403574306256871
482738,1,7,9,14.950083210434746
482741,1,7,6,22.65347214575958
482761,1,7,9,7.551291212629937
482765,1,7,8,11.689163625291972
482776,1,7,6,21.613252808078535
482791,1,7,10,19.971999449843434
482795,1,7,5,0.3586789949470627
482799,1,7,8,13.566100166722974
482810,1,7,9,15.549794308567778
482813,1,7,4,0.3586790108976326
482814,1,7,3,1.9321912301296251
482825,1,7,5,0.3586789934097332
482826,1,7,8,5.4071501773185515
482847,0,7,0,0.028703831914482662
482860,1,7,2,7.845803307276142
482884,1,7,8,23.46967570660416
482893,1,7,6,21.40421244378117
482902,1,7,9,25.9463493862831
482905,1,7,9,15.926215050754383
482933,1,7,7,4.225069528051139
482936,1,7,6,11.703383712515295
482967,1,7,9,17.18219562876035
482975,1,7,4,0.3586790108976326
482979,1,7,6,6.447128290247472
482996,1,7,5,0.3586789934097332
483001,1,7,5,0.3586789934097332
483003,1,7,1,16.047236793633648
483009,1,7,4,0.3586790108976326
483031,1,7,1,12.598823386794132
483036,1,7,9,5.567471240147166
483037,1,7,5,0.3586789934097332
483039,1,7,1,9.334133217595
483042,1,7,1,4.487333581791583
483046,0,7,0,0.016158085578086262
483060,1,7,7,3.713955679432498
483066,1,7,10,7.157124819017515
483084,1,7,7,3.9879658827864164
483085,1,7,3,2.2724725413971347
483108,1,7,1,22.657829319576415
483110,0,7,0,0.012698119968795806
483116,1,7,5,0.3586789934097332
483136,1,7,8,14.515901989547826
483139,1,7,5,0.3586789934097332
483142,1,7,4,0.3586790108976326
483145,1,7,2,13.388438443724484
483152,1,7,8,23.02894679143678
483156,1,7,6,23.490429676950423
483168,1,7,10,19.667067881641145
483210,1,7,6,19.160075161504984
483211,1,7,7,2.350885428777192
483215,1,7,9,17.16153006876908
483246,0,7,0,0.018365848274740974
483248,1,7,9,8.196299899976406
483254,1,7,9,12.264039135554691
483259,1,7,1,20.708138812884652
483265,1,7,9,6.921068403346675
483269,1,7,8,19.410951409417056
483282,1,7,9,26.407166550519722
483296,0,7,0,0.031468049085105795
483303,1,7,8,14.593087242254429
483313,1,7,3,0.7706909806932251
483320,1,7,6,12.320977868021783
483321,1,7,5,0.3586789934097332
483346,1,7,10,19.489300449926766
483355,1,7,9,11.017116756670786
483366,1,7,6,10.12732005986402
483370,1,7,10,9.881612056433696
483385,1,7,4,0.3586790108976326
483392,1,7,9,20.21162674913986
483396,1,7,9,11.124255143142523
483398,1,7,4,0.358679009087165
483404,1,7,8,26.711682169085243
483414,1,7,4,0.3586790108976326
483425,1,7,3,0.8678073791172086
483430,1,7,1,14.983769402386741
483448,1,7,9,24.105605718284238
483453,1,7,9,14.379258938250242
483464,1,7,6,19.807253802542146
483467,1,7,1,16.0951577069207
483485,1,7,6,9.985545041957277
483486,1,7,9,21.323291856307062
483490,1,7,9,16.728077257657898
483498,1,7,9,18.895407873599332
483509,1,7,1,15.320762471559314
483515,1,7,6,20.578468932633797
483517,1,7,7,3.5273082850161535
483521,0,7,0,0.061682904672188676
483525,1,7,8,17.173552795331915
483535,0,7,0,0.021224677932675347
483549,1,7,8,12.453248374324271
483557,1,7,4,0.3586790108976326
483572,1,7,5,0.3586789934097332
483573,1,7,2,3.351476532320561
483581,1,7,5,0.3586789934097332
483589,1,7,5,0.3586789934097332
483593,1,7,1,12.859836425059173
483604,1,7,3,2.4095887330250525
483612,1,7,4,0.3586790108976326
483625,1,7,2,2.7441517288517114
483644,1,7,8,11.891638711292723
483651,1,7,2,2.596451559662607
483687,1,7,5,0.3586789934097332
483688,1,7,8,17.67292693683609
483691,1,7,6,11.411652267587503
483696,0,7,0,0.017502650372421352
483699,1,7,5,0.3586789934097332
483715,1,7,9,22.2352323956198
483722,1,7,8,2.974333345697733
483733,1,7,10,20.460016937902704
483744,1,7,10,12.367412008632833
483762,1,7,10,8.907852876181721
483766,1,7,5,0.3586789934097332
483778,1,7,6,20.23083393490383
483789,1,7,9,8.300333714977409
483800,1,7,9,16.36970508441098
483813,1,7,5,0.3586789934097332
483815,1,7,4,0.3586790108976326
483841,1,7,6,20.078259926447856
483847,1,7,9,5.26842536888456
483854,1,7,9,12.562038104525286
483857,1,7,5,0.3586789934097332
483871,1,7,10,19.489827104793164
483877,1,7,6,17.41561967800969
483890,1,7,10,9.48410339911281
483895,1,7,6,6.349708260947405
483904,1,7,7,1.9577472032962284
483925,1,7,4,0.3586790108976326
483937,1,7,9,15.308067275592608
483938,1,7,7,3.0500495937575325
483956,1,7,9,12.432137139953248
483960,1,7,3,2.418380190425815
483977,1,7,4,0.3586790108976326
483979,1,7,10,7.422754634394209
484002,1,7,10,16.276555806626863
484012,1,7,2,12.310423634976717
484019,1,7,10,18.223015096910384
484027,1,7,1,20.124552713668493
484030,1,7,9,25.534133662983162
484031,1,7,4,0.3586790108976326
484032,1,7,8,26.541638045702634
484040,1,7,9,20.015159425063093
484043,0,7,0,0.01576681355662698
484067,1,7,5,0.3586789934097332
484085,1,7,9,24.0803897866628
484094,1,7,9,17.666627292393844
484105,1,7,1,17.80185682318336
484118,1,7,8,17.520624563541322
484123,1,7,5,0.3586789934097332
484151,1,7,9,22.360285407713576
484170,1,7,7,4.203540823084061
484209,1,7,9,13.42607743786274
484214,1,7,6,5.949176265172676
484254,1,7,8,20.21884933006039
484270,1,7,6,14.984554702761717
484272,1,7,9,17.594434586438428
484296,1,7,6,23.489548196469425
484301,1,7,9,24.080132579229574
484302,1,7,7,4.441391359207897
484314,1,7,4,0.3586790108976326
484336,1,7,8,8.200146747727855
484345,1,7,3,1.9958959375646037
484363,1,7,9,19.61481953388817
484383,1,7,6,21.906415400252495
484394,1,7,8,9.029697461571265
484418,1,7,5,0.3586789934097332
484436,1,7,5,0.3586789934097332
484447,0,7,0,0.023323588089620203
484461,1,7,7,2.371448075798516
484465,1,7,8,10.589942944388882
484472,1,7,6,17.69165979670586
484473,0,7,0,0.01343650905019702
484480,1,7,1,7.9936382276948015
484483,1,7,3,1.0828230727462018
484495,1,7,6,11.893407446526366
484499,1,7,8,23.295831498122965
484513,1,7,6,21.601806997132886
484519,0,7,0,0.021059997989237605
484541,1,7,9,16.153075869107706
484542,1,7,4,0.3586790108976326
484557,1,7,1,12.630876760662815
484560,1,7,1,6.374771111475994
484564,1,7,2,9.140134547436647
484568,1,7,4,0.3586790108976326
484590,1,7,5,0.3586789934097332
484597,1,7,4,0.3586790108976326
484623,1,7,9,24.846311404517937
484638,1,7,1,4.68708950577766
484644,1,7,9,16.072498922169608
484671,1,7,4,0.3586790108976326
484679,1,7,9,22.978796207205797
484682,1,7,10,18.92658177305173
484694,1,7,6,18.041548102101988
484700,1,7,8,26.163808633849687
484713,1,7,9,11.43517608251293
484730,1,7,1,17.258265916058203
484733,1,7,8,15.215421519676786
484748,1,7,6,18.691587319665775
484760,1,7,9,6.587803604519695
484771,1,7,5,0.3586789949470627
484776,1,7,4,0.358679009087165
484786,1,7,7,3.4048919920989573
484790,1,7,5,0.3586789934097332
484794,1,7,9,10.711965359102804
484801,1,7,8,28.047243269937468
484802,1,7,2,9.045462731945573
484820,1,7,9,14.60675471738965
484821,1,7,9,14.828500757848024
484822,1,7,5,0.3586789934097332
484827,1,7,4,0.3586790108976326
484834,1,7,4,0.3586790108976326
484835,1,7,7,3.7059699150851153
484847,1,7,6,9.769412636241698
484889,1,7,5,0.3586789934097332
484914,1,7,5,0.3586789934097332
484917,1,7,6,12.206688928183558
484920,1,7,9,4.3794947594768
484923,1,7,10,4.944728755627708
484927,1,7,5,0.3586789934097332
484929,0,7,0,0.01414278320999631
484945,1,7,6,10.775187495801676
484954,1,7,8,21.258938147464328
484961,1,7,5,0.3586789934097332
484968,0,7,0,0.02046606766271388
484973,1,7,9,24.10101500747844
484980,1,7,8,12.088014779278765
484982,1,7,6,18.080103761122448
484987,1,7,7,2.030103184535875
484990,1,7,4,0.3586790108976326
484998,1,7,6,22.796867749102663
485001,1,7,7,1.867772036314992
485013,1,7,4,0.358679009087165
485019,1,7,4,0.358679009087165
485021,1,7,9,10.33760945108985
485033,1,7,1,7.792239610742534
485039,1,7,9,26.19491893745794
485087,1,7,2,1.210346813464431
485091,1,7,8,16.003720446644646
485096,1,7,5,0.3586789934097332
485099,0,7,0,0.19836215736370272
485103,1,7,5,0.3586789934097332
485114,1,7,7,3.5812818563765263
485126,1,7,1,15.484384771114245
485131,1,7,6,22.841053296327786
485132,1,7,9,16.77404526762265
485144,1,7,2,12.487652991799964
485161,1,7,10,16.51290691689234
485162,1,7,8,15.784237320013416
485171,1,7,1,16.21155011811083
485196,1,7,6,21.689907030337068
485206,1,7,9,18.947826013500112
485217,1,7,4,0.3586790108976326
485223,1,7,10,14.36037911617814
485252,1,7,5,0.3586789934097332
485255,1,7,5,0.3586789934097332
485273,1,7,4,0.3586790108976326
485302,1,7,6,4.608636399346379
485305,1,7,9,2.889239208400456
485309,1,7,7,1.9377344532122496
485317,1,7,9,22.64702885092407
485332,1,7,9,7.99035085507321
485339,1,7,5,0.3586789934097332
485345,1,7,6,23.24272711480328
485347,1,7,7,4.144648099255901
485355,1,7,6,21.503658883536215
485363,1,7,3,2.418976578121034
485369,1,7,8,21.00613440082885
485370,1,7,1,11.773328893897714
485373,1,7,5,0.3586789934097332
485389,1,7,10,11.335897784085226
485391,1,7,1,18.00465568173771
485393,1,7,6,13.101084897712326
485396,1,7,6,15.07274750067343
485428,0,7,0,0.025651922602685485
485433,1,7,8,17.126147134996494
485444,1,7,10,14.154395091418738
485459,1,7,5,0.3586789934097332
485482,1,7,9,26.281826548993422
485486,1,7,3,2.353868035081946
485499,1,7,8,24.852641376946643
485501,1,7,6,12.462987685095106
485502,1,7,9,14.274571062134148
485515,0,7,0,0.035481333888825774
485531,1,7,6,11.060100562908037
485533,1,7,1,20.1951850854305
485545,1,7,6,23.257665481277975
485551,1,7,6,6.976104491438566
485553,1,7,7,1.9535328846311906
485568,1,7,5,0.3586789934097332
485601,1,7,6,17.948808421299116
485627,1,7,10,12.496812530470015
485636,1,7,1,4.297583307393498
485655,1,7,5,0.3586789934097332
485679,1,7,3,2.075642947923276
485683,1,7,6,23.296888345290128
485691,1,7,8,9.682989162259085
485695,1,7,6,21.733665205009768
485704,1,7,6,20.892967659470976
485708,1,7,9,10.4958603064009
485718,1,7,6,12.007426879671293
485722,1,7,4,0.3586790108976326
485723,1,7,10,4.5416954872684885
485725,1,7,8,10.801982593229232
485745,1,7,7,2.090853982376134
485752,1,7,3,0.790912059753317
485757,1,7,3,1.9201871867075337
485771,1,7,9,26.299533493380977
485773,1,7,5,0.3586789934097332
485780,1,7,9,26.235232562089127
485784,1,7,5,0.3586789934097332
485797,1,7,6,20.599741281161933
485824,1,7,10,4.324183860758824
485838,1,7,5,0.3586789934097332
485847,1,7,1,11.668276543780188
485856,1,7,4,0.3586790108976326
485872,1,7,5,0.3586789934097332
485894,1,7,9,22.971927104031796
485895,1,7,10,13.951995592982598
485938,1,7,4,0.3586790108976326
485940,1,7,6,18.980998366808265
485949,0,7,0,0.016124383121611238
485950,1,7,1,23.11922034062284
485963,1,7,10,12.35645226928921
485971,0,7,0,0.1929876517271715
485979,1,7,7,1.619076006735818
485981,1,7,6,23.058978743128865
485982,1,7,5,0.3586789934097332
485985,1,7,5,0.3586789949470627
485992,1,7,9,8.344814175729379
486000,1,7,9,13.967597698206767
486006,1,7,3,1.4021226059449268
486009,1,7,6,21.789344104323906
486016,1,7,10,13.901853687739193
486025,1,7,6,20.45312192058891
486039,1,7,10,18.31269820457792
486042,1,7,6,17.22461771216449
486049,0,7,0,0.014150310962873879
486057,1,7,8,9.505229660325398
486086,1,7,6,18.953490356275687
486089,1,7,9,23.52329652522011
486095,1,7,9,11.058587705008605
486098,1,7,8,15.786829910931507
486105,1,7,9,25.83194863860241
486107,1,7,10,21.257637587695218
486111,1,7,9,7.008075005198164
486115,1,7,1,10.542945275413986
486116,1,7,9,13.816713172274042
486128,1,7,8,10.719782074463815
486145,1,7,8,19.63590313263983
486171,1,7,3,1.9784999988840315
486183,1,7,10,7.073617291343502
486191,1,7,7,4.085552148520518
486207,1,7,6,22.675884311630853
486209,1,7,10,4.894151804087894
486229,1,7,6,20.732865545308098
486230,1,7,7,1.6682842489125824
486245,1,7,7,0.7421241265421911
486247,1,7,1,20.540659066013664
486258,1,7,9,7.682734229379413
486278,1,7,2,11.778012315118756
486284,1,7,9,10.051075015995306
486286,1,7,4,0.3586790108976326
486293,1,7,9,22.35445435908119
486308,1,7,9,4.803492660677567
486314,1,7,9,16.27443521602681
486321,1,7,8,27.31331242379365
486328,1,7,5,0.3586789934097332
486341,1,7,9,3.423114412750983
486345,1,7,9,19.01237069623673
486362,1,7,4,0.3586790108976326
486376,0,7,0,0.014173943779767226
486392,1,7,10,10.30016679686274
486394,1,7,8,2.8285182713890573
486404,1,7,5,0.3586789934097332
486415,1,7,1,5.025666767260221
486423,1,7,2,8.238541281088407
486435,1,7,5,0.3586789934097332
486436,1,7,4,0.3586790108976326
486449,1,7,7,3.556227352694655
486458,1,7,9,24.12082648020224
486459,1,7,6,6.559079268570064
486466,1,7,9,22.87669034971082
486476,1,7,8,4.082756390255116
486478,1,7,9,21.33350307715026
486489,1,7,5,0.3586789934097332
486491,1,7,5,0.3586789934097332
486502,1,7,6,18.5417372675319
486507,1,7,9,25.948690505151514
486515,1,7,7,3.728755690379385
486549,1,7,10,14.126747200668797
486552,1,7,6,12.04004037810699
486559,1,7,10,13.104948622922723
486588,1,7,5,0.3586789949470627
486595,1,7,10,11.465486744012622
486605,1,7,9,24.050818919392746
486621,1,7,4,0.3586790108976326
486643,1,7,6,6.354874882384535
486657,1,7,7,3.4793462743001844
486659,1,7,5,0.3586789934097332
486703,1,7,3,2.419409649723228
486715,1,7,10,12.218474325262681
486723,1,7,8,13.134644829739887
486725,1,7,9,23.7717430229411
486742,1,7,10,15.161708331062375
486745,1,7,10,4.9448786248841845
486762,1,7,4,0.3586790108976326
486776,0,7,0,0.015950440534868215
486777,1,7,2,1.1773411284158382
486785,1,7,5,0.3586789934097332
486790,1,7,5,0.3586789934097332
486834,1,7,4,0.3586790108976326
486841,1,7,8,8.77476089522466
486844,1,7,10,5.16394656272298
486856,1,7,9,26.089432778934608
486869,1,7,6,23.188533771459824
486878,1,7,8,16.090295639572734
486890,1,7,7,2.3959592968482184
486905,1,7,10,9.74680265494135
486906,1,7,1,22.896000149821166
486916,0,7,0,0.015879812682757913
486925,1,7,7,3.273575464910498
486928,1,7,3,2.3620576382321232
486930,1,7,8,24.37222471622685
486931,1,7,5,0.3586789949470627
486933,1,7,9,20.120095862769322
486937,1,7,9,14.099211832891895
486960,1,7,8,5.672278153357072
486965,1,7,9,26.205966088283677
486977,1,7,4,0.3586790108976326
486980,1,7,9,16.12959997575403
486981,1,7,1,16.789044533195188
486998,1,7,9,23.109450553660785
487002,1,7,8,9.776389001872976
487015,1,7,7,4.193766694612059
487035,1,7,1,23.04954772221603
487041,1,7,6,15.03753124863143
487059,1,7,6,18.912764809345447
487064,1,7,8,10.55413389028907
487084,1,7,4,0.3586790108976326
487109,1,7,4,0.3586790108976326
487115,1,7,8,2.695916644334935
487131,1,7,8,19.950013303830808
487145,1,7,5,0.3586789934097332
487168,1,7,1,18.509702591745576
487176,1,7,3,0.8079500521055843
487186,1,7,5,0.3586789934097332
487189,1,7,5,0.3586789934097332
487190,1,7,7,0.4040231432782391
487207,1,7,8,9.051954139097784
487211,1,7,4,0.3586790108976326
487217,1,7,5,0.3586789934097332
487218,1,7,2,11.023806222734471
487237,1,7,8,23.569773046884702
487238,1,7,10,3.216183904672412
487250,1,7,3,2.1972047998164523
487257,1,7,5,0.3586789949470627
487258,1,7,8,13.273601237151802
487265,1,7,5,0.3586789934097332
487268,1,7,6,20.460561469131648
487271,1,7,7,4.050215119143687
487275,1,7,7,0.9655011066156715
487287,1,7,4,0.3586790108976326
487298,0,7,0,0.013339491612716038
487312,1,7,5,0.3586789934097332
487320,1,7,10,9.121539656750112
487322,1,7,9,8.604500585530108
487332,1,7,9,8.094555623752528
487337,1,7,8,7.628594580371069
487341,1,7,1,11.778959112895386
487353,1,7,9,16.140404786118378
487362,1,7,1,5.700044306927285
487373,1,7,7,2.219026218809923
487397,1,7,6,13.132708593072042
487403,1,7,8,19.84313444551229
487418,1,7,2,4.802892122218921
487429,1,7,9,15.334597795908648
487439,1,7,1,19.131128065274968
487455,1,7,10,13.231498292565638
487458,1,7,8,4.346944655454349
487460,1,7,5,0.3586789934097332
487484,1,7,6,11.81993603504088
487485,1,7,6,10.368625327578611
487495,1,7,9,22.054763947618465
487496,1,7,4,0.3586790108976326
487503,0,7,0,0.025272199314235473
487510,1,7,1,21.811002465512182
487531,1,7,6,23.396564225429337
487536,1,7,6,16.57778209024178
487537,1,7,4,0.358679009087165
487544,1,7,9,25.018949805922347
487546,1,7,4,0.3586790108976326
487547,1,7,9,10.371018019379788
487553,1,7,5,0.3586789934097332
487565,0,7,0,0.019888549667403495
487572,1,7,7,4.486948530904746
487596,1,7,2,9.139362974586618
487603,1,7,9,13.625619368065047
487633,1,7,6,23.978156651201942
487664,1,7,10,20.908770928009517
487682,1,7,9,6.965316162935569
487691,1,7,1,11.353756544485634
487704,1,7,9,16.456119607571427
487712,0,7,0,0.2016779508270332
487718,1,7,4,0.3586790108976326
487726,1,7,4,0.3586790108976326
487727,1,7,5,0.3586789934097332
487739,1,7,6,21.069580609900207
487741,1,7,1,16.157983402565957
487743,1,7,1,23.10781946584561
487754,1,7,1,11.298099149930849
487777,1,7,8,20.514109179334042
487795,1,7,10,7.32217468891911
487807,1,7,5,0.3586789934097332
487811,1,7,6,15.63784553560781
487847,1,7,5,0.3586789934097332
487851,1,7,10,21.00243676013215
487856,1,7,2,14.06060854467199
487859,1,7,8,21.539092042214097
487871,1,7,9,19.420260968968005
487875,1,7,6,7.654088014212859
487880,1,7,5,0.3586789949470627
487885,1,7,9,13.051965353750823
487887,1,7,2,10.667419877228589
487941,1,7,2,8.587123515654985
487944,1,7,9,25.455257818927294
487945,1,7,5,0.3586789934097332
487952,1,7,7,1.4712004322875953
487968,1,7,6,14.084342344292708
487969,1,7,9,23.321892140093897
487975,1,7,5,0.3586789934097332
487977,1,7,8,8.762122020327675
487980,1,7,10,21.086204685255726
487988,1,7,4,0.3586790108976326
487991,1,7,7,0.6927734712093411
487996,1,7,8,13.577002735836986
487999,1,7,8,22.19897465074873
488009,1,7,9,24.548923196127625
488018,1,7,9,25.70094817126599
488020,1,7,4,0.3586790108976326
488027,1,7,3,2.360262543135683
488030,1,7,4,0.3586790108976326
488038,1,7,2,9.001330366448933
488039,1,7,9,15.682859171836085
488044,1,7,8,21.4141267648309
488091,0,7,0,0.03277782990426996
488094,1,7,1,22.18276083360732
488104,1,7,6,17.768584797654775
488106,1,7,7,2.013301924215918
488139,1,7,6,8.902029978043101
488140,1,7,9,9.568674154544505
488148,1,7,9,25.93085121843819
488152,1,7,9,18.129093741883626
488153,1,7,1,15.606072414273454
488160,1,7,7,0.913720507650284
488167,1,7,6,9.793817636991
488186,1,7,8,15.774597763284234
488195,1,7,2,3.9372099536760015
488196,1,7,8,24.019912749084053
488212,1,7,1,11.528508893330617
488218,1,7,5,0.3586789934097332
488225,1,7,10,5.393367696359954
488229,1,7,3,2.398650696923852
488234,1,7,8,6.0694117152178
488246,1,7,9,2.9616700151380653
488252,1,7,7,1.5092187487153728
488256,1,7,4,0.3586790108976326
488262,1,7,6,19.903998967905398
488268,1,7,5,0.3586789934097332
488288,1,7,1,8.684818621767375
488292,1,7,4,0.3586790108976326
488312,1,7,5,0.3586789934097332
488313,1,7,5,0.3586789934097332
488314,0,7,0,0.017757077839118802
488320,1,7,4,0.3586790108976326
488329,1,7,5,0.3586789934097332
488339,1,7,8,12.246540336226818
488346,1,7,7,3.9160132330237416
488349,1,7,9,21.69850878441454
488393,1,7,2,1.7879824029646219
488400,1,7,5,0.3586789934097332
488414,0,7,0,0.1844082580575558
488422,1,7,10,18.71224261617625
488436,0,7,0,0.02418123526996751
488437,1,7,10,15.882327980805274
488440,0,7,0,0.01767757362240892
488453,1,7,6,10.31640554838772
488455,1,7,6,22.064391781115578
488464,1,7,6,24.00351891777939
488466,1,7,6,22.343046920274592
488474,1,7,7,3.8155047502931048
488477,1,7,7,0.34816913478636735
488478,1,7,5,0.3586789934097332
488481,1,7,9,19.909447563139004
488486,1,7,4,0.3586790108976326
488507,1,7,10,8.271428507555628
488525,1,7,1,18.168192899098234
488532,1,7,7,3.270907333456865
488536,1,7,7,0.7825182168582735
488542,0,7,0,0.23931190308596068
488547,1,7,8,23.25013703488142
488552,1,7,1,23.141122818113594
488555,1,7,2,12.335312650962228
488572,1,7,5,0.3586789934097332
488594,1,7,1,9.458372536827623
488598,1,7,4,0.3586790108976326
488611,1,7,5,0.3586789934097332
488614,0,7,0,0.1117265181656762
488618,1,7,1,18.769690917446706
488620,1,7,6,6.99971828910406
488640,0,7,0,0.07242485191423993
488651,1,7,6,13.507578557562113
488652,1,7,10,8.551685149561417
488664,1,7,10,4.682390817847053
488669,1,7,8,18.97912670926206
488673,1,7,5,0.3586789934097332
488674,1,7,5,0.3586789949470627
488687,1,7,9,12.923989606246407
488707,1,7,1,19.973405094275957
488714,1,7,3,1.0203896844734657
488728,1,7,2,8.630784621635852
488736,1,7,10,11.442409510039989
488760,1,7,9,26.369689793077143
488779,1,7,6,23.63834474391208
488781,1,7,5,0.3586789934097332
488792,1,7,7,3.353249051967634
488795,1,7,8,8.52389011831753
488803,1,7,2,7.891021707642224
488804,1,7,8,24.67053340441748
488823,1,7,8,8.704393181633183
488864,0,7,0,0.014958210599095356
488872,1,7,4,0.3586790108976326
488874,1,7,5,0.3586789934097332
488888,1,7,6,7.4499282497045
488890,0,7,0,0.21331970489877727
488894,1,7,8,28.33889512430397
488895,0,7,0,0.013664926710984685
488897,0,7,0,0.014441723926817493
488908,1,7,6,21.31322124865985
488917,1,7,7,4.128039557430439
488930,1,7,1,13.152072145421172
488934,1,7,10,18.79862721995745
488940,1,7,5,0.3586789934097332
488944,1,7,4,0.3586790108976326
488990,1,7,6,21.112296384556938
488998,1,7,4,0.3586790108976326
489044,1,7,1,22.304217091932625
489058,1,7,9,23.399439712865725
489061,1,7,10,10.831895831456967
489072,1,7,6,7.022458044736085
489082,1,7,5,0.3586789934097332
489091,1,7,7,0.9206303446620846
489094,1,7,5,0.3586789934097332
489138,1,7,6,11.646655299069952
489149,1,7,8,4.724182126286375
489150,1,7,5,0.3586789934097332
489169,1,7,10,15.415623724967748
489189,1,7,5,0.3586789934097332
489195,1,7,9,26.37552453595591
489199,1,7,5,0.3586789934097332
489200,1,7,5,0.3586789934097332
489202,1,7,10,18.9870131321301
489214,1,7,5,0.3586789934097332
489224,0,7,0,0.014835747370539283
489229,1,7,6,6.285163533295347
489240,1,7,3,1.1317648110323366
489247,1,7,9,18.21851563571822
489251,0,7,0,0.027509142294250416
489254,1,7,5,0.3586789934097332
489263,1,7,10,21.229111798944256
489271,1,7,8,16.069573575439936
489272,1,7,10,15.150439455629227
489273,1,7,1,12.02794539817232
489275,1,7,9,22.74534526776209
489295,1,7,7,3.6743686655310817
489302,1,7,7,0.5156589849944593
489310,1,7,5,0.3586789934097332
489328,1,7,3,2.4401800046986435
489339,1,7,8,20.570521214926664
489359,1,7,6,11.178607097416057
489369,1,7,10,16.298959931319068
489375,1,7,4,0.358679009087165
489411,1,7,5,0.3586789934097332
489429,1,7,2,7.960481394691662
489444,1,7,8,11.235058270398598
489446,0,7,0,0.013196761084300564
489448,1,7,6,10.820563418716235
489453,1,7,4,0.3586790108976326
489476,1,7,6,18.748707344060705
489488,1,7,4,0.3586790108976326
489501,1,7,5,0.3586789934097332
489505,1,7,8,19.548182515852123
489507,1,7,9,16.3318724070758
489509,1,7,6,23.83315997795249
489516,1,7,4,0.3586790108976326
489522,1,7,1,4.23850945771448
489546,1,7,8,9.319769469359242
489557,1,7,8,25.650497668172985
489564,1,7,9,21.770755576605104
489584,1,7,5,0.3586789934097332
489589,1,7,9,5.774531610129839
489599,1,7,4,0.3586790108976326
489607,1,7,6,10.756861969523873
489626,1,7,5,0.3586789934097332
489628,1,7,6,6.413133041604689
489630,0,7,0,0.012920964466392197
489642,1,7,1,18.0964843131774
489645,1,7,1,20.118351940396458
489650,1,7,10,20.972524831482954
489657,1,7,7,0.8835045396485672
489663,1,7,10,5.400453179540217
489678,1,7,6,24.024720577357115
489679,1,7,9,5.41297961495192
489682,1,7,4,0.358679009087165
489693,1,7,6,6.246578258478105
489708,1,7,5,0.3586789934097332
489722,1,7,10,3.1045198290305094
489729,1,7,9,26.17261475423382
489756,1,7,10,18.379883340374022
489758,1,7,8,17.85563122970216
489764,1,7,5,0.3586789934097332
489765,1,7,6,11.775702200071972
489766,1,7,4,0.3586790108976326
489778,1,7,9,11.2493105398062
489803,1,7,9,15.066264114793034
489804,1,7,9,6.627529964333169
489813,1,7,7,2.6411388421549185
489816,1,7,6,21.674131231771696
489823,1,7,1,14.07934060412107
489829,1,7,9,13.499200335972377
489833,1,7,7,2.781048994155815
489838,1,7,4,0.3586790108976326
489839,1,7,9,26.182522645089893
489853,1,7,8,11.326528708121483
489877,1,7,4,0.3586790108976326
489889,1,7,4,0.3586790108976326
489911,1,7,5,0.3586789934097332
489920,1,7,9,13.75874425454441
489926,1,7,10,5.188316496949385
489933,1,7,8,26.317300203005292
489945,1,7,6,23.164929143672875
489948,1,7,9,14.362111200490267
489956,1,7,4,0.3586790108976326
489957,1,7,9,4.995355038784618
489962,0,7,0,0.07761148923414672
489969,1,7,4,0.358679009087165
489971,1,7,7,1.399973938581981
489972,1,7,9,2.928129579975121
489981,1,7,10,9.129447754429375
489997,1,7,9,7.982970034847469
490003,1,7,6,19.66921701125516
490004,1,7,5,0.3586789934097332
490008,1,7,5,0.3586789934097332
490018,1,7,8,11.709216244443544
490036,1,7,5,0.3586789934097332
490037,1,7,4,0.3586790108976326
490039,1,7,10,15.799988967821513
490048,1,7,5,0.3586789934097332
490056,1,7,7,3.114162105738599
490064,1,7,10,3.458930533360531
490072,1,7,4,0.3586790108976326
490080,1,7,10,19.007278974192406
490084,1,7,10,12.030796815076952
490087,1,7,9,16.351724337976666
490096,1,7,9,23.52176814103159
490097,1,7,8,15.559022687159882
490120,1,7,8,10.24881333634073
490121,1,7,8,22.839218514137354
490155,1,7,9,15.737223158200386
490165,1,7,2,10.88117653091412
490171,1,7,4,0.3586790108976326
490173,1,7,7,2.700702449642537
490176,1,7,10,20.664920747765407
490192,1,7,8,10.31771324044459
490198,1,7,8,6.731814509748889
490200,1,7,6,7.065343852337008
490222,1,7,4,0.358679009087165
490224,1,7,8,13.870701913644247
490235,1,7,5,0.3586789934097332
490244,1,7,1,22.155177917172768
490262,1,7,5,0.3586789934097332
490263,1,7,9,10.757176723808413
490271,1,7,1,17.217677289978504
490278,1,7,5,0.3586789934097332
490285,1,7,8,10.096653355057176
490313,1,7,9,16.964087624509368
490330,1,7,9,13.568642004842664
490334,1,7,5,0.3586789934097332
490347,1,7,4,0.3586790108976326
490371,1,7,5,0.3586789934097332
490392,1,7,9,26.40179237251268
490393,1,7,10,20.450353365869876
490402,1,7,4,0.3586790108976326
490416,1,7,6,23.355390095335416
490434,1,7,6,17.678698895722167
490438,1,7,5,0.3586789934097332
490442,0,7,0,0.015867041909086964
490443,0,7,0,0.01879846757560495
490467,1,7,8,9.404345816132329
490486,1,7,6,19.997435136960995
490487,1,7,5,0.3586789934097332
490488,1,7,4,0.3586790108976326
490497,1,7,6,18.961650708263843
490504,1,7,8,22.668795490677446
490512,1,7,1,16.550543776774074
490529,1,7,3,2.1771277330811714
490546,1,7,7,4.184353021070103
490551,1,7,5,0.3586789934097332
490556,1,7,4,0.358679009087165
490560,1,7,5,0.3586789949470627
490580,1,7,9,23.86030147697982
490584,1,7,9,22.599981219645844
490592,1,7,8,15.138286422969681
490594,1,7,6,22.08270881322279
490598,1,7,9,22.871468638467313
490616,1,7,9,15.716760182037872
490630,1,7,5,0.3586789934097332
490632,1,7,3,1.8464939960861546
490639,1,7,6,12.653354904957263
490654,1,7,10,11.876051376713653
490655,1,7,10,9.09690639398321
490656,1,7,6,6.654294178337923
490662,1,7,8,19.692254688508314
490668,1,7,4,0.3586790108976326
490673,1,7,7,2.930436005717733
490693,1,7,8,15.64373529856403
490697,1,7,7,3.7106917607894143
490698,1,7,3,2.386107309596404
490704,1,7,8,23.800851018751825
490721,1,7,9,25.696816002985294
490726,1,7,7,3.418089096788487
490727,1,7,7,3.9010670702360106
490732,1,7,4,0.3586790108976326
490755,1,7,3,2.406329774196858
490767,1,7,1,11.866684231813544
490786,1,7,3,2.3575859044524266
490804,1,7,6,18.167278012497484
490813,1,7,6,9.391214896136042
490817,1,7,9,24.799780507139957
490821,1,7,1,4.915784593946451
490824,1,7,7,4.1675888621684845
490836,1,7,9,15.104175700228083
490846,1,7,10,18.010246553337456
490859,1,7,1,17.188504021894346
490864,1,7,5,0.3586789934097332
490868,1,7,10,11.358834340104963
490873,1,7,9,24.52835968148485
490880,1,7,6,18.262865208688506
490885,1,7,6,15.30512086704699
490886,1,7,5,0.3586789934097332
490887,1,7,5,0.3586789934097332
490891,1,7,6,19.30414116327289
490895,1,7,5,0.3586789934097332
490896,1,7,5,0.3586789934097332
490920,1,7,6,14.657185885813487
490923,1,7,3,2.341127953063267
490928,1,7,7,2.9962554965116186
490967,1,7,10,12.761481915193096
490976,1,7,6,21.297432976777195
490978,1,7,10,9.285452863998385
490981,1,7,9,12.026991757776301
490983,1,7,5,0.3586789934097332
490986,1,7,7,1.2666258271812019
490990,1,7,8,12.86509803565862
490996,1,7,1,10.22185059202018
491006,1,7,6,23.941528484667757
491018,1,7,4,0.3586790108976326
491037,1,7,4,0.3586790108976326
491049,1,7,7,3.1411698574314526
491056,1,7,5,0.3586789934097332
491071,1,7,9,24.19330699017912
491085,1,7,8,23.936751304888972
491086,0,7,0,0.012942949734201604
491091,1,7,6,15.49002107950055
491094,1,7,6,22.346819162909227
491100,1,7,6,23.802619709945752
491114,1,7,3,2.361746094737932
491123,1,7,6,9.202521364283216
491132,1,7,8,22.943901470692712
491133,1,7,3,1.7418277837712004
491141,1,7,8,9.00763309977164
491146,1,7,9,8.206861877395271
491151,1,7,8,13.230649156111836
491159,1,7,10,12.068074355578197
491169,1,7,8,24.758302013939833
491181,1,7,9,5.871238889631868
491187,1,7,9,7.710647918693872
491199,1,7,9,6.392117009152867
491210,1,7,9,17.120652966728038
491217,1,7,9,10.914425356273155
491218,1,7,4,0.3586790108976326
491239,1,7,8,22.834881629568354
491241,1,7,5,0.3586789934097332
491272,1,7,1,16.002646174014735
491281,1,7,6,17.82750016451191
491295,1,7,10,8.98747363703316
491307,1,7,8,4.9502112587597615
491318,1,7,6,20.382402284775765
491323,1,7,6,17.22704078133462
491336,0,7,0,0.025136654040365927
491345,1,7,10,20.976760334903442
491359,1,7,9,20.122888140404747
491376,1,7,9,16.745655068971164
491397,1,7,10,9.258267177078338
491409,1,7,8,25.57372161659729
491420,1,7,5,0.3586789949470627
491423,1,7,5,0.3586789934097332
491429,1,7,1,11.089325934657722
491430,1,7,5,0.3586789934097332
491455,1,7,9,12.632403694340953
491460,1,7,10,6.422038427965057
491462,1,7,9,13.744774637877274
491497,1,7,5,0.3586789934097332
491505,1,7,9,7.340883433068483
491525,1,7,6,23.199562009701033
491533,0,7,0,0.02161402163478566
491542,1,7,9,21.84757105542433
491545,1,7,9,13.115621822098529
491551,1,7,5,0.3586789934097332
491585,1,7,9,26.367977608797496
491587,1,7,7,4.612243828524162
491600,1,7,8,15.21107464093752
491603,1,7,7,3.706185345922003
491607,1,7,9,16.652956987720195
491627,1,7,2,1.7035601209903537
491637,0,7,0,0.02637226637858869
491640,1,7,6,6.577345412142121
491657,1,7,4,0.3586790108976326
491678,1,7,9,15.078497989060478
491683,1,7,4,0.3586790108976326
491693,1,7,10,12.225142242626163
491698,1,7,9,25.6733929467751
491715,1,7,6,11.03202152975353
491719,1,7,6,13.811473306166567
491726,1,7,8,24.896645979573474
491727,1,7,6,16.891511765768826
491729,1,7,5,0.3586789949470627
491742,1,7,2,13.866075456720973
491756,1,7,4,0.3586790108976326
491757,1,7,10,10.671151396410474
491766,1,7,5,0.3586789934097332
491778,1,7,2,6.7377470670222275
491781,1,7,6,22.055387594701212
491787,1,7,5,0.3586789934097332
491830,1,7,9,19.31217613987636
491834,1,7,5,0.3586789934097332
491850,1,7,6,21.319367714928507
491863,1,7,4,0.3586790108976326
491887,1,7,6,7.548464808095595
491902,1,7,6,19.422699641633177
491908,1,7,1,23.227977041534544
491915,1,7,5,0.3586789934097332
491924,1,7,4,0.3586790108976326
491930,1,7,10,5.538530600162318
491935,1,7,4,0.3586790108976326
491968,0,7,0,0.026863658302568823
491974,1,7,3,2.288678272586141
491979,1,7,5,0.3586789934097332
492019,1,7,8,15.78269152946977
492023,1,7,6,9.57546315870093
492030,1,7,9,16.594585746843713
492034,1,7,9,23.965970925257835
492037,1,7,10,19.520224757997845
492040,1,7,6,18.543813582850177
492076,1,7,9,16.798491309837797
492077,1,7,5,0.3586789934097332
492083,1,7,4,0.3586790108976326
492087,1,7,10,20.964956532022164
492105,1,7,6,23.791599516962428
492125,1,7,10,7.752450141585569
492146,1,7,6,9.035784267952375
492150,1,7,5,0.3586789934097332
492198,1,7,10,19.0478747016204
492200,1,7,7,2.4908178708162874
492213,1,7,5,0.3586789934097332
492218,1,7,9,3.1050108169258226
492234,1,7,6,10.609542063419731
492254,1,7,1,12.975951097396646
492272,1,7,5,0.3586789934097332
492275,1,7,1,18.14940851249988
492283,1,7,6,22.03753925705903
492290,1,7,1,12.727146038541363
492297,1,7,7,0.9689694095850935
492311,1,7,10,20.95354526116886
492319,1,7,9,26.285839888630303
492324,1,7,2,5.29843600398696
492329,1,7,6,11.829498533240423
492348,1,7,4,0.3586790108976326
492356,1,7,10,18.53032662920448
492365,1,7,9,5.9423238997238155
492366,1,7,6,14.942238387657014
492387,1,7,6,13.543696459347531
492390,1,7,9,25.60722599930492
492391,1,7,5,0.3586789934097332
492429,1,7,6,11.448274664582291
492436,1,7,9,15.094643011289095
492452,1,7,6,17.26045778933802
492465,1,7,9,7.444928124115305
492486,1,7,1,9.183240809698043
492489,1,7,8,7.896866087487956
492491,1,7,8,21.637707162694948
492511,1,7,8,3.160949336964991
492517,1,7,5,0.3586789934097332
492520,1,7,4,0.3586790108976326
492525,1,7,3,1.2790449329050433
492532,1,7,8,12.277559679219001
492568,1,7,7,2.038416291977353
492571,1,7,8,5.1854705714249
492577,1,7,7,1.4677917231083255
492584,1,7,8,14.024533307475572
492590,1,7,10,21.201708381448444
492591,1,7,5,0.3586789934097332
492592,1,7,8,19.381182871861323
492605,1,7,10,21.26450945149728
492610,1,7,1,21.137937969637225
492615,1,7,9,12.125929137240849
492648,1,7,8,28.5190789664024
492665,1,7,10,9.712362591644316
492712,1,7,10,11.909714743885422
492713,1,7,5,0.3586789934097332
492724,1,7,1,18.11004255881979
492734,1,7,8,10.361069816508257
492737,1,7,8,15.902989093548994
492743,1,7,6,18.83908345630875
492748,1,7,7,4.368338216536959
492749,1,7,9,9.74317290987974
492752,1,7,9,11.15449669778316
492763,1,7,5,0.3586789934097332
492766,0,7,0,0.03911957052674013
492773,1,7,1,20.887946793644712
492774,1,7,8,25.743396183099854
492780,1,7,8,28.18561519618279
492807,1,7,4,0.358679009087165
492830,1,7,6,23.126003393569867
492834,1,7,4,0.3586790108976326
492836,1,7,9,18.701173639167052
492849,1,7,7,2.8383018452329893
492858,1,7,6,9.447441931073781
492864,1,7,7,3.9711268683568934
492866,1,7,5,0.3586789934097332
492869,1,7,8,5.099579545457828
492876,1,7,9,16.331817152911572
492880,0,7,0,0.03351249688391206
492885,1,7,9,16.44392049733494
492886,1,7,5,0.3586789934097332
492890,1,7,8,6.45423016308334
492897,1,7,9,14.91068716425098
492929,1,7,5,0.3586789934097332
492943,1,7,7,1.9595655407560644
492974,1,7,10,20.182365554812563
492978,1,7,6,23.4610831776421
492979,1,7,9,3.004736675201058
492995,1,7,10,12.3926016468618
493013,1,7,10,4.790239809276043
493020,1,7,1,7.82680020618929
493025,1,7,5,0.3586789934097332
493026,1,7,1,17.681518604828213
493057,1,7,8,28.29998847637718
493059,1,7,9,16.084195215428
493071,1,7,9,23.117068749939435
493102,1,7,5,0.3586789934097332
493114,1,7,6,21.294027882049168
493127,1,7,1,9.57133628983234
493133,1,7,3,2.1240711323293384
493140,1,7,9,22.34303440007678
493151,1,7,10,14.851632685608266
493154,1,7,1,7.1871233119497
493166,1,7,1,23.21630616712171
493168,1,7,5,0.3586789934097332
493172,1,7,1,18.6340704524058
493179,1,7,8,19.90102609263686
493180,1,7,6,23.37083435957804
493181,1,7,4,0.3586790108976326
493185,1,7,5,0.3586789934097332
493189,1,7,4,0.3586790108976326
493203,1,7,9,15.061343047659408
493225,1,7,4,0.3586790108976326
493240,1,7,9,13.737052115059187
493257,1,7,3,1.760037046943004
493262,1,7,4,0.3586790108976326
493280,1,7,2,6.95612935265494
493282,1,7,9,9.806668495225644
493305,1,7,4,0.3586790108976326
493312,1,7,7,3.2728632563448565
493325,1,7,6,12.200528075103579
493328,1,7,9,13.146504797787502
493331,1,7,6,23.59534968339253
493341,1,7,4,0.3586790108976326
493361,1,7,6,13.411402005793862
493376,1,7,8,8.186377595476086
493377,1,7,1,15.829304248027222
493385,1,7,8,16.308378904438687
493394,1,7,4,0.3586790108976326
493401,1,7,4,0.3586790108976326
493409,1,7,1,8.169292822980134
493419,1,7,9,14.20458011079574
493435,1,7,10,14.95867457172313
493436,1,7,8,27.839850136728952
493453,1,7,6,22.185488367181584
493468,1,7,10,14.738515701094377
493471,1,7,1,10.280328817499024
493477,0,7,0,0.025182417164294934
493483,1,7,6,23.027121029131234
493486,1,7,3,2.0701912464021057
493494,1,7,10,8.529215733602308
493528,1,7,9,2.7714599359513974
493535,1,7,5,0.3586789934097332
493542,1,7,4,0.3586790108976326
493550,1,7,8,24.66434164550451
493589,1,7,1,17.99229526211852
493600,1,7,4,0.3586790108976326
493630,1,7,5,0.3586789934097332
493644,1,7,8,8.253341752086591
493664,1,7,9,5.779153526843169
493673,1,7,6,23.53149043641522
493684,1,7,1,14.963695270774352
493686,1,7,3,2.155769075317472
493689,1,7,9,11.544641092520838
493693,0,7,0,0.012214865307833072
493702,1,7,10,13.739120528406392
493703,1,7,8,20.26145744427675
493706,1,7,8,15.676316982876866
493713,1,7,10,17.07187735788477
493715,1,7,8,17.733339237660807
493722,1,7,5,0.3586789934097332
493727,1,7,9,23.700426804401435
493730,1,7,10,10.458452900146012
493732,1,7,1,21.26109607114893
493744,1,7,4,0.358679009087165
493785,1,7,5,0.3586789949470627
493787,1,7,4,0.3586790108976326
493791,1,7,5,0.3586789934097332
493795,1,7,6,5.424004613948292
493800,1,7,8,21.637760514719183
493808,1,7,2,9.740107275737387
493811,1,7,8,19.12095320344997
493818,1,7,9,16.57274013015119
493826,1,7,6,16.835843095160847
493830,1,7,9,16.71215978252616
493833,1,7,5,0.3586789934097332
493834,1,7,1,19.095665725887955
493837,0,7,0,0.020099618897222577
493838,1,7,9,15.552146405650735
493843,1,7,4,0.3586790108976326
493868,1,7,4,0.3586790108976326
493874,1,7,9,14.63839402662171
493893,1,7,4,0.3586790108976326
493900,1,7,10,16.479675612688105
493905,1,7,1,20.282816293928008
493906,1,7,10,3.11880834798221
493908,1,7,9,9.977814244775683
493909,0,7,0,0.03042126270228758
493953,1,7,9,14.86866994069326
493960,1,7,9,15.884961091868218
493967,1,7,9,25.802033958523428
493985,1,7,9,13.38686709247173
493992,1,7,5,0.3586789934097332
494026,1,7,3,1.1702306056532539
494029,1,7,8,4.113370701142425
494032,1,7,8,3.1184454524424283
494046,1,7,10,18.227282839950874
494049,1,7,9,25.634772093078407
494050,1,7,6,14.387978364763725
494051,1,7,4,0.3586790108976326
494054,1,7,5,0.3586789934097332
494055,1,7,8,17.632922591780027
494080,1,7,5,0.3586789934097332
494113,0,7,0,0.015894342026279307
494115,1,7,4,0.3586790108976326
494116,1,7,10,5.315851319819976
494117,1,7,5,0.3586789934097332
494137,1,7,3,2.269391447021109
494142,1,7,2,2.826596817283914
494165,1,7,5,0.3586789934097332
494167,1,7,5,0.3586789934097332
494171,1,7,9,21.50500049137204
494173,1,7,9,11.946818583105252
494174,1,7,9,16.235307401348003
494183,1,7,1,17.921107385447687
494186,1,7,4,0.3586790108976326
494192,1,7,6,23.240186408102108
494193,1,7,10,17.920066262935492
494220,1,7,8,27.970825228937183
494227,1,7,9,14.868580858141149
494236,1,7,9,21.822334808304394
494246,1,7,10,4.139839998644965
494276,1,7,6,23.354340456715402
494294,1,7,9,9.236828052389367
494303,1,7,9,21.003533613327278
494304,1,7,7,1.785364680965265
494311,1,7,4,0.3586790108976326
494318,1,7,1,9.981207948028894
494324,1,7,5,0.3586789949470627
494341,1,7,6,9.993724789805377
494347,1,7,6,9.11168041647931
494360,1,7,9,16.610311027041035
494378,1,7,8,11.901630533127166
494393,0,7,0,0.2741913049884398
494409,1,7,9,12.685940894989498
494413,1,7,9,19.521300823528875
494421,1,7,5,0.3586789934097332
494432,1,7,3,1.4115343111063063
494436,1,7,9,24.411169554723422
494445,1,7,10,19.01387213807025
494450,1,7,2,10.851073986790047
494455,1,7,5,0.3586789934097332
494457,0,7,0,0.013220710545664783
494464,1,7,2,7.303995487634385
494480,1,7,5,0.3586789934097332
494481,1,7,10,17.905894634515263
494501,1,7,1,10.178497096631412
494502,1,7,1,21.158616458446446
494510,1,7,6,21.063436402627314
494528,1,7,10,16.089158499883812
494543,1,7,8,3.3442055827387507
494547,1,7,1,7.8208930504843215
494548,1,7,4,0.3586790108976326
494553,1,7,4,0.3586790108976326
494560,1,7,4,0.3586790108976326
494565,1,7,8,23.503846532355706
494568,1,7,10,16.624145484452654
494586,1,7,4,0.3586790108976326
494601,1,7,8,5.738233601925938
494624,1,7,8,2.4105691628128145
494625,1,7,7,3.0225760045787395
494627,1,7,5,0.3586789949470627
494639,1,7,6,13.632699569804862
494654,1,7,9,16.372778048839926
494659,1,7,4,0.3586790108976326
494673,0,7,0,0.023880545809887993
494693,1,7,8,12.114752045739785
494703,1,7,9,15.069790439660407
494706,1,7,5,0.3586789934097332
494712,1,7,9,26.078832294446492
494732,1,7,5,0.3586789934097332
494784,1,7,6,23.973663775919896
494794,1,7,9,11.42632596310723
494798,1,7,8,14.042811599433492
494800,1,7,1,7.075047835907363
494807,1,7,9,25.39633968006304
494818,1,7,3,2.450350391298475
494821,1,7,4,0.3586790108976326
494832,1,7,5,0.3586789934097332
494836,1,7,5,0.3586789934097332
494846,1,7,9,14.589256389089376
494859,1,7,7,4.308576419768938
494881,1,7,6,9.668818227834306
494883,0,7,0,0.012929566708202575
494899,1,7,4,0.3586790108976326
494907,1,7,7,3.7267339166046236
494912,1,7,9,6.9274070555644816
494913,1,7,5,0.3586789934097332
494927,1,7,4,0.3586790108976326
494933,1,7,8,24.131321565579377
494934,1,7,1,22.42759101004861
494948,1,7,6,18.90494852773543
494964,1,7,1,6.023191610147721
494970,1,7,4,0.358679009087165
494975,1,7,8,28.498590495204386
495024,1,7,4,0.3586790108976326
495027,1,7,6,9.200153676956862
495032,0,7,0,0.038717097200951
495039,1,7,2,12.420728487949946
495043,1,7,9,22.591014521720677
495044,1,7,6,15.285831599716314
495065,1,7,5,0.3586789934097332
495067,1,7,6,15.030325889365198
495085,1,7,5,0.3586789934097332
495096,1,7,5,0.3586789934097332
495124,1,7,8,17.43511835176268
495125,1,7,7,0.3492370418480911
495132,1,7,5,0.3586789934097332
495158,1,7,6,21.356648513759982
495159,1,7,10,19.826188604993508
495168,1,7,10,8.803621687867018
495176,1,7,6,9.005781097328569
495189,1,7,6,20.01064032007294
495190,1,7,8,8.909579232811732
495199,1,7,5,0.3586789934097332
495206,1,7,1,12.904866484411217
495216,1,7,4,0.3586790108976326
495222,1,7,9,25.49385119003815
495227,1,7,9,17.239081844577267
495234,1,7,5,0.3586789934097332
495252,1,7,2,10.583030524847942
495254,1,7,9,7.241453029607769
495271,1,7,1,9.713198889704106
495278,1,7,6,12.952143345792937
495284,1,7,4,0.358679009087165
495291,1,7,9,9.933073829642609
495319,1,7,8,24.74212144473015
495359,1,7,9,20.39465225094566
495363,1,7,9,15.430498011584564
495364,1,7,7,1.9262740082946148
495386,1,7,8,17.209960777979585
495468,1,7,6,20.430227326771625
495471,1,7,6,16.961701219182366
495477,1,7,4,0.3586790108976326
495481,1,7,6,23.204263441176497
495499,0,7,0,0.027333018767592122
495515,1,7,5,0.3586789934097332
495517,1,7,2,2.658865515713555
495528,1,7,4,0.3586790108976326
495540,1,7,1,22.934448276296376
495542,1,7,8,16.34089947729848
495560,1,7,10,20.03015510661369
495562,1,7,6,14.085726452355594
495600,1,7,10,5.33273255135253
495610,1,7,9,3.7642672864061155
495617,1,7,1,16.60155044219017
495625,1,7,9,25.92722708690864
495627,1,7,1,14.329838325428597
495643,1,7,4,0.3586790108976326
495666,1,7,9,14.309622360832687
495679,1,7,6,12.816818394405605
495680,1,7,3,1.4833948174907543
495681,1,7,9,6.272943443747533
495686,1,7,7,3.9686129295125694
495688,1,7,4,0.3586790108976326
495689,0,7,0,0.014590684910429917
495694,1,7,5,0.3586789949470627
495706,1,7,5,0.3586789949470627
495715,1,7,9,22.556245490814337
495727,1,7,1,13.47868559559747
495730,1,7,9,25.02313544803207
495731,1,7,4,0.3586790108976326
495734,1,7,5,0.3586789934097332
495741,1,7,5,0.3586789934097332
495764,1,7,3,0.7933691033491304
495767,1,7,5,0.3586789934097332
495800,1,7,6,10.977325552776911
495802,1,7,4,0.3586790108976326
495809,1,7,6,23.29556040730567
495816,1,7,1,19.714353089823202
495838,1,7,6,22.97641796962719
495840,1,7,5,0.3586789934097332
495847,1,7,9,16.775406627225465
495853,1,7,5,0.3586789934097332
495868,1,7,10,11.577829480174604
495900,1,7,8,17.302869760127017
495903,1,7,9,19.564556688551335
495904,1,7,7,1.8646666425936678
495911,1,7,8,10.289071290309934
495928,1,7,7,3.1249835204813596
495933,1,7,10,13.663337283082704
495940,1,7,4,0.3586790108976326
495948,1,7,5,0.3586789934097332
495950,1,7,8,16.023537686068966
495956,1,7,8,17.03194291443624
495960,1,7,4,0.3586790108976326
495995,1,7,3,2.1579464927030467
495997,1,7,8,14.13780953849113
496004,1,7,9,22.997043643085014
496007,0,7,0,0.0178370253363327
496025,1,7,9,5.842537100514403
496028,1,7,5,0.3586789934097332
496033,1,7,7,1.099942017315585
496041,1,7,1,9.956154505977834
496053,1,7,1,10.78706613248924
496061,1,7,5,0.3586789934097332
496076,1,7,4,0.3586790108976326
496085,0,7,0,0.03238572901053906
496090,1,7,8,16.2557438338546
496092,1,7,7,1.4065624309368343
496094,1,7,8,11.880145634856332
496096,1,7,1,9.52299720542586
496102,1,7,1,20.280219126630662
496128,1,7,9,15.111448152030926
496130,1,7,8,15.78607564882308
496137,1,7,5,0.3586789934097332
496142,1,7,8,28.49725838702021
496148,1,7,4,0.3586790108976326
496149,1,7,5,0.3586789934097332
496154,1,7,8,4.8978946417745535
496162,1,7,10,13.939149923307678
496187,1,7,1,7.950226794070951
496206,1,7,10,14.58723262696857
496214,1,7,6,16.11323950056072
496225,1,7,6,23.848983933522366
496232,1,7,9,25.83983270121364
496235,1,7,2,7.442201000558573
496241,1,7,5,0.3586789934097332
496258,1,7,10,4.691414328571527
496265,1,7,7,2.5527939028117497
496285,1,7,8,24.619612797643192
496295,1,7,9,16.081758954726748
496303,1,7,5,0.3586789934097332
496304,1,7,6,12.69107229962519
496327,1,7,9,19.013237218376638
496364,1,7,1,4.3888653608518675
496379,1,7,3,2.1632113530347654
496381,1,7,9,17.10752084876666
496385,1,7,9,22.596005072246786
496391,1,7,1,15.066879254761968
496399,1,7,5,0.3586789934097332
496406,1,7,4,0.3586790108976326
496407,1,7,1,18.408750875624676
496416,1,7,5,0.3586789934097332
496420,1,7,6,23.82894969147555
496444,1,7,10,8.792348044197077
496448,1,7,10,9.797935406033197
496457,1,7,9,12.6201959892187
496485,1,7,4,0.3586790108976326
496487,1,7,9,22.42695718549465
496492,1,7,9,11.30440583137943
496497,1,7,9,26.23218853230868
496510,1,7,9,21.482158310567506
496521,1,7,6,14.689954037282302
496534,1,7,10,10.46799024030665
496541,1,7,5,0.3586789934097332
496563,1,7,7,1.9947737203794254
496572,1,7,1,21.564154535354664
496578,1,7,4,0.3586790108976326
496595,1,7,9,16.06464905036277
496596,1,7,9,13.201814203082808
496602,1,7,6,19.96710458300989
496619,1,7,6,21.731298356497835
496623,1,7,4,0.358679009087165
496628,1,7,9,11.152155452803038
496631,1,7,1,19.709224333918947
496647,1,7,6,23.861161795485177
496668,0,7,0,0.01210640440852338
496717,1,7,4,0.3586790108976326
496720,1,7,6,6.375898910343031
496730,1,7,6,19.322850428749348
496732,1,7,1,14.700736241588597
496737,0,7,0,0.07081141488775954
496747,1,7,9,23.129755115281213
496769,1,7,3,1.7904847151543248
496774,1,7,9,26.38306415863191
496776,1,7,8,13.579412073257338
496777,1,7,10,11.09590728789376
496784,1,7,6,23.95969016476336
496805,1,7,6,12.530488233460765
496813,1,7,10,14.95761603291012
496834,1,7,7,4.06456463686398
496837,1,7,6,20.68710497764147
496838,1,7,9,5.806618066756459
496841,1,7,8,23.25920976176269
496844,1,7,5,0.3586789934097332
496851,1,7,9,26.30239786554118
496852,1,7,6,15.007858586979005
496855,1,7,8,26.76041399823213
496858,1,7,4,0.3586790108976326
496859,1,7,5,0.3586789934097332
496869,1,7,5,0.3586789934097332
496897,1,7,1,6.349258892547093
496899,1,7,5,0.3586789934097332
496907,1,7,10,6.03683471001487
496914,1,7,4,0.358679009087165
496921,1,7,9,4.279926114804519
496937,0,7,0,0.013112965000685076
496940,1,7,8,10.986560225340897
496951,1,7,6,24.04544418994936
496962,1,7,9,13.288591361749578
496964,1,7,5,0.3586789934097332
496970,1,7,9,19.78849655324985
496980,1,7,5,0.3586789934097332
496983,1,7,5,0.3586789934097332
496998,1,7,8,27.836830510856768
496999,1,7,9,5.210574688939132
497002,1,7,4,0.3586790108976326
497006,1,7,4,0.3586790108976326
497013,1,7,5,0.3586789934097332
497028,1,7,9,25.84738144464561
497030,1,7,10,17.599221172791765
497036,1,7,9,26.42558064818855
497045,1,7,8,8.298691865924217
497050,1,7,2,11.39876870622801
497052,1,7,4,0.3586790108976326
497054,1,7,6,12.794213881712807
497060,1,7,8,12.077822037623898
497062,1,7,9,21.249379739288766
497065,1,7,8,19.58483340805203
497078,1,7,8,23.49847393488056
497086,1,7,9,9.774353881340547
497089,1,7,5,0.3586789934097332
497112,1,7,3,0.8361910872570931
497114,1,7,9,23.9477898516646
497120,1,7,5,0.3586789934097332
497124,1,7,5,0.3586789949470627
497130,1,7,2,3.2959584497166836
497138,1,7,6,14.724967386199362
497155,1,7,6,5.549768714568755
497157,1,7,5,0.3586789934097332
497169,1,7,9,26.353696405861136
497179,1,7,5,0.3586789934097332
497201,1,7,9,21.12657367227498
497215,1,7,9,13.457192738435916
497218,1,7,1,18.834589027157254
497241,1,7,4,0.3586790108976326
497245,1,7,8,24.042205991973535
497250,1,7,6,6.775095680359865
497275,1,7,8,5.196586722865088
497279,1,7,10,17.517457570627847
497290,1,7,5,0.3586789934097332
497309,1,7,7,3.105977378644657
497335,1,7,1,13.842473696214194
497337,1,7,5,0.3586789934097332
497350,1,7,9,25.472708722296023
497361,1,7,6,12.570387371552345
497367,1,7,4,0.3586790108976326
497425,1,7,8,7.993897012515997
497434,1,7,5,0.3586789934097332
497443,1,7,9,21.66864776674083
497444,0,7,0,0.013896054974776586
497462,1,7,7,2.3768848499818214
497465,0,7,0,0.017224788301710956
497473,1,7,5,0.3586789934097332
497477,0,7,0,0.011888976448599113
497479,1,7,5,0.3586789934097332
497485,1,7,6,21.070269108226558
497487,0,7,0,0.02149798925860161
497529,1,7,8,26.891472929776295
497546,1,7,10,6.795351005902313
497553,1,7,4,0.3586790108976326
497586,1,7,9,14.269440405092283
497598,1,7,10,11.920565656323056
497599,1,7,5,0.3586789934097332
497615,1,7,10,6.222573892526169
497616,1,7,9,16.55110076788315
497624,1,7,4,0.3586790108976326
497632,1,7,1,8.971966429066258
497636,1,7,6,14.950981083415542
497652,1,7,1,15.795140932686722
497654,1,7,6,15.325561171658608
497655,1,7,6,22.84137355365584
497681,1,7,9,12.812327864896764
497694,1,7,8,12.159178624746021
497705,1,7,8,18.49812249275304
497709,1,7,2,11.08902542809142
497716,1,7,7,0.7029648073159608
497731,1,7,7,4.56405998728042
497758,1,7,4,0.3586790108976326
497776,1,7,4,0.3586790108976326
497796,1,7,4,0.3586790108976326
497798,1,7,9,7.0548431139433365
497802,1,7,9,13.871640490956313
497813,1,7,10,21.2264659818539
497815,1,7,9,12.753715161375627
497819,1,7,2,13.674454347904357
497820,1,7,6,14.846463746910871
497826,1,7,4,0.3586790108976326
497836,1,7,10,13.118640236147
497851,1,7,9,24.128567879432214
497852,1,7,9,26.454774986998068
497856,1,7,3,0.6955980057225563
497865,1,7,3,0.9196671303709781
497868,1,7,9,25.037950090154514
497870,1,7,10,6.925313250274634
497881,1,7,2,7.695083822999059
497884,1,7,6,4.8586261678269045
497885,1,7,7,2.093712568334823
497892,1,7,8,15.475199423970723
497894,1,7,4,0.3586790108976326
497895,1,7,8,28.404201597558234
497902,1,7,10,20.616520176113657
497906,1,7,7,2.3811781189030503
497916,1,7,4,0.3586790108976326
497925,1,7,6,14.79499528755371
497941,1,7,10,14.268751253629315
497963,1,7,6,15.342864015032143
497971,1,7,8,27.55901215185824
497979,1,7,10,4.903124804331513
497988,0,7,0,0.03089602582250832
498001,1,7,8,10.97887718676153
498004,1,7,5,0.3586789934097332
498009,1,7,10,10.827605713812359
498012,1,7,8,14.309107824316827
498022,1,7,9,14.522815812427561
498034,1,7,8,12.041543334911745
498041,1,7,1,12.764812701035172
498048,1,7,10,13.514208097085186
498057,1,7,5,0.3586789934097332
498059,1,7,5,0.3586789934097332
498063,1,7,6,23.80323282121598
498069,0,7,0,0.012449985611968502
498081,1,7,4,0.358679009087165
498082,1,7,1,4.819840164698082
498084,1,7,3,2.0199943285012094
498085,1,7,5,0.3586789934097332
498093,1,7,5,0.3586789934097332
498114,1,7,6,13.238534264809964
498118,1,7,9,25.6651098324198
498121,1,7,5,0.3586789934097332
498123,1,7,5,0.3586789934097332
498160,1,7,1,16.089570917884462
498162,1,7,9,8.03218612922346
498177,1,7,8,10.015189764017704
498190,1,7,8,20.18726269928665
498192,1,7,9,25.814193354625672
498200,1,7,4,0.3586790108976326
498205,1,7,6,21.6264751512438
498207,0,7,0,0.0296565963999526
498232,1,7,2,13.023043397871005
498233,1,7,10,9.410069569481408
498235,1,7,5,0.3586789934097332
498268,1,7,8,7.876781031860957
498272,1,7,9,25.903849631185007
498298,1,7,5,0.3586789934097332
498309,1,7,9,16.198182284323156
498310,1,7,10,6.278691261325565
498311,1,7,10,15.13264831132637
498319,1,7,9,26.370898835738174
498343,1,7,4,0.3586790108976326
498346,1,7,9,9.54703966275006
498349,1,7,4,0.3586790108976326
498350,1,7,7,4.5109027024204185
498353,1,7,8,12.301955780287306
498366,1,7,8,26.955445519571818
498388,1,7,5,0.3586789934097332
498389,1,7,8,3.4822037017825993
498393,0,7,0,0.012324246151993729
498397,0,7,0,0.02884888489674965
498399,1,7,6,23.872611774229384
498411,1,7,7,0.7970979289896158
498417,1,7,4,0.3586790108976326
498421,1,7,6,13.800052434519667
498424,1,7,3,2.196147505260902
498441,1,7,9,17.589005794352477
498446,1,7,9,17.007722471347904
498450,1,7,1,18.268668013832972
498456,1,7,9,4.246014757231943
498459,1,7,9,8.079924605358421
498462,1,7,5,0.3586789934097332
498501,1,7,8,17.238791035681825
498506,1,7,9,25.464707106325644
498517,1,7,8,26.436735470982995
498533,1,7,1,12.336552805728896
498535,1,7,5,0.3586789934097332
498538,1,7,8,25.564721324307808
498544,1,7,9,10.722854257516873
498545,1,7,4,0.3586790108976326
498546,1,7,10,7.200008078100248
498547,1,7,5,0.3586789934097332
498588,1,7,10,11.034825897694141
498602,1,7,6,14.601019481809338
498628,1,7,10,16.868925829587102
498632,1,7,9,15.7422280078572
498639,1,7,8,2.7397486169786984
498640,1,7,6,13.134514443485672
498656,1,7,7,2.3109153572415697
498664,1,7,8,24.961645618708257
498666,1,7,10,8.931230596309785
498669,1,7,1,21.6398002414114
498672,1,7,10,9.44198914511629
498685,1,7,5,0.3586789934097332
498687,1,7,10,14.278406618588692
498709,1,7,8,12.085217562891302
498730,1,7,4,0.3586790108976326
498732,1,7,6,6.077631659138266
498747,1,7,9,7.612230790163033
498764,1,7,8,27.83742611561871
498781,1,7,9,15.957861079073787
498789,1,7,4,0.3586790108976326
498800,1,7,6,14.365928701750708
498809,1,7,9,7.223658767885372
498826,1,7,6,6.54161855061751
498831,1,7,10,8.013644572818182
498832,1,7,8,9.257026842248715
498841,1,7,9,16.570948264700988
498844,1,7,10,11.422844215436871
498864,1,7,8,23.646085880347087
498878,1,7,3,2.4194990660283917
498885,1,7,1,14.305443811705981
498907,1,7,6,10.40477102460897
498909,1,7,5,0.3586789934097332
498914,1,7,8,28.233299800065517
498933,1,7,9,6.757154820877501
498956,1,7,3,2.322525952304124
498976,1,7,9,26.341452523617487
498996,1,7,4,0.3586790108976326
499000,1,7,9,13.267321496471155
499011,1,7,4,0.358679009087165
499017,1,7,9,2.6800213039999696
499019,1,7,1,14.223430645481434
499038,1,7,4,0.3586790108976326
499039,1,7,9,25.486864024224435
499047,1,7,4,0.3586790108976326
499049,1,7,9,12.49941097481869
499074,1,7,8,16.767837575836946
499082,1,7,8,7.548485120042994
499086,1,7,5,0.3586789934097332
499092,1,7,4,0.3586790108976326
499093,1,7,10,11.069760384921706
499104,1,7,8,13.406555655931696
499110,1,7,6,12.957747607935037
499112,1,7,9,24.078423987398626
499122,1,7,9,12.849778916654696
499148,1,7,10,20.27368623184066
499154,1,7,7,1.191658210693374
499160,1,7,8,22.246778372981737
499174,1,7,6,11.740794630059797
499176,1,7,5,0.3586789934097332
499182,1,7,6,5.172027799864342
499213,1,7,8,21.85378125345703
499226,1,7,7,4.581793079861009
499228,1,7,8,24.02766051225289
499230,0,7,0,0.03330890093169699
499231,0,7,0,0.011960180197019058
499233,1,7,9,26.3216979686642
499236,1,7,9,20.87416851811798
499244,1,7,9,25.628014212814584
499250,1,7,8,15.756908207320341
499260,1,7,5,0.3586789949470627
499267,1,7,6,15.507714548218221
499269,1,7,1,15.226337566919257
499281,1,7,9,19.77206811756622
499286,1,7,10,4.274666278479421
499293,1,7,7,0.9968655215305814
499302,1,7,5,0.3586789934097332
499323,1,7,5,0.3586789934097332
499325,1,7,6,9.42025652364368
499333,1,7,10,20.07700128088094
499337,1,7,6,10.80108552618405
499341,1,7,10,11.472157510791764
499358,1,7,5,0.3586789934097332
499366,0,7,0,0.2280112426478769
499387,1,7,8,13.361846705216049
499393,1,7,5,0.3586789934097332
499399,1,7,10,12.41866009249429
499406,1,7,10,11.359730566381621
499414,0,7,0,0.022940484049784955
499417,1,7,9,13.725813252891369
499424,0,7,0,0.028618120478406832
499428,1,7,7,0.7231077380295783
499431,1,7,4,0.3586790108976326
499438,1,7,4,0.3586790108976326
499453,1,7,5,0.3586789934097332
499461,1,7,1,6.604413319032696
499475,1,7,1,17.434092261110752
499480,1,7,3,2.413032818405526
499485,1,7,9,5.964391302915866
499500,1,7,6,11.156147040018489
499515,1,7,4,0.3586790108976326
499519,1,7,10,16.62929917315414
499537,1,7,4,0.358679009087165
499548,1,7,5,0.3586789949470627
499560,1,7,9,23.908492426032055
499574,1,7,1,21.03065135881723
499577,1,7,9,13.502231403014001
499584,1,7,4,0.3586790108976326
499588,1,7,6,23.403579096552544
499590,0,7,0,0.026103658979395334
499596,1,7,8,27.281757721321835
499605,1,7,6,9.509562052399094
499618,1,7,8,23.201992010359188
499622,1,7,8,26.251375663539466
499623,1,7,9,15.101838873232966
499626,1,7,1,22.7146955780295
499638,1,7,6,10.741733206777393
499643,1,7,1,17.810562182717568
499660,1,7,9,26.207179970377208
499670,1,7,5,0.3586789934097332
499698,1,7,8,25.076775705459465
499725,1,7,8,25.38011223102853
499738,1,7,8,4.387125847764047
499743,1,7,5,0.3586789934097332
499746,1,7,1,18.163176540072712
499747,1,7,8,10.061509370156221
499762,1,7,9,23.94442873782102
499774,1,7,6,14.22655396830554
499788,1,7,10,15.402824210686221
499805,1,7,8,19.662434221681085
499817,1,7,10,7.3193987287713815
499821,1,7,9,16.719782869209013
499832,1,7,9,14.05652743934429
499838,1,7,7,3.438515219417664
499844,1,7,4,0.358679009087165
499846,1,7,3,1.1307649004913263
499848,1,7,6,17.66583777796487
499863,1,7,5,0.3586789934097332
499864,1,7,5,0.3586789934097332
499867,1,7,10,17.908085242445527
499886,1,7,7,4.314478284637575
499887,1,7,6,17.265511882118506
499888,1,7,2,1.3254123346906002
499890,1,7,6,19.42518556111264
499897,1,7,9,24.74851935699372
499907,1,7,4,0.3586790108976326
499918,1,7,7,2.0196024057704727
499921,1,7,7,0.95216481543302
499929,1,7,1,20.31193318877617
499931,1,7,5,0.3586789934097332
499936,1,7,6,22.322207934292017
499944,1,7,9,14.264751958175458
499948,1,7,7,4.3517918162560765
499949,1,7,6,8.098373087152257
499981,1,7,5,0.3586789934097332
499982,1,7,6,23.56852615741153
499983,1,7,9,8.553445502002685
499988,1,7,5,0.3586789934097332
500011,1,7,8,12.300006700833611
500015,1,7,9,21.516197019868336
500032,1,7,8,4.054938786460425
500048,1,7,9,23.485350193989664
500071,1,7,5,0.3586789934097332
500086,1,7,9,17.02570770909395
500099,1,7,6,11.990051186618237
500141,1,7,5,0.3586789934097332
500142,1,7,6,11.4512067597887
500146,1,7,1,16.42563082658348
500154,1,7,9,14.006676818822152
500187,1,7,5,0.3586789934097332
500188,1,7,9,25.66270001254332
500199,1,7,6,19.072579884096573
500217,1,7,1,14.026214820637922
500228,0,7,0,0.02927467348725716
500233,1,7,5,0.3586789934097332
500255,1,7,4,0.3586790108976326
500268,1,7,4,0.3586790108976326
500275,1,7,8,17.061523753871768
500292,1,7,5,0.3586789934097332
500312,1,7,6,19.483950689863338
500318,1,7,8,22.786745118760447
500328,1,7,8,24.192110582546043
500330,1,7,10,12.053871528849374
500339,1,7,8,16.544960911068525
500341,1,7,5,0.3586789934097332
500358,1,7,9,7.846180197925838
500365,1,7,6,12.258132389888685
500368,1,7,5,0.3586789934097332
500373,1,7,6,15.157685940288943
500375,1,7,1,14.701989702909769
500380,1,7,3,2.1716432714716025
500385,1,7,6,6.55051605360665
500386,1,7,8,19.7813635935378
500403,1,7,6,5.9630997526559835
500409,1,7,8,24.062551862713697
500426,1,7,8,16.709328653172157
500435,1,7,9,21.328359071230462
500446,1,7,5,0.3586789934097332
500474,1,7,9,16.169700339440773
500475,1,7,8,25.7597345228798
500481,1,7,9,16.691903991957766
500512,1,7,4,0.3586790108976326
500519,1,7,5,0.3586789934097332
500529,1,7,9,11.634964282636533
500534,1,7,8,25.1309596234653
500570,1,7,4,0.3586790108976326
500581,1,7,2,2.219465683412144
500599,1,7,5,0.3586789934097332
500607,1,7,7,3.204190458284902
500633,1,7,10,14.922449276700114
500649,1,7,9,9.198055296420444
500655,1,7,5,0.3586789934097332
500663,1,7,7,4.038327272947609
500665,0,7,0,0.019765792844680767
500668,1,7,8,16.602442811614566
500676,1,7,6,17.947172171782263
500679,1,7,9,11.160899158313235
500690,0,7,0,0.027153986319333193
500705,1,7,6,6.276608856586959
500706,1,7,8,15.781927628751538
500709,1,7,9,25.642933423832616
500715,1,7,10,20.86514147529009
500719,1,7,9,2.927229831131351
500728,1,7,6,15.077730360864443
500730,1,7,4,0.3586790108976326
500732,1,7,2,11.100021561459679
500737,1,7,8,4.199973885303503
500741,1,7,7,0.3495476290553742
500747,1,7,10,12.37640531559424
500755,1,7,9,5.394985021528677
500759,1,7,4,0.358679009087165
500763,1,7,9,16.269794482990825
500767,1,7,6,22.84995013962348
500793,1,7,7,3.656553511149292
500794,1,7,7,4.337066174009626
500795,1,7,6,12.378941964285849
500797,1,7,7,2.641263227578333
500807,1,7,9,26.1350231587134
500817,1,7,9,13.789476722696493
500820,1,7,5,0.3586789934097332
500830,1,7,9,5.566474690398417
500832,1,7,9,14.007805034389952
500838,1,7,2,9.13183599139451
500852,1,7,8,26.33719689339831
500858,1,7,4,0.3586790108976326
500868,1,7,8,11.633718906114373
500880,1,7,6,22.056514243682148
500888,1,7,6,23.158098973547382
500895,1,7,2,9.137533149408961
500901,0,7,0,0.10585927805674777
500902,1,7,9,16.361027142071578
500911,1,7,8,12.166224149289311
500915,1,7,8,20.45599299623585
500919,1,7,10,7.578174895219834
500927,1,7,9,19.863603946458852
500932,1,7,6,12.019856156933521
500943,1,7,4,0.3586790108976326
500944,1,7,4,0.3586790108976326
500945,1,7,7,4.385180880299467
500961,1,7,8,11.383689721573177
500962,1,7,6,10.505259040963473
500965,1,7,5,0.3586789934097332
500979,1,7,6,13.68217669335993
500985,1,7,8,14.37319448622505
501005,1,7,1,18.258230330713975
501007,1,7,8,15.207655557433018
501008,1,7,6,14.791335815934438
501025,1,7,9,8.59463950677774
501026,1,7,2,13.623151513955538
501043,1,7,9,8.362243337109353
501057,1,7,6,14.511683231480903
501071,1,7,10,4.831582412767764
501075,1,7,1,14.939113521785663
501077,0,7,0,0.024192244701390853
501083,1,7,9,15.260236374523654
501086,1,7,9,10.33560401418317
501101,1,7,8,26.75856769565689
501102,1,7,9,13.832451102097309
501131,1,7,9,2.8860822598378886
501136,1,7,10,12.06235456222765
501145,1,7,4,0.3586790108976326
501153,1,7,4,0.3586790108976326
501155,1,7,3,2.3737512872971807
501164,1,7,5,0.3586789934097332
501187,1,7,8,20.460152145870556
501194,1,7,2,8.726696177062747
501205,1,7,9,20.23886215681477
501213,1,7,4,0.3586790108976326
501218,1,7,4,0.3586790108976326
501219,1,7,9,4.878693104503188
501229,1,7,5,0.3586789934097332
501232,1,7,9,26.43429949444276
501234,1,7,5,0.3586789934097332
501237,1,7,10,15.947823686474125
501240,1,7,5,0.3586789949470627
501247,1,7,4,0.358679009087165
501255,1,7,6,10.853509979306274
501262,0,7,0,0.0179691109354363
501283,1,7,4,0.3586790108976326
501308,1,7,6,18.255833401628816
501312,1,7,5,0.3586789934097332
501317,1,7,6,15.196594889580693
501320,1,7,8,13.156767433900676
501326,1,7,10,15.317700624081047
501337,1,7,9,26.35110405283525
501338,1,7,6,19.54990243406697
501362,0,7,0,0.022095097719771466
501381,1,7,8,6.796453726817725
501394,1,7,5,0.3586789934097332
501396,1,7,4,0.3586790108976326
501434,1,7,9,14.23421989775794
501438,1,7,10,18.13980538107647
501443,1,7,6,17.470604644383297
501453,1,7,4,0.3586790108976326
501456,1,7,9,15.562751912703481
501457,1,7,10,18.6603180271664
501461,1,7,10,17.956635547616813
501471,1,7,9,22.228087129966383
501483,1,7,6,22.25444258237285
501494,1,7,9,7.501783584943208
501496,1,7,9,26.370887320168524
501506,1,7,5,0.3586789934097332
501508,1,7,6,13.522952183087781
501540,1,7,4,0.3586790108976326
501569,1,7,3,1.812699109109283
501574,1,7,4,0.3586790108976326
501588,0,7,0,0.015849093619736236
501590,1,7,8,15.380101575925154
501595,1,7,3,2.2952974181579653
501633,1,7,1,22.397994080494872
501644,1,7,8,27.954494606385627
501648,1,7,9,20.91315081842693
501690,1,7,5,0.3586789934097332
501703,1,7,2,9.452865621106996
501707,1,7,9,17.932202189642016
501721,1,7,8,23.35308068111114
501781,1,7,4,0.3586790108976326
501785,1,7,2,5.517646160358834
501788,1,7,1,12.628140471586635
501790,1,7,9,16.42077758866633
501791,1,7,3,2.449664697672738
501793,1,7,6,18.82398749705076
501797,1,7,3,1.7490189606557833
501815,1,7,9,21.157073714673572
501832,1,7,3,2.3604211146223975
501836,1,7,4,0.3586790108976326
501845,1,7,8,23.110652816896827
501859,1,7,10,13.381510279143853
501865,1,7,9,24.103638024072886
501872,1,7,1,19.572732275238977
501873,1,7,6,11.584283060338532
501886,1,7,6,11.448980214771646
501893,1,7,9,2.690853892501485
501895,1,7,10,12.847632280635272
501898,1,7,1,10.040225804044073
501909,1,7,9,16.7312892976842
501927,1,7,9,24.266841942739045
501932,1,7,6,20.291356087797265
501933,1,7,6,19.258908128617325
501969,1,7,1,15.688495687662
501979,1,7,6,7.068719752610585
501980,1,7,4,0.3586790108976326
501981,1,7,9,13.592090744268345
501984,1,7,8,8.143547392472557
502001,1,7,6,19.81586877346838
502004,1,7,6,22.00438944156083
502037,1,7,3,0.9410526930156025
502042,1,7,6,21.871865335101262
502045,1,7,8,17.72245489890384
502049,1,7,6,23.910333055181436
502057,1,7,8,26.76357536678134
502062,1,7,4,0.3586790108976326
502082,1,7,1,7.410485772506146
502085,1,7,10,12.402666177229646
502091,1,7,10,20.38867329553852
502113,1,7,5,0.3586789934097332
502114,1,7,9,10.55989649641345
502121,1,7,9,15.91879662750053
502122,1,7,9,24.094649979448175
502140,1,7,1,6.33203423417614
502149,1,7,2,8.812231359174364
502150,1,7,2,12.42943821184878
502154,1,7,6,14.905827903574716
502156,1,7,4,0.3586790108976326
502191,1,7,9,16.19086989706379
502217,1,7,4,0.3586790108976326
502224,1,7,5,0.3586789934097332
502241,1,7,9,18.15263824056995
502312,1,7,5,0.3586789934097332
502318,1,7,8,26.273652729429514
502319,1,7,6,23.797825187654677
502345,1,7,5,0.3586789949470627
502348,1,7,4,0.3586790108976326
502351,0,7,0,0.196530704261436
502354,1,7,5,0.3586789934097332
502356,1,7,8,9.378531688502267
502365,1,7,5,0.3586789934097332
502377,1,7,4,0.3586790108976326
502379,1,7,8,3.965412189757874
502385,1,7,9,20.627503440527597
502414,1,7,9,25.013250794272682
502416,1,7,6,9.338714017335805
502425,1,7,6,18.17611103332272
502437,1,7,2,12.415669658419912
502454,1,7,7,1.0284893511079238
502463,0,7,0,0.18476435102971242
502482,1,7,8,22.85344853905715
502493,1,7,8,9.082981657875727
502496,1,7,4,0.3586790108976326
502500,1,7,9,10.235804436476885
502506,1,7,6,23.038657920076794
502507,1,7,9,17.150945055213953
502520,1,7,5,0.3586789934097332
502533,0,7,0,0.01410147064889988
502544,0,7,0,0.03465126560922193
502553,1,7,6,13.105733417290075
502569,1,7,5,0.3586789934097332
502586,1,7,10,11.621894478548967
502596,1,7,4,0.3586790108976326
502604,1,7,9,26.34063402193676
502607,1,7,8,8.353732835065973
502612,1,7,8,27.20978679821708
502613,1,7,6,9.883993397612393
502624,1,7,3,1.8194778794472817
502651,1,7,3,2.204587297231109
502670,1,7,9,16.54939313012304
502677,1,7,8,27.857580519777297
502681,1,7,7,2.941528108833065
502704,1,7,9,20.393925018823207
502709,1,7,9,7.888896024689661
502715,1,7,2,5.627505704221089
502719,1,7,7,4.124816650377544
502739,1,7,9,26.138236226636472
502740,1,7,6,11.24868701963866
502741,0,7,0,0.014674769017390843
502755,1,7,9,11.019744538533862
502756,1,7,9,24.4240114338037
502807,1,7,8,15.845429810097881
502811,1,7,8,14.517352707512996
502816,1,7,5,0.3586789934097332
502825,1,7,1,17.92269442192684
502827,1,7,4,0.3586790108976326
502849,1,7,10,9.093486408663551
502855,1,7,6,12.273292757667368
502857,1,7,7,3.753112169545257
502864,1,7,2,13.544452172538202
502880,1,7,9,16.26598299686441
502914,1,7,8,14.77012296188983
502916,1,7,4,0.3586790108976326
502923,1,7,6,19.902559953756807
502925,1,7,8,4.688038837810074
502958,1,7,6,18.187997854622107
502962,1,7,9,23.160338028539645
502965,1,7,4,0.3586790108976326
502978,1,7,4,0.358679009087165
502988,1,7,4,0.358679009087165
502992,0,7,0,0.03653030194232433
503045,1,7,5,0.3586789934097332
503053,1,7,7,2.1507743325387376
503082,1,7,2,4.608978880126262
503104,1,7,1,18.38474306596355
503108,1,7,6,21.597648500797977
503121,1,7,6,18.856011769615623
503135,1,7,9,11.268522053904986
503148,1,7,8,17.09095029708856
503159,1,7,5,0.3586789934097332
503161,1,7,8,3.710671330111108
503182,1,7,6,23.132284470080585
503190,1,7,8,15.36088821176859
503194,1,7,4,0.3586790108976326
503226,1,7,7,3.250381068934802
503230,1,7,6,13.041215465217869
503238,1,7,3,1.3611213108269988
503256,1,7,4,0.3586790108976326
503259,1,7,9,24.985226824749425
503263,1,7,4,0.3586790108976326
503265,1,7,9,23.469100997471205
503272,1,7,8,3.431171478005164
503282,1,7,6,23.15608089307965
503286,1,7,2,4.3933660587373735
503293,1,7,6,21.79956393781256
503301,1,7,6,12.200092384902486
503302,1,7,10,15.806963292965763
503312,1,7,4,0.3586790108976326
503315,0,7,0,0.013940907448205716
503318,1,7,1,20.52768367650671
503326,1,7,1,9.653806432924181
503333,1,7,4,0.358679009087165
503340,1,7,6,18.175202858667014
503358,1,7,6,6.944914965175085
503365,1,7,6,9.372425065712006
503371,1,7,1,7.185270093319711
503373,1,7,1,4.427672779289947
503379,1,7,7,4.540749348315332
503381,1,7,9,2.915596138750431
503383,1,7,8,12.0173094684411
503471,1,7,7,3.845842064838624
503491,1,7,6,5.965467542476742
503494,1,7,1,21.940330207977286
503506,1,7,1,15.953551526495199
503522,1,7,9,15.246297323513863
503531,0,7,0,0.22901700330611527
503559,1,7,9,5.228592120901237
503574,0,7,0,0.0660647725406722
503585,1,7,5,0.3586789934097332
503592,1,7,3,2.347990194772646
503594,1,7,4,0.3586790108976326
503599,1,7,9,16.461275405011275
503625,1,7,10,7.810384951306663
503630,1,7,9,22.78429899670356
503667,1,7,7,2.1072522934426625
503668,1,7,6,16.576355111667493
503671,1,7,3,1.8052350056770925
503680,1,7,4,0.3586790108976326
503681,1,7,9,24.804457639663912
503684,0,7,0,0.027242129988458947
503685,1,7,9,5.407479041760484
503691,1,7,4,0.3586790108976326
503703,1,7,8,9.282936335836771
503715,1,7,5,0.3586789949470627
503725,1,7,9,24.489519571923474
503729,1,7,8,11.918788791357143
503732,1,7,9,17.101184379366835
503734,1,7,9,24.5040569755794
503764,1,7,9,16.713246807357063
503765,1,7,6,17.6157004860901
503787,1,7,9,26.298363786904194
503819,1,7,8,25.833144190050543
503830,1,7,9,26.246157978648153
503863,1,7,3,1.3435077845256571
503879,1,7,8,26.781684093769627
503882,1,7,3,2.4067121006321757
503893,1,7,10,15.646408627835946
503911,1,7,5,0.3586789934097332
503914,1,7,6,15.887639089069705
503945,1,7,5,0.3586789934097332
503952,1,7,9,26.271231593419493
503953,1,7,5,0.3586789934097332
503955,1,7,6,15.145647186580295
503981,1,7,9,15.190058599888411
503983,1,7,8,24.417859077663906
503984,1,7,9,7.992365256346151
503991,1,7,10,3.08668745449665
504000,1,7,1,16.945168822507707
504005,1,7,9,4.755517927853273
504013,1,7,4,0.3586790108976326
504017,1,7,5,0.3586789934097332
504029,1,7,8,20.397128120382952
504034,1,7,5,0.3586789934097332
504035,1,7,6,17.401667308012584
504054,1,7,8,28.500785511804256
504066,1,7,2,13.866776978892263
504074,1,7,9,11.543574614365362
504085,1,7,6,19.340814966061707
504088,1,7,10,5.142324516161289
504092,1,7,7,2.5643181002354805
504093,1,7,7,2.118677231313121
504096,1,7,4,0.3586790108976326
504109,1,7,9,5.040272258298503
504127,1,7,7,2.640375066626036
504128,1,7,4,0.3586790108976326
504143,1,7,7,4.388010942335701
504152,1,7,2,8.93381988623748
504156,1,7,6,16.867472448676143
504169,1,7,4,0.3586790108976326
504178,1,7,9,21.711844180525535
504196,1,7,6,9.172252677681225
504198,1,7,10,9.800820354903387
504212,1,7,7,0.49432310991764056
504219,1,7,8,12.2902232667597
504222,1,7,1,13.391414493686678
504228,1,7,10,18.475243424981027
504239,1,7,5,0.3586789934097332
504240,1,7,10,20.346606782919228
504245,1,7,1,8.784893412968392
504246,1,7,9,12.508569304434161
504273,1,7,4,0.3586790108976326
504284,1,7,6,15.141716625839791
504285,1,7,8,18.492113022505546
504287,1,7,10,16.01924165396066
504322,1,7,9,8.000022629411365
504338,1,7,5,0.3586789934097332
504344,1,7,4,0.358679009087165
504357,1,7,1,12.341362873532642
504361,1,7,9,21.22096627944272
504373,1,7,8,18.38380536982542
504378,1,7,8,6.029174068248019
504385,1,7,10,12.44412609933688
504390,1,7,1,18.21208154507956
504402,0,7,0,0.013692299862573653
504409,1,7,4,0.3586790108976326
504413,1,7,8,21.020320065137536
504415,1,7,4,0.3586790108976326
504428,1,7,10,7.179120489754767
504436,1,7,2,12.86784245635062
504452,1,7,10,9.313697712367002
504456,1,7,4,0.3586790108976326
504470,1,7,9,24.132396996646907
504491,1,7,4,0.3586790108976326
504506,1,7,4,0.3586790108976326
504509,1,7,10,3.727338910796588
504512,1,7,8,14.27459869784362
504518,1,7,8,13.105613889047497
504530,0,7,0,0.015773935242070224
504541,1,7,2,4.729038102850318
504543,1,7,10,18.15279110935343
504558,1,7,2,13.454810339685796
504567,1,7,8,9.382491523913755
504571,1,7,4,0.3586790108976326
504575,1,7,8,12.417007295017168
504577,1,7,9,20.713163423197418
504603,1,7,6,23.162431823631536
504604,1,7,5,0.3586789934097332
504608,0,7,0,0.03342602541888305
504616,1,7,5,0.3586789949470627
504634,1,7,8,12.255095821871974
504658,1,7,6,13.501503574539283
504661,1,7,5,0.3586789934097332
504688,1,7,9,9.788525961522026
504692,1,7,9,17.875546222660727
504697,1,7,4,0.3586790108976326
504704,1,7,10,11.271431548688838
504707,1,7,7,1.658383317727475
504714,1,7,6,23.400955748295832
504715,1,7,9,18.433634278633217
504716,1,7,1,22.429451165089414
504730,1,7,6,14.583143848408064
504760,1,7,9,16.32899295664691
504763,0,7,0,0.024763023117975354
504768,1,7,9,8.256408549523352
504772,1,7,4,0.3586790108976326
504778,1,7,3,1.0666779715159416
504786,1,7,8,6.001202265914392
504834,1,7,6,6.241677641521118
504845,1,7,7,2.3937139569296018
504864,1,7,4,0.3586790108976326
504875,1,7,8,10.688199718773541
504880,1,7,9,10.575152134666032
504884,1,7,10,12.101999688171512
504898,1,7,9,23.49539953819943
504899,1,7,6,16.39723981926414
504918,1,7,6,11.29113266154675
504924,1,7,8,8.48965927253081
504925,1,7,7,3.6296760649366706
504929,1,7,8,16.03453549249057
504930,1,7,1,6.516575874520722
504934,0,7,0,0.02491106379339345
504939,1,7,6,16.84892050096545
504953,1,7,9,13.533319533563297
504955,1,7,4,0.3586790108976326
504961,1,7,1,22.64990730648398
504995,1,7,2,5.27861420489954
504997,1,7,9,23.57744778501015
505001,1,7,5,0.3586789934097332
505007,1,7,9,17.260486940088356
505009,1,7,5,0.3586789934097332
505011,0,7,0,0.01936438452308436
505060,1,7,6,21.689661710402206
505072,1,7,8,18.591930400622537
505081,1,7,4,0.3586790108976326
505085,0,7,0,0.024999248190970075
505096,1,7,5,0.3586789934097332
505113,1,7,4,0.3586790108976326
505114,1,7,8,26.276246367494764
505125,1,7,4,0.3586790108976326
505132,1,7,8,14.773399295720438
505141,1,7,2,10.101123730702081
505150,1,7,5,0.3586789934097332
505154,1,7,9,12.525478498521933
505157,1,7,5,0.3586789934097332
505174,1,7,5,0.3586789934097332
505193,1,7,10,8.178181452152275
505213,1,7,6,9.342484910852674
505219,1,7,5,0.3586789934097332
505228,1,7,9,14.41442782033741
505231,1,7,9,9.498960233285679
505241,1,7,9,8.493164911275445
505250,1,7,6,22.834633177820763
505260,1,7,6,15.019471673775517
505263,1,7,5,0.3586789949470627
505270,1,7,4,0.3586790108976326
505288,1,7,10,14.779254377893695
505314,1,7,9,14.223169033421659
505337,1,7,6,9.50771135757559
505348,1,7,4,0.3586790108976326
505368,1,7,5,0.3586789934097332
505382,1,7,6,22.382481863729677
505386,1,7,6,19.62692591770338
505393,1,7,9,24.02564296549447
505403,1,7,9,12.182285422018424
505404,0,7,0,0.03699807497936348
505407,1,7,5,0.3586789934097332
505411,1,7,10,15.713784581154156
505432,1,7,5,0.3586789934097332
505434,1,7,9,16.65569042750713
505442,1,7,4,0.3586790108976326
505479,1,7,9,24.101560907895895
505480,1,7,6,12.055748461208058
505488,1,7,4,0.3586790108976326
505489,1,7,9,8.185043216398622
505522,1,7,2,6.144391244335906
505542,1,7,5,0.3586789934097332
505561,1,7,6,17.380007958367845
505562,1,7,6,10.749838694038713
505598,1,7,9,9.879258733869813
505605,1,7,9,12.432401570194488
505614,1,7,2,8.17020675743164
505621,1,7,10,7.2087230394363555
505647,1,7,6,9.562222951253943
505658,1,7,4,0.3586790108976326
505667,1,7,4,0.358679009087165
505678,1,7,10,18.724511292093577
505683,1,7,10,18.367694267276214
505691,1,7,5,0.3586789934097332
505694,1,7,5,0.3586789934097332
505709,1,7,8,22.764095128950753
505714,1,7,9,23.050372066863336
505720,1,7,8,24.997848680325717
505721,1,7,6,7.344694001569955
505723,1,7,1,14.455681236483775
505733,1,7,3,1.1564136739551805
505741,1,7,6,6.914956870431645
505745,1,7,8,11.373053130719855
505757,1,7,5,0.3586789934097332
505766,1,7,4,0.3586790108976326
505803,1,7,8,6.965193961644071
505819,0,7,0,0.013294307123839779
505823,1,7,5,0.3586789934097332
505824,1,7,6,23.983134381436905
505828,1,7,8,13.853383123584711
505844,1,7,9,23.714574884237503
505852,1,7,7,4.330237152652207
505859,1,7,10,8.219891483731455
505871,1,7,5,0.3586789934097332
505884,1,7,9,9.343120181483037
505888,1,7,6,13.086529358806084
505907,1,7,5,0.3586789934097332
505921,1,7,7,1.3995463887222925
505937,1,7,10,18.85341990186098
505951,1,7,4,0.3586790108976326
505956,0,7,0,0.023455688243994313
505958,1,7,6,23.752442656152784
505961,1,7,5,0.3586789949470627
505974,1,7,8,19.975423522157293
505981,1,7,4,0.3586790108976326
505987,1,7,8,23.10348876775991
505993,0,7,0,0.024219799475266295
506004,1,7,9,23.45343606426917
506009,1,7,4,0.3586790108976326
506039,1,7,6,9.180714800943838
506048,1,7,7,2.262888238986908
506054,1,7,7,1.9623905607096557
506061,1,7,1,15.547900807634086
506070,1,7,6,23.69782924044328
506072,1,7,8,4.936318538764519
506099,1,7,6,8.420411746145724
506115,1,7,9,22.99152226505241
506116,1,7,9,5.25776184843067
506133,1,7,2,5.99148517403572
506144,1,7,4,0.3586790108976326
506155,1,7,5,0.3586789934097332
506161,1,7,1,12.702976321948054
506168,1,7,6,23.010533457697257
506174,0,7,0,0.04182012323357648
506176,1,7,9,16.4904710154429
506184,0,7,0,0.03012969112414255
506192,1,7,2,13.699742244455253
506212,0,7,0,0.24076968769994833
506217,1,7,7,1.192300178010749
506218,1,7,10,9.705984591018773
506227,1,7,9,24.57267648066342
506243,1,7,5,0.3586789934097332
506254,1,7,9,12.913842555655119
506256,1,7,2,5.830928059394704
506282,1,7,9,6.4126397581412045
506294,1,7,10,5.931186664792802
506319,1,7,1,4.871940942623803
506337,1,7,8,11.927275421852228
506354,1,7,8,19.52247495364317
506362,1,7,3,2.20817690618961
506366,1,7,9,8.593812252269913
506368,1,7,9,25.56803724777195
506371,1,7,9,3.790351783364958
506373,1,7,6,18.052755193966775
506387,1,7,1,20.29390805949869
506391,1,7,10,17.0142366923522
506396,1,7,9,12.815790849896253
506408,1,7,9,23.387550896340308
506425,1,7,4,0.3586790108976326
506427,1,7,3,2.2498388970745795
506431,1,7,5,0.3586789934097332
506436,1,7,1,18.270405750336444
506443,1,7,5,0.3586789934097332
506454,1,7,7,2.050069498569293
506459,1,7,9,15.771014492060294
506474,1,7,4,0.3586790108976326
506479,1,7,8,24.577177691316564
506484,1,7,3,2.349934358930964
506488,1,7,9,23.502409292583827
506507,1,7,9,25.50106349776756
506515,1,7,4,0.3586790108976326
506525,1,7,10,21.21545328305236
506535,1,7,10,20.147772362118502
506548,1,7,4,0.3586790108976326
506576,1,7,5,0.3586789934097332
506589,1,7,10,12.423019092542042
506591,0,7,0,0.2849012146200387
506594,1,7,4,0.358679009087165
506630,1,7,8,13.618807127153397
506634,1,7,6,18.051757315600266
506637,1,7,6,24.077154310813295
506662,1,7,6,19.525455651503314
506670,1,7,5,0.3586789934097332
506682,1,7,1,9.20856262490804
506694,1,7,8,16.0352373084668
506709,1,7,6,16.062936938370427
506710,1,7,6,6.136366119392788
506717,1,7,2,7.424760135071441
506726,1,7,6,22.829456294421593
506735,1,7,3,1.9913355631825072
506737,1,7,10,20.458726328989826
506755,1,7,5,0.3586789934097332
506756,1,7,9,20.962440970524096
506759,1,7,10,19.273533522179935
506769,1,7,8,4.416523412961403
506772,1,7,10,3.7834882410574617
506784,1,7,2,12.29177463742029
506787,1,7,7,2.3273128330513413
506794,1,7,10,17.23852134655568
506805,1,7,4,0.3586790108976326
506833,1,7,1,12.826624219300843
506838,1,7,5,0.3586789934097332
506847,1,7,6,15.339316515316748
506859,1,7,5,0.3586789934097332
506860,1,7,9,24.41387795406934
506862,1,7,4,0.3586790108976326
506877,1,7,6,21.743637427076948
506883,1,7,10,5.504260854635861
506887,1,7,1,15.265975732492917
506904,1,7,9,15.79191821624767
506910,1,7,4,0.3586790108976326
506912,1,7,4,0.3586790108976326
506914,1,7,8,16.79339269935384
506921,1,7,6,22.88531817178924
506932,1,7,10,8.458493341622406
506955,1,7,9,23.705942154201498
506964,1,7,4,0.3586790108976326
506968,1,7,8,12.45265892630679
506973,1,7,4,0.3586790108976326
506979,1,7,3,2.391920101721343
506983,1,7,6,20.1890201884921
506984,1,7,5,0.3586789934097332
506997,1,7,8,3.63831082072707
507002,1,7,10,12.291172718582134
507020,1,7,8,22.41644972411445
507035,1,7,1,12.548882800634559
507038,1,7,6,11.606299487313873
507059,1,7,5,0.3586789934097332
507063,1,7,10,20.46579359934205
507068,1,7,6,20.710337978180597
507070,1,7,1,14.55634592349975
507072,1,7,4,0.3586790108976326
507078,1,7,8,27.863748161788028
507087,1,7,8,4.9087482192608505
507088,1,7,4,0.3586790108976326
507121,1,7,5,0.3586789934097332
507122,1,7,8,17.23304046203688
507124,1,7,3,2.4028437567861887
507127,1,7,9,25.494099777779397
507152,1,7,6,12.850604232617627
507159,1,7,7,1.5469425545436812
507160,1,7,8,12.139162160259167
507172,1,7,7,4.5086977533562145
507190,1,7,8,25.815237672255577
507193,1,7,9,25.641236584533527
507204,1,7,10,5.546401079946206
507217,1,7,6,14.406020798689593
507219,1,7,6,23.068134618227848
507220,1,7,4,0.3586790108976326
507229,1,7,9,22.937209606649684
507239,1,7,8,27.15277884648693
507269,1,7,5,0.3586789934097332
507275,1,7,10,19.530030305898084
507284,1,7,1,18.262998733883183
507286,1,7,9,8.265989261915452
507305,1,7,6,4.95927215432423
507320,1,7,4,0.3586790108976326
507344,1,7,8,25.83408704862992
507347,1,7,9,24.611932747831812
507350,1,7,10,6.623204744010007
507356,1,7,2,7.34727236296746
507369,1,7,6,6.6173670984318544
507374,1,7,4,0.3586790108976326
507378,1,7,5,0.3586789934097332
507389,1,7,9,23.84998322534972
507420,1,7,9,25.743500034657902
507465,0,7,0,0.03442305588572936
507483,1,7,5,0.3586789934097332
507487,1,7,1,21.367506796441457
507491,1,7,10,14.777838492434533
507492,1,7,5,0.3586789934097332
507501,1,7,4,0.3586790108976326
507510,1,7,9,12.708760402773807
507525,1,7,6,11.253234678960217
507548,1,7,5,0.3586789934097332
507568,1,7,8,26.901617819894952
507578,1,7,4,0.3586790108976326
507585,1,7,4,0.3586790108976326
507597,1,7,6,14.100715720780729
507609,1,7,6,19.905400619756318
507618,1,7,10,10.956839356177811
507663,1,7,5,0.3586789934097332
507665,0,7,0,0.020828914506622494
507672,1,7,5,0.3586789934097332
507675,1,7,9,15.103695352077308
507676,1,7,9,26.2187896042883
507686,1,7,6,9.067280283939882
507688,1,7,6,24.077364588390108
507709,1,7,7,4.132414043500357
507722,1,7,7,0.41234023895758865
507731,1,7,3,2.3678541882957904
507738,1,7,4,0.3586790108976326
507743,1,7,5,0.3586789934097332
507768,1,7,4,0.3586790108976326
507773,1,7,5,0.3586789934097332
507784,1,7,1,6.254105961458267
507789,1,7,9,21.68083486667743
507791,1,7,5,0.3586789934097332
507815,1,7,5,0.3586789934097332
507832,1,7,6,13.134031548625009
507833,1,7,9,11.273959572457546
507858,1,7,8,27.703035352081972
507872,1,7,7,4.462304562806694
507877,1,7,6,6.663444570369302
507879,1,7,9,14.273654366227197
507897,1,7,10,19.396222419758118
507907,1,7,9,26.288949424594946
507920,1,7,7,4.427371903842965
507961,1,7,9,23.423031701726604
507973,1,7,9,16.413287782542543
507974,1,7,9,7.548135203444352
507980,1,7,8,23.7303529108439
508006,1,7,10,17.015125986007227
508018,1,7,2,10.236426249990874
508023,1,7,5,0.3586789934097332
508025,1,7,10,6.421736373781567
508036,1,7,8,24.645031365303335
508044,0,7,0,0.018940675825711357
508048,1,7,4,0.3586790108976326
508062,1,7,6,19.307719009932327
508087,0,7,0,0.05456176277823569
508091,1,7,8,10.89113487993162
508092,1,7,10,20.576225839860427
508099,1,7,4,0.3586790108976326
508187,1,7,5,0.3586789934097332
508195,1,7,8,23.126712281971596
508201,1,7,1,4.991367093087812
508204,1,7,9,6.082149487654227
508215,1,7,8,10.19570470568715
508222,1,7,6,9.197906925828965
508224,1,7,2,2.021489935166358
508252,1,7,3,2.3591962242019466
508270,1,7,8,15.240396200028886
508282,1,7,1,20.833591528492974
508285,1,7,8,27.59491505485206
508292,1,7,9,24.53036937243762
508296,1,7,7,1.4658405000046397
508298,1,7,6,22.119771456697716
508300,1,7,10,4.1973944722929275
508312,1,7,4,0.3586790108976326
508313,1,7,4,0.3586790108976326
508325,1,7,8,26.55815186399004
508333,1,7,9,15.767756733330273
508347,1,7,9,24.071019145390736
508378,1,7,9,22.921606159945657
508393,1,7,10,6.567851059989056
508411,1,7,8,26.29121382261241
508420,1,7,1,9.001379505070952
508425,1,7,5,0.3586789934097332
508429,1,7,1,21.881166948469406
508430,1,7,8,15.17577918318789
508437,1,7,10,11.1838490560905
508439,0,7,0,0.02043614351750012
508440,1,7,8,21.003188789980776
508446,1,7,3,2.2367729133112495
508452,1,7,8,19.222016874123074
508456,1,7,7,1.0478241452598789
508458,1,7,6,17.258958208826204
508461,1,7,6,11.158445787848354
508476,1,7,1,18.855083349000854
508479,1,7,5,0.3586789934097332
508485,1,7,2,2.2653006041558243
508493,1,7,4,0.3586790108976326
508513,1,7,7,2.354788230135874
508530,1,7,3,2.115461674131342
508542,1,7,9,14.574357934540474
508549,1,7,6,19.655094166861655
508550,1,7,4,0.3586790108976326
508563,1,7,8,24.36916383916281
508565,1,7,9,25.961055443456456
508571,1,7,8,16.042753385779896
508572,1,7,5,0.3586789934097332
508574,1,7,6,15.873576440548238
508582,1,7,9,9.492347223779257
508586,1,7,5,0.3586789934097332
508587,1,7,4,0.3586790108976326
508594,1,7,9,16.318380815440275
508597,1,7,4,0.3586790108976326
508604,1,7,5,0.3586789934097332
508611,1,7,3,2.41242311711426
508612,1,7,8,20.244552146853646
508624,1,7,1,19.226569697332312
508626,1,7,8,5.367912102834952
508648,1,7,2,9.25042415105772
508661,1,7,7,0.9343506487224928
508667,1,7,4,0.3586790108976326
508671,1,7,6,13.695203417364352
508674,1,7,9,6.957032096549912
508684,1,7,1,10.247010836154697
508687,1,7,10,10.695317950493582
508697,1,7,7,1.1064894453183811
508714,1,7,5,0.3586789934097332
508719,1,7,1,9.202282215020515
508724,1,7,10,3.8627574199817993
508731,1,7,3,2.2464491941543647
508742,1,7,6,22.769160320019864
508752,1,7,1,17.734964428242744
508770,1,7,5,0.3586789934097332
508774,1,7,7,2.7823459681449125
508777,1,7,4,0.3586790108976326
508788,1,7,8,25.87385340910471
508791,1,7,9,26.359303579337677
508794,1,7,6,10.159460301652446
508811,1,7,10,8.471339030809505
508819,1,7,10,16.066751839159167
508822,1,7,1,12.226567674233173
508823,1,7,1,19.61995013546238
508835,1,7,6,22.523618692067913
508842,1,7,9,15.024980052524521
508857,1,7,6,9.650598165726102
508862,1,7,8,11.979916262242957
508871,1,7,5,0.3586789934097332
508872,1,7,8,24.017176473231874
508882,1,7,1,18.047605649288442
508911,1,7,8,16.04053168236013
508921,1,7,1,10.154302959141232
508931,1,7,5,0.3586789934097332
508935,1,7,8,17.718796710430013
508941,1,7,2,10.944210592838603
508943,0,7,0,0.01598366260311822
508947,0,7,0,0.022475590534694716
508964,1,7,6,20.082787349688065
508987,1,7,5,0.3586789934097332
508988,1,7,4,0.3586790108976326
508989,1,7,9,10.96334256592251
509005,1,7,7,1.0922254619249825
509012,1,7,9,20.608514316718253
509015,1,7,8,17.521859112154793
509028,1,7,7,3.2658888689173744
509033,1,7,9,25.532981815451635
509034,1,7,8,18.498415780956087
509048,1,7,6,23.426916328211323
509049,1,7,9,15.439356886848838
509061,1,7,9,25.736065158256416
509073,0,7,0,0.025372954955831938
509083,1,7,9,16.379392466676926
509086,1,7,5,0.3586789934097332
509124,1,7,6,9.184939595963616
509137,1,7,6,22.080326937360272
509165,0,7,0,0.19035079286462772
509168,1,7,2,10.968503370962331
509170,1,7,6,22.651544153922583
509199,1,7,4,0.3586790108976326
509203,1,7,5,0.3586789934097332
509211,1,7,4,0.3586790108976326
509215,1,7,1,21.320691401121092
509226,1,7,4,0.3586790108976326
509238,1,7,6,18.686553511282607
509265,1,7,4,0.3586790108976326
509278,1,7,9,26.36153634152604
509280,1,7,6,7.412449532857925
509282,1,7,9,21.83627143485293
509298,1,7,8,23.9096842161777
509305,1,7,2,5.937437443725531
509330,1,7,3,2.3857758170935903
509339,1,7,10,7.179921200506648
509348,1,7,4,0.3586790108976326
509351,1,7,9,11.959573553067568
509369,1,7,10,6.43064460138051
509402,1,7,1,7.693720249031999
509405,1,7,6,8.687497278218352
509413,1,7,5,0.3586789934097332
509436,1,7,1,20.3287038501442
509445,1,7,2,4.3452130156966815
509446,1,7,5,0.3586789949470627
509454,1,7,5,0.3586789949470627
509471,1,7,5,0.3586789934097332
509474,0,7,0,0.015378268690332136
509478,1,7,8,27.934819077452083
509479,1,7,8,25.775398645225025
509487,1,7,9,14.451242663653154
509491,0,7,0,0.02347823316990302
509493,1,7,6,23.58152132249845
509526,1,7,5,0.3586789934097332
509538,1,7,9,23.96012590788007
509545,1,7,10,5.871072188690454
509554,1,7,5,0.3586789934097332
509562,1,7,10,7.953744784061465
509587,1,7,4,0.3586790108976326
509593,1,7,7,4.570379526999461
509610,0,7,0,0.026431504923141523
509611,1,7,6,9.69103438121683
509616,1,7,1,5.623991784277534
509655,1,7,5,0.3586789934097332
509656,1,7,9,25.679758241910346
509679,1,7,8,4.412577018212917
509691,1,7,9,26.06720132828817
509698,1,7,9,24.76078615297147
509715,1,7,8,19.67192760856058
509719,1,7,10,8.870852595042576
509730,1,7,5,0.3586789934097332
509732,1,7,8,13.065462826456926
509743,1,7,8,14.469315963145316
509751,1,7,7,4.594516175091406
509756,1,7,6,13.384446760135384
509760,1,7,5,0.3586789934097332
509761,0,7,0,0.02725121949848112
509762,1,7,6,23.531044773042733
509785,1,7,4,0.3586790108976326
509788,1,7,8,9.710000200339314
509791,1,7,9,8.997702763242705
509792,1,7,9,9.351437935175795
509803,1,7,10,17.74217411628085
509806,1,7,9,22.11364332674945
509813,1,7,8,16.558273713229347
509815,1,7,9,6.92176280584994
509818,1,7,4,0.3586790108976326
509830,1,7,1,20.718465428623087
509836,1,7,4,0.3586790108976326
509839,0,7,0,0.027945557301471635
509847,1,7,4,0.3586790108976326
509852,0,7,0,0.017613228483833836
509862,1,7,4,0.3586790108976326
509876,1,7,4,0.3586790108976326
509878,1,7,9,23.85391369997662
509879,1,7,5,0.3586789934097332
509883,1,7,4,0.3586790108976326
509896,1,7,8,2.469031756446693
509943,1,7,4,0.3586790108976326
509963,1,7,5,0.3586789934097332
509992,1,7,7,0.6093219453495603
510006,1,7,9,16.637177714478863
510010,1,7,6,15.881689623292056
510014,1,7,6,18.986144261074216
510015,1,7,9,26.24779436304915
510016,1,7,5,0.3586789934097332
510020,1,7,10,10.63823061029713
510033,1,7,6,14.863431000911058
510036,1,7,10,21.27398106730796
510039,1,7,6,14.676327473983296
510052,1,7,9,14.413808182124292
510053,1,7,7,3.5516613741115215
510062,1,7,6,13.68538176871129
510067,1,7,10,9.702174175988075
510088,1,7,6,19.827246001654732
510091,1,7,8,7.328823178842924
510096,1,7,6,23.83813750383896
510101,1,7,9,13.456465997327495
510106,1,7,4,0.3586790108976326
510142,1,7,10,10.223179928934265
510152,1,7,9,21.541134269728758
510156,1,7,10,19.88160495228024
510171,1,7,5,0.3586789934097332
510172,1,7,8,26.650279398499457
510227,1,7,3,0.9546698836205335
510234,0,7,0,0.02039193480381196
510237,0,7,0,0.023918750757808593
510296,1,7,5,0.3586789934097332
510297,0,7,0,0.015351661511677021
510301,1,7,4,0.3586790108976326
510303,1,7,6,15.127861941888936
510307,0,7,0,0.011840947374922686
510316,0,7,0,0.03465301820154692
510337,1,7,6,14.347321084683886
510339,1,7,8,15.524642423837797
510369,1,7,9,25.455040516796053
510373,1,7,6,20.415740627348967
510379,1,7,4,0.3586790108976326
510389,1,7,6,13.82864917996509
510390,1,7,1,14.709662486293757
510394,1,7,6,17.482824209041617
510395,1,7,10,9.166004201007912
510399,1,7,5,0.3586789934097332
510415,1,7,8,7.399743019823177
510416,1,7,5,0.3586789934097332
510430,1,7,8,11.636711727106757
510445,1,7,6,10.588381569998832
510451,1,7,6,5.920263886949584
510453,1,7,6,14.547019174833137
510458,1,7,9,18.27603721033597
510462,1,7,7,0.3624205639119332
510463,1,7,9,15.914640011763469
510473,1,7,10,14.18730633615172
510479,1,7,9,15.397002703394804
510489,1,7,2,9.953369028761204
510509,1,7,1,17.304733249206283
510568,1,7,1,17.8763229426559
510593,1,7,10,4.56138297748359
510594,1,7,5,0.3586789934097332
510595,1,7,9,26.374325780558745
510604,1,7,8,12.853565180948161
510615,1,7,8,15.556179631143612
510628,1,7,5,0.3586789934097332
510644,1,7,9,3.9626339974308658
510647,1,7,4,0.3586790108976326
510685,1,7,9,26.228222697014584
510693,1,7,8,23.248495149699945
510715,1,7,4,0.3586790108976326
510717,1,7,9,12.044664103890318
510729,1,7,1,14.872185741351727
510739,1,7,9,24.065414046053878
510762,1,7,9,16.443435008154957
510780,1,7,5,0.3586789949470627
510782,1,7,5,0.3586789949470627
510827,1,7,1,8.16002931211201
510870,1,7,4,0.3586790108976326
510881,1,7,8,14.1439577585208
510882,1,7,4,0.3586790108976326
510884,1,7,9,13.285904293970418
510889,1,7,7,3.60742579839251
510900,1,7,10,5.230726027271519
510901,1,7,7,2.5802441236900964
510906,1,7,2,3.3304521320853944
510942,1,7,10,3.38383109383801
510944,0,7,0,0.02639855483251773
510946,1,7,5,0.3586789934097332
510956,1,7,4,0.3586790108976326
510958,1,7,8,17.75291744009759
510959,1,7,7,2.250400285115041
510964,1,7,9,26.344041434376255
510972,1,7,8,22.936930790321668
511007,1,7,10,3.469403810241646
511017,1,7,5,0.3586789934097332
511020,1,7,5,0.3586789934097332
511035,1,7,8,10.451263300015897
511040,1,7,8,19.32058450830027
511054,1,7,6,13.494264179387388
511060,1,7,1,22.596609342720114
511064,1,7,3,1.177496027039814
511080,1,7,9,24.97111486629479
511087,0,7,0,0.013195331490614866
511095,1,7,5,0.3586789934097332
511100,1,7,9,21.824504382354
511119,1,7,9,12.315855354271719
511122,1,7,6,23.261540023986214
511125,1,7,5,0.3586789949470627
511132,1,7,8,20.784753573343394
511157,1,7,8,28.328454549372854
511165,1,7,9,16.356300676514802
511166,1,7,5,0.3586789934097332
511168,1,7,9,7.004090097458805
511173,1,7,8,17.372879390180586
511186,1,7,1,12.31339241750857
511187,1,7,8,21.713586487824564
511192,1,7,8,16.479869015928482
511217,1,7,1,18.894907865826447
511219,1,7,5,0.3586789934097332
511223,1,7,9,8.330055045584796
511273,1,7,6,20.558039630694257
511310,1,7,9,4.232309500297505
511328,1,7,7,4.046223427487121
511333,0,7,0,0.201365496123579
511343,1,7,8,15.225708208504269
511365,1,7,8,7.354504334149958
511367,1,7,4,0.3586790108976326
511383,1,7,2,6.863013616409969
511395,1,7,6,22.724593965768474
511397,1,7,10,11.830390976075105
511422,0,7,0,0.20939952913099708
511426,1,7,5,0.3586789934097332
511430,1,7,6,23.85751011512849
511431,1,7,5,0.3586789934097332
511432,1,7,10,12.378171239377428
511440,1,7,10,5.17800439796636
511448,1,7,2,13.528385457113957
511451,1,7,5,0.3586789934097332
511460,1,7,9,10.069517319140774
511465,1,7,6,12.2797406123206
511468,1,7,9,13.809505245548003
511475,1,7,9,16.419433576486632
511479,0,7,0,0.03339422174151927
511492,1,7,8,19.716457603693243
511493,1,7,9,26.212117583707457
511496,1,7,10,12.052425829208685
511511,1,7,6,20.95560874785971
511512,1,7,10,7.765441868298829
511514,1,7,7,3.5062054660490394
511520,1,7,6,17.816448763830703
511531,1,7,8,28.483995326579663
511542,1,7,4,0.3586790108976326
511548,1,7,9,23.39834334266481
511594,1,7,7,1.0830369925482155
511614,1,7,3,1.9377742061018026
511624,1,7,7,1.7703779510151394
511644,1,7,9,24.578547485673763
511658,1,7,8,13.832900908874405
511660,1,7,9,21.0080561732636
511664,1,7,10,7.936096275147487
511666,1,7,8,7.951950704465554
511668,1,7,6,19.225854318733518
511669,1,7,6,8.264584913832817
511676,1,7,4,0.3586790108976326
511679,0,7,0,0.020765996145869083
511713,1,7,5,0.3586789934097332
511719,1,7,9,8.255800192889636
511751,1,7,8,20.520573307587345
511752,1,7,4,0.3586790108976326
511761,1,7,8,20.34662548255777
511776,1,7,7,4.197922939895951
511778,1,7,8,20.97162542089248
511788,0,7,0,0.012584009475032479
511791,1,7,4,0.3586790108976326
511792,1,7,7,2.4273089795248044
511800,1,7,4,0.3586790108976326
511809,1,7,5,0.3586789934097332
511812,1,7,10,8.412744182061099
511815,1,7,9,22.90320901012568
511836,1,7,4,0.3586790108976326
511858,0,7,0,0.014648957382032566
511866,1,7,8,8.628876534991601
511868,1,7,4,0.3586790108976326
511890,1,7,8,19.507507822149893
511891,1,7,8,19.909555768527333
511892,1,7,9,21.10126661067468
511927,1,7,9,15.904726305186493
511928,1,7,8,17.631898944920813
511934,0,7,0,0.017451263054665926
511938,1,7,10,16.822224213304974
511946,1,7,6,14.566604634642083
511951,1,7,9,24.38442391002866
511960,1,7,8,28.156779684637414
511962,1,7,8,13.203692282319038
511968,1,7,3,2.1895614592940102
511975,1,7,4,0.3586790108976326
512014,1,7,8,23.124716601155693
512020,1,7,9,17.103210345591485
512024,1,7,9,11.509948526626225
512026,1,7,9,12.293838061518425
512028,1,7,5,0.3586789934097332
512045,1,7,7,4.333202362064156
512047,1,7,10,7.244291133495712
512056,1,7,8,25.244389600560982
512057,1,7,1,6.641317004069764
512096,1,7,7,3.809379198155145
512101,1,7,9,6.814849441859724
512116,1,7,9,11.326100670293876
512117,0,7,0,0.03591054996735228
512120,1,7,8,22.799578285961758
512146,1,7,6,10.211196957630404
512159,1,7,9,17.379549420518238
512161,1,7,5,0.3586789934097332
512181,1,7,4,0.3586790108976326
512182,1,7,7,0.37597390692755883
512201,1,7,5,0.3586789934097332
512209,1,7,4,0.3586790108976326
512231,1,7,8,9.593939401543714
512240,1,7,6,24.042817803867013
512256,1,7,9,23.214520444239042
512265,1,7,3,2.383026896453545
512266,0,7,0,0.1973416274606456
512273,1,7,4,0.3586790108976326
512276,1,7,4,0.3586790108976326
512278,1,7,7,3.441599775011183
512281,1,7,4,0.3586790108976326
512287,1,7,8,27.13850318853619
512292,1,7,8,17.661474068296783
512334,1,7,6,20.911243017503395
512341,1,7,9,26.183741600867986
512342,1,7,7,4.115977480546555
512343,1,7,5,0.3586789934097332
512353,1,7,8,21.904932253640208
512354,1,7,9,23.484882966346067
512366,1,7,10,4.430267770127174
512381,1,7,9,16.552208997532084
512392,0,7,0,0.028413042050725604
512402,0,7,0,0.02003044563565681
512436,1,7,9,25.361725216213774
512466,1,7,8,8.023590592207956
512469,1,7,6,11.8747291798674
512510,1,7,9,18.97246651844634
512514,1,7,8,27.882721997433837
512541,1,7,8,4.5784577933925785
512542,1,7,10,21.26149208909915
512552,1,7,8,4.787527821691984
512558,1,7,8,7.930725785611915
512571,1,7,6,23.760966581620597
512577,1,7,8,13.762731201522525
512586,1,7,7,1.3919996438769167
512596,1,7,5,0.3586789934097332
512617,1,7,7,4.443399446750462
512619,0,7,0,0.013720454065955602
512630,0,7,0,0.020711265801855294
512651,1,7,1,18.123172290930036
512653,1,7,6,12.69771560888962
512665,1,7,6,17.494814823587124
512667,1,7,7,0.34986582775085273
512681,1,7,8,9.560770513735362
512687,1,7,9,22.663658531890228
512706,1,7,9,11.833451294578868
512709,1,7,4,0.3586790108976326
512743,1,7,3,2.274132721451419
512747,1,7,9,25.587797794413103
512777,1,7,5,0.3586789934097332
512787,1,7,9,13.149794071595984
512788,1,7,8,11.65120420906448
512801,1,7,7,4.344462440772997
512836,1,7,1,19.6440373653064
512837,0,7,0,0.06773088058087659
512838,1,7,4,0.3586790108976326
512848,1,7,4,0.3586790108976326
512862,1,7,6,22.415333888309146
512864,1,7,6,5.5413010976076045
512865,1,7,9,24.943828994300997
512876,1,7,4,0.3586790108976326
512886,1,7,9,6.05410014895486
512892,1,7,8,20.341763424495138
512897,1,7,8,17.62986039577582
512900,1,7,9,16.500527084973246
512902,1,7,8,17.87110999253307
512907,1,7,5,0.3586789934097332
512909,1,7,1,10.60661336927569
512918,1,7,8,11.823423807312626
512922,1,7,9,25.1596220511847
512948,1,7,5,0.3586789934097332
512949,1,7,2,7.969011231406229
512958,1,7,8,20.624122694315233
512987,1,7,8,22.00138354814811
512989,1,7,10,10.872009585546412
512991,1,7,7,4.252958167030125
512996,1,7,4,0.3586790108976326
513000,1,7,4,0.3586790108976326
513029,0,7,0,0.013199918913553255
513030,1,7,9,8.545775392834742
513033,1,7,9,10.134296284102158
513053,1,7,5,0.3586789934097332
513055,1,7,7,1.0524397198734596
513058,1,7,6,23.852425524178955
513061,1,7,7,3.1731288072310924
513063,0,7,0,0.017309418953205202
513073,1,7,10,11.1808342288631
513075,1,7,7,3.9830177475356097
513086,1,7,1,14.388151252402503
513089,1,7,10,7.473567078366481
513142,1,7,9,15.742245210980528
513147,1,7,7,2.087526134135635
513156,1,7,6,14.16001681102708
513198,1,7,5,0.3586789934097332
513199,1,7,10,17.611818505791053
513206,1,7,8,26.31743803564944
513214,0,7,0,0.012887952480468192
513220,1,7,8,13.934246613844692
513229,1,7,9,2.589879732894096
513230,1,7,7,4.561861358311561
513252,1,7,9,25.00708735601157
513261,1,7,10,11.479596559534306
513265,1,7,4,0.3586790108976326
513274,1,7,9,15.096592456485466
513282,1,7,5,0.3586789934097332
513314,1,7,6,23.24516741230385
513315,1,7,5,0.3586789934097332
513317,1,7,8,13.800837542050889
513320,1,7,1,19.108958644515543
513332,1,7,6,14.663089936664766
513335,1,7,4,0.3586790108976326
513337,1,7,1,22.71810014364428
513346,1,7,5,0.3586789934097332
513358,1,7,6,15.918536340986314
513359,1,7,6,12.333360359789785
513399,1,7,7,2.7766528339662186
513403,1,7,9,18.505344890500904
513408,1,7,1,9.562492426993941
513417,1,7,10,4.1629226686408405
513419,1,7,10,12.164173404517383
513422,1,7,7,3.8051771055061563
513430,1,7,3,2.392625394866422
513441,1,7,8,2.7182778267560375
513443,1,7,4,0.3586790108976326
513492,1,7,9,15.984765267459911
513496,1,7,5,0.3586789934097332
513527,1,7,6,5.51153470247688
513531,1,7,9,16.781923287608706
513537,1,7,10,14.931229833917026
513543,1,7,10,17.13748553460256
513551,1,7,8,18.12001721878194
513568,1,7,3,1.9630358545628812
513572,1,7,6,12.766133147766418
513578,1,7,6,10.583970606003275
513593,1,7,1,14.947819717960506
513595,1,7,1,12.306326800678182
513606,1,7,3,2.371099586315998
513611,1,7,10,5.500057472603307
513619,1,7,4,0.3586790108976326
513642,1,7,7,3.8897569641256964
513659,1,7,7,1.9415519834240202
513672,0,7,0,0.014969545532173875
513708,1,7,5,0.3586789934097332
513710,1,7,8,25.349543698961043
513711,1,7,4,0.3586790108976326
513716,1,7,8,9.750599444699905
513720,1,7,4,0.3586790108976326
513721,1,7,8,19.589274471757093
513735,1,7,2,11.105888925625699
513747,1,7,9,11.241046445350715
513749,1,7,4,0.3586790108976326
513757,1,7,6,22.282990342916275
513758,1,7,3,2.323865801174328
513761,1,7,5,0.3586789934097332
513771,1,7,7,2.541548722417342
513784,1,7,9,15.082645312171074
513816,1,7,5,0.3586789934097332
513824,1,7,9,4.278616460038532
513840,1,7,4,0.3586790108976326
513864,1,7,10,18.79523607956437
513871,1,7,4,0.3586790108976326
513885,1,7,5,0.3586789934097332
513888,1,7,6,5.826342370205251
513889,1,7,9,25.71097759123405
513897,1,7,4,0.3586790108976326
513898,1,7,1,23.062074735183863
513913,0,7,0,0.01730049643295675
513914,1,7,9,16.707410001035512
513917,1,7,4,0.3586790108976326
513919,1,7,10,20.29669998900472
513931,1,7,1,3.76848490845672
513933,1,7,8,27.4563333542219
513941,1,7,8,17.523534454832312
513953,0,7,0,0.015118672676263089
513961,1,7,5,0.3586789934097332
513971,1,7,6,23.209797217023013
513978,1,7,8,25.919920497391647
513993,1,7,6,22.213293647076526
514027,1,7,9,19.360761803288746
514039,1,7,9,3.4071919646493796
514055,1,7,7,3.7499387395893025
514073,1,7,8,3.8360598599439895
514083,1,7,10,14.507277654938816
514085,1,7,8,19.25351212448219
514088,1,7,7,4.1956414603728485
514112,1,7,6,14.091697596579717
514123,1,7,9,15.518470444467521
514129,0,7,0,0.025892059737429824
514132,1,7,6,23.504915692094464
514138,1,7,2,10.143386778223041
514149,1,7,9,23.687627059947147
514152,1,7,2,5.977411610307943
514153,1,7,8,20.589572869208627
514163,1,7,9,16.362793941449326
514179,1,7,7,0.386755101160827
514189,1,7,6,21.903176358773724
514205,0,7,0,0.04088196679935895
514214,1,7,3,2.3997916866340603
514216,1,7,6,21.190136959106287
514219,1,7,9,16.28898408021548
514223,1,7,6,7.7916887384145515
514224,1,7,3,1.441014919624069
514228,0,7,0,0.017999784589986873
514231,1,7,4,0.3586790108976326
514236,1,7,8,14.453478460755782
514252,1,7,2,5.470577847117629
514261,1,7,3,2.3839552673949744
514265,1,7,2,11.365085309146885
514272,1,7,9,25.04059635787052
514278,1,7,5,0.3586789934097332
514281,1,7,4,0.3586790108976326
514291,1,7,8,13.069329669657904
514316,1,7,8,23.143735589378057
514318,1,7,5,0.3586789934097332
514332,1,7,6,17.803154834635187
514336,1,7,4,0.3586790108976326
514344,1,7,4,0.3586790108976326
514347,1,7,5,0.3586789934097332
514366,1,7,8,14.907489700569105
514374,0,7,0,0.014860858293419453
514378,1,7,6,23.951938064120167
514395,1,7,6,24.07028425717494
514411,0,7,0,0.017202580412750402
514421,1,7,9,25.850249598266018
514426,1,7,8,17.981453104157147
514471,1,7,6,23.176081745625826
514472,1,7,1,15.889084183470603
514477,1,7,5,0.3586789934097332
514486,1,7,5,0.3586789934097332
514491,1,7,5,0.3586789934097332
514497,1,7,9,12.294355865889015
514500,1,7,9,25.76421114423477
514509,1,7,6,23.035996165065676
514512,1,7,9,20.213144609454222
514548,1,7,7,1.383294975631964
514552,1,7,6,12.208273454697663
514575,1,7,9,26.044037068332926
514592,1,7,10,7.8846191667046535
514599,1,7,8,14.065223314641335
514614,0,7,0,0.03015664226934969
514630,1,7,5,0.3586789934097332
514637,1,7,6,18.517266331120922
514638,1,7,4,0.3586790108976326
514642,1,7,10,5.302286380326325
514651,1,7,6,7.143144153544868
514654,1,7,4,0.3586790108976326
514663,0,7,0,0.059854502559088786
514664,1,7,9,5.82483583436953
514665,1,7,6,14.23825983544896
514686,1,7,5,0.3586789934097332
514700,1,7,8,19.99268066662649
514706,1,7,4,0.3586790108976326
514709,1,7,10,9.885669988432971
514713,0,7,0,0.1077162786253326
514715,1,7,4,0.3586790108976326
514719,1,7,8,28.324539102613745
514727,1,7,4,0.3586790108976326
514743,1,7,8,3.858330571199872
514744,1,7,1,16.277995742745947
514748,1,7,9,25.354681784761326
514782,1,7,10,10.39968080606461
514798,1,7,5,0.3586789934097332
514808,1,7,4,0.3586790108976326
514818,1,7,5,0.3586789934097332
514821,0,7,0,0.06124434302876892
514840,0,7,0,0.03491507475092778
514855,1,7,6,23.204419823796197
514871,1,7,5,0.3586789934097332
514877,1,7,4,0.3586790108976326
514883,0,7,0,0.3605286441768771
514886,1,7,5,0.3586789934097332
514888,1,7,5,0.3586789934097332
514890,1,7,5,0.3586789934097332
514891,1,7,10,16.97426184048079
514903,1,7,8,21.629216886887164
514910,1,7,6,20.147737164903205
514915,1,7,9,14.582633646305936
514918,1,7,8,21.16169821156417
514934,1,7,8,28.16930322861492
514964,1,7,9,22.18544488549361
514977,1,7,4,0.3586790108976326
514982,1,7,1,22.79456648655315
515001,1,7,8,17.062448129339465
515002,1,7,8,20.04102669021846
515009,1,7,6,10.579747812532373
515015,1,7,8,19.648718631216358
515020,1,7,4,0.3586790108976326
515027,1,7,7,4.116958286088294
515040,1,7,8,14.85928579589944
515046,1,7,8,12.341002989471543
515054,1,7,7,3.602796166083497
515059,1,7,5,0.3586789934097332
515066,1,7,2,1.3908939094339492
515081,1,7,6,13.276331493585074
515083,1,7,5,0.3586789934097332
515100,1,7,10,12.062021061707267
515113,1,7,9,16.543013660332804
515114,1,7,4,0.3586790108976326
515119,1,7,9,21.8140693930065
515120,1,7,9,12.26082038951628
515121,1,7,4,0.3586790108976326
515125,1,7,8,6.158197011241458
515129,1,7,9,8.082670938040033
515131,1,7,9,24.941331472694213
515143,1,7,3,2.2267877984129663
515161,1,7,8,11.06701302499746
515167,0,7,0,0.019365555487450108
515172,1,7,6,22.293568543219635
515173,1,7,6,19.40506990683546
515183,1,7,5,0.3586789934097332
515187,1,7,4,0.3586790108976326
515196,1,7,3,2.4219118954435674
515203,1,7,8,18.540253329012206
515211,1,7,8,23.466122657190624
515236,1,7,6,21.311049376593072
515279,1,7,10,6.6930893850040665
515290,1,7,10,13.49421922632027
515291,1,7,9,25.173734147868362
515296,1,7,10,8.126848617928971
515310,1,7,3,0.9375404264173045
515322,1,7,5,0.3586789934097332
515330,1,7,6,5.022044407631834
515344,1,7,5,0.3586789934097332
515345,1,7,4,0.3586790108976326
515356,1,7,8,18.75692637529776
515364,1,7,9,6.524340113327682
515365,1,7,9,15.779461779868363
515373,1,7,6,5.31433744310139
515406,1,7,8,3.8080449580337388
515410,1,7,8,14.900738290821854
515461,1,7,6,17.811988447691267
515466,1,7,4,0.3586790108976326
515476,1,7,3,1.9924364314595187
515484,1,7,2,9.466688261805356
515487,1,7,4,0.3586790108976326
515512,1,7,8,16.275486293452484
515519,1,7,3,0.9503638744975391
515520,1,7,5,0.3586789934097332
515527,1,7,5,0.3586789934097332
515531,1,7,6,10.350707322136643
515533,1,7,3,2.2659753176538224
515551,1,7,4,0.3586790108976326
515563,1,7,5,0.3586789934097332
515574,1,7,10,7.002057002832
515576,1,7,7,2.895114072558392
515597,1,7,10,7.734769688647542
515611,1,7,6,18.708510032001453
515626,1,7,4,0.3586790108976326
515637,1,7,6,18.129508937574418
515640,1,7,4,0.3586790108976326
515643,1,7,1,20.409735710583814
515645,1,7,6,7.992733837886739
515648,1,7,1,10.30302815658011
515657,1,7,6,7.798478442233391
515675,1,7,3,2.220491041854974
515686,1,7,8,23.470170021807693
515687,1,7,6,6.291123216949895
515695,1,7,8,24.959991788116373
515705,1,7,8,24.92695727456844
515713,1,7,8,12.820726735092883
515730,1,7,9,26.02565312237288
515739,1,7,6,11.135874816140085
515740,1,7,8,26.71751756365846
515760,1,7,1,16.831257126797674
515763,1,7,8,23.342070608419576
515770,1,7,7,3.9096736690841634
515772,1,7,4,0.3586790108976326
515777,1,7,5,0.3586789934097332
515782,1,7,8,15.189542340227888
515784,1,7,4,0.3586790108976326
515788,1,7,4,0.3586790108976326
515791,1,7,10,4.775538096122229
515815,1,7,8,9.426954844601712
515827,1,7,9,11.13205193336209
515856,1,7,8,12.66139182950658
515867,1,7,2,5.814063889532736
515870,1,7,2,5.619562624343631
515887,1,7,5,0.3586789934097332
515896,1,7,2,4.488398631991113
515897,1,7,8,28.323061575509133
515923,1,7,8,8.51153778108205
515938,1,7,6,10.421534930362437
515946,1,7,5,0.3586789934097332
515949,1,7,9,16.75859748294604
515954,1,7,5,0.3586789934097332
515969,1,7,5,0.3586789934097332
515971,1,7,10,11.062934364981885
515999,1,7,10,12.368649573913505
516011,1,7,1,14.68976742133395
516024,1,7,8,9.236172588359146
516060,0,7,0,0.030798326962326185
516071,1,7,4,0.3586790108976326
516073,1,7,5,0.3586789934097332
516076,1,7,10,14.6074391605632
516091,1,7,5,0.3586789934097332
516100,1,7,5,0.3586789934097332
516108,1,7,9,16.18203202239961
516116,1,7,9,16.754758930459356
516117,1,7,8,12.383242610427613
516121,1,7,7,4.426690602996799
516123,0,7,0,0.016135842418027922
516158,1,7,2,5.222868067359191
516166,1,7,8,9.633938988285449
516182,1,7,3,1.5093092207571102
516206,1,7,2,7.021285574448107
516208,1,7,8,9.903053253145524
516215,1,7,8,23.493114122358985
516218,1,7,4,0.3586790108976326
516220,0,7,0,0.048402554441311495
516226,1,7,8,9.958057212749624
516228,1,7,9,15.580715550951927
516235,1,7,6,20.747288246526065
516236,1,7,6,12.355109856979048
516241,1,7,4,0.3586790108976326
516246,1,7,8,20.053029468543055
516248,1,7,10,12.032269005153047
516260,1,7,6,18.876347684566507
516267,1,7,1,23.076026933763526
516270,1,7,2,13.455760164936398
516283,1,7,7,4.446035166669508
516288,0,7,0,0.04986863337713156
516317,1,7,6,12.712751311899035
516335,1,7,4,0.3586790108976326
516367,1,7,7,4.409281604834875
516384,1,7,6,14.757626363697367
516388,1,7,9,5.483733220775981
516397,1,7,4,0.3586790108976326
516440,1,7,9,18.819217928284523
516456,1,7,8,20.19094400815786
516459,1,7,8,16.039650419376
516468,1,7,7,3.659415392819996
516475,1,7,4,0.3586790108976326
516480,1,7,10,13.90942079048942
516482,1,7,8,18.897891124346323
516494,1,7,9,9.215086404021653
516497,1,7,5,0.3586789949470627
516506,1,7,5,0.3586789949470627
516512,1,7,4,0.3586790108976326
516515,1,7,9,24.789286708565452
516518,1,7,9,16.756058524484907
516523,1,7,7,3.3561692724935823
516529,0,7,0,0.04035900427445432
516533,1,7,10,18.11143809576736
516534,1,7,5,0.3586789934097332
516535,1,7,4,0.3586790108976326
516538,1,7,2,4.874267402498658
516552,1,7,2,13.568578393709128
516560,1,7,4,0.3586790108976326
516562,1,7,4,0.3586790108976326
516568,1,7,8,7.069232691540045
516585,1,7,5,0.3586789934097332
516589,1,7,8,19.1638513728793
516604,1,7,1,11.99834588608056
516610,1,7,3,2.1108279549142734
516619,1,7,6,21.58067129707139
516640,1,7,8,25.4827740147003
516666,1,7,10,7.18925304550815
516671,1,7,1,19.020317448305374
516678,1,7,4,0.3586790108976326
516692,0,7,0,0.03495451743314803
516696,1,7,9,18.476167211432237
516698,0,7,0,0.015038876664561617
516699,1,7,8,20.585435626302814
516704,1,7,6,11.358324350634367
516706,1,7,6,23.113058164021144
516708,1,7,8,12.881097142993903
516761,1,7,9,24.651277502439104
516772,1,7,5,0.3586789949470627
516774,1,7,8,4.209991704106652
516813,1,7,8,23.106344546473732
516828,1,7,6,11.75730517245491
516833,1,7,6,11.624106661866076
516834,1,7,7,3.6394171286722923
516839,1,7,2,7.206855688111144
516860,1,7,9,9.042161263952936
516869,1,7,5,0.3586789934097332
516870,1,7,4,0.3586790108976326
516887,1,7,6,12.126104289653004
516891,1,7,9,16.61968674487418
516897,1,7,10,13.998348673783948
516923,1,7,1,18.61774068678106
516928,1,7,9,6.553105217378075
516939,1,7,3,2.303219492359157
516942,1,7,8,7.237402750788314
516947,1,7,6,20.997359082481122
516952,1,7,9,4.649438497198956
516958,1,7,1,12.981574267508138
516959,1,7,4,0.3586790108976326
516961,1,7,9,16.760695225276812
516975,1,7,4,0.3586790108976326
516993,1,7,2,5.969294312940063
517005,1,7,9,12.675226352977125
517010,1,7,5,0.3586789934097332
517015,1,7,6,18.678934739326966
517023,1,7,7,2.394520900578147
517033,1,7,5,0.3586789934097332
517038,1,7,10,6.914431184099176
517044,1,7,10,14.767300934373479
517049,1,7,6,21.150938558584095
517052,1,7,2,13.984216507571924
517053,1,7,8,8.155905523691096
517064,1,7,8,21.71183181437425
517069,0,7,0,0.02986877932314468
517081,1,7,6,16.963651629950185
517096,1,7,8,27.40016497343553
517125,1,7,7,3.620076564713386
517144,1,7,5,0.3586789934097332
517168,1,7,1,18.6230635165368
517169,1,7,4,0.3586790108976326
517196,1,7,7,4.547567352682016
517228,1,7,8,7.045916903770885
517245,1,7,7,1.0710525357959992
517248,1,7,8,15.900147054320655
517252,1,7,1,14.754658986756763
517256,1,7,7,1.8624947309664401
517263,1,7,6,19.57061456324004
517264,1,7,10,9.948401686162661
517276,1,7,4,0.3586790108976326
517296,1,7,4,0.3586790108976326
517298,1,7,2,3.191768368985042
517314,1,7,8,16.56202855988322
517318,1,7,9,10.493548140854088
517320,1,7,7,1.5740307124661734
517323,1,7,6,17.757265721090253
517331,1,7,7,2.214498269821557
517335,0,7,0,0.17125080363385525
517338,1,7,4,0.3586790108976326
517398,1,7,10,5.222824962367513
517419,1,7,1,13.801287354538294
517420,1,7,5,0.3586789934097332
517423,1,7,9,18.68333219173377
517432,1,7,1,14.851850792165093
517449,1,7,2,7.132026660449352
517454,1,7,8,4.21039200057461
517480,1,7,1,6.629083739169964
517483,1,7,3,2.4605086156427105
517501,1,7,3,2.3403706736510967
517533,1,7,5,0.3586789934097332
517548,1,7,6,21.192918799759717
517562,1,7,9,19.383673110049273
517580,1,7,5,0.3586789934097332
517613,1,7,6,11.353985753219188
517650,1,7,9,24.208718415839574
517652,1,7,5,0.3586789934097332
517655,1,7,5,0.3586789934097332
517660,1,7,8,15.008453009405267
517680,1,7,9,15.163128763870462
517683,1,7,4,0.3586790108976326
517695,0,7,0,0.0355336894402774
517721,1,7,4,0.3586790108976326
517733,1,7,4,0.3586790108976326
517739,1,7,8,4.434354968832606
517748,1,7,9,24.25796235292578
517759,1,7,8,20.90129354820203
517766,1,7,4,0.3586790108976326
517786,1,7,5,0.3586789934097332
517793,0,7,0,0.2543477667044475
517797,0,7,0,0.015698571867727742
517822,1,7,5,0.3586789934097332
517824,1,7,8,18.198416965039055
517831,1,7,9,18.73617034054893
517832,1,7,5,0.3586789934097332
517836,1,7,5,0.3586789934097332
517872,1,7,7,2.617014752165047
517877,1,7,5,0.3586789949470627
517880,1,7,5,0.3586789934097332
517889,1,7,2,9.838808231755825
517893,1,7,4,0.3586790108976326
517895,1,7,6,21.75033347429391
517897,1,7,6,14.422887245689587
517908,0,7,0,0.043339574237740285
517919,1,7,6,13.605692169663019
517921,1,7,2,4.014252057906992
517945,1,7,8,15.935018576591126
517954,1,7,8,14.58275340795821
517975,1,7,8,15.69277963644015
517978,1,7,9,22.91301379222265
517984,1,7,6,23.116569226430563
517986,1,7,10,16.285426498802483
517987,1,7,6,14.654883207901033
518001,1,7,5,0.3586789934097332
518006,1,7,10,9.447504865219848
518024,1,7,8,22.76191550179168
518025,1,7,6,15.756617704962439
518028,1,7,9,16.479374274339882
518037,1,7,4,0.3586790108976326
518046,1,7,6,17.25483096555956
518050,1,7,7,2.1312664789019204
518058,1,7,7,0.3551589384538383
518072,1,7,6,23.957911598904012
518079,1,7,4,0.3586790108976326
518085,1,7,8,8.189449599554806
518095,1,7,8,9.689214184923904
518096,0,7,0,0.013107111036286477
518100,1,7,5,0.3586789934097332
518101,1,7,7,4.515364887580338
518102,1,7,3,1.6448973109402345
518105,1,7,1,15.071759634472343
518109,1,7,3,2.2693066611677204
518111,0,7,0,0.02209655471062076
518112,1,7,9,12.29539144682473
518115,1,7,8,4.224567045747893
518123,1,7,5,0.3586789934097332
518135,1,7,9,22.555952697314787
518155,1,7,4,0.3586790108976326
518169,1,7,5,0.3586789934097332
518174,1,7,7,3.793271175070287
518182,1,7,10,10.633305654699516
518189,1,7,4,0.3586790108976326
518211,1,7,4,0.3586790108976326
518222,1,7,1,9.563922835959096
518236,1,7,5,0.3586789934097332
518268,0,7,0,0.11665861578881215
518280,1,7,4,0.3586790108976326
518314,0,7,0,0.21649224026725858
518334,1,7,4,0.3586790108976326
518336,1,7,3,2.4271116711704996
518338,1,7,10,17.017716428329248
518349,1,7,5,0.3586789934097332
518352,1,7,3,2.4042958784366926
518354,1,7,6,20.16368637194032
518357,1,7,9,16.39122024940327
518360,1,7,6,13.526734290661425
518366,1,7,5,0.3586789934097332
518378,1,7,5,0.3586789934097332
518382,1,7,9,26.336031078020113
518400,1,7,9,21.248681804032206
518408,1,7,10,14.064866280860652
518411,1,7,6,10.58284758677543
518424,1,7,1,19.65789803062015
518448,1,7,1,11.846723683902862
518449,1,7,10,7.024985923545862
518484,1,7,8,12.215694471523939
518519,1,7,6,11.208427613456394
518521,0,7,0,0.08147997286373253
518523,1,7,10,3.0923319959236784
518537,1,7,6,23.977132959520937
518539,1,7,10,19.688573233215134
518551,1,7,2,10.486967934883367
518553,1,7,8,26.706382906445647
518557,1,7,8,27.077385897166376
518571,1,7,10,12.16507371408847
518578,1,7,10,6.797297156161661
518586,1,7,9,13.342748596123466
518590,1,7,9,17.16360107833462
518591,1,7,9,15.848122956757082
518592,1,7,1,21.3197194399316
518597,1,7,9,13.306745043532372
518601,1,7,6,7.454226988214944
518603,1,7,5,0.3586789934097332
518605,1,7,3,1.5117512512456843
518611,1,7,8,11.11212721656905
518619,1,7,10,5.644995506222649
518624,1,7,4,0.3586790108976326
518636,1,7,4,0.3586790108976326
518643,1,7,7,0.9595426658906593
518663,1,7,8,26.431430721024554
518674,1,7,8,7.871668754274853
518684,1,7,1,3.808216244621647
518689,1,7,6,5.262976149643779
518692,1,7,8,5.557686813162247
518695,1,7,5,0.3586789934097332
518700,1,7,4,0.3586790108976326
518708,1,7,1,21.906954247106583
518722,1,7,10,18.77084990808831
518732,1,7,9,8.06747202121092
518733,1,7,1,14.403541140094836
518735,1,7,5,0.3586789934097332
518739,1,7,7,3.677408737026418
518755,1,7,9,11.10451287690612
518764,1,7,8,28.54368655303611
518768,1,7,6,23.4199175839418
518796,1,7,8,11.84113850544809
518815,1,7,5,0.3586789934097332
518870,1,7,5,0.3586789934097332
518883,1,7,4,0.3586790108976326
518888,1,7,2,12.003956624023159
518902,1,7,5,0.3586789934097332
518913,1,7,5,0.3586789934097332
518916,1,7,6,19.452477502506408
518925,1,7,8,15.488588345367017
518974,1,7,10,17.503282160680456
518991,1,7,5,0.3586789934097332
518998,1,7,4,0.3586790108976326
519014,1,7,6,7.045607416247299
519021,1,7,6,18.35527880603667
519031,1,7,5,0.3586789934097332
519033,1,7,4,0.3586790108976326
519045,0,7,0,0.014267335544784059
519047,1,7,4,0.3586790108976326
519065,1,7,2,7.127828484279457
519091,0,7,0,0.026672267930207327
519122,1,7,10,11.274086629793466
519133,0,7,0,0.024401856819799037
519136,1,7,2,10.921959840755893
519154,1,7,7,3.953353479366
519166,1,7,4,0.3586790108976326
519167,1,7,7,4.207884059084374
519181,1,7,6,14.523468994419227
519182,1,7,6,10.601008340992017
519185,1,7,10,4.531677744475474
519196,1,7,3,1.2595682088333078
519197,1,7,8,28.44302097502918
519200,1,7,8,28.28218147184347
519204,1,7,10,18.378949785039
519205,1,7,9,21.535654832492806
519207,1,7,6,20.306944145307984
519208,1,7,6,21.287902159697325
519221,1,7,3,1.5125785793864779
519230,1,7,2,12.936630588071234
519240,1,7,1,14.673266641099781
519255,1,7,9,10.872153129755397
519256,1,7,5,0.3586789934097332
519265,1,7,8,25.929626697481066
519283,1,7,5,0.3586789934097332
519286,1,7,2,3.722225110427819
519287,1,7,8,23.93732769683184
519316,1,7,8,12.666286064840117
519320,1,7,5,0.3586789934097332
519325,1,7,5,0.3586789934097332
519347,1,7,1,19.3735235742721
519366,1,7,6,14.572618623186335
519367,1,7,6,16.900858867373284
519379,1,7,10,11.082864504861744
519380,1,7,3,0.9206812138296863
519388,1,7,9,23.517414815772344
519400,1,7,10,12.361744880883736
519407,1,7,10,7.717666767098498
519408,1,7,1,5.0458496786717415
519409,1,7,10,7.771489374644561
519411,1,7,8,18.051277566461476
519433,1,7,4,0.3586790108976326
519434,1,7,5,0.3586789934097332
519437,1,7,5,0.3586789934097332
519446,1,7,5,0.3586789934097332
519463,1,7,1,21.464492225749765
519486,1,7,8,21.216428794980466
519487,1,7,9,23.991738241605603
519488,1,7,10,12.195630804793211
519493,1,7,9,23.37927996780836
519501,1,7,5,0.3586789934097332
519504,1,7,8,13.4870583896506
519507,1,7,2,13.267583818960643
519508,1,7,8,8.81201007910957
519525,0,7,0,0.016129392426013606
519528,1,7,6,5.96540967465577
519534,1,7,6,22.838605468530176
519553,1,7,10,5.83038577706772
519563,1,7,5,0.3586789934097332
519586,0,7,0,0.011967137612560777
519618,1,7,5,0.3586789934097332
519628,1,7,6,23.61220727419522
519641,1,7,4,0.3586790108976326
519642,1,7,4,0.3586790108976326
519645,1,7,10,14.852779551710434
519659,1,7,8,9.088703738482968
519664,1,7,4,0.358679009087165
519667,1,7,2,4.2799756714004795
519669,1,7,10,11.287183436814152
519686,1,7,6,21.321001237590256
519702,1,7,9,15.846335649197021
519712,1,7,1,7.13656900711601
519717,1,7,6,10.130812630679543
519737,1,7,5,0.3586789934097332
519744,1,7,4,0.3586790108976326
519749,1,7,10,11.185916155350203
519755,1,7,8,13.019736932508922
519757,1,7,3,2.3875622881547307
519770,1,7,9,23.241640073276134
519778,1,7,9,15.251853673609608
519796,1,7,6,13.157723173115693
519815,1,7,4,0.3586790108976326
519821,1,7,4,0.3586790108976326
519827,1,7,5,0.3586789934097332
519838,1,7,1,22.86552517239088
519853,1,7,10,17.841901847840266
519858,1,7,5,0.3586789934097332
519859,1,7,8,20.413456010997923
519862,0,7,0,0.02021991961101095
519880,1,7,1,18.014709687616993
519893,1,7,1,23.068784010539645
519897,1,7,4,0.3586790108976326
519906,1,7,6,10.9264557633391
519908,1,7,9,15.22997007991378
519922,0,7,0,0.013515624522289512
519938,1,7,8,17.319756899837227
519956,1,7,9,25.910201580725417
519969,1,7,6,18.815168740628046
519978,1,7,1,8.560429779065977
519982,1,7,10,11.228641617579147
520009,1,7,6,15.819404354943874
520018,1,7,8,19.894914690323226
520021,1,7,1,9.457224597558586
520032,1,7,4,0.3586790108976326
520033,1,7,8,14.797546149746811
520035,1,7,9,16.558498595169084
520059,1,7,6,20.628967172507615
520074,0,7,0,0.027405204885754635
520075,1,7,5,0.3586789934097332
520077,1,7,7,4.467275530383933
520098,1,7,6,7.378426866852242
520099,1,7,9,16.60747968619644
520107,1,7,6,5.6040464462640465
520110,1,7,5,0.3586789934097332
520114,1,7,9,23.55164757253788
520116,1,7,3,2.1914184520605238
520122,1,7,6,17.66653600356748
520126,1,7,5,0.3586789934097332
520131,1,7,9,22.57731268918146
520133,0,7,0,0.015062601603075314
520143,1,7,8,12.86109956820259
520169,1,7,7,1.4176500970071895
520182,1,7,6,11.130574942371931
520193,1,7,5,0.3586789934097332
520203,1,7,8,24.856623510086642
520221,1,7,6,13.820920489621471
520231,1,7,6,20.50134474070836
520238,1,7,4,0.3586790108976326
520240,1,7,4,0.3586790108976326
520241,1,7,10,7.134976472587424
520244,1,7,10,8.798835575400453
520245,1,7,7,3.2313682059628004
520248,1,7,4,0.3586790108976326
520252,1,7,2,7.001571674273912
520270,1,7,10,7.273100727419552
520271,1,7,10,18.862739598131153
520272,1,7,4,0.3586790108976326
520285,1,7,1,21.765268523914234
520291,1,7,10,18.98991968756931
520294,1,7,1,12.98817710995492
520312,1,7,5,0.3586789934097332
520313,1,7,2,7.451708478918327
520315,1,7,9,14.841998068521175
520318,1,7,5,0.3586789934097332
520321,1,7,9,16.737900456207676
520330,1,7,9,3.843034615869497
520333,1,7,4,0.3586790108976326
520346,1,7,5,0.3586789934097332
520350,1,7,8,27.770758109149114
520357,1,7,4,0.3586790108976326
520367,1,7,9,16.579466934731425
520378,1,7,8,18.62986841786212
520384,1,7,9,23.712353897810488
520386,0,7,0,0.023435804000365393
520387,1,7,5,0.3586789934097332
520393,0,7,0,0.010545542154237458
520394,1,7,9,5.484682383186611
520399,0,7,0,0.21225413585705913
520401,1,7,10,9.078053678353948
520404,1,7,9,8.841034644222502
520407,1,7,5,0.3586789934097332
520418,1,7,6,23.170054987934513
520420,0,7,0,0.02359349829522528
520421,1,7,9,17.36857163064728
520426,1,7,6,13.278850403666636
520429,1,7,9,24.564352456114666
520432,1,7,8,25.565668607767307
520445,1,7,5,0.3586789934097332
520446,1,7,10,5.669160708589781
520464,1,7,8,20.358885379290744
520474,1,7,9,18.823931552165078
520483,1,7,9,11.340601145241001
520500,1,7,6,23.46667403691608
520507,1,7,3,2.353365831310997
520508,1,7,7,2.3438024860887645
520512,1,7,5,0.3586789934097332
520521,1,7,8,13.443429890285856
520529,1,7,9,15.028925594636227
520532,1,7,9,22.022068423848705
520543,1,7,6,16.851989180408648
520548,1,7,3,2.328762459029594
520552,1,7,4,0.3586790108976326
520553,1,7,8,21.142627855396697
520554,1,7,2,11.281736331792834
520556,1,7,6,13.051202062489983
520560,1,7,6,21.074384396005428
520566,1,7,7,4.318241989258608
520593,0,7,0,0.024625669433873072
520596,1,7,8,24.845079627736478
520606,1,7,9,21.931619545711396
520609,1,7,8,28.447483199753872
520617,1,7,8,15.484467099435538
520622,1,7,4,0.3586790108976326
520637,1,7,9,13.9245724144561
520639,1,7,5,0.3586789949470627
520659,1,7,6,23.391120965230837
520662,1,7,7,4.153336541398046
520667,1,7,5,0.3586789934097332
520668,1,7,8,12.347320023579336
520676,1,7,8,5.606525657427214
520678,1,7,8,23.648489910011143
520681,1,7,1,10.662356090908283
520685,1,7,8,18.40700715667854
520693,1,7,4,0.3586790108976326
520701,1,7,8,12.07587134872152
520714,1,7,9,16.768856363690897
520725,1,7,6,22.195113663084324
520755,1,7,1,22.703621623451724
520762,1,7,4,0.3586790108976326
520785,1,7,6,9.616287939172452
520804,1,7,2,11.918807339170566
520812,1,7,8,7.224771656840535
520818,1,7,10,18.248893870541
520821,1,7,7,3.909586361603204
520824,1,7,5,0.3586789934097332
520826,1,7,6,13.17314154791237
520848,1,7,9,7.0892855443056195
520858,1,7,1,20.316125680182093
520859,1,7,6,12.217008945607477
520863,1,7,5,0.3586789934097332
520885,0,7,0,0.0128389840166288
520889,1,7,5,0.3586789934097332
520891,1,7,6,14.632278886604116
520923,1,7,8,20.87417721997711
520932,1,7,9,15.241264607815992
520940,1,7,8,22.4146545658953
520942,1,7,3,2.321700412097141
520945,1,7,10,19.670532650945077
520986,1,7,8,10.765340922474545
520990,1,7,8,15.521209893384285
521004,1,7,9,19.453965041709736
521010,1,7,8,26.382454867300698
521020,1,7,7,3.23182577659448
521022,1,7,8,28.252251916424797
521025,1,7,7,4.523802881848602
521044,1,7,9,23.85938509906346
521057,1,7,8,22.629603347191242
521062,1,7,6,20.017051455480726
521076,1,7,8,15.094928091512301
521085,1,7,10,8.56547135732166
521102,1,7,1,22.369298480882232
521108,1,7,5,0.3586789934097332
521109,1,7,9,14.213430399067754
521138,1,7,9,12.991050874952963
521139,0,7,0,0.10030145369495751
521144,1,7,9,20.123985933997606
521148,1,7,5,0.3586789934097332
521167,1,7,4,0.3586790108976326
521172,1,7,6,13.685360603609325
521183,1,7,6,13.988694923134817
521185,1,7,10,7.468722195049277
521186,1,7,4,0.3586790108976326
521187,1,7,4,0.3586790108976326
521211,1,7,6,18.945511191961625
521222,1,7,6,23.2857270629482
521230,1,7,10,3.5270219186437224
521233,1,7,6,9.72568323440951
521243,1,7,5,0.3586789949470627
521246,1,7,9,8.207729053809102
521247,1,7,8,10.99430241697311
521248,1,7,9,15.683591248160347
521254,1,7,9,14.27206425358154
521256,1,7,9,6.1518640492520245
521263,1,7,5,0.3586789934097332
521272,1,7,8,14.450851839948204
521275,1,7,4,0.3586790108976326
521309,1,7,4,0.3586790108976326
521314,1,7,9,11.73709278371274
521319,1,7,10,7.772389571168144
521339,1,7,9,26.02235903259818
521341,1,7,4,0.3586790108976326
521342,1,7,5,0.3586789934097332
521351,1,7,4,0.3586790108976326
521353,1,7,10,9.176523363979497
521379,0,7,0,0.015042678661510914
521384,1,7,6,23.148199598345055
521402,1,7,5,0.3586789934097332
521428,1,7,10,9.834229287577141
521434,1,7,9,12.817463802087426
521442,1,7,5,0.3586789934097332
521457,1,7,9,9.252824099594717
521473,1,7,7,4.415446772700753
521485,1,7,8,16.25193348401649
521488,1,7,9,20.627720119303092
521492,1,7,10,8.436249335008073
521500,1,7,9,7.261593681553167
521502,1,7,3,2.4155710574396823
521527,1,7,6,16.377870051900864
521598,1,7,9,16.551657212895517
521599,1,7,10,15.362127211047316
521600,1,7,5,0.3586789949470627
521623,1,7,2,6.733657656718543
521625,1,7,4,0.3586790108976326
521645,1,7,10,8.794993587388129
521695,1,7,7,3.403394768855804
521721,1,7,4,0.3586790108976326
521733,1,7,8,15.329569859072926
521762,1,7,9,14.668248134548342
521766,1,7,4,0.3586790108976326
521768,1,7,9,23.675258053149747
521770,1,7,9,18.26075242915312
521773,1,7,5,0.3586789934097332
521788,1,7,3,2.022271244597268
521808,1,7,4,0.3586790108976326
521816,1,7,5,0.3586789934097332
521832,1,7,10,4.4448796078106785
521838,1,7,9,14.016427153981672
521843,0,7,0,0.20310523498210656
521853,1,7,8,14.58039854212608
521872,1,7,5,0.3586789934097332
521877,1,7,7,2.5415392383204893
521886,1,7,9,24.234585308012427
521903,1,7,8,4.457182648827994
521917,1,7,9,22.122089892959014
521947,1,7,9,11.646395938065078
521951,1,7,3,2.297680824469395
521952,1,7,8,20.65848058159199
521965,1,7,10,8.264397525229569
521983,1,7,8,8.918389341148472
521985,1,7,5,0.3586789934097332
522008,1,7,5,0.3586789934097332
522018,1,7,10,21.26741133475191
522028,1,7,6,23.973246221394785
522040,1,7,10,18.772847185047876
522041,1,7,8,17.617463450904438
522043,0,7,0,0.026670697934410677
522051,0,7,0,0.09923069396911652
522067,1,7,7,3.0267615661429743
522068,1,7,9,26.38300735841286
522076,1,7,2,12.394010249462376
522082,1,7,6,10.360192087921966
522083,1,7,6,6.945238897310983
522086,1,7,8,4.759569479898247
522094,1,7,8,24.184669657721727
522105,1,7,9,12.669064002857404
522115,1,7,4,0.3586790108976326
522127,1,7,9,20.62330287626837
522135,1,7,2,3.6647101390244874
522136,1,7,10,8.26491850676062
522149,1,7,9,13.78522039165039
522162,1,7,4,0.3586790108976326
522179,1,7,8,15.920763093840536
522184,1,7,10,12.990626006455082
522191,1,7,1,6.20266885418999
522192,1,7,6,7.644609266849404
522209,1,7,8,28.174642088051616
522211,1,7,10,17.8925933708563
522213,1,7,8,15.28889093946181
522214,1,7,9,7.716916473587459
522227,1,7,9,13.405923047294777
522251,1,7,4,0.3586790108976326
522255,1,7,9,16.625546294667693
522268,1,7,10,18.75077126476366
522275,1,7,1,17.846832121966028
522282,1,7,9,11.641196126636281
522292,1,7,5,0.3586789934097332
522297,1,7,9,23.11810535164401
522318,1,7,9,22.09287634736568
522324,1,7,5,0.3586789934097332
522326,1,7,6,23.12268944568417
522374,1,7,9,8.718652604350611
522404,1,7,10,19.921600517249864
522407,1,7,8,24.464900061139225
522416,0,7,0,0.012536119900174354
522420,1,7,7,3.701753869475195
522440,1,7,5,0.3586789934097332
522448,1,7,3,1.8582167167553996
522450,1,7,3,2.3496639535434842
522454,1,7,6,17.405154784657505
522457,1,7,6,14.953857458164066
522462,1,7,3,1.6806284230429118
522472,1,7,4,0.3586790108976326
522477,1,7,6,9.254248790624104
522491,1,7,6,19.875746110218856
522500,1,7,6,18.88893902990544
522501,1,7,5,0.3586789934097332
522503,1,7,4,0.3586790108976326
522507,1,7,9,17.104007069276847
522518,1,7,8,20.0459048529442
522544,1,7,6,17.089470538674895
522545,1,7,2,10.999319266560157
522564,1,7,10,6.814556361834806
522565,1,7,4,0.3586790108976326
522584,1,7,6,10.96246406862271
522585,1,7,9,5.714082992364409
522600,1,7,4,0.358679009087165
522604,0,7,0,0.013101661346121684
522614,1,7,5,0.3586789934097332
522639,1,7,9,4.722086317043266
522644,1,7,5,0.3586789934097332
522665,1,7,8,24.620531834279163
522679,1,7,6,8.410937555477616
522681,1,7,2,6.547880365878793
522698,1,7,6,23.592309661651452
522713,1,7,9,18.7133936473627
522715,1,7,5,0.3586789934097332
522735,1,7,7,2.87459487139818
522740,0,7,0,0.011529795845533456
522743,1,7,10,19.717466781070687
522769,1,7,9,15.789513862245979
522771,1,7,7,0.8594571349641428
522786,1,7,2,2.662825830079949
522816,1,7,5,0.3586789934097332
522838,0,7,0,0.012659588059493253
522843,1,7,9,23.120863737287696
522853,1,7,9,20.45470344004802
522861,1,7,9,25.902133815232464
522866,1,7,6,14.582523110730763
522873,1,7,9,14.760932594469503
522888,1,7,10,9.458732847968166
522892,1,7,6,14.08091669709795
522896,1,7,6,7.444189408326988
522900,1,7,8,9.031830948704826
522925,1,7,6,21.601329348279656
522945,1,7,5,0.3586789934097332
522967,1,7,9,21.77231177841243
522997,1,7,5,0.3586789934097332
523033,1,7,10,20.068227264505616
523048,1,7,5,0.3586789949470627
523075,1,7,6,20.65732233285968
523080,1,7,10,9.010954885357734
523081,1,7,6,22.120554615776957
523082,1,7,4,0.3586790108976326
523086,1,7,9,24.767778816466905
523088,1,7,9,18.261400303157462
523092,1,7,6,5.188290985109028
523095,1,7,5,0.3586789934097332
523113,1,7,5,0.3586789934097332
523140,1,7,6,12.472564996940278
523149,1,7,5,0.3586789934097332
523157,1,7,4,0.3586790108976326
523163,1,7,6,7.901583200851573
523172,1,7,6,16.17491009787541
523175,1,7,7,3.2545102277322733
523194,0,7,0,0.2223685177273283
523195,1,7,10,16.296066492766222
523200,1,7,4,0.3586790108976326
523209,1,7,9,19.366429301396657
523232,1,7,3,2.0076644510114092
523234,1,7,4,0.3586790108976326
523242,1,7,9,23.7045924020701
523255,1,7,6,12.68577353661553
523258,1,7,4,0.3586790108976326
523263,1,7,6,6.113956089192236
523267,1,7,5,0.3586789934097332
523269,1,7,4,0.3586790108976326
523304,1,7,10,16.677066748832367
523306,1,7,9,24.787528765560452
523330,1,7,5,0.3586789934097332
523367,1,7,1,18.31091082207055
523369,1,7,8,17.32938375033691
523384,1,7,9,22.805048094439393
523401,1,7,8,4.786618207000945
523411,1,7,10,18.023283263730942
523421,1,7,7,4.051549911111022
523426,1,7,5,0.3586789934097332
523433,1,7,9,26.37478646276383
523475,1,7,7,2.3197873678674914
523481,1,7,9,23.550293059169952
523482,1,7,9,21.767581447965597
523505,1,7,4,0.3586790108976326
523521,1,7,4,0.3586790108976326
523540,1,7,10,8.057133944374415
523549,1,7,7,1.5771980203966396
523559,1,7,4,0.3586790108976326
523565,1,7,10,15.152441741765855
523570,1,7,9,21.310107647844514
523574,1,7,6,13.699535891375412
523594,1,7,6,10.208714739320047
523604,1,7,10,15.947911219419604
523618,1,7,5,0.3586789934097332
523620,1,7,4,0.3586790108976326
523651,1,7,9,15.978370924355463
523664,1,7,9,24.335164681374263
523667,1,7,9,10.148159331691444
523680,1,7,5,0.3586789934097332
523686,1,7,6,11.558095724496823
523690,1,7,5,0.3586789934097332
523699,1,7,2,4.3258111046029075
523706,0,7,0,0.01961432487785237
523718,1,7,9,18.713487107053773
523728,1,7,7,1.8733067736761932
523733,1,7,9,19.15706531515434
523752,1,7,8,28.005384301402593
523767,1,7,8,13.477268646783116
523771,1,7,10,8.893104922605671
523773,1,7,5,0.3586789934097332
523776,1,7,6,11.008490548477925
523797,1,7,7,2.698478332870498
523798,1,7,9,26.226864967242925
523807,1,7,8,21.724396732509096
523824,1,7,9,9.773520508430325
523832,1,7,5,0.3586789934097332
523835,1,7,8,19.867052612581748
523836,1,7,10,5.709695654493062
523879,1,7,8,19.215015309934248
523884,1,7,8,14.406349697565412
523888,1,7,7,3.647643035728397
523894,1,7,8,25.350209567054154
523897,1,7,9,16.748105514857873
523913,1,7,9,24.86326727955372
523918,1,7,8,26.39648826016834
523924,1,7,4,0.3586790108976326
523925,1,7,6,6.37992832709628
523937,1,7,5,0.3586789934097332
523948,1,7,10,4.6980804658668935
523953,1,7,8,14.223239179191848
523958,1,7,9,23.560979475132534
523965,1,7,5,0.3586789934097332
523979,1,7,7,1.4429171511182755
523987,1,7,6,20.24880861225949
523999,1,7,8,23.533192057463786
524001,1,7,6,14.482708638635383
524012,1,7,8,3.87836943844924
524022,1,7,3,0.6261867661352812
524025,1,7,2,3.670386718734887
524039,1,7,10,9.789580793215038
524056,1,7,9,13.651240404514521
524066,1,7,10,9.422866603959298
524070,0,7,0,0.016523008350097634
524082,1,7,10,21.250166883250277
524084,1,7,9,13.42077295957855
524093,1,7,6,20.19229481937405
524096,1,7,3,1.5871677127333006
524097,1,7,4,0.3586790108976326
524100,1,7,8,19.4554766334317
524105,1,7,5,0.3586789934097332
524114,1,7,1,3.60927560533306
524126,1,7,8,13.734786967782862
524145,1,7,9,10.73789830327914
524158,1,7,5,0.3586789934097332
524161,1,7,9,19.60998300262223
524201,0,7,0,0.012046478676891528
524216,0,7,0,0.025174153802065623
524218,1,7,7,3.7857168476461616
524224,1,7,2,12.903650193751792
524231,1,7,4,0.3586790108976326
524236,1,7,5,0.3586789934097332
524238,1,7,1,11.880377554158553
524241,1,7,5,0.3586789934097332
524251,1,7,10,12.671632843150702
524266,1,7,6,17.480865519075508
524269,1,7,5,0.3586789934097332
524272,1,7,9,6.354569453789797
524295,1,7,10,19.403638778604446
524297,1,7,9,2.6122124279668393
524300,1,7,9,25.61896773489831
524308,1,7,6,19.017039979299675
524321,1,7,7,1.5272578488139354
524349,1,7,7,3.977734430717186
524352,1,7,10,18.47019518648677
524354,1,7,6,11.014660465631263
524356,1,7,6,17.31258388785488
524357,1,7,1,17.12588846735103
524358,1,7,1,21.81867381296631
524360,1,7,4,0.3586790108976326
524366,1,7,10,12.102445996023226
524371,1,7,5,0.3586789934097332
524386,1,7,6,20.96995761481273
524387,1,7,4,0.3586790108976326
524399,1,7,5,0.3586789934097332
524401,1,7,2,5.306008416872899
524407,1,7,8,15.440912427916023
524422,1,7,9,19.910121015027627
524423,1,7,4,0.3586790108976326
524424,1,7,8,25.556239777714477
524425,0,7,0,0.03415513733276402
524431,1,7,8,20.894520642234106
524433,1,7,5,0.3586789934097332
524439,1,7,4,0.3586790108976326
524446,1,7,8,9.59278727770922
524459,1,7,7,4.273218854747825
524466,1,7,5,0.3586789934097332
524475,1,7,8,9.090024760436027
524497,1,7,7,3.5856377864602553
524503,1,7,4,0.3586790108976326
524514,1,7,6,11.638739090874925
524520,1,7,7,3.1281430937943018
524529,1,7,9,3.0304235228298384
524572,1,7,9,23.669669885149915
524579,1,7,8,14.587801271060917
524582,1,7,9,23.286752833707716
524586,1,7,8,23.11564441687661
524589,1,7,7,3.3922959745487717
524593,1,7,10,20.989255520620876
524599,1,7,5,0.3586789934097332
524613,1,7,9,24.788070029222652
524629,1,7,4,0.3586790108976326
524634,0,7,0,0.026920482473285236
524637,1,7,9,14.63264509749921
524643,1,7,7,2.225859541051799
524644,1,7,5,0.3586789934097332
524654,1,7,9,11.907470873473954
524655,1,7,3,2.2759053071635447
524675,1,7,1,19.816684934563447
524676,1,7,10,20.053480535271902
524693,1,7,9,24.061520786513352
524694,1,7,9,26.359394737186225
524703,1,7,6,20.145870218523214
524714,1,7,1,13.871703786876768
524768,1,7,6,7.864952266908618
524805,1,7,5,0.3586789934097332
524816,1,7,5,0.3586789934097332
524817,1,7,6,18.534188224552526
524822,1,7,4,0.3586790108976326
524826,1,7,8,22.4046752387801
524839,1,7,10,14.607377775954214
524856,1,7,1,19.02524920258041
524860,1,7,4,0.3586790108976326
524866,1,7,1,19.637238697374016
524867,1,7,8,9.22135217342309
524899,1,7,1,13.04519807472406
524903,1,7,6,12.05558970281283
524925,1,7,4,0.3586790108976326
524978,1,7,5,0.3586789934097332
524982,1,7,3,2.186678532228718
524988,1,7,9,15.145937916668219
524990,1,7,1,19.127901577651052
524996,1,7,2,6.5091326869235475
525019,1,7,9,7.851012119710718
525034,1,7,9,16.329555674498195
525051,1,7,6,21.21346714252713
525062,1,7,9,26.099230165842023
525080,1,7,5,0.3586789934097332
525085,1,7,9,14.057000477953252
525093,1,7,4,0.3586790108976326
525114,1,7,1,6.689995213244175
525125,1,7,9,12.013645028499935
525149,1,7,4,0.3586790108976326
525151,1,7,9,15.610070612672278
525175,1,7,3,2.178670765827683
525183,1,7,8,8.434079398165183
525189,1,7,9,21.739895987148888
525194,1,7,1,4.233949704127126
525199,1,7,10,21.09813329926273
525225,1,7,5,0.3586789934097332
525226,1,7,8,8.40815543422942
525254,1,7,10,4.28331807539554
525256,1,7,8,24.03776172390438
525257,1,7,6,5.158053450273036
525262,1,7,9,20.5137057440467
525275,1,7,9,20.7586445171318
525280,1,7,9,14.057586417133004
525282,1,7,10,11.509607596728387
525304,1,7,6,20.04664659053495
525307,1,7,1,6.333875733300858
525325,1,7,9,16.61957061834296
525327,1,7,8,15.788227119360302
525331,1,7,1,23.014845669737646
525336,0,7,0,0.01348216005286245
525343,1,7,1,19.77071443741711
525345,1,7,9,18.839309350252844
525351,0,7,0,0.014402844397379301
525353,1,7,9,26.208214745843982
525376,1,7,9,16.894026760831952
525399,1,7,5,0.3586789934097332
525403,1,7,2,10.427067595041681
525408,1,7,8,14.770694471125596
525411,1,7,2,5.931754440764562
525432,1,7,1,3.6265497564896085
525434,1,7,6,9.254014457044788
525437,1,7,9,26.049505569565625
525449,1,7,9,24.794701152632825
525450,1,7,4,0.3586790108976326
525508,1,7,2,3.761780555448493
525544,0,7,0,0.012802386516352909
525545,1,7,9,13.407154922439561
525556,1,7,4,0.3586790108976326
525559,0,7,0,0.025582969748781905
525561,0,7,0,0.015628304130521038
525569,1,7,10,3.027325776586837
525578,1,7,9,9.706853101553161
525594,1,7,4,0.3586790108976326
525595,1,7,10,10.069877200786836
525596,1,7,1,15.433420405749157
525601,1,7,1,15.971488140866159
525602,1,7,8,8.508083953183041
525617,1,7,4,0.3586790108976326
525634,1,7,6,4.423384753260875
525636,1,7,9,26.04929109883906
525641,1,7,2,4.295518058663612
525648,0,7,0,0.031300723696148676
525672,1,7,9,7.482149194689118
525673,1,7,6,23.5920183788386
525678,1,7,1,17.85003455226655
525693,1,7,3,2.304773969439099
525696,1,7,5,0.3586789934097332
525705,1,7,9,25.377570055894722
525706,1,7,8,6.730354290116571
525713,1,7,5,0.3586789934097332
525714,1,7,9,15.284450581746356
525715,0,7,0,0.01686653085061898
525729,1,7,5,0.3586789934097332
525734,1,7,8,21.748630494916174
525740,1,7,9,15.185020231295834
525743,1,7,6,21.667733706039595
525753,1,7,1,22.92225304468912
525764,1,7,6,23.201642973770706
525779,1,7,4,0.3586790108976326
525789,1,7,8,14.007570014783942
525802,1,7,10,6.872257257892989
525804,1,7,6,14.65221403417752
525812,1,7,5,0.3586789934097332
525814,1,7,9,23.40839288839052
525825,1,7,4,0.3586790108976326
525831,1,7,5,0.3586789949470627
525835,1,7,8,22.531974599413907
525867,1,7,5,0.3586789934097332
525870,1,7,10,12.172444034294175
525885,1,7,2,7.010418577940258
525890,1,7,6,17.936666576702688
525900,1,7,5,0.3586789934097332
525926,1,7,8,23.32573309782963
525934,1,7,7,4.151487521696765
525945,1,7,10,19.69619100883959
525950,1,7,6,23.405397827864114
525958,1,7,8,4.713383035253431
525965,1,7,8,23.628997923773515
525972,1,7,1,4.054121077043408
525974,1,7,10,11.542101732348735
525979,1,7,6,11.954517493104134
525996,1,7,7,1.0205647957113053
526018,1,7,10,19.260957580056484
526021,1,7,4,0.3586790108976326
526029,1,7,5,0.3586789934097332
526031,1,7,6,13.142542709699557
526048,1,7,5,0.3586789934097332
526064,1,7,4,0.3586790108976326
526066,1,7,8,11.411595665312639
526082,1,7,5,0.3586789934097332
526098,1,7,7,2.622498433293727
526111,1,7,10,9.901175809631413
526118,1,7,9,17.457294383823186
526119,1,7,8,16.77382372965143
526125,1,7,1,13.188399079024727
526127,1,7,5,0.3586789934097332
526132,1,7,5,0.3586789934097332
526136,1,7,4,0.358679009087165
526162,1,7,10,12.920659691429687
526163,1,7,6,23.19058172344625
526183,1,7,10,8.984907427214347
526190,1,7,5,0.3586789934097332
526202,1,7,7,1.7272137578214426
526219,1,7,9,21.91307062653515
526231,0,7,0,0.013896139214179815
526238,1,7,4,0.3586790108976326
526257,1,7,8,13.405453348907944
526270,1,7,8,10.476051657796958
526296,0,7,0,0.02591640558568903
526298,1,7,4,0.3586790108976326
526308,1,7,8,16.970537698803565
526315,1,7,5,0.3586789934097332
526316,1,7,3,1.3814711774279258
526325,1,7,2,3.5153392527380825
526326,1,7,10,11.370934727301668
526337,1,7,4,0.3586790108976326
526341,1,7,5,0.3586789934097332
526345,1,7,10,19.129809085072154
526348,1,7,10,6.95927406382028
526361,1,7,10,13.192430216866242
526366,1,7,6,15.100018594589601
526369,1,7,10,19.180997656345447
526381,1,7,4,0.3586790108976326
526392,1,7,9,14.75308624903572
526407,1,7,3,2.159933606283849
526408,1,7,6,15.042726038968139
526435,1,7,2,8.394428034188365
526438,1,7,8,4.514850613503241
526450,0,7,0,0.0125999289295914
526456,1,7,4,0.358679009087165
526474,1,7,9,13.779228121987902
526475,1,7,9,22.414182754323296
526483,0,7,0,0.023170142883968618
526497,1,7,8,22.838837950849275
526511,1,7,8,17.47127813300029
526517,1,7,1,21.61180348730104
526520,1,7,9,3.2795697355008477
526522,1,7,2,9.080490610116529
526525,1,7,9,18.253917192597363
526538,1,7,6,10.005524318361005
526551,1,7,7,3.3601245943852707
526552,1,7,8,25.55818377763916
526567,1,7,9,23.248948602415002
526576,1,7,7,2.1762714025597574
526606,1,7,6,22.0852055896447
526624,1,7,8,20.385500112948165
526648,1,7,6,13.870267343450157
526651,1,7,9,5.997229324903486
526652,0,7,0,0.013981211861392348
526664,1,7,2,12.506349623747376
526670,1,7,1,11.90595062564963
526678,1,7,1,7.070631140614572
526683,1,7,10,11.282411961658003
526689,1,7,4,0.3586790108976326
526696,1,7,6,7.411755525550111
526700,1,7,5,0.3586789934097332
526706,1,7,6,13.660519143731566
526709,1,7,1,21.356190985935857
526712,1,7,6,20.201118073728537
526717,1,7,7,2.442043309670517
526718,1,7,10,12.38291029804832
526722,1,7,1,16.231261136709627
526733,1,7,5,0.3586789949470627
526734,1,7,1,10.489485494903692
526755,1,7,9,22.42986287561604
526763,1,7,8,16.64585793791083
526787,1,7,8,11.600979533002626
526805,1,7,9,20.979047945283096
526816,1,7,1,18.35374349092153
526830,1,7,6,13.006840470574097
526836,1,7,10,19.203160047292496
526840,1,7,9,13.655888111977943
526865,1,7,8,27.83840034511357
526867,1,7,3,2.433418982156453
526874,1,7,4,0.3586790108976326
526878,1,7,5,0.3586789934097332
526919,0,7,0,0.016532741107380275
526920,1,7,10,12.495762207447228
526937,1,7,3,2.3682421466868027
526947,1,7,2,4.585502349985795
526956,1,7,7,3.4820461657513415
526957,1,7,5,0.3586789934097332
526974,1,7,4,0.3586790108976326
526986,1,7,6,11.091311356103619
526996,1,7,4,0.3586790108976326
527000,1,7,8,23.430142057902074
527007,1,7,6,22.529846827694428
527018,1,7,6,7.790782846325181
527021,1,7,5,0.3586789934097332
527035,1,7,10,11.576965511141463
527037,1,7,6,20.015476340811503
527056,1,7,5,0.3586789934097332
527065,1,7,1,4.636862806246342
527072,0,7,0,0.011973774388049264
527077,0,7,0,0.014712052940645001
527078,1,7,8,4.181308605468696
527086,1,7,4,0.3586790108976326
527100,1,7,4,0.3586790108976326
527106,1,7,8,5.225207692798182
527114,0,7,0,0.022576023151465705
527117,1,7,1,20.745739520773956
527120,1,7,8,9.138163468051788
527127,1,7,8,20.46111190197555
527137,1,7,4,0.3586790108976326
527143,1,7,8,21.137374050463304
527144,1,7,5,0.3586789934097332
527146,1,7,7,3.084950815876548
527166,1,7,6,15.28582344367199
527182,1,7,6,12.851408382883498
527185,1,7,4,0.3586790108976326
527194,1,7,9,26.2078447798163
527202,1,7,4,0.3586790108976326
527205,1,7,4,0.3586790108976326
527238,1,7,5,0.3586789934097332
527270,1,7,8,21.870216328007555
527272,1,7,1,6.512642860299446
527279,1,7,6,15.64066697224525
527281,1,7,2,13.218637868734177
527283,1,7,9,12.497673039799224
527291,1,7,8,12.480797241062545
527300,1,7,8,12.86273839992448
527311,1,7,7,1.7019118216515532
527331,1,7,9,4.816281002247338
527336,1,7,8,25.349756877209472
527339,1,7,8,10.001088734870622
527352,1,7,10,14.049890413401062
527364,1,7,6,19.59643866309122
527365,1,7,8,4.174313086726615
527379,1,7,7,3.2431160432046164
527391,1,7,9,14.348872512575108
527407,1,7,1,7.365911065067585
527415,1,7,6,9.83679134825986
527438,1,7,2,10.695699566278606
527447,1,7,6,13.036227547560461
527453,1,7,6,13.45619904584194
527467,1,7,7,3.11791524725846
527469,1,7,9,17.509969978917884
527470,1,7,7,0.9102782020451934
527475,1,7,5,0.3586789934097332
527477,1,7,2,4.227124604473643
527491,1,7,8,15.923040053632535
527517,1,7,9,15.551651804837626
527534,1,7,4,0.3586790108976326
527535,1,7,9,4.6118184968213045
527557,1,7,9,12.32469226950489
527562,1,7,2,11.454127420313183
527571,1,7,10,19.82147147877595
527572,1,7,8,2.4859393025118734
527578,1,7,10,5.423072207769462
527586,1,7,5,0.3586789934097332
527606,1,7,4,0.3586790108976326
527611,1,7,9,25.20318157088996
527629,1,7,9,14.852646523721592
527632,1,7,2,6.52525499073089
527637,1,7,8,17.76246913861679
527657,0,7,0,0.015642601158020582
527660,1,7,10,15.952880508103728
527676,1,7,8,17.229276819037924
527682,1,7,6,4.539874346421384
527691,1,7,4,0.3586790108976326
527721,1,7,5,0.3586789934097332
527729,1,7,10,20.10187022187467
527739,1,7,6,20.823449532248606
527751,1,7,9,5.659308517972725
527753,1,7,8,25.99636704394112
527762,1,7,8,16.79113107210144
527785,1,7,9,18.19901168433884
527796,1,7,9,19.905860971907135
527817,1,7,9,21.707634889209725
527829,1,7,1,17.929991515834118
527835,1,7,7,2.9247038361657474
527841,1,7,10,10.371045706062057
527852,1,7,8,24.28944295823819
527864,1,7,7,2.0609188345670413
527882,1,7,10,16.924320917263074
527883,1,7,1,22.55683886062002
527888,1,7,6,22.83679161687118
527902,1,7,2,1.6534572163636283
527903,1,7,9,23.31726339791131
527929,1,7,4,0.3586790108976326
527935,1,7,9,15.94375647952221
527950,1,7,6,9.29926956936757
527966,1,7,7,3.527912447382308
527969,1,7,5,0.3586789934097332
527979,1,7,5,0.3586789934097332
527982,1,7,5,0.3586789934097332
527983,1,7,6,8.874852504224968
528004,1,7,6,17.457961015991696
528007,1,7,6,23.800978259479574
528008,1,7,6,16.834409418910187
528015,1,7,10,10.082904517720445
528026,1,7,9,25.942805351223846
528030,1,7,8,15.036632651912248
528038,1,7,6,12.599842337385143
528053,1,7,5,0.3586789934097332
528062,1,7,3,2.4360480602630092
528073,0,7,0,0.02142952062911459
528074,1,7,9,24.59405063043637
528076,1,7,8,13.41536919583054
528119,1,7,4,0.3586790108976326
528122,0,7,0,0.024218091645080105
528129,1,7,3,0.796193524458219
528132,1,7,9,16.70870416731884
528146,1,7,4,0.3586790108976326
528147,1,7,5,0.3586789934097332
528157,0,7,0,0.013970978706066693
528174,1,7,8,19.894801466642694
528187,1,7,8,28.025381097911726
528188,1,7,4,0.3586790108976326
528189,1,7,6,18.834348790972186
528197,0,7,0,0.022074178833023927
528207,0,7,0,0.02929169578033828
528220,1,7,3,1.737450771014668
528222,1,7,1,17.317570867530353
528223,0,7,0,0.02324555154925723
528230,1,7,4,0.3586790108976326
528242,1,7,8,12.188272597200145
528246,1,7,8,28.527102650321613
528248,1,7,8,12.202266277428546
528256,1,7,6,15.608439747674254
528274,1,7,1,21.19673285358079
528282,1,7,9,20.701200368185223
528290,0,7,0,0.03144117978631501
528322,1,7,7,1.4808233140533205
528326,1,7,6,15.577971293966156
528330,1,7,8,14.466470839017633
528334,1,7,10,8.762812518169833
528342,1,7,6,6.763484182732155
528343,1,7,8,28.04754842027003
528357,1,7,10,14.278182114350043
528361,1,7,5,0.3586789934097332
528383,1,7,8,22.493401677251892
528395,1,7,7,4.152996269220529
528401,1,7,7,3.0094573022832534
528409,1,7,1,18.05458255120974
528437,1,7,8,28.35267578445524
528451,1,7,9,22.292213768859277
528496,1,7,4,0.3586790108976326
528498,1,7,10,4.589567574940853
528513,1,7,5,0.3586789934097332
528517,1,7,6,11.222596875316288
528521,1,7,8,25.313843507566396
528542,1,7,5,0.3586789934097332
528545,1,7,2,5.750403985971439
528555,1,7,1,19.03127722864541
528557,1,7,6,13.639310256423078
528590,1,7,8,17.341467480919267
528591,1,7,1,15.775469858470112
528599,1,7,8,27.150805377460212
528601,1,7,2,12.84394376591766
528616,0,7,0,0.025940379832967608
528618,1,7,4,0.3586790108976326
528625,1,7,6,12.541728927298456
528637,1,7,4,0.358679009087165
528645,1,7,8,15.919547244110912
528646,1,7,6,23.719276083202274
528658,1,7,8,22.517104992792614
528661,1,7,4,0.3586790108976326
528670,1,7,8,9.797120712063238
528680,1,7,6,21.69344092530919
528690,1,7,5,0.3586789934097332
528695,1,7,7,4.310666719699056
528699,1,7,5,0.3586789934097332
528713,1,7,8,9.419648952118328
528716,1,7,3,2.3325827865373636
528725,1,7,8,7.024575478815138
528733,1,7,1,16.630496254139892
528734,1,7,8,26.365852071332895
528741,0,7,0,0.012437833987833713
528744,1,7,2,12.18724850261177
528756,1,7,5,0.3586789934097332
528757,1,7,1,6.090749844271423
528767,1,7,5,0.3586789934097332
528771,1,7,10,8.877398221664029
528791,1,7,1,8.94471680313465
528801,1,7,7,2.1370357388203374
528807,1,7,8,15.042715030529337
528828,1,7,5,0.3586789934097332
528832,0,7,0,0.04107624961841519
528852,1,7,8,17.344839029051787
528865,1,7,5,0.3586789934097332
528874,1,7,8,6.991027471265613
528879,1,7,4,0.3586790108976326
528884,1,7,3,1.7457561439533398
528890,0,7,0,0.01778495766268345
528906,1,7,8,6.1501448290213085
528913,1,7,10,21.22767331556383
528931,1,7,9,26.044043707718878
528933,1,7,3,1.2623474652508668
528938,1,7,8,11.632194553097781
528942,1,7,5,0.3586789934097332
528961,1,7,2,2.3828303880825445
528975,1,7,9,16.169218695296458
528991,1,7,4,0.3586790108976326
529003,1,7,8,28.071796333998822
529024,1,7,9,24.583141316799622
529028,1,7,9,15.973069405730971
529031,1,7,9,26.056123602161584
529042,1,7,6,19.999065040755355
529047,1,7,5,0.3586789934097332
529060,0,7,0,0.014677103367844797
529077,1,7,6,14.955679609716244
529084,1,7,5,0.3586789934097332
529091,1,7,9,22.746040224029947
529095,1,7,5,0.3586789934097332
529108,1,7,8,6.377292681291939
529118,0,7,0,0.02277657900637716
529134,1,7,6,19.875028564831133
529135,1,7,5,0.3586789934097332
529142,1,7,10,9.91615034165563
529150,1,7,9,22.59285455853516
529160,1,7,5,0.3586789934097332
529171,0,7,0,0.0240984601510485
529178,1,7,2,10.780991679556243
529179,1,7,3,2.392913682367568
529188,1,7,7,1.8488505648221893
529204,1,7,4,0.3586790108976326
529209,1,7,10,19.98441954141364
529241,1,7,6,11.448127550572748
529250,1,7,5,0.3586789934097332
529253,1,7,6,15.079677057056553
529264,1,7,6,14.201927541205071
529267,0,7,0,0.2788082892431381
529273,1,7,8,8.130815901266494
529288,1,7,8,22.688927875206367
529289,1,7,9,20.213754414813916
529294,0,7,0,0.02758423485402893
529296,1,7,7,3.6561031255779333
529297,1,7,9,12.969381819599198
529299,1,7,6,17.401534490555857
529302,1,7,6,23.598318788407052
529304,1,7,10,17.241435962315318
529309,1,7,9,26.12923563858911
529310,1,7,9,17.72363272999557
529342,1,7,9,26.09620167509368
529343,1,7,9,24.113657236333342
529344,1,7,9,23.70793073290107
529355,1,7,10,12.065063417835855
529356,1,7,9,15.59968813051569
529358,1,7,1,6.874808695358922
529365,0,7,0,0.01656964301586113
529368,1,7,4,0.3586790108976326
529384,1,7,6,12.549583466124894
529388,1,7,4,0.3586790108976326
529397,1,7,9,26.20680088817805
529399,1,7,7,2.7667860153212516
529422,1,7,5,0.3586789934097332
529431,1,7,8,27.849406028881482
529432,1,7,8,27.38679958318023
529438,1,7,9,12.945020027124318
529455,1,7,6,10.198353791973261
529477,1,7,5,0.3586789934097332
529494,1,7,6,7.988366530138731
529498,1,7,9,5.789243571280368
529502,1,7,9,25.958814693225904
529507,1,7,2,7.286577306896329
529512,1,7,2,10.95324851366815
529528,1,7,6,17.47289190512502
529541,1,7,1,13.695575238428647
529548,0,7,0,0.02389654617754449
529552,1,7,5,0.3586789934097332
529558,1,7,3,2.404032246615276
529564,1,7,9,19.183253900401997
529565,1,7,7,3.882346722274548
529577,1,7,9,23.991588154659176
529589,1,7,10,5.657414359637251
529598,1,7,4,0.3586790108976326
529613,1,7,6,20.607050392669063
529628,1,7,1,5.891297052142512
529639,1,7,4,0.3586790108976326
529641,1,7,10,10.244749146505903
529653,1,7,7,2.1857884153437204
529654,1,7,5,0.3586789934097332
529671,1,7,6,21.97802337406304
529682,1,7,5,0.3586789934097332
529690,1,7,9,20.481713749867787
529691,1,7,10,19.561923235787365
529718,1,7,10,9.6379589175467
529723,1,7,6,22.39917754792457
529744,1,7,8,3.490771729987978
529754,1,7,6,7.690074763729132
529763,1,7,5,0.3586789949470627
529766,1,7,9,22.932538800854488
529768,1,7,6,10.586623847410705
529777,1,7,8,28.325252488840174
529782,1,7,10,11.091073964171233
529815,1,7,4,0.3586790108976326
529816,1,7,9,14.608956512571067
529824,1,7,7,1.9913406901722734
529825,1,7,3,1.7314931119099684
529844,1,7,8,19.291491507343416
529845,1,7,6,6.098235610126885
529846,1,7,10,7.168593581578064
529850,1,7,4,0.3586790108976326
529852,1,7,10,15.747246195986092
529853,1,7,8,27.022229212471593
529855,1,7,1,15.734201451460674
529856,1,7,6,22.607518650672635
529858,1,7,7,1.5042320903265463
529879,1,7,5,0.3586789934097332
529899,1,7,6,12.41856656303445
529929,1,7,7,2.4003811654757663
529934,1,7,4,0.3586790108976326
529937,1,7,9,25.262677355551673
529945,1,7,4,0.3586790108976326
529958,1,7,9,2.637826371106493
529960,1,7,8,13.499012049764032
529974,1,7,6,23.45104202393067
529975,1,7,9,22.79161223333362
529978,1,7,6,14.990271920525648
529987,1,7,7,2.498705185707728
529992,1,7,9,13.32455908267274
530019,1,7,10,19.13046802057011
530046,1,7,10,14.634175268205576
530060,1,7,8,9.664631242028538
530065,1,7,9,26.290588430553875
530091,1,7,5,0.3586789934097332
530098,1,7,8,8.274052089362346
530101,1,7,5,0.3586789934097332
530102,1,7,10,21.157897930785214
530119,1,7,9,25.860013485531553
530122,1,7,4,0.3586790108976326
530124,1,7,10,21.131558409288225
530135,1,7,7,1.665533241802105
530139,1,7,5,0.3586789934097332
530164,1,7,8,22.900903558323172
530168,1,7,6,5.460298031758423
530188,1,7,8,2.432509016273301
530204,1,7,2,1.4005531794359407
530208,1,7,2,7.368251892845941
530218,1,7,8,7.438247069038618
530236,1,7,9,13.562120020230621
530238,1,7,8,22.761879201983398
530255,1,7,8,26.773352238287096
530262,1,7,7,2.39933036490097
530263,1,7,1,4.5959371522145105
530268,1,7,9,15.832962762478843
530277,1,7,6,20.102475936729597
530311,1,7,5,0.3586789934097332
530324,1,7,4,0.3586790108976326
530326,1,7,6,22.21488147379058
530338,1,7,1,6.366275875719977
530347,1,7,9,20.431362819236394
530426,1,7,8,3.2980336533227974
530449,1,7,1,15.3662769998743
530451,1,7,9,23.312834674631215
530473,1,7,7,2.971957666888856
530474,1,7,6,18.078679099321036
530476,1,7,8,15.816120342767336
530484,1,7,10,6.442546356384091
530498,1,7,5,0.3586789934097332
530503,1,7,9,11.834934671172547
530532,1,7,9,9.514504941804782
530537,1,7,8,14.453152838346622
530548,1,7,9,12.371548564901612
530554,1,7,1,11.03542942356096
530578,1,7,9,14.713314618666358
530583,1,7,1,11.6195702892341
530588,1,7,5,0.3586789934097332
530602,1,7,10,8.183277369779539
530608,1,7,9,24.116804845338496
530614,1,7,6,7.085587425069652
530621,1,7,4,0.3586790108976326
530628,1,7,9,24.558075173473302
530630,1,7,9,26.1604876639674
530641,1,7,8,27.445319439048887
530644,1,7,4,0.3586790108976326
530646,1,7,5,0.3586789934097332
530660,1,7,4,0.3586790108976326
530668,1,7,1,7.584819652111243
530709,1,7,6,13.231571189731449
530712,1,7,8,4.211083720328724
530714,0,7,0,0.013780368305709617
530724,1,7,10,6.890417873492977
530725,1,7,8,13.775259759648279
530770,1,7,4,0.3586790108976326
530775,1,7,8,25.83269909486046
530776,1,7,4,0.358679009087165
530789,1,7,6,6.6138011641601935
530804,1,7,10,17.424910928107558
530808,1,7,9,25.9042152819048
530815,1,7,4,0.3586790108976326
530836,1,7,9,22.59229195662927
530851,1,7,8,15.323878143857472
530864,1,7,8,10.058932918916923
530895,1,7,9,21.265116921057007
530896,1,7,9,23.70783030535468
530898,1,7,5,0.3586789934097332
530914,1,7,8,15.333118682808891
530944,1,7,6,22.587202447658267
530946,1,7,5,0.3586789934097332
530953,1,7,8,25.802956143000067
531006,1,7,9,26.340090991338826
531036,1,7,7,1.1066381805748178
531041,1,7,7,0.7882847635396247
531047,1,7,9,25.119296442201083
531052,1,7,4,0.3586790108976326
531055,1,7,6,4.09900959482106
531056,1,7,7,1.1794670183719764
531057,1,7,2,10.910046811004685
531063,1,7,9,6.428885885095458
531069,1,7,4,0.3586790108976326
531113,1,7,4,0.3586790108976326
531119,1,7,5,0.3586789934097332
531134,1,7,8,20.215581013624085
531157,1,7,4,0.3586790108976326
531158,1,7,10,14.159106764754414
531172,1,7,2,7.51634844738039
531173,1,7,3,1.6684345909085283
531189,1,7,4,0.358679009087165
531211,1,7,8,16.71458595904508
531218,1,7,5,0.3586789934097332
531235,1,7,9,15.925568952254839
531238,1,7,2,10.59674606116931
531241,1,7,5,0.3586789934097332
531257,1,7,1,5.662941949104936
531261,1,7,9,21.025383516579357
531271,1,7,4,0.3586790108976326
531272,1,7,8,12.872938660759583
531274,1,7,6,14.43286212641865
531284,1,7,1,22.134279910601347
531288,1,7,4,0.3586790108976326
531290,1,7,5,0.3586789934097332
531297,1,7,5,0.3586789934097332
531300,1,7,8,28.036807645861767
531305,0,7,0,0.016956569591202026
531310,0,7,0,0.012807604633120997
531317,1,7,9,25.042684431953415
531325,1,7,6,13.040323320411073
531338,1,7,8,14.80004030782256
531350,1,7,6,21.064394365680634
531356,1,7,6,11.451985190617629
531372,1,7,8,17.378836404928492
531388,1,7,9,13.615977489136752
531399,1,7,3,0.931057723259052
531401,1,7,8,11.577560380289984
531416,1,7,10,9.593266271476235
531423,1,7,6,11.139889293378245
531425,1,7,2,8.742576188217042
531426,1,7,9,14.111611482095924
531433,1,7,9,16.981666505528683
531457,1,7,6,12.921808108243413
531476,1,7,9,26.13797233060776
531477,1,7,5,0.3586789934097332
531509,1,7,8,18.932040819905332
531513,1,7,5,0.3586789934097332
531525,1,7,4,0.3586790108976326
531530,1,7,3,2.414892817448735
531545,1,7,7,3.9227463484157963
531552,1,7,4,0.3586790108976326
531561,1,7,4,0.3586790108976326
531585,1,7,7,0.9420584456028491
531603,1,7,7,3.1798339707672363
531608,1,7,5,0.3586789934097332
531609,1,7,1,4.4411540364553845
531610,1,7,8,22.638468106927014
531613,1,7,6,12.703379144915996
531614,0,7,0,0.01506912163529556
531617,1,7,5,0.3586789934097332
531618,1,7,9,12.192060692890289
531625,1,7,9,23.505598027563806
531627,1,7,7,4.0348860276127825
531634,1,7,8,12.34812653586264
531641,1,7,4,0.3586790108976326
531659,1,7,9,13.603180847500484
531661,1,7,9,11.27525124003632
531674,1,7,6,15.479099482073371
531700,1,7,6,23.353116498127708
531721,1,7,9,13.870839836300327
531773,1,7,4,0.3586790108976326
531787,1,7,10,7.640599345425213
531802,0,7,0,0.04644980810787385
531820,1,7,9,9.48443995270248
531830,1,7,8,13.051434223272896
531883,1,7,5,0.3586789949470627
531902,1,7,8,5.3528115935256615
531924,1,7,9,25.671893742296245
531935,0,7,0,0.018203561794554957
531949,1,7,6,17.181318216378493
531959,1,7,4,0.3586790108976326
531971,1,7,5,0.3586789934097332
531977,1,7,5,0.3586789934097332
531985,1,7,10,5.806789565851887
532004,1,7,8,8.553808893752676
532009,1,7,9,25.52478013997003
532015,1,7,2,4.954924669477132
532026,1,7,7,1.601945023505346
532029,1,7,5,0.3586789934097332
532030,1,7,10,7.07295750559038
532039,1,7,8,17.745330018266834
532060,1,7,5,0.3586789934097332
532065,0,7,0,0.09646715819065715
532076,1,7,5,0.3586789934097332
532091,1,7,8,15.352579838983972
532092,1,7,8,10.648162821296024
532098,1,7,8,11.68921887744559
532099,1,7,6,15.658854631963678
532101,1,7,6,19.002006150910052
532105,1,7,8,25.936344415090474
532113,1,7,9,20.472878057225685
532128,1,7,8,17.37817113607451
532130,1,7,10,14.634310635612541
532136,1,7,9,20.2179112950313
532142,1,7,9,15.253709794201779
532148,1,7,8,6.4192361563637075
532155,1,7,5,0.3586789949470627
532160,1,7,10,11.006736787729947
532169,1,7,6,19.336953858918093
532201,1,7,9,5.012477560891694
532230,0,7,0,0.012441662338785504
532236,1,7,10,16.36550220297827
532261,1,7,2,5.002286710764611
532262,1,7,6,13.025576968401921
532265,1,7,6,20.296067480010276
532271,1,7,6,5.230521459110572
532275,1,7,2,8.967005510984457
532294,1,7,8,14.263342226952469
532298,1,7,6,22.74880319613118
532307,1,7,9,24.089462038464763
532311,1,7,9,11.164025432415167
532315,1,7,10,16.68575525669743
532321,1,7,9,26.062914538258386
532368,1,7,2,10.595843961448203
532374,1,7,4,0.3586790108976326
532386,1,7,6,7.588738984476373
532408,1,7,1,14.05647029321697
532409,1,7,9,23.115444451765256
532421,1,7,6,9.176865971416401
532441,1,7,2,2.9907240551587586
532444,1,7,8,7.418222249744587
532447,1,7,9,7.870691890753495
532448,1,7,10,6.148455128203073
532450,1,7,8,20.18648302074479
532457,1,7,6,14.662898994720667
532470,1,7,9,26.34341293065328
532481,1,7,8,15.780689413650704
532483,1,7,9,6.359979504983315
532516,1,7,6,6.593073864192203
532518,0,7,0,0.21335690374606683
532520,1,7,6,15.313659245542416
532522,1,7,9,14.368203944494795
532532,1,7,1,15.349536909726355
532537,1,7,8,15.437531624021709
532558,1,7,4,0.3586790108976326
532565,1,7,9,16.16894054988847
532566,1,7,8,27.743732870111334
532568,1,7,3,1.8145976607676824
532594,1,7,5,0.3586789934097332
532608,1,7,5,0.3586789934097332
532630,1,7,9,4.447591382571512
532634,1,7,5,0.3586789934097332
532639,1,7,6,15.757215387833485
532642,1,7,5,0.3586789934097332
532648,1,7,9,18.686645187586794
532660,1,7,6,12.90139269845196
532668,1,7,1,13.945635255636232
532675,1,7,10,4.3192436465422945
532684,1,7,10,18.183167424117773
532688,1,7,8,19.43865127636362
532697,1,7,5,0.3586789934097332
532701,0,7,0,0.20113606901184977
532703,1,7,3,2.2539453354040546
532724,1,7,9,13.501299376046935
532731,1,7,9,9.59907699586546
532735,1,7,4,0.3586790108976326
532740,1,7,9,19.91884944986562
532745,1,7,10,21.24248841505453
532755,1,7,8,4.014566017881515
532761,1,7,1,15.137755174907879
532769,1,7,5,0.3586789949470627
532775,0,7,0,0.02368397409049485
532788,1,7,6,17.614188764382966
532791,1,7,5,0.3586789934097332
532797,1,7,9,14.596221135904191
532812,1,7,5,0.3586789934097332
532814,1,7,4,0.3586790108976326
532822,1,7,5,0.3586789934097332
532824,1,7,5,0.3586789934097332
532831,1,7,7,4.133143107515181
532836,1,7,8,22.676683553672664
532838,1,7,4,0.3586790108976326
532841,1,7,8,7.0059884396710785
532850,1,7,9,15.425610496883463
532874,1,7,9,25.86698101166024
532878,1,7,1,11.919407726565794
532940,0,7,0,0.024956240785905724
532947,1,7,6,23.376152669303323
532953,1,7,6,21.062030077622552
532958,1,7,8,18.973014546506942
532992,1,7,6,10.019702022740908
532997,1,7,6,22.270934857481464
533047,1,7,1,20.893653096348924
533052,1,7,8,12.415443337441445
533053,0,7,0,0.017368475221370763
533059,1,7,8,21.437425551787417
533064,1,7,7,0.5253917551080063
533071,1,7,8,15.347389144846067
533076,1,7,9,19.8556767825109
533083,1,7,4,0.3586790108976326
533099,1,7,10,20.76821708354179
533100,1,7,5,0.3586789934097332
533105,1,7,3,2.426990281466683
533127,0,7,0,0.03489807731410253
533132,1,7,1,18.004565333628342
533136,1,7,7,0.3619341952528275
533143,1,7,9,21.766449520844635
533149,1,7,3,1.4256200818119111
533154,1,7,5,0.3586789934097332
533160,1,7,6,19.861159362243562
533172,1,7,10,13.301374910065437
533173,1,7,3,1.265552204355402
533178,1,7,9,16.757000215555813
533202,1,7,5,0.3586789934097332
533203,1,7,4,0.3586790108976326
533213,1,7,7,4.340501074781427
533214,1,7,4,0.3586790108976326
533221,1,7,8,11.176351156978683
533227,1,7,9,22.53687882424541
533252,1,7,6,15.58384180339629
533254,1,7,9,18.132778095736505
533267,1,7,9,18.24664259883084
533283,1,7,4,0.3586790108976326
533290,1,7,5,0.3586789934097332
533310,1,7,8,6.840433614334732
533339,1,7,6,21.734488298516315
533341,1,7,8,16.609453907917583
533368,1,7,8,12.220358084438862
533403,1,7,8,23.207821397591257
533411,1,7,9,11.943209435636428
533426,1,7,9,10.926834404373087
533428,1,7,6,6.536368187272009
533484,1,7,1,14.953837865206545
533487,1,7,9,15.446562198448913
533507,1,7,10,5.262386924202036
533554,1,7,5,0.3586789949470627
533568,1,7,4,0.3586790108976326
533583,1,7,8,17.14250715888247
533615,1,7,5,0.3586789934097332
533618,1,7,5,0.3586789934097332
533635,1,7,8,22.750988592820907
533648,1,7,9,23.482010813609428
533651,1,7,9,25.734987793317284
533661,1,7,9,22.880130561891267
533663,1,7,6,13.49420967770326
533680,1,7,8,7.499638641924375
533696,1,7,4,0.3586790108976326
533721,1,7,4,0.3586790108976326
533735,1,7,7,2.3329490390692555
533736,1,7,8,18.035957103439515
533738,1,7,3,1.770515622519698
533746,1,7,10,8.81712600611771
533749,1,7,6,23.61920573750382
533755,1,7,4,0.3586790108976326
533769,1,7,3,2.3688565337276994
533771,1,7,6,20.600370861115618
533792,1,7,1,23.159839710750845
533799,1,7,9,8.401718526595722
533805,0,7,0,0.025806508608748228
533808,1,7,6,14.742263495124147
533821,1,7,9,8.042771267393265
533825,1,7,4,0.3586790108976326
533835,1,7,5,0.3586789934097332
533840,1,7,6,8.167352173786767
533851,1,7,9,13.320323572191102
533857,1,7,5,0.3586789934097332
533889,1,7,7,0.9350815812633201
533899,1,7,6,6.240699874334822
533903,1,7,5,0.3586789934097332
533906,1,7,1,13.644476998708555
533910,1,7,5,0.3586789934097332
533941,1,7,5,0.3586789934097332
533943,1,7,8,2.4739434048980153
533958,1,7,8,14.443905581161864
533972,1,7,1,19.059719496186652
533991,1,7,1,14.650668962971498
533996,1,7,9,12.836549593583381
534003,1,7,8,19.60292549065756
534007,1,7,8,15.038200158894128
534035,1,7,9,2.8513088493191425
534038,1,7,6,7.05647467483742
534040,1,7,10,8.879479553223955
534064,0,7,0,0.09237484637880083
534072,0,7,0,0.020731132363186824
534079,1,7,10,12.397173180333393
534084,1,7,1,4.806357858713579
534092,1,7,5,0.3586789934097332
534094,1,7,8,27.349630953973428
534142,1,7,2,12.565063528246988
534145,1,7,9,6.208839405637221
534148,1,7,9,8.898270343596758
534151,1,7,6,17.22088668322411
534152,1,7,5,0.3586789934097332
534156,1,7,9,23.97057411625814
534158,1,7,8,11.776811224901277
534160,1,7,5,0.3586789934097332
534180,1,7,4,0.3586790108976326
534193,1,7,5,0.3586789934097332
534194,1,7,5,0.3586789949470627
534196,1,7,1,14.888948683757546
534200,1,7,4,0.3586790108976326
534213,1,7,5,0.3586789934097332
534229,1,7,4,0.3586790108976326
534240,1,7,5,0.3586789934097332
534243,1,7,10,12.73313246880672
534252,1,7,9,4.56137195006424
534261,1,7,8,19.309613573595502
534266,1,7,4,0.3586790108976326
534267,1,7,4,0.3586790108976326
534282,1,7,4,0.3586790108976326
534287,1,7,4,0.3586790108976326
534299,1,7,6,22.59197567372246
534335,1,7,6,8.675318299570092
534348,1,7,8,17.39945371194299
534353,1,7,9,14.590382572428975
534359,1,7,10,14.485609362430722
534369,1,7,8,6.09432617210744
534371,1,7,9,23.593600045324024
534379,1,7,10,14.656872266901788
534388,1,7,10,11.981496570167598
534393,0,7,0,0.016520802514364035
534397,1,7,5,0.3586789934097332
534409,0,7,0,0.023139440779931505
534411,1,7,9,17.39818455321417
534418,1,7,6,9.714906939214107
534457,1,7,1,16.50870446816358
534473,1,7,8,18.757612943458465
534474,1,7,9,24.133668999032206
534484,1,7,4,0.3586790108976326
534493,1,7,7,4.342219044793159
534496,1,7,5,0.3586789949470627
534500,1,7,9,12.684018052271934
534530,1,7,7,4.332239860784943
534532,1,7,10,15.474001410768976
534536,1,7,9,6.402598098883712
534539,1,7,3,1.9143348550976282
534555,1,7,8,22.394373633389723
534562,1,7,6,13.227688366298462
534587,1,7,4,0.3586790108976326
534590,1,7,8,16.888583545567233
534605,1,7,3,2.2820573084017854
534616,1,7,9,10.47270488938412
534628,1,7,7,4.25139551888229
534636,1,7,9,11.236510647504597
534637,1,7,5,0.3586789934097332
534651,1,7,9,15.245722601659214
534654,0,7,0,0.024149844668916214
534665,1,7,4,0.3586790108976326
534668,0,7,0,0.019281039835171657
534669,1,7,6,11.658761140486233
534680,1,7,5,0.3586789934097332
534710,1,7,1,19.056384103907703
534731,1,7,9,3.841426437936087
534771,1,7,8,27.517742741927467
534772,1,7,5,0.3586789934097332
534773,1,7,1,19.979291142164065
534774,1,7,9,9.809940608079131
534786,0,7,0,0.013440857782969348
534789,0,7,0,0.0126079844945862
534792,0,7,0,0.031025023983250084
534794,1,7,9,24.61819215791909
534807,1,7,6,16.965270003343818
534826,1,7,5,0.3586789949470627
534828,1,7,7,2.540829839714632
534831,1,7,4,0.3586790108976326
534834,1,7,2,10.501369259658377
534853,1,7,9,20.637950939423707
534901,1,7,10,15.428530962033387
534905,1,7,5,0.3586789934097332
534909,1,7,4,0.3586790108976326
534924,1,7,5,0.11839693826441602
534928,0,7,0,0.032302665572073425
534936,1,7,2,10.282472091431009
534955,1,7,8,24.299013595637234
535029,1,7,9,24.425435698519863
535030,1,7,7,1.5720197574778252
535031,1,7,9,19.453272237457124
535035,1,7,7,3.368053109687856
535042,1,7,5,0.3586789934097332
535045,1,7,9,22.511720857190223
535050,0,7,0,0.013035402210484272
535101,1,7,4,0.3586790108976326
535110,1,7,1,16.038352481466813
535112,1,7,4,0.3586790108976326
535120,1,7,7,1.611331118881653
535131,1,7,9,21.321786452601632
535132,1,7,1,21.69682290232228
535146,1,7,10,21.27932008371816
535168,1,7,6,16.36570590819381
535176,1,7,8,21.731039866544652
535186,1,7,4,0.3586790108976326
535187,1,7,1,6.118433973806004
535191,1,7,5,0.3586789934097332
535196,1,7,8,8.323235898436039
535200,0,7,0,0.055368642846803526
535223,1,7,8,19.969272724695266
535244,1,7,9,19.075164274853623
535247,1,7,9,11.305171417856622
535249,1,7,7,4.248563652138387
535252,1,7,4,0.3586790108976326
535254,1,7,5,0.3586789934097332
535257,1,7,8,21.27426243361869
535259,1,7,5,0.3586789934097332
535261,1,7,7,4.560030449211307
535263,1,7,5,0.3586789934097332
535273,1,7,8,24.30271668772363
535282,1,7,9,16.772461384349658
535289,1,7,6,23.168173037543024
535293,1,7,5,0.3586789934097332
535295,0,7,0,0.01938067009462462
535318,1,7,9,12.576743789810308
535325,1,7,9,15.955504927413166
535326,1,7,8,11.431829401806109
535349,1,7,9,24.040544018146406
535358,1,7,4,0.3586790108976326
535360,1,7,1,11.509585101269122
535388,1,7,9,4.635017552369373
535398,1,7,5,0.3586789934097332
535438,1,7,6,12.925659324438861
535442,1,7,8,10.13758664272785
535460,1,7,6,14.446173665078057
535463,1,7,8,7.310888812308687
535475,1,7,4,0.3586790108976326
535480,1,7,10,12.40222257805684
535503,1,7,5,0.3586789934097332
535510,1,7,1,7.3031560599586935
535512,1,7,3,2.3762314726979445
535516,1,7,1,10.003960366271082
535518,1,7,5,0.3586789934097332
535522,1,7,9,15.957127134419528
535526,0,7,0,0.0279566639623103
535573,1,7,4,0.3586790108976326
535577,1,7,10,16.691544955868782
535584,1,7,9,16.98309496537039
535589,1,7,8,14.557200813159684
535596,0,7,0,0.02403272313706036
535605,1,7,9,8.933284776572991
535609,1,7,5,0.3586789934097332
535621,1,7,6,5.187932325371971
535622,1,7,9,12.42179277733126
535636,1,7,4,0.3586790108976326
535646,1,7,7,4.081110298793612
535662,1,7,5,0.3586789934097332
535667,1,7,6,23.019621398593113
535671,1,7,1,12.454458641860276
535673,1,7,4,0.3586790108976326
535725,1,7,1,17.964642133656756
535730,1,7,6,22.40313750409604
535732,1,7,8,24.848255092169534
535756,1,7,6,13.353030935955102
535758,1,7,2,9.364224496656254
535767,1,7,3,2.3675780166252918
535772,1,7,5,0.3586789934097332
535781,1,7,5,0.3586789934097332
535782,1,7,9,21.290708044131623
535789,1,7,10,14.646209207033538
535791,1,7,6,12.597642651983776
535796,1,7,9,13.494442803396526
535800,1,7,9,23.56389887657702
535823,1,7,6,23.785065743746614
535828,1,7,8,13.83197547000254
535846,1,7,8,17.121565209586052
535857,1,7,7,4.439386127199101
535870,1,7,6,11.411295314878991
535871,1,7,4,0.3586790108976326
535892,1,7,2,8.736844211761069
535898,1,7,1,19.807618824075814
535901,1,7,9,18.990666141018284
535905,1,7,8,13.190061130504171
535911,1,7,8,15.348856858051992
535925,1,7,4,0.3586790108976326
535947,1,7,7,4.5785319426027975
535954,1,7,4,0.3586790108976326
535957,1,7,6,24.073484461347334
535974,0,7,0,0.025918667416642765
535978,1,7,8,18.641498893990402
535982,1,7,8,15.426307673858643
535992,1,7,7,4.558207014793915
535997,1,7,9,7.619445145354673
536017,1,7,10,13.914880144593262
536021,1,7,4,0.3586790108976326
536023,1,7,4,0.3586790108976326
536028,1,7,10,15.257576191109294
536033,1,7,4,0.3586790108976326
536039,1,7,4,0.3586790108976326
536047,1,7,8,15.049837939673115
536063,1,7,4,0.3586790108976326
536075,1,7,9,5.785291733069639
536084,1,7,9,23.912689613904625
536085,1,7,2,11.897458670530185
536087,1,7,6,14.440285965034406
536113,1,7,8,24.298181218270877
536126,1,7,7,4.300264384495643
536148,1,7,9,14.005849923620286
536155,1,7,9,8.48302844300293
536156,1,7,9,26.33642527385737
536182,1,7,6,9.846919403528009
536184,1,7,5,0.3586789934097332
536193,1,7,8,4.447343411217375
536194,1,7,9,20.600408731849573
536218,1,7,6,13.836258732241152
536227,1,7,2,9.805761644674574
536243,1,7,6,13.517152849019018
536245,1,7,9,7.176632939277809
536263,1,7,6,15.3299969292662
536278,1,7,5,0.3586789934097332
536309,1,7,10,5.2382721116159745
536313,1,7,8,20.20968405586224
536326,1,7,9,6.706923463637959
536358,1,7,9,15.531380384778815
536365,1,7,5,0.3586789934097332
536371,1,7,5,0.3586789934097332
536390,1,7,5,0.3586789934097332
536395,1,7,6,17.317647771521536
536403,1,7,5,0.3586789934097332
536422,1,7,5,0.3586789934097332
536424,1,7,6,4.372722222022698
536425,1,7,4,0.3586790108976326
536429,1,7,9,14.588263997850921
536431,1,7,7,1.743577622586279
536439,1,7,5,0.3586789934097332
536442,1,7,6,20.99398647854263
536449,1,7,4,0.358679009087165
536452,1,7,4,0.358679009087165
536457,1,7,7,1.8037020131643102
536474,1,7,4,0.3586790108976326
536481,1,7,10,9.609686304091172
536488,1,7,8,10.421661788754932
536493,1,7,3,0.9742885292453115
536494,1,7,6,8.474535742254915
536496,1,7,3,2.428842145763255
536502,1,7,8,19.889883987044527
536503,1,7,5,0.3586789934097332
536520,1,7,4,0.3586790108976326
536522,1,7,5,0.3586789934097332
536556,1,7,5,0.3586789934097332
536563,1,7,5,0.3586789934097332
536565,1,7,5,0.3586789934097332
536569,1,7,10,10.587079618590115
536571,1,7,6,23.55689095524291
536577,1,7,5,0.3586789934097332
536582,1,7,6,23.3040784043885
536606,1,7,2,13.520573995020172
536615,1,7,5,0.3586789934097332
536616,1,7,10,9.057733957904247
536617,1,7,6,22.015305496615177
536619,1,7,5,0.3586789934097332
536626,1,7,6,17.965706442705738
536630,1,7,4,0.3586790108976326
536660,1,7,8,24.588598949626522
536665,1,7,1,23.167275189397532
536674,1,7,6,20.883265691199263
536677,1,7,8,21.019830571341938
536693,1,7,5,0.3586789934097332
536696,1,7,7,2.194510105546768
536709,0,7,0,0.016600987637463555
536734,1,7,5,0.3586789934097332
536740,1,7,6,18.130885965415477
536747,1,7,5,0.3586789934097332
536759,1,7,6,12.275631636019892
536764,1,7,9,10.768916298988131
536779,1,7,6,13.490479537617798
536797,1,7,9,21.54150659927687
536808,1,7,5,0.3586789934097332
536820,1,7,8,5.41202919489741
536825,1,7,6,22.21791432162991
536829,1,7,9,18.12564722097726
536830,1,7,8,14.237739515520998
536841,1,7,1,5.643553093665474
536848,1,7,5,0.3586789934097332
536849,1,7,6,5.2003422806484565
536850,0,7,0,0.026085449154006082
536853,1,7,1,13.982980934222152
536863,1,7,8,11.36214793374882
536867,1,7,1,8.483601927607673
536868,0,7,0,0.02674634223887303
536879,1,7,8,27.629791438607356
536882,1,7,4,0.3586790108976326
536888,1,7,9,14.61754139048776
536906,1,7,10,11.254382634672124
536917,1,7,6,7.110636674641784
536926,0,7,0,0.017762203625886524
536940,1,7,8,17.318029938226957
536942,1,7,1,23.208307726567696
536944,1,7,4,0.3586790108976326
536968,1,7,10,20.872359874524147
536972,1,7,9,9.057829399166732
536986,1,7,10,11.004834098840716
536995,1,7,6,21.57195024139438
537000,1,7,2,9.53563192393962
537003,1,7,9,18.634620965381085
537005,1,7,7,3.6275351764435335
537006,1,7,10,20.457711238042744
537023,1,7,6,23.15875474156223
537037,1,7,8,17.32844850817819
537051,1,7,4,0.3586790108976326
537114,1,7,7,1.5515176625815208
537142,1,7,5,0.3586789934097332
537152,1,7,7,3.8196610171060925
537162,1,7,8,13.333321409608642
537192,1,7,7,0.44265015640492683
537226,1,7,8,22.417712008733275
537230,1,7,9,9.786124859602266
537241,1,7,7,0.3516392495422137
537242,1,7,9,14.793329021376811
537245,1,7,8,10.813328105668521
537250,1,7,9,10.72779975955949
537259,1,7,8,7.240296853231372
537273,1,7,4,0.3586790108976326
537278,1,7,10,5.6368949738055445
537316,1,7,4,0.3586790108976326
537329,1,7,1,18.091545712618807
537356,1,7,4,0.3586790108976326
537374,1,7,5,0.3586789934097332
537375,1,7,1,19.933306939979293
537376,1,7,4,0.3586790108976326
537384,1,7,8,14.383393949065008
537390,1,7,3,1.1826746246326514
537398,1,7,10,6.738245082063964
537450,1,7,4,0.358679009087165
537453,1,7,9,23.911953158261642
537471,1,7,4,0.3586790108976326
537472,1,7,9,23.122424155519514
537487,1,7,9,23.985865020956023
537512,1,7,8,6.694829227568533
537533,1,7,9,14.292745806544735
537536,1,7,9,14.199387876078674
537537,1,7,4,0.3586790108976326
537539,1,7,9,8.092378074254182
537555,0,7,0,0.022572373326459023
537558,1,7,10,12.359391166610617
537563,1,7,3,2.388291392919112
537567,1,7,9,21.410194085922004
537568,1,7,9,20.07800358039573
537573,1,7,8,21.29889955755605
537575,0,7,0,0.013298517234864804
537577,1,7,5,0.3586789934097332
537585,1,7,6,14.63249808320222
537615,1,7,7,3.295161421424851
537640,1,7,8,22.714000643179
537687,1,7,5,0.3586789934097332
537698,1,7,8,18.81028598367823
537710,1,7,3,2.3201686197828164
537714,1,7,9,23.716284609729886
537736,1,7,9,19.423951820871608
537757,1,7,1,23.129285224423526
537768,1,7,9,15.800935688735906
537781,1,7,2,9.392575715991724
537787,1,7,8,16.03761397492461
537790,1,7,10,17.095440042263636
537793,1,7,8,22.966622219564364
537809,1,7,8,19.32126399206181
537819,1,7,10,20.783951188645542
537826,1,7,5,0.3586789934097332
537835,1,7,9,5.011935442225578
537847,1,7,5,0.3586789934097332
537848,1,7,1,17.648575512726172
537849,1,7,1,10.008844079793045
537867,1,7,5,0.3586789934097332
537875,1,7,8,16.732704763116846
537876,1,7,10,12.05735572263689
537885,1,7,8,11.824918282631739
537896,1,7,4,0.3586790108976326
537902,1,7,4,0.3586790108976326
537906,1,7,1,20.942449254829263
537908,1,7,9,15.847968038354072
537940,1,7,8,25.057923249476435
537950,1,7,10,19.20701675299911
537971,1,7,9,15.236886875957108
537985,1,7,8,16.385764513648034
538007,1,7,5,0.3586789934097332
538010,1,7,8,4.761150274046327
538011,1,7,6,11.766555627191115
538023,1,7,9,7.089142173504951
538029,1,7,3,2.3159520215572496
538051,1,7,10,13.594349322206984
538055,1,7,5,0.3586789934097332
538065,0,7,0,0.022906524243767466
538079,1,7,3,2.1966398891177694
538090,1,7,10,11.968768876790362
538112,1,7,10,21.28165133916355
538120,1,7,8,16.256773009228233
538124,1,7,3,2.352208139216106
538146,1,7,8,2.563870044209884
538147,1,7,9,14.344372982738413
538149,1,7,4,0.3586790108976326
538165,1,7,3,2.396830706365891
538171,1,7,4,0.3586790108976326
538188,1,7,10,12.072088285671331
538198,1,7,3,2.3226551991265247
538221,1,7,9,24.758072156142823
538227,1,7,9,26.487564085879807
538236,1,7,4,0.3586790108976326
538250,0,7,0,0.024398326783433625
538253,1,7,9,26.223912896155905
538261,1,7,5,0.3586789934097332
538272,0,7,0,0.017574729803221074
538280,1,7,1,17.97538602220126
538289,1,7,7,4.249270417840685
538306,1,7,8,3.220326367900843
538367,1,7,10,14.94269522483357
538374,1,7,10,19.943007781189113
538377,1,7,9,7.222906515670543
538380,1,7,8,26.468187369576615
538394,1,7,10,20.86297543776988
538400,1,7,9,22.930496281047255
538403,0,7,0,0.015604660526082321
538406,1,7,6,17.14289491876365
538407,1,7,4,0.3586790108976326
538410,1,7,4,0.3586790108976326
538413,1,7,9,7.337788698915562
538415,1,7,1,21.86120570421467
538428,1,7,8,8.531663868304362
538429,1,7,10,4.326864056552795
538430,1,7,6,12.398998836764683
538450,1,7,10,21.25070703045213
538463,1,7,2,13.934124500151642
538482,1,7,7,4.2499449480784435
538489,1,7,6,21.05319842180092
538503,1,7,9,19.327884281455557
538508,0,7,0,0.016917805805353067
538511,1,7,9,24.763232177604074
538520,1,7,9,5.183348794681121
538525,1,7,5,0.3586789934097332
538534,1,7,4,0.3586790108976326
538535,1,7,8,16.33097309001172
538547,1,7,5,0.3586789934097332
538555,1,7,9,15.389461375997481
538559,1,7,4,0.3586790108976326
538563,1,7,9,7.494139474861087
538570,1,7,6,7.6214904904289416
538571,1,7,7,3.2251540853470297
538575,1,7,6,23.57396996719047
538582,1,7,8,13.696730939745256
538583,1,7,8,12.85742900393093
538619,1,7,5,0.3586789934097332
538621,1,7,1,4.432109559933432
538624,1,7,2,9.850280369678453
538644,1,7,8,8.206710704223541
538647,1,7,4,0.3586790108976326
538654,1,7,5,0.3586789934097332
538678,1,7,6,7.996041205518635
538731,1,7,4,0.3586790108976326
538748,1,7,8,5.7749325911185085
538749,1,7,5,0.3586789934097332
538751,1,7,8,10.44856609603266
538753,1,7,10,19.513089251887113
538758,1,7,4,0.358679009087165
538764,1,7,8,16.100696051643173
538766,1,7,5,0.3586789934097332
538769,1,7,5,0.3586789934097332
538771,1,7,8,9.678579608467563
538790,1,7,4,0.3586790108976326
538795,1,7,6,21.50444411722524
538800,1,7,10,11.099622337174843
538804,1,7,8,24.041503403383455
538806,1,7,3,1.1010921082009313
538818,0,7,0,0.0353155355371769
538820,1,7,9,26.06933930786536
538827,1,7,10,21.199404564664643
538836,1,7,7,2.4298214610703748
538847,1,7,8,24.206920938528654
538857,1,7,7,2.361626177582621
538871,1,7,6,21.022481918635776
538881,1,7,5,0.3586789934097332
538891,1,7,7,3.3487793989138654
538919,1,7,6,13.498958275337861
538920,1,7,4,0.3586790108976326
538933,1,7,9,15.2115953481615
538962,1,7,1,10.11403171037631
538975,1,7,6,15.548018376080286
539003,1,7,1,3.972829224741133
539007,1,7,9,10.601616530820193
539011,1,7,5,0.3586789934097332
539014,0,7,0,0.02707141017514495
539019,1,7,3,1.33657287379184
539021,1,7,7,4.627568979144911
539027,1,7,8,25.633997016562397
539029,1,7,9,15.416695210136444
539030,1,7,5,0.3586789949470627
539051,1,7,5,0.3586789934097332
539052,1,7,8,3.7270915428209976
539080,1,7,8,15.324733188232841
539084,1,7,8,15.87249219469681
539093,1,7,8,6.421652773053027
539099,1,7,4,0.3586790108976326
539106,1,7,6,14.607970205916574
539108,1,7,4,0.3586790108976326
539109,1,7,7,0.8311940650386457
539112,1,7,9,13.768841857887626
539123,1,7,1,18.79561704601613
539141,1,7,5,0.3586789934097332
539147,1,7,9,26.250296072728226
539150,1,7,10,9.342423253472457
539154,1,7,9,15.961355044998594
539164,1,7,10,9.097894064995833
539182,1,7,8,7.029070091206062
539202,1,7,5,0.3586789934097332
539209,1,7,4,0.3586790108976326
539225,1,7,5,0.3586789934097332
539226,1,7,5,0.3586789934097332
539234,1,7,1,19.498511111655986
539236,1,7,7,2.600059955079519
539238,1,7,10,19.393298493005805
539248,1,7,6,20.435560003709476
539262,1,7,8,14.833193608979592
539275,1,7,8,18.676463369761688
539283,1,7,6,14.647309905109044
539346,1,7,6,20.56167160373155
539354,1,7,2,1.9662627381640356
539355,1,7,6,23.127715731042326
539373,1,7,9,17.448466225528502
539374,1,7,2,4.198473938752573
539389,1,7,4,0.3586790108976326
539390,1,7,2,4.535055206633558
539395,1,7,1,17.952739865674978
539407,1,7,8,22.977913390291338
539412,1,7,4,0.3586790108976326
539416,1,7,5,0.3586789934097332
539421,1,7,9,16.4681782343244
539440,1,7,6,7.867423281431186
539446,1,7,9,24.18448202879243
539453,1,7,5,0.3586789934097332
539455,1,7,7,2.470614564230585
539484,1,7,9,13.362467654695172
539505,1,7,6,10.89084781830131
539506,1,7,5,0.3586789934097332
539509,1,7,4,0.3586790108976326
539511,1,7,10,13.336829915730751
539525,1,7,1,20.145813474106166
539526,1,7,4,0.3586790108976326
539528,1,7,10,4.17334003154413
539530,1,7,9,26.052640113149597
539539,1,7,9,26.08896647291665
539551,1,7,5,0.3586789934097332
539560,1,7,9,14.636074640294698
539584,1,7,9,25.554212544511824
539590,1,7,10,19.14745705685779
539601,1,7,8,17.619291350514533
539649,1,7,1,15.616957330743459
539685,1,7,1,21.179974628232394
539690,1,7,1,23.22131971738044
539698,1,7,1,14.769856225448947
539706,1,7,6,23.064199462520904
539707,1,7,8,13.217033291640687
539717,1,7,4,0.3586790108976326
539719,1,7,2,9.877695559787577
539730,1,7,8,22.669188783390943
539739,1,7,5,0.3586789934097332
539742,1,7,6,20.249212326593803
539746,1,7,8,10.232240761474431
539765,0,7,0,0.01776364230347619
539777,1,7,9,23.49077904475122
539780,1,7,10,8.510052177167372
539805,1,7,9,25.63162245644306
539827,1,7,10,19.61588521351687
539828,1,7,8,4.414193141720038
539831,0,7,0,0.014151597138081439
539832,1,7,6,14.713120057615757
539833,1,7,4,0.3586790108976326
539838,1,7,9,24.612230007742856
539843,1,7,2,8.18198703818083
539851,1,7,9,6.381571840129664
539861,1,7,9,16.976991354318418
539871,1,7,9,23.5073620023221
539882,1,7,9,3.855635353758432
539896,1,7,9,8.022357112520995
539905,1,7,8,24.57434940566866
539908,0,7,0,0.01309128051826434
539913,1,7,1,13.543022162573022
539918,1,7,8,17.67810362019198
539919,1,7,5,0.3586789934097332
539940,1,7,4,0.3586790108976326
539964,1,7,10,17.59075105880324
539975,1,7,7,3.8286457107698864
539977,1,7,4,0.358679009087165
539988,1,7,7,2.460798108054986
539989,1,7,4,0.3586790108976326
539996,1,7,6,14.696384048882138
539998,1,7,4,0.3586790108976326
540026,1,7,10,19.762883570528224
540036,1,7,6,18.940262245532224
540047,1,7,9,4.606633049113262
540057,1,7,5,0.3586789934097332
540077,1,7,4,0.3586790108976326
540079,1,7,5,0.3586789934097332
540085,1,7,9,24.09343001616893
540106,1,7,8,15.387527150080043
540124,1,7,5,0.3586789934097332
540129,0,7,0,0.02003851578024885
540148,1,7,10,17.22911467163219
540155,1,7,9,20.235227430502746
540165,1,7,5,0.3586789934097332
540176,1,7,8,15.484846010698963
540179,1,7,9,25.542374425102246
540180,1,7,6,22.840929568031253
540183,1,7,1,6.248997609330128
540194,1,7,8,11.228472673711673
540195,1,7,1,8.148923454749102
540204,1,7,8,14.03360301544594
540223,1,7,10,8.268738068159555
540248,1,7,5,0.3586789934097332
540250,1,7,1,12.351288222323769
540263,1,7,10,14.245884382185126
540277,1,7,5,0.3586789934097332
540278,1,7,9,21.667117063652256
540282,1,7,5,0.3586789949470627
540283,1,7,9,24.3666684215831
540285,1,7,9,16.146522851990895
540292,1,7,9,23.96413622674232
540294,1,7,6,5.861028850739142
540298,1,7,1,17.30032720712624
540302,0,7,0,0.021092022653751076
540306,1,7,10,16.57189503764279
540310,1,7,9,16.213660985976183
540321,0,7,0,0.021409919962091805
540329,1,7,9,9.73967329949547
540336,1,7,9,10.568471786471658
540345,0,7,0,0.028202661280461058
540365,1,7,9,11.307641926326705
540372,1,7,9,12.9665910473646
540377,1,7,8,17.645834913392317
540382,1,7,5,0.3586789934097332
540392,1,7,8,8.265573472593662
540394,1,7,9,4.718551540586201
540413,1,7,8,9.974177890475685
540414,1,7,4,0.3586790108976326
540417,1,7,10,19.837395553943164
540421,1,7,1,19.25135531795885
540429,1,7,10,7.172087463426338
540444,1,7,4,0.3586790108976326
540450,1,7,9,16.904918907053137
540454,1,7,3,2.271957096520275
540458,1,7,9,7.859440517731352
540460,1,7,10,18.05136512749557
540464,1,7,2,12.16960026104208
540484,1,7,9,26.177715757359046
540501,1,7,9,22.527923784919718
540506,1,7,5,0.3586789949470627
540534,1,7,10,4.108958895208846
540536,1,7,8,16.609610038190713
540566,1,7,5,0.3586789934097332
540576,1,7,8,5.801225381123149
540582,1,7,6,14.584311452197209
540593,1,7,3,2.072139697684615
540608,1,7,8,10.430645416660807
540611,1,7,8,8.038241906459323
540633,1,7,1,18.459335683979308
540637,1,7,9,11.818162874837704
540667,1,7,1,16.58276657443376
540670,1,7,5,0.3586789934097332
540677,1,7,8,26.322874368166946
540689,1,7,6,16.599463587626897
540701,0,7,0,0.10578780368522445
540713,1,7,1,20.3705189749486
540725,1,7,9,16.568058673212825
540726,1,7,1,7.98118652829476
540729,1,7,6,11.641896233201226
540732,0,7,0,0.014489699072669511
540734,1,7,9,14.734682018139111
540751,1,7,9,16.493990800871114
540753,1,7,4,0.3586790108976326
540767,1,7,7,1.0024918917581134
540775,1,7,6,7.625943265203781
540793,1,7,4,0.3586790108976326
540796,1,7,8,21.580602724543187
540801,1,7,8,26.007975296875916
540843,1,7,2,11.14917307708709
540856,1,7,8,14.520492261136061
540877,1,7,8,27.855084420584056
540880,1,7,9,5.4465846461741405
540883,1,7,3,2.3070223554385665
540884,1,7,8,25.317902896292065
540916,1,7,9,9.402036910483773
540935,1,7,10,13.390489653161097
540941,1,7,5,0.3586789934097332
540948,1,7,10,21.267799424811745
540973,1,7,6,7.018146566437851
540976,1,7,10,21.307737664241067
540979,1,7,10,12.72403524963781
540982,1,7,9,9.338102334557243
541019,1,7,8,5.3702303926422195
541056,1,7,9,17.71186700643461
541058,0,7,0,0.02145539984410427
541065,1,7,7,4.32142015317814
541083,1,7,1,6.343653592211676
541084,1,7,5,0.3586789934097332
541096,1,7,2,13.04456298271908
541098,0,7,0,0.015323441566444924
541132,1,7,9,24.91491255283165
541135,1,7,4,0.3586790108976326
541152,1,7,6,23.883412920964968
541156,1,7,5,0.3586789934097332
541168,1,7,9,25.712880850669883
541175,1,7,4,0.3586790108976326
541177,1,7,7,4.438777092048649
541189,1,7,6,19.29510570055364
541200,1,7,5,0.3586789934097332
541205,1,7,9,4.380308561318102
541218,1,7,7,0.5835063451392227
541219,1,7,1,20.98121258526621
541220,1,7,3,2.3635674789837555
541226,1,7,4,0.358679009087165
541227,1,7,9,6.768927166368329
541236,1,7,9,23.521431861358376
541238,0,7,0,0.0898175205335991
541242,1,7,9,19.2682995067911
541261,1,7,9,12.358140151424905
541285,1,7,1,4.97890409299106
541292,1,7,8,3.34698763093169
541293,1,7,2,2.456575954310424
541294,1,7,8,12.610921896093377
541311,1,7,8,17.737283481182583
541316,1,7,7,1.6034634234398373
541337,1,7,8,15.769123990669843
541342,1,7,4,0.3586790108976326
541343,1,7,6,10.497124166086481
541344,1,7,10,10.010389916644467
541350,1,7,9,9.469136035757808
541351,1,7,9,25.797501015274275
541354,1,7,3,2.4152048681319873
541362,1,7,9,26.388862499980327
541379,1,7,4,0.3586790108976326
541381,1,7,5,0.3586789934097332
541382,1,7,4,0.3586790108976326
541383,1,7,8,9.909559501607482
541395,1,7,4,0.3586790108976326
541427,1,7,6,19.074552356709347
541429,1,7,5,0.3586789934097332
541444,1,7,5,0.3586789934097332
541462,1,7,10,8.340967971634834
541464,1,7,1,10.106777613779842
541481,1,7,9,25.018833776867833
541495,1,7,9,24.254458068185475
541498,1,7,3,0.7186298554403466
541537,1,7,8,21.500474832571776
541539,1,7,9,12.299732240041058
541545,1,7,5,0.3586789934097332
541547,1,7,8,20.248117018342114
541583,1,7,4,0.3586790108976326
541605,1,7,8,24.269934383324266
541621,1,7,6,19.280182128605457
541629,1,7,7,3.2958354643770726
541634,1,7,5,0.3586789934097332
541635,1,7,3,1.8350191458560814
541639,1,7,6,15.757012706014923
541641,1,7,8,14.97126268522821
541647,1,7,4,0.3586790108976326
541648,1,7,9,20.986501474907683
541662,1,7,8,25.81203168487613
541684,1,7,4,0.3586790108976326
541694,1,7,3,2.3631479400038593
541703,1,7,3,2.3575872350547895
541717,1,7,4,0.3586790108976326
541754,1,7,4,0.3586790108976326
541763,1,7,8,24.727738548311866
541769,1,7,9,26.24123081923507
541772,1,7,6,21.318695800204974
541784,1,7,5,0.3586789934097332
541801,1,7,5,0.3586789934097332
541811,1,7,5,0.3586789934097332
541828,1,7,5,0.3586789934097332
541837,1,7,4,0.3586790108976326
541859,1,7,2,13.64028166807411
541865,1,7,6,12.522810760734554
541871,0,7,0,0.03078793671931915
541887,1,7,8,2.5169787756783975
541895,1,7,6,12.64705846316752
541897,1,7,7,1.945201958589376
541906,1,7,9,16.262305915255837
541923,1,7,9,24.785067882795094
541925,1,7,9,23.94836541245108
541928,1,7,6,14.865212781040407
541931,1,7,4,0.3586790108976326
541934,1,7,7,4.203167811625507
541938,1,7,8,26.23675916459172
541952,1,7,10,16.60057214905126
541973,1,7,1,17.93873513305401
541990,1,7,4,0.3586790108976326
542007,1,7,8,14.923816112210572
542018,1,7,6,12.424540053131224
542024,1,7,8,12.728725550987386
542037,1,7,8,5.807550923238835
542047,1,7,5,0.3586789934097332
542057,1,7,8,15.65486948520389
542066,1,7,8,17.03699897976326
542075,1,7,4,0.3586790108976326
542080,1,7,4,0.3586790108976326
542092,1,7,4,0.3586790108976326
542109,1,7,4,0.3586790108976326
542123,0,7,0,0.01509853052914845
542136,1,7,9,16.33603961761559
542142,1,7,6,23.746932313005008
542171,1,7,9,22.423849415653034
542174,1,7,9,22.942314502012632
542177,1,7,9,3.2003658289824313
542191,1,7,4,0.3586790108976326
542196,1,7,2,9.737592444565074
542203,1,7,9,23.28765965231052
542211,1,7,4,0.358679009087165
542213,1,7,9,26.34820494326066
542230,1,7,5,0.3586789934097332
542265,1,7,10,15.812908759554144
542269,1,7,6,20.72187349511849
542279,1,7,9,19.6754061334836
542288,1,7,6,16.961737428323044
542305,1,7,9,24.207899722453828
542354,1,7,1,21.062853135104348
542367,1,7,8,22.10852795104575
542368,1,7,4,0.3586790108976326
542408,1,7,9,11.162345633047249
542414,1,7,4,0.3586790108976326
542425,1,7,6,13.72992962814996
542447,1,7,4,0.3586790108976326
542454,1,7,1,20.36998683685961
542461,1,7,7,4.023426756825098
542474,1,7,9,11.750852548143044
542481,1,7,10,8.068350186093165
542487,1,7,4,0.3586790108976326
542496,1,7,2,8.371126339472383
542520,1,7,8,15.238767846789473
542521,1,7,5,0.3586789934097332
542526,1,7,9,3.908524314937795
542538,0,7,0,0.1999422291298789
542543,1,7,5,0.3586789934097332
542549,1,7,1,13.186261625295282
542557,1,7,9,26.371338494198447
542558,0,7,0,0.03283464959445101
542567,1,7,8,9.421882645993055
542582,1,7,5,0.3586789934097332
542587,1,7,4,0.358679009087165
542594,1,7,5,0.3586789949470627
542595,1,7,5,0.3586789934097332
542598,1,7,5,0.3586789934097332
542616,1,7,4,0.3586790108976326
542623,1,7,7,1.92046787183054
542636,1,7,5,0.3586789934097332
542637,1,7,3,2.1730727877219076
542642,1,7,1,22.090777215480465
542645,1,7,3,1.7953219849773774
542664,1,7,2,8.785301575636058
542671,1,7,6,21.45550697572644
542678,1,7,5,0.3586789934097332
542681,1,7,9,19.043994133283526
542684,0,7,0,0.020181539390502937
542687,1,7,9,6.577941233107361
542703,0,7,0,0.012594486161167913
542714,1,7,1,17.68229328605007
542719,1,7,3,2.401053440205255
542737,1,7,5,0.3586789934097332
542743,1,7,9,13.339253496395504
542750,1,7,9,26.407472794406747
542754,1,7,8,13.960457591212023
542759,1,7,5,0.3586789934097332
542776,1,7,9,15.847388928073302
542816,1,7,8,20.94507476627898
542831,1,7,8,13.385823910410721
542835,1,7,9,13.094386600415447
542842,1,7,6,23.200783471421083
542846,1,7,5,0.3586789934097332
542853,1,7,4,0.3586790108976326
542863,1,7,7,2.0570323632812024
542874,1,7,10,12.23289071117845
542883,0,7,0,0.056894621542356805
542888,1,7,5,0.3586789934097332
542891,1,7,6,4.317401170409154
542898,1,7,9,21.41941101229104
542904,1,7,10,10.681925796425805
542919,1,7,9,7.076895029498007
542923,1,7,6,15.214963906518522
542939,1,7,8,13.04058243911713
542940,1,7,8,4.385207024936976
542960,1,7,8,11.864443103109659
542969,1,7,8,16.767478998250574
542972,1,7,1,21.772820240735342
543022,1,7,10,9.955984558485532
543036,1,7,1,4.4910884693247874
543048,1,7,4,0.3586790108976326
543056,1,7,3,2.411867283027031
543057,0,7,0,0.26956167618312343
543058,1,7,8,10.7284706925133
543071,1,7,9,24.76174191955836
543082,1,7,5,0.3586789934097332
543083,1,7,5,0.3586789934097332
543120,1,7,8,10.579082200245795
543125,1,7,5,0.3586789934097332
543130,1,7,10,9.389745177435739
543131,1,7,6,20.238635426486326
543167,1,7,5,0.3586789934097332
543168,1,7,8,15.579876914733346
543260,1,7,4,0.3586790108976326
543261,1,7,5,0.3586789934097332
543265,1,7,2,7.209152500239899
543272,1,7,7,2.2361997075375837
543290,1,7,8,23.309097167721948
543316,1,7,5,0.3586789949470627
543336,1,7,10,4.786301923870685
543368,1,7,1,18.499995440905437
543386,1,7,1,13.866356729631146
543395,1,7,9,15.992020329458045
543396,1,7,6,15.218264551520893
543427,1,7,8,20.704753943427196
543430,1,7,9,9.916819672263735
543431,1,7,10,6.57028130281568
543437,1,7,4,0.3586790108976326
543458,0,7,0,0.02296528369990266
543467,1,7,6,12.491704259442331
543470,1,7,1,17.85412021203727
543486,1,7,8,17.391805091798002
543488,1,7,9,3.4000447725203897
543495,1,7,5,0.3586789934097332
543497,1,7,9,18.604262136971283
543504,1,7,7,3.762456063628115
543515,0,7,0,0.026129128350569002
543540,1,7,8,20.78076250532017
543551,1,7,8,2.6420337914675236
543558,1,7,9,7.9465788225636835
543565,1,7,2,12.81428479090966
543576,1,7,9,20.695672530060463
543582,1,7,7,4.628723459994905
543583,1,7,9,23.521481417819555
543601,1,7,1,14.65269465073573
543607,1,7,2,9.460252488548722
543631,1,7,5,0.3586789934097332
543636,1,7,2,11.020697713232797
543646,1,7,4,0.3586790108976326
543651,1,7,5,0.3586789949470627
543679,1,7,9,23.874492891983117
543692,1,7,9,25.820771251772694
543696,1,7,6,20.54839467699068
543704,1,7,4,0.3586790108976326
543723,0,7,0,0.0277002977252942
543729,1,7,5,0.3586789934097332
543731,1,7,2,6.773432220742332
543733,1,7,3,0.6107178661628172
543748,1,7,2,10.057129220972547
543754,1,7,1,10.944602224812844
543762,1,7,9,24.766277395116354
543768,1,7,8,27.007316039132213
543779,1,7,9,24.079510341985873
543786,1,7,2,8.25718076133324
543788,1,7,7,0.7472347356842611
543810,1,7,6,21.726730344369972
543819,1,7,6,17.25447508157757
543823,0,7,0,0.013711308773166791
543824,1,7,8,13.571535585906943
543826,0,7,0,0.01643294940949706
543827,1,7,9,8.926702303128012
543839,1,7,8,16.319975610322256
543844,1,7,2,11.019406350249904
543846,1,7,2,6.458833153257245
543852,1,7,9,9.764402851594912
543854,1,7,10,13.384258024588538
543859,1,7,7,1.027089022983303
543869,1,7,6,23.43663025188204
543872,1,7,9,23.429421669454904
543892,1,7,10,4.425558011651653
543901,1,7,9,23.002585220154817
543908,1,7,5,0.3586789949470627
543911,1,7,4,0.358679009087165
543913,1,7,4,0.3586790108976326
543922,1,7,9,15.94828959618785
543964,1,7,6,23.775541028342467
543984,1,7,7,3.079109549398273
543986,1,7,9,5.666662262097293
543991,1,7,5,0.3586789934097332
544000,1,7,6,12.717345486931356
544052,1,7,10,10.133912102713138
544059,1,7,5,0.3586789934097332
544064,1,7,10,10.20685277142763
544072,1,7,8,19.186879098184036
544073,0,7,0,0.017430761839787194
544080,1,7,4,0.3586790108976326
544084,1,7,10,14.589129571741479
544101,1,7,10,21.08412025412923
544109,1,7,9,14.167756379596714
544118,1,7,9,13.586097797213261
544130,1,7,9,23.49622608594115
544178,1,7,10,9.019388284070528
544188,1,7,5,0.3586789934097332
544206,1,7,9,8.766172109639509
544221,1,7,5,0.3586789934097332
544234,1,7,7,1.7433807306380869
544240,1,7,5,0.3586789934097332
544242,1,7,6,22.597008978068864
544253,1,7,5,0.3586789934097332
544256,1,7,10,7.782983484147407
544260,1,7,7,4.4636748379910145
544264,1,7,5,0.3586789934097332
544271,1,7,4,0.3586790108976326
544276,1,7,8,28.236081702261124
544277,1,7,5,0.3586789949470627
544282,1,7,6,14.80390789423327
544294,1,7,7,3.3830031009508854
544298,1,7,8,26.724885291279914
544302,1,7,5,0.3586789934097332
544304,1,7,6,8.455531693678338
544313,1,7,4,0.3586790108976326
544317,1,7,10,11.371807084083436
544334,1,7,7,2.4450693310950706
544341,1,7,9,13.58937445139845
544344,0,7,0,0.020602841992427744
544345,1,7,8,9.95482004203138
544365,1,7,8,8.122483724080837
544373,1,7,5,0.3586789934097332
544378,1,7,10,5.118970090942488
544392,0,7,0,0.032316978354138624
544395,1,7,7,0.9265273510935502
544401,1,7,9,23.121343097782898
544402,1,7,3,1.7707700594036881
544405,1,7,6,14.080628959211227
544409,1,7,9,18.445458207105087
544424,1,7,9,13.37559976101933
544435,1,7,1,9.035850880859373
544440,1,7,6,23.479002172013246
544450,1,7,10,13.927264213552746
544454,1,7,8,19.89827567660647
544459,1,7,6,14.423519453991371
544464,1,7,6,21.26848394167366
544470,1,7,9,24.689450098685715
544473,0,7,0,0.011322619730303407
544481,1,7,4,0.3586790108976326
544545,1,7,5,0.3586789949470627
544549,1,7,8,16.69326904942751
544581,1,7,1,18.04195384708698
544598,1,7,8,22.204511521293714
544602,1,7,4,0.3586790108976326
544611,1,7,6,5.720574486831509
544616,1,7,2,11.13274272404037
544622,1,7,9,12.139589100346878
544628,1,7,3,2.3871984708149907
544632,1,7,4,0.3586790108976326
544634,1,7,10,11.090302371104793
544645,1,7,5,0.3586789934097332
544647,1,7,10,20.434432641700667
544666,1,7,8,15.212881194699646
544672,1,7,10,5.313559518270719
544673,1,7,6,11.843276819893758
544700,1,7,9,22.8783958805283
544701,1,7,5,0.3586789934097332
544706,1,7,5,0.3586789934097332
544716,1,7,5,0.3586789934097332
544738,1,7,8,12.82432335651276
544739,1,7,9,10.435340476612629
544743,1,7,7,4.132043257560033
544749,0,7,0,0.02490186125652991
544766,1,7,1,21.188681719861325
544769,1,7,4,0.3586790108976326
544772,1,7,10,12.400649335786644
544788,1,7,8,20.88526936804848
544797,1,7,6,12.020386061132486
544799,1,7,4,0.3586790108976326
544805,1,7,6,14.772068327309809
544806,1,7,2,13.660224000504158
544820,1,7,5,0.3586789949470627
544857,1,7,5,0.3586789949470627
544862,1,7,4,0.3586790108976326
544887,0,7,0,0.04324921965609646
544889,1,7,9,16.74783993309112
544916,1,7,10,13.621775974898549
544938,1,7,3,2.370368484395912
544939,1,7,2,11.620097853648891
544968,1,7,6,18.473639992631615
544970,1,7,9,22.50539769680542
544990,1,7,10,20.72910546739829
545010,1,7,9,25.802864630697886
545014,1,7,6,7.834063700823519
545023,1,7,1,8.45448524689793
545029,1,7,9,26.339097961247454
545037,1,7,5,0.3586789934097332
545055,1,7,8,21.679188395063317
545071,1,7,10,17.881176510880696
545085,1,7,7,3.642579761832535
545093,1,7,5,0.3586789934097332
545100,1,7,9,14.547487943404617
545106,1,7,6,7.0410143614259555
545113,1,7,9,21.09514787979916
545142,1,7,8,12.811727602237886
545143,1,7,10,15.374660325386918
545162,1,7,8,13.473994919198203
545172,1,7,5,0.3586789934097332
545183,1,7,5,0.3586789934097332
545187,0,7,0,0.01678040246208016
545195,1,7,4,0.3586790108976326
545203,0,7,0,0.013138557460665869
545224,1,7,10,20.75645119343058
545239,1,7,9,15.076056907394372
545241,1,7,3,1.3618597066523135
545250,1,7,10,12.372918106758206
545258,1,7,8,11.232144756636869
545306,1,7,9,10.387458397568873
545309,1,7,8,20.361240910161676
545320,0,7,0,0.023008597723240792
545337,1,7,5,0.3586789934097332
545359,1,7,9,23.71519009848612
545360,1,7,5,0.3586789934097332
545363,1,7,9,6.237494933210034
545377,1,7,8,22.232090603948336
545390,1,7,5,0.3586789934097332
545396,1,7,9,12.22997393390537
545401,1,7,8,15.143926320607937
545404,0,7,0,0.012266061017490438
545414,1,7,10,16.952655512529144
545422,1,7,8,25.179140689136148
545428,1,7,9,8.837348053972546
545431,1,7,5,0.3586789934097332
545436,1,7,10,12.255541452612096
545441,1,7,9,7.03703657650494
545480,1,7,9,25.87623674328668
545485,1,7,9,14.484022469995931
545513,1,7,9,25.607345401417078
545520,1,7,8,23.75033845648514
545527,1,7,7,3.262476522966095
545539,1,7,6,14.856619992179935
545545,1,7,6,23.643749018028107
545551,1,7,5,0.3586789934097332
545557,1,7,4,0.3586790108976326
545573,1,7,10,5.942450793119565
545575,1,7,4,0.358679009087165
545580,1,7,6,23.28961429777909
545590,1,7,9,12.169205788766712
545597,1,7,5,0.3586789934097332
545604,1,7,5,0.3586789934097332
545631,1,7,10,18.000755321434454
545654,1,7,4,0.3586790108976326
545672,1,7,6,17.80212253855357
545674,1,7,5,0.3586789934097332
545691,1,7,3,1.1598261109720667
545696,1,7,9,8.928926388929419
545725,1,7,8,12.870814419481174
545728,0,7,0,0.08437240999441314
545771,1,7,4,0.3586790108976326
545777,1,7,9,16.61827746686572
545780,1,7,3,1.0756467402619851
545784,1,7,3,2.190183793133745
545791,1,7,2,11.861506480064175
545792,0,7,0,0.031643797633120474
545797,1,7,8,28.455440333555302
545800,1,7,6,12.654309732706919
545806,1,7,6,21.30523328858937
545808,1,7,6,21.05641230513953
545815,1,7,3,1.8127657038356655
545821,1,7,9,17.102687293426705
545826,1,7,6,5.602265422090243
545840,1,7,5,0.3586789934097332
545841,1,7,5,0.3586789934097332
545848,1,7,9,23.459045347708514
545851,1,7,9,3.276450290266067
545853,1,7,6,23.380037217669553
545861,1,7,7,2.3190333255322177
545870,1,7,9,24.767738680241596
545872,1,7,5,0.3586789949470627
545894,1,7,7,0.35823951971170115
545896,1,7,6,14.07843390385062
545900,1,7,6,9.177479722485627
545904,1,7,5,0.3586789934097332
545908,1,7,8,13.831903145384784
545913,1,7,4,0.3586790108976326
545915,1,7,10,6.549311090964744
545916,1,7,9,22.1635863647502
545925,1,7,8,16.073890758990967
545926,1,7,10,6.46978034397756
545935,1,7,6,18.537348681207856
545942,1,7,6,11.613736601539923
545946,1,7,7,1.3513994380380685
545962,1,7,8,20.62201554633113
545967,1,7,3,2.3439557495838197
545978,1,7,4,0.3586790108976326
545984,1,7,5,0.3586789934097332
545993,1,7,9,25.711472843686945
546014,1,7,8,22.50942294500132
546027,1,7,5,0.3586789934097332
546029,1,7,2,6.762478717130804
546030,1,7,7,3.00002197444544
546031,1,7,1,16.05934229345539
546059,1,7,9,14.606048076004033
546067,1,7,6,19.33051451768602
546083,1,7,5,0.3586789934097332
546093,0,7,0,0.022082108028207016
546110,1,7,4,0.3586790108976326
546117,1,7,5,0.3586789934097332
546161,1,7,9,21.781631497850604
546162,1,7,3,2.44728054826498
546167,1,7,7,3.3140800046152505
546170,1,7,8,15.575712625183069
546187,1,7,9,26.41845695174932
546188,0,7,0,0.11428983823489908
546208,1,7,6,11.773004481221077
546219,1,7,10,6.911976802715823
546228,1,7,6,9.74929652996037
546238,1,7,5,0.3586789934097332
546240,1,7,4,0.3586790108976326
546242,1,7,2,7.526413576547848
546284,1,7,4,0.3586790108976326
546332,1,7,10,21.08926077063731
546341,1,7,2,7.303360967234097
546342,1,7,9,16.012959606705117
546349,1,7,4,0.3586790108976326
546352,1,7,9,26.340684459805274
546359,1,7,4,0.3586790108976326
546366,1,7,8,25.657862898580557
546397,1,7,6,23.746472555657487
546402,1,7,6,13.539448351254999
546407,1,7,6,20.004086762209216
546423,1,7,9,11.7469779998709
546447,1,7,9,7.4785046317860155
546450,1,7,3,2.415400266061633
546460,1,7,9,18.520604390295727
546470,1,7,1,12.39674464579655
546492,1,7,2,10.570983788958197
546498,1,7,4,0.3586790108976326
546499,1,7,9,3.5002930527162737
546516,1,7,6,23.046192302753155
546517,1,7,1,12.351618691869614
546520,1,7,5,0.3586789949470627
546527,0,7,0,0.01373551682625133
546535,1,7,9,8.001747586234865
546552,1,7,6,22.7690937967834
546558,1,7,8,19.665626662838466
546565,1,7,10,11.072727350756782
546579,1,7,6,19.4109611712268
546581,1,7,5,0.3586789934097332
546592,1,7,6,11.59293454450746
546623,1,7,9,23.74438826369377
546640,1,7,2,10.759898133315271
546648,1,7,10,12.84505376243788
546658,1,7,1,12.249891471905734
546669,1,7,9,11.452920348470016
546678,1,7,9,10.678156291370172
546774,1,7,5,0.3586789934097332
546780,1,7,9,19.670888360981227
546789,1,7,1,11.174768393859784
546790,1,7,4,0.3586790108976326
546801,1,7,8,25.731092912127092
546809,1,7,10,9.330090146916952
546814,1,7,8,24.916927246699373
546836,1,7,4,0.3586790108976326
546842,1,7,8,16.69186305294102
546847,1,7,6,23.25909208662054
546851,1,7,2,3.373694977188099
546870,1,7,9,8.387784412002535
546887,1,7,1,9.516305815635674
546898,1,7,10,7.281868873265017
546901,1,7,5,0.3586789934097332
546921,1,7,10,19.305532180030966
546938,1,7,4,0.3586790108976326
546945,1,7,6,13.510589935888515
546951,1,7,4,0.358679009087165
546952,1,7,10,18.693013351562684
546953,1,7,4,0.3586790108976326
546955,1,7,7,4.046683994282819
546960,1,7,8,15.028196639176675
546965,1,7,9,13.252861348096152
546983,1,7,9,11.74876838113284
546993,1,7,7,4.461736294329369
547004,1,7,5,0.3586789934097332
547022,1,7,5,0.3586789934097332
547027,1,7,5,0.3586789934097332
547031,1,7,9,16.028154050928652
547036,1,7,6,12.333968787713218
547050,1,7,6,18.98333054980216
547054,1,7,5,0.3586789934097332
547057,1,7,9,22.26490853608403
547077,1,7,8,12.00072229538891
547079,1,7,9,15.45395656271636
547083,1,7,3,1.927053607502768
547093,1,7,5,0.3586789934097332
547143,1,7,10,18.38785219419514
547155,1,7,5,0.3586789934097332
547157,1,7,8,15.346957107715696
547158,1,7,1,23.02855851143437
547170,1,7,9,18.449196249310425
547176,1,7,10,16.694686426108575
547203,1,7,9,20.644770080729117
547216,1,7,9,21.56792797229934
547234,1,7,7,3.161682264370236
547235,1,7,8,16.513505424519288
547242,1,7,4,0.3586790108976326
547248,1,7,6,12.064697985635565
547264,0,7,0,0.012222066010676736
547273,1,7,8,21.736272140847266
547288,1,7,1,18.04804367796197
547297,1,7,3,2.270392031885872
547299,1,7,10,17.1644329789068
547304,1,7,6,14.302227328105053
547309,1,7,9,15.30374236466036
547336,1,7,5,0.3586789934097332
547342,1,7,4,0.3586790108976326
547373,1,7,5,0.3586789934097332
547438,1,7,10,19.515200913979804
547444,1,7,8,15.50027829722811
547464,1,7,4,0.3586790108976326
547466,0,7,0,0.028312556053325735
547468,1,7,7,2.689784613215783
547488,1,7,9,23.958501345472662
547489,1,7,9,14.601279157336874
547508,1,7,8,15.943848982028365
547532,1,7,10,12.383209264635497
547558,1,7,8,15.04983508507887
547560,1,7,3,1.732277466054602
547584,1,7,7,2.0395050896547384
547613,1,7,1,18.126621296780435
547619,1,7,9,11.707725374450886
547634,1,7,5,0.3586789934097332
547637,1,7,1,5.66493255820008
547657,0,7,0,0.0206718668030828
547664,1,7,6,17.81009031744396
547674,1,7,9,26.054636332750974
547681,1,7,8,21.862045896704558
547685,1,7,4,0.3586790108976326
547688,1,7,2,6.724964538734077
547690,1,7,10,18.15488555029657
547691,1,7,7,0.34964231597220313
547709,1,7,6,22.079092257403307
547716,1,7,8,13.44219178828034
547761,1,7,6,21.512381194257458
547774,1,7,1,3.7161966759234426
547781,1,7,5,0.3586789934097332
547790,1,7,8,9.049981892080785
547794,1,7,8,22.791954606224756
547807,1,7,4,0.3586790108976326
547830,1,7,9,23.750901807584146
547831,1,7,6,17.06103798386396
547835,1,7,7,1.7014486399483366
547836,1,7,6,23.192160451370036
547840,1,7,4,0.3586790108976326
547847,1,7,8,22.430214087230116
547874,1,7,10,21.25559141114765
547883,1,7,4,0.3586790108976326
547900,1,7,10,12.391568273174075
547902,1,7,8,21.255224987117856
547903,1,7,1,14.53437351451588
547911,1,7,6,17.80529572598477
547917,1,7,6,21.29880228320487
547921,1,7,10,20.735307215470762
547923,1,7,7,4.3173482114170465
547925,1,7,4,0.3586790108976326
547942,1,7,9,24.364600813468176
547970,1,7,6,15.421461231980425
547986,1,7,5,0.3586789934097332
547987,1,7,7,2.6725668750202467
547994,1,7,9,7.516470959715389
548005,1,7,9,3.7149670311829603
548017,1,7,8,17.0283087024129
548019,1,7,7,4.036050200192768
548021,1,7,9,19.083370771100583
548028,1,7,10,6.925692260036701
548038,1,7,5,0.3586789934097332
548056,1,7,5,0.3586789934097332
548060,1,7,6,23.090362566450032
548061,1,7,1,20.725415441891105
548081,1,7,6,6.255108907775028
548088,1,7,5,0.3586789934097332
548106,1,7,6,16.323560916190132
548127,1,7,4,0.3586790108976326
548130,1,7,8,18.084472346808045
548131,1,7,10,20.799030726860707
548132,1,7,8,13.959407244687489
548159,1,7,1,8.241715575222047
548165,1,7,6,19.185111612868102
548166,1,7,6,14.80292488208342
548183,1,7,10,15.157367144731316
548202,1,7,10,9.693858832560554
548214,1,7,4,0.3586790108976326
548215,1,7,6,15.222135594966144
548222,1,7,1,17.92179861791873
548242,1,7,1,9.753812277792946
548244,1,7,5,0.3586789934097332
548258,1,7,8,14.504079683554016
548279,1,7,7,0.6154643046227705
548284,1,7,6,14.006571521604126
548301,1,7,9,25.888844274688196
548305,1,7,5,0.3586789934097332
548312,1,7,8,21.045784290942397
548319,1,7,9,15.59368518069222
548342,0,7,0,0.028478405385774914
548344,1,7,4,0.3586790108976326
548349,1,7,8,18.383983933326633
548354,1,7,1,10.626679875405975
548358,1,7,6,13.708601214737653
548373,1,7,10,21.316002555780823
548403,1,7,6,3.8846012842817497
548408,1,7,6,15.096825747879825
548410,1,7,8,24.359284456768194
548412,1,7,9,23.957782118671517
548420,1,7,6,16.817242361559142
548422,1,7,4,0.3586790108976326
548438,1,7,10,19.458462111015944
548440,1,7,1,8.613498728044437
548444,1,7,6,15.14903237289952
548446,1,7,9,13.776947270941466
548456,1,7,8,18.65064308424198
548466,1,7,6,21.30938409923018
548470,1,7,10,13.57435795176431
548484,1,7,9,16.36685878358714
548489,1,7,6,7.01286182303098
548498,1,7,1,8.35899511410066
548502,1,7,5,0.3586789934097332
548503,1,7,9,20.51528072386447
548525,1,7,9,22.218209639065574
548537,1,7,5,0.3586789934097332
548554,1,7,5,0.3586789934097332
548559,1,7,8,18.14291877304199
548560,1,7,6,13.574631166610335
548566,1,7,9,2.584582348022981
548573,1,7,8,14.766080472131833
548575,1,7,9,25.23757589577353
548579,1,7,8,24.035427574511516
548582,0,7,0,0.014460025416588185
548587,1,7,10,10.98286642557922
548592,1,7,6,17.363068888269467
548603,1,7,6,13.286888329801306
548610,1,7,10,15.098723076445834
548629,0,7,0,0.015043260971528794
548633,1,7,7,4.449711327915623
548653,1,7,7,1.8470319425054667
548659,1,7,6,17.52745889394316
548678,1,7,4,0.3586790108976326
548689,1,7,8,24.361636124143754
548700,1,7,3,2.4173625263165324
548703,1,7,4,0.3586790108976326
548704,1,7,4,0.3586790108976326
548708,1,7,6,23.127038798212276
548709,1,7,6,7.0784308015212485
548722,1,7,6,22.34807231538981
548737,1,7,7,0.4134893708568001
548757,1,7,8,17.379093746651264
548764,1,7,5,0.3586789934097332
548790,1,7,8,17.1228767670126
548810,1,7,7,2.5918067163562806
548813,1,7,10,20.059700217571212
548830,1,7,5,0.3586789934097332
548832,1,7,8,28.539432060396933
548834,1,7,8,22.225524893009574
548836,1,7,9,5.3422438173012345
548838,1,7,5,0.3586789934097332
548845,1,7,4,0.3586790108976326
548849,1,7,4,0.3586790108976326
548850,1,7,8,24.765733497854708
548866,1,7,7,3.191828529605187
548874,0,7,0,0.012832806132798686
548876,1,7,6,9.575750732170805
548882,1,7,8,14.25533731053005
548887,1,7,8,14.829928155521882
548897,1,7,10,18.720599040287066
548913,1,7,1,15.133347710485088
548917,1,7,1,11.375285814748313
548919,1,7,10,20.618389722304784
548929,1,7,6,13.070759713760495
548935,1,7,4,0.3586790108976326
548951,1,7,1,13.446208534066054
548969,1,7,8,17.228050980808575
548997,1,7,10,8.920122960969303
549004,1,7,5,0.3586789934097332
549010,1,7,5,0.3586789934097332
549012,1,7,7,2.4654756215279727
549018,0,7,0,0.020545225761782034
549032,1,7,5,0.3586789934097332
549036,1,7,8,19.882133876022756
549054,1,7,9,9.26557892782453
549055,1,7,9,25.94187591464317
549074,1,7,8,24.824751392651375
549081,1,7,1,6.03474156045094
549087,1,7,8,22.32027739341662
549098,1,7,9,11.02861855775893
549106,1,7,9,9.756199074365618
549110,1,7,8,24.244948857439525
549113,1,7,8,17.567775961897304
549120,1,7,9,21.64250013256047
549151,1,7,7,4.193077110844957
549156,1,7,5,0.3586789949470627
549166,1,7,1,14.775938985394536
549187,1,7,1,7.187957075562214
549188,1,7,9,26.43857138733916
549191,1,7,8,25.78752400633148
549202,1,7,5,0.3586789934097332
549206,1,7,4,0.3586790108976326
549233,1,7,4,0.3586790108976326
549236,1,7,10,9.030077820491485
549246,1,7,6,13.22981684961411
549253,1,7,3,2.4226639567551875
549258,1,7,9,9.79695413696378
549267,1,7,3,2.3685308115142485
549283,1,7,10,21.293126046776134
549285,1,7,8,18.02722001770698
549328,1,7,6,9.781544661087592
549336,1,7,10,14.12356892123806
549339,1,7,4,0.3586790108976326
549344,1,7,5,0.3586789934097332
549346,1,7,7,4.261263344427208
549354,1,7,9,26.212249934743323
549391,1,7,5,0.3586789934097332
549401,1,7,5,0.3586789934097332
549413,1,7,8,12.376428060702796
549426,1,7,8,21.265980810714872
549428,1,7,5,0.3586789934097332
549430,1,7,9,25.97111608547295
549441,1,7,9,16.40644041345472
549448,1,7,1,14.481073201579369
549454,1,7,8,27.82999472033728
549467,1,7,8,17.488372428862895
549483,1,7,3,2.24187485950538
549498,1,7,8,4.233276644563506
549508,1,7,9,11.296647183414962
549514,1,7,4,0.3586790108976326
549518,1,7,6,11.45402722887464
549522,1,7,4,0.3586790108976326
549526,1,7,1,7.427968828712486
549534,1,7,9,21.05542859367346
549541,1,7,9,20.971591812872365
549548,1,7,1,10.574671290364211
549560,0,7,0,0.01270497499909039
549564,1,7,2,12.590485059443946
549579,1,7,8,4.913296019579462
549583,1,7,6,22.132076003651424
549593,1,7,1,8.595236390341459
549594,1,7,4,0.3586790108976326
549597,1,7,6,21.108728408593752
549610,1,7,1,19.11905455132398
549626,1,7,9,15.492766729304757
549628,1,7,8,17.764881196507247
549637,1,7,9,24.325958262077645
549686,1,7,4,0.3586790108976326
549690,1,7,8,11.161171709298356
549692,1,7,8,15.565291768347947
549697,1,7,9,14.170504124808902
549720,0,7,0,0.027626778336880126
549722,1,7,9,18.59007862085604
549724,1,7,9,26.32970566494297
549725,0,7,0,0.013043959083699857
549733,1,7,7,1.1618683569066688
549759,1,7,5,0.3586789934097332
549770,1,7,8,27.02934197033473
549794,1,7,4,0.3586790108976326
549805,1,7,3,0.6088621832111605
549811,1,7,4,0.358679009087165
549826,1,7,9,14.9656877604043
549838,1,7,2,13.171810432916354
549855,1,7,10,12.066984916176088
549865,1,7,8,8.111343730065974
549882,1,7,6,21.907957032423663
549891,1,7,2,7.797195305973587
549894,1,7,4,0.3586790108976326
549919,1,7,2,12.001888796747341
549931,1,7,10,18.735872163967375
549956,1,7,5,0.3586789934097332
549972,1,7,1,20.505447902917528
549994,1,7,9,16.346786096868797
550035,1,7,6,7.893338783699708
550050,1,7,7,1.994340282655685
550052,1,7,4,0.3586790108976326
550054,1,7,5,0.3586789934097332
550071,1,7,2,11.317183211869684
550077,1,7,4,0.3586790108976326
550084,1,7,7,4.189399655278509
550087,0,7,0,0.016939746764355685
550093,1,7,9,7.457259306938092
550115,1,7,2,1.7778069764392341
550121,0,7,0,0.017679675376599865
550156,1,7,4,0.3586790108976326
550167,1,7,4,0.3586790108976326
550187,0,7,0,0.026398990972505476
550194,1,7,3,1.5338168720719323
550214,1,7,5,0.3586789934097332
550219,1,7,5,0.3586789934097332
550244,1,7,3,1.9254475757467837
550252,1,7,6,4.322643567871988
550262,1,7,1,10.909430786511566
550277,1,7,6,15.765268350228052
550287,1,7,8,5.861233461045632
550290,1,7,10,16.363387512189764
550328,1,7,6,18.043784049825412
550344,1,7,5,0.3586789934097332
550365,1,7,10,12.457938337482785
550369,1,7,6,13.064620619673661
550376,1,7,5,0.3586789934097332
550377,1,7,8,26.711558300933913
550410,1,7,8,21.204293277646386
550413,1,7,6,9.196308357559296
550420,1,7,7,1.4735327189854401
550422,1,7,6,21.069330608688677
550423,1,7,1,10.756623614892389
550441,1,7,5,0.3586789934097332
550443,1,7,9,3.960060032438262
550484,1,7,4,0.3586790108976326
550489,1,7,5,0.3586789934097332
550506,1,7,5,0.3586789934097332
550526,1,7,9,26.23094309145023
550531,1,7,7,1.6345702795465875
550554,1,7,8,14.759401784515314
550558,1,7,10,5.4933815350288056
550562,1,7,9,7.665823697919136
550578,1,7,9,16.65222474109802
550608,1,7,5,0.3586789934097332
550609,1,7,6,22.570915230867765
550617,1,7,10,21.217609587898387
550623,1,7,7,0.5327407650410013
550631,1,7,5,0.3586789934097332
550632,1,7,4,0.358679009087165
550664,1,7,6,23.56438884390886
550684,1,7,8,23.317539294662065
550704,1,7,8,6.9321324644551465
550705,1,7,8,19.535900970204565
550716,1,7,6,24.0579671108035
550724,1,7,9,24.42146722161731
550756,0,7,0,0.011785071131368579
550760,1,7,9,14.27711309703245
550771,1,7,8,27.76150633472034
550775,0,7,0,0.19630632871811507
550779,1,7,9,15.68755006851659
550798,1,7,8,25.7571207055628
550801,1,7,6,22.872158975048908
550810,1,7,5,0.3586789934097332
550824,1,7,9,16.772081993614492
550841,1,7,8,16.43330886790057
550847,1,7,9,10.850687409319828
550851,1,7,8,10.094770762169404
550884,1,7,6,8.868533701466552
550903,1,7,4,0.3586790108976326
550909,1,7,3,1.9861195309950177
550914,1,7,8,16.400829551320353
550917,1,7,9,19.357396252230327
550925,1,7,3,2.1786197551514994
550926,1,7,5,0.3586789934097332
550937,1,7,9,21.258355364313253
550958,1,7,10,17.346376224718597
550974,0,7,0,0.025762869349318474
550979,1,7,6,6.828869549412035
550990,1,7,6,16.348668571574475
550991,1,7,4,0.3586790108976326
551028,1,7,8,28.407612735889007
551029,1,7,1,10.323578868377039
551030,1,7,2,5.708018610316039
551036,1,7,6,21.61234189930103
551055,1,7,10,12.09568215496436
551069,1,7,6,8.588317173763585
551074,1,7,8,22.073561829107312
551087,1,7,8,3.319101590290528
551088,1,7,10,12.195920060450456
551089,1,7,1,9.337723361515055
551097,1,7,8,24.061562205745133
551119,1,7,8,14.725513590284807
551128,1,7,6,13.948871491899906
551144,1,7,1,17.70181190418093
551151,1,7,2,7.266934447107848
551156,1,7,7,4.2348853627147305
551158,1,7,9,6.214142267774492
551208,1,7,9,10.030540526046984
551214,0,7,0,0.018121029044096668
551226,1,7,1,17.168673456044104
551236,1,7,7,3.4067965053568217
551238,1,7,4,0.3586790108976326
551239,1,7,1,18.918550465519093
551240,1,7,9,24.309330542688915
551263,1,7,1,11.086597156088926
551284,1,7,10,13.371747661621264
551296,1,7,6,15.072279623504402
551299,1,7,6,17.205360590835983
551305,1,7,8,12.480473638445165
551312,0,7,0,0.026995640890865508
551313,1,7,1,14.788364833636464
551315,1,7,4,0.3586790108976326
551317,1,7,8,16.782779838384634
551330,1,7,4,0.358679009087165
551350,1,7,5,0.3586789934097332
551365,1,7,6,10.416456598647834
551399,1,7,6,18.059959566765826
551400,1,7,5,0.3586789934097332
551410,1,7,3,2.41955683486209
551430,1,7,3,1.6559998692144997
551439,1,7,8,19.497628816093677
551457,1,7,8,28.033096423622155
551464,1,7,9,18.98447600267057
551468,1,7,7,3.31947393049271
551476,1,7,10,9.688502267337384
551477,1,7,2,3.866986447638718
551481,1,7,1,22.8734754621416
551482,1,7,4,0.3586790108976326
551484,1,7,6,14.873867692439237
551494,1,7,5,0.3586789934097332
551497,1,7,2,9.911696357006399
551499,1,7,5,0.3586789934097332
551512,1,7,6,8.032091294545813
551521,1,7,8,24.88839073520044
551525,1,7,5,0.3586789934097332
551527,1,7,4,0.3586790108976326
551532,1,7,1,6.166676436427483
551533,1,7,4,0.3586790108976326
551534,1,7,9,26.4542792404911
551542,1,7,6,21.08273997587847
551550,1,7,9,23.812874083882676
551555,1,7,9,13.911101401674111
551556,1,7,9,26.380377002684718
551558,1,7,5,0.3586789934097332
551579,1,7,6,22.52040625437865
551583,1,7,5,0.3586789949470627
551591,1,7,1,15.365183974405879
551593,1,7,4,0.3586790108976326
551600,1,7,10,6.455773519841342
551611,0,7,0,0.2776159289720894
551622,1,7,9,10.85418918261133
551629,0,7,0,0.022511483596198447
551632,1,7,3,1.8788997944148564
551640,0,7,0,0.023990800760377438
551644,1,7,8,16.034872523390852
551654,1,7,10,11.228907783364827
551660,1,7,4,0.3586790108976326
551686,1,7,8,17.19956830873157
551708,1,7,6,23.95591345225309
551711,1,7,8,20.549244499474955
551712,1,7,9,15.475884059644082
551726,1,7,7,3.4891062258460575
551737,0,7,0,0.028690451945869222
551757,1,7,8,8.27738091919275
551758,1,7,1,21.966562125207712
551760,1,7,5,0.3586789934097332
551776,1,7,2,11.296917415195416
551781,1,7,8,24.44284360486861
551811,1,7,6,19.775207582100183
551816,1,7,8,20.255072571250377
551820,1,7,6,23.53265647934147
551830,1,7,10,20.965502205327393
551834,1,7,6,19.413076284018654
551853,1,7,7,4.007716274029412
551877,1,7,3,2.345324787292601
551889,1,7,6,18.69303160798834
551892,1,7,8,11.277540613142113
551953,1,7,4,0.358679009087165
551979,1,7,8,14.892123115454241
551984,1,7,9,15.32688929981704
551988,1,7,1,20.13254640971513
551996,1,7,9,25.67745047515066
552026,1,7,3,0.867282686114633
552056,1,7,9,14.154354432005661
552060,1,7,8,3.5070391790005386
552069,1,7,5,0.3586789934097332
552088,1,7,9,3.8429675614817356
552090,1,7,6,12.49830956190737
552102,1,7,8,24.60252441630122
552105,1,7,4,0.3586790108976326
552111,1,7,9,22.15970780982519
552114,1,7,5,0.3586789934097332
552119,1,7,6,6.014986607539966
552148,1,7,10,8.918613273837902
552149,0,7,0,0.027003677468421566
552162,1,7,9,15.577267441751392
552167,0,7,0,0.017755844427861378
552176,1,7,6,8.87585942360887
552177,1,7,6,6.3325990219038815
552184,1,7,9,14.650374833347392
552188,1,7,8,25.207882412716046
552190,1,7,5,0.3586789934097332
552192,0,7,0,0.03803310503333454
552205,1,7,5,0.3586789934097332
552210,1,7,10,10.360333383895957
552221,1,7,7,2.264990660539686
552245,1,7,6,6.7784356057555994
552249,1,7,4,0.3586790108976326
552253,1,7,9,25.600248101472257
552260,1,7,10,21.25841383981256
552262,1,7,4,0.3586790108976326
552283,0,7,0,0.01747892103882544
552292,1,7,10,14.303026471470382
552297,1,7,3,2.4162127734357655
552300,1,7,6,23.04512407140995
552311,1,7,8,25.93954922370834
552341,1,7,6,15.624451829110082
552360,1,7,6,10.594611244639161
552392,1,7,6,23.384066414053517
552437,1,7,2,7.812524427402887
552439,1,7,9,14.981236436846542
552467,1,7,9,16.364006204066015
552515,1,7,8,16.57227008136089
552521,1,7,9,12.168068461109257
552528,0,7,0,0.015345972790149065
552539,1,7,8,26.50338767226059
552540,1,7,2,5.965970325389989
552550,1,7,5,0.3586789934097332
552567,1,7,9,23.4857150626219
552576,1,7,10,20.800579808776146
552583,1,7,4,0.3586790108976326
552588,1,7,8,26.013586330990265
552590,1,7,8,9.156606695195588
552607,1,7,10,11.044005391319764
552612,1,7,5,0.3586789934097332
552613,1,7,9,16.47068647402116
552616,1,7,7,1.0932508700270644
552619,1,7,7,2.1766318881767934
552620,1,7,8,28.088393088204466
552628,1,7,4,0.3586790108976326
552632,1,7,6,10.190482868130347
552636,1,7,10,14.00410503646397
552639,1,7,4,0.3586790108976326
552641,1,7,8,18.4044067190092
552644,0,7,0,0.18068576602684533
552652,1,7,4,0.3586790108976326
552653,1,7,7,1.9761798100902455
552667,1,7,5,0.3586789934097332
552669,1,7,6,20.72007107194196
552670,1,7,6,19.599915749183207
552703,1,7,8,14.149804405461904
552711,1,7,9,2.651359281327529
552717,1,7,7,4.625781356590779
552722,1,7,4,0.3586790108976326
552744,1,7,10,21.276187049102727
552750,1,7,6,7.639267167488382
552752,1,7,10,4.170729077797468
552760,1,7,5,0.3586789934097332
552764,1,7,2,10.196861217315407
552765,1,7,5,0.3586789934097332
552779,1,7,8,10.395600107210152
552781,1,7,5,0.3586789934097332
552782,1,7,9,24.589139725761118
552783,1,7,10,9.339118606697667
552784,1,7,5,0.3586789934097332
552790,1,7,2,11.064665343442332
552799,1,7,10,18.966927268558788
552806,1,7,9,23.8518521198875
552809,1,7,7,2.4169470031883336
552815,1,7,1,8.351409927068103
552826,1,7,5,0.3586789934097332
552830,1,7,3,2.358912982706297
552866,1,7,6,17.86857704679286
552874,1,7,9,8.771351918886714
552885,1,7,8,23.66650511642877
552900,1,7,5,0.3586789934097332
552910,1,7,10,17.96179826271126
552916,1,7,10,19.728596489006716
552918,1,7,4,0.3586790108976326
552938,1,7,1,7.160660371128289
552939,1,7,9,25.45322232284622
552945,1,7,1,15.742942240171756
552947,1,7,1,5.340028635309786
552948,1,7,2,10.481060727254448
552970,1,7,8,20.343631483931016
552974,1,7,8,3.7782152509882234
552976,1,7,9,16.204699280679737
552980,1,7,9,19.093258181905895
552986,1,7,6,21.08084815753801
552998,1,7,5,0.3586789934097332
553004,1,7,9,24.395440047709364
553011,1,7,9,8.244196036700275
553013,1,7,8,9.381080058449719
553019,1,7,10,19.99812420945804
553024,1,7,9,14.704284581611006
553031,1,7,9,11.999342345088385
553054,1,7,8,11.495507579740904
553059,1,7,8,11.466251436556758
553062,1,7,9,16.45785330274705
553075,1,7,9,18.050873576742312
553079,1,7,4,0.3586790108976326
553083,1,7,6,6.416104422488257
553086,1,7,5,0.3586789934097332
553090,1,7,3,2.388590652905393
553109,1,7,9,11.666601877723357
553113,1,7,9,10.316466270436447
553128,1,7,9,16.192743050760967
553135,1,7,4,0.3586790108976326
553147,1,7,3,0.7667846233024195
553149,1,7,8,15.928744852367803
553153,1,7,2,10.891667073582955
553166,1,7,10,18.089057012299236
553180,1,7,8,25.457040388986286
553181,1,7,8,15.09987028495097
553182,1,7,2,12.808622409429217
553183,1,7,5,0.3586789934097332
553210,1,7,8,10.711684526098752
553249,1,7,10,8.495794428568473
553256,1,7,10,10.661010906820225
553266,1,7,6,9.623204152641474
553279,1,7,9,20.92301354007897
553287,1,7,6,15.03662633142622
553290,1,7,2,9.35469466391951
553292,1,7,5,0.3586789934097332
553303,1,7,8,27.77644878367322
553310,1,7,4,0.3586790108976326
553311,1,7,9,25.10881674977976
553316,1,7,3,1.9460167216486741
553317,1,7,5,0.3586789934097332
553325,1,7,1,10.322421422602396
553350,1,7,4,0.3586790108976326
553354,1,7,10,15.552987506471272
553381,1,7,9,18.25446651919768
553382,1,7,6,23.964298654426866
553390,1,7,9,17.10361528837822
553407,0,7,0,0.012594867657189758
553408,1,7,6,13.73304713411341
553426,1,7,7,3.800416882109126
553444,1,7,5,0.3586789934097332
553459,1,7,5,0.3586789934097332
553464,1,7,5,0.3586789934097332
553478,1,7,6,8.439513739541264
553482,0,7,0,0.019626688863331285
553484,1,7,7,4.1322457160427675
553516,1,7,7,3.212515501327697
553524,1,7,10,6.0611607017591105
553525,1,7,6,20.581735728387912
553528,1,7,4,0.3586790108976326
553558,1,7,8,4.026720172716617
553560,1,7,4,0.3586790108976326
553562,1,7,9,6.611306077862193
553568,1,7,4,0.3586790108976326
553576,1,7,8,15.551360771192932
553579,1,7,9,22.166073980222855
553593,1,7,5,0.3586789934097332
553617,1,7,7,3.7172002907949673
553619,1,7,10,14.092304605964719
553626,1,7,6,24.065890494717134
553635,1,7,5,0.3586789934097332
553638,1,7,8,26.703855551189005
553649,1,7,3,1.8408713481935866
553668,1,7,9,25.368037002979666
553699,1,7,5,0.3586789934097332
553711,1,7,6,17.310380041513923
553722,1,7,4,0.3586790108976326
553727,1,7,8,10.729280526824644
553729,1,7,9,5.669903398411724
553750,1,7,10,18.48549061807352
553755,1,7,8,23.457245731656243
553763,1,7,7,4.159070532687866
553769,1,7,5,0.3586789934097332
553780,1,7,2,10.587698250829188
553781,1,7,9,24.78143821862149
553785,1,7,9,2.6078514535832644
553793,1,7,6,23.938676311797327
553802,1,7,5,0.3586789934097332
553817,0,7,0,0.014198525256048361
553821,1,7,8,23.45252583205082
553829,1,7,9,4.2856441164458845
553833,1,7,1,5.470196087885582
553838,1,7,8,3.015430743110782
553844,1,7,5,0.3586789934097332
553862,1,7,8,28.47310237133122
553867,1,7,9,21.182736727518037
553878,1,7,1,13.244792744597781
553879,1,7,9,21.01819467404534
553885,1,7,6,23.014867699401243
553888,1,7,1,10.51247172803718
553890,1,7,3,1.8222396389505326
553893,1,7,4,0.3586790108976326
553898,1,7,10,10.823492739581383
553910,1,7,9,9.469557765441307
553923,1,7,9,19.371179694675096
553928,1,7,1,20.660954534963405
553932,1,7,8,9.605610902785092
553933,1,7,2,12.358299476886842
553970,1,7,4,0.3586790108976326
553981,1,7,2,3.496490881544929
553982,1,7,8,21.32777801578405
553986,1,7,6,6.2123928879046515
554001,1,7,5,0.3586789949470627
554002,1,7,5,0.3586789949470627
554026,0,7,0,0.1997256514482324
554041,1,7,6,7.862462936504619
554047,0,7,0,0.027438797600625772
554072,1,7,5,0.3586789934097332
554105,1,7,6,10.027772454146849
554116,0,7,0,0.2741913049884398
554118,1,7,5,0.3586789934097332
554120,1,7,7,4.490982085720376
554143,1,7,8,18.996320919988488
554158,1,7,5,0.3586789934097332
554165,1,7,9,11.829940936000783
554180,1,7,6,23.96843922193805
554189,1,7,4,0.3586790108976326
554190,1,7,5,0.3586789934097332
554202,1,7,4,0.3586790108976326
554209,0,7,0,0.013185102784394043
554241,1,7,9,6.602830073725526
554242,1,7,5,0.3586789934097332
554244,1,7,1,19.70502508905489
554246,1,7,5,0.3586789934097332
554247,1,7,4,0.3586790108976326
554267,1,7,7,3.1011336900556024
554277,1,7,8,14.060334331135333
554278,1,7,9,25.64906658663388
554291,1,7,10,14.66293057084214
554314,1,7,9,2.8247993915124736
554322,1,7,9,25.169378526491126
554323,1,7,8,9.786368012701601
554343,1,7,1,20.887351275865758
554348,0,7,0,0.020016419875970057
554354,1,7,7,2.124921112889895
554378,1,7,5,0.3586789949470627
554383,1,7,7,1.1643964989377118
554392,1,7,9,16.038741421967433
554395,1,7,6,7.494607656863478
554410,1,7,8,15.984164537143561
554421,1,7,4,0.3586790108976326
554433,1,7,9,14.378085532713602
554436,1,7,4,0.3586790108976326
554448,1,7,6,15.025668870329863
554449,1,7,6,5.359983021103205
554454,1,7,4,0.3586790108976326
554458,1,7,9,25.817571980153552
554468,1,7,8,19.91795823822943
554470,1,7,5,0.3586789934097332
554489,1,7,9,21.24699333534771
554493,1,7,1,20.117887317566993
554495,1,7,8,12.63463626544103
554497,1,7,8,16.264096105964857
554498,1,7,6,7.21986268237107
554506,1,7,9,26.31421952380594
554549,1,7,6,20.178329019244536
554561,1,7,6,13.877660828595628
554570,1,7,5,0.3586789934097332
554581,1,7,9,15.677816899905013
554596,1,7,10,11.272721478099955
554604,1,7,9,15.24054577225535
554630,1,7,9,26.257833413950767
554638,1,7,6,15.668415589133476
554639,1,7,8,21.091543182560603
554644,1,7,4,0.3586790108976326
554653,1,7,5,0.3586789934097332
554658,1,7,10,13.70175659168602
554660,1,7,8,15.913769349675347
554677,1,7,6,5.34658443803488
554688,1,7,6,11.61210503711609
554690,1,7,6,12.066335730343404
554713,1,7,8,22.03558463351468
554730,1,7,9,24.751869841728624
554734,1,7,4,0.3586790108976326
554743,0,7,0,0.17206166169922607
554754,1,7,3,1.8413170610337262
554762,1,7,9,20.128380253008643
554792,1,7,5,0.3586789934097332
554793,1,7,1,22.390601753463343
554801,1,7,9,16.61693164551717
554803,1,7,9,15.91785597951636
554810,1,7,9,16.45380491522501
554811,1,7,5,0.3586789934097332
554812,1,7,5,0.3586789934097332
554815,1,7,2,10.280786928553058
554825,1,7,4,0.3586790108976326
554831,0,7,0,0.02373502746492873
554845,1,7,4,0.3586790108976326
554852,1,7,4,0.3586790108976326
554853,1,7,6,22.65953703146219
554884,1,7,3,2.419546326242477
554889,1,7,9,11.060136860028456
554896,1,7,2,0.876978434609789
554899,0,7,0,0.07994851047357232
554905,1,7,6,15.94257752072685
554915,1,7,8,27.931758044291247
554927,1,7,9,24.535430906436137
554931,1,7,8,23.989091654549416
554936,1,7,8,17.24761260398029
554951,1,7,9,7.481272443370542
554958,0,7,0,0.029922161274064513
554963,1,7,6,9.181157178787217
554974,1,7,1,17.54754017066897
554982,1,7,3,2.242185851397464
555016,1,7,2,13.9469070830406
555022,1,7,6,21.738752019242735
555039,1,7,9,18.65220564948388
555043,1,7,1,20.24973906353567
555044,1,7,8,28.396482749283695
555065,1,7,3,2.300633417740327
555069,1,7,1,8.555066376006014
555081,1,7,4,0.3586790108976326
555085,1,7,8,6.722288723061011
555090,1,7,6,23.878783611228314
555091,1,7,5,0.3586789934097332
555103,0,7,0,0.017118127286794554
555109,1,7,9,14.045197652936636
555113,1,7,6,19.22758768804677
555114,1,7,9,14.713055681941283
555141,1,7,10,7.643686355345113
555151,1,7,1,19.4802156037923
555154,1,7,8,12.14523274908521
555158,1,7,7,0.3502905540385547
555160,1,7,8,24.404728889205586
555163,1,7,10,18.794409267038386
555166,0,7,0,0.021894994800758884
555175,1,7,9,22.310866932183753
555184,1,7,5,0.3586789934097332
555192,1,7,9,25.91829148769166
555197,1,7,6,15.291502520582386
555198,1,7,1,16.00240873931591
555201,1,7,8,19.12302207475786
555215,1,7,5,0.3586789934097332
555221,1,7,6,24.024187561962176
555239,1,7,5,0.3586789934097332
555251,1,7,1,17.158329110094908
555252,1,7,5,0.3586789934097332
555257,1,7,7,1.712955083835809
555274,1,7,9,8.99328508962658
555277,1,7,4,0.3586790108976326
555293,1,7,5,0.3586789934097332
555301,1,7,5,0.3586789934097332
555302,1,7,5,0.3586789934097332
555307,1,7,4,0.3586790108976326
555310,1,7,9,24.401600916339042
555326,1,7,5,0.3586789934097332
555329,1,7,10,9.523791773943804
555362,1,7,5,0.3586789934097332
555378,1,7,8,16.673369115971102
555408,1,7,9,9.0590161570384
555414,1,7,1,12.315907497175433
555420,1,7,6,12.802051633574868
555422,1,7,8,6.584113063624028
555434,1,7,7,4.502445977055646
555439,1,7,1,14.059841740955118
555500,0,7,0,0.016960078354283138
555520,1,7,4,0.3586790108976326
555549,1,7,1,10.916445629161814
555561,1,7,1,12.935922881579103
555567,0,7,0,0.024339953023756175
555571,1,7,10,3.7515121034724697
555573,1,7,9,15.135514619545942
555598,1,7,10,17.098541782978362
555616,1,7,7,2.66519416759001
555624,0,7,0,0.01853315831325638
555626,1,7,6,14.770828231589208
555659,0,7,0,0.015109259272297658
555667,1,7,9,16.9683636333611
555688,1,7,8,9.420777041297647
555698,1,7,8,23.030391718618887
555702,1,7,3,1.6200592269848948
555706,1,7,6,11.042063018572806
555707,1,7,9,13.22830098072273
555712,1,7,9,10.172892992208014
555734,1,7,9,11.032257038150629
555735,1,7,9,26.253164341265375
555739,1,7,8,23.107484877067343
555741,1,7,8,8.538168699021142
555742,1,7,4,0.3586790108976326
555748,1,7,5,0.3586789934097332
555749,1,7,9,24.620375302903934
555750,1,7,10,7.359561252041242
555751,1,7,1,21.692454834995615
555753,1,7,10,7.8307146335729145
555761,0,7,0,0.023732508458917313
555765,1,7,3,2.1137224476073357
555776,1,7,8,13.434211676024178
555777,1,7,4,0.3586790108976326
555790,0,7,0,0.015344184192740072
555805,1,7,6,11.280313925167084
555806,1,7,4,0.3586790108976326
555827,1,7,5,0.3586789934097332
555841,1,7,7,2.49043529549053
555854,1,7,10,14.520091953070969
555861,1,7,9,20.972526430465354
555875,1,7,7,4.157031702002533
555877,1,7,10,21.222683374914844
555895,1,7,9,13.148352987455283
555899,1,7,7,1.6018123470943013
555919,1,7,2,11.104373414819637
555923,0,7,0,0.012440499777288443
555926,1,7,2,13.864109335063205
555966,1,7,6,6.815014247880254
555982,0,7,0,0.018176852476035992
555991,1,7,3,2.362844222597459
555998,1,7,4,0.3586790108976326
556000,1,7,8,16.021026277713997
556045,1,7,6,23.208636323428028
556050,1,7,8,18.137450867170752
556053,1,7,5,0.3586789934097332
556058,1,7,8,18.962167853247024
556067,1,7,5,0.3586789934097332
556098,1,7,8,16.840456817940577
556109,0,7,0,0.020988178055341863
556114,1,7,5,0.3586789934097332
556116,1,7,5,0.3586789934097332
556135,1,7,8,25.67554672594979
556141,1,7,6,16.098985258236162
556171,1,7,1,8.320963910806746
556184,1,7,3,0.9451755883543823
556192,1,7,6,22.88398279297503
556195,1,7,8,26.196978546586596
556202,1,7,9,8.236981045990392
556211,1,7,9,16.012923006901644
556214,1,7,6,22.532333547453554
556228,1,7,9,12.680047393913599
556235,1,7,6,10.917514611758262
556236,1,7,8,22.941967253520055
556245,1,7,10,5.131668774075672
556260,1,7,1,5.499817051224204
556268,1,7,9,18.34528699080892
556281,1,7,4,0.3586790108976326
556296,1,7,5,0.3586789934097332
556301,1,7,4,0.3586790108976326
556312,1,7,9,24.055045328171353
556313,1,7,8,19.637261785522732
556314,1,7,8,17.65998895176268
556318,1,7,10,12.41676774901522
556331,1,7,7,2.5298548822872884
556350,1,7,6,11.240154090349424
556351,1,7,9,5.380383346913811
556364,1,7,3,2.414898648894307
556369,1,7,4,0.3586790108976326
556373,1,7,9,2.8767037447163113
556379,1,7,3,2.3528770214336125
556380,1,7,9,25.831354786876005
556421,0,7,0,0.01304374806053776
556426,1,7,8,14.777533944962006
556430,1,7,4,0.3586790108976326
556432,1,7,6,5.4166642629160915
556439,1,7,8,21.591353775527654
556440,1,7,9,9.204226739436656
556457,1,7,10,7.359961481800711
556458,1,7,9,25.512914992553178
556468,0,7,0,0.015598961902910371
556473,1,7,5,0.3586789934097332
556480,1,7,4,0.3586790108976326
556485,1,7,6,14.951262908135364
556505,1,7,8,24.88197009633419
556521,1,7,8,12.425440784512011
556523,1,7,5,0.3586789934097332
556526,1,7,4,0.3586790108976326
556527,1,7,4,0.3586790108976326
556528,1,7,5,0.3586789934097332
556562,1,7,4,0.3586790108976326
556565,1,7,6,15.162239658970162
556573,1,7,6,14.716858538989412
556580,1,7,9,15.975546580091226
556582,1,7,6,14.420001918570346
556605,1,7,5,0.3586789934097332
556610,1,7,4,0.3586790108976326
556622,1,7,8,9.746824876536296
556623,1,7,8,21.597798305559795
556625,1,7,5,0.3586789934097332
556632,1,7,9,22.05037790843126
556635,1,7,7,1.9632312496477073
556643,1,7,8,9.236643537541095
556649,1,7,9,16.655062429731327
556651,1,7,9,18.03920538117065
556652,1,7,1,17.323117417336366
556653,1,7,9,15.993342500146374
556682,1,7,4,0.3586790108976326
556694,1,7,5,0.3586789934097332
556696,0,7,0,0.19958930908351533
556705,1,7,9,13.358839226900344
556712,1,7,2,4.507344664036573
556732,1,7,9,25.494519542337525
556738,1,7,5,0.3586789934097332
556787,1,7,8,8.52275188726825
556789,1,7,5,0.3586789934097332
556806,1,7,7,3.995923377368297
556819,1,7,6,14.793643736248459
556826,1,7,4,0.3586790108976326
556827,1,7,7,4.232488439596866
556842,1,7,8,12.419869840681747
556846,1,7,9,19.43440979868022
556856,1,7,4,0.3586790108976326
556857,1,7,9,16.269024819710186
556860,1,7,8,15.553508905319074
556909,1,7,8,6.490407698681269
556915,1,7,8,10.737196986615379
556921,1,7,3,2.2922276277011977
556924,1,7,4,0.3586790108976326
556930,1,7,3,2.1767467046237283
556943,1,7,9,8.210723311277052
556949,1,7,4,0.3586790108976326
556981,1,7,8,19.889208033857315
556984,1,7,10,13.497810146719456
557024,1,7,8,10.622787424995833
557031,1,7,3,1.8652765106460194
557033,0,7,0,0.02099656551772896
557034,1,7,10,11.010653712409392
557047,1,7,8,15.218582356185454
557058,0,7,0,0.02510007901314024
557065,0,7,0,0.028175216005939176
557084,1,7,9,17.209845263323402
557099,1,7,8,20.34596557080744
557107,1,7,4,0.3586790108976326
557112,1,7,8,21.658935173597413
557118,1,7,4,0.3586790108976326
557120,1,7,10,11.734914664311956
557121,1,7,1,21.8740669012065
557124,1,7,4,0.358679009087165
557126,1,7,8,21.636461378588972
557128,1,7,2,5.048499611904025
557139,1,7,8,2.9972603410765273
557142,1,7,9,11.749771672081756
557150,1,7,7,4.383405374455324
557159,1,7,9,16.744625736390685
557182,0,7,0,0.012616257342335298
557191,0,7,0,0.18654541598021226
557235,1,7,8,15.627135748400043
557242,1,7,4,0.3586790108976326
557243,1,7,8,11.232033412062716
557245,1,7,7,1.5327836676974267
557255,1,7,2,13.687209288726526
557259,1,7,9,14.664388757810704
557261,1,7,10,18.486552309923002
557265,1,7,5,0.3586789934097332
557282,1,7,5,0.3586789934097332
557299,1,7,9,11.283815929209203
557306,1,7,1,18.59888954317452
557311,1,7,7,2.383327586567298
557322,1,7,4,0.3586790108976326
557334,1,7,10,8.564113743404366
557382,1,7,6,6.653370607774148
557383,1,7,6,14.01733250109382
557387,1,7,9,13.325325223031742
557391,1,7,1,17.975024251674096
557401,1,7,6,23.23335869843327
557406,1,7,4,0.3586790108976326
557428,1,7,2,8.69837822686244
557435,1,7,10,12.888800557399128
557447,1,7,9,26.34263807455163
557449,1,7,10,12.355812869436585
557454,1,7,10,12.069201203189467
557470,1,7,5,0.3586789934097332
557477,1,7,8,24.26533205927482
557495,1,7,2,7.4869302905201955
557530,1,7,8,18.00445970521751
557535,1,7,6,7.599818703351917
557539,1,7,8,24.91638808146588
557540,1,7,10,19.27190051254082
557545,1,7,4,0.3586790108976326
557549,1,7,9,23.885040223634217
557552,1,7,8,13.940432012079025
557566,1,7,6,23.15148619034217
557568,1,7,4,0.3586790108976326
557574,1,7,9,16.579684591962202
557577,1,7,8,11.723990011799884
557582,1,7,5,0.3586789934097332
557584,1,7,7,4.406338630239288
557604,1,7,8,18.687916593415025
557605,1,7,9,4.702319059421931
557608,1,7,9,14.365490632418023
557611,1,7,5,0.3586789934097332
557613,1,7,6,23.70697088213599
557614,1,7,5,0.3586789934097332
557624,1,7,6,23.200050363838105
557627,1,7,9,22.080473698349756
557632,1,7,6,22.219205610116724
557635,1,7,6,12.42716497264953
557659,1,7,4,0.3586790108976326
557681,1,7,8,18.472397124061562
557687,0,7,0,0.014840669778415803
557697,1,7,7,2.11810914727235
557701,1,7,1,4.607524008078606
557705,1,7,8,2.8020870315398367
557712,1,7,4,0.3586790108976326
557714,1,7,1,18.357177544937194
557719,0,7,0,0.017942302950305324
557731,1,7,10,15.690317318085002
557769,0,7,0,0.040031019708310925
557779,1,7,6,23.033372160844756
557787,1,7,6,23.050320632067585
557795,1,7,10,11.28324480735815
557822,1,7,9,25.282376248120034
557837,1,7,6,23.3945598257719
557851,1,7,9,21.4842406664368
557853,0,7,0,0.028954876958037275
557854,1,7,1,18.17585738462857
557889,1,7,9,25.688946947607057
557906,1,7,8,6.815876686593783
557943,1,7,8,7.869340390469292
557946,1,7,8,22.996211147868692
557947,1,7,4,0.3586790108976326
557956,1,7,3,2.38898702525578
557964,1,7,9,4.365983336941758
557973,0,7,0,0.02149433241447439
557984,1,7,4,0.3586790108976326
557985,1,7,5,0.3586789934097332
557988,1,7,9,17.25878281441041
558000,1,7,3,0.9197662899866993
558026,1,7,6,10.583841129539046
558032,1,7,9,7.531427401818953
558039,1,7,9,23.459270554943043
558043,1,7,8,3.750245446555166
558050,1,7,9,24.15866267509994
558059,1,7,5,0.3586789949470627
558074,1,7,4,0.358679009087165
558118,1,7,5,0.3586789934097332
558129,1,7,10,6.9273476474795626
558132,1,7,6,8.64461654152722
558133,1,7,9,18.685696763198514
558136,1,7,10,12.394324834822312
558151,0,7,0,0.023811204119728483
558171,1,7,8,24.02071332042808
558173,1,7,5,0.3586789934097332
558188,1,7,10,15.582476111137835
558198,1,7,5,0.3586789934097332
558205,1,7,10,6.412120724822408
558227,1,7,5,0.3586789934097332
558228,1,7,3,2.396751355495844
558239,1,7,9,16.55073415123023
558242,1,7,9,6.824396367917254
558252,1,7,5,0.3586789934097332
558253,1,7,5,0.3586789934097332
558267,1,7,5,0.3586789934097332
558281,1,7,9,20.64049666682871
558287,1,7,8,15.717641327311153
558292,1,7,9,7.879472476219364
558294,1,7,8,21.33831858377849
558300,1,7,5,0.3586789934097332
558307,1,7,6,13.142949043902453
558309,1,7,9,16.34276508356915
558316,1,7,8,25.563397099246245
558347,0,7,0,0.025839734878236303
558374,1,7,10,17.928090135793468
558387,0,7,0,0.016453187160108865
558389,1,7,1,7.35744262261905
558391,1,7,9,26.10910524091722
558404,1,7,8,22.550130990059575
558413,1,7,10,17.70874238867291
558437,1,7,6,22.589722017951495
558439,1,7,9,25.539637682070257
558446,1,7,9,20.67360539448053
558454,1,7,1,21.648104121422616
558456,1,7,9,16.450331966685155
558476,1,7,10,15.953416128520374
558482,1,7,4,0.3586790108976326
558490,1,7,9,23.112880246421437
558503,1,7,9,18.534417593838878
558518,1,7,9,14.024367938639152
558530,1,7,9,21.753326907257993
558531,1,7,6,16.841148415367723
558536,1,7,8,11.855180984411565
558537,1,7,8,26.89630223850886
558547,1,7,4,0.3586790108976326
558558,1,7,8,11.59043030898783
558562,1,7,10,18.336008859028308
558575,1,7,7,1.766951765790856
558582,1,7,7,2.1527773333240616
558585,1,7,4,0.3586790108976326
558588,1,7,7,4.527625555053055
558640,1,7,7,4.114310732267246
558650,1,7,9,10.173377242902454
558653,0,7,0,0.01374729302230239
558674,1,7,2,11.898300930253992
558675,1,7,6,15.017312654499433
558685,1,7,10,9.83938001725733
558701,1,7,5,0.3586789934097332
558708,1,7,5,0.3586789934097332
558718,1,7,9,25.941384716906526
558722,0,7,0,0.012397182444273886
558726,1,7,5,0.3586789934097332
558737,1,7,5,0.3586789934097332
558746,1,7,4,0.3586790108976326
558748,0,7,0,0.023998367929483885
558757,1,7,5,0.3586789934097332
558766,1,7,8,3.0591341452006064
558798,1,7,7,2.2099343926211024
558820,1,7,9,7.514764528457285
558825,1,7,8,5.62935032775332
558834,1,7,9,14.51856731873334
558850,1,7,4,0.3586790108976326
558853,0,7,0,0.08120422409555866
558860,1,7,7,2.4251513308489607
558865,1,7,5,0.3586789934097332
558874,0,7,0,0.028515708602668027
558887,1,7,4,0.3586790108976326
558903,1,7,10,8.609108959213795
558917,1,7,5,0.3586789934097332
558919,1,7,9,14.05349630306098
558930,1,7,9,16.776286670869226
558931,1,7,9,16.609191935073213
558938,1,7,5,0.3586789934097332
558966,1,7,6,6.6001960306478695
558969,1,7,9,15.927610229780012
558982,1,7,6,13.789107505964036
558983,1,7,9,16.071883168721104
558992,1,7,9,8.83292411036585
558995,1,7,4,0.3586790108976326
559013,1,7,6,20.30157979289336
559017,1,7,7,4.441752873683742
559020,1,7,9,17.619992476011202
559022,1,7,5,0.3586789949470627
559023,1,7,1,12.940301132192069
559035,1,7,9,21.694009799741377
559044,1,7,10,17.091578737196485
559046,1,7,8,10.752673026025954
559051,1,7,8,14.899187999259354
559056,1,7,4,0.3586790108976326
559083,1,7,2,13.717863314595514
559092,1,7,8,7.511015534018123
559097,1,7,10,5.477912216403651
559100,1,7,5,0.3586789934097332
559119,1,7,9,17.110578481970066
559124,1,7,9,19.931318206942002
559125,1,7,9,17.44207578608445
559144,1,7,4,0.3586790108976326
559155,1,7,10,7.351950510436305
559160,1,7,1,14.069267837525919
559173,1,7,9,14.173042866577678
559193,1,7,10,7.982192342064348
559215,0,7,0,0.015509664857305051
559216,1,7,4,0.3586790108976326
559217,1,7,9,26.156412334251936
559249,1,7,8,16.53640504530095
559254,1,7,9,18.27893980774411
559257,1,7,2,6.154517125018594
559265,1,7,9,22.189574109313266
559266,1,7,9,7.405800584782299
559268,1,7,9,6.475408463440958
559271,1,7,5,0.3586789934097332
559279,1,7,5,0.3586789934097332
559284,1,7,10,17.60671409891617
559295,1,7,10,7.60565490237669
559304,1,7,6,7.73481285409835
559310,0,7,0,0.025313171372251263
559314,1,7,9,14.829441521621845
559330,1,7,6,23.25817268020507
559353,1,7,5,0.3586789934097332
559361,1,7,1,20.869498081865213
559368,1,7,8,16.72162605963272
559376,1,7,8,10.899993223709586
559383,1,7,9,18.25520029391027
559387,1,7,3,2.354665810750079
559395,1,7,5,0.3586789934097332
559410,1,7,6,22.078229875228832
559420,1,7,1,18.247830290551295
559422,1,7,5,0.3586789934097332
559424,1,7,6,19.052457880284173
559426,1,7,5,0.3586789934097332
559428,0,7,0,0.2885107827531649
559439,1,7,9,22.801196256174286
559441,1,7,9,24.25134312952171
559442,1,7,4,0.3586790108976326
559443,1,7,5,0.3586789934097332
559456,0,7,0,0.023299787659651107
559458,1,7,5,0.3586789934097332
559460,1,7,9,14.770280366534184
559466,0,7,0,0.016353167206679998
559474,1,7,10,19.700365966552525
559480,1,7,9,21.100883334151824
559488,1,7,4,0.3586790108976326
559491,1,7,9,24.104338439536743
559503,1,7,5,0.3586789934097332
559506,1,7,10,4.9281500619537875
559514,1,7,10,19.471209087480325
559525,1,7,8,24.924075659784943
559537,1,7,9,13.380785030362068
559548,1,7,8,3.4473500566180393
559553,1,7,9,22.759032349589678
559559,1,7,9,26.309204839502037
559564,1,7,2,9.939807999558534
559575,1,7,5,0.3586789934097332
559576,1,7,10,16.445227138137962
559583,1,7,9,8.04092655601558
559585,1,7,7,1.3703724437370342
559587,1,7,4,0.3586790108976326
559591,1,7,3,2.4072040899364424
559592,1,7,9,16.96629109537377
559608,1,7,1,14.072557953214568
559615,1,7,9,24.5875207168564
559628,1,7,8,2.8270587997718772
559641,1,7,8,10.007523413617907
559645,1,7,10,21.243049524525414
559653,1,7,5,0.3586789934097332
559681,1,7,9,17.09710487986454
559682,1,7,6,11.974920532042775
559711,1,7,8,27.090577973295545
559719,1,7,1,16.799470670851846
559720,1,7,9,16.456178367096868
559726,1,7,10,10.3358173654121
559728,1,7,8,12.565752029429644
559731,1,7,10,14.20988087629875
559736,1,7,4,0.3586790108976326
559742,1,7,4,0.3586790108976326
559747,1,7,6,14.312278151363007
559753,1,7,6,17.679637480385814
559757,1,7,3,1.2079847452975592
559772,0,7,0,0.01907193391047409
559776,1,7,9,16.49604554746196
559785,1,7,7,3.8334207922125647
559798,1,7,9,4.772905571790578
559814,1,7,8,24.039811070898775
559817,1,7,8,27.547346590448022
559820,1,7,7,4.537950715933011
559879,1,7,10,5.147164647092379
559895,1,7,10,6.200680952571225
559908,1,7,5,0.3586789934097332
559910,1,7,2,8.383460773696685
559914,1,7,9,25.963211301487615
559920,1,7,9,5.515285181608461
559921,1,7,10,6.9922266658214705
559930,1,7,5,0.3586789934097332
559985,1,7,6,14.0177987243984
559992,1,7,6,21.727872372214257
559993,1,7,5,0.3586789934097332
559997,1,7,9,21.340272852736316
559999,1,7,3,2.427402043002393
560006,1,7,6,10.843144926610147
560007,1,7,6,14.648350090356601
560016,1,7,6,9.059855082577645
560021,1,7,6,20.835884830001365
560032,1,7,7,1.0609797447577214
560034,0,7,0,0.015698512173520484
560037,1,7,7,4.409576583024259
560039,1,7,6,11.77915239833828
560040,1,7,10,18.6819201029166
560041,1,7,4,0.3586790108976326
560055,0,7,0,0.030961426565147682
560063,1,7,5,0.3586789949470627
560088,1,7,4,0.358679009087165
560107,0,7,0,0.03189430077530094
560120,1,7,6,12.791755451104047
560122,1,7,8,23.43361483404926
560134,1,7,10,20.247290630434513
560136,1,7,9,18.600872130417137
560149,1,7,10,17.326174841407486
560163,0,7,0,0.02649278822006718
560165,1,7,10,16.974836358302277
560167,1,7,5,0.3586789934097332
560172,1,7,7,3.287006778422353
560175,1,7,10,6.923221048039346
560204,1,7,9,19.93060197272937
560215,1,7,7,2.315885009590023
560226,1,7,9,14.059985388708487
560227,1,7,9,24.44891646229647
560237,1,7,1,16.134000062465304
560262,1,7,6,13.722060673466517
560272,1,7,5,0.3586789934097332
560275,1,7,6,22.4058963974025
560336,1,7,4,0.3586790108976326
560341,1,7,5,0.3586789934097332
560353,1,7,10,20.965485530412273
560373,1,7,9,21.990369344559916
560393,1,7,8,24.269243414370287
560398,1,7,7,4.190292427587544
560419,1,7,4,0.3586790108976326
560452,1,7,1,14.61296544108229
560453,1,7,10,17.572075787448814
560455,1,7,10,11.005662604704847
560457,1,7,5,0.3586789934097332
560460,1,7,5,0.3586789949470627
560466,1,7,3,1.1152891480982339
560470,0,7,0,0.012260561796490809
560482,1,7,1,16.224566079127193
560485,1,7,9,26.218224419399284
560486,1,7,9,10.87634492626576
560496,0,7,0,0.02232197782779293
560507,1,7,8,23.14260472167886
560511,1,7,6,10.359103109909851
560514,1,7,5,0.3586789934097332
560522,1,7,5,0.3586789934097332
560527,1,7,9,6.810641690304042
560539,1,7,6,13.794194231917308
560545,1,7,1,14.133370551681846
560549,1,7,9,24.104992391540332
560561,1,7,6,12.361214393441156
560565,1,7,8,14.312055968097424
560572,1,7,6,22.278271733123475
560574,1,7,7,4.58132867254039
560586,1,7,8,16.77757050028358
560589,1,7,5,0.3586789934097332
560592,1,7,9,5.549814100154369
560605,1,7,6,23.1360682262369
560612,1,7,4,0.3586790108976326
560639,1,7,6,9.045744318434656
560650,1,7,1,8.184205127951495
560653,1,7,6,21.297649915669354
560662,1,7,8,10.120245277712915
560674,1,7,8,13.275838053317631
560685,0,7,0,0.02192000140717452
560709,1,7,6,9.987232967025177
560719,1,7,4,0.3586790108976326
560720,1,7,5,0.3586789949470627
560721,1,7,8,19.731953530652405
560723,1,7,5,0.3586789934097332
560730,1,7,3,2.3384891825422836
560739,1,7,6,22.08906043215897
560750,1,7,10,12.434849736387083
560779,1,7,6,22.19012828077884
560784,1,7,6,20.65943158236454
560789,0,7,0,0.01519912452181835
560808,1,7,8,24.744367823190238
560816,1,7,6,6.139968637207457
560835,1,7,9,25.93532342358228
560865,1,7,2,8.9909903495166
560869,1,7,10,16.410099372016475
560875,1,7,10,8.76726765034687
560878,1,7,8,17.92657198334461
560888,1,7,7,2.8514888541492525
560911,1,7,5,0.3586789934097332
560921,1,7,3,1.5337986603376317
560927,1,7,8,21.207274351140725
560929,1,7,1,5.232573744907178
560930,1,7,7,3.6780208996952686
560934,1,7,8,11.966335175032313
560939,1,7,7,3.8514638635660443
560945,1,7,9,24.140002023888833
560946,1,7,4,0.3586790108976326
560947,1,7,8,4.957135604813836
560948,0,7,0,0.013842024485625893
560950,1,7,9,21.645792859274362
560958,1,7,10,15.492936809456317
560990,1,7,1,18.305716949246463
560994,1,7,8,17.36675521704116
560999,1,7,9,9.690090862584746
561006,1,7,9,5.603637688524107
561012,1,7,6,21.252700079465697
561029,1,7,4,0.3586790108976326
561040,0,7,0,0.015313273119210479
561048,1,7,9,25.26200847293809
561066,1,7,6,23.586704057388094
561072,1,7,10,21.27574767963235
561076,1,7,4,0.3586790108976326
561095,0,7,0,0.06334537118910735
561106,1,7,3,2.085923393794
561109,1,7,1,16.35015727191816
561134,1,7,9,10.43433393906206
561151,1,7,6,22.933832792037865
561176,1,7,6,18.060842678532037
561193,1,7,3,2.418137118212658
561194,0,7,0,0.026304312786444992
561196,1,7,8,23.286153213343155
561198,1,7,6,9.747231231129453
561215,1,7,10,21.180026735685985
561221,1,7,8,13.925038399759835
561234,1,7,9,22.42924132058824
561244,1,7,10,16.581019894073904
561256,1,7,9,23.478598905035
561262,1,7,7,3.0910000292099715
561268,1,7,1,22.809133152951038
561273,1,7,2,4.809690438378605
561276,1,7,6,23.592751932488873
561282,1,7,10,13.925948707824183
561291,1,7,6,17.470745791258974
561338,1,7,10,16.398196208767644
561364,1,7,8,24.883419377760994
561386,1,7,8,16.358584513486864
561387,1,7,9,15.000063121114696
561401,1,7,8,18.892065649321747
561411,1,7,9,23.49133263564997
561433,1,7,8,24.362329607369002
561455,1,7,3,2.3562434499245968
561464,1,7,9,6.5840111381307045
561470,1,7,1,17.691841672830947
561488,1,7,9,25.02440540295833
561490,1,7,8,26.281691542457263
561495,1,7,9,11.487722195682474
561498,0,7,0,0.023209535230628305
561529,1,7,10,7.457946621185986
561542,1,7,9,3.1331154200767464
561543,1,7,6,14.491399762304619
561546,1,7,9,16.711111479948343
561555,1,7,6,12.606257798850745
561565,1,7,5,0.3586789934097332
561569,1,7,6,21.60065772689983
561589,1,7,6,14.50682815126209
561593,1,7,8,13.94648142731867
561597,1,7,9,12.991240437971172
561605,1,7,9,25.54278108261888
561607,1,7,10,20.99699303832942
561628,1,7,5,0.3586789934097332
561630,1,7,10,18.005561119588727
561638,1,7,9,26.099368504399056
561651,1,7,9,12.270175926461121
561660,1,7,9,24.0584798150756
561669,1,7,10,13.577476673173383
561676,1,7,4,0.3586790108976326
561688,1,7,9,19.197098904004978
561703,1,7,5,0.3586789949470627
561716,1,7,1,4.466149987232244
561726,1,7,5,0.3586789934097332
561730,1,7,9,13.259784772782922
561736,1,7,7,3.348116699989438
561737,1,7,9,16.745263365764085
561742,1,7,4,0.3586790108976326
561756,1,7,9,24.080892733678393
561761,1,7,7,4.080291722289477
561768,0,7,0,0.02961785269958132
561778,0,7,0,0.2568597000652411
561782,1,7,10,17.44937755124926
561801,1,7,4,0.3586790108976326
561803,1,7,8,21.277653251436
561808,1,7,9,23.46853674093686
561816,1,7,9,26.165361227007896
561822,1,7,6,11.598283494728795
561831,1,7,10,17.897450908782357
561844,1,7,8,20.800948021890946
561866,1,7,1,13.94395608949614
561875,1,7,5,0.3586789934097332
561880,1,7,6,23.891371060804442
561883,1,7,4,0.3586790108976326
561888,1,7,9,15.418096306198935
561894,1,7,1,22.214712996016004
561895,1,7,1,17.591400571054955
561896,1,7,3,2.358584309965298
561918,1,7,10,4.343969276815105
561923,1,7,1,10.352309388416051
561927,1,7,8,11.218668992130658
561932,1,7,7,4.531417724653157
561942,1,7,1,22.56555097204432
561972,1,7,9,21.088389508590772
561975,1,7,6,13.945990028363736
561982,1,7,4,0.3586790108976326
561987,1,7,7,1.6449006188872746
561991,1,7,2,12.14175439931978
561997,1,7,7,1.6672139818211438
562003,1,7,10,4.747503707153613
562016,1,7,3,1.8797941096712212
562037,1,7,4,0.3586790108976326
562038,1,7,4,0.3586790108976326
562054,1,7,4,0.3586790108976326
562069,1,7,1,14.711110263681173
562085,1,7,9,26.38262696854132
562092,1,7,4,0.3586790108976326
562095,1,7,8,17.386169721182537
562105,1,7,4,0.3586790108976326
562107,1,7,6,6.732508042700393
562117,1,7,4,0.3586790108976326
562118,1,7,9,16.92857358244239
562154,1,7,5,0.3586789934097332
562166,1,7,8,17.639475572135876
562173,0,7,0,0.012109339823784336
562186,1,7,7,4.570650748671194
562195,1,7,9,19.406351053947148
562203,1,7,1,15.367077111109468
562219,1,7,9,24.027066323224858
562220,1,7,6,16.681513179129333
562222,1,7,10,15.101476309198768
562227,1,7,1,16.77609053076851
562243,1,7,8,19.380821361340757
562246,1,7,2,6.580676809015269
562257,1,7,6,19.761843208450156
562261,1,7,5,0.3586789949470627
562269,1,7,9,20.9532731604191
562278,1,7,4,0.3586790108976326
562287,1,7,9,12.441046981896866
562305,1,7,10,13.993028984846621
562306,1,7,9,23.110069491874114
562312,1,7,7,2.3786352372961126
562344,1,7,8,4.04605074861323
562361,1,7,10,7.796839467288703
562364,1,7,10,17.8201661011962
562366,1,7,4,0.3586790108976326
562374,1,7,5,0.3586789934097332
562378,1,7,3,0.7768338386263374
562382,0,7,0,0.01672081793856272
562387,1,7,9,14.530423363420446
562401,1,7,10,6.429975988037535
562402,1,7,9,25.952856999820945
562415,1,7,10,9.675167484328707
562450,1,7,8,28.365094603504343
562455,1,7,5,0.3586789934097332
562457,1,7,6,13.29846182472989
562464,1,7,8,15.559549317814948
562473,1,7,7,0.7886856668097596
562486,1,7,1,22.276409201491244
562493,1,7,4,0.3586790108976326
562494,1,7,4,0.3586790108976326
562506,1,7,8,22.68411800821174
562517,1,7,5,0.3586789934097332
562523,1,7,10,21.212205931592575
562525,1,7,9,9.756002532938243
562535,1,7,5,0.3586789934097332
562556,1,7,9,22.778236889177492
562575,1,7,8,15.146231818727008
562587,0,7,0,0.014147851037949829
562592,1,7,8,17.234824727223987
562593,1,7,5,0.3586789934097332
562599,0,7,0,0.023511155460178484
562607,1,7,6,20.82733132880039
562620,1,7,2,4.656146193970392
562621,1,7,8,24.013415691693083
562624,1,7,6,21.551270222531095
562650,1,7,8,21.732546030056465
562674,1,7,1,10.578035838729637
562695,1,7,6,9.674350881586616
562702,1,7,4,0.3586790108976326
562705,1,7,5,0.3586789934097332
562710,1,7,6,9.180478491190549
562715,1,7,2,10.273619181071263
562721,1,7,10,10.864239824692303
562723,0,7,0,0.012039587135916026
562770,1,7,7,3.8158332345005768
562774,1,7,5,0.3586789934097332
562775,1,7,8,13.968881137956673
562793,1,7,9,22.615705851744774
562802,1,7,5,0.3586789934097332
562807,1,7,4,0.3586790108976326
562813,1,7,4,0.3586790108976326
562816,1,7,4,0.3586790108976326
562822,1,7,9,15.098979210616767
562838,1,7,10,15.223280317196735
562843,1,7,5,0.3586789934097332
562845,1,7,5,0.3586789934097332
562853,1,7,9,12.902355786139745
562855,1,7,9,26.077438359804578
562865,1,7,8,15.348899544984288
562878,1,7,9,26.328562751454495
562885,0,7,0,0.01376145066143775
562893,1,7,1,20.165694114047653
562912,1,7,8,15.390807814238086
562918,1,7,9,12.681131966435512
562943,1,7,5,0.3586789934097332
562947,1,7,9,24.53593887533272
562951,1,7,8,19.2962953718454
562955,1,7,8,10.628996997226288
562965,1,7,10,4.9651982807177
562972,1,7,3,2.3970489577709357
562975,1,7,9,18.208390444980907
562977,1,7,7,2.5569463732670648
563005,1,7,5,0.3586789934097332
563010,1,7,7,1.1779911254698816
563030,1,7,9,16.277166532659745
563065,1,7,8,20.385148400541965
563073,1,7,5,0.3586789934097332
563100,1,7,3,1.2263390738134947
563105,0,7,0,0.023058775427439445
563106,1,7,6,21.531580720286755
563108,1,7,5,0.3586789934097332
563127,1,7,8,19.286265059825574
563131,1,7,5,0.3586789934097332
563152,0,7,0,0.03176643410268298
563153,1,7,9,21.148031756051253
563155,1,7,9,17.965402696615655
563158,1,7,7,2.4599717937558077
563163,1,7,8,16.861488723272515
563171,1,7,10,16.41401896581376
563174,1,7,9,23.823112197693572
563176,1,7,1,10.060836201109334
563183,1,7,6,23.365645203463636
563185,1,7,10,5.128091521958458
563188,1,7,2,3.1988195202740695
563197,1,7,5,0.3586789934097332
563205,1,7,10,14.33115829943879
563208,0,7,0,0.1282890988551531
563222,1,7,6,14.913472925788572
563228,1,7,9,24.087491573527206
563231,0,7,0,0.027327804435700435
563232,0,7,0,0.08874594372244475
563242,1,7,7,0.9206158942266738
563245,1,7,10,21.140366609258702
563264,1,7,8,18.812676686424684
563280,1,7,1,6.550693447480355
563282,1,7,4,0.3586790108976326
563290,1,7,4,0.3586790108976326
563293,1,7,8,17.347948714891118
563304,1,7,10,16.86333112327549
563310,1,7,9,9.933495399547295
563313,1,7,4,0.3586790108976326
563317,1,7,6,20.532794369323423
563323,1,7,5,0.3586789934097332
563335,1,7,3,2.3395222394926165
563337,1,7,6,20.557256611795943
563348,0,7,0,0.01774797169683
563349,1,7,9,22.603571791654307
563356,1,7,7,1.5844680654243883
563359,1,7,1,6.345777833141678
563361,1,7,6,23.2851782641642
563365,1,7,4,0.3586790108976326
563374,1,7,9,18.972341492185738
563382,1,7,8,5.598305157973003
563398,1,7,5,0.3586789949470627
563399,1,7,1,18.6631076891398
563402,1,7,9,8.392509982346729
563418,1,7,8,21.165321246468473
563427,1,7,9,19.37010338701532
563436,1,7,9,26.355027342166743
563441,1,7,9,13.774537620995014
563453,1,7,10,11.563204822307368
563459,1,7,10,7.067185443580483
563463,0,7,0,0.023712343694741376
563465,1,7,9,21.663094170476494
563500,1,7,9,19.411276198326778
563522,1,7,3,2.3884036793624013
563526,1,7,6,21.063103634740173
563531,1,7,4,0.3586790108976326
563532,1,7,10,15.438107182246481
563539,1,7,6,12.534081372698855
563543,1,7,9,5.491763140401907
563559,1,7,8,22.560926287032725
563600,1,7,9,6.215639024005626
563602,1,7,6,23.77472996084839
563648,1,7,9,15.974014158353768
563676,1,7,10,21.28019815573473
563693,1,7,8,19.934562082306336
563712,1,7,8,22.770794432378167
563713,1,7,3,2.383333125337537
563730,1,7,8,2.4513958120232
563743,1,7,9,24.374686560908863
563763,1,7,8,2.929560116592902
563764,1,7,5,0.3586789934097332
563767,1,7,9,23.982532987904026
563784,1,7,4,0.358679009087165
563790,1,7,8,22.68756156660541
563794,1,7,8,16.61275663535877
563796,1,7,8,18.906135078387816
563802,1,7,6,14.07563962143605
563807,1,7,9,14.918835453631848
563816,1,7,9,21.178359764238238
563817,1,7,6,9.50914375746936
563827,1,7,7,3.041731891921117
563842,1,7,6,13.333847044680844
563857,1,7,8,24.40792266231561
563874,1,7,6,15.94927587734582
563897,1,7,7,3.359119482626179
563899,1,7,9,15.447682862979159
563906,0,7,0,0.012435785050375984
563922,1,7,4,0.3586790108976326
563937,1,7,10,5.411521854692219
563957,1,7,1,13.032347796884359
563960,1,7,1,8.68783508360389
563964,1,7,7,3.791488394037541
563976,1,7,2,8.953284430822238
563981,1,7,8,4.253621657943403
564015,1,7,5,0.3586789934097332
564021,1,7,9,24.24977109888618
564025,0,7,0,0.16889726176631817
564032,1,7,8,28.106531316566173
564054,1,7,6,18.459718897503635
564062,1,7,6,11.971504646993234
564069,1,7,8,23.734196014414344
564080,1,7,1,21.429323218195663
564094,1,7,9,4.627136925208522
564100,1,7,2,13.986667869629022
564107,1,7,8,21.219023529079838
564111,1,7,6,23.193759902642146
564121,1,7,4,0.3586790108976326
564136,1,7,4,0.3586790108976326
564144,1,7,6,22.833827837717127
564146,0,7,0,0.016312594893528015
564147,1,7,9,25.913757539418665
564162,0,7,0,0.020209186259831705
564168,1,7,6,21.076556578700682
564175,1,7,1,22.519666036906933
564177,1,7,5,0.3586789934097332
564179,1,7,8,18.331893628929038
564205,1,7,8,2.125136941774995
564207,1,7,6,16.30264172291281
564235,1,7,6,10.804679532691361
564259,1,7,4,0.3586790108976326
564263,1,7,10,7.281138262032333
564268,1,7,8,9.383099589534325
564280,1,7,7,1.7479574061666228
564299,1,7,4,0.3586790108976326
564337,1,7,5,0.3586789934097332
564339,1,7,4,0.3586790108976326
564353,1,7,10,13.733498531279288
564354,1,7,4,0.3586790108976326
564363,1,7,8,4.769535403784198
564364,1,7,4,0.3586790108976326
564373,1,7,5,0.3586789934097332
564380,1,7,9,15.266984765903615
564384,1,7,3,1.9830483798292753
564405,1,7,9,12.389771681051199
564411,1,7,5,0.3586789934097332
564414,1,7,8,18.10257903402323
564416,1,7,4,0.358679009087165
564419,1,7,7,0.8636628730766065
564427,1,7,7,4.062462229715798
564430,1,7,5,0.3586789934097332
564463,1,7,8,12.465694009072276
564477,1,7,5,0.3586789934097332
564480,1,7,9,11.763584810184856
564485,1,7,4,0.3586790108976326
564502,1,7,5,0.3586789934097332
564542,1,7,7,1.4136485663546936
564560,1,7,9,8.165895681064608
564562,1,7,9,23.41975318317358
564569,1,7,9,13.423012105895083
564571,1,7,10,17.803721428933375
564595,1,7,4,0.3586790108976326
564600,1,7,8,25.509146392390715
564602,1,7,10,21.219799768481955
564609,1,7,6,18.840793811266277
564641,1,7,9,5.407856306143281
564642,1,7,8,27.783695739962543
564673,1,7,7,2.6343266481476553
564674,1,7,8,17.394073772985937
564687,1,7,10,15.97047428438266
564718,0,7,0,0.02638397914944105
564722,1,7,8,2.7318414653255227
564733,1,7,6,8.828881915085859
564736,1,7,9,23.945159784561294
564751,1,7,4,0.3586790108976326
564754,1,7,8,22.04827218627606
564761,0,7,0,0.017475875420111222
564776,1,7,7,2.3548425379633007
564799,1,7,9,25.044123349563193
564801,1,7,7,2.1812102431113143
564821,0,7,0,0.023411665103975146
564833,1,7,8,2.4774274086104855
564837,1,7,10,12.336914573645538
564841,1,7,9,18.2109621446532
564859,1,7,9,14.165315569159985
564868,1,7,1,7.031602912009567
564880,1,7,9,8.027832753017409
564895,1,7,5,0.3586789934097332
564907,1,7,8,15.633570705331085
564912,1,7,8,28.122803769305516
564944,1,7,9,19.839054870462583
564952,1,7,7,2.8705161025892982
564957,1,7,8,12.859809457215778
564961,1,7,8,11.176230064729607
564971,1,7,10,13.79703520638769
565012,1,7,5,0.3586789934097332
565014,1,7,5,0.3586789934097332
565016,1,7,6,23.20569371248393
565020,1,7,9,11.338668337951242
565022,1,7,4,0.3586790108976326
565023,1,7,5,0.3586789934097332
565042,1,7,4,0.3586790108976326
565047,1,7,8,11.524679123707873
565051,1,7,5,0.3586789934097332
565053,1,7,9,19.492987054806683
565066,1,7,1,22.745429959157796
565069,0,7,0,0.2560102386562018
565074,1,7,2,13.704412450343401
565084,1,7,10,13.348844405662236
565091,1,7,5,0.3586789934097332
565095,1,7,2,2.5348505558186756
565102,1,7,3,1.4339552600051877
565108,1,7,4,0.358679009087165
565119,1,7,4,0.3586790108976326
565132,1,7,9,13.218772429473512
565179,1,7,9,13.362838705243867
565187,1,7,8,18.291570611750082
565192,1,7,8,20.493494732141347
565216,1,7,7,1.5915676241796644
565217,1,7,6,18.92084816087886
565218,1,7,4,0.3586790108976326
565230,1,7,1,14.516899914703568
565233,1,7,5,0.3586789934097332
565261,1,7,10,8.746950573319662
565265,1,7,5,0.3586789934097332
565287,1,7,9,4.048051269386392
565289,1,7,5,0.3586789934097332
565304,1,7,4,0.3586790108976326
565331,1,7,9,18.448716848671147
565332,1,7,10,14.763032416480126
565343,1,7,4,0.3586790108976326
565382,1,7,9,15.893821284892823
565386,1,7,9,14.69010909089175
565388,1,7,6,14.817693334554454
565392,1,7,9,15.92436098708436
565402,1,7,9,24.422906108047947
565409,1,7,1,18.757971170056628
565410,1,7,5,0.3586789934097332
565412,1,7,9,5.387248576547272
565422,0,7,0,0.026115375083373544
565425,1,7,10,4.754238044854098
565432,1,7,7,2.1762493167399612
565450,1,7,9,16.313419851893716
565453,1,7,3,2.3949085723759023
565491,1,7,6,21.636442176211123
565499,1,7,5,0.3586789934097332
565507,1,7,9,8.906421901700352
565514,1,7,5,0.3586789934097332
565527,1,7,3,1.7578574296763327
565529,1,7,1,17.44783371612945
565535,1,7,9,19.05358708327095
565549,1,7,3,2.3619999995487717
565555,1,7,10,12.39862854551714
565568,1,7,6,9.445162430281227
565577,1,7,9,16.234387761495586
565604,1,7,8,28.527800017545935
565608,1,7,5,0.3586789934097332
565631,1,7,5,0.3586789934097332
565637,1,7,4,0.3586790108976326
565647,1,7,4,0.3586790108976326
565649,1,7,6,7.405393084537954
565679,0,7,0,0.01618946753923667
565680,1,7,1,8.717458028056182
565684,1,7,10,11.424199211651912
565693,1,7,5,0.3586789934097332
565698,1,7,6,20.554565083429665
565703,1,7,6,5.056764317506829
565709,1,7,10,20.31817900333422
565713,1,7,10,16.56129456257674
565726,1,7,6,19.881600412166907
565736,1,7,4,0.3586790108976326
565739,1,7,10,3.0896087685920564
565775,1,7,4,0.3586790108976326
565780,1,7,6,10.447374103893397
565783,1,7,6,19.77824793832545
565828,1,7,4,0.358679009087165
565838,1,7,8,13.188334770317121
565884,1,7,7,1.2449268494554981
565898,1,7,7,0.9397295850718415
565910,1,7,9,15.092003892564039
565921,1,7,6,18.952183264471667
565938,1,7,5,0.3586789934097332
565964,1,7,6,21.25208357172771
565966,1,7,4,0.3586790108976326
565977,1,7,4,0.3586790108976326
565990,1,7,9,5.959843489114392
566000,1,7,9,25.871733407422603
566009,1,7,7,4.484951468034377
566012,1,7,7,4.540669612754226
566017,1,7,6,6.664657440122554
566022,1,7,4,0.3586790108976326
566033,1,7,9,24.709934242209986
566034,1,7,9,15.426348570388
566069,1,7,1,20.159159603579234
566091,1,7,9,24.606568019419573
566103,1,7,9,25.67245640592553
566128,1,7,9,7.105549120805313
566146,1,7,4,0.3586790108976326
566158,1,7,1,20.102772518509763
566161,1,7,4,0.3586790108976326
566189,1,7,8,23.030521689102198
566198,1,7,9,5.9441859099007806
566210,1,7,10,11.383390525630473
566217,1,7,10,13.043543731728773
566231,1,7,10,8.857652611114846
566236,1,7,8,10.927096653638312
566249,1,7,6,18.947321444037208
566253,1,7,5,0.3586789949470627
566255,1,7,10,20.887780863868223
566262,1,7,4,0.3586790108976326
566265,1,7,1,3.880098734130437
566276,1,7,7,4.640590665728413
566281,1,7,7,2.2038593709588845
566286,1,7,9,15.946694756989569
566291,1,7,5,0.3586789934097332
566301,1,7,3,2.1058974607063075
566321,0,7,0,0.015167043581664118
566335,1,7,5,0.3586789934097332
566342,1,7,6,7.791750673011686
566345,1,7,7,0.6959677150306549
566348,1,7,10,20.459259000973997
566351,1,7,7,4.467635929867659
566370,1,7,1,22.613282105082927
566406,1,7,3,2.3333485191101664
566419,1,7,6,15.654544786617523
566426,1,7,9,6.704330667848254
566442,1,7,10,4.449860431422685
566447,1,7,8,27.275286932762903
566451,1,7,1,9.250751309242235
566455,1,7,9,14.222456362601468
566460,1,7,6,14.210077883672142
566461,1,7,9,15.816432441160286
566469,1,7,4,0.3586790108976326
566471,1,7,4,0.3586790108976326
566490,1,7,5,0.3586789934097332
566492,1,7,8,24.894806726447175
566497,1,7,8,14.154693260392932
566510,1,7,8,23.667999247635137
566515,0,7,0,0.019611501903054707
566529,1,7,8,12.332723388568805
566554,1,7,3,2.3831513156281985
566562,1,7,8,18.415801936079504
566573,1,7,10,11.691906051701187
566574,1,7,9,15.128765086906215
566625,1,7,8,12.804660792299213
566642,1,7,6,19.006691880770465
566643,1,7,9,25.125252401533658
566650,1,7,6,20.073829007315787
566652,1,7,2,13.548536549151354
566654,1,7,8,28.365807571884908
566658,1,7,9,23.097784310794385
566679,1,7,8,9.101197316290813
566681,1,7,1,17.53555185075624
566683,1,7,1,22.960284743081626
566685,1,7,8,23.94960011667239
566692,1,7,3,2.424245772275251
566701,1,7,6,22.878987859695933
566720,1,7,9,12.320291523447857
566723,1,7,1,20.65732738579418
566724,1,7,4,0.3586790108976326
566745,1,7,5,0.3586789934097332
566746,1,7,9,15.001557108894387
566762,1,7,6,9.05346528140405
566768,1,7,9,6.891495029011607
566794,1,7,5,0.3586789934097332
566806,1,7,4,0.3586790108976326
566808,1,7,5,0.3586789934097332
566819,0,7,0,0.026325042046104582
566821,1,7,4,0.3586790108976326
566822,1,7,6,23.811212899174336
566843,1,7,6,18.8934868840003
566846,1,7,10,6.4407522652156874
566870,1,7,5,0.3586789949470627
566885,0,7,0,0.021887587940822434
566888,1,7,4,0.3586790108976326
566929,1,7,9,6.472997590653574
566931,1,7,10,6.9947099377743625
566939,1,7,8,19.606042268399616
566948,1,7,9,7.177549407531812
566963,1,7,10,21.240719250432157
566965,1,7,5,0.3586789934097332
566966,1,7,4,0.3586790108976326
566968,1,7,9,24.065095834490652
566970,1,7,1,11.45264814121282
566971,1,7,10,11.866925274069557
566977,1,7,10,16.42401397508216
566978,1,7,1,9.936239246111267
566992,1,7,9,26.373977400971924
566995,1,7,9,19.342862417675892
567006,1,7,8,18.651720305934845
567016,1,7,10,13.022829381086883
567021,1,7,8,24.05056187494284
567028,1,7,6,5.297748363520203
567040,1,7,3,2.4115608566478257
567060,1,7,5,0.3586789934097332
567064,1,7,9,23.482919428907557
567066,1,7,7,1.3332084024100341
567069,1,7,10,4.957034794590005
567078,1,7,9,16.722310707795987
567119,0,7,0,0.0958399610713403
567143,1,7,8,11.726102072646578
567145,1,7,6,18.160419242799044
567149,1,7,2,4.223169929608012
567158,1,7,8,16.086610088573018
567163,0,7,0,0.2654958645215
567174,1,7,9,25.280974773061413
567197,1,7,9,16.933409975158632
567203,1,7,5,0.3586789934097332
567227,1,7,6,14.729980280795472
567231,1,7,9,25.034484731655212
567236,1,7,4,0.3586790108976326
567240,1,7,10,12.44120980816384
567241,1,7,10,8.286429052459301
567251,1,7,5,0.3586789934097332
567256,1,7,6,18.458003943233777
567257,1,7,5,0.3586789934097332
567258,1,7,6,12.52483566589355
567259,1,7,6,10.605045916964082
567268,1,7,5,0.3586789934097332
567270,1,7,9,25.56119586382087
567280,1,7,9,15.898409268167441
567290,1,7,4,0.3586790108976326
567294,1,7,5,0.3586789934097332
567317,1,7,1,12.192264603851058
567321,1,7,6,16.68888201967523
567345,1,7,6,19.393985988571117
567358,1,7,3,1.7196176299987407
567363,1,7,6,10.262804087208206
567400,1,7,1,5.342678271560766
567416,1,7,8,26.88713731244355
567421,1,7,8,16.8222122973544
567435,0,7,0,0.21739693069848492
567436,1,7,8,19.913040986831845
567443,1,7,9,15.2278323569592
567449,1,7,6,18.052783892117503
567464,1,7,8,23.646584930591025
567471,1,7,3,2.4275388122320463
567490,1,7,6,14.132262267165437
567502,1,7,5,0.3586789934097332
567529,1,7,6,11.359921103539433
567540,1,7,6,23.008611671845497
567551,1,7,4,0.3586790108976326
567554,1,7,1,17.99574733869655
567569,1,7,6,15.87062987006772
567597,1,7,6,6.499126352077675
567606,1,7,6,18.154415289898452
567642,1,7,5,0.3586789934097332
567645,1,7,3,2.186047718752584
567661,0,7,0,0.014305338887723925
567670,1,7,9,14.900458705505331
567673,1,7,6,15.37020447753648
567684,1,7,9,11.473847448531574
567691,1,7,4,0.3586790108976326
567710,1,7,6,9.573557927414022
567715,1,7,4,0.3586790108976326
567727,1,7,10,8.509451865307947
567734,1,7,1,22.42135484853515
567746,1,7,10,16.926340402660983
567760,1,7,8,28.197826184901526
567762,1,7,1,16.84673273946758
567776,1,7,6,21.873419591786146
567787,1,7,4,0.3586790108976326
567788,1,7,1,21.971825110885607
567808,1,7,10,11.735584641940846
567829,1,7,9,23.298469464360117
567836,1,7,4,0.3586790108976326
567845,1,7,9,22.74346840574957
567852,1,7,7,3.859525390067099
567858,1,7,8,27.357432395906326
567864,1,7,4,0.3586790108976326
567886,1,7,8,12.739379340051435
567889,1,7,6,20.412489562726613
567899,1,7,4,0.3586790108976326
567913,1,7,4,0.3586790108976326
567919,1,7,2,6.262377003242365
567921,0,7,0,0.012223051325954337
567926,1,7,8,14.465982452981239
567944,1,7,5,0.3586789934097332
567975,1,7,9,25.158245902248257
567982,1,7,5,0.3586789934097332
567989,1,7,9,26.420758682677562
567994,1,7,6,12.078799670045528
568002,1,7,9,25.259663669787333
568018,1,7,1,15.173968690399672
568021,1,7,10,9.168746929080566
568030,0,7,0,0.024847663181245948
568060,1,7,9,15.18656003848583
568062,1,7,9,25.472816878128924
568064,1,7,2,13.287383769864277
568070,1,7,5,0.3586789934097332
568080,1,7,4,0.3586790108976326
568082,1,7,9,23.64958736774126
568088,1,7,2,13.399207539343426
568100,1,7,8,8.04764944402108
568105,1,7,7,3.465621189392342
568112,1,7,8,25.68772378178872
568117,1,7,4,0.3586790108976326
568121,1,7,2,11.075196545445461
568130,1,7,4,0.3586790108976326
568132,1,7,8,8.98408862547658
568137,1,7,8,7.782697799069919
568143,1,7,8,16.415241411847443
568168,1,7,10,5.832463155198684
568175,1,7,8,2.071607293614936
568177,1,7,6,11.759329749327621
568187,1,7,9,6.965853083627965
568193,1,7,10,10.53559977600911
568204,1,7,8,13.481296671708515
568205,1,7,9,15.388055870972199
568219,1,7,8,12.697011261279895
568223,1,7,6,21.266624283494643
568281,1,7,9,4.864529192633782
568292,1,7,8,14.467746414272437
568326,1,7,8,26.02807720909998
568330,0,7,0,0.028564309526564934
568334,1,7,4,0.3586790108976326
568341,1,7,1,18.10205041370961
568357,1,7,10,15.83671440386462
568365,1,7,5,0.3586789934097332
568374,1,7,4,0.3586790108976326
568376,1,7,10,20.293154324121616
568383,1,7,8,24.085836044362736
568402,1,7,6,8.627777511161755
568409,1,7,9,14.523888139667918
568416,1,7,4,0.3586790108976326
568417,1,7,9,5.78062114102205
568421,1,7,6,14.954820205188852
568424,1,7,7,2.374825944831665
568436,1,7,8,20.05784023001816
568470,1,7,6,20.806956360983985
568474,1,7,6,14.619686103542856
568491,1,7,2,6.2387517281090545
568512,1,7,4,0.358679009087165
568522,1,7,5,0.3586789934097332
568525,1,7,7,4.622946220158494
568541,1,7,4,0.3586790108976326
568543,1,7,4,0.3586790108976326
568572,1,7,6,12.354101925090633
568581,1,7,6,8.685926873500579
568591,1,7,1,22.34016524984055
568614,0,7,0,0.02436231976323559
568631,1,7,2,5.100716149656134
568641,1,7,4,0.3586790108976326
568646,1,7,7,4.30644817908466
568648,0,7,0,0.019630603054613612
568650,1,7,10,17.649628927379766
568657,1,7,5,0.3586789934097332
568681,1,7,5,0.3586789934097332
568685,1,7,4,0.3586790108976326
568692,1,7,6,22.977759457993752
568694,1,7,5,0.3586789934097332
568702,1,7,4,0.3586790108976326
568704,1,7,9,24.007749052497477
568706,1,7,1,22.848073715066764
568715,1,7,5,0.3586789934097332
568716,1,7,8,28.441835949945904
568717,1,7,9,25.94800787473296
568720,1,7,4,0.3586790108976326
568738,1,7,9,24.418010318499064
568761,1,7,4,0.3586790108976326
568772,1,7,7,1.9118570935859034
568783,1,7,1,15.79624722767609
568784,1,7,8,15.396197793552032
568808,0,7,0,0.1677679557099748
568853,1,7,10,7.049302792161935
568857,1,7,10,7.674690073862483
568868,1,7,1,19.123035196789946
568869,1,7,8,25.693663568654664
568877,1,7,7,4.552287934732036
568879,1,7,9,24.78850620661458
568896,1,7,4,0.3586790108976326
568900,1,7,9,11.983381932921645
568903,1,7,4,0.3586790108976326
568907,0,7,0,0.01670853883967996
568909,1,7,9,6.346848671931486
568933,1,7,9,20.6267982123197
568934,1,7,8,19.89003470335967
568941,1,7,5,0.3586789934097332
568945,1,7,10,15.675233177757468
568946,1,7,4,0.3586790108976326
568951,1,7,8,9.831611419294305
568965,1,7,10,13.34503776239824
568975,1,7,7,3.136031154842642
568997,1,7,8,12.679511143468602
569007,1,7,3,2.4211436103883823
569011,1,7,4,0.3586790108976326
569013,1,7,8,19.19125161512872
569023,1,7,9,25.55440437229673
569024,1,7,7,3.884283224504854
569032,1,7,5,0.3586789934097332
569033,1,7,9,13.95001597328799
569039,1,7,9,16.84412991220798
569051,1,7,8,21.358195117097527
569054,1,7,5,0.3586789934097332
569056,1,7,4,0.3586790108976326
569058,1,7,6,13.254343099762728
569076,1,7,5,0.3586789949470627
569077,1,7,9,17.17189017176404
569078,1,7,8,20.339026938766587
569083,1,7,9,19.420935922765903
569087,1,7,5,0.3586789934097332
569088,1,7,3,2.3264070126428122
569112,1,7,9,7.102844495974706
569133,1,7,7,1.6882461324287998
569148,1,7,1,10.600734456938008
569157,1,7,4,0.3586790108976326
569204,1,7,9,26.354564513947274
569206,1,7,3,2.3890594353034342
569212,1,7,9,10.093193960312698
569214,1,7,6,11.64229600126669
569217,1,7,5,0.3586789934097332
569221,1,7,1,22.860239436651923
569223,1,7,1,22.243668735444718
569256,1,7,4,0.3586790108976326
569281,1,7,4,0.3586790108976326
569287,1,7,8,6.469852568326118
569289,1,7,9,16.43150062128539
569294,1,7,1,10.166410687800987
569295,1,7,1,21.062343322121276
569304,1,7,10,14.298999648481413
569307,1,7,9,26.280912713106336
569316,1,7,8,28.482500728839604
569317,1,7,2,10.906632229877468
569321,1,7,4,0.3586790108976326
569329,1,7,5,0.3586789934097332
569343,1,7,7,1.9405147005666452
569348,1,7,3,2.319806360872158
569354,1,7,10,15.253703658732695
569364,1,7,5,0.3586789949470627
569418,1,7,8,14.430053820348652
569420,1,7,8,19.519031071609252
569445,1,7,6,19.81758110174568
569462,1,7,10,8.301282109584454
569464,1,7,4,0.3586790108976326
569467,1,7,10,20.879053751304237
569470,1,7,9,21.51977152252397
569472,1,7,8,18.908334959920058
569496,1,7,1,6.358831900002597
569498,1,7,9,2.265466649668735
569500,1,7,10,21.20872562999888
569511,0,7,0,0.027682200438024048
569555,0,7,0,0.012420664006404425
569558,1,7,9,25.731458693965678
569568,1,7,10,19.666374996139936
569569,1,7,8,18.821277290070668
569573,1,7,10,9.604654864627946
569574,1,7,10,12.49714270286767
569619,1,7,1,17.522273350009577
569654,0,7,0,0.2059870061363872
569665,1,7,4,0.3586790108976326
569680,1,7,9,9.170072819839742
569681,1,7,6,18.51187984054299
569688,1,7,8,18.061651018386577
569710,1,7,6,12.418390144896767
569714,1,7,6,10.98460836644956
569717,1,7,9,8.924212226936374
569724,1,7,9,16.381725619085422
569727,1,7,4,0.3586790108976326
569737,1,7,1,12.11413153275892
569758,1,7,9,10.802765217581337
569765,1,7,9,24.608298528485385
569779,1,7,9,25.262755834943167
569783,1,7,6,18.591565404249067
569798,1,7,5,0.3586789934097332
569803,1,7,5,0.3586789934097332
569806,1,7,5,0.3586789934097332
569807,1,7,9,25.67193917260428
569810,1,7,9,24.37970143982051
569826,1,7,8,4.751842363891441
569830,1,7,7,2.121249563751189
569832,1,7,9,7.449084689189609
569851,1,7,10,3.4092185680269957
569853,1,7,6,6.7150144113075445
569858,1,7,9,4.464753924829998
569862,1,7,4,0.3586790108976326
569889,1,7,9,11.688626846477327
569893,1,7,6,10.968752354692864
569905,1,7,8,24.7458895079885
569921,1,7,2,10.485682274981873
569928,1,7,5,0.3586789934097332
569946,1,7,5,0.3586789934097332
569959,1,7,7,3.819412470455971
569994,1,7,8,15.357449230083418
570022,1,7,9,17.14847141651537
570023,1,7,10,12.438109941374865
570045,1,7,10,10.927486113495908
570066,1,7,8,18.911842222174492
570077,1,7,10,12.341446693643041
570079,1,7,9,23.011816301806004
570084,1,7,6,16.69723983172988
570085,1,7,6,8.198547288796451
570087,1,7,4,0.358679009087165
570090,0,7,0,0.016024646840867008
570093,1,7,8,17.117696634933193
570094,1,7,10,7.616473041494258
570095,1,7,6,10.938385001576389
570120,1,7,8,14.34010275523054
570139,1,7,9,7.989923109315742
570156,1,7,4,0.3586790108976326
570166,1,7,1,23.108548460339982
570186,1,7,4,0.3586790108976326
570187,1,7,5,0.3586789934097332
570198,1,7,9,11.613092824175876
570218,1,7,10,10.456675954129743
570239,1,7,6,9.166945960921348
570255,1,7,9,7.754403587858502
570259,1,7,9,23.709828561715653
570265,1,7,1,17.927053811386134
570277,1,7,7,3.2969454022272386
570279,1,7,5,0.3586789934097332
570282,1,7,10,6.422814911122882
570285,1,7,4,0.3586790108976326
570287,1,7,7,2.433525279693818
570302,1,7,9,26.249267947697664
570320,1,7,9,6.406895099434875
570323,1,7,8,22.114532794349053
570324,1,7,9,23.536300333554166
570332,0,7,0,0.02008352176834393
570349,1,7,9,2.6443981943823265
570355,1,7,3,2.212334396141499
570372,1,7,9,25.994416985713883
570373,1,7,1,22.307839334366403
570374,1,7,3,2.4230124987923896
570381,1,7,5,0.3586789949470627
570396,1,7,8,22.981861223998457
570397,1,7,4,0.3586790108976326
570435,1,7,2,7.760742037998316
570438,1,7,10,20.63463545311653
570469,1,7,4,0.3586790108976326
570473,1,7,9,8.396208217620778
570476,1,7,3,1.731751801297739
570485,1,7,9,18.43513053951639
570495,0,7,0,0.01421764294380912
570499,1,7,4,0.3586790108976326
570523,1,7,6,8.607696552598398
570528,1,7,9,13.129466751683678
570541,1,7,10,16.622974635169562
570543,1,7,4,0.3586790108976326
570550,1,7,4,0.3586790108976326
570571,1,7,6,21.681854822110555
570573,1,7,6,22.80970743058717
570575,1,7,4,0.3586790108976326
570586,1,7,2,6.866405154483084
570604,1,7,5,0.3586789934097332
570619,1,7,10,5.088749403868623
570621,1,7,8,8.837848015932021
570639,1,7,10,15.287392065123145
570664,1,7,9,20.650411362542922
570678,1,7,2,1.5756138463831961
570682,1,7,1,5.378401307996124
570690,1,7,9,8.607715429942033
570720,1,7,5,0.3586789934097332
570725,1,7,5,0.3586789934097332
570760,1,7,6,23.76911241748197
570769,1,7,3,2.1986877606731543
570779,1,7,10,6.84025603867632
570802,1,7,7,4.537978100056471
570803,0,7,0,0.17604939643029718
570808,1,7,8,9.454650225419408
570818,1,7,8,21.644187828213035
570824,1,7,9,10.276106584687877
570840,1,7,6,17.19535663170081
570842,0,7,0,0.02764924858426284
570844,1,7,8,25.32537776714728
570852,1,7,9,3.1635597106013744
570854,1,7,4,0.3586790108976326
570859,1,7,2,13.436836855508645
570869,1,7,4,0.3586790108976326
570877,1,7,9,20.182300090643682
570878,1,7,9,16.413520259446116
570917,1,7,4,0.3586790108976326
570936,1,7,8,18.63722365112204
570938,1,7,9,25.156227756575213
570945,1,7,7,4.07908086115742
570974,1,7,3,2.3827489420173764
570977,1,7,8,9.329915911313948
570991,1,7,9,17.50958659330495
570996,1,7,5,0.3586789934097332
571009,1,7,4,0.3586790108976326
571012,1,7,8,22.915654939664993
571013,1,7,9,22.74027165811088
571027,1,7,4,0.3586790108976326
571029,1,7,9,23.12800399921289
571039,1,7,9,20.21827550203269
571042,1,7,5,0.3586789934097332
571043,1,7,8,24.473232729196013
571059,1,7,4,0.3586790108976326
571061,1,7,9,17.162608577976105
571078,0,7,0,0.012688708256016165
571083,1,7,9,21.83510091188965
571088,1,7,9,24.586175428067094
571095,1,7,3,2.3855532945608715
571105,1,7,4,0.3586790108976326
571122,1,7,5,0.3586789934097332
571170,1,7,8,8.733838057402405
571181,1,7,1,14.583555640720984
571186,1,7,9,25.23419955973649
571187,1,7,1,21.08575573595642
571188,1,7,9,12.767180132700537
571190,1,7,5,0.3586789934097332
571217,1,7,5,0.3586789934097332
571219,1,7,7,3.3322112557776027
571227,1,7,8,16.02832628744414
571236,1,7,1,16.17120809136291
571244,1,7,9,15.208041767073277
571246,1,7,6,13.530399415066027
571258,1,7,9,24.609028004565346
571273,1,7,10,20.706946381104682
571321,1,7,9,5.692367487850966
571332,1,7,10,11.81076996017826
571333,1,7,10,9.251424186269832
571351,1,7,6,18.066818059297617
571353,1,7,9,23.126679814877185
571357,1,7,10,10.270520443757333
571384,1,7,4,0.3586790108976326
571385,1,7,8,25.53890929046993
571388,1,7,9,14.953954692266008
571393,1,7,6,15.760698972313964
571407,1,7,4,0.3586790108976326
571408,0,7,0,0.014788743670542866
571418,1,7,9,8.926100883906301
571426,0,7,0,0.023773440475846373
571430,1,7,4,0.3586790108976326
571435,1,7,5,0.3586789934097332
571446,1,7,8,11.629740975696455
571466,1,7,8,23.091327165952276
571477,1,7,9,25.637060610814647
571490,1,7,1,22.941355273150442
571506,1,7,6,14.009627822740203
571508,1,7,8,20.873814165583347
571515,1,7,4,0.3586790108976326
571540,0,7,0,0.016263500830701504
571554,1,7,8,10.20392232578835
571555,1,7,1,20.766274666675283
571558,1,7,9,17.10089379463921
571560,1,7,5,0.3586789934097332
571563,0,7,0,0.03200406838322118
571570,1,7,8,13.435789053498485
571577,1,7,8,17.64413278965374
571586,1,7,1,10.511583635973624
571592,1,7,8,24.73550155953488
571594,1,7,9,22.990498824191256
571598,1,7,3,1.8684201370593492
571601,1,7,9,25.470956734192132
571610,1,7,10,14.155266952745933
571620,1,7,9,11.642150025678669
571643,1,7,5,0.3586789934097332
571658,1,7,8,19.604154964339507
571662,1,7,7,4.526817168290587
571665,1,7,6,8.504117364028515
571666,1,7,4,0.3586790108976326
571673,1,7,4,0.358679009087165
571679,1,7,5,0.3586789949470627
571709,1,7,8,28.55442861612455
571714,0,7,0,0.23197904955301032
571739,0,7,0,0.03819213653958527
571740,0,7,0,0.030682945490185062
571756,1,7,10,20.209348793252985
571766,0,7,0,0.02059081597542042
571767,1,7,8,18.194802196206705
571778,1,7,5,0.3586789934097332
571788,1,7,6,14.829666629958075
571800,1,7,6,8.868953727136262
571801,1,7,6,14.550111750213972
571803,1,7,4,0.3586790108976326
571829,1,7,9,10.61028269523494
571833,1,7,4,0.3586790108976326
571852,1,7,5,0.3586789934097332
571860,1,7,6,9.257021657410329
571867,1,7,1,22.072612450188263
571877,1,7,9,24.786927454504152
571899,1,7,4,0.3586790108976326
571900,1,7,8,14.489390430863525
571913,1,7,5,0.3586789934097332
571915,1,7,4,0.3586790108976326
571922,1,7,5,0.3586789934097332
571939,1,7,7,2.98244775979478
571946,1,7,5,0.3586789934097332
571960,1,7,7,4.510497293116373
571969,1,7,8,12.276163703986468
571972,1,7,5,0.3586789934097332
571974,1,7,1,16.724262475696953
571978,1,7,3,2.301715135715093
572011,1,7,6,23.699182720665064
572015,1,7,8,27.91838646143383
572021,1,7,9,22.28624003012497
572055,1,7,9,24.0519589025931
572063,1,7,4,0.3586790108976326
572073,1,7,5,0.3586789934097332
572077,1,7,5,0.3586789934097332
572111,1,7,2,4.973950108714044
572120,1,7,6,17.332539575994765
572132,1,7,1,17.83341993641765
572137,1,7,9,11.623424284893778
572144,1,7,8,7.7882839992466035
572153,1,7,8,6.97527914887147
572157,1,7,10,9.39445040516074
572171,1,7,1,13.858491098301355
572174,1,7,9,2.8526158668401838
572185,1,7,4,0.3586790108976326
572192,1,7,9,12.076671682584486
572198,1,7,6,12.508176906715285
572208,0,7,0,0.020372621089350163
572237,1,7,2,11.118406783958834
572255,1,7,9,12.767617043183819
572257,1,7,10,11.780913524184179
572259,1,7,7,4.321575539489178
572265,1,7,6,16.55594402097122
572274,1,7,4,0.3586790108976326
572278,1,7,8,16.031629279893476
572297,1,7,10,19.69068369849795
572302,1,7,8,21.36368036812235
572304,1,7,5,0.3586789934097332
572317,1,7,9,25.051127466064564
572322,1,7,8,20.785395074139473
572353,1,7,5,0.3586789949470627
572373,1,7,2,5.542428903897867
572374,1,7,5,0.3586789934097332
572379,1,7,1,7.221793011770395
572381,1,7,9,10.269290380626218
572391,1,7,7,4.232042187071972
572415,1,7,3,2.4176400084411305
572432,1,7,2,2.1865445584432877
572436,1,7,9,14.930672933109363
572444,1,7,3,1.3610973162492694
572473,1,7,9,2.8466389205892337
572477,1,7,5,0.3586789934097332
572488,1,7,9,21.69458016785343
572494,1,7,4,0.3586790108976326
572498,1,7,10,6.134772826360905
572513,1,7,10,15.308663379849902
572515,1,7,4,0.3586790108976326
572550,1,7,9,21.977643925210213
572557,1,7,6,13.189071598972381
572558,1,7,9,21.651673896926777
572570,1,7,7,4.542801717746983
572586,1,7,6,8.716587824915768
572592,1,7,4,0.3586790108976326
572593,1,7,9,2.5929686043426834
572637,1,7,10,7.842076969579244
572661,1,7,8,23.17267758091113
572664,1,7,10,14.481775787349639
572675,1,7,8,14.652847116926054
572689,1,7,6,5.298422295269474
572704,1,7,10,9.421945938192103
572711,0,7,0,0.011788335758073086
572721,1,7,9,13.368803980445438
572725,1,7,9,19.765290656577083
572733,1,7,6,19.86566589960514
572738,1,7,5,0.3586789934097332
572743,1,7,5,0.3586789934097332
572753,1,7,5,0.3586789934097332
572754,1,7,5,0.3586789934097332
572762,1,7,8,15.112601175283224
572769,0,7,0,0.025788187800970253
572790,1,7,8,24.645679899484758
572795,1,7,5,0.3586789934097332
572797,1,7,4,0.3586790108976326
572804,1,7,10,18.672607828492723
572813,1,7,9,11.501982941398804
572816,1,7,5,0.3586789934097332
572831,1,7,10,17.841586252564664
572837,1,7,5,0.3586789934097332
572844,1,7,1,14.123038123342907
572848,1,7,5,0.3586789934097332
572854,1,7,1,18.548975149501185
572855,0,7,0,0.1677659290230031
572860,1,7,5,0.3586789934097332
572870,1,7,4,0.3586790108976326
572880,1,7,8,6.314867140597656
572890,1,7,10,9.51499396313926
572892,1,7,4,0.3586790108976326
572913,1,7,9,12.432673467212426
572916,0,7,0,0.20909367417468375
572921,1,7,1,11.682697336612435
572939,1,7,4,0.3586790108976326
572941,1,7,5,0.3586789934097332
572987,1,7,2,3.840451803705908
573011,1,7,9,25.475514259823264
573012,1,7,1,15.566208470922385
573041,1,7,9,5.256160685351178
573046,1,7,2,8.570856676780974
573050,1,7,5,0.3586789934097332
573060,1,7,6,6.8546897830529865
573072,1,7,6,9.043181889080534
573105,1,7,1,5.172560410178928
573112,1,7,8,11.55017586862952
573113,1,7,6,6.733598913193064
573114,1,7,7,1.8123393665434069
573132,1,7,8,10.715917349681376
573146,1,7,3,1.7084307618048074
573147,1,7,8,13.850646778806677
573159,1,7,4,0.3586790108976326
573162,1,7,2,7.8288732740066225
573165,0,7,0,0.017419379886665656
573167,1,7,6,8.90324459892892
573187,0,7,0,0.021215201695933206
573193,1,7,9,13.617478584601557
573194,1,7,5,0.3586789934097332
573195,1,7,5,0.3586789934097332
573201,0,7,0,0.012365691244629603
573206,1,7,9,15.105607829903297
573213,1,7,5,0.3586789934097332
573217,1,7,8,26.334998373349165
573224,1,7,8,25.516635529378288
573233,1,7,6,6.82786046506686
573239,1,7,5,0.3586789934097332
573250,1,7,4,0.3586790108976326
573275,1,7,5,0.3586789934097332
573279,1,7,9,15.551189128384252
573290,1,7,9,16.54604627629468
573295,1,7,9,19.806162729584955
573301,1,7,6,13.739505741003626
573314,1,7,6,12.951205161837821
573316,1,7,5,0.3586789934097332
573327,1,7,9,12.300758961613427
573338,1,7,4,0.3586790108976326
573352,1,7,8,14.05154591270617
573361,1,7,4,0.3586790108976326
573392,1,7,1,21.943908751415638
573400,1,7,9,14.696141486247726
573402,1,7,10,19.876697566282495
573416,1,7,10,21.258698518953192
573422,1,7,10,15.762337781899632
573423,1,7,7,4.350705629240532
573427,1,7,1,6.437003284149484
573438,0,7,0,0.017006671951997985
573479,1,7,9,15.019160577937829
573481,1,7,5,0.3586789934097332
573484,1,7,6,14.764901117378399
573486,1,7,7,2.0023514227504133
573506,1,7,5,0.3586789934097332
573519,1,7,9,16.473783553055796
573532,1,7,9,16.220794294739598
573534,1,7,9,17.41861273461881
573538,1,7,8,9.864958474438328
573554,0,7,0,0.014389722843606583
573585,0,7,0,0.016039445724280274
573594,1,7,5,0.3586789934097332
573595,1,7,8,20.955864432509426
573599,1,7,8,16.563960707498286
573614,1,7,3,1.8307574394471218
573626,1,7,4,0.3586790108976326
573630,1,7,8,9.358565484647212
573643,1,7,9,25.746079551548164
573644,1,7,8,8.851869273218927
573651,1,7,4,0.3586790108976326
573663,1,7,8,2.84832769033749
573669,1,7,4,0.3586790108976326
573674,1,7,9,12.984203164245175
573691,1,7,1,23.217027333798107
573711,0,7,0,0.02400825266688938
573717,1,7,9,2.5864907689668213
573732,1,7,6,23.355923578367804
573733,1,7,5,0.3586789934097332
573749,1,7,9,18.612866733137523
573756,1,7,5,0.3586789934097332
573758,1,7,6,9.047845758735237
573784,1,7,5,0.3586789934097332
573791,1,7,10,11.37635149653112
573817,1,7,8,26.24420999336029
573821,1,7,8,16.52565657242137
573829,1,7,6,22.73160511737
573852,1,7,9,19.01009659650382
573863,0,7,0,0.0572428918397384
573876,1,7,9,23.052540292503203
573878,1,7,5,0.3586789934097332
573879,1,7,8,12.12141536736825
573890,1,7,2,14.104287125346314
573898,1,7,10,13.777874778763803
573933,1,7,9,25.312405335045586
573936,1,7,9,9.450516660559458
573941,1,7,7,3.3423828669887667
573954,1,7,6,13.133527933998137
573958,1,7,7,4.097500648023331
573963,1,7,3,1.2835932472431373
573987,1,7,9,6.98598305265102
573988,1,7,10,12.20790995596862
573993,1,7,10,4.6711325547634495
573997,1,7,3,1.4048530817709033
574017,1,7,10,21.27354438168427
574024,1,7,9,26.075636391329475
574028,1,7,9,22.93583424681454
574032,1,7,5,0.3586789934097332
574049,1,7,7,4.346061122837375
574065,1,7,6,10.60313369844573
574068,1,7,8,23.651381461839822
574071,1,7,7,2.3613304021401236
574096,1,7,8,24.920599665362435
574099,1,7,9,21.294337264935077
574111,1,7,9,26.146848366797098
574115,1,7,8,22.054236854471768
574125,1,7,1,19.383437454609098
574143,1,7,4,0.3586790108976326
574154,0,7,0,0.02403335429932694
574157,1,7,8,6.111088015474777
574168,1,7,1,16.938538472661225
574169,1,7,7,4.2603926960973215
574170,1,7,6,13.797420281704827
574181,1,7,10,13.235461176782152
574188,1,7,1,12.467810362154339
574213,1,7,10,5.503951931891151
574217,1,7,5,0.3586789934097332
574228,0,7,0,0.026508414932988826
574239,1,7,5,0.3586789934097332
574262,1,7,6,10.414774914687934
574279,1,7,9,23.31104093234284
574292,1,7,5,0.3586789949470627
574312,1,7,2,8.36495933060615
574323,1,7,5,0.3586789934097332
574357,1,7,1,19.97685060071393
574360,1,7,9,21.70381421954442
574372,0,7,0,0.019189815539573645
574383,1,7,7,4.142712408430637
574391,1,7,8,7.525165265864657
574412,1,7,4,0.3586790108976326
574421,1,7,5,0.3586789934097332
574422,1,7,8,11.141625913352774
574437,1,7,10,17.29107776585882
574442,1,7,4,0.3586790108976326
574446,1,7,9,22.563138917368434
574456,1,7,9,20.4086496705071
574466,1,7,9,23.328176490677485
574470,1,7,8,23.115310811423754
574478,1,7,8,5.603621650339525
574481,1,7,2,3.9516931103777733
574486,1,7,4,0.3586790108976326
574496,1,7,9,14.541419776415417
574505,1,7,4,0.3586790108976326
574538,1,7,1,6.092721412659602
574547,1,7,8,8.709274424775845
574548,1,7,6,23.333961257726475
574552,1,7,1,11.488198393229172
574557,1,7,10,7.229921360966842
574564,0,7,0,0.016532138033636845
574566,1,7,10,20.004638763857262
574575,1,7,8,22.637899950453907
574577,1,7,5,0.3586789934097332
574586,1,7,5,0.3586789934097332
574596,1,7,7,2.929708403894908
574644,1,7,8,18.95780116572331
574651,1,7,10,11.366671664790415
574655,1,7,8,26.828019683653324
574656,1,7,10,7.885481166649017
574684,1,7,9,26.170373789530192
574712,1,7,5,0.3586789934097332
574765,1,7,8,20.86627110620789
574776,1,7,6,7.797820697197239
574779,1,7,9,14.604500966795017
574793,1,7,8,8.213736442706574
574796,1,7,4,0.3586790108976326
574797,1,7,7,2.5680299465498204
574802,1,7,5,0.3586789934097332
574832,1,7,10,21.129914198413488
574854,1,7,2,0.9459414845736134
574855,1,7,8,7.430765471197671
574863,1,7,6,20.543389425489323
574872,1,7,4,0.3586790108976326
574882,1,7,4,0.3586790108976326
574885,1,7,10,3.523500957490441
574898,1,7,4,0.3586790108976326
574928,1,7,7,4.307182002111701
574943,1,7,1,6.438287298881556
574945,1,7,4,0.3586790108976326
574947,1,7,4,0.3586790108976326
574948,1,7,4,0.3586790108976326
574954,1,7,6,17.003767960775363
574958,1,7,1,22.062173936393194
574972,1,7,8,15.346685881047026
574974,0,7,0,0.012481961076762863
574998,1,7,5,0.3586789934097332
575001,1,7,4,0.358679009087165
575005,1,7,8,14.290177188502708
575010,1,7,10,21.27965780822564
575014,1,7,10,19.256466825958515
575029,1,7,10,4.127667810450436
575050,1,7,7,1.209010194852854
575077,1,7,6,23.63031422790041
575080,1,7,5,0.3586789934097332
575085,1,7,5,0.3586789934097332
575088,1,7,9,26.24299684390767
575099,1,7,6,14.555813373603883
575111,1,7,5,0.3586789934097332
575128,1,7,3,2.002437304834113
575132,1,7,4,0.3586790108976326
575135,1,7,8,20.369124045110595
575137,1,7,7,4.044223058942839
575150,0,7,0,0.012708379750521113
575153,1,7,4,0.3586790108976326
575155,1,7,6,7.759721865920082
575158,1,7,6,23.744359991811105
575168,1,7,1,10.906123803609825
575179,1,7,4,0.3586790108976326
575195,1,7,10,15.309902605625483
575209,1,7,9,14.886259190252755
575230,1,7,6,11.54936810949145
575237,0,7,0,0.17846191926145077
575244,1,7,4,0.3586790108976326
575249,1,7,2,12.54702112337799
575257,1,7,4,0.3586790108976326
575261,1,7,1,19.875828590625325
575268,1,7,8,2.882949932988605
575273,1,7,1,21.59944819478646
575281,0,7,0,0.029092270778869715
575293,1,7,6,18.15131898143442
575295,1,7,7,2.0822047151106706
575303,1,7,9,24.541145263231208
575320,1,7,4,0.3586790108976326
575326,1,7,8,17.133333347842875
575329,1,7,8,10.357984681851173
575331,1,7,9,23.540079207082506
575335,1,7,9,10.359486761461538
575364,1,7,9,16.7152873195155
575369,1,7,5,0.3586789934097332
575374,1,7,3,2.2813213410991544
575375,1,7,9,14.947324754984717
575401,1,7,10,17.58621609991817
575412,1,7,2,11.44796421038475
575422,1,7,8,15.565706775599066
575426,1,7,2,4.05309933797073
575431,1,7,9,4.235737793005578
575451,1,7,2,5.094828903987815
575460,1,7,1,19.54501417591735
575463,1,7,10,12.134233247797328
575466,1,7,8,28.529886928737746
575468,1,7,4,0.3586790108976326
575478,1,7,1,8.836060600492656
575482,1,7,6,12.356849194323654
575490,1,7,9,22.286297013133893
575498,1,7,6,21.05462235683978
575499,1,7,4,0.3586790108976326
575501,1,7,10,18.145614049065514
575552,1,7,9,14.273325595179985
575556,0,7,0,0.015872264544118223
575577,1,7,5,0.3586789934097332
575581,1,7,9,3.4432821749133757
575596,1,7,9,16.75361773106634
575598,1,7,4,0.3586790108976326
575599,1,7,8,15.760727433683686
575603,1,7,4,0.3586790108976326
575627,1,7,5,0.3586789934097332
575636,0,7,0,0.018353650377588
575647,1,7,2,10.175827150394033
575650,1,7,3,2.059219106702919
575679,1,7,9,21.59713315039404
575689,1,7,6,11.516027897500305
575690,1,7,5,0.3586789934097332
575699,1,7,4,0.3586790108976326
575703,1,7,9,12.681378516294014
575716,1,7,6,18.97068355536261
575728,1,7,5,0.3586789934097332
575731,1,7,6,18.511123506223722
575735,1,7,5,0.3586789934097332
575743,1,7,5,0.3586789934097332
575747,1,7,9,9.823281257507093
575749,1,7,5,0.3586789934097332
575753,1,7,1,12.621762420061156
575759,1,7,8,23.7257272920359
575771,1,7,8,2.0705211413010605
575776,1,7,5,0.3586789934097332
575780,1,7,2,10.954851870486117
575792,1,7,3,1.1302731576883618
575807,1,7,4,0.3586790108976326
575818,1,7,10,8.950325035128989
575833,1,7,10,20.375819857142112
575848,1,7,9,4.797929837286619
575854,1,7,8,8.536487694772106
575862,1,7,5,0.3586789949470627
575889,1,7,10,8.753444529146547
575890,1,7,5,0.3586789934097332
575896,1,7,2,9.972176600002442
575915,1,7,2,13.276142868986323
575935,0,7,0,0.01602519335267958
575944,1,7,4,0.3586790108976326
575957,1,7,9,19.60736316354129
575958,1,7,8,17.05320087785356
575976,1,7,8,23.201649576207878
575983,1,7,4,0.3586790108976326
576048,1,7,5,0.3586789934097332
576054,1,7,5,0.3586789934097332
576057,1,7,6,19.965659578324306
576061,1,7,10,12.74424733648693
576065,1,7,9,21.56901505953184
576071,1,7,6,13.419440948819751
576075,1,7,7,2.636595497575899
576078,1,7,7,4.166897371179055
576082,1,7,10,10.304207674688435
576090,1,7,3,2.3868676688960386
576094,1,7,10,17.943732893344624
576097,1,7,9,12.506852781537264
576100,1,7,6,6.423105894086892
576128,1,7,7,3.634176694833044
576133,0,7,0,0.012083774704065122
576137,1,7,7,1.5991986331929324
576143,1,7,9,16.456339844092273
576162,1,7,4,0.3586790108976326
576166,0,7,0,0.017141312816664016
576170,1,7,2,6.910325698619255
576176,1,7,2,8.141703456749322
576208,1,7,7,3.480389442841832
576213,1,7,9,13.23916462206175
576216,1,7,9,10.407103023747249
576231,1,7,8,25.362576227689914
576254,1,7,10,13.042965269372694
576265,1,7,5,0.3586789934097332
576273,1,7,5,0.3586789934097332
576287,1,7,10,14.41654840592189
576293,1,7,5,0.3586789934097332
576301,1,7,9,13.497656475422483
576323,1,7,2,5.747920456791226
576324,1,7,8,16.27502138364252
576331,1,7,9,10.478288141657172
576332,1,7,4,0.3586790108976326
576335,1,7,9,25.267607201079826
576360,1,7,5,0.3586789934097332
576376,1,7,4,0.3586790108976326
576398,1,7,4,0.3586790108976326
576400,1,7,9,24.758208672214742
576414,1,7,8,11.080664406077373
576448,1,7,8,23.533408291884587
576451,0,7,0,0.014042215199850532
576500,1,7,5,0.3586789934097332
576503,1,7,10,9.334922579870305
576508,1,7,5,0.3586789934097332
576518,1,7,6,23.020713055488876
576539,1,7,9,16.581333088681703
576540,1,7,8,26.573613012491517
576566,1,7,3,2.342755261716298
576572,1,7,7,1.9927047907763917
576576,1,7,7,3.4486462083609903
576577,1,7,4,0.3586790108976326
576597,1,7,6,23.075587133141006
576614,1,7,10,21.214502409721547
576615,1,7,8,17.798896341292618
576624,1,7,1,22.060242683256142
576654,1,7,1,16.76303448255577
576665,1,7,8,16.866603811360186
576671,1,7,4,0.3586790108976326
576705,1,7,1,23.161658538329384
576709,1,7,10,4.4797231043725745
576738,1,7,3,0.7027565969593524
576750,1,7,4,0.3586790108976326
576755,1,7,9,19.319051822543265
576758,1,7,8,22.775376964406057
576767,1,7,8,21.653571556642394
576794,0,7,0,0.021070950548095782
576796,1,7,7,2.635077054991481
576811,1,7,4,0.3586790108976326
576822,1,7,4,0.3586790108976326
576829,0,7,0,0.015540375452440094
576834,1,7,1,21.782877355855817
576839,1,7,10,19.12675167789134
576842,1,7,5,0.3586789934097332
576850,1,7,8,23.56592963081213
576863,1,7,6,6.537594955510166
576869,1,7,2,10.44852988986532
576882,1,7,4,0.3586790108976326
576895,1,7,4,0.3586790108976326
576896,1,7,10,16.59930434654629
576900,1,7,5,0.3586789934097332
576903,1,7,9,15.604107570852168
576906,1,7,9,16.69605132700264
576919,1,7,6,22.789470360713462
576923,1,7,10,7.205253137061215
576924,0,7,0,0.02045117786990953
576947,1,7,1,6.629999589248347
576955,1,7,4,0.3586790108976326
576957,1,7,8,8.164418450913448
576958,1,7,8,8.68109835272559
576960,1,7,5,0.3586789934097332
576966,1,7,6,7.529194044364034
576971,1,7,2,13.534095067593055
576974,0,7,0,0.02520915609477924
577001,1,7,8,5.481052731419097
577006,1,7,10,12.184627576779004
577007,1,7,9,4.818346568767323
577016,1,7,1,18.006566747235855
577031,1,7,1,21.5257895874771
577037,1,7,8,28.406405632542107
577039,1,7,8,16.861966374372916
577046,1,7,10,20.714478619158463
577056,1,7,6,8.701667400464542
577066,1,7,10,18.516010501188813
577067,1,7,7,1.1140909438810571
577080,1,7,5,0.3586789934097332
577082,1,7,8,27.827312544702473
577087,1,7,9,16.2077967018578
577092,1,7,8,22.980273646115304
577094,1,7,6,20.721471067111885
577101,1,7,9,23.154601954584177
577110,1,7,4,0.3586790108976326
577121,1,7,5,0.3586789934097332
577133,1,7,6,11.452868716858779
577158,1,7,3,1.5411444806052952
577172,1,7,10,17.713971290122778
577175,1,7,9,18.79361764581647
577180,1,7,8,12.886622560291821
577186,1,7,4,0.3586790108976326
577216,1,7,10,12.135671577533474
577218,1,7,1,8.92593089662486
577223,1,7,9,21.24981361463001
577229,1,7,6,19.817405309983645
577232,1,7,7,2.1137540325607946
577253,1,7,6,11.15168526833285
577261,1,7,7,1.8717979390711887
577265,1,7,10,9.995947723346697
577266,1,7,6,12.453052566833717
577268,1,7,8,10.467312349327766
577283,1,7,5,0.3586789934097332
577324,1,7,9,26.271401753825284
577325,1,7,8,28.49595417728749
577329,1,7,1,17.95151878475492
577331,1,7,8,12.750586190252516
577350,1,7,4,0.3586790108976326
577365,1,7,9,22.01851208042425
577373,1,7,9,26.376569510300488
577376,1,7,8,20.353509708893196
577383,1,7,9,10.4201585605386
577386,1,7,9,15.020499422134804
577400,1,7,1,15.89033626416474
577408,1,7,6,10.345961145025246
577409,1,7,8,13.953087279182776
577413,1,7,5,0.3586789934097332
577417,1,7,8,8.265086051040369
577418,1,7,8,17.633418760447505
577419,1,7,8,17.753372045208685
577424,1,7,9,21.64552844677849
577427,1,7,9,4.820931129123575
577430,1,7,9,7.689637391906426
577432,1,7,3,2.335139050531384
577455,1,7,4,0.3586790108976326
577461,1,7,10,19.697754429585956
577469,1,7,10,3.004127193346371
577482,1,7,7,4.401821191539011
577486,1,7,4,0.3586790108976326
577523,1,7,8,14.990592905036305
577543,1,7,10,13.544518455419965
577547,1,7,9,26.36834695827689
577554,1,7,9,13.038169183624287
577563,1,7,5,0.3586789934097332
577583,1,7,4,0.3586790108976326
577589,1,7,1,8.011080048473278
577614,1,7,1,22.685694874203335
577632,1,7,7,2.382287950783859
577635,1,7,5,0.3586789934097332
577657,1,7,1,22.99195334466986
577668,1,7,1,16.926680490313867
577686,1,7,9,7.966974041905891
577709,0,7,0,0.016265785331333993
577757,1,7,8,15.42558146654405
577771,1,7,6,23.743404032340244
577777,1,7,5,0.3586789934097332
577794,1,7,9,16.68872094917569
577805,1,7,5,0.3586789934097332
577820,1,7,8,16.366251086166333
577827,1,7,1,21.598553292302093
577835,1,7,10,21.08597798716481
577874,1,7,9,24.864420560144218
577879,0,7,0,0.013449393565546816
577887,1,7,9,12.489036584461667
577906,1,7,4,0.358679009087165
577915,1,7,1,23.179864829963257
577932,1,7,8,17.190141308631645
577934,1,7,5,0.3586789934097332
577940,1,7,8,9.425043726774453
577945,1,7,7,1.2396665686297839
577959,1,7,10,6.395245930408177
577966,1,7,6,7.25108432907554
577972,1,7,9,16.32348415077343
577975,1,7,8,24.719204020455706
577983,1,7,3,1.2961195097557516
577992,1,7,7,4.23779678979977
578001,1,7,5,0.3586789934097332
578004,1,7,5,0.3586789934097332
578016,1,7,5,0.3586789934097332
578017,1,7,9,14.125191170018672
578021,1,7,4,0.3586790108976326
578053,1,7,10,11.215163610423168
578059,1,7,4,0.3586790108976326
578069,1,7,9,7.211320801805415
578089,1,7,4,0.3586790108976326
578091,1,7,1,14.6478150243125
578100,1,7,8,5.285955847384485
578101,1,7,7,4.0076633066148455
578118,1,7,5,0.3586789934097332
578119,1,7,8,17.294689639919618
578129,1,7,9,22.383737481743534
578142,1,7,6,19.429961130694224
578149,1,7,5,0.3586789934097332
578173,1,7,9,17.100777847950067
578207,1,7,5,0.3586789934097332
578208,1,7,5,0.3586789949470627
578212,1,7,10,18.943111340592342
578225,1,7,3,2.453843955112191
578227,1,7,1,4.048808898257605
578230,1,7,6,22.389094894545526
578239,1,7,1,12.278031623573966
578244,1,7,6,18.068784105189163
578246,1,7,1,15.959378520955415
578248,1,7,6,12.518299786103297
578270,1,7,4,0.3586790108976326
578271,1,7,5,0.3586789934097332
578282,1,7,9,7.554516388724208
578289,1,7,1,17.299427628381427
578290,1,7,6,15.141089420536057
578308,1,7,8,15.110324968301468
578314,1,7,8,21.361712806366434
578315,0,7,0,0.026971224816657507
578323,1,7,6,11.627297808965217
578328,1,7,4,0.3586790108976326
578349,0,7,0,0.022776409733615544
578366,1,7,4,0.3586790108976326
578386,1,7,9,12.18463083703649
578387,1,7,9,24.1421828625385
578393,1,7,8,26.26249224995071
578394,1,7,6,23.59451164771129
578430,0,7,0,0.026336229151098484
578435,1,7,8,7.94352392744264
578448,1,7,5,0.3586789934097332
578452,1,7,6,4.461050408092422
578453,1,7,8,24.919760966955327
578478,1,7,3,2.452944622926945
578486,1,7,4,0.3586790108976326
578527,1,7,9,17.1905206696759
578529,1,7,6,13.936091167221349
578538,1,7,8,12.364346439508786
578551,1,7,6,14.120603864554516
578576,1,7,7,1.660149059538674
578579,1,7,9,25.148399998983567
578580,1,7,4,0.3586790108976326
578583,1,7,8,28.04377987982833
578590,1,7,8,21.652065195975744
578591,1,7,7,3.8184595858246286
578595,1,7,6,10.200454117675898
578597,1,7,2,2.9960876714236857
578624,1,7,1,15.744065145883898
578635,1,7,9,25.89919606013569
578637,1,7,8,14.489998549126673
578643,1,7,6,23.59285842342257
578645,1,7,8,12.62811718963767
578658,1,7,8,18.759176119850395
578663,1,7,8,14.5871785079135
578665,1,7,9,19.515814826499867
578668,1,7,8,25.73860217376455
578671,1,7,9,11.964265456287563
578678,1,7,1,21.042755083540808
578696,1,7,10,10.287194912446154
578714,1,7,7,3.682883620271179
578715,1,7,1,17.13759078250567
578717,1,7,9,3.786493752929777
578738,0,7,0,0.018708382564204123
578742,1,7,4,0.3586790108976326
578777,1,7,8,11.61337851132322
578778,1,7,7,4.468556494138898
578783,1,7,5,0.3586789934097332
578788,1,7,10,12.353776399719964
578797,1,7,6,12.687921289399036
578834,1,7,9,12.057529888804217
578836,1,7,6,13.563192135340163
578841,1,7,9,5.167295994289296
578842,1,7,9,13.454881971827561
578855,1,7,1,16.881508174050456
578862,0,7,0,0.017938849077638326
578884,1,7,8,18.058046485942764
578902,1,7,8,11.846231718066782
578906,1,7,9,23.749601227938015
578915,1,7,8,9.355693500216708
578919,1,7,8,10.260902492665583
578921,1,7,8,13.485403043339204
578937,1,7,9,8.165003399166121
578947,1,7,4,0.3586790108976326
578948,1,7,8,20.395073724476948
578967,1,7,5,0.3586789934097332
578972,1,7,6,13.511916228660493
578978,1,7,8,23.117163833294168
578993,1,7,8,6.783644811585039
579002,1,7,7,1.9381587004482217
579011,1,7,5,0.3586789934097332
579020,1,7,10,20.79660199298553
579023,1,7,4,0.3586790108976326
579034,1,7,5,0.3586789934097332
579040,1,7,3,2.376652630550642
579045,1,7,8,21.264058640149017
579077,1,7,7,0.6921872790609859
579078,1,7,2,13.601077056666522
579081,1,7,10,17.597737333172393
579090,1,7,5,0.3586789934097332
579099,1,7,6,7.002870736387194
579112,1,7,5,0.3586789949470627
579131,1,7,6,20.83560998838632
579141,1,7,7,4.474385580441212
579143,1,7,6,23.598362598552356
579159,1,7,8,5.078548048869176
579161,1,7,9,22.427067168458613
579174,1,7,7,3.5719241965800994
579175,1,7,5,0.3586789934097332
579179,1,7,9,22.923119607254293
579183,1,7,4,0.3586790108976326
579188,1,7,3,0.7962716699972251
579193,1,7,4,0.3586790108976326
579197,0,7,0,0.25594617862082175
579202,1,7,4,0.3586790108976326
579209,1,7,8,16.450120765652173
579213,1,7,4,0.3586790108976326
579234,1,7,6,18.451692541806004
579244,1,7,6,15.09961261991915
579279,1,7,10,19.28829962997512
579292,1,7,9,14.661507720547782
579322,1,7,6,15.024157579787621
579323,0,7,0,0.06565114698249404
579328,1,7,8,7.043881403421859
579331,1,7,5,0.3586789934097332
579338,1,7,6,23.49961522899889
579349,1,7,5,0.3586789934097332
579352,1,7,1,20.885290541912074
579365,1,7,6,20.94305368064155
579379,1,7,9,22.994988265459565
579394,1,7,7,2.7494172514220008
579397,1,7,9,23.479710114158742
579413,1,7,6,13.945617636015744
579419,1,7,9,25.929200439290092
579425,1,7,9,21.102226045407793
579426,1,7,8,3.0581014942375297
579428,1,7,4,0.3586790108976326
579432,1,7,5,0.3586789934097332
579436,1,7,10,7.039260279366128
579438,1,7,10,10.012984373396218
579442,1,7,6,12.65114243841818
579456,1,7,6,6.275685739821554
579469,1,7,5,0.3586789934097332
579474,1,7,10,15.309272125605231
579479,1,7,9,24.88619198303506
579496,1,7,8,27.825799402479756
579507,0,7,0,0.017980347382676905
579521,0,7,0,0.19255189417664578
579522,1,7,5,0.3586789934097332
579532,0,7,0,0.23995698045482325
579547,1,7,9,25.545074697801525
579548,1,7,9,23.463048822015597
579556,1,7,4,0.3586790108976326
579596,1,7,8,15.137192946609755
579599,1,7,6,18.1641790330134
579615,1,7,1,20.586335434481516
579622,1,7,8,21.34476651970589
579625,1,7,6,10.802843372828633
579632,1,7,4,0.3586790108976326
579655,1,7,9,14.98074630295743
579661,1,7,5,0.3586789934097332
579666,1,7,9,15.010255783817307
579682,1,7,5,0.3586789934097332
579692,1,7,9,24.768461099385647
579695,1,7,1,19.789325678517727
579699,1,7,4,0.358679009087165
579714,1,7,7,2.5315355002412487
579729,1,7,5,0.3586789934097332
579735,1,7,10,11.57373603063814
579758,1,7,6,22.88779167692646
579768,1,7,6,15.162909667919244
579783,1,7,9,20.18978580563444
579790,1,7,4,0.3586790108976326
579822,1,7,9,24.368851870783814
579826,1,7,9,22.99669784282882
579827,1,7,10,10.116126803137757
579832,1,7,9,10.191746979244707
579843,1,7,9,3.351126962710071
579851,1,7,7,0.47658981701840697
579858,1,7,8,27.96172276947365
579868,1,7,10,19.297104166246893
579886,1,7,3,2.1186724397137473
579910,1,7,6,10.697273524761421
579920,1,7,1,3.8198199103985506
579933,1,7,6,6.227808384339808
579934,1,7,4,0.3586790108976326
579950,1,7,8,24.583459489408515
579952,1,7,8,27.877862317544334
579964,1,7,4,0.3586790108976326
579965,1,7,9,16.820424951017543
579969,1,7,10,10.991458133632406
579973,1,7,4,0.3586790108976326
579987,1,7,4,0.3586790108976326
579990,1,7,5,0.3586789934097332
579992,0,7,0,0.013567422181240933
579994,1,7,8,25.655738893781862
579999,1,7,8,16.518285601128916
580017,1,7,4,0.358679009087165
580065,1,7,1,22.718489325967834
580074,1,7,1,6.707137198022986
580084,1,7,5,0.3586789934097332
580094,1,7,9,23.524650761409585
580107,1,7,5,0.3586789934097332
580112,1,7,5,0.3586789934097332
580124,1,7,4,0.3586790108976326
580133,1,7,6,4.926616966848424
580146,1,7,9,24.788878679140986
580162,1,7,4,0.3586790108976326
580175,1,7,1,16.325929493029193
580176,1,7,6,9.801677356975153
580183,1,7,9,9.51624265172108
580186,1,7,6,11.242560470582921
580200,1,7,5,0.3586789934097332
580215,1,7,1,5.2262575459893315
580222,1,7,8,17.714359250565696
580236,1,7,5,0.3586789934097332
580241,1,7,4,0.3586790108976326
580247,1,7,6,22.920516105083486
580257,0,7,0,0.2146676822531206
580269,1,7,9,5.774860951082209
580297,1,7,6,18.978893570745438
580302,1,7,9,17.087668975622478
580308,1,7,5,0.3586789934097332
580319,1,7,9,11.643087545289541
580329,1,7,8,21.85552762976468
580349,1,7,9,14.253677869295547
580355,1,7,8,26.285503547904412
580359,1,7,5,0.3586789934097332
580363,1,7,8,18.551703210251777
580368,1,7,6,10.28109857940201
580371,1,7,5,0.3586789934097332
580388,1,7,1,20.586408595796467
580397,1,7,7,2.4167314254958168
580409,1,7,8,24.334245952827374
580413,1,7,1,11.745498997142198
580423,1,7,6,23.483201643934073
580430,1,7,6,23.749764929025638
580432,1,7,9,19.506519710025753
580443,1,7,4,0.3586790108976326
580445,1,7,8,18.333980493868292
580446,1,7,4,0.3586790108976326
580462,1,7,6,19.150633559425707
580484,1,7,8,8.042874485995652
580488,1,7,1,22.93930397518494
580500,0,7,0,0.06860724190444649
580503,1,7,1,20.790816480008225
580507,1,7,8,17.353695583206058
580516,1,7,9,12.399310794741734
580530,1,7,6,14.384673288659384
580535,1,7,10,11.789529123047776
580540,1,7,4,0.3586790108976326
580548,1,7,6,20.906026020521296
580552,1,7,10,8.282507070799637
580555,1,7,1,11.382802719601383
580576,1,7,10,5.794711276277183
580606,1,7,5,0.3586789934097332
580608,1,7,5,0.3586789934097332
580609,1,7,9,2.7248256855140744
580615,1,7,5,0.3586789934097332
580618,1,7,6,13.446371714541852
580619,1,7,10,19.965325907115812
580624,1,7,9,21.693654065187303
580628,1,7,8,14.103943936086516
580635,1,7,6,21.286848052921666
580650,1,7,9,26.012994679066992
580658,1,7,3,2.4364883414713954
580659,1,7,8,21.270183914009344
580671,1,7,4,0.3586790108976326
580687,1,7,9,7.67688492954537
580690,1,7,4,0.3586790108976326
580698,1,7,4,0.3586790108976326
580720,1,7,4,0.3586790108976326
580722,1,7,9,13.951376070763827
580723,1,7,10,20.346443413696893
580733,0,7,0,0.016302725814136436
580735,1,7,2,7.014792840774803
580751,1,7,4,0.3586790108976326
580753,1,7,9,7.201499559542775
580759,1,7,10,21.146277069740947
580767,1,7,10,21.267960082241686
580799,1,7,6,13.279200698545768
580800,1,7,2,5.968560702069732
580824,1,7,10,6.215482329775358
580836,1,7,7,2.116617178365289
580840,1,7,5,0.3586789934097332
580864,0,7,0,0.015153819286714446
580873,1,7,1,16.91312001399932
580884,1,7,3,2.36851669556925
580889,1,7,9,20.43542194932886
580904,1,7,6,20.27540349635398
580924,1,7,6,22.001161348122583
580925,1,7,8,24.267559387496068
580959,1,7,3,2.3746396223882633
580982,1,7,9,19.299063785080655
581001,1,7,6,19.391340228926108
581008,1,7,7,1.93678228540115
581022,1,7,3,1.4281002709838049
581028,1,7,7,2.967997522825561
581029,1,7,4,0.3586790108976326
581032,1,7,9,24.136338298280027
581036,1,7,7,4.081006786915241
581048,1,7,5,0.3586789934097332
581050,1,7,8,17.638634143322882
581055,1,7,8,9.773306492369361
581059,1,7,8,22.339087304152144
581066,1,7,1,15.549637143992092
581072,1,7,3,2.1311299793169054
581082,1,7,6,10.289262319763582
581088,1,7,8,12.244180510283488
581097,1,7,9,14.791871005987433
581103,1,7,8,21.711306454406483
581104,1,7,9,17.755792192535406
581119,1,7,9,24.625168833161748
581131,0,7,0,0.03432637912086495
581134,1,7,8,7.590538535314127
581139,0,7,0,0.01999300973249647
581159,1,7,10,3.019655463596197
581161,1,7,6,7.766584246756254
581164,1,7,9,14.864603410352645
581182,1,7,4,0.3586790108976326
581186,1,7,7,1.0796538489317289
581191,1,7,10,6.046075399785708
581207,1,7,6,23.775987865370848
581217,1,7,4,0.3586790108976326
581219,1,7,1,19.853929876842507
581226,1,7,3,2.1688815836473037
581239,1,7,4,0.3586790108976326
581247,1,7,9,15.331472319804154
581257,1,7,4,0.3586790108976326
581269,1,7,4,0.3586790108976326
581273,1,7,10,4.643863438248421
581275,1,7,6,13.962043357814842
581278,1,7,10,18.79397532461476
581287,1,7,2,13.808803662760265
581289,1,7,4,0.3586790108976326
581298,1,7,8,3.4043364257716084
581311,1,7,9,21.904877834386166
581323,1,7,6,5.336088996081212
581328,1,7,8,25.150248888747463
581347,1,7,5,0.3586789934097332
581351,1,7,9,20.766899658332786
581358,1,7,5,0.3586789934097332
581372,1,7,6,10.364078488129946
581402,1,7,5,0.3586789934097332
581410,1,7,4,0.3586790108976326
581432,1,7,8,19.418398586955565
581439,1,7,5,0.3586789934097332
581484,1,7,3,2.1915941434100508
581485,1,7,9,9.784413190351318
581488,1,7,6,9.8448045673513
581493,1,7,6,13.796669917969238
581494,1,7,4,0.3586790108976326
581506,1,7,9,19.927123717367582
581513,1,7,4,0.3586790108976326
581523,1,7,9,4.571360606459577
581527,1,7,6,18.580671473929673
581541,1,7,10,16.408909274323868
581543,1,7,5,0.3586789949470627
581558,1,7,9,15.277198907454038
581565,1,7,9,18.13655790288
581585,1,7,8,22.089923201351436
581586,1,7,1,11.275203490268439
581588,1,7,8,21.397988278420375
581603,1,7,6,8.872458704367357
581605,1,7,6,17.84459194512708
581615,1,7,4,0.3586790108976326
581626,1,7,3,2.405376384028238
581627,1,7,8,7.346453496598101
581631,1,7,1,6.9893240640920675
581660,1,7,7,4.416449294768403
581668,0,7,0,0.023935358526777025
581687,1,7,3,2.3707698821207708
581694,1,7,5,0.3586789934097332
581702,1,7,5,0.3586789934097332
581710,1,7,5,0.3586789934097332
581716,1,7,6,10.48208042366197
581718,1,7,1,8.395205238701958
581727,1,7,10,21.268145709497723
581728,1,7,8,20.57496785651691
581735,1,7,8,9.059567377096382
581743,1,7,6,21.345288785660166
581744,1,7,4,0.3586790108976326
581771,1,7,5,0.3586789934097332
581782,1,7,7,1.546972215218779
581798,1,7,10,7.7321967311420075
581818,1,7,4,0.3586790108976326
581822,1,7,9,11.689210807123262
581849,1,7,10,16.561298925022864
581854,1,7,1,6.1934425042836745
581869,1,7,9,8.378137847908828
581876,0,7,0,0.03034262164342781
581880,1,7,8,8.264247633674081
581889,1,7,5,0.3586789934097332
581914,1,7,9,25.367105361896265
581919,1,7,8,27.81823055429387
581938,1,7,4,0.3586790108976326
581942,1,7,6,20.512402028674643
581954,1,7,7,1.443538623603217
581992,1,7,8,2.109357975873466
582006,1,7,10,16.054363399408782
582021,1,7,5,0.3586789934097332
582025,1,7,2,14.094500945100387
582031,1,7,5,0.3586789934097332
582034,1,7,8,23.43727820586401
582036,1,7,7,2.7790138050442486
582041,1,7,8,18.514476544012417
582052,1,7,9,21.472512897924204
582064,1,7,9,24.76906544003154
582067,1,7,10,20.55587659757871
582072,1,7,1,9.681997606661447
582081,1,7,8,5.839125788371061
582098,1,7,9,26.217522939763207
582102,1,7,5,0.3586789934097332
582127,1,7,8,19.12091287841622
582139,1,7,6,11.525056215266359
582143,1,7,10,8.47233412535313
582181,1,7,8,17.260556368043435
582206,1,7,9,19.58840765152426
582212,1,7,4,0.3586790108976326
582220,1,7,4,0.3586790108976326
582225,1,7,5,0.3586789949470627
582234,1,7,4,0.358679009087165
582272,1,7,5,0.3586789934097332
582274,1,7,8,3.663518373830313
582276,1,7,9,15.222005024519468
582279,1,7,6,12.650708040901804
582282,1,7,3,1.499929056587937
582290,1,7,5,0.3586789934097332
582300,1,7,6,5.591830738468109
582304,1,7,5,0.3586789934097332
582310,1,7,4,0.3586790108976326
582317,1,7,6,23.450890708178445
582322,1,7,9,15.84120845950087
582324,1,7,10,4.134107615763449
582330,0,7,0,0.014371451783411282
582349,1,7,1,13.069645990495324
582363,1,7,6,5.25221214457526
582382,1,7,9,21.784012851535135
582386,1,7,5,0.3586789934097332
582392,1,7,9,19.609986336917792
582403,0,7,0,0.01201888769677759
582411,1,7,6,23.40694000213979
582414,1,7,8,22.45565365131047
582419,1,7,9,25.011192171188764
582445,1,7,8,24.07539589224506
582453,1,7,5,0.3586789934097332
582493,1,7,4,0.3586790108976326
582497,1,7,10,12.16138731811135
582510,0,7,0,0.02282568682737797
582518,0,7,0,0.019932822608354536
582519,1,7,5,0.3586789934097332
582525,1,7,6,13.380170532469375
582528,1,7,9,25.96184461784771
582530,1,7,6,18.514643047854374
582534,1,7,9,25.83493134218144
582541,1,7,1,9.598333002754934
582543,1,7,4,0.3586790108976326
582544,1,7,6,12.633752516242582
582549,1,7,10,18.579074136346396
582552,1,7,8,27.166303325168922
582567,1,7,9,6.0370152908682435
582578,1,7,9,26.419889523091424
582580,1,7,5,0.3586789934097332
582603,1,7,5,0.3586789934097332
582604,1,7,2,5.835660655964117
582621,1,7,9,7.0000422246542495
582623,1,7,2,9.645480305518342
582625,1,7,10,20.73588888784785
582629,1,7,1,3.7652372596812875
582651,1,7,6,11.416274244022896
582659,1,7,8,13.533656752917503
582662,1,7,2,11.33781421188617
582664,1,7,8,27.840336289527887
582677,1,7,3,1.2833289859406316
582693,1,7,10,13.880393127983892
582703,1,7,6,15.026737092496548
582708,1,7,9,24.108820400141024
582715,1,7,8,4.784199297364974
582745,1,7,4,0.3586790108976326
582759,1,7,6,11.2443274761552
582783,1,7,4,0.3586790108976326
582790,1,7,2,5.055053060965244
582795,1,7,9,13.09151027258316
582797,1,7,6,18.88806738658958
582802,1,7,8,12.442397725156377
582809,1,7,4,0.358679009087165
582814,1,7,9,11.238706361222661
582816,1,7,5,0.3586789934097332
582840,1,7,9,8.588115379193937
582841,1,7,2,9.26291839785872
582850,1,7,8,9.437431336745586
582862,1,7,4,0.3586790108976326
582863,1,7,4,0.3586790108976326
582867,1,7,5,0.3586789934097332
582871,0,7,0,0.01636109749930966
582875,1,7,2,9.218085534615389
582895,1,7,5,0.3586789934097332
582919,1,7,9,23.735599438846045
582937,1,7,1,19.733370311731896
582944,1,7,9,13.0067622307029
582986,1,7,2,2.6509100894897633
582989,1,7,5,0.3586789934097332
582997,1,7,1,17.004593158404276
583004,1,7,6,13.414996929700402
583014,0,7,0,0.018163738390011334
583029,1,7,5,0.3586789934097332
583035,1,7,9,18.455962960456308
583036,1,7,9,23.85896750819509
583092,1,7,4,0.3586790108976326
583094,1,7,8,5.2040451690090945
583096,1,7,6,8.515158132820604
583113,1,7,8,11.744436694758585
583117,1,7,7,4.463710532962674
583122,1,7,5,0.3586789934097332
583130,1,7,3,1.368907614700283
583131,1,7,8,15.502745940581812
583138,1,7,6,5.806475376002031
583164,1,7,1,13.284762412339635
583167,1,7,4,0.3586790108976326
583171,1,7,3,2.205206932999218
583182,1,7,8,9.62046486205888
583191,1,7,8,5.638663018738217
583192,1,7,10,7.624999579957585
583209,1,7,3,2.448451172848582
583210,1,7,1,14.179484633671096
583235,1,7,5,0.3586789934097332
583236,1,7,4,0.3586790108976326
583240,1,7,6,14.66114654497294
583241,1,7,8,17.064989686290385
583262,1,7,4,0.3586790108976326
583265,1,7,5,0.3586789934097332
583279,0,7,0,0.012194473066659625
583281,0,7,0,0.016181757576114664
583295,1,7,9,20.850845284834673
583302,1,7,1,7.3869799394551
583306,1,7,1,6.185684515833223
583318,1,7,4,0.3586790108976326
583319,1,7,6,8.652070342007214
583323,0,7,0,0.011481931863940193
583324,1,7,9,16.40113489986858
583325,1,7,9,18.04265754033402
583328,1,7,10,21.246794859466537
583329,1,7,9,23.268934973944432
583340,1,7,6,17.845507422362875
583344,0,7,0,0.015020665073925826
583366,1,7,8,14.506026063390317
583403,1,7,8,18.67982008421686
583412,1,7,8,6.999799685212749
583422,1,7,10,11.32439115313015
583423,1,7,9,26.018393530671027
583429,1,7,6,10.104334018621646
583436,1,7,8,19.428682596820995
583441,1,7,4,0.3586790108976326
583449,1,7,6,14.635137477867557
583455,1,7,7,3.849361852007446
583464,1,7,8,5.914653427765028
583472,1,7,5,0.3586789934097332
583487,1,7,10,5.400476251197491
583502,1,7,8,7.069344776909181
583515,1,7,8,2.8985984146680126
583518,1,7,9,8.037631659269813
583520,1,7,6,14.908980277954381
583523,1,7,6,23.465092117383136
583530,1,7,6,16.95352179363374
583543,1,7,7,2.9143739085514175
583545,1,7,8,10.988937742144499
583547,1,7,6,7.775954748129928
583549,1,7,8,10.499592385843412
583554,1,7,9,8.912055313275008
583591,1,7,9,10.419492991743546
583594,1,7,4,0.3586790108976326
583611,1,7,5,0.3586789934097332
583613,1,7,4,0.3586790108976326
583616,1,7,8,26.729075797310266
583628,1,7,6,19.813448310383016
583646,1,7,5,0.3586789934097332
583668,1,7,2,12.436083782833276
583691,1,7,5,0.3586789934097332
583695,1,7,9,9.38153042225118
583702,1,7,5,0.3586789934097332
583706,1,7,2,13.912550438892278
583707,1,7,6,6.475762337049418
583714,1,7,9,25.684640687794502
583721,1,7,5,0.3586789934097332
583742,1,7,9,22.50139037863706
583751,1,7,4,0.3586790108976326
583757,1,7,9,22.52253432997804
583782,1,7,2,6.9616838996573875
583785,1,7,5,0.3586789934097332
583800,1,7,6,20.833806488608083
583822,1,7,8,26.901591099671993
583829,1,7,4,0.3586790108976326
583835,1,7,5,0.3586789934097332
583847,1,7,7,2.3033314687107427
583854,1,7,6,7.599126766735331
583855,1,7,10,18.41601093062476
583858,1,7,5,0.3586789934097332
583859,1,7,6,12.954250996057212
583873,0,7,0,0.0406358589997259
583879,0,7,0,0.012638804320328125
583888,1,7,8,12.20727069799851
583899,1,7,9,21.544943284409076
583916,1,7,5,0.3586789934097332
583918,1,7,2,13.937027326416262
583920,1,7,6,19.793445462402705
583935,1,7,5,0.3586789934097332
583943,1,7,5,0.3586789934097332
583944,1,7,5,0.3586789934097332
583950,1,7,5,0.3586789934097332
583955,1,7,8,6.999454801642016
583965,1,7,9,11.388728207723169
583973,1,7,3,2.2955736185009057
583979,1,7,4,0.358679009087165
583988,1,7,7,1.1224808324598863
583994,1,7,8,22.60389298639774
583999,1,7,6,18.0278467733645
584000,1,7,3,1.8948402417195722
584007,1,7,9,11.230527160394498
584014,1,7,2,10.883424195543242
584061,1,7,9,22.683576256057464
584073,0,7,0,0.01710064449933099
584075,1,7,8,19.699840466818806
584094,1,7,9,13.255714509282209
584095,1,7,1,18.79815813931257
584098,1,7,9,15.233950658357893
584109,1,7,10,3.90838062401949
584131,1,7,8,4.046995558176141
584139,1,7,6,17.486157008568906
584144,1,7,8,13.366685044572742
584153,1,7,8,17.986508237176167
584154,1,7,1,13.711412677096472
584160,1,7,3,2.438108770059225
584172,0,7,0,0.0316286545156709
584173,1,7,9,9.577466870916673
584197,1,7,4,0.3586790108976326
584212,1,7,9,16.180072721371836
584216,1,7,4,0.3586790108976326
584222,1,7,8,18.1510469578061
584223,1,7,9,22.430388657938657
584246,1,7,6,22.507676083732505
584247,1,7,9,24.60992918746436
584256,0,7,0,0.016329456222502727
584258,1,7,4,0.3586790108976326
584259,1,7,5,0.3586789934097332
584265,1,7,10,11.690900638995421
584269,1,7,5,0.3586789949470627
584280,1,7,9,12.280603323209904
584283,1,7,9,26.11217538116049
584284,1,7,4,0.3586790108976326
584288,1,7,9,15.472222926906014
584290,1,7,10,13.944385930502888
584291,1,7,9,25.25423685754082
584297,0,7,0,0.017429159293352228
584305,1,7,5,0.3586789934097332
584308,1,7,10,20.465229553745484
584324,1,7,5,0.3586789934097332
584329,1,7,1,20.687355758857024
584333,1,7,1,18.225003391577363
584354,1,7,8,17.29873366802737
584367,0,7,0,0.018043680335845497
584374,1,7,9,3.154790962730042
584381,0,7,0,0.012896463134263968
584387,1,7,6,12.09493822513008
584392,1,7,1,10.010451529804412
584399,1,7,7,3.4445651527299557
584412,1,7,7,2.0149772357646656
584421,1,7,4,0.3586790108976326
584424,1,7,6,14.064089994478437
584432,0,7,0,0.024446922982705427
584435,1,7,5,0.3586789934097332
584438,1,7,5,0.3586789934097332
584467,1,7,10,15.050019539195565
584474,1,7,4,0.3586790108976326
584476,1,7,10,9.818020002353876
584479,1,7,1,22.641749594473755
584492,1,7,7,4.202793355540617
584507,1,7,6,18.1159564871817
584513,0,7,0,0.012362501686119683
584527,1,7,5,0.3586789934097332
584533,1,7,7,4.5676261678348995
584534,1,7,2,3.980822815278914
584536,1,7,8,16.425292676448475
584546,0,7,0,0.014407685867766149
584552,1,7,4,0.3586790108976326
584565,1,7,1,22.478400902311602
584570,1,7,6,22.836102352264632
584573,1,7,5,0.3586789934097332
584582,1,7,3,2.400358488618701
584587,1,7,9,15.280954755729505
584593,1,7,5,0.3586789934097332
584599,1,7,6,12.061860882907851
584618,1,7,8,15.166945402538781
584623,1,7,9,12.148605224558594
584628,1,7,8,18.917266169917866
584645,1,7,6,21.37043650367951
584650,1,7,6,19.299732514891968
584656,1,7,9,22.35308165133115
584666,1,7,6,7.292912255225915
584673,1,7,6,18.537134516711046
584682,1,7,4,0.3586790108976326
584683,1,7,9,16.506279873943416
584692,1,7,4,0.3586790108976326
584693,1,7,6,17.392423343533093
584700,1,7,10,5.20071359096993
584718,1,7,4,0.3586790108976326
584762,1,7,2,12.47109305917861
584766,1,7,8,17.671046668687328
584771,1,7,8,10.199392681681678
584773,1,7,8,20.876916009734558
584774,1,7,9,25.61517380971944
584776,1,7,7,4.434185153924248
584786,1,7,8,14.642697108879878
584795,1,7,1,17.18525214471355
584799,1,7,6,3.8293933405220195
584802,1,7,4,0.3586790108976326
584804,1,7,10,9.294082385060253
584819,1,7,6,12.071437595665735
584823,1,7,6,23.225869251489343
584832,1,7,7,3.8057718274908567
584836,0,7,0,0.015800948224960257
584849,1,7,4,0.3586790108976326
584855,1,7,6,7.954358646527324
584859,1,7,5,0.3586789934097332
584872,1,7,4,0.3586790108976326
584874,1,7,7,3.137372993031349
584883,1,7,1,23.25640902804837
584886,1,7,9,26.247358115068835
584888,1,7,1,6.337631636854173
584894,1,7,9,22.561205660406586
584895,1,7,8,13.15237502309302
584916,1,7,8,14.1487319858097
584921,1,7,10,5.597228791616775
584941,1,7,6,5.70389571655681
584947,1,7,5,0.3586789934097332
584973,1,7,5,0.3586789934097332
584974,1,7,5,0.3586789934097332
584986,1,7,8,14.22357147772178
584996,1,7,4,0.3586790108976326
585007,1,7,10,21.192636770431598
585023,1,7,9,22.98438402942254
585048,1,7,10,15.581725046243022
585055,0,7,0,0.015373189319619155
585075,1,7,7,4.614025652018279
585092,1,7,4,0.3586790108976326
585100,0,7,0,0.027336180864563596
585105,1,7,8,21.28255656342855
585139,1,7,9,7.747997877438289
585141,1,7,5,0.3586789934097332
585160,1,7,9,25.927370100368673
585166,1,7,9,15.418365207750687
585178,1,7,10,18.323596934331462
585194,1,7,6,10.38240546092728
585196,1,7,9,14.359919059110593
585200,1,7,9,17.10720241154537
585203,1,7,2,10.973825226943717
585214,1,7,6,8.692088489741506
585219,1,7,10,12.056168837932022
585224,1,7,8,5.796701508247395
585233,1,7,8,26.960970050247134
585234,1,7,7,0.36263045367404223
585236,1,7,9,26.373531321567338
585247,1,7,4,0.3586790108976326
585251,1,7,10,13.32824544759809
585255,1,7,10,7.213670944520264
585258,1,7,5,0.3586789934097332
585274,1,7,8,8.396018535039179
585291,1,7,1,20.701212145835292
585298,1,7,6,16.246338538999275
585314,1,7,1,11.690873262235705
585323,1,7,8,10.93179103485128
585330,1,7,6,13.78642925338575
585343,1,7,5,0.3586789934097332
585362,1,7,6,21.07301781347377
585371,1,7,4,0.358679009087165
585378,1,7,9,6.893372647921925
585380,1,7,1,9.659038560336981
585381,1,7,6,14.577774733610386
585396,1,7,9,23.423094377270285
585428,1,7,9,22.15614997608077
585433,1,7,8,23.364916811563287
585439,1,7,6,20.876760332990614
585471,1,7,5,0.3586789934097332
585483,0,7,0,0.014220661912025563
585490,1,7,2,7.2807239492784115
585503,1,7,2,9.823968481405318
585519,1,7,5,0.3586789934097332
585527,1,7,6,23.767623834448393
585546,1,7,6,23.148275328536766
585578,1,7,6,12.740170741361299
585591,1,7,8,8.562601757489038
585592,1,7,6,21.68796175834603
585595,1,7,2,11.915836696769643
585602,1,7,5,0.3586789934097332
585612,1,7,6,22.639392348078186
585629,1,7,9,4.136995605453987
585633,1,7,8,20.927218079897962
585642,1,7,5,0.3586789934097332
585643,1,7,5,0.3586789934097332
585646,1,7,5,0.3586789934097332
585665,1,7,9,8.581493687164906
585698,1,7,3,1.978777611358635
585699,1,7,6,22.838806554695587
585704,1,7,5,0.3586789934097332
585709,1,7,5,0.3586789934097332
585711,1,7,8,28.33274242027126
585730,1,7,9,6.89108292214829
585733,1,7,4,0.3586790108976326
585734,1,7,4,0.3586790108976326
585736,1,7,1,16.004659744473777
585745,1,7,5,0.3586789934097332
585766,1,7,10,12.814951694460056
585767,1,7,9,6.402756521779609
585768,1,7,7,2.5467347634367488
585774,1,7,10,5.694924627226745
585779,1,7,9,20.017062403529795
585782,1,7,9,21.880646556445853
585783,1,7,2,6.792736621018829
585804,1,7,6,13.720815210539607
585805,1,7,5,0.3586789934097332
585817,1,7,4,0.3586790108976326
585818,1,7,3,1.5066013536746756
585844,1,7,8,25.81925009010756
585846,0,7,0,0.02418444897266649
585847,1,7,5,0.3586789934097332
585857,1,7,7,3.519348147904534
585864,1,7,8,18.55405218189591
585868,0,7,0,0.012290586935433367
585891,1,7,5,0.3586789934097332
585895,1,7,8,15.112172734611402
585898,1,7,6,23.637410341394418
585901,1,7,5,0.3586789934097332
585909,1,7,10,4.230099910422055
585917,1,7,10,15.058520392954833
585933,1,7,9,12.767042465976681
585946,1,7,2,3.298296542485331
585964,1,7,9,5.781363503617045
585982,1,7,10,5.089416083761972
585998,1,7,8,7.517261646875004
585999,1,7,5,0.3586789934097332
586004,1,7,8,20.582901732190827
586006,1,7,1,5.977678174830745
586012,1,7,7,2.582014933618979
586014,1,7,8,20.393505111820485
586018,1,7,8,20.16390777082544
586028,1,7,9,23.479425275543665
586030,1,7,8,26.295904326551394
586037,1,7,6,22.270977092681726
586042,1,7,1,18.272338111107928
586055,1,7,8,16.160749714065577
586080,1,7,9,26.074704001690755
586085,1,7,10,4.697395424557924
586099,1,7,7,2.9082788717326773
586102,1,7,5,0.3586789934097332
586105,1,7,10,6.253046918447193
586136,1,7,5,0.3586789934097332
586145,1,7,8,12.280729093843297
586148,1,7,10,19.692620563438403
586151,1,7,8,13.76606977418962
586161,1,7,5,0.3586789934097332
586167,1,7,8,27.747943252299205
586170,1,7,8,24.037257674561594
586180,1,7,4,0.3586790108976326
586201,0,7,0,0.20814797372810745
586214,1,7,4,0.3586790108976326
586226,1,7,5,0.3586789934097332
586229,1,7,10,15.15982698775091
586237,1,7,9,7.558181512133533
586238,1,7,9,15.270804452570745
586250,1,7,4,0.358679009087165
586251,1,7,9,11.96487205372848
586264,1,7,9,5.438110121483954
586282,1,7,8,4.311944388794243
586288,1,7,9,20.73244969967287
586296,1,7,9,24.53200009673968
586297,1,7,10,10.411406610033834
586320,1,7,9,16.252733116161938
586328,1,7,4,0.3586790108976326
586343,1,7,9,4.293262154244553
586345,1,7,9,23.965998458742078
586365,1,7,2,9.534709776293228
586383,1,7,10,5.097318976818794
586384,1,7,10,12.005722775465618
586389,1,7,4,0.3586790108976326
586401,1,7,10,8.787499533859094
586410,1,7,8,22.064423722354594
586411,1,7,8,4.198415464547141
586412,1,7,10,10.025737322899234
586420,1,7,9,23.573693131216366
586440,1,7,9,12.04368725106645
586455,1,7,9,25.501390440739407
586457,1,7,1,22.74271091323239
586470,1,7,6,12.012884154257746
586479,1,7,5,0.3586789934097332
586481,1,7,8,6.308824409845813
586486,1,7,8,16.691206947649114
586488,1,7,8,17.25982512520527
586490,1,7,6,21.276479753690936
586502,1,7,5,0.3586789934097332
586535,1,7,4,0.3586790108976326
586548,1,7,10,5.263735081266539
586558,1,7,2,11.345405238088336
586565,1,7,8,24.764517784963182
586584,1,7,5,0.3586789934097332
586585,1,7,4,0.3586790108976326
586626,1,7,8,14.81648424898888
586644,1,7,9,11.894992867885884
586674,1,7,5,0.3586789934097332
586682,1,7,2,13.753336559170558
586688,1,7,6,23.342881715552934
586692,1,7,6,17.38836231628055
586694,1,7,9,6.746373579650928
586698,1,7,4,0.3586790108976326
586700,1,7,8,25.646545885334096
586712,1,7,2,11.369984236049621
586713,1,7,5,0.3586789934097332
586722,1,7,8,25.33095031185019
586740,1,7,1,8.88476107630787
586760,1,7,9,11.022382673534965
586764,1,7,6,9.406527890622451
586767,1,7,10,18.27882315120931
586771,1,7,2,13.645205165682075
586772,1,7,10,11.668744629533991
586775,0,7,0,0.01407800826279074
586794,1,7,9,17.175847190663223
586802,1,7,6,20.51373241855741
586823,1,7,7,1.767407830584653
586836,1,7,5,0.3586789934097332
586837,1,7,7,2.103634454476611
586839,1,7,10,5.885371158059846
586844,1,7,7,1.9452727358970214
586847,1,7,1,14.171830178726335
586848,1,7,1,8.851616469951246
586853,1,7,4,0.358679009087165
586868,1,7,9,24.653380630318004
586879,1,7,7,2.513126946712858
586888,1,7,9,13.406964360622801
586891,1,7,6,13.296958855670411
586894,1,7,6,5.342608000563274
586906,1,7,6,6.540322333900946
586908,1,7,6,10.32075712799623
586913,1,7,8,17.23713911923245
586926,1,7,1,6.33779770931625
586942,1,7,9,14.635126651145844
586950,1,7,3,1.821329471583916
586975,1,7,10,13.222860591758641
586991,1,7,10,15.765825605538513
587002,1,7,4,0.3586790108976326
587006,1,7,7,0.37974341250208643
587009,1,7,2,8.28886218235135
587010,1,7,8,17.325216177705226
587013,1,7,8,27.763073138234354
587020,1,7,8,17.631471242072486
587031,1,7,8,9.094441888170007
587039,1,7,5,0.3586789934097332
587049,1,7,5,0.3586789934097332
587063,1,7,5,0.3586789934097332
587073,1,7,1,7.387695318884199
587085,1,7,5,0.3586789934097332
587092,1,7,8,25.201732127901433
587097,1,7,5,0.3586789934097332
587112,1,7,5,0.3586789934097332
587129,0,7,0,0.019752462833823037
587139,1,7,5,0.3586789934097332
587146,1,7,9,26.2246871669284
587168,1,7,4,0.358679009087165
587180,1,7,5,0.3586789949470627
587181,1,7,5,0.3586789934097332
587185,1,7,6,13.232782182325758
587233,1,7,2,7.099167774191215
587261,1,7,8,10.158981317872309
587267,1,7,1,8.395769550172792
587269,1,7,9,22.590207331195273
587272,1,7,4,0.3586790108976326
587274,1,7,9,6.521680374801391
587277,1,7,9,16.192267178631752
587303,1,7,9,26.451296174955825
587305,1,7,9,23.496722636286954
587312,1,7,10,12.257496405436399
587315,1,7,10,10.077704420226363
587323,1,7,9,24.99223385519067
587329,1,7,10,12.428369465887172
587339,1,7,5,0.3586789934097332
587348,1,7,2,8.890738210090523
587365,1,7,5,0.3586789934097332
587370,1,7,9,18.98400992494107
587379,1,7,10,18.86273760377747
587383,1,7,5,0.3586789934097332
587394,1,7,5,0.3586789934097332
587402,1,7,6,10.58572458879053
587413,1,7,8,20.02207812012915
587420,1,7,4,0.3586790108976326
587423,1,7,9,12.349943200312634
587424,1,7,1,12.588111266925607
587429,1,7,9,8.91050358728243
587452,1,7,7,0.6368774667944017
587457,1,7,5,0.3586789934097332
587478,1,7,9,20.584492624310556
587480,1,7,5,0.3586789949470627
587490,1,7,4,0.3586790108976326
587494,0,7,0,0.04536603598322098
587507,1,7,10,8.541278537275286
587509,1,7,9,15.846768556317697
587512,1,7,1,18.02607057598889
587544,1,7,5,0.3586789934097332
587546,1,7,3,2.393372529048424
587551,1,7,6,22.81861994703003
587569,1,7,8,27.842064510261054
587587,1,7,9,24.32633504810622
587589,1,7,5,0.3586789934097332
587603,1,7,9,12.273531064967194
587620,1,7,5,0.3586789934097332
587632,1,7,9,8.057729250452216
587633,1,7,9,24.881032663280497
587650,1,7,6,19.22754063134444
587669,1,7,6,10.375456015137669
587682,1,7,10,13.501140717069685
587686,1,7,9,24.102579418968215
587688,1,7,8,19.29499970144036
587697,1,7,4,0.3586790108976326
587702,1,7,5,0.3586789934097332
587712,1,7,7,1.043205151326375
587726,1,7,10,4.777965378564983
587728,1,7,10,14.859027651834454
587732,1,7,5,0.3586789934097332
587733,1,7,6,22.1065965458752
587739,1,7,5,0.3586789934097332
587752,1,7,9,16.207171780400486
587764,1,7,9,18.94504226429323
587767,1,7,9,22.982326670039367
587770,1,7,9,2.886875059030948
587794,1,7,5,0.3586789934097332
587833,1,7,8,12.853620288962992
587834,1,7,8,9.270902171139092
587850,1,7,7,1.3616173370220315
587856,1,7,6,12.355156170345326
587859,1,7,5,0.3586789934097332
587870,1,7,6,11.229428473240867
587883,1,7,4,0.3586790108976326
587884,1,7,10,7.7387385959071775
587888,1,7,6,14.65192782626986
587902,1,7,8,8.235288024423523
587913,1,7,5,0.3586789934097332
587924,1,7,1,6.050797965307747
587925,1,7,9,5.784867709581583
587931,1,7,6,18.49903429316653
587937,1,7,8,19.655062942629257
587939,1,7,6,21.59141913114361
587946,1,7,6,17.7709563484696
587960,1,7,7,1.351195363517681
587962,1,7,9,14.000642903806337
587986,1,7,9,22.92252824193627
587988,1,7,8,21.29800288258809
587999,1,7,8,16.46321794471762
588004,1,7,9,21.599513975315855
588017,0,7,0,0.020271799692178228
588038,1,7,8,10.398738748585624
588041,1,7,5,0.3586789934097332
588081,1,7,6,6.593410577185047
588088,1,7,10,15.687248819777922
588101,1,7,10,6.256501075401311
588119,1,7,4,0.358679009087165
588146,1,7,9,13.386548266319672
588148,1,7,9,26.378385100163023
588153,1,7,6,14.101318982679082
588157,1,7,4,0.3586790108976326
588159,1,7,2,3.736672182217427
588187,1,7,7,2.418745174903186
588221,1,7,1,9.313846785697558
588222,1,7,6,6.7762769009866695
588226,1,7,4,0.3586790108976326
588237,1,7,2,9.764664253060175
588240,1,7,8,17.311074559649636
588257,1,7,8,26.295990080633786
588262,1,7,9,3.5329816491969868
588263,1,7,1,20.638076041558897
588281,1,7,1,15.856309444793347
588288,1,7,10,19.387465182730207
588293,1,7,3,2.3827665146671744
588299,1,7,1,18.20591599822455
588302,1,7,9,25.306317183467062
588320,1,7,8,13.16924864592114
588335,1,7,9,23.478189000941853
588338,1,7,4,0.3586790108976326
588346,1,7,9,7.710858629278422
588353,1,7,9,15.60433624212379
588356,1,7,8,9.835069889419643
588358,1,7,4,0.3586790108976326
588368,1,7,4,0.3586790108976326
588378,1,7,8,5.613417120213213
588385,1,7,9,4.4936385797098035
588386,1,7,1,19.453252945435317
588395,1,7,10,12.31135179037187
588405,1,7,8,18.063466096947426
588431,1,7,8,14.027388062067036
588438,1,7,5,0.3586789934097332
588441,1,7,5,0.3586789934097332
588448,1,7,9,17.382858404071577
588468,0,7,0,0.05755344128888899
588479,1,7,5,0.3586789934097332
588494,1,7,6,15.318220125972559
588501,1,7,6,10.268696111756496
588502,1,7,10,19.472119565447095
588515,1,7,7,2.7959316014004068
588528,1,7,6,21.209553866057654
588529,1,7,1,23.176925625914933
588530,1,7,7,4.589923429949556
588541,1,7,10,15.966619575138743
588555,1,7,2,9.600768405795511
588581,1,7,5,0.3586789934097332
588584,1,7,4,0.3586790108976326
588593,1,7,7,4.059041269801259
588606,1,7,8,21.694007009899973
588614,1,7,6,21.74008116273275
588619,1,7,5,0.3586789934097332
588625,0,7,0,0.0337113376428286
588626,1,7,4,0.3586790108976326
588645,1,7,9,16.656880738744768
588658,1,7,9,12.867667330633326
588672,1,7,9,21.70668121796976
588679,1,7,5,0.3586789934097332
588690,1,7,4,0.3586790108976326
588694,1,7,8,24.338339939034782
588696,1,7,5,0.3586789934097332
588697,1,7,9,4.183999544892089
588700,1,7,5,0.3586789949470627
588715,1,7,9,15.461476923576082
588727,1,7,10,10.953004193931186
588735,1,7,9,26.355037251487627
588744,1,7,5,0.3586789934097332
588747,1,7,2,13.74671897561046
588760,1,7,8,12.298663228739901
588790,1,7,9,9.394364910136863
588798,1,7,9,26.059811044387782
588809,1,7,8,14.718081251193997
588837,1,7,9,16.34132153103712
588851,1,7,7,2.8247130567020697
588878,0,7,0,0.01517156500023556
588899,1,7,10,7.601517963342162
588908,1,7,4,0.3586790108976326
588916,1,7,5,0.3586789934097332
588941,1,7,7,4.2261462333629805
588943,1,7,2,3.6538530722657154
588953,1,7,2,13.914302526868878
588969,1,7,6,15.07532062321638
588997,1,7,8,19.061181408782975
588999,1,7,6,22.05881761190709
589003,1,7,4,0.3586790108976326
589017,0,7,0,0.02690977578263611
589041,1,7,9,23.294504617649473
589049,1,7,9,21.683154183351004
589074,1,7,8,6.549542761675695
589076,1,7,4,0.3586790108976326
589089,1,7,6,14.815484751016735
589112,1,7,9,15.083914164035548
589118,1,7,10,19.96740887473578
589119,0,7,0,0.03656007111763774
589120,1,7,7,2.353313742010513
589122,1,7,9,22.012760993988984
589134,1,7,7,3.333773893555217
589176,1,7,4,0.3586790108976326
589183,1,7,2,4.897098549588477
589184,1,7,6,21.403506909796548
589198,1,7,4,0.3586790108976326
589214,1,7,4,0.3586790108976326
589216,1,7,9,18.14580136196163
589236,1,7,4,0.3586790108976326
589246,1,7,5,0.3586789934097332
589273,1,7,9,13.844649245987961
589282,1,7,10,7.464136133026822
589295,1,7,6,18.09250101776966
589311,1,7,4,0.3586790108976326
589314,1,7,4,0.3586790108976326
589320,1,7,9,26.496962431360473
589322,1,7,1,16.198313116767373
589339,1,7,3,2.2899193604612584
589341,1,7,4,0.3586790108976326
589343,1,7,1,15.836916306148227
589349,1,7,8,10.067934107490771
589358,1,7,9,17.65183185928004
589391,1,7,8,21.014056878484244
589423,1,7,8,10.905384677452272
589434,1,7,9,24.355473392201223
589442,1,7,1,12.147729437846126
589464,1,7,9,22.285587599534523
589469,1,7,6,21.783908873574834
589476,1,7,5,0.3586789934097332
589481,1,7,9,12.592445592605408
589486,1,7,9,18.481066804635585
589492,1,7,9,15.087504808604468
589502,1,7,3,2.238949494622176
589504,1,7,8,24.573319942224565
589508,1,7,4,0.3586790108976326
589521,1,7,10,11.74850686940962
589527,1,7,8,18.63028931589315
589530,0,7,0,0.01524680172537095
589533,1,7,5,0.3586789934097332
589547,1,7,3,2.309677332335384
589563,1,7,5,0.3586789934097332
589590,1,7,6,22.218790964475318
589592,1,7,10,14.852451771506995
589645,1,7,4,0.3586790108976326
589648,1,7,8,24.188239431889585
589652,1,7,9,16.274881156154326
589677,1,7,9,8.93235500520287
589680,1,7,6,17.918044478897652
589684,1,7,6,22.885563282857664
589691,1,7,9,14.114927615338315
589693,1,7,10,6.573496717555428
589710,1,7,8,3.4050200182976393
589717,1,7,3,2.129105849929011
589739,1,7,9,15.959956020377588
589744,1,7,9,22.809879428284287
589745,1,7,1,16.837062277726755
589747,1,7,4,0.3586790108976326
589759,1,7,9,16.596548267365378
589785,1,7,7,3.344382452051398
589790,1,7,9,13.372925445638119
589794,1,7,9,20.1487591160793
589795,1,7,6,14.116559479749075
589801,1,7,5,0.3586789934097332
589808,1,7,5,0.3586789949470627
589826,1,7,8,5.712312187645072
589831,1,7,4,0.3586790108976326
589835,0,7,0,0.018394459089449724
589849,1,7,6,22.84729702258693
589875,1,7,8,14.152841871783528
589884,1,7,10,10.060549440150547
589888,1,7,10,14.940190127664167
589904,1,7,5,0.3586789934097332
589923,1,7,8,13.150999004767712
589927,1,7,9,21.70090470049027
589937,1,7,6,13.512057572002531
589939,1,7,9,5.86451847933901
589944,1,7,3,2.403898813798901
589947,1,7,8,7.966540997488051
589962,1,7,8,22.90760983064863
589963,1,7,4,0.3586790108976326
589964,1,7,5,0.3586789934097332
589965,1,7,5,0.3586789934097332
589966,1,7,6,22.001109152369587
589987,1,7,10,6.7263016163896605
589993,1,7,4,0.3586790108976326
589997,1,7,6,7.545589237835165
590004,1,7,4,0.3586790108976326
590010,1,7,4,0.3586790108976326
590014,1,7,5,0.3586789934097332
590015,1,7,9,24.778195827478722
590017,1,7,3,2.304976776150902
590018,1,7,9,26.336701714391584
590022,1,7,5,0.3586789934097332
590027,1,7,1,3.596381448059943
590035,1,7,9,22.281315088102215
590044,1,7,5,0.3586789949470627
590046,1,7,5,0.3586789949470627
590069,1,7,4,0.3586790108976326
590075,1,7,9,14.264247841165348
590087,1,7,7,2.2053383642831816
590099,1,7,6,19.815315355478237
590100,1,7,5,0.3586789934097332
590108,1,7,8,15.524881817537263
590129,0,7,0,0.01646986771661595
590133,1,7,4,0.3586790108976326
590145,1,7,9,16.57954322744498
590157,1,7,10,21.080345675898364
590159,1,7,5,0.3586789934097332
590165,1,7,5,0.3586789934097332
590172,1,7,4,0.3586790108976326
590182,1,7,8,25.743632706489574
590190,1,7,1,8.95092928291788
590192,1,7,5,0.3586789934097332
590200,1,7,9,24.09480793135335
590201,1,7,1,18.472898118585217
590222,1,7,9,5.759600992535241
590226,1,7,9,13.158891204316056
590232,1,7,1,15.521850023663507
590236,1,7,8,11.043395876639416
590238,1,7,10,12.72205759695159
590248,1,7,3,0.8079407533025219
590259,1,7,10,11.612054873008555
590260,0,7,0,0.02257540842405024
590261,1,7,8,14.222028742058638
590268,1,7,9,13.943005149372967
590274,1,7,8,17.303947624528377
590279,1,7,5,0.3586789934097332
590298,1,7,6,13.694411574898988
590302,1,7,9,16.474428820162665
590309,1,7,1,22.97291333325517
590315,1,7,6,23.346717870988975
590328,1,7,7,1.272343846238517
590335,1,7,3,2.411159493284966
590338,1,7,9,25.631337012632468
590340,1,7,6,15.068461052438586
590357,1,7,7,4.323987579160233
590362,1,7,7,2.556492345472612
590383,1,7,1,3.774146308588777
590401,1,7,1,14.285088967036268
590404,1,7,10,9.498975499441718
590405,1,7,9,9.369194709349735
590410,1,7,6,18.812663830788953
590422,1,7,10,3.1792338145703827
590438,1,7,6,14.337062923987418
590440,1,7,9,16.071525746459386
590457,1,7,7,1.3194149316452086
590481,1,7,10,15.621114744322321
590482,1,7,5,0.3586789934097332
590483,1,7,5,0.3586789934097332
590484,1,7,6,9.150557169724545
590491,1,7,4,0.3586790108976326
590496,1,7,7,4.387350052956581
590510,1,7,8,4.073590237551817
590520,1,7,3,2.1023669011818282
590527,1,7,1,18.35257307040787
590538,1,7,4,0.3586790108976326
590547,1,7,5,0.3586789934097332
590551,1,7,10,12.278951671247677
590556,1,7,5,0.3586789934097332
590587,1,7,6,10.6047973106865
590588,1,7,9,23.932556073517432
590589,1,7,9,25.897501478339795
590600,1,7,4,0.3586790108976326
590602,1,7,9,15.400500897983688
590609,1,7,5,0.3586789934097332
590611,1,7,10,13.37319162390652
590619,1,7,5,0.3586789934097332
590627,1,7,1,20.12456595524627
590632,1,7,5,0.3586789934097332
590643,1,7,2,11.122944404316137
590645,1,7,5,0.3586789934097332
590647,1,7,2,1.0114228631566196
590659,1,7,4,0.3586790108976326
590723,1,7,6,23.859487189304453
590736,1,7,8,25.963540054514425
590755,1,7,9,25.80759632605058
590767,1,7,2,13.995417197390903
590768,1,7,10,6.8063759206875964
590777,1,7,4,0.3586790108976326
590793,1,7,5,0.3586789934097332
590799,1,7,4,0.3586790108976326
590810,1,7,9,18.71762974685841
590834,1,7,6,7.336612168559284
590839,1,7,1,20.02386852454015
590874,0,7,0,0.014923246982812189
590881,1,7,9,4.166071625965253
590888,1,7,9,26.33818552965503
590890,1,7,8,22.884370903497032
590913,1,7,2,13.440699747299417
590923,1,7,2,1.0336054907177479
590958,1,7,8,9.833622482642683
590960,1,7,6,7.029379718699449
590965,0,7,0,0.013830202826189363
590968,1,7,1,15.003630363534937
590970,1,7,7,3.664395993258729
590977,1,7,8,16.601496335924082
591012,1,7,7,1.4744269196819897
591019,1,7,5,0.3586789934097332
591025,1,7,8,11.7008633232686
591034,1,7,5,0.3586789934097332
591045,1,7,6,23.845101702284904
591046,1,7,8,10.614567088801358
591062,1,7,7,0.7017633826013893
591067,1,7,5,0.3586789934097332
591068,1,7,9,14.923025451010936
591070,1,7,8,20.18010876582385
591075,1,7,6,16.29528087498856
591107,1,7,9,25.744041708268444
591117,1,7,7,2.63798750298949
591118,1,7,1,14.869985717699455
591145,0,7,0,0.020160743262712062
591156,1,7,7,4.3166194529887845
591166,1,7,9,18.53806287680878
591168,0,7,0,0.018693468732795072
591173,1,7,10,8.352278037826533
591185,1,7,8,25.735677981829237
591202,1,7,9,26.270731553982444
591219,0,7,0,0.014634026150753527
591221,1,7,5,0.3586789934097332
591244,1,7,7,3.606344263378289
591248,0,7,0,0.0199738985982053
591266,1,7,5,0.3586789934097332
591287,1,7,4,0.3586790108976326
591313,1,7,8,12.443575128448424
591316,1,7,9,26.16963592429676
591318,1,7,3,2.340544082863533
591336,1,7,9,8.391155561234473
591357,1,7,5,0.3586789934097332
591358,1,7,6,13.97900782269196
591372,1,7,5,0.3586789934097332
591375,1,7,9,14.122019963588981
591378,1,7,2,5.904244804758041
591387,1,7,8,21.850762026496792
591388,1,7,10,3.6307871129360954
591393,1,7,5,0.3586789934097332
591394,1,7,10,16.815767026933997
591397,1,7,10,5.0908058437729204
591406,1,7,8,23.95218412964622
591414,1,7,1,21.681843802108595
591418,1,7,8,26.281904235454885
591421,1,7,3,2.4153705797733878
591425,1,7,4,0.3586790108976326
591433,1,7,4,0.3586790108976326
591435,1,7,8,26.90439436421061
591438,1,7,6,15.114261069198495
591447,1,7,9,12.060098401552713
591486,1,7,8,5.513511634042418
591515,1,7,2,7.445134296470449
591516,1,7,10,12.281565024443115
591517,1,7,10,4.790932395227667
591525,1,7,7,2.802694954718012
591528,1,7,6,21.255327429974635
591532,1,7,9,12.56525479102716
591542,1,7,5,0.3586789934097332
591555,1,7,9,15.879141837052003
591580,1,7,9,24.568023255073065
591617,1,7,9,17.198844591454986
591640,1,7,8,17.030198275195875
591655,1,7,10,11.71498421879491
591674,1,7,7,4.104395557678472
591686,1,7,4,0.3586790108976326
591697,1,7,9,7.621117641570645
591702,1,7,8,18.964323307829215
591709,1,7,8,24.071703397047212
591716,1,7,4,0.3586790108976326
591745,0,7,0,0.014279987424123623
591750,1,7,9,8.708707792451712
591751,1,7,1,17.404398246591416
591758,1,7,5,0.3586789934097332
591764,1,7,9,25.490612234061164
591778,1,7,5,0.3586789934097332
591789,1,7,10,19.482793152953594
591794,1,7,10,12.731503999005188
591796,1,7,9,16.751708147574053
591819,1,7,8,17.089704178077294
591820,1,7,5,0.3586789934097332
591833,1,7,6,5.414613232800239
591835,1,7,1,16.942705830583296
591837,1,7,8,21.28206372025593
591838,1,7,1,4.2281678598758345
591839,1,7,10,6.650266468288685
591842,1,7,8,12.454925203864725
591852,0,7,0,0.04332692503828318
591853,1,7,10,11.372335676301805
591857,1,7,9,24.353616983938693
591868,1,7,3,0.9700234231769406
591870,1,7,9,22.192865025384773
591885,1,7,6,19.330610980143515
591891,1,7,10,19.19285784319789
591900,1,7,7,4.6101626247222
591904,1,7,6,8.722089613956655
591911,1,7,6,22.935118129776786
591912,1,7,5,0.3586789934097332
591918,1,7,9,11.240905949291138
591919,1,7,6,14.163888775553668
591937,1,7,9,5.90495911844736
591940,1,7,5,0.3586789934097332
591943,1,7,8,16.251972459283863
591968,1,7,6,18.951327394980726
591973,1,7,5,0.3586789934097332
591977,1,7,2,11.786056935005998
591988,1,7,8,16.522748192173704
592008,1,7,8,20.876424296234276
592016,1,7,9,15.994904189438532
592020,1,7,5,0.3586789934097332
592033,1,7,9,8.137475680549386
592038,1,7,7,0.8802800108101485
592040,1,7,9,3.1768251798023024
592041,1,7,9,14.248325884035175
592043,1,7,5,0.3586789934097332
592047,1,7,1,11.164707502809163
592050,1,7,8,25.44224915829814
592056,1,7,10,8.920017020106865
592073,1,7,1,11.058203919899505
592090,1,7,6,19.707496824733678
592105,1,7,4,0.3586790108976326
592126,1,7,7,0.48800056148206206
592132,1,7,6,8.268417434335696
592145,1,7,3,2.411497799344103
592148,1,7,9,16.297016860391825
592149,1,7,9,25.878668423824614
592157,1,7,3,2.065929951847034
592159,1,7,9,16.56190684308886
592163,1,7,5,0.3586789934097332
592168,1,7,8,8.890650593147361
592174,1,7,10,11.373667220825059
592176,1,7,10,21.26808124106031
592193,1,7,7,1.0015617578019118
592199,1,7,9,3.2543540153540746
592200,1,7,8,15.526376887587158
592212,1,7,5,0.3586789934097332
592214,0,7,0,0.012781940161464654
592225,1,7,8,13.80035660443447
592235,1,7,1,18.16779773478801
592245,1,7,6,17.93574542463335
592253,1,7,6,19.544881699131214
592287,1,7,6,7.909910351953666
592290,1,7,9,23.854731892886896
592293,1,7,10,5.045360336930772
592301,1,7,4,0.3586790108976326
592313,1,7,8,25.182367804553643
592335,1,7,1,21.216997142047816
592337,1,7,10,16.064493938633618
592347,0,7,0,0.03043000274282946
592359,1,7,9,16.71824789882608
592364,1,7,9,16.288379611755524
592375,1,7,10,8.54121424500671
592391,0,7,0,0.013882451392523653
592396,1,7,4,0.3586790108976326
592398,1,7,8,25.740454806136555
592401,1,7,9,12.440998611923323
592415,0,7,0,0.013394863914370466
592439,1,7,9,16.439432360080133
592445,1,7,6,14.736571840323478
592464,1,7,4,0.3586790108976326
592472,1,7,2,6.853332413353333
592473,1,7,5,0.3586789934097332
592476,1,7,9,14.448639347888612
592485,1,7,3,2.1628425587310627
592491,1,7,9,25.587155959625406
592496,1,7,9,22.056710020823335
592498,1,7,6,13.442570583921158
592509,1,7,8,11.998573692120422
592524,1,7,10,20.827347441035112
592531,1,7,5,0.3586789934097332
592538,1,7,2,10.499532832982226
592549,1,7,6,19.2237501086499
592553,1,7,9,23.102975556217363
592564,1,7,5,0.3586789934097332
592565,1,7,10,17.861555705507392
592569,1,7,5,0.3586789934097332
592576,1,7,6,14.370060313107775
592595,1,7,9,5.238851353444718
592606,1,7,6,4.894045222056724
592610,1,7,9,24.60542816744367
592614,1,7,2,11.288037643026877
592625,1,7,5,0.3586789934097332
592629,1,7,7,3.7166635694002585
592633,1,7,10,4.827818675165983
592636,1,7,4,0.3586790108976326
592648,1,7,6,19.674857551586918
592657,1,7,1,4.551550014386393
592668,1,7,1,18.227657095281998
592682,0,7,0,0.018193655965282347
592683,1,7,8,27.16810948920709
592684,1,7,9,26.375720773143232
592686,1,7,8,15.819974168749892
592687,1,7,4,0.3586790108976326
592695,1,7,6,22.452685116729437
592719,1,7,6,6.165704827805616
592732,1,7,10,7.0891937790373225
592733,1,7,9,25.18154331031474
592742,1,7,1,16.051768146344806
592745,1,7,5,0.3586789934097332
592749,1,7,1,5.0356893036680885
592779,1,7,4,0.3586790108976326
592793,1,7,9,15.707617888799717
592798,1,7,5,0.3586789934097332
592810,1,7,9,25.6078308085425
592811,1,7,6,9.84399936811826
592828,1,7,7,3.0322799670324474
592847,1,7,9,20.046529216536534
592858,1,7,6,14.739865715486234
592865,1,7,10,3.3894624802359896
592866,1,7,1,19.146848536415153
592867,0,7,0,0.026065686562523664
592868,1,7,1,6.374122668172176
592879,1,7,10,11.378397071690602
592880,0,7,0,0.01391939749070071
592891,1,7,5,0.3586789934097332
592904,1,7,5,0.3586789934097332
592911,1,7,1,14.63924821405077
592921,1,7,9,25.488885102022426
592958,1,7,5,0.3586789934097332
592959,1,7,4,0.3586790108976326
592964,1,7,9,12.264387805639384
592971,1,7,9,21.685265775630917
592985,1,7,5,0.3586789934097332
592996,1,7,6,16.872281119293678
592998,1,7,9,7.494479442792034
593006,1,7,1,20.456147672161606
593022,1,7,5,0.3586789934097332
593029,1,7,1,19.28285994894682
593030,1,7,10,11.702120441164356
593053,1,7,10,18.765984091358686
593056,1,7,9,23.208501781576864
593070,1,7,4,0.3586790108976326
593087,1,7,8,7.799449681533
593088,1,7,6,14.654578348909247
593132,1,7,8,10.044914858794378
593156,1,7,1,16.228313857577792
593158,1,7,6,20.512804113776706
593163,1,7,10,4.72197769005591
593164,1,7,9,10.96764805468515
593192,1,7,7,3.694649997226772
593193,1,7,5,0.3586789934097332
593201,1,7,3,2.3158792151616607
593209,1,7,8,13.311596505863772
593215,1,7,2,12.445583219901454
593221,1,7,8,26.04362012898129
593223,1,7,8,9.523664905547648
593236,1,7,9,22.794330264628673
593244,1,7,1,7.218877196284597
593248,1,7,5,0.3586789934097332
593255,1,7,8,23.1362988187346
593270,1,7,9,11.071310882403516
593284,1,7,10,6.9185885314555655
593287,1,7,7,1.3837843367662397
593292,1,7,5,0.3586789949470627
593293,1,7,6,21.72718395855417
593295,1,7,2,9.279891407117589
593297,1,7,1,22.22347621670622
593305,1,7,9,24.654842908838045
593328,1,7,9,25.74287860627118
593343,1,7,8,8.15158958449502
593347,1,7,6,5.121589015448818
593361,1,7,4,0.3586790108976326
593365,1,7,9,13.380256344616335
593375,1,7,10,9.995778288753485
593387,1,7,4,0.3586790108976326
593393,1,7,6,21.595258670926707
593439,1,7,4,0.3586790108976326
593450,1,7,10,12.360939449689392
593472,1,7,4,0.3586790108976326
593475,1,7,10,21.24437058005
593478,1,7,6,23.024632313673383
593490,1,7,5,0.3586789934097332
593491,1,7,10,9.799442666583838
593493,1,7,7,1.0263311730484879
593499,1,7,5,0.3586789934097332
593500,1,7,9,20.605187371109214
593510,1,7,7,1.8094945674840364
593522,1,7,9,26.340382916457934
593525,1,7,1,17.040474349184862
593528,1,7,4,0.3586790108976326
593538,1,7,9,12.751698904243584
593557,1,7,8,17.13028199615249
593561,1,7,6,11.62817394524942
593580,1,7,9,12.278251184474575
593586,1,7,5,0.3586789949470627
593589,0,7,0,0.027493006937549944
593606,1,7,8,15.32543423124422
593631,1,7,6,17.484759273936373
593646,1,7,4,0.3586790108976326
593649,1,7,6,18.18921006673806
593661,1,7,4,0.3586790108976326
593662,1,7,9,13.243312749872025
593663,1,7,9,7.476871744452484
593664,1,7,1,11.35192796690478
593671,1,7,10,21.325969359565477
593674,1,7,5,0.3586789934097332
593679,1,7,8,17.449178384646878
593683,1,7,9,14.023841192251648
593741,1,7,8,21.520843999708003
593742,1,7,10,3.8855758622752563
593758,1,7,9,24.646265050990777
593796,1,7,7,4.5745351207029525
593801,1,7,9,11.173517581602121
593807,1,7,10,13.011266491459114
593808,1,7,10,12.373810891066936
593839,1,7,8,6.9710142413386835
593844,1,7,6,6.630077304993125
593849,1,7,8,20.908818945479297
593857,1,7,6,23.35740626696329
593861,1,7,6,18.190595644988456
593878,1,7,4,0.3586790108976326
593892,1,7,8,21.27866237484026
593903,1,7,6,21.20139320115614
593913,1,7,6,18.247571911220405
593926,1,7,9,13.041728284164165
593942,1,7,8,13.03109076594054
593953,1,7,8,10.859680874036627
593964,1,7,4,0.358679009087165
593999,1,7,10,9.242931609236493
594008,1,7,10,7.407580041550099
594049,1,7,4,0.3586790108976326
594065,0,7,0,0.02529420796054638
594068,1,7,9,15.221700184175958
594069,1,7,10,11.962557297543892
594072,1,7,5,0.3586789934097332
594080,1,7,6,9.28574395050499
594081,1,7,8,15.334199565674746
594100,0,7,0,0.017302086966937493
594108,1,7,10,5.296351183586996
594111,1,7,5,0.3586789934097332
594113,1,7,7,2.139495549863517
594132,1,7,4,0.3586790108976326
594159,1,7,5,0.3586789934097332
594160,1,7,4,0.3586790108976326
594179,1,7,8,25.546028366812774
594183,1,7,9,17.101599968648312
594190,1,7,3,1.3566244583060532
594198,1,7,2,11.89657793044572
594199,1,7,6,6.504379241899359
594202,1,7,1,18.01602915691428
594214,1,7,10,20.79246809502285
594226,1,7,6,8.577728155959521
594228,0,7,0,0.013058434767996726
594263,1,7,5,0.3586789934097332
594305,1,7,8,3.560327439636076
594330,1,7,8,22.480016198258152
594357,1,7,6,4.550043486314409
594382,1,7,5,0.3586789934097332
594423,1,7,1,6.795975211006841
594433,1,7,9,15.949364572761217
594446,1,7,10,7.627427081322993
594455,1,7,7,0.3951880756064026
594466,1,7,7,3.0077318443141636
594473,1,7,10,4.133311001923298
594497,1,7,9,20.51252503369223
594498,1,7,9,12.398509039169538
594542,1,7,4,0.3586790108976326
594549,1,7,5,0.3586789934097332
594552,1,7,9,16.476956817989738
594562,1,7,2,4.126571830691528
594569,1,7,4,0.3586790108976326
594599,1,7,3,2.3457079642422283
594611,1,7,4,0.3586790108976326
594615,1,7,4,0.3586790108976326
594620,1,7,8,8.554615444426986
594621,1,7,10,4.725473057099408
594623,1,7,5,0.3586789934097332
594625,1,7,8,16.265192104153556
594660,1,7,6,16.3045125889252
594673,1,7,10,16.33728492596709
594675,1,7,8,6.052537220577412
594680,1,7,8,24.3777228977222
594682,1,7,10,14.249309103793323
594684,1,7,8,11.951299992995814
594694,1,7,3,2.356222303580748
594716,0,7,0,0.03206627837925655
594743,1,7,2,13.146961726673934
594745,1,7,4,0.3586790108976326
594747,1,7,5,0.3586789934097332
594752,0,7,0,0.06308882124007353
594754,1,7,8,26.898412122697824
594755,1,7,4,0.358679009087165
594757,1,7,8,28.012168376510516
594759,1,7,5,0.3586789934097332
594768,1,7,5,0.3586789934097332
594776,1,7,5,0.3586789934097332
594794,1,7,10,6.033579432293192
594805,1,7,7,4.246940632419662
594806,1,7,8,20.811006435458843
594810,1,7,5,0.3586789934097332
594812,1,7,6,21.19197061516617
594818,1,7,10,12.033214223114689
594820,1,7,9,12.714961313735838
594827,1,7,7,1.8389362313242752
594863,1,7,8,24.759830118248352
594864,1,7,9,24.27384326170399
594878,1,7,5,0.3586789934097332
594880,1,7,6,23.097845900936907
594884,1,7,5,0.3586789934097332
594885,1,7,5,0.3586789934097332
594893,1,7,8,22.892544074599915
594902,0,7,0,0.0402133602411124
594911,1,7,5,0.3586789934097332
594915,1,7,5,0.3586789934097332
594930,1,7,8,25.52128666302916
594934,1,7,1,5.877712903450697
594951,1,7,1,20.486658806465346
594955,1,7,2,10.941720912357237
594974,1,7,9,19.915411347848092
594989,1,7,6,12.627769481729569
595006,1,7,1,15.478467994251046
595019,1,7,1,22.79810495118901
595034,1,7,7,4.448078254265621
595105,1,7,5,0.3586789949470627
595109,1,7,9,16.110875365468722
595111,1,7,7,0.7060107746656552
595131,1,7,2,10.055232512590667
595148,1,7,3,1.6100508696108935
595159,1,7,9,10.189656069467649
595165,0,7,0,0.0292751546163655
595170,1,7,5,0.3586789934097332
595171,1,7,9,24.099603072915
595174,1,7,4,0.3586790108976326
595183,1,7,4,0.3586790108976326
595193,1,7,9,26.252680076228714
595196,1,7,9,26.432808482284504
595205,1,7,9,23.952515996166664
595209,1,7,5,0.3586789934097332
595213,1,7,6,23.47605890520086
595217,1,7,1,12.263415187945125
595220,1,7,6,7.823933861880819
595228,1,7,5,0.3586789934097332
595234,1,7,4,0.3586790108976326
595242,1,7,7,2.4085966109269146
595267,1,7,5,0.3586789934097332
595275,1,7,5,0.3586789934097332
595277,1,7,9,19.480157060400185
595310,1,7,1,20.509267658182786
595316,1,7,8,13.995365129874603
595320,1,7,4,0.3586790108976326
595328,1,7,5,0.3586789934097332
595338,1,7,9,4.069445984328258
595355,1,7,5,0.3586789934097332
595363,1,7,6,9.59544146329398
595377,1,7,5,0.3586789949470627
595381,1,7,10,8.074835662103517
595392,1,7,3,2.287283955515074
595394,1,7,9,24.946443382685807
595398,1,7,9,25.62412905297052
595418,1,7,8,17.427408809522735
595424,1,7,7,3.8895628111736475
595436,1,7,9,17.381700131433657
595442,1,7,5,0.3586789934097332
595453,1,7,5,0.3586789934097332
595469,1,7,7,4.347908627531574
595470,1,7,4,0.3586790108976326
595473,1,7,9,21.933136675207056
595479,1,7,8,2.4031088473373865
595482,0,7,0,0.025749764833313378
595490,1,7,3,2.074558456890399
595500,1,7,4,0.3586790108976326
595505,1,7,6,23.80575230919236
595506,1,7,1,11.178441897816139
595530,1,7,3,2.427960163614796
595535,1,7,10,21.24323855585541
595540,1,7,1,8.5807875595134
595548,1,7,8,15.776845627981047
595551,1,7,1,6.785815734210593
595555,1,7,6,22.70742272908057
595559,1,7,2,6.673627898627308
595595,1,7,4,0.3586790108976326
595598,1,7,5,0.3586789934097332
595606,1,7,5,0.3586789934097332
595656,1,7,1,18.018996183215886
595657,1,7,3,2.3491674001082217
595665,1,7,7,2.086920084767474
595666,1,7,10,20.451365920295807
595670,1,7,3,2.332236453762696
595676,1,7,9,20.63224118435967
595688,1,7,10,10.34877282947982
595698,1,7,9,25.76618261824694
595702,1,7,5,0.3586789934097332
595711,1,7,1,16.3133127918074
595713,1,7,7,0.3504713103868147
595724,1,7,9,22.695054486521546
595725,1,7,10,17.22755520149665
595730,1,7,1,23.151615694337075
595747,1,7,2,7.258256505205101
595751,1,7,9,25.76155236389289
595761,1,7,9,24.757164357733288
595772,1,7,5,0.3586789934097332
595774,1,7,5,0.3586789934097332
595791,1,7,7,3.2141259847100105
595811,1,7,8,23.00695799264812
595812,1,7,10,12.80108703449817
595820,1,7,9,9.072341337244739
595824,1,7,7,2.492617938826749
595830,1,7,8,23.779905336183937
595846,1,7,6,23.272589782280654
595863,1,7,6,7.6364969267934395
595870,1,7,5,0.3586789934097332
595874,1,7,8,22.27218986618336
595879,1,7,9,10.329367271188804
595882,1,7,9,15.912503308614342
595902,1,7,6,6.453159104005203
595909,1,7,7,4.138054689147037
595922,1,7,5,0.3586789934097332
595933,1,7,5,0.3586789934097332
595954,1,7,4,0.358679009087165
595955,1,7,3,2.424702006121302
595973,1,7,9,23.82026074060732
595977,1,7,8,5.502349742681583
595993,0,7,0,0.02670835609977255
595999,1,7,8,22.387363306388355
596020,1,7,9,15.547893077875802
596039,1,7,9,25.94024066459351
596042,1,7,8,15.416429314895327
596067,1,7,8,18.090212399496323
596070,1,7,5,0.3586789934097332
596082,1,7,10,21.27400819149982
596095,1,7,9,16.89000929850863
596106,1,7,3,0.6772945828736265
596110,1,7,5,0.3586789934097332
596119,1,7,10,7.435895501950814
596134,1,7,9,9.35083108510103
596151,1,7,6,11.892320782499988
596158,1,7,2,1.9922682263339804
596163,1,7,5,0.3586789934097332
596178,1,7,2,12.776505074821925
596202,1,7,4,0.3586790108976326
596210,1,7,7,1.7268198016050815
596213,1,7,9,15.331698296213094
596224,1,7,10,8.909268541660783
596233,1,7,8,14.587288830633518
596238,1,7,6,17.095522596461706
596241,1,7,9,19.879477937920132
596242,1,7,8,4.2138476855618965
596245,1,7,4,0.3586790108976326
596250,1,7,6,14.608099859195637
596253,1,7,3,2.366846560974219
596266,1,7,6,18.81190307287736
596275,1,7,4,0.358679009087165
596289,1,7,10,7.778988836674731
596300,1,7,9,16.6370658396935
596306,1,7,7,3.9966982979628836
596321,1,7,8,17.387155138479965
596326,1,7,9,25.58322455839661
596338,1,7,5,0.3586789934097332
596351,1,7,8,11.720999804087752
596356,1,7,10,19.42426850968566
596375,1,7,7,2.5502672420630166
596376,1,7,7,0.6542575119525875
596379,1,7,6,21.322010504287483
596392,1,7,6,14.916812040897735
596397,0,7,0,0.018574704164094482
596420,1,7,9,12.211136193956968
596426,1,7,7,0.6297433425021141
596446,1,7,6,11.076032037047765
596475,1,7,6,22.508416080154625
596484,1,7,8,18.402394677138805
596486,1,7,4,0.3586790108976326
596488,1,7,6,19.24716062576051
596497,1,7,8,25.838552856113278
596502,1,7,10,3.7662444461393565
596516,1,7,10,12.392220494419332
596545,0,7,0,0.03186861073501267
596556,1,7,8,26.768245321073493
596562,1,7,10,19.704603351354027
596563,1,7,7,4.264026873080006
596570,1,7,4,0.3586790108976326
596572,1,7,7,3.6450419083618932
596579,1,7,6,9.584926925510654
596586,1,7,4,0.358679009087165
596603,1,7,3,1.4593019924311748
596605,1,7,6,18.32180451636693
596610,1,7,5,0.3586789934097332
596624,1,7,5,0.3586789934097332
596656,1,7,9,19.200657141963514
596661,1,7,9,2.6594130918176053
596672,0,7,0,0.015322437409190256
596702,1,7,4,0.3586790108976326
596713,1,7,1,22.827708153775415
596715,1,7,5,0.3586789934097332
596723,1,7,8,18.680953431640106
596732,1,7,9,7.481149623039948
596734,1,7,5,0.3586789934097332
596749,1,7,9,21.694123609604706
596755,1,7,2,2.691669638752627
596772,1,7,9,16.65550094568169
596779,1,7,4,0.3586790108976326
596790,1,7,3,2.272961525338958
596803,1,7,10,19.697324093099773
596814,1,7,7,3.6106852667373874
596823,1,7,6,21.4085906482781
596826,1,7,8,15.216746963279746
596847,1,7,9,16.330921986627057
596856,1,7,5,0.3586789934097332
596871,1,7,4,0.3586790108976326
596876,1,7,9,14.55036848773186
596889,1,7,6,11.280862147275572
596894,1,7,5,0.3586789934097332
596927,1,7,4,0.3586790108976326
596938,1,7,6,19.48236895174585
596942,1,7,6,17.98977522909728
596955,1,7,9,10.882258033660555
596956,1,7,4,0.358679009087165
596960,1,7,1,16.002464565405642
596967,1,7,7,1.521771486217248
596973,0,7,0,0.021056915620498946
596986,1,7,9,23.965477148591503
596990,0,7,0,0.015205356208589647
597004,1,7,8,12.76289906410257
597005,1,7,8,15.887053519018336
597012,1,7,8,28.531052710717198
597030,1,7,8,18.892432293319416
597034,1,7,9,25.75940271297507
597037,1,7,10,5.02779381921399
597042,1,7,6,23.249838439776884
597060,1,7,6,16.845215902648945
597065,1,7,10,12.2077076040038
597068,1,7,4,0.3586790108976326
597071,1,7,8,25.3048897209875
597075,1,7,9,19.902607113486965
597078,1,7,5,0.3586789934097332
597086,1,7,7,1.998699867433767
597102,1,7,6,11.571076775536058
597106,1,7,9,22.885754755772226
597112,1,7,9,13.200958997988542
597118,1,7,8,26.281551314103357
597154,1,7,9,19.267426311724552
597193,1,7,1,22.204331246047243
597195,1,7,9,25.449965351074248
597209,1,7,4,0.3586790108976326
597235,1,7,1,19.18052682863697
597246,1,7,4,0.3586790108976326
597249,1,7,5,0.3586789934097332
597271,1,7,8,14.741270324338608
597277,1,7,8,8.235422214434497
597283,0,7,0,0.027889075493688707
597298,1,7,4,0.3586790108976326
597307,1,7,4,0.3586790108976326
597308,1,7,1,17.695397325031397
597342,1,7,8,8.410507755145266
597343,1,7,2,13.893976027961303
597356,1,7,8,18.638314910812422
597363,1,7,10,6.747710549462942
597378,1,7,7,1.9947726713899334
597384,1,7,9,8.020065130724703
597399,1,7,9,15.007396790113019
597407,1,7,5,0.3586789934097332
597454,0,7,0,0.06428812054506637
597472,1,7,3,2.403584245034592
597476,1,7,3,2.1746547761269026
597480,1,7,10,19.121898035259502
597485,1,7,8,23.46421563362374
597494,1,7,9,22.013473907903254
597497,1,7,7,1.2435550958031352
597505,1,7,1,17.009301219262763
597518,1,7,6,6.113643652125647
597534,0,7,0,0.021173398123119417
597537,1,7,2,13.681043044054233
597546,1,7,6,17.228678498423378
597556,1,7,9,23.273340608725032
597557,1,7,2,5.0207621883024975
597575,1,7,5,0.3586789934097332
597579,1,7,7,0.437194965113051
597582,1,7,4,0.3586790108976326
597615,1,7,4,0.3586790108976326
597634,1,7,4,0.358679009087165
597646,1,7,2,2.4737230382670776
597649,1,7,1,23.102812093184014
597650,1,7,9,12.072288609540639
597659,1,7,8,21.506124760360606
597662,1,7,10,8.04179151863758
597663,1,7,7,4.396341210508005
597674,1,7,9,26.258071468465765
597681,1,7,6,18.899076271087385
597685,1,7,1,15.521030824031081
597688,1,7,7,2.3108993338991732
597696,1,7,10,4.170264056988159
597708,1,7,10,11.167421350603298
597717,1,7,1,17.80625955094067
597724,1,7,6,13.505567217833125
597741,1,7,5,0.3586789934097332
597750,1,7,9,5.490793515198429
597751,1,7,6,17.76172045660362
597777,1,7,6,15.768238014845341
597786,1,7,1,22.638728253922576
597794,1,7,4,0.3586790108976326
597798,1,7,8,10.134686072048368
597807,1,7,9,25.14395863359121
597833,1,7,5,0.3586789934097332
597834,1,7,4,0.3586790108976326
597836,1,7,9,20.651040060722963
597840,1,7,10,16.045927913796273
597853,1,7,8,5.414061456059619
597855,1,7,5,0.3586789934097332
597883,1,7,9,18.659131001851406
597887,1,7,1,14.159562854515585
597889,1,7,6,15.634878328659134
597891,1,7,4,0.358679009087165
597907,1,7,4,0.358679009087165
597940,1,7,1,6.736126997424852
597948,1,7,5,0.3586789934097332
597963,1,7,2,6.432416743471307
597968,1,7,6,7.427876242325212
597971,1,7,4,0.3586790108976326
597976,1,7,8,4.196995830327378
597996,1,7,9,16.135665596351263
598016,1,7,4,0.3586790108976326
598021,1,7,3,2.4072919443330307
598039,1,7,6,8.833614569732191
598043,1,7,9,23.802128449573345
598055,1,7,10,16.686337880868074
598075,1,7,8,25.66887882343202
598097,1,7,1,20.06813597215243
598105,0,7,0,0.012786822891991437
598110,1,7,10,10.459894427149296
598114,1,7,6,17.05774156980274
598132,1,7,8,4.309058703262793
598138,1,7,10,7.438586318359234
598159,1,7,3,2.3090783139982944
598165,1,7,5,0.3586789934097332
598176,1,7,9,25.59869585594325
598185,1,7,7,1.5425698412952296
598188,1,7,9,15.959362557364269
598190,1,7,8,9.073098239700887
598219,1,7,2,8.862633028089542
598238,1,7,10,10.838011663565304
598243,1,7,9,4.369833170534572
598255,1,7,4,0.3586790108976326
598278,1,7,6,23.667994300352944
598296,1,7,7,1.403889749832028
598324,1,7,9,2.6131948714173796
598327,1,7,6,21.815673252716913
598329,1,7,5,0.3586789934097332
598333,1,7,4,0.3586790108976326
598345,1,7,6,7.853600730894419
598347,1,7,5,0.3586789934097332
598354,1,7,8,26.4838473725219
598376,1,7,5,0.3586789934097332
598380,1,7,1,17.589751736370552
598393,1,7,2,13.93292185518301
598394,1,7,8,16.73212541012852
598397,1,7,9,23.955815256400463
598431,1,7,1,7.189029845821909
598440,1,7,8,21.653851174593854
598447,1,7,9,21.673845566595148
598460,1,7,1,16.4591362583929
598471,1,7,8,20.7808190232058
598475,1,7,3,2.241250253261407
598479,0,7,0,0.012239485925393348
598514,1,7,6,12.250384172310492
598525,1,7,6,12.453813215681866
598529,1,7,1,21.641262046450045
598550,1,7,2,9.39460924979549
598556,1,7,8,26.354944721065024
598565,1,7,4,0.3586790108976326
598566,1,7,1,16.449887040553364
598592,1,7,5,0.3586789934097332
598605,1,7,7,4.50941299559263
598621,1,7,6,6.989415672769049
598627,1,7,10,11.744257742790941
598631,1,7,3,2.374004934812236
598633,1,7,5,0.3586789949470627
598650,1,7,9,23.700417407072145
598651,1,7,1,18.868862151582494
598660,1,7,1,12.345005547193301
598663,1,7,1,9.960542433755407
598667,0,7,0,0.020147207620105037
598677,1,7,8,16.267610058675512
598682,1,7,4,0.3586790108976326
598687,1,7,3,2.4031559534571763
598725,1,7,9,25.83466726313135
598726,1,7,6,18.089869128255835
598738,1,7,3,1.2421069061865435
598749,1,7,3,2.2732420850536315
598752,1,7,7,1.5191170683173663
598772,1,7,4,0.3586790108976326
598776,1,7,9,22.420121176514595
598785,0,7,0,0.012346603056983804
598823,1,7,5,0.3586789934097332
598827,1,7,9,16.660173999513763
598832,1,7,4,0.3586790108976326
598860,1,7,1,7.423307726718609
598862,1,7,8,17.61893534723294
598866,1,7,9,4.169525097289303
598881,1,7,6,19.748037226139044
598886,1,7,1,13.927720819451832
598888,1,7,6,8.561898947685224
598896,1,7,4,0.3586790108976326
598901,1,7,8,25.736305066638955
598930,1,7,9,26.33766065227326
598939,1,7,7,1.3482463057735328
598949,1,7,8,23.122257717637808
598957,1,7,3,2.095302399114224
598963,1,7,8,16.73398335814624
598972,1,7,4,0.358679009087165
598975,1,7,6,13.457446792537755
598979,1,7,6,22.63351255455533
598993,1,7,9,25.530426330671013
599014,1,7,9,20.698993377902166
599024,1,7,1,12.085239005656728
599043,1,7,9,23.94486047379585
599060,1,7,4,0.3586790108976326
599073,1,7,9,24.097537631414536
599084,1,7,9,21.266164366845427
599153,1,7,1,21.112478441776208
599154,1,7,7,3.18538426834741
599160,1,7,1,18.95957395705927
599183,1,7,9,26.366434873257973
599186,1,7,5,0.3586789934097332
599192,1,7,5,0.3586789934097332
599194,1,7,8,21.492990602007186
599197,1,7,1,15.901105017538345
599205,1,7,6,10.349335602636163
599211,1,7,4,0.3586790108976326
599216,1,7,5,0.3586789934097332
599233,1,7,3,2.381812446411265
599261,1,7,9,26.377300043058963
599276,1,7,8,21.765889672926043
599278,1,7,6,20.79241658451438
599280,1,7,6,11.991533543961618
599281,1,7,6,11.587854783931622
599292,1,7,9,26.47807891820619
599293,1,7,6,22.021538657538002
599302,1,7,5,0.3586789934097332
599322,1,7,4,0.3586790108976326
599324,1,7,10,19.12329625946155
599328,1,7,4,0.358679009087165
599332,1,7,9,7.007850122514677
599340,1,7,9,20.097329254852763
599348,1,7,8,25.202852665644638
599354,1,7,10,21.187002084755292
599359,1,7,6,19.907805826470444
599407,1,7,1,19.44360180366873
599411,1,7,9,25.640605274226655
599426,1,7,4,0.3586790108976326
599433,1,7,8,17.454848023833136
599444,1,7,1,13.971618290533772
599446,1,7,8,9.204413264942163
599449,1,7,8,24.712560953761184
599450,1,7,3,2.4015260059478707
599456,1,7,3,2.323596923622891
599467,1,7,3,2.3759492398498208
599477,1,7,4,0.3586790108976326
599490,1,7,9,24.2558907027025
599509,1,7,10,6.6240757656485565
599516,1,7,9,6.228304188061703
599521,1,7,1,7.073176664540656
599536,1,7,3,2.317044382205511
599563,1,7,8,10.695058110915097
599576,1,7,5,0.3586789934097332
599590,1,7,8,6.5175357464168995
599599,1,7,4,0.3586790108976326
599605,1,7,10,12.322775056364925
599625,1,7,5,0.3586789934097332
599630,1,7,1,11.054480888267749
599653,1,7,3,1.7540501803034954
599655,1,7,6,12.066078566081002
599656,1,7,6,21.695447775598762
599661,1,7,9,23.153533299148506
599691,1,7,5,0.3586789934097332
599715,1,7,8,15.095367506547229
599729,1,7,8,13.981417621016826
599753,1,7,5,0.3586789934097332
599772,1,7,6,19.457380895559062
599788,1,7,10,4.131531157088036
599805,1,7,2,6.645249557978774
599811,1,7,6,19.142597807380685
599829,1,7,5,0.3586789934097332
599830,1,7,7,1.4944117441768492
599834,1,7,8,21.70250332500791
599835,1,7,8,18.89726174780594
599850,1,7,9,23.514915708813
599856,1,7,9,7.152280435382306
599857,1,7,7,1.9322538098906126
599862,1,7,6,8.117416656971585
599864,1,7,5,0.3586789934097332
599873,1,7,10,8.629177529049016
599880,1,7,6,23.529679130612365
599881,1,7,4,0.3586790108976326
599910,1,7,6,23.880815050539997
599914,1,7,1,23.20524043635196
599917,1,7,5,0.3586789934097332
599920,1,7,7,2.548327593327871
599928,0,7,0,0.01709951970170777
599936,1,7,3,2.077103615821387
599959,1,7,10,19.678482867716188
599966,1,7,4,0.3586790108976326
599970,1,7,4,0.3586790108976326
599983,1,7,6,23.587716101254095
600007,1,7,9,13.60675085851569
600029,1,7,5,0.3586789949470627
600036,0,7,0,0.01337105576209953
600058,1,7,8,3.7670566600489637
600059,1,7,1,16.90667154846639
600070,1,7,10,12.413169208399248
600076,1,7,4,0.3586790108976326
600083,0,7,0,0.01783497413145379
600086,1,7,6,17.787889679656903
600097,1,7,6,20.24540822097937
600101,1,7,10,8.91658355676703
600108,1,7,9,21.109986537872793
600121,1,7,8,17.689334711707588
600137,1,7,5,0.3586789934097332
600142,1,7,2,7.750730663815482
600143,1,7,8,9.833402395773328
600155,1,7,9,25.65833337589593
600170,1,7,8,15.985697677290464
600177,1,7,6,15.497639165059594
600178,1,7,2,3.0080710959989796
600184,1,7,7,2.574451896330181
600185,1,7,5,0.3586789934097332
600229,1,7,9,18.333426499561195
600233,1,7,7,4.2471379051831635
600241,1,7,3,1.3771532019330015
600276,1,7,7,3.9388352668276148
600300,1,7,4,0.3586790108976326
600303,1,7,1,13.476365426114631
600308,0,7,0,0.03343498779603091
600319,1,7,8,15.46790352017639
600328,1,7,9,19.91631012866223
600333,1,7,10,9.53595367899707
600360,1,7,9,14.53125983934804
600379,1,7,8,4.569470557691664
600393,1,7,8,26.297483376791376
600403,1,7,7,0.3559696682642249
600420,1,7,10,5.493942985888598
600425,1,7,9,16.19432279768717
600430,0,7,0,0.02122473741354491
600437,1,7,8,9.617158291980514
600446,1,7,6,6.834299573588889
600455,1,7,5,0.3586789934097332
600471,1,7,9,25.832651282457668
600514,1,7,7,2.5559703265905633
600520,1,7,7,1.613205365783146
600541,0,7,0,0.01637250434686929
600548,1,7,5,0.3586789934097332
600551,1,7,9,22.582732947279847
600564,1,7,10,15.635797505498866
600611,1,7,7,3.962197215240577
600634,0,7,0,0.3699135351234806
600647,1,7,1,20.441151130578707
600652,1,7,9,7.387984768018145
600673,1,7,4,0.3586790108976326
600687,0,7,0,0.012374326138262866
600694,1,7,8,23.488942845581903
600714,1,7,4,0.3586790108976326
600732,1,7,10,10.395531477745733
600733,1,7,10,19.49648417387312
600734,1,7,9,16.68721942674188
600735,1,7,1,9.51485800628876
600738,1,7,6,19.056161851456736
600739,1,7,5,0.3586789934097332
600761,1,7,5,0.3586789934097332
600775,1,7,6,18.953689936317385
600777,1,7,9,14.362995481182319
600783,1,7,6,7.013404727869872
600788,1,7,8,16.256139270280197
600791,1,7,1,21.46814601708817
600798,1,7,8,15.436309025134525
600803,1,7,8,17.12541526396712
600836,1,7,10,12.903502343028887
600842,1,7,5,0.3586789934097332
600844,1,7,8,5.481937754087707
600850,1,7,5,0.3586789934097332
600854,1,7,9,19.938787118329184
600883,1,7,5,0.3586789934097332
600891,1,7,9,16.333929108492967
600893,1,7,7,4.223148778915319
600896,1,7,9,6.226880546229773
600897,1,7,9,17.941537689013586
600903,1,7,9,22.955046819399517
600905,1,7,2,13.247516766111879
600943,1,7,4,0.3586790108976326
600950,1,7,6,21.283337654606804
600952,1,7,9,17.593287906821754
600960,1,7,2,8.81092066222632
600971,0,7,0,0.025073624496176505
600987,1,7,8,4.4431975190055155
600992,1,7,7,1.061137537685225
600999,1,7,6,23.2489927316419
601000,1,7,10,16.043313235075953
601001,1,7,9,23.992947029895106
601004,1,7,9,15.535402715118803
601015,1,7,10,13.016722862776682
601017,1,7,8,11.668803892330239
601018,1,7,8,15.111759545547766
601019,1,7,5,0.3586789949470627
601037,1,7,5,0.3586789934097332
601041,1,7,7,3.801406204966936
601074,1,7,1,23.07618303490332
601079,1,7,9,21.313691744260424
601085,1,7,9,18.370430754854475
601113,1,7,6,14.895721927099977
601117,0,7,0,0.09126268262621515
601118,1,7,1,11.557160002129876
601124,1,7,4,0.3586790108976326
601136,1,7,9,4.057433757180464
601153,1,7,4,0.3586790108976326
601172,1,7,9,10.859987075578742
601175,1,7,9,25.893733037384695
601188,1,7,4,0.3586790108976326
601196,1,7,9,11.35870466612341
601206,1,7,9,24.22347674741488
601207,1,7,6,23.627452645007388
601211,1,7,4,0.3586790108976326
601214,1,7,6,6.353884058535228
601227,1,7,8,4.893998635368301
601229,1,7,10,11.783634025901913
601241,1,7,6,21.286998193832886
601247,1,7,9,19.118811587028038
601282,0,7,0,0.013192990767787358
601284,1,7,6,7.811712224728755
601312,1,7,10,19.848777786043144
601322,1,7,8,20.575909060482896
601323,1,7,7,4.602602456027587
601326,0,7,0,0.03595224257273637
601335,1,7,6,23.58377573739162
601346,1,7,10,8.246001678148824
601348,1,7,6,22.95533608461259
601388,1,7,9,16.020889028988968
601397,1,7,7,4.520606839196739
601403,1,7,8,23.028550349917197
601406,1,7,6,14.838851056053294
601408,1,7,5,0.3586789934097332
601409,1,7,5,0.3586789934097332
601417,1,7,6,14.792144956265785
601426,0,7,0,0.017130712073922482
601427,1,7,9,20.360764526478135
601429,1,7,1,7.067406099258203
601437,1,7,5,0.3586789934097332
601445,1,7,8,15.786370774627745
601466,1,7,6,11.858445410969459
601468,1,7,9,7.079740089555457
601488,1,7,6,22.000821361512994
601490,1,7,5,0.3586789934097332
601502,1,7,6,11.237277258018727
601523,1,7,1,14.902434216379946
601567,1,7,6,6.797697414243601
601572,1,7,4,0.3586790108976326
601582,1,7,4,0.3586790108976326
601599,0,7,0,0.014412052155478102
601624,1,7,1,18.6334039732948
601627,1,7,9,23.955827726789796
601637,1,7,6,5.71902429666011
601644,1,7,10,12.554563248381214
601645,1,7,4,0.3586790108976326
601656,1,7,3,1.2175682431819659
601661,1,7,1,9.27612278987565
601669,1,7,7,0.8223575113710193
601676,1,7,10,4.26199617417683
601685,1,7,3,2.4246055351737605
601701,1,7,9,12.700203428248216
601744,0,7,0,0.025163901279104093
601761,1,7,9,13.189232019300995
601767,1,7,6,23.581355198141082
601781,1,7,8,9.110571379453361
601784,1,7,9,17.92693199961161
601802,1,7,10,5.96997114419404
601806,1,7,1,21.914296338662705
601817,1,7,4,0.3586790108976326
601818,1,7,3,2.354706635207671
601823,1,7,1,12.612014632070988
601835,0,7,0,0.029274006301348663
601840,1,7,6,23.301201352378694
601847,1,7,8,5.717524929122726
601853,1,7,7,0.8608772193457607
601854,0,7,0,0.014588894957074171
601857,1,7,8,10.356409228011639
601858,1,7,7,4.270124405676816
601861,0,7,0,0.029960433660709475
601863,1,7,8,25.056875214608887
601874,1,7,10,6.708198436332569
601890,0,7,0,0.03369201858169408
601896,1,7,2,11.848816939240153
601899,0,7,0,0.018169763850101696
601919,1,7,6,22.84263435043012
601945,1,7,1,19.469656102533072
601952,1,7,7,1.623371197036403
601960,1,7,6,13.746884684271533
601967,1,7,5,0.3586789934097332
601989,1,7,9,25.536208028612236
602015,1,7,9,24.535845438894007
602016,1,7,4,0.358679009087165
602043,1,7,9,22.16723791331823
602047,1,7,8,12.65429767559861
602060,1,7,2,10.242833304111056
602070,1,7,9,10.347290719670239
602085,1,7,8,22.964019273979353
602087,1,7,9,3.773737029479167
602091,1,7,6,20.740352048073017
602093,0,7,0,0.01647051868275921
602095,1,7,9,24.072182500147804
602142,1,7,6,8.169299114150215
602150,1,7,9,25.93229990394366
602176,1,7,6,14.817511920252404
602182,1,7,7,1.0452117293066283
602183,1,7,4,0.3586790108976326
602186,1,7,8,12.814520316835855
602202,1,7,5,0.3586789934097332
602216,1,7,5,0.3586789934097332
602233,0,7,0,0.017323079722254466
602240,1,7,8,2.94155456051407
602257,0,7,0,0.02808254159900212
602259,1,7,7,4.237204211328873
602267,1,7,2,10.822233251364338
602268,1,7,9,7.36298012262181
602304,1,7,5,0.3586789934097332
602307,1,7,5,0.3586789934097332
602313,1,7,1,17.405034834780306
602314,1,7,8,16.026820423075232
602315,1,7,8,14.729816811099319
602322,1,7,3,0.9032252327009362
602333,1,7,5,0.3586789934097332
602339,1,7,4,0.358679009087165
602350,1,7,5,0.3586789949470627
602354,1,7,9,16.398715914380258
602356,1,7,10,15.157526594644848
602387,1,7,1,6.69265569446502
602395,1,7,4,0.3586790108976326
602409,1,7,1,22.070624229554213
602416,1,7,10,6.724010586233416
602424,1,7,4,0.3586790108976326
602428,1,7,10,10.957404728569452
602445,1,7,10,5.279967199629005
602479,1,7,1,16.880841169590294
602521,1,7,8,15.1492606885911
602526,0,7,0,0.021819109610476842
602532,1,7,7,0.8232537739578347
602544,1,7,6,21.907152964016635
602545,1,7,8,12.77549419415054
602573,1,7,8,20.129159608006482
602595,1,7,1,15.577470029235096
602618,1,7,9,12.30860424834644
602622,1,7,5,0.3586789934097332
602628,1,7,8,19.65954991283946
602644,1,7,5,0.3586789934097332
602656,1,7,7,2.554276083485421
602662,1,7,9,9.551437970554709
602665,1,7,5,0.3586789934097332
602666,1,7,6,23.602811417570962
602668,1,7,1,13.502143105321236
602677,1,7,6,23.065940907265084
602682,1,7,6,14.905486424770462
602683,1,7,9,25.52823407818293
602698,1,7,4,0.3586790108976326
602699,1,7,9,19.78342865486792
602723,1,7,1,14.523310501354308
602752,1,7,6,20.22102188190465
602770,1,7,8,8.877540559068596
602780,1,7,4,0.3586790108976326
602786,1,7,2,9.14201844851834
602827,1,7,6,22.251197384394516
602828,1,7,5,0.3586789934097332
602838,1,7,9,25.941979456642397
602861,1,7,8,23.128621187133863
602862,1,7,6,5.945026656406755
602863,1,7,10,13.03041155305844
602866,1,7,5,0.3586789934097332
602894,1,7,7,2.0224985525013173
602912,1,7,8,10.509203369670987
602923,1,7,9,20.338065843700132
602933,1,7,7,1.9411240113468302
602940,1,7,8,20.35785710233503
602977,1,7,6,12.198672889396205
602987,1,7,5,0.3586789934097332
602991,1,7,4,0.3586790108976326
602992,1,7,6,13.888633516662628
602993,1,7,4,0.3586790108976326
602994,1,7,9,23.619204892227643
603009,1,7,5,0.3586789934097332
603011,1,7,6,23.985443361259822
603016,1,7,10,12.394054173037626
603025,0,7,0,0.019230165949165674
603031,1,7,2,11.979967062121542
603035,1,7,7,4.325918599592172
603036,1,7,9,22.79111643439459
603046,1,7,1,11.692355059947738
603048,1,7,9,15.234290056827792
603050,1,7,5,0.3586789949470627
603083,1,7,7,2.9261927495529076
603084,1,7,6,8.870291979214333
603085,1,7,6,18.79720402650166
603098,1,7,6,14.994964972478737
603106,1,7,5,0.3586789934097332
603127,1,7,1,4.79860601631662
603131,1,7,9,19.66137992895253
603138,1,7,5,0.3586789934097332
603168,1,7,9,22.43148160695922
603169,1,7,6,9.617702879753585
603173,1,7,5,0.3586789934097332
603176,1,7,5,0.3586789934097332
603181,1,7,3,2.0927384212862776
603191,1,7,1,13.905125212625912
603201,1,7,2,10.945432751789436
603202,1,7,6,14.8634998431272
603205,1,7,9,6.337881575765865
603213,1,7,6,12.498468581888966
603214,1,7,9,17.087692552015415
603220,1,7,4,0.3586790108976326
603238,1,7,5,0.3586789934097332
603242,1,7,9,13.614588121535055
603252,1,7,9,9.139103233368095
603253,1,7,8,11.783363707979072
603260,1,7,2,2.889877023770409
603269,1,7,7,1.7155415172828563
603285,1,7,10,9.1805392532935
603326,1,7,5,0.3586789934097332
603344,1,7,8,28.18585761947742
603346,1,7,1,6.103854560988266
603356,1,7,6,9.456407855504043
603362,1,7,1,11.03417198325426
603380,1,7,5,0.3586789934097332
603385,1,7,7,2.617772187652849
603389,1,7,7,0.7762896187946525
603413,1,7,10,12.373684597807063
603428,1,7,7,1.569248268501944
603429,1,7,8,2.5247378447378286
603433,1,7,8,23.092987231983557
603440,1,7,1,12.220017110212844
603446,1,7,9,11.288879678346365
603460,1,7,10,10.982043535742594
603462,1,7,5,0.3586789934097332
603491,1,7,5,0.3586789934097332
603493,1,7,4,0.3586790108976326
603504,1,7,3,2.054557689472802
603505,1,7,10,14.877201989365743
603512,1,7,10,15.73005226824503
603549,1,7,4,0.3586790108976326
603550,1,7,6,13.802166263981146
603551,1,7,6,21.214776674293024
603564,1,7,9,20.043836675393166
603565,1,7,1,16.073637080587364
603573,1,7,8,9.087330077411082
603577,1,7,9,16.20906495070693
603586,1,7,3,2.050539270648874
603595,1,7,7,3.2784668346513053
603596,1,7,6,12.330800028304111
603609,1,7,8,16.03689584122414
603611,1,7,6,9.098358771812293
603618,1,7,4,0.3586790108976326
603623,1,7,10,11.680314488163903
603638,1,7,9,24.848334974947985
603644,1,7,4,0.358679009087165
603659,0,7,0,0.015929422266477408
603676,1,7,10,19.112519185279247
603716,1,7,1,19.433753934479455
603732,1,7,4,0.3586790108976326
603734,1,7,5,0.3586789934097332
603743,1,7,8,16.289676185764236
603760,1,7,8,9.97234681614063
603763,1,7,4,0.3586790108976326
603764,1,7,9,24.42025754050647
603772,1,7,6,19.60957891717007
603788,1,7,4,0.3586790108976326
603792,1,7,9,11.290232622994258
603814,1,7,4,0.3586790108976326
603847,1,7,4,0.3586790108976326
603869,1,7,1,17.394098139990458
603875,1,7,8,28.101201893742466
603876,1,7,1,5.015560317992947
603883,0,7,0,0.027262829389730434
603887,1,7,9,9.481109015378951
603896,1,7,8,20.622210883035436
603902,1,7,5,0.3586789934097332
603937,1,7,8,12.753845468625654
603948,1,7,5,0.3586789934097332
603980,1,7,6,23.19324694754359
603983,1,7,8,7.363492046343316
603997,1,7,10,7.136104638663985
603998,1,7,6,8.107705680981503
603999,1,7,5,0.3586789934097332
604009,1,7,6,14.115765210644305
604010,1,7,8,22.406805090534785
604011,1,7,3,1.5794065414674654
604016,1,7,6,20.927780423224107
604018,1,7,7,1.7306231329305541
604019,1,7,9,21.337786097554176
604023,1,7,10,14.700595058708112
604036,1,7,9,16.57251821965745
604038,1,7,6,19.92023430756459
604060,1,7,4,0.3586790108976326
604061,1,7,9,25.616522851352084
604063,1,7,10,4.566667153357475
604084,1,7,9,17.663059453168465
604105,1,7,8,12.867860796486454
604109,1,7,5,0.3586789934097332
604113,1,7,10,5.674732628705012
604140,1,7,10,16.354693067882906
604141,1,7,4,0.3586790108976326
604146,1,7,8,16.210353061001705
604149,1,7,8,13.106445239285625
604152,1,7,9,26.252175960326273
604156,1,7,10,12.392121635556515
604167,1,7,1,5.75549679753829
604173,1,7,9,24.060114647294068
604219,1,7,9,18.672821686114816
604225,0,7,0,0.013178849321781582
604239,1,7,4,0.3586790108976326
604244,1,7,6,21.150106746053154
604256,1,7,9,5.355513244477108
604260,1,7,8,17.93960960845257
604270,1,7,6,21.313240015424043
604284,1,7,9,10.477928374866263
604299,1,7,10,11.540219682641963
604308,1,7,4,0.3586790108976326
604316,1,7,1,14.307864828940096
604325,1,7,6,17.47877056086996
604344,1,7,6,5.235593581875789
604346,1,7,5,0.3586789934097332
604352,1,7,5,0.3586789934097332
604359,1,7,8,16.56348754735739
604371,1,7,4,0.3586790108976326
604372,1,7,9,15.452019690337291
604378,1,7,4,0.3586790108976326
604379,1,7,4,0.3586790108976326
604384,1,7,1,20.217830608573244
604417,1,7,10,13.080533311922743
604422,1,7,4,0.3586790108976326
604449,1,7,6,13.630877654949426
604463,1,7,9,25.35333404395484
604475,1,7,5,0.3586789934097332
604478,1,7,8,4.008839190578387
604485,1,7,6,21.561170092176628
604486,1,7,5,0.3586789934097332
604488,1,7,5,0.3586789934097332
604493,1,7,6,20.724342629704964
604497,1,7,8,27.84475668433053
604500,1,7,6,14.71978874644926
604504,1,7,7,3.3447219951047584
604509,1,7,1,16.197022223395674
604518,1,7,8,9.450104015531192
604521,1,7,1,16.540744526956196
604525,1,7,9,22.81629276104455
604530,1,7,7,2.784433568595425
604540,1,7,8,10.570581567909372
604542,1,7,9,23.319135106373803
604543,1,7,6,17.144909272628155
604562,1,7,6,12.499872451456444
604568,1,7,3,2.312921101666673
604587,1,7,5,0.3586789934097332
604590,1,7,8,28.359383429925888
604596,1,7,8,22.899228387364328
604597,1,7,9,12.026227133767073
604611,1,7,1,7.728923059022039
604631,1,7,6,19.40789223867838
604635,1,7,5,0.3586789934097332
604662,1,7,7,1.3359152322116612
604672,1,7,8,6.999887555481363
604687,1,7,10,12.381265717900334
604703,0,7,0,0.018255815286210515
604704,0,7,0,0.013085710756192146
604716,1,7,2,5.426918292426139
604718,0,7,0,0.18722813108792669
604727,0,7,0,0.01219592380256366
604728,1,7,2,10.244637882505815
604733,1,7,8,14.591535989219347
604737,1,7,8,14.516451329259528
604740,1,7,10,16.189849847907475
604741,1,7,10,20.88053152836096
604748,1,7,9,14.871591149034867
604756,1,7,9,20.980820057737535
604757,1,7,2,10.859955831495302
604805,1,7,9,22.50077890776785
604806,1,7,3,2.4032850433819153
604807,1,7,8,16.356867132569228
604824,1,7,8,23.038932092908276
604836,1,7,2,7.3198986431403
604838,1,7,9,15.8081367116584
604853,1,7,9,8.416706879083343
604880,1,7,6,21.43777994920908
604882,1,7,8,13.81020242262162
604884,1,7,8,26.70842394162038
604891,1,7,6,11.455180553435518
604899,1,7,8,18.823429177088876
604904,1,7,10,12.589576661944557
604911,1,7,5,0.3586789934097332
604929,1,7,4,0.3586790108976326
604975,1,7,3,1.8341420298986104
604994,1,7,5,0.3586789934097332
605000,1,7,4,0.3586790108976326
605013,1,7,7,3.2865517599155756
605014,1,7,9,3.5864393826205885
605015,1,7,5,0.3586789934097332
605026,1,7,8,14.250634847703118
605031,1,7,8,13.204645413134369
605037,1,7,10,7.0377594203000955
605053,1,7,9,8.63453285830581
605075,1,7,10,5.330045782265693
605077,1,7,1,6.166472735082835
605087,1,7,5,0.3586789934097332
605096,1,7,9,15.973784935937097
605097,1,7,9,6.851345841453875
605102,1,7,4,0.3586790108976326
605110,1,7,8,23.66364486601134
605113,1,7,8,10.407262503542706
605123,1,7,4,0.3586790108976326
605147,1,7,8,9.083800643370113
605155,1,7,9,24.547118216227638
605156,0,7,0,0.016098326402160596
605158,1,7,1,7.133626303825153
605167,1,7,8,18.830053262418687
605169,1,7,1,22.059158096797155
605171,1,7,5,0.3586789949470627
605208,1,7,4,0.3586790108976326
605209,1,7,9,24.790815972327398
605222,1,7,9,22.53722721135548
605226,1,7,5,0.3586789934097332
605227,1,7,4,0.3586790108976326
605232,1,7,2,12.494558458259007
605241,1,7,8,20.156827512701163
605258,1,7,5,0.3586789934097332
605261,1,7,2,13.580098301894056
605264,1,7,6,22.123053263630457
605267,0,7,0,0.01726963345796424
605268,1,7,2,13.94613053882007
605285,1,7,4,0.3586790108976326
605286,1,7,10,20.637030393321936
605301,1,7,1,6.095639235000797
605312,1,7,9,2.117985329778254
605323,1,7,9,16.404230780936018
605353,1,7,8,3.1670158794645924
605355,1,7,3,2.3870180116742272
605356,1,7,8,13.629464467306772
605368,1,7,1,22.175663733979956
605374,1,7,5,0.3586789934097332
605377,1,7,10,19.971631476637338
605380,1,7,10,19.27255882309496
605414,1,7,6,14.949199640995287
605420,1,7,5,0.3586789934097332
605429,1,7,1,5.597704411835291
605447,0,7,0,0.01757914799379727
605454,1,7,8,6.467919774706554
605463,1,7,10,18.910367008165693
605484,1,7,5,0.3586789949470627
605499,1,7,5,0.3586789949470627
605509,1,7,6,11.657614273642068
605513,1,7,10,7.124181784788345
605527,1,7,8,18.19410164705156
605567,1,7,7,1.698735393193856
605592,1,7,5,0.3586789934097332
605634,1,7,4,0.3586790108976326
605652,1,7,6,7.827046249012261
605659,1,7,7,2.168705818738273
605679,0,7,0,0.04459885149624312
605684,1,7,3,2.012524948748785
605685,1,7,8,16.07171075861344
605688,1,7,6,13.00995152971745
605698,1,7,1,17.462897091687477
605700,1,7,6,21.052245024329178
605705,1,7,9,8.700501488711787
605714,0,7,0,0.024535444318202235
605718,1,7,9,23.291957128992546
605721,1,7,9,24.386636946783963
605727,1,7,4,0.3586790108976326
605728,1,7,10,12.844129079614959
605760,1,7,6,11.983505498714774
605772,1,7,5,0.3586789934097332
605783,1,7,4,0.3586790108976326
605790,1,7,4,0.3586790108976326
605798,1,7,9,4.403455112573998
605823,1,7,9,18.994878272651988
605850,1,7,5,0.3586789934097332
605854,1,7,1,16.77219340699359
605876,1,7,10,19.408544133516944
605887,1,7,6,23.775318790977263
605891,1,7,6,7.561296954530177
605902,1,7,9,24.070125751765314
605907,1,7,10,9.077647999035237
605931,0,7,0,0.019455221484310798
605933,0,7,0,0.11548460365219389
605938,1,7,9,24.37499237856856
605955,1,7,9,16.731549794733827
605962,1,7,6,20.635418920085048
605993,1,7,5,0.3586789934097332
605999,1,7,5,0.3586789934097332
606017,1,7,4,0.3586790108976326
606033,1,7,10,7.076536285208266
606043,1,7,5,0.3586789934097332
606055,1,7,10,9.318788109065453
606069,1,7,6,11.220408481475557
606084,1,7,8,22.679248233233356
606087,1,7,9,24.132147729728334
606104,1,7,8,12.21296541462423
606130,1,7,5,0.3586789934097332
606133,1,7,1,6.0608698426384215
606141,1,7,6,13.741378739741076
606164,1,7,3,1.8979470578675193
606185,1,7,10,3.3977267810952383
606186,1,7,8,13.097263573220047
606194,1,7,4,0.3586790108976326
606197,1,7,8,26.529116620761165
606203,1,7,1,22.40069926842797
606210,1,7,8,19.994059989930182
606218,1,7,10,20.244720089219786
606220,1,7,4,0.3586790108976326
606224,1,7,8,7.366610456950063
606226,1,7,5,0.3586789934097332
606248,1,7,4,0.358679009087165
606264,0,7,0,0.01899526888153781
606277,0,7,0,0.025317188315517297
606287,1,7,5,0.3586789934097332
606295,1,7,8,8.897341009205608
606317,1,7,1,8.75777105786433
606320,1,7,9,19.9362978316961
606335,1,7,4,0.3586790108976326
606345,1,7,9,9.770903021439903
606359,1,7,9,14.269549218333442
606362,1,7,9,7.5392846842134995
606376,1,7,8,11.99954659306377
606380,1,7,6,7.642906686356697
606385,1,7,10,4.4549043627766105
606396,0,7,0,0.025615888144799762
606400,1,7,8,8.0378257248412
606406,1,7,4,0.3586790108976326
606412,1,7,7,2.6461872307168584
606415,1,7,5,0.3586789934097332
606417,1,7,10,14.770560342125194
606418,1,7,2,7.649531999061585
606421,1,7,9,22.347652805802646
606430,1,7,6,17.799512025927445
606438,1,7,6,20.76297607310964
606444,1,7,6,22.959139784747396
606454,1,7,4,0.3586790108976326
606465,1,7,3,2.3907054397532077
606478,1,7,9,21.695124755509536
606500,1,7,5,0.3586789934097332
606548,1,7,6,23.519358600189335
606556,1,7,1,12.311872677707209
606558,1,7,10,10.547847483863244
606569,1,7,2,2.179125344825061
606575,1,7,8,15.90700342004467
606600,1,7,6,21.305137429424974
606602,1,7,9,14.13278023534265
606606,1,7,9,14.260392892942079
606624,1,7,9,24.661679752217825
606637,1,7,6,15.379269607383124
606644,1,7,7,4.052905336548958
606645,1,7,2,2.6563928027994814
606647,1,7,4,0.3586790108976326
606652,1,7,9,25.618031801833652
606653,0,7,0,0.026968865292801878
606663,1,7,4,0.3586790108976326
606666,1,7,8,3.4500424957498455
606687,1,7,8,20.247728583574013
606711,1,7,3,2.357544104441244
606720,1,7,8,15.066993972889525
606747,1,7,6,14.422394466385386
606769,1,7,6,22.677550124093337
606784,1,7,5,0.3586789934097332
606802,1,7,9,22.44083201356664
606803,1,7,8,23.93372924186227
606804,1,7,4,0.3586790108976326
606824,1,7,3,0.9432433943088985
606827,1,7,9,16.367443494067274
606832,1,7,6,4.776456060823444
606836,1,7,4,0.3586790108976326
606859,1,7,4,0.3586790108976326
606860,0,7,0,0.024404939455436443
606868,1,7,7,2.2560146427480845
606882,1,7,9,12.551300877583863
606890,1,7,7,3.370482179224471
606915,0,7,0,0.02421537711953041
606924,1,7,2,7.182354927363552
606929,1,7,6,19.426543397978847
606938,1,7,9,25.387715165115274
606939,0,7,0,0.011914988226854533
606987,1,7,6,22.69246289739641
607013,1,7,6,23.819775874878644
607016,1,7,4,0.3586790108976326
607018,1,7,5,0.3586789934097332
607029,1,7,4,0.3586790108976326
607035,1,7,10,9.435469041156805
607038,1,7,1,21.716193755353604
607051,1,7,9,15.335826144187742
607080,1,7,8,24.060470766818742
607105,1,7,5,0.3586789934097332
607106,1,7,9,24.20534129201453
607109,1,7,6,13.296977683525613
607136,1,7,3,2.162697722582972
607140,1,7,9,26.251390568315237
607150,1,7,1,16.91487922436455
607154,1,7,7,1.8511241952601913
607160,1,7,6,17.39491057511143
607161,1,7,6,11.25062809980051
607166,1,7,6,16.533567578517797
607178,1,7,10,5.099045080852537
607185,1,7,8,17.769769505474812
607189,1,7,8,4.524406325220587
607194,1,7,6,22.893285640131964
607205,1,7,3,2.313162356501395
607214,1,7,6,14.50625332344582
607224,0,7,0,0.015793624247249203
607245,1,7,6,16.30651860349029
607250,1,7,9,13.598549460278713
607251,1,7,8,18.557785152697026
607284,1,7,9,20.21415716459733
607311,0,7,0,0.02600150804334284
607341,1,7,7,2.690507147857736
607352,1,7,10,3.0828278959639586
607353,1,7,6,19.40570936829051
607383,1,7,9,25.710469196928425
607384,1,7,6,11.773345835665989
607402,1,7,5,0.3586789934097332
607406,1,7,8,9.729873926578998
607424,1,7,4,0.3586790108976326
607426,1,7,10,20.965064499946532
607435,1,7,6,18.509011590816414
607439,1,7,8,22.503342389953943
607453,1,7,6,11.641111005660223
607460,1,7,10,10.07758306764322
607461,1,7,5,0.3586789934097332
607486,1,7,6,19.140999078879602
607487,1,7,9,11.474199179647838
607498,1,7,10,12.359868360412564
607516,1,7,4,0.3586790108976326
607518,1,7,5,0.3586789934097332
607536,1,7,6,11.922721065922039
607568,1,7,1,10.7710834572018
607577,1,7,5,0.3586789934097332
607581,1,7,8,13.001946995430933
607590,1,7,4,0.3586790108976326
607592,1,7,7,3.515871938641392
607593,1,7,6,13.733124691493883
607597,1,7,5,0.3586789934097332
607601,1,7,1,22.055391855973987
607612,1,7,1,12.285042131025177
607619,1,7,5,0.3586789949470627
607622,1,7,2,11.153576642349636
607624,1,7,4,0.3586790108976326
607645,1,7,8,10.887475542944463
607663,1,7,8,12.754849954570908
607666,1,7,9,5.940712675217529
607672,1,7,5,0.3586789934097332
607698,1,7,9,14.016877877548056
607713,1,7,5,0.3586789934097332
607744,1,7,6,18.17542970521068
607747,1,7,9,10.696005664897964
607750,1,7,4,0.3586790108976326
607774,1,7,9,16.478534492337978
607788,1,7,8,26.247751874316062
607798,1,7,4,0.3586790108976326
607799,1,7,1,11.310644685422693
607800,1,7,7,2.2674812363535124
607813,1,7,9,25.01587519297077
607820,1,7,8,9.716442031838346
607840,1,7,3,2.427466407970181
607846,1,7,6,18.185731478009814
607851,1,7,9,21.706891971906636
607854,1,7,10,15.95323336487796
607858,1,7,4,0.3586790108976326
607867,1,7,10,21.23224766841628
607869,1,7,9,23.844837668427193
607871,1,7,5,0.3586789934097332
607880,1,7,5,0.3586789934097332
607899,1,7,4,0.3586790108976326
607903,1,7,5,0.3586789934097332
607923,1,7,4,0.3586790108976326
607936,1,7,3,2.1852279274317006
607942,1,7,7,2.3280920241632685
607945,1,7,9,25.955163085332078
607947,1,7,10,5.28888113825467
607954,1,7,9,14.791310264169066
607961,1,7,1,19.905357045226356
607965,1,7,6,6.5861930766966585
607979,1,7,9,14.249346253661637
607985,1,7,10,3.1798903807525507
607994,1,7,5,0.3586789934097332
607997,1,7,1,14.03681687182396
607998,1,7,9,9.001901358277284
608005,1,7,5,0.3586789934097332
608034,1,7,4,0.3586790108976326
608037,1,7,9,15.607698419648715
608045,1,7,10,6.891074098172244
608057,1,7,10,14.827375492815934
608059,0,7,0,0.016903378918794777
608065,1,7,6,13.859797808217607
608066,1,7,1,18.272634753998798
608086,1,7,4,0.3586790108976326
608093,1,7,9,13.127008414512117
608095,0,7,0,0.018988259240891994
608109,1,7,9,18.13205273095331
608111,1,7,5,0.3586789934097332
608122,1,7,1,20.639232576379868
608134,1,7,10,18.916219544986912
608188,1,7,9,24.752792822216588
608191,1,7,2,13.837482850974975
608221,1,7,7,0.947201685313782
608249,1,7,6,22.529950491892237
608253,1,7,5,0.3586789934097332
608255,0,7,0,0.028320234247471
608273,1,7,7,3.3340524328820256
608274,1,7,6,23.0153135690136
608276,1,7,5,0.3586789934097332
608301,1,7,5,0.3586789934097332
608319,1,7,5,0.3586789934097332
608328,1,7,10,7.699674184515198
608332,1,7,9,25.95426946404951
608333,1,7,10,15.974513930001116
608345,1,7,5,0.3586789934097332
608369,1,7,4,0.3586790108976326
608374,0,7,0,0.09326831770647215
608379,1,7,10,7.709488754038238
608383,1,7,5,0.3586789934097332
608395,1,7,8,7.083045960790399
608400,1,7,1,18.172934899854894
608401,1,7,3,2.3920143505599416
608409,1,7,5,0.3586789934097332
608431,0,7,0,0.014086940383443967
608434,1,7,6,14.438181282466843
608440,1,7,3,0.7878513001560996
608446,1,7,6,21.742923903540095
608448,1,7,9,12.495534543647725
608449,1,7,10,16.187854218114662
608451,1,7,1,14.22678977404962
608467,1,7,9,21.089011439655266
608480,1,7,5,0.3586789934097332
608491,1,7,8,16.628258991019052
608495,1,7,5,0.3586789934097332
608504,1,7,3,0.6771260037416541
608519,1,7,7,0.35718896895753466
608521,1,7,3,2.411351950267825
608534,1,7,4,0.358679009087165
608543,1,7,8,5.124889214812141
608555,1,7,8,21.36069908598255
608561,1,7,8,23.607474072392368
608584,1,7,9,16.72543647951688
608588,1,7,5,0.3586789934097332
608589,1,7,5,0.3586789934097332
608591,1,7,8,10.129995780630495
608598,1,7,9,15.021689612764284
608619,1,7,7,1.8092899920841432
608620,1,7,8,16.76359167562564
608623,1,7,9,14.802170906479867
608629,1,7,5,0.3586789934097332
608642,1,7,8,10.171514458503134
608646,1,7,4,0.3586790108976326
608661,1,7,10,11.714351820387677
608666,1,7,9,26.002426155500306
608669,1,7,9,15.235771910504264
608673,1,7,6,23.818808222484094
608682,1,7,5,0.3586789934097332
608685,1,7,9,11.269299558803318
608698,1,7,9,18.813894175098046
608721,1,7,5,0.3586789934097332
608733,1,7,9,22.505750701024937
608739,1,7,7,4.344928661156518
608752,0,7,0,0.026524301640835062
608754,1,7,1,13.282082384872846
608758,1,7,5,0.3586789934097332
608802,1,7,10,7.956567109168396
608807,1,7,8,11.718320299622913
608816,1,7,8,23.203141841001543
608834,1,7,9,23.687796549617257
608840,1,7,5,0.3586789949470627
608851,1,7,5,0.3586789949470627
608856,1,7,7,2.8193913922076046
608858,1,7,9,15.331339273313857
608888,1,7,9,6.539993263140166
608900,1,7,6,20.85652589089337
608904,1,7,4,0.3586790108976326
608910,1,7,8,20.305920809457447
608914,0,7,0,0.21265329897889143
608915,1,7,5,0.3586789934097332
608920,1,7,4,0.3586790108976326
608929,1,7,10,3.565287189748707
608960,1,7,6,12.313792401284946
608964,1,7,6,24.003744058664246
608997,1,7,8,12.295854136273316
609003,1,7,9,11.090809090526445
609008,1,7,6,23.187260372397752
609018,1,7,10,11.383675259910099
609032,1,7,6,10.76785806055224
609041,1,7,10,17.598079760870494
609058,1,7,4,0.3586790108976326
609068,1,7,5,0.3586789934097332
609081,1,7,5,0.3586789934097332
609085,0,7,0,0.20529364154389546
609093,1,7,3,2.3813814045842903
609101,1,7,5,0.3586789934097332
609105,0,7,0,0.015067651967112308
609108,1,7,9,12.187887952196112
609110,1,7,4,0.3586790108976326
609125,1,7,8,19.475599997853145
609129,1,7,4,0.3586790108976326
609152,1,7,9,25.941265933218826
609157,1,7,6,18.487474532997428
609158,1,7,4,0.358679009087165
609177,1,7,8,23.676792854843523
609205,1,7,10,11.688410993973434
609210,1,7,8,13.356251874476918
609214,1,7,5,0.3586789934097332
609216,1,7,5,0.3586789934097332
609231,1,7,8,15.526981685828247
609252,1,7,9,22.531835010333506
609278,0,7,0,0.027237354318388293
609289,1,7,4,0.3586790108976326
609297,1,7,10,7.113621183608136
609298,1,7,10,5.4297577148222915
609300,1,7,9,16.02395249599441
609314,1,7,6,12.225133377715645
609316,1,7,10,16.159599741072284
609324,1,7,2,8.991316704532688
609329,1,7,6,12.886990173668593
609342,1,7,9,13.757627379921056
609377,1,7,8,18.622883631211383
609429,1,7,4,0.3586790108976326
609431,1,7,1,18.317909545239118
609453,0,7,0,0.02892972152327641
609455,1,7,6,14.472167746441052
609463,1,7,8,21.538025010350925
609465,0,7,0,0.016804540481577073
609478,1,7,5,0.3586789934097332
609492,1,7,10,7.20597508514802
609507,1,7,7,3.117266481996711
609508,1,7,5,0.3586789934097332
609512,1,7,9,15.898244801629303
609517,0,7,0,0.012698356003764965
609526,1,7,9,22.954352564751456
609543,1,7,1,12.345307775833334
609548,1,7,5,0.3586789934097332
609549,1,7,5,0.3586789934097332
609562,1,7,6,10.934763101946125
609565,1,7,5,0.3586789934097332
609567,1,7,7,1.832007199672917
609610,1,7,9,26.226893688429808
609616,1,7,9,6.547860349596261
609632,1,7,1,15.517434389296346
609641,1,7,8,9.55427710614102
609643,1,7,4,0.3586790108976326
609644,1,7,5,0.3586789934097332
609645,1,7,5,0.3586789934097332
609654,1,7,6,13.723411300276137
609658,1,7,10,7.493998138816697
609659,1,7,7,3.3412604502187633
609661,1,7,4,0.3586790108976326
609663,0,7,0,0.01446071171783028
609670,1,7,8,5.580557738900019
609685,1,7,4,0.3586790108976326
609698,1,7,9,6.190033993501796
609703,1,7,8,26.6947536750797
609709,1,7,10,16.386158258835522
609710,1,7,3,2.4408328633583696
609756,1,7,5,0.3586789934097332
609757,1,7,1,14.88582648756084
609767,1,7,8,11.778832729376479
609768,1,7,8,3.424601992941186
609784,1,7,5,0.3586789934097332
609788,1,7,10,12.650605588388927
609800,1,7,2,7.057683012630288
609810,1,7,5,0.3586789949470627
609812,1,7,6,13.884213153966428
609825,1,7,9,15.770492634401352
609832,1,7,5,0.3586789934097332
609860,1,7,6,24.048020451852636
609861,1,7,8,22.13145954189049
609900,1,7,5,0.3586789934097332
609901,1,7,6,6.146789331369168
609904,1,7,8,13.840749742222096
609913,1,7,5,0.3586789934097332
609922,1,7,5,0.3586789934097332
609941,1,7,10,6.710280833740655
609943,1,7,7,2.255521902775829
609949,1,7,9,3.920110037464807
609953,1,7,7,0.959262709590221
609967,1,7,6,19.9058558713644
609972,1,7,7,1.9067398583256945
609974,1,7,9,12.674344095760517
609984,1,7,8,15.594404336190486
609997,1,7,7,0.3771342759902558
610006,1,7,1,4.458209279712777
610010,1,7,7,2.885927520840268
610011,1,7,1,14.774290435055356
610014,1,7,1,7.989062138536628
610026,1,7,2,13.49148839048621
610028,0,7,0,0.012006454297913288
610029,1,7,6,14.465264736198101
610031,1,7,5,0.3586789934097332
610034,1,7,2,6.553850368382391
610049,0,7,0,0.027492298074179397
610061,1,7,4,0.3586790108976326
610072,1,7,10,12.389247119739993
610081,1,7,8,7.543081699027127
610096,1,7,6,14.92949652268205
610103,1,7,8,15.305730133408295
610104,1,7,4,0.3586790108976326
610107,1,7,9,6.978280806764631
610108,1,7,5,0.3586789934097332
610116,1,7,5,0.3586789934097332
610117,1,7,10,7.931231366824966
610158,1,7,2,11.858415397324277
610168,1,7,6,13.383059551671478
610175,1,7,1,23.064388673746766
610194,0,7,0,0.01202588160227326
610205,1,7,6,13.069533849280095
610216,1,7,1,9.435568368005276
610218,1,7,7,4.362630413901077
610223,1,7,6,15.181122052109405
610228,1,7,9,24.739586753817033
610235,1,7,9,18.579768628478202
610242,1,7,5,0.3586789934097332
610257,1,7,2,2.368623096641816
610292,0,7,0,0.018127109149548407
610306,1,7,6,11.858668392963965
610313,1,7,8,11.884232004466975
610320,1,7,4,0.3586790108976326
610327,1,7,9,2.8422483564278345
610332,1,7,4,0.3586790108976326
610358,1,7,8,26.491339940731216
610373,1,7,10,17.804607601494016
610376,1,7,5,0.3586789934097332
610399,1,7,7,1.9621577793873513
610407,1,7,5,0.3586789934097332
610409,1,7,6,11.468080799847378
610411,1,7,1,6.154362676697692
610430,1,7,4,0.358679009087165
610439,1,7,1,17.98516957680045
610441,1,7,8,6.111412395003661
610448,1,7,4,0.3586790108976326
610454,1,7,6,23.98521890233246
610471,1,7,7,2.907833725418363
610479,1,7,5,0.3586789934097332
610488,1,7,2,10.884215435483329
610491,1,7,6,18.98247400829346
610502,1,7,4,0.3586790108976326
610515,1,7,10,12.031194797324527
610525,1,7,9,25.919321979841936
610526,1,7,1,16.361927196615373
610535,1,7,9,26.436840763025916
610538,1,7,4,0.3586790108976326
610552,1,7,4,0.3586790108976326
610562,1,7,1,22.568561318174005
610589,1,7,6,18.36696433725795
610595,1,7,6,21.66852770697641
610602,1,7,4,0.3586790108976326
610623,1,7,10,11.097900334555684
610629,1,7,4,0.3586790108976326
610632,1,7,4,0.3586790108976326
610642,1,7,6,10.560638194343165
610643,1,7,5,0.3586789934097332
610644,1,7,6,12.641642614566292
610659,1,7,8,21.09680466221717
610664,1,7,5,0.3586789934097332
610666,1,7,8,15.547859821690604
610667,1,7,8,24.622879570706985
610669,0,7,0,0.016855328305698695
610683,1,7,6,15.695533489649858
610685,1,7,8,21.55894079795502
610692,1,7,10,18.36590695662689
610714,1,7,6,14.278704556779573
610730,1,7,8,24.02332908295356
610733,1,7,10,11.244963741741648
610754,1,7,9,25.624746325005628
610756,1,7,1,22.514698137676117
610783,1,7,4,0.3586790108976326
610785,1,7,5,0.3586789934097332
610789,1,7,6,5.712543686636374
610794,1,7,6,14.30209893611524
610800,1,7,9,15.433818339315897
610823,1,7,2,3.4216521740852297
610839,1,7,10,3.1170554489067186
610843,1,7,6,6.4423028309724355
610848,1,7,4,0.3586790108976326
610849,1,7,5,0.3586789934097332
610856,1,7,7,4.382238620876343
610861,1,7,8,3.272618999534925
610869,1,7,8,24.008335885575327
610887,0,7,0,0.029583122356411223
610894,1,7,9,25.22069909643958
610909,1,7,9,24.63181575326798
610928,1,7,9,23.58704784828938
610950,1,7,9,26.223947815005936
610951,1,7,10,11.912498313376444
610957,1,7,4,0.3586790108976326
610962,1,7,1,13.276541934929089
610975,1,7,10,11.142538208007956
610984,1,7,1,21.002577135759125
610988,1,7,2,12.630320514607204
611001,1,7,9,24.127177935049264
611004,1,7,9,7.240201284268025
611012,0,7,0,0.012580827729566098
611013,1,7,5,0.3586789934097332
611018,1,7,6,23.785243951694376
611022,1,7,5,0.3586789934097332
611023,1,7,10,12.205709527832283
611030,1,7,3,1.8826996385280412
611038,1,7,4,0.3586790108976326
611046,1,7,5,0.3586789934097332
611060,1,7,3,2.3905532940961565
611082,1,7,10,5.696372874642132
611083,1,7,3,1.5150734216523323
611090,1,7,10,11.757276629372031
611091,1,7,9,12.555320266193533
611098,1,7,8,6.506203438132933
611116,1,7,5,0.3586789934097332
611140,1,7,6,23.1303613173649
611150,1,7,9,12.027182948595952
611151,1,7,8,27.013443110119198
611159,0,7,0,0.029199278768960356
611160,1,7,5,0.3586789934097332
611175,1,7,5,0.3586789934097332
611179,1,7,3,0.7011028008009638
611183,1,7,5,0.3586789934097332
611186,0,7,0,0.016355082277542596
611227,1,7,5,0.3586789934097332
611233,1,7,6,13.495488907842388
611247,1,7,7,4.153035451485645
611258,1,7,6,18.87561763612909
611260,1,7,8,6.349545312246305
611261,1,7,5,0.3586789934097332
611266,1,7,4,0.358679009087165
611283,1,7,9,17.710819534699095
611285,1,7,4,0.3586790108976326
611295,1,7,6,13.50131551158283
611297,1,7,3,2.429133177192308
611305,1,7,6,18.115784527575233
611306,1,7,9,26.094143849452607
611307,1,7,8,19.337311459156727
611311,1,7,10,19.70610819358667
611312,1,7,4,0.3586790108976326
611324,1,7,8,28.218082591431326
611328,1,7,9,20.98489286465491
611337,1,7,1,18.248922675826233
611367,1,7,5,0.3586789934097332
611369,1,7,2,10.995119349470404
611377,1,7,8,10.92451171788193
611379,1,7,4,0.3586790108976326
611383,1,7,6,23.475574597195802
611394,1,7,9,21.249473839144546
611408,1,7,6,7.267068699263567
611410,1,7,9,16.60504654015919
611420,1,7,9,25.930378935615412
611433,1,7,1,22.51225263324482
611434,1,7,5,0.3586789934097332
611453,1,7,5,0.3586789934097332
611457,1,7,9,24.329299615116263
611473,1,7,8,2.5214535977338692
611485,1,7,10,10.633704572323525
611488,1,7,9,14.987357236477001
611527,1,7,5,0.3586789934097332
611547,1,7,7,4.583686307486545
611554,1,7,9,8.982553875781834
611556,1,7,5,0.3586789949470627
611564,1,7,7,2.229376077984622
611567,1,7,3,1.3958337902850102
611569,1,7,9,9.254124670448718
611571,1,7,8,24.036741825736094
611572,0,7,0,0.01884609059003002
611573,1,7,8,7.57280179654339
611581,1,7,4,0.3586790108976326
611588,1,7,4,0.3586790108976326
611590,0,7,0,0.02662650888739824
611599,1,7,1,5.204835033633155
611618,1,7,10,14.590204680675647
611634,1,7,5,0.3586789934097332
611655,1,7,8,26.552886716595697
611656,1,7,10,21.14543476668753
611671,1,7,5,0.3586789934097332
611678,1,7,4,0.3586790108976326
611682,1,7,10,10.36233382948089
611690,1,7,9,10.128744937240961
611699,1,7,6,22.624188776604036
611719,1,7,9,14.561652621611236
611741,1,7,4,0.3586790108976326
611752,1,7,8,23.144342991173794
611762,1,7,4,0.3586790108976326
611766,1,7,3,1.3832809065543106
611784,1,7,3,2.4014490388988143
611786,1,7,5,0.3586789934097332
611813,1,7,9,6.545842830115659
611819,1,7,4,0.3586790108976326
611830,1,7,8,20.568020945187133
611831,1,7,6,13.942509131696466
611838,1,7,7,1.3625863769747149
611860,1,7,2,4.655522734761133
611864,1,7,6,5.864150143561711
611871,1,7,10,7.404214117056098
611888,1,7,10,12.253304388611838
611895,1,7,8,24.765703837399148
611902,1,7,9,24.359002300961073
611909,1,7,10,12.401381735102039
611910,1,7,6,6.691875649924513
611916,1,7,6,13.956100770028401
611923,1,7,6,23.966993073451462
611944,1,7,4,0.3586790108976326
611964,1,7,9,14.229020297151132
611973,1,7,5,0.3586789934097332
611984,1,7,6,6.47447535440565
612004,1,7,8,9.175224429632658
612008,1,7,8,25.825373408999607
612027,1,7,8,10.394734067726219
612028,1,7,3,2.0310941217974294
612034,1,7,9,24.23746847692533
612035,1,7,6,22.99874033752144
612047,1,7,1,12.60993071354008
612058,1,7,4,0.3586790108976326
612071,1,7,1,15.913414419952293
612080,1,7,6,18.15497260180332
612091,1,7,8,22.652270525465646
612094,1,7,9,12.751508004456701
612106,0,7,0,0.019614636305842016
612107,1,7,9,18.977906360477053
612118,1,7,9,8.91254233414876
612123,1,7,9,6.472300254091014
612134,1,7,10,16.30795225806822
612154,1,7,4,0.3586790108976326
612156,1,7,5,0.3586789949470627
612168,1,7,6,22.45838637830501
612171,1,7,9,25.48232180108992
612179,0,7,0,0.014629732072895812
612186,1,7,10,7.193422796699844
612190,1,7,8,23.04411298895797
612194,1,7,5,0.3586789934097332
612195,1,7,9,15.213060409446854
612197,1,7,4,0.3586790108976326
612203,1,7,5,0.3586789934097332
612206,1,7,1,10.9213915652365
612217,1,7,8,18.01440883754991
612220,1,7,8,28.269834805940093
612222,1,7,7,3.579092039002398
612223,1,7,8,23.12053795302986
612235,1,7,1,13.00532946517579
612245,1,7,4,0.3586790108976326
612247,1,7,1,18.360241421064103
612257,1,7,7,0.9918352375519343
612276,1,7,10,11.86367793335992
612294,1,7,9,24.0840710779741
612300,1,7,5,0.3586789934097332
612304,1,7,8,15.543873053453314
612306,1,7,1,8.494304773730663
612316,1,7,5,0.3586789934097332
612334,1,7,9,7.349401534273555
612361,1,7,5,0.3586789934097332
612386,1,7,9,19.213930131649388
612391,1,7,8,23.59694751426021
612401,1,7,5,0.3586789934097332
612417,1,7,5,0.3586789934097332
612418,1,7,5,0.3586789934097332
612422,1,7,9,16.225860737391994
612425,1,7,9,15.674891446486066
612426,0,7,0,0.018726586245419032
612435,1,7,5,0.3586789934097332
612436,1,7,6,18.594582674241646
612437,0,7,0,0.026125361360884516
612438,1,7,5,0.3586789934097332
612445,1,7,6,18.506910967742826
612459,0,7,0,0.028209219180062663
612474,0,7,0,0.015227126419349857
612485,1,7,8,4.047480931709037
612501,1,7,1,21.306064741403997
612509,1,7,9,19.012402411630532
612518,1,7,9,24.228346456961056
612524,1,7,9,21.314142154167364
612526,1,7,8,7.542643401671972
612530,1,7,4,0.3586790108976326
612535,1,7,7,4.61264736222754
612539,1,7,8,27.885173334834153
612553,1,7,9,18.836526737523336
612554,1,7,4,0.3586790108976326
612559,1,7,7,1.4064755101278277
612570,1,7,1,15.426833818518997
612575,1,7,9,25.038566277912558
612586,1,7,8,14.05814838178647
612591,1,7,8,24.580546325246843
612605,0,7,0,0.015297927711285603
612617,1,7,7,4.251727144152851
612620,1,7,10,17.380249561208778
612624,1,7,9,7.624695983529978
612630,1,7,6,23.185183545284115
612640,1,7,10,21.23877172242405
612644,1,7,4,0.358679009087165
612687,1,7,8,13.61907450528389
612691,1,7,10,21.108147010449247
612696,1,7,8,16.787356430137844
612706,1,7,6,23.880080135590106
612707,1,7,8,19.771073675477854
612716,1,7,4,0.3586790108976326
612722,1,7,9,9.775187406946623
612734,1,7,6,5.761856729238778
612738,0,7,0,0.016211776089610427
612740,1,7,6,21.848704902012837
612741,1,7,6,11.398196119189572
612751,1,7,8,25.739220822930267
612764,1,7,8,23.9545149855377
612771,1,7,4,0.3586790108976326
612814,1,7,5,0.3586789934097332
612815,1,7,6,15.935232112583236
612821,1,7,9,21.82139035993473
612828,1,7,5,0.3586789934097332
612841,1,7,10,3.239655096111522
612860,1,7,8,28.19004304514226
612861,1,7,6,14.691415242208988
612876,1,7,1,23.088093348022362
612879,1,7,7,2.8137730042793563
612881,1,7,7,4.579728527457889
612888,1,7,5,0.3586789934097332
612893,1,7,9,9.284725097873446
612899,1,7,4,0.3586790108976326
612905,1,7,9,16.23042094744394
612918,1,7,8,4.056667333853579
612927,1,7,8,18.423305019561962
612929,1,7,8,8.434654313990196
612931,1,7,4,0.358679009087165
612940,0,7,0,0.016361553825214405
612946,1,7,9,20.63184377504137
612951,1,7,6,22.68916531085357
612953,1,7,8,26.289221636583118
612978,1,7,10,17.28518279758152
613002,1,7,6,23.380354612964727
613003,1,7,1,12.920339014726405
613007,1,7,10,20.643684362572248
613021,1,7,9,22.878543728830156
613025,1,7,8,18.68432428841293
613065,1,7,8,23.711105625196797
613084,1,7,10,4.838629851472676
613106,1,7,6,19.45232799178855
613136,1,7,7,1.0213982241463884
613155,1,7,7,4.302092885496398
613177,1,7,8,12.068764339889778
613191,1,7,9,21.088752193985258
613222,1,7,5,0.3586789934097332
613224,1,7,8,16.10142629005815
613240,1,7,5,0.3586789934097332
613244,1,7,5,0.3586789934097332
613274,1,7,9,25.938764280746252
613281,1,7,9,24.56867427797635
613287,1,7,9,25.27853157475422
613303,1,7,1,15.301863064921127
613308,0,7,0,0.01572220788157077
613311,1,7,7,0.35852820502300536
613323,1,7,6,21.608675576200273
613332,1,7,9,25.882041178587397
613346,1,7,5,0.3586789934097332
613351,1,7,9,13.350850777411052
613370,1,7,1,6.133966046206248
613377,1,7,8,9.50879526204143
613380,0,7,0,0.05244806960945822
613411,1,7,9,11.309816719525399
613415,1,7,8,5.98959075032237
613446,1,7,9,14.569798988467868
613461,1,7,9,24.287856985747542
613471,1,7,10,16.417903708806286
613494,1,7,10,12.403906428977413
613501,1,7,9,23.983236741238546
613508,1,7,1,16.760856267287128
613520,1,7,6,22.853223970954463
613528,1,7,7,3.6765243851229945
613552,1,7,6,19.8808838180976
613586,1,7,10,7.423987948918886
613594,1,7,1,19.12967128288892
613602,1,7,4,0.3586790108976326
613605,0,7,0,0.014137228906478486
613613,1,7,5,0.3586789934097332
613617,1,7,8,28.215051390219248
613620,1,7,10,17.727659614280388
613633,1,7,4,0.3586790108976326
613640,1,7,9,12.882456413951525
613644,1,7,6,23.151295881427483
613645,1,7,7,4.516403225211406
613646,1,7,2,13.805004553580277
613647,1,7,4,0.3586790108976326
613653,1,7,4,0.3586790108976326
613656,1,7,8,11.901697572071221
613658,1,7,6,15.655591414366839
613665,1,7,9,10.208211761163508
613688,1,7,9,25.811895048051337
613699,1,7,5,0.3586789949470627
613700,1,7,8,8.19085591363869
613701,1,7,9,25.57405052627043
613705,1,7,4,0.3586790108976326
613711,1,7,9,16.378040942871174
613735,1,7,10,14.708975933351203
613743,1,7,5,0.3586789934097332
613747,1,7,5,0.3586789934097332
613759,1,7,9,11.39138089242924
613769,1,7,10,20.241423954261755
613774,1,7,9,13.59969710667331
613780,1,7,4,0.3586790108976326
613791,1,7,9,4.393773175078494
613801,1,7,8,25.168043120812467
613802,0,7,0,0.012193912048909553
613808,1,7,1,9.894264859217737
613825,1,7,2,8.053361042196897
613848,1,7,1,18.497999501474773
613858,1,7,1,11.271343158031609
613866,1,7,9,14.147750264834164
613868,1,7,9,24.407319810357077
613879,1,7,10,17.785062448416074
613898,1,7,10,21.167799645897222
613900,1,7,8,13.493963729976969
613910,0,7,0,0.015898061852134562
613917,1,7,4,0.3586790108976326
613918,1,7,5,0.3586789934097332
613922,1,7,3,1.6553458428293006
613938,1,7,1,5.715499650990504
613942,1,7,9,8.374643665244673
613948,1,7,10,19.402540585054943
613953,1,7,9,15.171178026903647
613975,1,7,8,15.308288873254098
613980,1,7,8,9.037695152014987
613985,1,7,9,26.21355514102099
613986,1,7,4,0.3586790108976326
614009,1,7,6,14.20141217134449
614027,1,7,1,19.309382563877246
614029,1,7,6,21.60854227771911
614030,1,7,8,2.3636922546892754
614032,1,7,4,0.3586790108976326
614034,1,7,2,7.5225554736288185
614041,1,7,8,5.760109691169258
614044,1,7,5,0.3586789934097332
614053,1,7,7,3.176765215008091
614054,1,7,1,17.78004000292242
614068,0,7,0,0.01200625672357328
614070,1,7,5,0.3586789934097332
614082,1,7,8,7.619861182355971
614091,1,7,8,20.71380724589268
614095,1,7,1,20.483204263311023
614103,1,7,6,6.623719406318411
614114,1,7,1,16.74196678664895
614115,1,7,6,23.139359796247255
614161,1,7,6,23.256684932658846
614174,1,7,8,14.474336438133713
614182,1,7,5,0.3586789934097332
614211,1,7,6,12.184278119240341
614232,1,7,6,14.63232316400579
614234,1,7,5,0.3586789934097332
614236,0,7,0,0.019438930309691797
614238,1,7,9,26.454663048554398
614249,1,7,5,0.3586789934097332
614252,1,7,7,2.7560464735065118
614254,1,7,2,1.1953032511506791
614279,1,7,5,0.3586789949470627
614282,1,7,6,14.661171471780218
614286,1,7,9,21.09310069685014
614329,0,7,0,0.2310010847316355
614336,1,7,6,12.446615418271646
614350,1,7,10,11.251623338352912
614364,1,7,4,0.3586790108976326
614365,1,7,6,6.424747381551501
614373,1,7,8,23.34858523579124
614428,1,7,9,5.634944531851996
614450,1,7,8,18.30610717265692
614455,1,7,4,0.3586790108976326
614459,1,7,9,25.980341636727943
614472,1,7,7,2.1689900977819785
614497,1,7,9,26.32116431445526
614520,1,7,9,3.6134426123849948
614527,1,7,6,16.298340342465053
614536,1,7,4,0.3586790108976326
614540,1,7,1,17.076624976218334
614548,1,7,5,0.3586789934097332
614550,1,7,6,19.448727141739187
614559,1,7,8,9.689995483642745
614566,1,7,6,23.089531480379883
614567,1,7,1,12.084633365289365
614568,1,7,5,0.3586789934097332
614575,1,7,1,19.25189094759632
614590,1,7,4,0.3586790108976326
614595,1,7,6,10.10615965023503
614599,1,7,10,7.138160885366139
614609,1,7,9,12.416574425990664
614612,1,7,8,6.108717785001129
614631,1,7,8,25.39609038498126
614634,1,7,10,18.796573123328777
614641,1,7,6,14.974261122516673
614643,1,7,10,7.5436984034650045
614651,1,7,8,16.97514479526478
614657,1,7,8,4.430956338257885
614661,1,7,9,15.843379447959034
614693,1,7,6,18.447996861353648
614697,1,7,9,13.099423532276639
614721,1,7,4,0.3586790108976326
614724,1,7,8,15.561598244186387
614726,1,7,8,10.59098206180715
614738,1,7,10,8.762089256704435
614756,1,7,6,18.128295880010306
614799,1,7,8,25.50225266603188
614807,1,7,1,13.011222163361467
614809,1,7,6,22.58831731880595
614812,1,7,4,0.3586790108976326
614821,1,7,8,8.002749444511638
614825,1,7,6,22.512052907643643
614853,1,7,7,1.8084158911053827
614873,1,7,9,24.12246306410702
614877,1,7,6,12.575530447730243
614918,1,7,5,0.3586789934097332
614924,1,7,7,2.7594615704643912
614933,1,7,9,10.471602135170468
614934,1,7,7,0.9614201496206933
614951,1,7,6,19.408719118129838
614964,1,7,1,18.563544075725392
614978,1,7,7,4.447676922264273
614987,1,7,9,25.6611606296384
614996,1,7,8,23.66264552187091
615012,1,7,8,15.99807252936062
615022,0,7,0,0.02121242613031128
615023,1,7,8,15.01731331823842
615027,1,7,5,0.3586789934097332
615034,1,7,7,3.1783772507026975
615037,1,7,4,0.3586790108976326
615059,1,7,8,27.88281243172019
615076,1,7,9,17.103250710978966
615078,1,7,6,15.075391809477686
615115,1,7,4,0.3586790108976326
615126,1,7,10,8.543666798034296
615129,1,7,5,0.3586789934097332
615131,1,7,4,0.3586790108976326
615134,1,7,5,0.3586789934097332
615161,1,7,5,0.3586789934097332
615169,1,7,5,0.3586789934097332
615177,0,7,0,0.01817718567239001
615189,1,7,2,11.324628280784092
615205,1,7,1,16.095646150704724
615232,1,7,6,24.02321243547069
615234,1,7,6,7.050077891167485
615235,1,7,8,21.155425147484788
615269,1,7,9,15.261843182326153
615277,0,7,0,0.03302955502288787
615282,1,7,1,6.021867618223649
615297,1,7,1,11.342185008458879
615303,1,7,10,6.22456048479668
615327,1,7,5,0.3586789934097332
615331,1,7,2,2.668104185836827
615343,1,7,9,20.600876940778264
615359,1,7,10,10.25655467516431
615363,1,7,7,1.7836095247609893
615371,1,7,5,0.3586789949470627
615375,1,7,4,0.358679009087165
615380,1,7,5,0.3586789934097332
615392,0,7,0,0.014848278624827222
615405,1,7,9,13.868042971711299
615408,1,7,9,16.484299538791944
615416,1,7,9,6.208069702878173
615420,1,7,8,17.135702829202266
615425,1,7,7,1.894110075439899
615442,1,7,4,0.3586790108976326
615468,1,7,9,13.74033996861067
615479,1,7,9,20.409794880477797
615482,1,7,6,14.814734003035289
615490,1,7,5,0.3586789934097332
615508,1,7,10,17.977817820926518
615510,1,7,4,0.3586790108976326
615516,1,7,9,12.964435454376055
615519,1,7,5,0.3586789934097332
615574,1,7,8,8.77703239060133
615575,1,7,10,12.379513525688223
615624,1,7,4,0.3586790108976326
615654,1,7,10,21.21989160160975
615664,1,7,4,0.3586790108976326
615695,1,7,8,20.643598977086146
615699,1,7,6,17.15180760347777
615718,1,7,4,0.3586790108976326
615719,1,7,9,25.271596640942047
615720,1,7,6,17.844493789577204
615721,1,7,1,18.27650726412441
615728,1,7,5,0.3586789934097332
615748,1,7,8,16.343502833802614
615751,1,7,8,16.855887800407263
615754,0,7,0,0.017161911798701475
615772,0,7,0,0.02262104966563377
615783,1,7,6,12.086117678487621
615796,1,7,8,17.642826542016675
615800,1,7,6,23.19249807318191
615806,1,7,9,26.289170542201624
615836,1,7,6,12.479470008203288
615866,1,7,9,8.239571070753541
615870,1,7,7,3.9758060005451457
615872,1,7,5,0.3586789934097332
615876,1,7,6,20.879030947099736
615888,1,7,9,23.56289393293868
615890,1,7,5,0.3586789934097332
615898,1,7,9,13.09450993248745
615915,1,7,5,0.3586789934097332
615935,1,7,6,23.13683553121735
615940,1,7,7,3.8031739754595035
615949,1,7,8,26.760162427130652
615974,1,7,9,10.610324053930164
615979,1,7,4,0.3586790108976326
615987,1,7,4,0.3586790108976326
615997,1,7,2,11.159208415955964
616016,1,7,7,2.492003574731969
616025,1,7,6,23.112887707264395
616026,1,7,8,3.40911565374533
616031,1,7,5,0.3586789934097332
616037,1,7,10,10.43569070204955
616043,1,7,9,17.97159035194351
616050,1,7,9,21.170780821007366
616068,1,7,6,14.60802316036218
616090,1,7,10,5.1205680183304025
616106,1,7,1,8.430299154541734
616130,1,7,7,4.008719538579141
616145,1,7,6,23.96259728211345
616146,1,7,1,15.146641785927514
616150,1,7,7,4.4129737805941645
616158,1,7,4,0.3586790108976326
616161,1,7,9,12.514176529958796
616187,1,7,9,4.950525276544608
616202,1,7,4,0.3586790108976326
616204,1,7,2,6.990287585304571
616224,1,7,9,20.150617571217616
616225,1,7,5,0.3586789934097332
616234,1,7,6,17.48115074182924
616236,1,7,6,19.45607288990562
616241,1,7,9,6.4744737502899525
616245,1,7,1,18.27438631108857
616250,1,7,9,5.662386720927902
616258,1,7,8,26.28237415617074
616267,1,7,5,0.3586789934097332
616275,1,7,6,19.048764260330003
616279,1,7,7,0.6781230854499397
616286,1,7,4,0.3586790108976326
616301,1,7,5,0.3586789934097332
616321,1,7,3,2.4001138655256806
616337,1,7,9,18.690298875122643
616340,1,7,6,19.915646992580474
616343,1,7,2,3.6097063594598553
616346,1,7,6,14.654848887731845
616360,1,7,10,17.777829539901703
616365,0,7,0,0.01264766025100017
616387,1,7,5,0.3586789934097332
616405,1,7,9,23.00470747870699
616412,0,7,0,0.02459136403197918
616426,1,7,4,0.358679009087165
616441,1,7,8,28.546006992369417
616445,1,7,5,0.3586789934097332
616450,1,7,9,22.731189892920323
616452,1,7,8,27.657436447425436
616457,1,7,9,26.42261820695659
616470,1,7,8,22.272634878014735
616479,1,7,6,12.495930477131104
616480,1,7,2,13.946914135640458
616483,1,7,4,0.3586790108976326
616485,1,7,9,25.510701572858288
616493,1,7,9,15.237258312916406
616501,1,7,4,0.3586790108976326
616511,1,7,10,9.239658717461321
616524,1,7,9,15.562484693744134
616531,0,7,0,0.012980324211380566
616536,1,7,2,7.331617877656825
616539,1,7,5,0.3586789934097332
616572,1,7,5,0.3586789934097332
616593,1,7,9,17.00212478347329
616600,1,7,4,0.3586790108976326
616610,0,7,0,0.01633645283030736
616613,1,7,10,8.767511991370382
616633,1,7,9,22.7370062198602
616637,1,7,7,1.362121258500094
616673,1,7,6,23.24873823698471
616684,1,7,9,20.912691174350627
616705,1,7,5,0.3586789934097332
616726,1,7,3,0.9487888790209436
616728,1,7,8,10.119715374102293
616729,1,7,5,0.3586789934097332
616762,1,7,7,2.3335287312109165
616767,0,7,0,0.026112748307868312
616772,1,7,7,3.61314885367094
616777,1,7,10,8.890865581393752
616781,1,7,6,7.211908698174657
616804,0,7,0,0.015325874567546959
616813,1,7,9,26.301086376118015
616823,1,7,8,17.65575080925084
616829,1,7,3,1.6143425088115624
616835,1,7,9,21.92863746778295
616847,1,7,5,0.3586789934097332
616854,1,7,4,0.3586790108976326
616855,1,7,7,2.057586355989857
616858,1,7,9,7.644487113948994
616860,0,7,0,0.029080950777826138
616862,1,7,4,0.3586790108976326
616868,1,7,10,12.378113931820764
616879,1,7,7,3.5287426225917105
616919,1,7,7,4.316453866044058
616935,1,7,2,14.01769952082835
616943,0,7,0,0.0287577637846987
616954,1,7,2,12.885987645155195
616968,1,7,3,2.4537562118531704
616999,1,7,4,0.3586790108976326
617001,0,7,0,0.02200297570178715
617006,1,7,9,25.310027071131525
617021,1,7,6,21.601187267325276
617035,1,7,5,0.3586789934097332
617037,1,7,8,9.588476949285392
617039,1,7,9,16.578832256506843
617052,1,7,9,15.637861229584487
617061,1,7,5,0.3586789934097332
617068,1,7,9,11.381901538463486
617077,1,7,5,0.3586789949470627
617082,1,7,8,24.050026647571386
617085,1,7,9,6.219441742446771
617107,1,7,4,0.3586790108976326
617110,1,7,10,20.68200757370885
617128,1,7,8,12.86812503838084
617133,1,7,6,20.079859306209553
617144,1,7,6,5.880763917984113
617187,1,7,9,5.66935908604052
617199,1,7,3,2.2910068155551313
617223,1,7,8,26.741057132077433
617227,1,7,7,3.7685265356371676
617229,1,7,9,16.17046735716433
617231,1,7,1,17.96039959220871
617240,1,7,7,4.468660040042965
617258,1,7,7,4.23625611609812
617288,1,7,8,24.903333975397977
617297,1,7,3,2.302016478248394
617299,1,7,5,0.3586789934097332
617303,1,7,8,11.371820508255116
617319,1,7,9,24.05156703662486
617351,1,7,4,0.3586790108976326
617359,1,7,9,14.70566662292759
617380,1,7,7,2.7295609078331315
617384,1,7,9,21.04155119216178
617397,1,7,8,24.607939245452016
617432,1,7,4,0.3586790108976326
617445,1,7,10,15.599651562609163
617451,1,7,5,0.3586789934097332
617456,1,7,5,0.3586789934097332
617471,1,7,7,3.98587967723857
617475,1,7,6,21.079133579645173
617476,0,7,0,0.19313727709819822
617482,1,7,9,23.004703109961625
617486,0,7,0,0.01325790137878181
617491,1,7,5,0.3586789934097332
617499,1,7,7,3.566638467393331
617500,0,7,0,0.012695431819183442
617504,1,7,3,2.2993881249265553
617515,1,7,1,17.24636814469129
617521,1,7,9,25.54654148851477
617522,1,7,8,15.36424747854505
617532,1,7,6,19.433148458537545
617548,1,7,1,5.663016648602286
617559,0,7,0,0.025837862971926844
617563,1,7,10,14.505824747638787
617566,1,7,3,0.7804493401482079
617583,1,7,4,0.3586790108976326
617590,1,7,7,4.108590946283964
617659,1,7,8,21.108172978344218
617661,1,7,9,24.330381094960327
617669,1,7,8,23.134675498880544
617680,1,7,6,9.893955464394638
617702,1,7,6,22.851262801100788
617710,0,7,0,0.018878987110781655
617716,1,7,10,21.083535156501412
617717,1,7,8,16.37422639651188
617718,1,7,6,10.737741242428854
617724,1,7,5,0.3586789934097332
617743,0,7,0,0.019020926079588232
617747,1,7,9,7.859935361403669
617752,1,7,1,6.411210883860168
617754,1,7,8,7.123982358025188
617772,0,7,0,0.20787027074543785
617781,1,7,4,0.358679009087165
617820,1,7,1,17.654117925775125
617824,1,7,6,21.741731871016256
617828,1,7,6,6.159021578866495
617842,1,7,6,12.960386332234224
617894,1,7,6,10.274905115942355
617902,1,7,8,9.233123846254621
617915,1,7,9,9.519050591527222
617923,1,7,9,23.758746938846595
617931,1,7,8,23.0067173940377
617960,1,7,7,1.4311367276919684
617966,1,7,7,1.2974529478361545
617969,1,7,9,5.962606473476843
617979,0,7,0,0.022710951522178915
617984,1,7,10,14.749637116167374
617991,0,7,0,0.06997622472013788
617995,1,7,9,12.752699908703367
618007,1,7,1,14.078566757010606
618016,1,7,4,0.3586790108976326
618020,1,7,8,18.748563058368397
618033,1,7,7,3.791479282417839
618045,1,7,4,0.3586790108976326
618047,1,7,5,0.3586789934097332
618060,1,7,6,20.360965870600527
618061,1,7,5,0.3586789934097332
618064,1,7,5,0.3586789934097332
618071,1,7,10,19.709660021785982
618077,1,7,9,3.768422065672358
618079,1,7,6,14.92938638535951
618086,1,7,9,15.740876209903487
618090,0,7,0,0.01290395087534313
618092,1,7,9,8.737293130681307
618104,1,7,9,14.7018553324159
618106,1,7,7,3.953989798574065
618108,1,7,5,0.3586789934097332
618113,1,7,6,22.131649691458506
618115,1,7,3,2.3236763276845775
618127,1,7,9,10.932550771350298
618128,1,7,9,18.375865131755095
618159,1,7,1,18.241010920376837
618170,1,7,9,25.035990439356834
618184,1,7,6,8.250483209034401
618186,1,7,8,26.918068184995978
618187,1,7,6,10.838022682195504
618192,1,7,2,5.815517371761403
618193,1,7,5,0.3586789934097332
618201,1,7,4,0.3586790108976326
618202,1,7,9,7.063948724247204
618229,1,7,9,2.8504645883217083
618230,1,7,8,11.528363525349825
618267,1,7,10,19.130619621515375
618283,1,7,1,20.5021924661216
618292,1,7,6,23.145846555950104
618313,1,7,10,12.433934450663509
618320,1,7,1,21.18464633724275
618334,1,7,9,12.108822956835208
618341,1,7,3,2.215541032739206
618358,1,7,9,24.061888571984642
618377,1,7,9,23.502260813978864
618384,1,7,9,11.82487428382895
618387,1,7,10,7.367781848554803
618394,1,7,10,11.393973393991677
618396,1,7,6,13.07854371372343
618400,1,7,3,2.5124736370657637
618410,1,7,4,0.358679009087165
618415,1,7,9,24.876213005026344
618423,1,7,6,10.49718875862303
618426,1,7,8,12.632601067067833
618438,1,7,4,0.3586790108976326
618447,1,7,5,0.3586789934097332
618449,1,7,4,0.3586790108976326
618462,1,7,8,15.726028558569197
618466,1,7,5,0.3586789934097332
618508,1,7,7,1.1385277373356557
618510,1,7,4,0.3586790108976326
618511,1,7,1,5.837186934438122
618526,1,7,3,1.9127156543419233
618535,0,7,0,0.022376913523349612
618543,1,7,9,8.30349966990377
618545,1,7,9,21.31201013387331
618568,1,7,7,2.463144453701536
618573,1,7,10,18.31537945988798
618575,1,7,5,0.3586789934097332
618576,1,7,5,0.3586789934097332
618591,1,7,2,9.59445041143937
618592,1,7,8,9.021513967407945
618595,1,7,9,9.331611775712764
618627,1,7,9,7.350277091585402
618634,1,7,8,22.9865573055456
618636,1,7,10,6.1718101320547785
618659,1,7,6,11.00022695449124
618662,1,7,8,13.442327382644038
618663,1,7,4,0.3586790108976326
618685,1,7,9,26.37687323266629
618686,1,7,5,0.3586789934097332
618701,1,7,4,0.3586790108976326
618741,1,7,6,23.737669428514288
618752,1,7,1,13.784779892868423
618761,1,7,5,0.3586789934097332
618776,1,7,10,18.380744465235153
618786,1,7,10,18.04550785089974
618789,1,7,6,4.939768345419522
618793,1,7,6,16.490500600424582
618802,1,7,6,23.03251852521874
618813,1,7,8,4.384619065751368
618828,1,7,1,18.165160493106438
618846,1,7,9,26.37296528132219
618847,1,7,6,10.94783076063699
618865,1,7,8,15.533102808725156
618871,1,7,9,13.44414209320132
618906,1,7,3,2.2888442347339755
618922,1,7,1,21.909135279042914
618941,1,7,7,4.574523164845634
618942,1,7,9,25.958137872707958
618943,1,7,5,0.3586789934097332
618953,1,7,9,10.96687734755464
618956,1,7,4,0.3586790108976326
618964,1,7,9,10.318031535618031
618966,1,7,9,24.32706810567167
618967,1,7,8,17.32508084808808
618970,1,7,6,9.470252807754802
619009,1,7,9,14.753390829955165
619015,1,7,5,0.3586789934097332
619025,1,7,7,4.527427965955679
619038,1,7,8,9.97238545451916
619067,1,7,4,0.3586790108976326
619081,1,7,6,15.885917605955871
619107,0,7,0,0.020821834157310433
619108,1,7,6,14.79777126436944
619123,1,7,1,17.936423903193514
619134,1,7,6,9.866525921708071
619141,1,7,8,2.4665075547507787
619151,0,7,0,0.016534190755623634
619155,1,7,10,5.245040684792198
619156,1,7,5,0.3586789934097332
619170,1,7,3,2.4036326459817396
619176,1,7,1,12.602742289872753
619178,0,7,0,0.026983589294120047
619180,0,7,0,0.02463642948509178
619191,1,7,10,4.556524796616885
619199,1,7,5,0.3586789934097332
619210,1,7,3,2.4075572946375203
619221,1,7,7,2.958837185380966
619231,1,7,8,18.823511105868047
619233,1,7,8,18.918533257802036
619235,1,7,7,0.7644368767600955
619275,1,7,9,23.730483677376196
619277,1,7,4,0.3586790108976326
619288,1,7,7,2.2022883901035053
619301,1,7,8,25.824368924260835
619322,1,7,6,23.654610400425224
619330,1,7,9,18.246778292599576
619341,1,7,6,14.391237092951876
619351,1,7,8,7.258317403301212
619360,1,7,6,7.547235299921753
619369,1,7,5,0.3586789934097332
619394,1,7,6,8.626751557672355
619401,1,7,8,10.617652331774268
619427,1,7,9,24.65551595737811
619451,1,7,4,0.3586790108976326
619470,0,7,0,0.039992094384312456
619478,1,7,6,13.715130043528765
619495,1,7,5,0.3586789934097332
619522,1,7,8,12.776026113142885
619524,1,7,6,7.33014584264407
619552,0,7,0,0.028483923702353406
619554,1,7,1,22.946990462815414
619561,1,7,2,3.953984607269716
619562,1,7,8,16.618761861585405
619604,1,7,4,0.3586790108976326
619622,1,7,10,7.702394300182001
619626,1,7,8,24.339715945743567
619654,1,7,10,19.82421212149344
619713,1,7,4,0.3586790108976326
619715,1,7,9,6.576988026346738
619719,1,7,7,1.0072729428528715
619724,1,7,10,12.683296273215515
619726,1,7,4,0.3586790108976326
619728,1,7,8,27.970104434871942
619766,1,7,5,0.3586789934097332
619773,1,7,3,1.8617387240649794
619781,1,7,6,19.69532974459624
619783,1,7,6,13.213387334141945
619785,1,7,8,21.50243866872564
619796,1,7,9,20.996221027689433
619809,1,7,9,18.641877768120697
619816,1,7,9,26.08019451852621
619822,1,7,8,16.793480616000217
619861,1,7,6,10.14849680879864
619898,1,7,7,4.015398445437397
619915,1,7,2,11.549387617192094
619922,1,7,5,0.3586789934097332
619927,1,7,10,9.71204932524733
619931,1,7,8,26.27754459101507
619977,1,7,10,19.400353659122988
619979,1,7,4,0.3586790108976326
620003,1,7,5,0.3586789934097332
620007,1,7,10,14.007795215223027
620013,1,7,3,2.3460309677510596
620018,1,7,9,6.436426187748894
620031,1,7,5,0.3586789934097332
620050,1,7,8,9.347881575683044
620052,1,7,9,24.479581053170943
620056,1,7,10,12.373505021406373
620062,1,7,6,11.551241283819552
620090,1,7,10,17.29014323550431
620098,0,7,0,0.01226605360177386
620100,1,7,9,26.45858155337591
620106,1,7,8,10.590503506624017
620110,1,7,2,10.146338769934506
620112,1,7,1,12.648198594750024
620114,1,7,8,25.84587181949873
620115,1,7,8,12.78422437066667
620130,1,7,7,3.1765675807034475
620135,1,7,8,3.106827808029839
620151,1,7,6,14.921607778935465
620170,1,7,4,0.3586790108976326
620198,1,7,5,0.3586789934097332
620227,1,7,6,7.611668774009728
620228,0,7,0,0.0268651805151798
620238,1,7,8,23.12240017754696
620249,1,7,5,0.3586789934097332
620258,1,7,6,18.322430867225435
620261,1,7,7,1.6917483292227324
620282,1,7,10,9.162615260554066
620290,1,7,2,10.514037331195318
620310,1,7,9,20.359554787065115
620314,1,7,2,12.982554982737456
620351,1,7,6,18.87963732036783
620358,1,7,8,27.94833205580285
620360,1,7,9,13.150154366345001
620366,1,7,5,0.3586789934097332
620389,0,7,0,0.012693540472556586
620395,1,7,6,23.46109777431546
620412,1,7,5,0.3586789934097332
620417,1,7,6,18.710769782990862
620419,1,7,1,8.549982639580593
620425,1,7,3,2.2951922546362216
620434,1,7,7,1.8865943225520196
620438,0,7,0,0.013880457210176446
620441,1,7,2,10.23293482444636
620456,1,7,5,0.3586789934097332
620460,0,7,0,0.02649148200518744
620476,1,7,4,0.3586790108976326
620477,1,7,8,23.023603216709727
620478,1,7,8,22.492454660435733
620479,1,7,6,19.021107811539924
620486,1,7,10,5.692009981169098
620489,1,7,8,8.012542809975823
620492,1,7,5,0.3586789934097332
620519,1,7,5,0.3586789934097332
620522,1,7,3,1.6551093115748632
620540,1,7,6,8.947636239664659
620559,1,7,6,11.21350991054244
620564,1,7,8,4.5641234450898
620573,1,7,5,0.3586789934097332
620597,1,7,5,0.3586789949470627
620609,1,7,4,0.358679009087165
620645,1,7,1,20.94361400236043
620657,1,7,2,11.883777991193107
620660,1,7,6,23.1259177744626
620670,1,7,4,0.3586790108976326
620675,1,7,8,17.06569415361241
620679,1,7,9,20.274272691420272
620682,1,7,10,16.766910623765423
620715,1,7,9,16.607373075626157
620736,1,7,10,15.860931731480596
620752,1,7,9,24.633285006705666
620758,1,7,1,14.484574755410236
620775,1,7,4,0.3586790108976326
620813,0,7,0,0.023944427899105832
620821,1,7,8,19.454259358923586
620837,1,7,1,6.70087570930454
620846,1,7,6,6.947922361007189
620848,1,7,4,0.3586790108976326
620850,1,7,5,0.3586789934097332
620851,0,7,0,0.01885555194415302
620857,1,7,10,10.942543807334385
620863,1,7,8,11.935697882716445
620865,1,7,9,18.116636550304943
620882,1,7,6,11.856441806126435
620905,1,7,9,10.340033217122441
620907,1,7,10,7.309602285292276
620920,1,7,9,20.069683447906467
620927,1,7,6,15.20380344039173
620939,1,7,4,0.3586790108976326
620941,1,7,9,15.339077254040854
620951,1,7,6,11.61979851106812
620953,1,7,9,3.4071971860315062
620961,1,7,9,11.688970690530526
620963,1,7,6,6.1094393226312125
620975,1,7,9,20.683061428716023
621004,1,7,4,0.3586790108976326
621041,1,7,9,22.537055041152332
621048,1,7,10,20.416935687363065
621049,1,7,8,8.954782050073554
621052,1,7,8,4.796782805940473
621053,1,7,9,14.926351605539136
621055,1,7,7,3.2541703649549243
621059,1,7,10,11.102180700088244
621070,0,7,0,0.026789707252732952
621076,1,7,5,0.3586789934097332
621082,1,7,4,0.3586790108976326
621083,1,7,5,0.3586789934097332
621085,1,7,9,10.298194732386548
621096,1,7,5,0.3586789934097332
621120,1,7,6,9.285939444805626
621152,1,7,9,15.16823958559903
621153,0,7,0,0.01739357978827388
621156,1,7,8,16.380631273244315
621174,1,7,5,0.3586789934097332
621179,1,7,1,16.755025359226963
621180,1,7,8,18.760397358398556
621197,1,7,2,8.963545436171893
621214,0,7,0,0.29694861165154646
621235,1,7,9,15.0920725619999
621245,1,7,2,8.4424482684433
621253,1,7,6,18.885838347927617
621262,1,7,1,16.00564676576869
621271,1,7,9,25.155912325079285
621289,1,7,9,16.66910784374986
621292,1,7,4,0.358679009087165
621295,1,7,6,9.94740563029273
621296,1,7,2,11.113118564555833
621324,0,7,0,0.022517067558902207
621346,1,7,4,0.3586790108976326
621369,1,7,2,4.677748678494685
621377,1,7,8,13.587437055251522
621382,1,7,9,14.76574383656301
621404,1,7,6,23.582775619541202
621406,1,7,9,16.598344770343875
621411,1,7,7,1.016134039756261
621423,1,7,5,0.3586789934097332
621427,1,7,5,0.3586789934097332
621430,1,7,4,0.3586790108976326
621436,1,7,1,17.95665473173621
621438,1,7,6,15.293490416274208
621441,1,7,6,11.575982739889488
621442,1,7,6,14.002801687127436
621448,1,7,10,17.226505211502698
621470,1,7,8,20.16416489984207
621473,1,7,9,11.968489711101334
621488,1,7,6,7.000772649876131
621511,1,7,9,22.258054823364052
621514,1,7,5,0.3586789934097332
621520,1,7,5,0.3586789934097332
621521,1,7,4,0.3586790108976326
621531,1,7,9,7.5512767444931805
621543,1,7,9,24.807693359062306
621559,1,7,9,11.697510320822744
621562,1,7,5,0.3586789934097332
621582,1,7,8,16.076013065454415
621587,1,7,5,0.3586789949470627
621602,1,7,8,2.849845229191932
621608,1,7,1,14.261508918492169
621611,1,7,8,14.568747127561915
621620,1,7,3,1.8687519695388746
621628,1,7,6,16.11195583501319
621648,1,7,9,18.01069298876132
621654,1,7,3,2.3511855548103386
621659,1,7,6,19.9029181721793
621667,1,7,6,21.613902943171407
621669,1,7,5,0.3586789934097332
621673,1,7,4,0.3586790108976326
621686,1,7,10,21.239826849262784
621691,1,7,8,22.28423020099115
621717,1,7,9,14.954336528008735
621719,1,7,9,16.48841602695385
621721,1,7,1,18.013883723465625
621742,1,7,2,14.018565201098815
621761,1,7,5,0.3586789934097332
621769,1,7,1,13.925225684718443
621777,1,7,4,0.3586790108976326
621801,1,7,9,24.94497225991161
621811,1,7,6,4.566872143660343
621816,1,7,6,15.026419557044179
621825,1,7,9,24.324177731721832
621827,1,7,6,14.345173262227911
621836,0,7,0,0.014624966525888577
621842,1,7,5,0.3586789934097332
621847,1,7,8,23.474414020402506
621861,1,7,6,21.81189935064058
621866,1,7,4,0.3586790108976326
621880,0,7,0,0.02550763850213552
621890,1,7,8,18.733002253549206
621895,1,7,4,0.358679009087165
621904,0,7,0,0.028014906445005597
621916,1,7,8,9.084114484746365
621919,1,7,4,0.3586790108976326
621924,1,7,5,0.3586789934097332
621926,0,7,0,0.0161311267415948
621932,1,7,10,16.563019944838516
621933,1,7,8,5.4912298734665415
621937,1,7,1,12.083923123388084
621943,1,7,8,17.97160009929085
621945,1,7,9,4.6025729924764205
621949,1,7,7,1.5063171159841873
621959,1,7,7,4.050950767018502
621964,1,7,8,23.182137779972756
621975,1,7,5,0.3586789934097332
621977,1,7,5,0.3586789934097332
621989,1,7,8,17.748094208424128
621996,1,7,8,24.75859171655604
622010,1,7,2,6.087299425376672
622012,1,7,5,0.3586789934097332
622017,1,7,5,0.3586789934097332
622024,1,7,10,20.244414390067114
622038,1,7,10,11.885090334222836
622045,1,7,6,22.58155829602385
622046,1,7,9,8.350102481244651
622050,1,7,9,26.06422374076161
622054,1,7,5,0.3586789934097332
622060,1,7,8,15.62728660414552
622063,1,7,8,22.568164454978632
622085,1,7,6,14.489233926045392
622091,1,7,4,0.3586790108976326
622097,1,7,8,20.87981289349214
622102,1,7,9,11.006829670768091
622128,1,7,5,0.3586789934097332
622136,1,7,5,0.3586789934097332
622137,1,7,1,7.500885200088963
622181,1,7,6,20.204070771005984
622187,1,7,8,12.125483113281078
622191,1,7,1,6.933441263099049
622203,1,7,10,21.287988099229146
622212,1,7,2,6.32384690613846
622219,1,7,5,0.3586789934097332
622261,0,7,0,0.027376083558869932
622266,1,7,1,23.133907170528655
622292,1,7,4,0.3586790108976326
622321,1,7,7,3.7693503314797114
622327,1,7,8,11.250886682010393
622331,1,7,10,11.376615184940945
622336,1,7,6,5.29812094354626
622374,1,7,8,15.00723550019734
622376,1,7,5,0.3586789934097332
622380,1,7,4,0.3586790108976326
622381,1,7,9,26.133269352508623
622383,1,7,5,0.3586789934097332
622391,1,7,8,16.94902659722022
622404,1,7,8,9.533863188848086
622408,1,7,5,0.3586789934097332
622410,1,7,6,23.201224346492875
622412,1,7,6,23.246937594214202
622417,1,7,4,0.3586790108976326
622436,1,7,6,23.2517028414957
622437,1,7,10,12.352677880212157
622442,1,7,5,0.3586789934097332
622466,1,7,8,28.177567518166402
622472,1,7,2,8.530327401450924
622489,1,7,6,23.251702049983113
622495,1,7,6,10.581178481821773
622504,1,7,8,17.635101156134386
622506,1,7,4,0.3586790108976326
622511,1,7,4,0.3586790108976326
622512,1,7,10,10.558830678869358
622516,1,7,5,0.3586789934097332
622518,1,7,10,11.089416792383776
622523,1,7,6,11.852849573490046
622527,1,7,9,10.838841580029012
622530,1,7,5,0.3586789934097332
622532,1,7,6,13.266238395134973
622547,0,7,0,0.0188046397388125
622550,1,7,5,0.3586789934097332
622555,1,7,8,5.2367520142009125
622565,1,7,6,9.630269891025861
622567,1,7,8,18.19153171142885
622582,1,7,6,21.98332535519361
622583,0,7,0,0.016078488495582927
622589,1,7,6,22.95208257499107
622593,1,7,10,11.219778164280303
622600,1,7,5,0.3586789934097332
622611,1,7,4,0.3586790108976326
622637,1,7,9,16.13494791288129
622652,1,7,3,1.7829765880617674
622656,1,7,1,13.396027205775562
622678,1,7,10,12.976144665584338
622685,1,7,5,0.3586789934097332
622723,1,7,4,0.3586790108976326
622735,1,7,1,20.045409927229763
622743,1,7,6,18.516888212667965
622745,1,7,10,21.2552399534347
622780,1,7,7,0.5515820827936265
622783,1,7,6,6.226286430889629
622796,1,7,4,0.3586790108976326
622797,1,7,5,0.3586789934097332
622810,1,7,4,0.3586790108976326
622811,1,7,9,22.93163588670281
622812,1,7,1,15.392340253570465
622814,1,7,5,0.3586789934097332
622818,1,7,9,16.328505444004858
622830,0,7,0,0.0735741156931617
622853,1,7,1,21.51024673612504
622858,1,7,10,11.939582694010747
622868,1,7,5,0.3586789934097332
622869,1,7,1,12.34609565534975
622871,1,7,4,0.3586790108976326
622883,0,7,0,0.21723559978046225
622890,1,7,9,17.66160742100147
622892,1,7,4,0.3586790108976326
622897,1,7,8,24.673286662051456
622921,1,7,1,18.91231146127521
622935,1,7,8,5.341974788193127
622940,1,7,6,23.18579862794051
622941,1,7,8,20.04739132821365
622945,1,7,9,9.086894382330723
622958,1,7,4,0.3586790108976326
622968,1,7,5,0.3586789934097332
622972,1,7,5,0.3586789934097332
622974,1,7,7,1.1906178113616
622981,1,7,7,0.7467489735606627
622986,1,7,6,23.161851700303075
622989,1,7,9,23.034824617714676
622990,1,7,5,0.3586789949470627
622998,1,7,9,16.69216009023173
623013,1,7,9,19.29534294613708
623016,1,7,4,0.3586790108976326
623041,1,7,8,25.709667074280144
623047,1,7,4,0.3586790108976326
623057,1,7,5,0.3586789934097332
623078,1,7,3,1.9849422777542314
623084,1,7,3,2.1124452264980333
623086,1,7,8,16.25533312993393
623088,1,7,5,0.3586789934097332
623090,1,7,9,10.257609714455832
623102,1,7,6,14.889788889977842
623108,1,7,5,0.3586789934097332
623129,1,7,9,16.390263948305037
623133,1,7,1,9.606918698602906
623135,1,7,5,0.3586789934097332
623141,1,7,8,14.652960352773418
623154,1,7,7,3.8439000919624347
623167,1,7,4,0.3586790108976326
623180,1,7,7,4.582300743241702
623203,1,7,9,20.87308091919803
623207,1,7,10,9.694948310419099
623229,1,7,8,13.565958192057193
623235,1,7,1,5.684142385249541
623248,1,7,8,22.202515021827885
623250,1,7,10,5.227662483089002
623263,1,7,8,6.630396167041771
623276,1,7,2,7.4572658469835105
623290,1,7,8,27.835077218590214
623296,1,7,4,0.3586790108976326
623305,1,7,7,4.065873525519913
623322,1,7,9,8.686160950699213
623350,1,7,4,0.3586790108976326
623359,1,7,3,1.73994222448576
623360,1,7,4,0.3586790108976326
623365,1,7,10,17.50303672803533
623371,1,7,9,11.186243578197837
623388,1,7,9,25.787484160440048
623390,1,7,3,2.4263617728106968
623393,1,7,8,25.81591667827603
623394,1,7,4,0.3586790108976326
623414,1,7,2,13.321728984311893
623419,1,7,1,7.182119000671757
623438,1,7,9,14.090261024916726
623443,1,7,8,26.347870416158706
623453,1,7,9,12.042456907498801
623455,1,7,8,14.543845585644453
623469,1,7,10,18.825898380318463
623486,1,7,8,16.268710132285857
623493,1,7,9,26.05560813241782
623500,1,7,9,24.11485557929574
623501,1,7,8,13.208390374106388
623504,1,7,1,20.861639900248722
623505,0,7,0,0.02380398695357275
623508,1,7,6,21.292430231439017
623520,1,7,6,14.638383760221142
623543,1,7,7,2.6981055910222493
623548,1,7,6,16.56727422565881
623553,1,7,6,16.577145096854608
623555,1,7,4,0.3586790108976326
623568,1,7,4,0.3586790108976326
623572,1,7,10,11.172895271717454
623606,1,7,8,20.276181696047406
623621,1,7,1,6.656391615207768
623622,1,7,6,21.534153898782485
623638,1,7,8,13.214163358352472
623639,1,7,4,0.3586790108976326
623649,1,7,6,15.192807985141158
623654,1,7,2,12.65729479704063
623670,0,7,0,0.012132904676670664
623675,1,7,5,0.3586789934097332
623686,1,7,9,12.389679434583442
623734,1,7,5,0.3586789934097332
623739,1,7,9,25.87931492534278
623740,1,7,6,10.384765495458481
623764,1,7,6,13.701545659860571
623771,1,7,5,0.3586789934097332
623774,1,7,1,9.573962967930896
623780,1,7,1,10.57574512816585
623787,1,7,6,23.615517068654356
623789,1,7,1,11.216541034599206
623807,0,7,0,0.032707673514318115
623813,1,7,1,9.849746312614835
623814,1,7,10,18.68602328993861
623821,1,7,4,0.3586790108976326
623836,1,7,5,0.3586789934097332
623839,1,7,9,6.516803571545004
623843,1,7,8,17.21999258305822
623856,1,7,6,23.237381163559625
623858,1,7,10,9.019115083487678
623861,1,7,5,0.3586789934097332
623873,1,7,5,0.3586789934097332
623877,1,7,1,18.97092920344292
623878,1,7,7,4.365007649783562
623891,1,7,5,0.3586789949470627
623897,1,7,9,16.298396545492704
623903,1,7,4,0.3586790108976326
623904,1,7,8,21.28399824118596
623907,0,7,0,0.015963278216687797
623909,1,7,8,21.38121564069938
623910,1,7,6,23.479978175037548
623911,1,7,2,7.50807860466118
623913,1,7,6,22.782813733697502
623922,1,7,8,19.37953784379232
623929,1,7,8,24.64641012468845
623930,0,7,0,0.023279070009808254
623938,0,7,0,0.012485806052635523
623981,1,7,1,21.421128840133314
623994,1,7,10,19.06814245517259
623997,1,7,9,25.601013638980245
623999,1,7,9,18.34347933072241
624000,1,7,9,14.903266411919319
624004,1,7,1,19.786363791786716
624006,1,7,9,5.605783687535287
624025,1,7,5,0.3586789934097332
624045,1,7,8,18.20253792428121
624050,1,7,7,1.2458718943673766
624051,1,7,9,15.222997745731817
624064,1,7,8,19.174436349288385
624115,1,7,8,13.455717670293659
624126,1,7,7,3.4306032900385763
624151,1,7,9,15.819984498777094
624155,1,7,5,0.3586789934097332
624165,1,7,9,20.604467860740527
624181,1,7,1,18.51785653567574
624184,1,7,10,21.247843915169614
624187,1,7,5,0.3586789949470627
624190,1,7,6,7.748584397208147
624205,1,7,8,15.037599701094361
624212,1,7,2,13.69158918948141
624213,1,7,5,0.3586789934097332
624246,1,7,6,21.595622454481646
624258,1,7,4,0.3586790108976326
624269,1,7,7,1.2201178978603116
624281,1,7,2,10.221005146025142
624298,1,7,9,10.13271851448435
624299,0,7,0,0.1739406267798035
624331,1,7,5,0.3586789934097332
624351,1,7,8,12.79920950507307
624356,1,7,1,18.739330238299615
624358,1,7,10,12.364372260367496
624362,1,7,9,22.974660328512233
624366,1,7,3,1.3742278417667253
624373,1,7,6,21.177335754564414
624376,1,7,5,0.3586789934097332
624380,0,7,0,0.19293679621415624
624401,1,7,3,2.153092761860001
624408,1,7,8,11.051523891514533
624410,1,7,1,18.633200268117303
624424,1,7,6,11.697104426767867
624433,1,7,8,28.050458118894493
624435,1,7,3,1.3382245464970306
624443,1,7,10,13.880951668259112
624445,1,7,6,9.319195207584064
624448,1,7,7,3.9981575201843307
624451,1,7,1,14.157112239904166
624454,1,7,9,23.840878648340897
624458,1,7,6,16.890665743712017
624468,1,7,4,0.358679009087165
624480,1,7,7,3.8300371469081163
624486,1,7,8,14.900925117836692
624499,0,7,0,0.024605669224954684
624527,1,7,8,10.717332827745135
624534,1,7,10,11.883544883470076
624535,1,7,8,26.45011027190874
624549,1,7,3,2.374212620260771
624556,1,7,8,16.313195628016892
624564,1,7,6,11.016341011104252
624565,1,7,8,23.93893092393541
624575,1,7,7,0.508501092722014
624594,1,7,10,8.576192785561366
624603,0,7,0,0.019087653693786885
624604,1,7,5,0.3586789934097332
624636,1,7,2,8.25962917427891
624644,1,7,10,11.19687320785247
624645,1,7,6,15.855037947040664
624656,1,7,2,10.668723234801165
624665,1,7,5,0.3586789934097332
624674,1,7,9,13.617825773860222
624683,1,7,6,14.013012667722172
624689,1,7,5,0.3586789934097332
624722,1,7,8,8.791235758606149
624727,1,7,8,9.298232441929514
624758,1,7,2,13.806362734793924
624772,1,7,6,7.616881891655349
624779,1,7,1,20.319194592448447
624804,1,7,7,4.463069697516535
624814,1,7,5,0.3586789934097332
624827,1,7,9,22.746470566727865
624829,1,7,7,1.3298082140574223
624844,1,7,5,0.3586789949470627
624847,1,7,4,0.358679009087165
624853,1,7,5,0.3586789934097332
624858,1,7,6,14.585582048146286
624859,1,7,10,10.234846839144323
624873,1,7,1,21.037098248032322
624906,1,7,6,18.948252554628258
624911,0,7,0,0.023144909665832335
624913,1,7,4,0.3586790108976326
624929,1,7,10,12.342798327747362
624978,1,7,5,0.3586789934097332
624981,1,7,8,14.500182010951637
625001,1,7,10,21.246559367753402
625002,1,7,6,18.62953331512045
625004,1,7,5,0.3586789934097332
625006,1,7,5,0.3586789934097332
625007,1,7,7,3.2281131929719535
625015,0,7,0,0.02093026053951174
625021,1,7,6,18.57755109990222
625039,1,7,7,3.1572970838046146
625046,1,7,4,0.3586790108976326
625052,1,7,6,23.300114270049697
625077,1,7,9,24.75541264640698
625087,1,7,7,2.8686655329752
625090,1,7,9,24.414975244515368
625110,1,7,10,19.524396933879927
625117,1,7,7,2.201962492064296
625131,1,7,10,7.757268975884537
625147,0,7,0,0.03041382271175728
625162,1,7,8,28.478179765325812
625166,1,7,7,2.952061131790834
625184,1,7,6,20.16239518702794
625195,1,7,9,23.512659615909556
625217,1,7,8,7.515856202419297
625223,1,7,2,9.634786274593232
625239,1,7,1,7.263867459302033
625243,1,7,10,10.426607395316939
625245,1,7,2,5.624600264588752
625246,1,7,4,0.3586790108976326
625266,1,7,6,22.87864851605069
625276,1,7,6,14.4965526580862
625285,1,7,6,10.089130801285263
625293,1,7,4,0.3586790108976326
625294,1,7,10,20.715313063557367
625319,1,7,9,9.78814215219339
625320,1,7,3,2.3573756070601886
625324,1,7,6,17.95793281029302
625325,1,7,10,5.97411645438069
625335,1,7,8,17.389264377552678
625339,0,7,0,0.01328975973823316
625399,1,7,8,13.031965763490067
625406,1,7,6,7.817067370351458
625416,0,7,0,0.02646809129319026
625417,1,7,4,0.3586790108976326
625425,1,7,5,0.3586789934097332
625430,1,7,8,14.018896163016137
625434,1,7,9,18.64236056858875
625450,1,7,6,18.450807515036722
625457,1,7,10,20.221668549575917
625458,1,7,2,4.091068828439942
625477,1,7,5,0.3586789934097332
625485,1,7,5,0.3586789934097332
625494,1,7,6,14.192285263066378
625509,1,7,4,0.3586790108976326
625517,1,7,8,18.417302623730166
625524,1,7,1,12.457038694178586
625528,1,7,9,21.69271497260638
625532,1,7,5,0.3586789934097332
625537,1,7,8,22.571460562485807
625538,1,7,6,19.142600409065107
625553,1,7,10,7.280412563840158
625558,1,7,2,5.021823778723091
625561,1,7,6,16.95148713069647
625581,1,7,1,18.06495748888613
625600,0,7,0,0.030881131410734772
625617,1,7,10,8.393295352563653
625620,1,7,1,21.841356965606415
625628,1,7,8,17.920639313786324
625642,1,7,7,3.0935315818037687
625654,1,7,5,0.3586789934097332
625660,1,7,5,0.3586789934097332
625661,1,7,4,0.3586790108976326
625669,1,7,6,10.957640863835652
625671,0,7,0,0.013609472671236965
625707,0,7,0,0.03903600181351672
625739,1,7,4,0.3586790108976326
625756,1,7,10,6.055696536176717
625781,1,7,8,11.115561902989135
625784,1,7,6,10.494025941540643
625805,1,7,8,15.354150299785907
625810,1,7,8,27.41632838031086
625811,1,7,9,15.438168242276483
625821,1,7,4,0.3586790108976326
625828,1,7,9,13.129465741448538
625843,1,7,6,14.237011608960174
625849,1,7,1,5.247119412394344
625851,1,7,6,18.542207669263718
625854,1,7,9,23.28794475907154
625857,1,7,5,0.3586789934097332
625860,1,7,2,10.94023725128331
625870,1,7,2,8.891400487980443
625879,1,7,9,18.284940894008944
625891,1,7,8,24.602587769139078
625902,1,7,6,5.4294544076793905
625903,1,7,7,2.6105865422621415
625905,1,7,6,15.11989480374388
625914,1,7,4,0.3586790108976326
625951,0,7,0,0.025422460178452063
625963,1,7,9,13.397148998463285
625974,1,7,7,0.7776574114737009
625979,1,7,5,0.3586789934097332
625985,1,7,6,15.48034287683326
625986,1,7,6,11.194372346485048
625995,1,7,8,23.823918471730014
625996,1,7,4,0.3586790108976326
625998,1,7,8,12.320464655191731
626008,1,7,4,0.3586790108976326
626015,1,7,9,14.524867673464126
626041,1,7,1,10.06252723348747
626043,1,7,8,13.382865499428927
626053,1,7,5,0.3586789934097332
626058,1,7,8,10.71498214975539
626060,1,7,5,0.3586789934097332
626076,1,7,4,0.3586790108976326
626125,1,7,10,14.119607847708695
626131,1,7,5,0.3586789934097332
626135,1,7,5,0.3586789934097332
626144,1,7,5,0.3586789934097332
626148,1,7,2,9.816867648719011
626159,1,7,3,1.856583708404086
626161,1,7,2,10.923037905714207
626181,1,7,9,25.589816448897874
626208,1,7,9,16.590542305843115
626216,1,7,8,23.25085317023489
626218,1,7,9,23.568515465465737
626224,1,7,8,22.89212359356988
626228,1,7,10,10.702455159871858
626235,1,7,5,0.3586789934097332
626242,1,7,5,0.3586789934097332
626248,1,7,5,0.3586789934097332
626257,1,7,4,0.3586790108976326
626273,1,7,10,7.116890339701126
626277,1,7,4,0.3586790108976326
626301,1,7,4,0.3586790108976326
626320,1,7,8,26.302367719639356
626350,1,7,9,23.418947632319696
626388,1,7,1,18.530712493407044
626392,1,7,9,26.35694681390895
626401,1,7,6,23.194361627898317
626402,1,7,8,18.823403708979672
626428,1,7,5,0.3586789934097332
626430,1,7,7,1.1076287479548674
626441,1,7,9,6.562478098460287
626449,1,7,4,0.3586790108976326
626451,1,7,9,12.11975796640483
626460,1,7,8,21.63298503592173
626467,1,7,6,21.314659771136974
626482,1,7,3,2.411537328975431
626494,1,7,10,4.040567937660242
626495,1,7,5,0.3586789934097332
626510,1,7,4,0.358679009087165
626516,1,7,6,5.14983473352494
626523,1,7,7,4.624356597032137
626549,1,7,9,16.28227363552047
626551,1,7,9,15.25095508521581
626566,1,7,3,1.6509290314579477
626568,1,7,9,26.19974367984112
626589,1,7,6,23.937033941176853
626595,1,7,5,0.3586789934097332
626606,1,7,6,13.782114997444268
626624,1,7,5,0.3586789934097332
626647,1,7,4,0.3586790108976326
626650,1,7,9,14.271511005923227
626679,1,7,7,4.5258631811339916
626682,1,7,9,22.682677040731733
626685,1,7,2,6.23489603126379
626687,1,7,5,0.3586789934097332
626715,1,7,10,14.738781613029394
626732,1,7,9,10.95660989928538
626734,0,7,0,0.02063128984690976
626739,1,7,8,9.061061179469123
626741,1,7,8,15.011521104157033
626775,1,7,1,9.364112671221555
626793,1,7,6,19.098448521014777
626804,1,7,9,2.8706454578913223
626819,0,7,0,0.017915847205438935
626835,1,7,8,11.965036823760252
626847,1,7,6,10.924680441572157
626851,1,7,10,15.288655633917683
626861,1,7,6,22.76942676468578
626869,1,7,5,0.3586789934097332
626909,1,7,1,5.503824126322812
626910,1,7,5,0.3586789949470627
626923,1,7,7,2.7211024786536027
626934,1,7,1,19.156876722773916
626950,1,7,9,26.19087183863591
626963,1,7,5,0.3586789934097332
626969,1,7,4,0.3586790108976326
626978,1,7,3,1.1268880291446786
627015,1,7,10,12.85302558891031
627016,1,7,6,23.882554432757697
627027,1,7,4,0.3586790108976326
627031,1,7,9,23.453585729197652
627037,1,7,9,21.707137023271518
627040,1,7,9,24.818491620940147
627042,1,7,9,24.115013634607728
627065,1,7,9,14.661454512669703
627090,1,7,1,18.81251232188618
627095,1,7,4,0.3586790108976326
627097,1,7,5,0.3586789934097332
627107,1,7,4,0.3586790108976326
627108,1,7,7,1.8750763576311051
627121,1,7,4,0.3586790108976326
627124,1,7,5,0.3586789934097332
627166,1,7,4,0.3586790108976326
627171,1,7,10,17.02310724265272
627198,1,7,6,10.900205428817184
627207,1,7,8,3.1902867528894356
627214,1,7,9,5.615239130225042
627232,1,7,8,6.46808061349906
627239,1,7,8,13.721504962158019
627254,0,7,0,0.012320900792722921
627286,1,7,9,25.921753129861376
627302,1,7,5,0.3586789934097332
627305,1,7,8,14.547778015933659
627319,1,7,10,11.36198790960815
627321,1,7,1,11.345409835595296
627334,1,7,9,19.97211705039111
627339,1,7,8,28.358301513504284
627350,1,7,9,19.096101664695272
627363,0,7,0,0.01900008552345091
627368,1,7,9,16.35273647710369
627371,1,7,1,21.486192767597473
627373,1,7,4,0.3586790108976326
627388,1,7,9,16.143980840072906
627396,1,7,6,17.81324535787084
627403,1,7,10,5.618242905931563
627415,1,7,8,16.674717748974267
627418,1,7,10,19.32817148501255
627419,1,7,9,25.802394258898637
627425,1,7,9,25.959358645134447
627430,1,7,9,14.88566234226202
627439,1,7,9,11.971137933153297
627461,1,7,7,2.604407746278869
627478,1,7,7,4.609947081925192
627483,1,7,8,25.241302053944146
627488,1,7,5,0.3586789934097332
627491,1,7,10,8.369772339603522
627492,1,7,4,0.3586790108976326
627502,1,7,10,11.020751642387902
627517,1,7,8,15.14335121622363
627519,1,7,9,24.739908797937307
627540,1,7,2,11.488281855982484
627551,1,7,1,9.367109088449059
627560,1,7,6,13.936862454804492
627561,1,7,9,24.758077121128167
627562,1,7,5,0.3586789949470627
627564,1,7,5,0.3586789949470627
627573,1,7,5,0.3586789934097332
627574,1,7,9,17.599275218877967
627594,1,7,5,0.3586789934097332
627619,1,7,1,18.19383776094019
627634,1,7,9,15.210351900579655
627652,1,7,9,23.821736055767094
627660,1,7,5,0.3586789934097332
627668,1,7,4,0.3586790108976326
627676,1,7,9,24.80686396015395
627678,1,7,10,4.1763326919344195
627687,1,7,6,11.983701026118878
627690,1,7,4,0.3586790108976326
627691,1,7,6,18.950755583033686
627706,1,7,1,11.521972005796123
627732,1,7,7,2.9578538629167896
627745,1,7,5,0.3586789934097332
627751,1,7,10,20.888579879790935
627761,1,7,9,13.119272439881273
627768,1,7,8,17.674292216974553
627789,1,7,9,8.908418976654502
627802,1,7,9,15.546555077050307
627806,0,7,0,0.013497130462998044
627815,1,7,8,10.726669579899498
627828,1,7,1,21.748210797763637
627829,1,7,7,2.613114867045455
627861,1,7,4,0.3586790108976326
627876,1,7,2,1.2369715504199048
627900,1,7,5,0.3586789934097332
627906,1,7,4,0.3586790108976326
627909,1,7,4,0.3586790108976326
627911,1,7,1,18.150205046507185
627922,1,7,9,19.727683569491933
627930,1,7,7,1.5027018439422184
627945,1,7,6,20.90912578354665
627957,1,7,10,20.546624620722444
627962,1,7,2,8.39017376933624
627965,1,7,9,13.704755127882263
627974,1,7,8,24.595312855070613
627975,1,7,8,21.637165150614923
627978,1,7,5,0.3586789934097332
627996,0,7,0,0.02818169130604023
628010,1,7,3,2.380904800442394
628019,1,7,1,17.817979889122352
628021,1,7,9,25.479776093637938
628027,1,7,8,25.74969371671959
628031,1,7,9,25.49414239195766
628062,1,7,5,0.3586789934097332
628063,1,7,8,25.671890893443532
628075,0,7,0,0.01680169213558485
628078,1,7,8,13.920192315639113
628084,0,7,0,0.016120938953108382
628087,1,7,10,12.404129575554975
628091,1,7,9,25.85359105850149
628092,1,7,8,22.848499954588963
628096,1,7,10,13.905115959726801
628121,1,7,8,6.732917603003956
628124,1,7,5,0.3586789934097332
628128,1,7,10,3.0625435137453505
628129,1,7,4,0.3586790108976326
628137,1,7,1,19.606080041611225
628151,1,7,8,24.86092964962854
628160,1,7,1,16.14630318712691
628164,1,7,4,0.358679009087165
628181,1,7,2,9.611975121140434
628196,1,7,9,16.22931160858497
628200,0,7,0,0.03433821806903078
628216,1,7,8,15.866959236581147
628224,1,7,4,0.3586790108976326
628239,1,7,9,20.872391960223744
628277,1,7,1,20.24603343369471
628280,1,7,10,12.99516152764371
628300,1,7,8,14.051781175086683
628311,1,7,7,2.06539672782695
628316,1,7,3,2.416852641095047
628317,1,7,4,0.3586790108976326
628339,1,7,9,17.804475638601936
628353,1,7,7,3.97987314010044
628364,1,7,5,0.3586789934097332
628371,1,7,1,15.046324553262085
628404,1,7,4,0.3586790108976326
628407,1,7,4,0.3586790108976326
628413,1,7,8,11.683063292776097
628414,1,7,10,7.081521164153842
628418,1,7,7,2.0312936879057193
628437,1,7,9,17.259762446940126
628448,1,7,1,22.44506422453251
628450,1,7,8,25.549670134996283
628466,1,7,6,14.817844546108667
628471,1,7,10,11.479050627677523
628483,1,7,4,0.3586790108976326
628489,1,7,2,13.627973328299898
628490,1,7,1,14.801545652998916
628497,1,7,9,15.903475673550505
628524,1,7,9,21.31779672047731
628528,1,7,6,14.230522347982125
628546,1,7,10,16.468429796498718
628561,1,7,7,3.7126502201458655
628572,1,7,9,26.102019316610473
628584,1,7,2,8.584291771548004
628592,1,7,5,0.3586789934097332
628603,1,7,4,0.3586790108976326
628610,1,7,6,22.742731051550557
628619,1,7,8,28.474046501097366
628634,1,7,9,5.452425718305898
628650,0,7,0,0.015571338574257325
628651,1,7,6,15.056337248051532
628654,1,7,8,17.083552340692666
628676,1,7,6,22.65075060023756
628680,1,7,6,23.199231292007013
628681,1,7,5,0.3586789934097332
628716,1,7,8,25.745365349259362
628719,1,7,5,0.3586789934097332
628721,1,7,7,4.618515828517625
628725,1,7,10,11.023660556771999
628731,1,7,3,2.386716347755897
628745,1,7,7,1.2117062006228243
628760,1,7,10,17.298484344031245
628775,0,7,0,0.03923111767145889
628780,1,7,7,3.4008977615369376
628787,1,7,6,16.682325642818967
628801,1,7,9,26.32497614174458
628805,1,7,1,20.472776329632282
628834,1,7,9,17.504054722885385
628866,1,7,1,12.628026481961067
628876,1,7,1,16.236409757042725
628879,1,7,7,4.3445653173073495
628882,1,7,3,1.1221903759784528
628906,1,7,10,16.94371913028444
628910,1,7,10,14.708969877030569
628942,1,7,8,18.91739628482698
628960,1,7,6,15.85582922380425
628978,1,7,8,12.854378887334516
628981,1,7,9,16.31895429714421
628987,1,7,9,14.958615026761436
629011,1,7,8,8.603359568975673
629021,1,7,6,22.134154075844876
629026,1,7,8,21.35024682274967
629030,1,7,1,20.456517735016153
629033,1,7,5,0.3586789934097332
629041,1,7,8,24.693407995220518
629054,1,7,5,0.3586789934097332
629056,1,7,4,0.3586790108976326
629066,1,7,6,17.221577110690312
629082,1,7,6,11.775696888200411
629120,1,7,9,15.473388151665064
629134,1,7,4,0.3586790108976326
629136,1,7,9,13.838225509301436
629148,1,7,10,12.022495648784156
629173,1,7,6,9.174098327098616
629203,1,7,2,9.419174271494583
629210,1,7,1,15.565606390797146
629223,1,7,9,9.331337614867557
629224,1,7,8,16.98454990838354
629226,0,7,0,0.023481030406615113
629231,1,7,2,10.497535305342218
629243,1,7,5,0.3586789934097332
629244,1,7,6,7.8972907311088125
629253,1,7,6,10.992929829983332
629266,1,7,8,13.875744653878607
629275,0,7,0,0.014384193883540121
629278,1,7,7,2.956728159128961
629301,1,7,9,23.91959644907552
629304,1,7,6,14.653473440063344
629312,1,7,9,10.120786169360889
629313,1,7,4,0.3586790108976326
629348,1,7,10,19.55849996484461
629358,1,7,5,0.3586789934097332
629367,1,7,1,6.1372447402983985
629370,1,7,3,2.4037490598473044
629378,1,7,8,19.792277832614076
629389,1,7,3,2.418995615917753
629390,1,7,3,2.2398638837307496
629401,1,7,8,24.156438134307454
629406,1,7,6,9.117127310773219
629430,1,7,8,3.292841759666243
629437,1,7,8,8.573158454112676
629458,1,7,9,10.405102590396616
629468,1,7,6,17.90358661467754
629505,1,7,6,22.678822237298032
629514,1,7,10,7.810985285701278
629518,1,7,6,22.27166045248124
629530,1,7,7,2.213549415854396
629532,1,7,5,0.3586789934097332
629544,1,7,9,6.714523419010959
629545,1,7,4,0.3586790108976326
629547,1,7,7,2.166456656956529
629601,1,7,8,23.00096628477532
629617,1,7,2,10.759187638385454
629628,1,7,5,0.3586789934097332
629636,1,7,4,0.3586790108976326
629643,1,7,6,17.599999560181086
629674,1,7,9,16.04604956030657
629676,1,7,4,0.3586790108976326
629683,1,7,10,7.195410816781418
629685,1,7,5,0.3586789934097332
629687,1,7,9,12.662140865520145
629689,0,7,0,0.0448394109057093
629704,1,7,2,8.7088925684122
629715,1,7,5,0.3586789934097332
629719,1,7,6,5.960877268848734
629725,1,7,9,18.82818550600153
629739,1,7,5,0.3586789934097332
629740,1,7,8,11.418684852504631
629743,1,7,8,11.367497954287176
629746,1,7,7,4.174330432260456
629771,1,7,6,14.361298547310064
629775,0,7,0,0.018912778522521215
629800,1,7,1,18.09651173023738
629810,1,7,6,23.87450725754818
629814,1,7,5,0.3586789934097332
629820,1,7,9,8.90055038576726
629824,1,7,5,0.3586789934097332
629828,0,7,0,0.020745901423201978
629835,1,7,4,0.3586790108976326
629850,1,7,3,0.7922504134954981
629852,1,7,9,15.170872932817785
629853,1,7,1,21.690263785840113
629860,0,7,0,0.018823410135546323
629864,1,7,9,25.597747199896464
629877,1,7,6,11.625427668692925
629898,1,7,4,0.3586790108976326
629904,1,7,7,1.8368886361953716
629915,1,7,6,7.788923919392315
629918,1,7,3,2.026551225207083
629921,1,7,5,0.3586789934097332
629931,1,7,6,19.966760565597433
629933,1,7,8,3.5984822865455506
629938,0,7,0,0.02787135518034776
629952,1,7,4,0.3586790108976326
629954,1,7,9,24.4053132684505
629961,1,7,5,0.3586789934097332
629967,1,7,8,14.290442424619094
629976,1,7,4,0.3586790108976326
629990,1,7,10,10.244814497668571
629996,1,7,5,0.3586789934097332
630000,1,7,6,18.947618013706663
630006,1,7,8,25.326493115867386
630010,1,7,3,1.1942974975266376
630015,1,7,10,12.391874012806761
630020,1,7,6,19.967090510481707
630024,1,7,8,15.018944532707689
630028,1,7,1,9.571933243541157
630036,1,7,9,11.267809099654748
630060,1,7,5,0.3586789934097332
630063,1,7,9,19.767506681592366
630082,1,7,9,17.83686886189442
630083,1,7,6,4.820478215683202
630096,1,7,6,20.964672739894134
630101,1,7,10,18.400526665954775
630102,0,7,0,0.21106798955863654
630138,0,7,0,0.01364376815783462
630145,1,7,8,22.293833768234222
630151,1,7,1,23.10636273523762
630166,1,7,8,26.521749320663652
630178,1,7,4,0.358679009087165
630193,1,7,1,16.30533894661798
630194,1,7,8,11.815014211079449
630196,1,7,5,0.3586789934097332
630199,1,7,9,16.477857011255928
630202,1,7,8,24.06994519213656
630207,1,7,9,23.254016230700145
630217,1,7,10,4.272619154581097
630220,1,7,9,10.876928799802316
630233,1,7,5,0.3586789934097332
630238,1,7,8,24.304401567115175
630276,1,7,1,20.59640343399869
630278,1,7,6,23.61832728119934
630287,1,7,6,19.803986346187006
630289,1,7,9,25.00619707670428
630290,1,7,9,13.155393988817274
630298,1,7,4,0.3586790108976326
630317,1,7,6,18.842749411398724
630318,1,7,9,15.442970749561454
630346,0,7,0,0.10421130270382539
630350,1,7,8,23.491183624805352
630355,1,7,9,15.438211395310699
630357,0,7,0,0.03078900970077443
630365,1,7,4,0.3586790108976326
630382,1,7,6,22.01991007002096
630385,1,7,6,6.094761574975737
630399,1,7,6,20.310253776845666
630404,1,7,5,0.3586789934097332
630407,1,7,4,0.3586790108976326
630414,0,7,0,0.014338834551491313
630425,1,7,9,16.455273735314254
630429,1,7,8,2.5471802602420626
630444,1,7,9,13.66404184746462
630448,1,7,5,0.3586789949470627
630449,1,7,10,2.975337067535309
630468,1,7,6,18.156135150708593
630470,1,7,1,12.995032349702095
630473,1,7,9,25.963058991476125
630474,1,7,5,0.3586789934097332
630486,1,7,6,9.183215468205796
630522,0,7,0,0.31020121058422717
630538,1,7,6,14.851856815464442
630566,1,7,9,14.971007856527113
630578,1,7,6,20.63175613592501
630585,1,7,2,5.377606589448317
630587,1,7,5,0.3586789934097332
630592,1,7,5,0.3586789934097332
630600,1,7,9,5.182255875128437
630608,1,7,2,9.21378325417007
630616,1,7,7,4.119667560831542
630623,1,7,6,7.873554509726133
630627,1,7,7,3.54035369013153
630629,1,7,9,26.434378809107134
630647,1,7,8,28.474969019834692
630661,1,7,8,17.60624535116569
630663,1,7,8,26.42924329679673
630674,1,7,9,11.32098434634306
630683,1,7,6,14.657350126844376
630703,1,7,10,15.314455190886292
630710,1,7,8,24.198047622253192
630711,1,7,1,22.77198086864303
630713,1,7,2,11.924236794490401
630716,1,7,5,0.3586789934097332
630717,1,7,6,23.11451873051493
630730,1,7,8,26.760358855591722
630773,1,7,5,0.3586789949470627
630776,1,7,4,0.3586790108976326
630789,1,7,10,16.422386040963396
630790,1,7,10,19.424121784827413
630800,1,7,3,2.4034655962458946
630804,1,7,1,15.043890290033705
630810,1,7,4,0.3586790108976326
630819,1,7,9,26.135978007408195
630821,1,7,10,10.089830151988815
630828,1,7,7,2.2340764636320407
630830,1,7,4,0.3586790108976326
630848,1,7,9,24.078377145311116
630851,1,7,6,13.046287495498369
630858,1,7,4,0.3586790108976326
630863,1,7,9,14.584626592829371
630864,1,7,9,6.150174054255127
630865,1,7,8,23.480457313197732
630871,1,7,9,11.707907628686515
630885,1,7,4,0.3586790108976326
630889,1,7,9,13.255108446344948
630906,1,7,1,12.04595384683079
630909,1,7,9,23.576404883105194
630914,1,7,9,13.251119343353954
630917,1,7,9,13.947701935968006
630929,1,7,9,19.394157846210845
630937,1,7,6,19.068319819478837
630940,1,7,1,18.07400205515852
630941,1,7,9,24.103916392246923
630942,1,7,10,21.211049000315793
630956,1,7,9,16.266634284439064
630966,1,7,6,11.942699685139011
630991,1,7,9,5.669081907448729
630994,1,7,9,21.537942047308913
631013,1,7,9,5.661501770751093
631040,1,7,9,25.629988606479007
631041,1,7,6,14.339130022245467
631043,1,7,10,20.450824298378624
631046,1,7,9,26.33832277935061
631055,1,7,10,8.814741134682485
631056,1,7,9,18.801236046386062
631086,1,7,9,26.348968282666323
631089,1,7,8,17.886582626115658
631093,1,7,9,12.428765983733841
631113,1,7,6,18.95927721240294
631139,1,7,3,2.019922352499441
631143,1,7,8,14.807170188783605
631162,1,7,4,0.3586790108976326
631165,1,7,1,16.769048057312077
631167,1,7,8,16.3137065806205
631176,1,7,9,4.399291541127259
631178,1,7,9,15.03094795137932
631179,1,7,10,11.020505682013843
631184,1,7,9,17.112094767188903
631197,1,7,9,20.646428309671258
631201,1,7,7,1.5243030175522418
631224,1,7,8,17.969423931054482
631248,1,7,8,17.923846589563702
631258,1,7,9,26.12787756641166
631267,0,7,0,0.014738430080049438
631280,1,7,9,9.353893868592694
631281,1,7,9,22.918246079144332
631283,1,7,9,16.33949444421277
631289,1,7,9,18.913575991307802
631305,1,7,1,11.217399853651846
631309,1,7,8,28.255244079691177
631333,1,7,9,26.250170642388426
631337,1,7,6,17.5924659711928
631369,1,7,10,4.425778803876538
631376,1,7,1,14.129416187298599
631388,1,7,6,8.497709589332926
631424,1,7,6,21.29933085378056
631441,1,7,9,24.639683085956886
631454,1,7,10,14.74227999480796
631467,1,7,5,0.3586789934097332
631486,1,7,6,21.51188288082121
631489,1,7,8,12.820515305525449
631504,0,7,0,0.21255241512169426
631531,1,7,8,15.184130197466597
631539,1,7,2,1.3319730179236413
631548,0,7,0,0.02377433711650314
631585,1,7,8,28.5115754864398
631603,1,7,5,0.3586789934097332
631619,1,7,6,5.715494286770697
631633,1,7,6,9.631565557469546
631648,0,7,0,0.01478754145470256
631649,1,7,9,20.132082749555487
631652,1,7,4,0.3586790108976326
631667,1,7,8,24.769381939886955
631679,1,7,7,3.9524499309234646
631681,1,7,1,16.297963704801276
631694,1,7,1,23.23145088302468
631699,1,7,8,14.8822382349987
631705,1,7,1,4.097057583665348
631711,1,7,5,0.3586789934097332
631712,1,7,8,23.960044893200994
631719,1,7,10,4.470465578006892
631750,1,7,2,3.94144521160442
631761,1,7,7,2.273376014822304
631764,1,7,8,15.070478946930619
631765,1,7,6,16.594554224459507
631783,1,7,4,0.3586790108976326
631790,1,7,6,23.198155804529577
631801,1,7,9,5.215249703938844
631803,1,7,8,11.145300960559824
631819,1,7,8,4.390309986178044
631825,1,7,10,10.830949508403691
631827,1,7,5,0.3586789934097332
631842,1,7,9,20.931556152325363
631874,1,7,8,21.36180065282983
631904,1,7,9,8.237461287893169
631911,1,7,8,10.575699468701632
631918,1,7,9,10.860872297388577
631927,1,7,7,1.515906219255352
631937,1,7,5,0.3586789934097332
631939,1,7,5,0.3586789934097332
631961,1,7,9,15.393143022567266
631966,1,7,10,11.283513756092058
631969,1,7,2,12.410018180152166
631980,1,7,8,12.887708793346402
631989,1,7,3,2.4028236234920506
632003,1,7,9,16.702961139023685
632007,1,7,8,2.995762025508493
632012,1,7,5,0.3586789934097332
632016,1,7,8,16.14489181232317
632044,1,7,7,3.904403769642688
632057,1,7,9,14.807462215868705
632061,1,7,3,2.179249069924801
632063,1,7,10,5.5916179884477195
632084,1,7,8,13.52587236055429
632093,1,7,10,17.402294098612845
632095,1,7,6,7.612451424224215
632096,1,7,7,3.9169901581705577
632099,1,7,9,12.214858536516067
632103,1,7,9,16.205671454959962
632113,1,7,9,13.966462941186759
632125,1,7,4,0.3586790108976326
632131,1,7,5,0.3586789934097332
632142,1,7,5,0.3586789934097332
632167,1,7,9,16.28230302744917
632178,1,7,8,17.723264108587117
632185,1,7,9,16.85041701711938
632197,1,7,10,7.01902411218395
632199,1,7,8,18.956432109374102
632202,1,7,6,22.835540749884636
632210,0,7,0,0.2283343149573278
632211,1,7,5,0.3586789934097332
632218,1,7,8,18.15127480477404
632225,1,7,10,10.083483697371635
632241,1,7,5,0.3586789934097332
632243,1,7,7,0.3696768540508164
632260,1,7,9,26.226124412057125
632261,1,7,1,7.138636629585164
632263,1,7,10,11.09369123566233
632267,1,7,9,25.53035334348136
632269,1,7,7,2.980100375256617
632270,1,7,10,14.395105404770568
632272,1,7,1,9.133495996025538
632276,1,7,4,0.3586790108976326
632285,1,7,5,0.3586789934097332
632287,1,7,3,1.9580386367511642
632295,1,7,6,15.636319580838757
632307,1,7,9,18.645066885058604
632309,1,7,4,0.3586790108976326
632330,1,7,5,0.3586789934097332
632353,1,7,5,0.3586789934097332
632357,1,7,8,4.426596880718327
632374,1,7,4,0.3586790108976326
632381,1,7,6,7.5976169679570065
632382,1,7,6,17.36875084808111
632389,1,7,9,15.261676516676792
632404,1,7,10,4.110973936044727
632407,1,7,6,14.732459035138868
632427,1,7,7,4.293849865020341
632428,1,7,6,6.08118824021864
632444,1,7,6,10.741683332226712
632450,1,7,1,7.232045574654362
632459,1,7,8,10.234352079432558
632472,1,7,10,4.739689831671787
632485,1,7,5,0.3586789934097332
632505,1,7,8,17.32887363490003
632506,1,7,8,22.402440735210128
632518,1,7,8,17.98834431221883
632520,1,7,9,22.921378675632642
632521,1,7,5,0.3586789934097332
632528,1,7,3,1.503952779134616
632529,1,7,6,23.80248522879221
632548,1,7,6,17.57988890074658
632549,1,7,8,16.2381313268413
632551,1,7,7,4.436834508687842
632552,1,7,7,4.244955125824076
632556,1,7,6,15.209616291277202
632577,1,7,10,19.96817772449122
632587,1,7,3,1.9727763794115958
632592,1,7,2,11.166031370086072
632596,1,7,1,18.311482449903895
632603,1,7,8,20.440686989568626
632625,1,7,6,15.15922555212474
632627,1,7,5,0.3586789934097332
632628,1,7,8,27.934271873070486
632629,1,7,10,11.676344735779548
632653,1,7,6,21.69931612034249
632657,1,7,5,0.3586789934097332
632661,1,7,9,24.233531892481565
632664,1,7,9,22.35739072937712
632688,1,7,7,1.596967671693155
632698,1,7,5,0.3586789934097332
632704,1,7,8,5.653189252802796
632707,1,7,8,9.6951799676421
632709,1,7,3,2.3567524652056635
632712,1,7,5,0.3586789934097332
632717,1,7,8,8.471788734141263
632725,1,7,8,9.510741986284998
632734,1,7,5,0.3586789934097332
632742,1,7,8,24.08250077470812
632745,1,7,7,3.134140032294286
632762,1,7,10,15.079182457455348
632780,1,7,8,12.870726926140756
632782,1,7,6,13.350132577649765
632783,1,7,8,14.011211854582166
632815,1,7,9,18.95331110555078
632840,1,7,5,0.3586789934097332
632855,1,7,9,19.210861308994065
632862,1,7,5,0.3586789934097332
632865,1,7,4,0.358679009087165
632874,1,7,5,0.3586789949470627
632879,1,7,10,8.292911760100187
632891,1,7,10,18.375170088227364
632901,1,7,5,0.3586789934097332
632902,0,7,0,0.011843293382210135
632908,1,7,9,25.636752796144183
632917,1,7,9,25.61993967428134
632918,0,7,0,0.012129462276409826
632934,1,7,8,18.25600239778872
632949,1,7,6,21.670486861060397
632952,1,7,7,4.603502499192865
632963,1,7,5,0.3586789934097332
632989,0,7,0,0.017220448598089386
632990,1,7,4,0.3586790108976326
633030,1,7,7,2.424423233467272
633041,1,7,8,12.783876277970233
633044,0,7,0,0.02009558458731115
633050,1,7,6,19.331210646570117
633071,1,7,5,0.3586789934097332
633074,1,7,6,17.049374381431516
633075,1,7,3,2.2294443740720244
633076,0,7,0,0.026579387076027184
633089,1,7,6,22.632040008552604
633095,1,7,5,0.3586789934097332
633102,1,7,4,0.3586790108976326
633104,1,7,7,2.753965695372989
633109,1,7,4,0.3586790108976326
633112,1,7,6,23.838503525592078
633114,1,7,6,14.698532321560748
633116,1,7,4,0.3586790108976326
633122,1,7,5,0.3586789934097332
633126,1,7,4,0.358679009087165
633127,1,7,1,5.697716345366628
633143,1,7,8,9.114492330174466
633144,1,7,9,26.21540042514035
633160,1,7,9,16.269505488861284
633167,1,7,9,21.913527888410037
633182,1,7,3,1.0513599370619866
633184,1,7,8,17.29050635639237
633188,1,7,5,0.3586789934097332
633191,1,7,4,0.3586790108976326
633208,1,7,8,25.92477386464081
633213,1,7,6,22.83986588923034
633214,1,7,10,12.364075067268699
633226,1,7,8,12.741617650077119
633239,1,7,6,23.859978301902895
633244,1,7,5,0.3586789934097332
633245,1,7,9,23.4528807618837
633247,1,7,5,0.3586789934097332
633249,1,7,7,1.4788530180704191
633270,1,7,4,0.3586790108976326
633276,1,7,1,17.798446038286645
633301,1,7,4,0.3586790108976326
633310,1,7,8,24.590959044914694
633312,1,7,4,0.3586790108976326
633313,1,7,9,6.598199616588154
633337,1,7,2,6.031406978398944
633339,1,7,9,21.317635307218755
633350,1,7,7,1.9725152882517505
633351,1,7,3,2.439423413047113
633370,1,7,3,2.352813109667345
633376,0,7,0,0.029227509013022023
633380,1,7,9,21.985175209941733
633384,1,7,9,26.497443514344244
633390,1,7,6,10.586828433309108
633392,1,7,4,0.3586790108976326
633399,0,7,0,0.024914508176762055
633414,1,7,5,0.3586789934097332
633434,1,7,10,7.472363099681752
633456,1,7,8,17.27699101431611
633472,1,7,8,3.6733788333243775
633477,1,7,7,1.7959874930872133
633478,1,7,10,7.069081542915116
633488,1,7,6,10.730765084373424
633491,1,7,5,0.3586789934097332
633496,1,7,6,5.554007910326439
633498,1,7,8,24.888510185362886
633499,1,7,9,23.36396471610015
633518,1,7,9,17.91869737119993
633520,1,7,5,0.3586789934097332
633527,1,7,5,0.3586789934097332
633528,1,7,9,16.325404467794346
633542,1,7,9,24.00919558219843
633544,1,7,8,5.609124548354202
633550,1,7,10,8.798944306311636
633556,0,7,0,0.026155177337143357
633583,1,7,8,24.021727157756114
633591,1,7,10,14.860210545229808
633651,1,7,10,8.166516292278429
633652,1,7,8,15.451548493285374
633661,1,7,8,4.579607489595785
633668,1,7,6,15.026775081928
633676,1,7,9,22.315780633124714
633696,1,7,3,2.362237506301872
633703,1,7,10,7.206603956738686
633717,1,7,9,20.96442979464252
633727,1,7,5,0.3586789949470627
633732,1,7,4,0.3586790108976326
633734,1,7,5,0.3586789934097332
633745,1,7,9,13.483699205941843
633749,1,7,8,28.319530057218472
633755,1,7,10,19.13947783899699
633761,1,7,10,19.660837026844572
633763,1,7,1,18.826109078032065
633783,1,7,10,21.240235701984272
633802,1,7,4,0.3586790108976326
633806,1,7,4,0.3586790108976326
633807,1,7,6,17.79461435402415
633809,1,7,8,4.53583242243243
633837,1,7,9,13.163118419002858
633842,1,7,5,0.3586789934097332
633855,1,7,3,1.9876051089274525
633881,1,7,9,7.090085364894584
633883,1,7,10,14.775989944177832
633896,1,7,4,0.3586790108976326
633927,1,7,8,14.438398081044438
633930,1,7,8,27.437786380301656
633931,1,7,4,0.3586790108976326
633951,1,7,3,0.9086395786022161
633955,1,7,10,13.0392640489474
633966,1,7,10,13.355959595222386
633967,1,7,8,16.372407200390395
633976,1,7,4,0.3586790108976326
633979,1,7,8,24.893019167557974
633981,1,7,4,0.3586790108976326
633991,1,7,9,13.074382381354905
633992,1,7,4,0.3586790108976326
634002,1,7,4,0.358679009087165
634041,1,7,8,20.87903867350595
634047,1,7,5,0.3586789934097332
634054,1,7,3,1.9167312628158293
634067,1,7,4,0.3586790108976326
634072,1,7,4,0.3586790108976326
634073,1,7,8,17.046811678955063
634082,1,7,7,3.9663053200103207
634084,1,7,4,0.3586790108976326
634092,1,7,4,0.3586790108976326
634100,0,7,0,0.017822941380033198
634108,1,7,5,0.3586789934097332
634111,1,7,5,0.3586789934097332
634116,1,7,1,15.392900905046117
634118,1,7,8,19.316808344490777
634123,1,7,1,15.642857532433593
634139,1,7,6,8.478241555001754
634140,1,7,3,2.386982716680748
634190,1,7,3,1.8842588672703022
634204,1,7,8,17.88379900564007
634212,1,7,4,0.3586790108976326
634215,0,7,0,0.024388573227209526
634223,1,7,8,15.913590413366338
634224,1,7,8,26.67096872036685
634234,1,7,5,0.3586789934097332
634273,1,7,9,19.273112410543877
634291,1,7,6,18.773338208955252
634303,1,7,5,0.3586789934097332
634305,1,7,8,17.099343681213995
634322,1,7,8,21.056159434387936
634334,1,7,4,0.3586790108976326
634337,1,7,5,0.3586789934097332
634364,1,7,5,0.3586789949470627
634368,1,7,9,22.375334486933987
634384,1,7,4,0.3586790108976326
634388,1,7,5,0.3586789934097332
634409,1,7,9,5.743944693684013
634410,1,7,8,6.445970820855518
634415,1,7,9,7.025949947451853
634430,1,7,5,0.3586789934097332
634454,1,7,10,12.249648555775739
634474,1,7,4,0.3586790108976326
634483,1,7,5,0.3586789934097332
634495,1,7,8,28.279142581070282
634517,0,7,0,0.030232081288098112
634524,1,7,6,20.945018452479694
634525,1,7,10,18.29931985500576
634533,1,7,4,0.3586790108976326
634547,1,7,5,0.3586789934097332
634560,1,7,5,0.3586789934097332
634568,1,7,4,0.3586790108976326
634573,1,7,2,7.92075935365356
634578,1,7,6,10.320154353881016
634580,1,7,5,0.3586789934097332
634588,1,7,9,18.431446357371698
634619,1,7,5,0.3586789934097332
634622,1,7,4,0.3586790108976326
634623,1,7,8,2.4373395472013386
634627,1,7,2,1.3286333404913468
634630,1,7,7,2.487589118117767
634633,1,7,4,0.3586790108976326
634639,1,7,9,25.937955611525975
634652,1,7,4,0.3586790108976326
634670,1,7,3,2.0696343424090573
634689,1,7,9,4.4606737441862485
634699,1,7,7,2.307853108571963
634706,1,7,4,0.3586790108976326
634708,1,7,9,24.557599939780523
634709,1,7,9,15.245843239340482
634718,1,7,8,17.674269901522436
634721,1,7,4,0.3586790108976326
634732,1,7,4,0.3586790108976326
634761,1,7,10,9.05239736551069
634764,1,7,1,22.251688608356407
634768,1,7,4,0.3586790108976326
634774,0,7,0,0.01495485391507091
634794,1,7,9,10.212097127757051
634811,1,7,1,21.36941015797317
634816,1,7,8,19.350337462324045
634822,1,7,4,0.3586790108976326
634831,1,7,7,4.240350533162941
634833,1,7,10,8.473700470226433
634854,1,7,8,26.88797475960799
634856,1,7,7,4.549129035006184
634858,1,7,7,0.8444299670418299
634877,1,7,3,2.259747734194156
634881,1,7,10,16.932968434923445
634889,1,7,6,21.541871397900653
634915,1,7,9,26.237016672521204
634920,1,7,6,14.4818333021416
634935,1,7,2,7.393245531852443
634940,1,7,8,11.926803091856264
634942,1,7,9,20.319936096313455
634943,1,7,7,0.3456804066966294
634944,1,7,9,17.880905183955473
634948,1,7,6,13.37590444823994
634953,1,7,10,11.741058886029283
634972,1,7,9,13.147532217722436
634976,1,7,3,2.351916601223698
634993,0,7,0,0.024078990483174082
634995,1,7,7,4.154503211418858
635004,1,7,4,0.3586790108976326
635013,1,7,5,0.3586789934097332
635015,1,7,9,15.460098367100192
635029,1,7,7,2.0360365756728873
635034,1,7,6,12.921000688516655
635038,1,7,10,21.07925516772407
635044,1,7,5,0.3586789934097332
635049,1,7,2,2.1783472782328026
635065,1,7,6,14.746341920229025
635070,1,7,8,22.061732641752165
635071,1,7,8,9.424892747496589
635080,1,7,1,23.127139251179788
635099,1,7,8,24.053629724861498
635116,1,7,6,21.29426002423051
635120,1,7,9,15.961094846581043
635136,0,7,0,0.020837627223774323
635140,1,7,6,14.645641943352642
635147,1,7,9,23.853479619721014
635148,1,7,9,18.135998152503294
635176,1,7,1,14.990902975830279
635180,1,7,4,0.3586790108976326
635196,1,7,8,28.366063689030025
635198,1,7,5,0.3586789934097332
635200,1,7,8,17.25808204815633
635227,1,7,5,0.3586789934097332
635229,1,7,4,0.3586790108976326
635238,1,7,5,0.3586789934097332
635249,1,7,8,18.913183314961607
635253,1,7,5,0.3586789949470627
635269,1,7,10,8.357828299449933
635275,1,7,6,12.86228836360236
635287,1,7,7,3.2717533481333034
635297,1,7,6,17.25568580036631
635309,1,7,4,0.3586790108976326
635312,1,7,8,19.198122833562714
635317,1,7,5,0.3586789934097332
635322,1,7,10,3.1679552279966754
635332,0,7,0,0.02542335329815536
635349,1,7,5,0.3586789934097332
635350,1,7,3,2.3767184122909932
635367,1,7,4,0.3586790108976326
635374,1,7,5,0.3586789934097332
635386,1,7,6,5.359123407501528
635389,1,7,7,0.7131418947557213
635404,0,7,0,0.014976790290063326
635409,1,7,9,14.763859530858841
635413,1,7,1,23.192884467221965
635433,1,7,9,9.06693390214255
635439,1,7,10,6.07932015432514
635467,1,7,9,11.259465372070139
635474,1,7,10,10.25769363854239
635485,1,7,9,12.311869472967146
635490,1,7,5,0.3586789934097332
635523,1,7,4,0.3586790108976326
635534,1,7,1,22.564080816381242
635537,1,7,5,0.3586789934097332
635539,1,7,8,12.736336220465983
635547,1,7,2,13.637907312765252
635548,1,7,6,22.51844009075459
635551,1,7,8,15.46164883810347
635567,1,7,8,18.076417870957144
635586,1,7,10,19.471819831469414
635590,1,7,6,22.847551714686148
635593,1,7,9,24.52303010550053
635604,1,7,5,0.3586789934097332
635616,1,7,9,20.859034125022976
635618,1,7,5,0.3586789934097332
635631,1,7,8,18.252701202725543
635649,1,7,4,0.3586790108976326
635653,1,7,5,0.3586789934097332
635656,1,7,9,16.55749128574106
635658,1,7,10,19.006944301664863
635660,1,7,5,0.3586789934097332
635667,1,7,4,0.3586790108976326
635674,1,7,8,14.539437165005326
635675,1,7,3,1.510778221595367
635703,1,7,6,21.586246276240534
635704,1,7,6,22.394241878805428
635733,1,7,9,16.516251629175784
635739,1,7,10,15.75961036450007
635743,1,7,8,16.314404080634883
635751,1,7,10,20.978584354710087
635752,1,7,8,25.563596114722205
635753,1,7,7,4.44314085350112
635758,1,7,8,16.156317691608646
635762,1,7,3,2.4105286570575157
635789,1,7,4,0.3586790108976326
635795,0,7,0,0.021882868636836705
635806,1,7,4,0.3586790108976326
635815,1,7,6,21.986050351157044
635826,1,7,2,13.652432503425336
635838,1,7,4,0.358679009087165
635839,1,7,5,0.3586789949470627
635850,1,7,10,9.391364629554337
635872,1,7,9,24.095457358085312
635876,1,7,6,13.249676711341916
635877,1,7,8,28.076141177874316
635884,1,7,1,13.133652599808572
635885,1,7,9,10.496695137168011
635894,1,7,10,15.72201783655264
635898,1,7,1,20.020375953597547
635904,1,7,6,11.618316688572813
635908,1,7,10,9.543416709933158
635913,1,7,6,5.761260578709352
635916,1,7,4,0.3586790108976326
635917,1,7,8,17.51703966909953
635924,1,7,8,2.9598895086849435
635925,0,7,0,0.04200554359174426
635936,1,7,9,9.511272590196121
635938,1,7,3,1.1854398685681327
635939,1,7,5,0.3586789934097332
635963,1,7,9,25.574196998562115
635966,1,7,2,2.1704348006422447
635972,1,7,10,10.85046627412796
635974,1,7,5,0.3586789934097332
635981,1,7,4,0.3586790108976326
635984,1,7,6,22.841720521536445
635995,1,7,10,21.28896967854011
635999,1,7,8,19.8866835050044
636002,1,7,9,10.006550906374061
636003,1,7,7,3.0672169673806473
636013,1,7,9,7.754714549723423
636025,1,7,5,0.3586789934097332
636027,1,7,6,15.562809818372838
636030,1,7,6,20.692301669691965
636036,1,7,8,23.488968921740263
636041,1,7,8,7.322670339728056
636048,1,7,2,5.597413798412781
636051,1,7,10,7.305213538343535
636052,1,7,6,13.180722292361441
636058,1,7,6,6.380903638493767
636061,1,7,8,27.076604322461513
636069,1,7,5,0.3586789934097332
636071,1,7,9,16.196875594246468
636100,1,7,4,0.3586790108976326
636105,1,7,8,19.504105176824716
636117,1,7,8,9.173455158003994
636139,1,7,4,0.3586790108976326
636145,0,7,0,0.022982044711363527
636149,1,7,2,7.487903906781751
636156,1,7,2,0.8953671397142142
636164,1,7,5,0.3586789934097332
636195,1,7,6,14.308440342145063
636197,1,7,2,10.911728051851382
636241,1,7,9,26.427203710966975
636242,1,7,10,9.772545712946814
636263,1,7,8,10.42340404201519
636265,1,7,5,0.3586789934097332
636274,1,7,4,0.3586790108976326
636277,1,7,2,13.151990765618255
636284,1,7,9,16.79914799485225
636293,1,7,5,0.3586789934097332
636296,1,7,6,23.241616997033038
636298,1,7,4,0.3586790108976326
636300,1,7,7,4.198271431255285
636301,1,7,7,2.544871312702001
636321,1,7,5,0.3586789949470627
636336,1,7,9,26.007204791865853
636350,1,7,6,5.949751988518784
636353,1,7,5,0.3586789934097332
636358,0,7,0,0.26602739715441537
636366,1,7,9,26.35017441220529
636380,0,7,0,0.012528420880644034
636387,1,7,9,24.738181071056513
636399,1,7,10,19.650402860328228
636412,1,7,9,12.644347026844791
636423,1,7,2,10.664328257286106
636429,1,7,1,4.991738969047378
636435,1,7,7,1.703204389657703
636439,1,7,9,23.5174783219098
636461,1,7,7,1.1763712319802757
636480,1,7,10,7.3339548024099885
636489,1,7,6,20.873745895810718
636498,1,7,8,28.047964922935535
636500,1,7,6,23.856130601277734
636510,1,7,6,22.058105726796455
636516,1,7,6,23.69827993061866
636520,1,7,8,17.63791640179103
636526,1,7,3,0.707121304936716
636537,1,7,1,14.215923306551904
636549,1,7,9,22.418641020139948
636554,1,7,8,24.432446789391523
636580,1,7,1,3.793442872677156
636585,1,7,9,15.536541606550955
636593,1,7,5,0.3586789934097332
636610,1,7,9,25.615054922676876
636613,1,7,1,7.006094837474104
636616,1,7,4,0.358679009087165
636644,1,7,4,0.358679009087165
636651,1,7,7,3.7628272534199043
636659,1,7,3,2.3792689820592017
636661,1,7,8,6.426009719982611
636676,1,7,5,0.3586789934097332
636681,1,7,1,4.206918723508669
636716,1,7,9,8.21006534269205
636729,1,7,1,21.731869140398405
636735,1,7,8,24.60005937632103
636741,1,7,2,12.514896167278895
636748,1,7,8,25.67460666461597
636757,0,7,0,0.025694685086104462
636758,1,7,4,0.3586790108976326
636776,1,7,6,17.022562731143072
636777,1,7,9,6.4190709019539005
636789,1,7,9,26.299357704849825
636791,1,7,7,1.0344025776148495
636800,1,7,3,2.2717850895456433
636808,1,7,9,17.706759508806538
636816,1,7,1,18.28032584373206
636824,1,7,9,15.352852630434194
636837,1,7,6,23.000899471886193
636840,1,7,6,6.065352370459851
636841,1,7,9,24.246340962349148
636855,1,7,9,23.469070010474663
636861,0,7,0,0.20375838881355404
636882,1,7,10,19.115491336204432
636894,1,7,10,6.458109252081528
636895,1,7,5,0.3586789934097332
636898,1,7,9,22.924110211367594
636915,1,7,1,6.183728190161799
636931,1,7,9,23.569075428453072
636944,1,7,8,24.766290429478964
636950,1,7,5,0.3586789934097332
636973,1,7,5,0.3586789934097332
636979,0,7,0,0.014426623191628593
636981,1,7,4,0.3586790108976326
637009,1,7,6,6.0166061514555045
637042,1,7,6,13.629641704207723
637064,1,7,10,14.661812096272264
637065,1,7,8,15.038158586155367
637073,1,7,10,20.172747584186947
637074,1,7,8,12.720869481265506
637079,1,7,9,15.678504171585471
637081,1,7,9,10.20290990794803
637086,1,7,6,22.083999485767613
637102,1,7,9,16.724201618779645
637121,1,7,6,23.965983537750187
637132,1,7,3,1.2463922823050537
637143,1,7,9,10.715120431640415
637144,1,7,4,0.3586790108976326
637147,1,7,5,0.3586789934097332
637154,1,7,2,9.71856188954328
637183,1,7,8,21.641901125675467
637193,1,7,5,0.3586789934097332
637217,1,7,5,0.3586789934097332
637220,1,7,8,28.360780770644087
637271,1,7,9,14.236817051865009
637280,1,7,5,0.3586789934097332
637284,1,7,10,13.579538544232193
637295,0,7,0,0.0130366376034436
637303,1,7,10,3.767854018232144
637334,1,7,10,11.905061325796225
637352,1,7,3,1.717966864164544
637354,1,7,9,16.595326474339878
637355,1,7,9,25.780565902987107
637360,1,7,6,10.866907959801734
637363,0,7,0,0.020560674487137165
637368,1,7,3,2.309946502857356
637371,1,7,8,27.083255981165234
637375,1,7,9,7.292797402828645
637376,1,7,3,2.2734572673505786
637390,1,7,9,23.311168555128084
637394,1,7,4,0.3586790108976326
637409,1,7,5,0.3586789934097332
637428,1,7,6,17.94975027415091
637455,1,7,2,8.688899534597061
637469,1,7,4,0.3586790108976326
637480,1,7,10,19.44639678802405
637484,1,7,4,0.3586790108976326
637491,1,7,6,22.455789619218116
637500,1,7,10,6.6625076193399115
637502,1,7,4,0.3586790108976326
637522,1,7,7,4.595869982837404
637529,1,7,1,10.74365532823018
637539,1,7,1,12.366999659329643
637551,1,7,5,0.3586789934097332
637563,1,7,5,0.3586789934097332
637566,1,7,5,0.3586789934097332
637567,1,7,6,8.066866772349263
637581,1,7,6,14.508047821467578
637590,1,7,5,0.3586789934097332
637596,1,7,8,11.804812083187947
637619,1,7,8,25.80424609032173
637626,1,7,2,13.982020830509631
637628,1,7,6,8.960098130331222
637638,1,7,9,20.073460880231625
637646,1,7,4,0.3586790108976326
637652,1,7,4,0.3586790108976326
637657,1,7,8,26.88998000378875
637667,1,7,8,15.438272658689607
637675,1,7,3,2.387879361162726
637676,1,7,1,6.781314078364858
637679,1,7,9,24.137218603127994
637694,1,7,8,14.691779007452274
637697,1,7,2,7.8977073295773454
637703,1,7,4,0.3586790108976326
637738,1,7,9,12.376152288909678
637760,1,7,9,5.72066731523344
637772,1,7,8,11.501786428827584
637775,1,7,5,0.3586789934097332
637781,1,7,8,15.77569993650745
637785,1,7,9,12.151215391587396
637788,1,7,7,2.148442808437538
637790,1,7,4,0.3586790108976326
637791,1,7,10,20.51704506128556
637794,1,7,8,10.134238968777805
637796,1,7,5,0.3586789934097332
637800,1,7,3,2.432436849303024
637802,1,7,8,12.006283392479766
637806,1,7,1,5.609283242165879
637814,1,7,5,0.3586789934097332
637818,1,7,5,0.3586789934097332
637832,1,7,9,2.688957680672992
637833,1,7,8,24.761704642295946
637843,1,7,10,19.69468006970182
637856,1,7,5,0.3586789934097332
637864,1,7,9,3.070659595465578
637865,1,7,9,8.239250329758423
637869,1,7,5,0.3586789934097332
637905,1,7,7,2.1113963679922154
637925,1,7,9,10.806535800400908
637948,1,7,5,0.3586789934097332
637952,1,7,8,18.756080684410716
637956,1,7,8,8.772597866569653
637962,1,7,9,24.447586179096355
637975,1,7,9,23.2195233333804
637981,1,7,6,18.252234745828922
637982,1,7,8,25.661889183857173
637987,1,7,8,20.586096370470294
637997,1,7,8,24.743193793616168
638003,0,7,0,0.015587774086299654
638008,1,7,1,17.025871262909437
638012,1,7,9,25.1241413722205
638015,1,7,9,24.199006489777677
638024,1,7,10,7.664103347976764
638032,1,7,9,9.407336330580312
638050,1,7,5,0.3586789934097332
638059,1,7,5,0.3586789934097332
638062,1,7,9,13.810381055740896
638084,1,7,5,0.3586789934097332
638088,1,7,4,0.3586790108976326
638097,1,7,7,4.037394189445646
638107,1,7,4,0.3586790108976326
638113,1,7,10,18.5127839683922
638118,1,7,7,1.3508606062764146
638119,1,7,4,0.3586790108976326
638121,1,7,6,17.76108015197485
638125,1,7,10,10.170723206498007
638136,1,7,10,19.667685418189663
638144,1,7,1,21.315609768317124
638157,1,7,8,10.631902163421213
638158,1,7,4,0.3586790108976326
638159,0,7,0,0.014351539357887744
638165,1,7,10,12.40160702832055
638170,1,7,5,0.3586789934097332
638175,1,7,6,16.954241387392347
638180,1,7,6,16.362551058313553
638186,1,7,8,27.249104604095567
638195,1,7,3,2.051990132703834
638199,1,7,7,1.325913499979699
638207,1,7,9,8.33331027574204
638209,1,7,6,16.643886871152297
638213,1,7,7,3.882551879339668
638214,1,7,2,13.247410669536462
638215,1,7,5,0.3586789934097332
638266,1,7,10,4.574053557749046
638267,1,7,6,9.886191882494192
638271,1,7,6,17.94846649734122
638301,1,7,8,13.724269288747502
638329,1,7,6,13.7607875100625
638330,1,7,4,0.3586790108976326
638334,1,7,2,8.32759528549543
638358,1,7,9,13.807301471484985
638360,1,7,5,0.3586789934097332
638373,1,7,5,0.3586789934097332
638377,1,7,6,15.28471958854031
638381,1,7,8,17.325808289324673
638404,1,7,4,0.3586790108976326
638417,1,7,1,22.039247183201578
638428,1,7,10,18.165238738794585
638434,1,7,6,6.669610838518377
638436,1,7,7,3.5265635781417783
638452,1,7,1,23.06879973713761
638464,1,7,6,15.402122842562237
638465,1,7,5,0.3586789934097332
638478,1,7,1,18.5197165103346
638480,1,7,4,0.3586790108976326
638491,1,7,8,11.181423265214448
638524,1,7,10,9.780222707252113
638550,1,7,8,8.532397491685183
638555,1,7,9,24.03634895840947
638556,1,7,1,6.321055388844841
638568,1,7,3,1.9725692976677396
638577,1,7,4,0.3586790108976326
638589,1,7,8,10.49879115765658
638591,1,7,8,6.442088108383761
638596,0,7,0,0.27352567842400266
638598,1,7,9,11.048706838817333
638601,1,7,9,17.7639204453277
638602,1,7,6,20.02798846336307
638605,0,7,0,0.02640544817143251
638607,1,7,9,5.517552682709881
638617,1,7,6,6.832615648394809
638633,1,7,10,8.883074114113425
638641,1,7,8,20.513803461406187
638657,1,7,8,27.992308965092427
638658,1,7,5,0.3586789934097332
638660,1,7,4,0.3586790108976326
638665,1,7,5,0.3586789934097332
638687,0,7,0,0.012205655435621816
638694,1,7,6,6.570902892985598
638722,1,7,7,4.619150737807456
638745,1,7,9,10.513865893663189
638754,1,7,4,0.358679009087165
638757,1,7,10,14.20891600769358
638761,1,7,1,13.45466926464256
638778,1,7,5,0.3586789934097332
638807,1,7,6,10.137872003262284
638812,1,7,7,4.4388203790807035
638818,1,7,8,26.79000550863242
638823,1,7,1,12.029166403673473
638828,1,7,3,2.4104016203385124
638855,1,7,6,21.669101658471252
638859,1,7,8,7.242635721005451
638877,0,7,0,0.018960740721132355
638882,1,7,10,15.32596886314383
638884,1,7,8,26.49122718302177
638892,1,7,8,12.148312281156445
638900,1,7,10,5.510789788759115
638919,1,7,4,0.3586790108976326
638926,1,7,5,0.3586789934097332
638945,1,7,8,5.810190529231583
638951,1,7,1,14.17504520357032
638957,1,7,5,0.3586789934097332
638964,1,7,6,20.264184443142288
638969,0,7,0,0.014944882477749855
638988,1,7,6,20.069362265186957
639001,1,7,9,13.564250071787065
639013,1,7,5,0.3586789934097332
639023,1,7,6,24.066330910557618
639027,0,7,0,0.01342800720090861
639045,1,7,4,0.3586790108976326
639093,1,7,4,0.3586790108976326
639098,1,7,4,0.3586790108976326
639107,1,7,5,0.3586789949470627
639115,1,7,10,10.123291605011625
639121,1,7,3,1.238295253428798
639128,1,7,8,17.993225962282235
639131,1,7,9,6.188599164544357
639140,1,7,1,16.34642212463712
639143,1,7,8,20.79315157053882
639151,1,7,8,28.521923966822655
639167,1,7,8,17.669645824888207
639176,1,7,9,4.201884963766576
639183,1,7,4,0.3586790108976326
639213,1,7,10,14.763390913754609
639214,0,7,0,0.047087217482630624
639215,0,7,0,0.014201672259579216
639225,1,7,9,26.431306725568014
639226,1,7,2,5.688850476401867
639235,1,7,8,17.395492714633395
639246,1,7,5,0.3586789934097332
639249,0,7,0,0.01606004893693644
639250,1,7,9,22.167912412733656
639251,1,7,2,10.95244224794237
639255,1,7,4,0.3586790108976326
639280,1,7,10,20.567781258988628
639281,1,7,8,15.38268678629948
639287,1,7,5,0.3586789934097332
639309,1,7,4,0.3586790108976326
639313,1,7,6,7.138713696417219
639331,1,7,5,0.3586789934097332
639355,1,7,9,19.012208159600423
639358,1,7,5,0.3586789934097332
639378,1,7,8,26.8724823919161
639384,1,7,1,19.564581342973256
639396,0,7,0,0.01293928184772503
639397,1,7,1,16.10709532747331
639398,1,7,8,27.440846965058803
639408,1,7,8,22.797484139823588
639445,1,7,8,20.619327015225203
639449,1,7,7,2.5385235331732603
639456,1,7,4,0.3586790108976326
639468,1,7,6,12.478988519993143
639469,1,7,9,23.792703886785876
639472,1,7,9,25.499013435388335
639490,1,7,10,19.622793507896557
639495,1,7,4,0.3586790108976326
639497,1,7,9,18.2573911754916
639513,1,7,5,0.3586789934097332
639525,1,7,9,21.663535788485348
639539,1,7,4,0.3586790108976326
639542,1,7,6,14.634284459892143
639569,1,7,9,19.38501683605476
639570,1,7,6,21.057504262171904
639571,1,7,6,21.50758011810822
639580,1,7,5,0.3586789934097332
639599,1,7,6,15.147176635390899
639608,1,7,8,22.22549445288871
639616,1,7,4,0.3586790108976326
639629,1,7,1,12.326485052696901
639632,1,7,4,0.3586790108976326
639641,1,7,5,0.3586789934097332
639650,1,7,3,1.3922012916286104
639651,1,7,8,4.951321624482364
639658,1,7,9,15.835019657382242
639660,1,7,6,12.536836760743887
639663,1,7,2,5.874874487244758
639668,1,7,8,17.579352561704948
639682,1,7,3,0.7936948818797341
639688,1,7,9,23.481316925418586
639697,1,7,9,12.668529431843023
639698,1,7,9,2.5757536596378716
639711,1,7,6,12.012372382458757
639718,1,7,8,24.32949557511253
639721,1,7,9,25.996009312725178
639726,1,7,7,2.250552004824377
639751,1,7,9,13.046594577476329
639759,1,7,5,0.3586789934097332
639764,1,7,2,3.9528384593944788
639772,1,7,2,2.307952350192401
639773,1,7,8,23.64854782650856
639795,1,7,6,23.883915323738627
639799,1,7,9,15.237471196466586
639805,1,7,6,23.74665068886243
639812,1,7,1,21.254197902458746
639823,1,7,8,12.762438405307204
639827,1,7,6,12.036835355333086
639856,1,7,4,0.3586790108976326
639865,1,7,4,0.3586790108976326
639875,1,7,4,0.3586790108976326
639878,1,7,2,4.394273196163619
639885,1,7,3,2.356528481511033
639891,1,7,9,9.48967945316936
639906,1,7,9,11.90745091235675
639918,1,7,5,0.3586789934097332
639955,1,7,5,0.3586789934097332
639968,1,7,10,20.004997030530678
639969,1,7,10,13.362005437191181
639979,1,7,5,0.3586789934097332
639989,1,7,4,0.358679009087165
639994,1,7,6,21.28154393963093
639999,0,7,0,0.01685874863644826
640020,1,7,1,16.43029653586084
640023,1,7,4,0.3586790108976326
640034,1,7,9,7.478862963641727
640037,1,7,6,11.208472548242115
640051,1,7,7,1.6360611477092093
640053,1,7,6,9.626188935650577
640071,1,7,9,22.98221289005882
640080,1,7,6,8.768211111969418
640088,1,7,7,2.768312440117482
640101,1,7,5,0.3586789934097332
640104,1,7,6,23.958944035719785
640121,1,7,10,14.63489185451248
640135,1,7,4,0.3586790108976326
640145,1,7,1,12.083567034120431
640148,1,7,3,1.7552365638131853
640152,1,7,5,0.3586789934097332
640156,1,7,9,11.291650557927456
640158,1,7,8,3.6196164123745893
640159,1,7,7,1.5962801018931685
640162,1,7,5,0.3586789934097332
640172,1,7,5,0.3586789934097332
640188,1,7,6,23.199232117821012
640195,1,7,10,7.743971813972303
640197,1,7,8,24.935398983094597
640201,1,7,1,12.531571094209202
640211,1,7,6,23.202307172918328
640216,1,7,3,2.4107566585855578
640231,1,7,10,20.69929167202587
640254,1,7,4,0.3586790108976326
640256,1,7,7,3.1948416602957184
640263,1,7,4,0.358679009087165
640266,1,7,8,10.192418231538072
640269,1,7,5,0.3586789934097332
640272,1,7,4,0.3586790108976326
640274,1,7,5,0.3586789934097332
640277,1,7,6,10.374487790034884
640292,1,7,10,20.460146417589613
640311,1,7,6,23.742108794805336
640313,1,7,3,2.1638846457254077
640323,1,7,9,14.563804671439161
640334,1,7,4,0.3586790108976326
640339,1,7,2,10.780757218545004
640353,1,7,9,7.307380425165724
640360,1,7,8,15.187819013441809
640375,1,7,5,0.3586789934097332
640393,1,7,7,4.188871478632915
640427,1,7,9,15.66998624443183
640428,1,7,4,0.3586790108976326
640462,1,7,4,0.3586790108976326
640466,1,7,9,16.470821329718127
640475,1,7,4,0.3586790108976326
640478,0,7,0,0.020523300379570324
640490,1,7,3,2.190856914429759
640491,1,7,8,23.336036448082652
640496,1,7,9,15.459685249904915
640507,1,7,6,13.415753382236215
640542,1,7,4,0.3586790108976326
640548,1,7,9,16.214449901016906
640551,1,7,2,9.378299202278484
640553,1,7,10,13.370538312447646
640560,1,7,6,18.87691193441649
640561,1,7,6,6.066533892959687
640564,1,7,6,8.667678216965154
640566,1,7,5,0.3586789934097332
640600,1,7,8,17.17903548603927
640607,0,7,0,0.014036940621295716
640618,1,7,7,3.2979033985068456
640627,1,7,6,21.795914833687966
640635,1,7,2,3.775069569378092
640637,1,7,2,12.56288387467066
640638,1,7,5,0.3586789934097332
640649,1,7,8,16.646883493017015
640672,1,7,5,0.3586789934097332
640691,1,7,4,0.3586790108976326
640698,1,7,7,3.327254197277339
640700,1,7,2,8.070281003559355
640715,1,7,5,0.3586789934097332
640718,1,7,1,5.536881980398736
640735,1,7,4,0.3586790108976326
640744,1,7,6,19.417656502355577
640747,1,7,6,11.135927625182903
640752,1,7,8,27.994751738988104
640753,1,7,1,11.23818917686818
640772,1,7,2,2.709266448588721
640773,1,7,8,15.850184252284626
640790,1,7,9,16.633657604917623
640794,1,7,4,0.3586790108976326
640799,1,7,1,15.173475383282527
640801,1,7,10,10.77302086374238
640813,1,7,3,2.313019349937672
640814,1,7,5,0.3586789934097332
640817,1,7,8,11.863513233375885
640843,1,7,7,0.3474315040272917
640852,1,7,2,11.238851387227596
640863,1,7,5,0.3586789949470627
640875,1,7,5,0.3586789934097332
640886,1,7,4,0.3586790108976326
640888,1,7,1,22.137861249899267
640895,1,7,10,14.21692143166382
640909,1,7,10,9.035264651967507
640910,1,7,4,0.3586790108976326
640923,1,7,8,15.175183504785876
640944,1,7,6,4.480144482179211
640961,1,7,10,12.355890193986271
640963,1,7,6,14.371007621333701
640971,1,7,1,9.520610528503141
640986,1,7,9,13.691666025448383
640990,1,7,5,0.3586789934097332
641000,0,7,0,0.038492927903684394
641002,1,7,1,19.318865559608557
641003,1,7,6,15.507334970260143
641006,1,7,6,3.92161596975268
641021,1,7,2,12.33213664717441
641024,1,7,4,0.3586790108976326
641025,1,7,10,13.755396322457784
641026,1,7,8,15.000435979685216
641028,1,7,7,2.867155755101088
641030,1,7,7,4.288337409784916
641048,1,7,4,0.3586790108976326
641070,1,7,9,4.170996819565178
641083,1,7,9,9.337694027637639
641089,1,7,6,11.448987107264688
641097,1,7,10,9.89953359638027
641102,1,7,9,8.034871650975788
641106,1,7,4,0.3586790108976326
641109,1,7,8,25.320521263362544
641162,1,7,9,13.176792885421639
641167,1,7,8,19.503602568765494
641168,1,7,8,6.434130731728742
641181,1,7,7,1.2138823537958556
641226,1,7,6,10.590232560576375
641236,1,7,8,25.374662292869605
641239,1,7,6,7.315899463359068
641244,1,7,4,0.3586790108976326
641274,1,7,7,0.6365905925308459
641276,1,7,9,20.06771898970121
641286,1,7,10,19.121786484110384
641288,1,7,7,4.58156534527942
641295,1,7,6,10.010913254895604
641300,1,7,5,0.3586789934097332
641328,1,7,4,0.3586790108976326
641329,1,7,4,0.3586790108976326
641332,1,7,4,0.3586790108976326
641343,0,7,0,0.0637401975529231
641353,1,7,1,19.30488132731686
641360,0,7,0,0.013005225942280832
641376,1,7,5,0.3586789934097332
641388,1,7,6,13.088683523267893
641426,1,7,5,0.3586789934097332
641429,1,7,9,7.8853294282898085
641435,1,7,2,10.559841700900598
641446,1,7,2,13.741988695090166
641448,1,7,8,7.318943026486202
641475,1,7,10,19.502612750791894
641477,1,7,8,26.539511261643344
641506,1,7,2,10.907409931809417
641514,1,7,5,0.3586789934097332
641517,1,7,8,7.934173454789408
641518,1,7,10,16.486430935432708
641526,1,7,10,20.447768454119263
641529,1,7,5,0.3586789934097332
641540,1,7,8,24.658903421823226
641542,1,7,10,21.280389090835502
641580,1,7,8,14.47639282710919
641591,1,7,6,23.12567204013165
641606,1,7,9,7.501831012154733
641610,1,7,9,16.72700064507407
641632,1,7,10,8.125171647864317
641635,1,7,8,22.26093405198119
641641,1,7,5,0.3586789934097332
641649,1,7,10,3.924165125340867
641652,1,7,5,0.3586789934097332
641656,1,7,6,23.977036311815763
641659,1,7,9,25.306213604262123
641683,1,7,6,3.8647996349159923
641707,1,7,1,18.13685507960451
641710,1,7,2,3.008213233746068
641719,1,7,9,12.618924041901032
641738,1,7,9,9.193017122425154
641739,1,7,4,0.3586790108976326
641749,1,7,8,26.291225903722207
641756,1,7,9,20.73193296775354
641757,1,7,6,14.830079783792199
641761,1,7,7,3.4178133900650534
641772,1,7,6,14.610781159773301
641775,1,7,9,22.880878209541898
641779,1,7,9,18.985190480448896
641783,1,7,6,19.713692593245447
641830,1,7,10,12.896069641481848
641853,1,7,6,5.269277529494711
641869,1,7,1,12.045089065066323
641878,1,7,3,2.4082068827254814
641892,1,7,6,8.79466018252288
641903,0,7,0,0.013299441297225378
641904,1,7,8,6.076440659264766
641945,1,7,6,21.402861260694273
641963,1,7,9,26.440174059391847
641967,1,7,8,22.683524956639666
641971,1,7,6,20.226983385006513
641974,1,7,5,0.3586789934097332
641988,1,7,6,20.135766034180918
641992,1,7,10,13.269752970470394
642011,1,7,2,10.768287312449287
642012,0,7,0,0.027377768889369793
642028,1,7,4,0.3586790108976326
642057,1,7,6,21.307818424121823
642071,1,7,9,15.32678679090729
642078,1,7,1,14.567353712066774
642084,1,7,2,8.177068135139377
642105,1,7,4,0.3586790108976326
642109,1,7,8,18.505230796532974
642111,1,7,7,2.1927444181598688
642116,1,7,9,24.781806703034636
642121,0,7,0,0.016483203264525032
642148,1,7,9,4.690755420499634
642150,1,7,8,17.390967523411284
642167,1,7,8,18.603060378109223
642177,1,7,8,25.069624102304445
642190,1,7,9,22.042453577498197
642198,1,7,4,0.3586790108976326
642199,0,7,0,0.012479844419149184
642224,1,7,7,1.7822068866826102
642226,1,7,3,2.440175900813901
642241,1,7,6,15.201259340191934
642242,1,7,5,0.3586789934097332
642243,1,7,5,0.3586789934097332
642258,1,7,10,10.273468939212364
642262,0,7,0,0.03229452728830068
642264,1,7,9,10.574067504678853
642267,1,7,6,16.963184054281527
642292,1,7,2,4.158608515302337
642343,1,7,8,20.617197328752376
642347,1,7,8,20.908127302277773
642353,1,7,6,24.0741043888324
642366,1,7,6,9.838540734342716
642384,1,7,9,14.15812249944331
642394,0,7,0,0.1870479237177814
642407,1,7,5,0.3555209146302493
642413,1,7,10,7.571014064710547
642416,1,7,6,20.418438368081166
642429,1,7,10,21.275133104934117
642435,1,7,6,22.345302818928207
642441,1,7,10,20.298614909974134
642450,1,7,7,1.9662095747907342
642459,1,7,4,0.3586790108976326
642464,1,7,10,14.493440118320336
642485,1,7,4,0.3586790108976326
642496,1,7,5,0.3586789934097332
642505,1,7,9,16.727434838211515
642524,1,7,6,17.212924202844395
642525,1,7,7,2.2931452289235636
642563,1,7,5,0.3586789934097332
642573,0,7,0,0.012825401305530329
642591,1,7,9,11.684880618386082
642596,1,7,9,23.00973836247857
642598,1,7,8,19.74980320022759
642600,1,7,3,1.7405308560307207
642617,1,7,3,2.4039726016793983
642651,1,7,4,0.3586790108976326
642654,1,7,7,1.5851297326090263
642668,1,7,5,0.3586789934097332
642684,1,7,6,23.170727979110243
642695,1,7,8,20.096153913441736
642727,1,7,5,0.3586789934097332
642731,1,7,4,0.3586790108976326
642734,1,7,6,5.689751253672511
642738,1,7,9,15.426874951330516
642750,0,7,0,0.03688768608447576
642755,1,7,2,0.8533248612098405
642757,1,7,10,10.894299546496654
642764,1,7,4,0.3586790108976326
642766,1,7,9,25.053092248180555
642795,1,7,2,13.795116907897393
642800,1,7,7,2.317746256889911
642804,1,7,6,16.102654190078784
642810,1,7,10,5.274165993627318
642818,1,7,10,8.069031028188718
642821,1,7,5,0.3586789934097332
642825,1,7,5,0.3586789934097332
642833,1,7,9,12.14386433372082
642839,1,7,1,14.252164515672629
642861,1,7,8,24.76237484967427
642883,1,7,4,0.3586790108976326
642898,1,7,10,8.501814280797886
642917,1,7,2,3.9883963783146554
642927,1,7,5,0.3586789949470627
642954,1,7,10,20.246240720276656
642959,1,7,10,5.384438073099701
642972,1,7,7,2.7454785320921773
642979,1,7,8,14.371998125270023
642993,1,7,1,21.456555036602403
642995,1,7,8,12.0105623388904
643033,1,7,9,11.030354787342883
643037,1,7,5,0.3586789934097332
643056,1,7,9,25.646111876488888
643060,0,7,0,0.027830167109692827
643072,1,7,5,0.3586789934097332
643073,0,7,0,0.014798740225858496
643074,1,7,9,24.419044447371583
643085,1,7,5,0.3586789934097332
643109,1,7,9,24.54985247620813
643114,1,7,10,20.25257231667272
643123,1,7,9,22.886259765897528
643126,1,7,10,7.7870356463308275
643134,1,7,2,10.490757469815373
643137,0,7,0,0.02446694953034233
643144,1,7,5,0.3586789934097332
643151,1,7,5,0.3586789934097332
643169,1,7,6,23.571285028261016
643182,1,7,8,13.744037165845327
643193,0,7,0,0.018036176793053343
643218,1,7,10,21.240422498344603
643266,1,7,10,12.359987510802139
643269,1,7,5,0.3586789934097332
643276,1,7,3,0.6500743752912418
643280,1,7,8,27.823960324699474
643281,1,7,3,2.3125968595199815
643282,1,7,6,22.132097991785052
643285,1,7,8,6.528259365703098
643291,1,7,5,0.3586789934097332
643293,1,7,9,16.483626594849728
643296,1,7,3,2.2515289433365147
643299,1,7,8,24.92886938914184
643312,1,7,3,2.384352714345532
643313,0,7,0,0.021204344997668597
643320,1,7,5,0.3586789934097332
643335,1,7,1,17.911412455256052
643337,1,7,4,0.3586790108976326
643352,1,7,8,10.2924407789363
643355,1,7,6,23.368242821576484
643381,1,7,3,1.1935465323722516
643395,0,7,0,0.019685534414686012
643402,1,7,6,6.408127254908105
643407,1,7,4,0.3586790108976326
643410,1,7,6,17.395229021892817
643418,1,7,8,9.2108290789282
643425,1,7,10,10.258609144391244
643426,1,7,10,5.65034004976311
643435,1,7,9,22.161538118239157
643444,1,7,9,10.339455211148362
643476,1,7,9,16.144134613794957
643484,1,7,6,14.085653303608002
643485,1,7,4,0.3586790108976326
643491,1,7,8,19.49859058513883
643521,1,7,8,28.336953303445245
643547,1,7,10,20.889383218997125
643550,0,7,0,0.017992982984108348
643556,1,7,10,5.164580762529536
643611,1,7,9,23.98254542210413
643619,1,7,9,10.405329210410779
643624,1,7,9,25.93556977630998
643625,1,7,9,25.33523866214332
643627,1,7,10,15.827993088413528
643651,1,7,6,4.936803041660576
643655,1,7,9,25.871847468491104
643660,1,7,6,19.44712469389056
643666,1,7,4,0.3586790108976326
643685,1,7,4,0.3586790108976326
643720,1,7,8,15.781625405577696
643722,1,7,9,9.51453645440097
643730,1,7,5,0.3586789934097332
643739,1,7,9,10.67861474279427
643744,1,7,10,21.27946426030848
643771,1,7,8,14.903372641679734
643772,1,7,4,0.3586790108976326
643788,1,7,1,6.946493689291361
643793,1,7,6,6.615453334861636
643806,1,7,10,7.59677364549918
643814,1,7,6,21.900346322401397
643821,1,7,10,9.53348393465305
643827,1,7,4,0.3586790108976326
643832,1,7,9,15.297245298324029
643855,1,7,10,11.459383264989103
643868,1,7,8,20.3741333344409
643873,1,7,8,24.58951335802087
643902,1,7,3,2.4121430840048825
643906,1,7,8,24.380035006415373
643916,1,7,8,10.87004865219645
643924,1,7,6,18.923522699901678
643933,1,7,10,20.023878304014364
643944,1,7,7,3.081717506393201
643951,1,7,6,19.160110430064595
643973,1,7,1,3.6495906599787675
643983,1,7,8,6.947935179555573
643985,1,7,4,0.3586790108976326
644047,1,7,1,20.027697024192644
644054,1,7,5,0.3586789934097332
644058,1,7,1,22.89683439891624
644073,1,7,5,0.3586789934097332
644074,1,7,5,0.3586789934097332
644086,1,7,2,5.616992115481553
644089,1,7,3,2.4128332471393517
644106,1,7,6,3.879957121668352
644109,1,7,6,11.97840650383522
644124,1,7,1,3.934295863282421
644125,1,7,3,1.9806470604856063
644128,1,7,5,0.3586789934097332
644136,1,7,5,0.3586789934097332
644140,1,7,8,15.286470430966627
644145,1,7,5,0.3586789934097332
644153,1,7,9,16.219039702009077
644157,1,7,8,20.214883706632186
644159,1,7,9,24.22633808345966
644183,1,7,6,22.717367084363232
644209,1,7,5,0.3586789934097332
644220,1,7,2,6.493522570748846
644225,1,7,9,24.6572321297643
644245,1,7,4,0.3586790108976326
644246,1,7,4,0.3586790108976326
644253,1,7,6,9.303304425554552
644256,1,7,8,12.837517115990801
644263,1,7,6,21.14780193273986
644278,1,7,10,19.267864036497823
644292,1,7,8,21.667164255700992
644310,1,7,10,15.246716742159629
644311,1,7,5,0.3586789934097332
644318,1,7,8,15.821913925068282
644324,1,7,6,10.367295668080372
644338,1,7,4,0.3586790108976326
644345,1,7,9,4.854874215286694
644354,1,7,7,0.539590401457342
644384,1,7,5,0.3586789934097332
644418,1,7,10,3.561609199050759
644429,1,7,5,0.3586789934097332
644435,1,7,6,14.928486186880663
644465,1,7,9,5.00803807665513
644484,1,7,6,15.865966624743912
644493,1,7,9,16.68553072500802
644509,1,7,9,2.888760232098006
644518,0,7,0,0.026247110165505426
644520,0,7,0,0.012365067078065813
644546,1,7,7,1.2230924126078044
644556,1,7,4,0.3586790108976326
644567,1,7,9,25.761919277171646
644589,1,7,9,15.461733537111737
644599,1,7,7,3.902717831670315
644621,1,7,9,15.077922269030298
644630,1,7,6,23.257943181197565
644648,1,7,2,13.82565549703264
644652,1,7,9,15.182784657292991
644656,1,7,10,11.952576045274201
644672,1,7,6,13.992432946029611
644676,0,7,0,0.22844969917166968
644684,1,7,8,14.583140754827857
644692,1,7,5,0.3586789934097332
644709,1,7,9,16.685529719836815
644722,1,7,9,14.384763252233498
644732,1,7,10,7.427497147457531
644736,1,7,8,7.122169114312135
644739,1,7,8,24.878525413638624
644756,1,7,8,18.893350134237192
644765,1,7,3,1.736103042783779
644767,1,7,6,16.14937150052796
644770,1,7,8,23.162973666923826
644777,1,7,9,15.542821969278599
644780,1,7,6,22.53229992615949
644807,1,7,9,16.111713154775753
644810,1,7,10,19.558262441507686
644822,1,7,9,24.093412047067794
644825,1,7,4,0.3586790108976326
644832,1,7,6,20.169883994399477
644841,1,7,9,9.72556142933928
644845,1,7,8,6.0802044438724465
644873,1,7,9,20.38772683578645
644874,1,7,4,0.3586790108976326
644875,1,7,9,15.085989036795054
644882,1,7,9,14.38577202001685
644889,1,7,2,7.739016411669766
644890,0,7,0,0.014946880767124244
644891,1,7,4,0.3586790108976326
644898,1,7,9,12.420645053536722
644917,0,7,0,0.01825238883369253
644921,1,7,6,13.695335363431617
644931,1,7,3,1.194226445055971
644933,1,7,6,23.118523732663675
644936,1,7,6,10.505929238312236
644953,1,7,4,0.3586790108976326
644979,1,7,2,10.959374556012717
644984,1,7,9,16.597256150659828
644995,1,7,8,18.88638480481379
644999,1,7,8,11.392590994800033
645001,1,7,6,14.742089905795458
645022,1,7,5,0.3586789934097332
645037,1,7,10,14.480909466370218
645047,1,7,6,23.976616319078754
645052,1,7,8,11.220621220641275
645059,1,7,3,1.538471116519623
645063,1,7,6,8.61495356231602
645066,1,7,2,0.9551312679999989
645067,1,7,8,9.08473760855917
645068,1,7,7,4.0758812132029085
645095,1,7,7,2.196956691395597
645103,1,7,9,15.591932131202793
645105,1,7,3,2.134003262144983
645111,1,7,2,1.939824266327627
645120,1,7,9,13.6701783661395
645127,1,7,2,3.3095478509756395
645141,1,7,6,8.505941590555905
645143,1,7,6,23.40298418789078
645172,0,7,0,0.021842431827146704
645175,1,7,1,4.640118654011298
645176,1,7,5,0.3586789934097332
645179,1,7,5,0.3586789934097332
645185,0,7,0,0.012517402263232589
645186,1,7,7,2.812924616532524
645189,1,7,4,0.3586790108976326
645198,1,7,8,28.232012213007373
645199,1,7,9,16.897340011959674
645221,1,7,9,7.81895311736398
645225,1,7,2,10.21428730853796
645226,1,7,5,0.3586789949470627
645261,1,7,10,10.834237245250229
645284,1,7,5,0.3586789934097332
645312,1,7,6,19.420007683835014
645327,1,7,9,16.015516338512626
645333,1,7,4,0.3586790108976326
645336,1,7,9,13.863022994212065
645356,1,7,9,9.54015158976068
645367,1,7,5,0.3586789934097332
645388,1,7,5,0.3586789934097332
645396,1,7,4,0.3586790108976326
645423,1,7,6,11.061308004816846
645425,0,7,0,0.030106975300926608
645426,1,7,4,0.3586790108976326
645427,1,7,1,15.327946662460604
645462,1,7,8,16.035893981768528
645467,1,7,5,0.3586789934097332
645478,1,7,1,16.352189504880453
645481,1,7,8,27.82482755186289
645485,1,7,8,11.515490965310423
645489,1,7,7,3.458033747494257
645490,1,7,9,25.131925284323277
645524,1,7,6,20.693030923312268
645530,1,7,8,25.02269735029214
645542,1,7,8,24.92639573913579
645548,1,7,4,0.3586790108976326
645562,1,7,4,0.3586790108976326
645563,1,7,8,13.45174836536797
645565,1,7,10,6.895371917830642
645567,1,7,4,0.3586790108976326
645577,1,7,6,10.104145351222959
645582,1,7,1,12.63282048177215
645591,1,7,5,0.3586789949470627
645604,1,7,5,0.3586789934097332
645614,1,7,4,0.3586790108976326
645620,1,7,2,11.627973444194525
645636,1,7,9,25.620128607691086
645638,1,7,7,1.7905867275983682
645643,1,7,5,0.3586789934097332
645650,1,7,9,20.79448040347002
645654,1,7,5,0.3586789934097332
645656,1,7,8,25.14309192324314
645673,1,7,8,15.922273324962624
645681,1,7,9,14.479145078428981
645693,1,7,8,15.707471679804792
645697,1,7,9,7.524595957249577
645699,1,7,9,23.37482672738457
645712,1,7,4,0.3586790108976326
645714,1,7,7,4.599977465204529
645741,1,7,8,25.75601347496237
645749,1,7,6,14.602250738841152
645758,1,7,9,26.36110326791398
645770,1,7,2,5.4311381680065836
645771,1,7,8,8.559089549842634
645783,1,7,9,18.698366672651524
645785,1,7,10,7.058123276271418
645789,1,7,10,11.46502213999334
645845,1,7,10,19.573261591634655
645851,1,7,10,19.71175134143747
645857,1,7,4,0.3586790108976326
645865,1,7,10,15.57663432546062
645868,1,7,3,2.397896776140409
645891,1,7,8,24.163495020825074
645924,1,7,8,9.82796886429655
645929,1,7,5,0.3586789949470627
645955,1,7,10,4.1815413381837345
645962,1,7,4,0.3586790108976326
645966,1,7,10,18.6375588424141
645969,1,7,9,23.460802550991403
645991,1,7,8,21.35615924069935
645995,1,7,5,0.3586789934097332
646011,1,7,10,14.210550004948614
646016,1,7,9,24.094329755546774
646034,1,7,3,1.867484021366671
646048,1,7,2,6.051175966842988
646058,1,7,8,23.874425527242554
646063,1,7,10,3.7590861904225314
646065,1,7,6,17.063303310208813
646070,1,7,4,0.3586790108976326
646091,1,7,9,17.605381459980645
646105,1,7,6,13.978029404972538
646113,1,7,5,0.3586789934097332
646117,1,7,9,20.513954147786688
646119,1,7,8,2.07405470981804
646155,1,7,7,1.8267641560110366
646165,1,7,5,0.3586789934097332
646166,1,7,4,0.3586790108976326
646175,1,7,7,4.348881234521182
646176,1,7,8,11.493419054877824
646179,1,7,6,21.501413793105314
646250,1,7,7,4.4808243143834545
646264,1,7,1,17.99781872875224
646265,1,7,9,6.02899180982395
646270,1,7,6,3.8733557977312314
646289,1,7,6,14.978098052275113
646293,1,7,5,0.3586789949470627
646307,1,7,5,0.3586789949470627
646319,1,7,9,14.119265510537495
646321,1,7,3,2.0404123414260846
646326,1,7,1,18.836608848324122
646357,1,7,6,23.38212504374291
646363,1,7,9,14.276369780830121
646383,1,7,9,15.189904704432506
646395,1,7,8,12.445387664566724
646403,1,7,6,17.82682016540823
646411,1,7,3,2.3488161409416812
646423,1,7,5,0.3586789934097332
646426,1,7,4,0.3586790108976326
646433,1,7,4,0.3586790108976326
646459,1,7,6,23.765019428099528
646460,1,7,5,0.3586789934097332
646461,1,7,3,0.8697312050728176
646463,1,7,4,0.3586790108976326
646466,1,7,5,0.3586789934097332
646475,1,7,5,0.3586789934097332
646479,1,7,2,9.470364313855988
646486,1,7,9,25.306959423154762
646489,1,7,4,0.3586790108976326
646498,1,7,5,0.3586789934097332
646509,1,7,1,13.358938532598088
646510,1,7,10,6.463378229471114
646514,1,7,9,13.051860866816964
646527,1,7,5,0.3586789934097332
646536,1,7,5,0.3586789934097332
646546,1,7,2,9.175934379785929
646549,1,7,10,10.982560201394435
646552,1,7,6,19.81982241705026
646555,1,7,5,0.3586789949470627
646558,1,7,3,2.421363993904161
646563,1,7,5,0.3586789934097332
646567,1,7,1,17.987172451327336
646572,1,7,10,5.182465088987096
646597,1,7,5,0.3586789934097332
646598,1,7,10,10.176523965749103
646604,1,7,5,0.3586789934097332
646609,1,7,4,0.3586790108976326
646621,1,7,6,18.505536367270047
646639,1,7,4,0.3586790108976326
646657,1,7,7,2.9891422732525244
646660,1,7,7,2.737781181947843
646662,1,7,5,0.3586789934097332
646666,1,7,3,1.9239421856955123
646667,0,7,0,0.2283305693209979
646668,1,7,10,19.688815762504642
646683,1,7,5,0.3586789934097332
646698,1,7,9,12.735660327736884
646722,1,7,6,12.54842006421717
646724,1,7,9,10.450217022612154
646730,1,7,2,4.38325511172818
646735,1,7,9,23.74434077419187
646737,1,7,8,15.908776214924664
646745,1,7,9,16.214128817575872
646760,1,7,8,21.407189298393753
646767,0,7,0,0.0171315746704757
646768,1,7,9,15.144103171100515
646775,1,7,8,24.586521771060493
646779,1,7,9,26.218061142315136
646785,1,7,9,25.934653062966003
646794,1,7,1,4.79271222931379
646817,1,7,5,0.3586789949470627
646835,1,7,8,12.774633002017481
646842,1,7,1,14.460216230126084
646857,1,7,7,2.2000606841637262
646858,1,7,4,0.3586790108976326
646861,1,7,9,25.785983985996122
646874,1,7,1,14.397623470963754
646890,1,7,4,0.3586790108976326
646891,1,7,5,0.3586789934097332
646900,1,7,10,18.32400530701807
646922,1,7,8,14.581215294637637
646928,1,7,9,11.720111914062183
646952,1,7,5,0.3586789934097332
646955,0,7,0,0.024924275009609417
646956,1,7,6,13.241560162235425
646957,1,7,6,20.235925408674543
646960,1,7,6,8.858274717689785
646970,1,7,4,0.3586790108976326
646977,1,7,10,20.116993747534888
646992,1,7,8,13.38204868936668
646996,1,7,1,16.918343624973442
647010,1,7,1,21.04469601251458
647015,1,7,9,17.93801907926877
647037,1,7,6,9.177404290439021
647050,1,7,9,14.268571576569093
647061,1,7,8,9.758780007739416
647072,1,7,6,14.774513725207386
647086,1,7,4,0.3586790108976326
647102,1,7,6,23.873040351368658
647108,1,7,8,23.693721850706098
647115,1,7,9,16.568778217299457
647118,1,7,9,18.041794940545827
647122,1,7,9,17.174371999191766
647128,1,7,5,0.3586789949470627
647133,1,7,6,14.582151260176026
647135,1,7,8,14.21474106656579
647159,1,7,1,4.858691814290641
647195,1,7,1,9.278531305674267
647205,1,7,6,5.557303680338959
647216,1,7,10,9.279573175053214
647233,1,7,9,24.06642887792561
647236,1,7,4,0.3586790108976326
647240,1,7,10,16.941614325968292
647243,1,7,5,0.3586789934097332
647253,1,7,1,15.13218461622668
647267,1,7,8,11.067594765775866
647280,1,7,8,18.461352306913664
647283,1,7,8,26.883830940213237
647287,1,7,5,0.3586789934097332
647303,1,7,8,22.072280888915106
647304,1,7,9,14.417911981184108
647315,1,7,8,14.994928912695807
647328,1,7,9,16.06117038960792
647335,1,7,1,7.277576398211476
647338,1,7,1,17.923184230249007
647341,0,7,0,0.042604234955709606
647344,1,7,6,7.840498559441273
647360,1,7,6,14.498661261727756
647369,1,7,9,16.634571084553503
647381,1,7,9,26.320311796354368
647382,1,7,3,1.208344174390465
647384,1,7,8,6.391196213138545
647385,1,7,2,8.508685088197796
647396,1,7,5,0.3586789934097332
647419,1,7,6,10.493178102968985
647432,1,7,10,9.706486119707067
647443,1,7,10,13.749407937499347
647447,1,7,8,3.8113550613966467
647484,1,7,8,20.332340812782565
647500,1,7,5,0.3586789934097332
647545,1,7,2,11.038348175489931
647547,1,7,9,26.2786218781742
647583,1,7,9,15.136738823128377
647589,1,7,8,9.614792109978913
647594,1,7,8,25.2244134883171
647617,1,7,4,0.3586790108976326
647622,1,7,9,15.364179559702553
647628,1,7,4,0.3586790108976326
647639,1,7,9,6.461662954787613
647640,1,7,8,22.412073834689313
647650,1,7,9,5.839079123335685
647681,1,7,5,0.3586789934097332
647683,1,7,5,0.3586789934097332
647698,1,7,8,16.3675246962702
647701,1,7,4,0.3586790108976326
647739,1,7,5,0.3586789934097332
647747,1,7,8,7.592125230461431
647748,1,7,9,25.80143915172186
647755,1,7,5,0.3586789934097332
647764,1,7,8,10.588430121984072
647765,1,7,7,2.2871311189857995
647787,1,7,3,2.3636400930900074
647788,1,7,9,11.451382400606112
647793,1,7,5,0.3586789934097332
647795,1,7,9,16.593004849046356
647796,1,7,1,20.711467211806152
647804,1,7,5,0.3586789949470627
647807,1,7,9,25.2893819598618
647834,1,7,1,10.401331263115491
647837,1,7,1,13.319445342231699
647855,1,7,8,19.815273245355463
647876,1,7,6,22.189923254334214
647883,1,7,1,16.011883874646472
647887,1,7,8,14.954104403075466
647914,1,7,1,12.3307579300494
647922,1,7,6,18.315607342678767
647925,1,7,9,22.79646852176843
647926,1,7,4,0.3586790108976326
647967,1,7,9,6.383887657756225
647971,1,7,4,0.3586790108976326
647986,1,7,9,15.024647448087533
648000,1,7,5,0.3586789934097332
648010,1,7,3,2.241387954672758
648022,1,7,7,1.5143489602748492
648039,1,7,9,16.468365608649886
648047,1,7,1,12.06939131828778
648050,1,7,1,22.445633745083317
648066,0,7,0,0.016900324003951823
648068,1,7,5,0.3586789934097332
648074,0,7,0,0.011811148960641622
648083,1,7,6,16.583370814873142
648088,1,7,9,8.572071792847023
648112,1,7,10,9.084315420373438
648122,1,7,8,25.56666840220038
648143,1,7,2,13.15064272316951
648176,1,7,5,0.3586789934097332
648182,1,7,9,7.228764035412788
648213,1,7,5,0.3586789934097332
648216,1,7,10,12.543338197404216
648229,1,7,6,13.301642795114986
648235,1,7,8,11.953223285446546
648244,1,7,1,13.373161121966904
648265,1,7,2,10.236541655745404
648283,1,7,7,1.3175967220138465
648292,1,7,9,14.789442080912835
648296,1,7,8,20.79194348277225
648299,1,7,8,11.226037192478698
648346,1,7,2,10.963724949527451
648355,1,7,6,21.447947074315078
648359,1,7,6,23.964397610015858
648362,1,7,5,0.3586789934097332
648370,0,7,0,0.018548287693999875
648399,1,7,5,0.3586789934097332
648401,1,7,5,0.3586789934097332
648402,1,7,7,2.844817688634601
648405,1,7,8,20.78144076864267
648430,1,7,4,0.3586790108976326
648438,1,7,9,25.461564427224307
648452,1,7,5,0.3586789934097332
648454,1,7,9,15.847232099232384
648466,1,7,5,0.3586789934097332
648474,0,7,0,0.023282662771183807
648490,1,7,6,23.116553704006666
648491,1,7,3,1.6914094959881962
648539,1,7,4,0.3586790108976326
648547,1,7,6,19.90675445451313
648562,1,7,9,15.28977583480061
648569,1,7,4,0.3586790108976326
648578,1,7,9,11.815970731261089
648579,1,7,4,0.3586790108976326
648589,1,7,4,0.358679009087165
648599,1,7,7,0.6361427770590693
648655,1,7,6,9.999727799622288
648667,1,7,6,22.880882249870844
648680,1,7,9,12.335570780142893
648683,1,7,2,2.996293037084966
648685,1,7,2,7.712419475895226
648689,1,7,8,13.50070506968681
648696,1,7,1,19.596609669013702
648704,1,7,4,0.3586790108976326
648727,1,7,5,0.3586789934097332
648742,0,7,0,0.028992521115408756
648748,1,7,9,19.41281458145756
648754,1,7,5,0.3586789934097332
648756,1,7,9,14.92046675348176
648774,1,7,10,15.857770231816694
648781,1,7,6,6.998419899142631
648788,1,7,8,6.90999441019954
648838,1,7,4,0.3586790108976326
648846,1,7,10,14.70417620680761
648847,0,7,0,0.012278524928031059
648853,1,7,4,0.3586790108976326
648859,1,7,5,0.3586789934097332
648872,1,7,10,5.078695353422959
648876,1,7,9,4.759163519938337
648877,1,7,5,0.3586789934097332
648881,1,7,6,14.4643858461698
648917,1,7,5,0.3586789934097332
648932,1,7,5,0.3586789934097332
648941,1,7,5,0.3586789934097332
648947,1,7,10,9.395995995963116
648959,1,7,4,0.3586790108976326
648962,1,7,1,22.755827404772333
648964,1,7,3,2.4241490185457586
648987,1,7,9,12.808817752060321
648988,1,7,7,1.2738587649807727
648990,1,7,1,13.106540797054985
649001,1,7,10,19.959253388788515
649005,1,7,8,19.114916584033853
649034,1,7,7,1.5766233744413984
649053,1,7,4,0.3586790108976326
649060,1,7,8,28.267517151060105
649061,1,7,2,5.791335377737898
649065,1,7,7,2.495687604016421
649090,1,7,5,0.3586789934097332
649098,1,7,3,2.3551088168407817
649129,1,7,10,7.111170726962353
649143,1,7,2,3.9326756865690036
649150,1,7,10,12.38756191029307
649152,1,7,8,12.696831970049756
649157,1,7,10,20.007933060108936
649174,1,7,7,4.287991048183198
649185,1,7,5,0.3586789934097332
649201,1,7,8,20.515905745275735
649205,1,7,3,2.160693756749511
649209,1,7,4,0.3586790108976326
649231,1,7,8,17.2444249936039
649233,1,7,4,0.3586790108976326
649242,1,7,2,11.241536829412937
649254,1,7,6,11.058346484709276
649256,1,7,8,28.067603033026664
649259,1,7,10,4.333329521981937
649261,1,7,6,21.888514302956764
649269,1,7,9,26.369276498367306
649276,1,7,1,22.134621296382782
649279,1,7,10,3.271254727164655
649281,0,7,0,0.012909025971154177
649282,1,7,9,8.529540123310456
649283,1,7,5,0.3586789934097332
649286,1,7,8,14.624407540162371
649288,1,7,6,12.314771815364228
649292,1,7,8,16.36781396914788
649313,1,7,8,8.466133066126408
649325,1,7,10,15.27795934233902
649328,1,7,5,0.3586789934097332
649334,1,7,5,0.3586789934097332
649349,1,7,4,0.3586790108976326
649353,1,7,6,21.809778386245927
649357,1,7,8,24.40292155001778
649358,1,7,8,15.643567710229005
649370,1,7,4,0.3586790108976326
649399,1,7,8,14.123000413957506
649417,1,7,10,21.2179122945997
649426,1,7,10,11.955099573312056
649434,1,7,10,8.127187615886722
649439,1,7,6,13.28327448536725
649446,1,7,1,13.240112336626755
649471,1,7,10,7.705747849155864
649482,1,7,2,11.336871164201398
649486,1,7,8,3.90049354763419
649497,1,7,10,17.290071577438233
649519,1,7,9,6.230651676786973
649523,1,7,10,10.83117681124891
649524,0,7,0,0.048147292594162484
649525,1,7,6,21.296929901548936
649529,1,7,6,14.371898530668691
649534,1,7,10,16.415507638704593
649559,1,7,8,12.860133306640973
649564,1,7,5,0.3586789934097332
649571,1,7,7,2.8249589967146522
649572,0,7,0,0.023000013403372495
649578,1,7,9,25.91891181944841
649586,1,7,8,8.539889563465065
649596,0,7,0,0.14405216868030493
649598,1,7,9,12.994524628444339
649599,1,7,5,0.3586789934097332
649600,1,7,4,0.3586790108976326
649615,1,7,9,8.636663279876693
649620,1,7,4,0.3586790108976326
649622,1,7,7,4.386133263652172
649624,1,7,3,1.5053510290994359
649636,0,7,0,0.012749977694824511
649637,1,7,6,14.63573063769042
649638,1,7,6,10.868862031775716
649641,1,7,2,4.732843264891235
649649,1,7,8,10.373603827676355
649651,1,7,9,22.601933213541777
649667,1,7,3,2.007013885568633
649672,1,7,4,0.3586790108976326
649675,1,7,6,15.12437638137432
649680,1,7,6,10.941327931191971
649697,1,7,8,15.53116261465543
649702,1,7,3,2.352864045893255
649704,1,7,6,15.654235286736784
649706,1,7,10,8.875734277767222
649727,1,7,10,20.963207775985826
649765,1,7,5,0.3586789934097332
649767,0,7,0,0.027881803466561616
649768,1,7,9,16.083264227209423
649776,1,7,8,20.87167003612059
649778,1,7,8,14.973705768100006
649783,1,7,7,4.521111446748877
649788,1,7,8,15.762103078461035
649789,1,7,4,0.3586790108976326
649798,1,7,6,10.739609017567673
649820,1,7,10,5.297303275123677
649844,1,7,5,0.3586789934097332
649847,1,7,8,14.59084936100319
649849,1,7,8,21.30190179458559
649851,1,7,10,15.289086833023935
649858,1,7,1,18.74443451852332
649860,1,7,9,24.09096451953604
649877,1,7,9,18.622807641094013
649887,1,7,3,2.09691657635878
649891,1,7,10,11.28623300498955
649903,1,7,9,17.11098118231701
649905,1,7,4,0.3586790108976326
649926,1,7,2,11.16908876957676
649956,1,7,8,11.2217529192786
649980,1,7,9,8.565630739750096
649983,1,7,8,22.960229928475044
650027,1,7,9,5.244098358015046
650030,1,7,6,18.126889608733478
650040,1,7,2,10.4840397419902
650046,1,7,4,0.3586790108976326
650077,1,7,3,2.000743299611221
650079,1,7,4,0.3586790108976326
650090,1,7,6,17.50553589290254
650105,1,7,10,8.579995739787364
650111,1,7,10,9.93329810932179
650117,1,7,7,3.8323110061296015
650118,0,7,0,0.015140728840133786
650122,1,7,3,1.367629812743315
650130,1,7,6,23.408301891775736
650132,1,7,2,5.897030216262464
650147,0,7,0,0.015704425183247963
650150,1,7,8,14.969987772083856
650167,1,7,1,23.268586340168024
650178,1,7,1,11.51164294421454
650183,1,7,7,4.1676940116524746
650185,1,7,8,26.56792238899265
650186,1,7,7,0.978032784189151
650193,1,7,9,8.36224093182907
650207,1,7,6,23.75656546355666
650223,1,7,5,0.3586789934097332
650225,1,7,5,0.3586789934097332
650234,1,7,7,0.6481633921952531
650236,1,7,8,12.816425798051716
650247,1,7,9,5.630615648686118
650255,1,7,9,23.842447454522915
650277,1,7,8,25.368857603356
650290,1,7,5,0.3586789934097332
650293,1,7,8,16.630034784712155
650296,1,7,7,3.681953326792293
650306,1,7,6,7.565547955359264
650309,1,7,3,2.1804663773613684
650310,1,7,6,5.066610262509241
650314,1,7,1,6.31221282278447
650315,1,7,4,0.3586790108976326
650322,1,7,3,1.8822595948942542
650328,1,7,4,0.3586790108976326
650332,1,7,10,14.883307338728788
650370,1,7,6,22.572119457326117
650377,1,7,9,9.945052642878625
650379,1,7,6,15.839755510126508
650382,1,7,10,5.643001565524228
650391,1,7,9,15.524671728785835
650394,0,7,0,0.020327069259225346
650403,1,7,6,15.180922723149411
650424,1,7,9,7.9788765715481516
650438,1,7,8,25.746334559890254
650442,1,7,2,5.685932142679918
650444,1,7,10,8.433132015236877
650456,1,7,1,8.223656375726367
650460,1,7,8,14.034101180306461
650474,1,7,6,22.367310025500483
650479,1,7,7,1.5406970704663616
650491,1,7,7,3.7928542976911066
650527,1,7,3,2.001808315298197
650530,1,7,9,22.81055858788404
650547,1,7,9,7.001610566770078
650552,1,7,6,12.065017493574617
650566,1,7,6,20.87413557631616
650574,1,7,5,0.3586789934097332
650579,1,7,8,25.141854151919652
650601,1,7,5,0.3586789934097332
650605,1,7,7,1.982001429921101
650627,1,7,4,0.3586790108976326
650628,1,7,10,10.021349205585185
650650,1,7,6,13.653677083547214
650669,1,7,6,9.836111201437674
650692,1,7,8,12.282090611459818
650712,1,7,5,0.3586789934097332
650724,0,7,0,0.012757076756253325
650733,1,7,1,23.076035951398733
650739,1,7,1,16.949402892073024
650749,1,7,1,15.518466908824397
650751,1,7,6,17.232980266573414
650760,1,7,9,19.41110470504177
650762,1,7,8,3.9872017355940996
650764,1,7,8,12.69649289448167
650767,1,7,6,8.864790339032966
650768,1,7,6,17.311716979187715
650775,1,7,6,7.564608671169818
650778,1,7,1,20.690288164278527
650796,1,7,7,2.7818459568585556
650797,1,7,1,6.5111622501365725
650803,1,7,7,4.534678696243156
650806,1,7,7,0.6479313785103794
650809,1,7,9,14.156825350705416
650832,1,7,10,15.829704799402625
650857,1,7,5,0.3586789934097332
650866,1,7,4,0.3586790108976326
650896,1,7,8,28.354613177875784
650900,1,7,8,20.128456885995284
650904,1,7,9,4.23368803054842
650911,1,7,2,13.793028299011297
650915,1,7,6,23.08805798512132
650927,1,7,1,17.790356315196778
650953,0,7,0,0.018405957330578343
650975,1,7,9,8.971025254308028
650984,1,7,10,16.861472253829824
650985,0,7,0,0.2505030916392458
650986,1,7,3,1.444646573757137
650992,1,7,9,18.20735388739562
650996,1,7,9,19.934607112815698
651003,1,7,6,23.675556927134938
651004,1,7,8,28.18589146588171
651009,1,7,8,13.095765649441697
651012,1,7,6,13.649737993236686
651034,1,7,5,0.3586789934097332
651037,1,7,6,10.945524674989409
651057,1,7,6,9.17768853457709
651066,1,7,4,0.3586790108976326
651081,1,7,8,24.84774298917371
651082,1,7,6,10.886037032403914
651083,0,7,0,0.19947306998598113
651096,1,7,4,0.3586790108976326
651114,1,7,8,9.175226585651862
651130,1,7,9,10.809903664228987
651142,1,7,7,3.66918543727023
651148,1,7,10,8.868506389115097
651150,1,7,7,1.9107447277822143
651156,1,7,9,25.39290607562564
651157,1,7,6,10.485270465379951
651162,1,7,9,16.734982393554528
651167,1,7,9,3.7103715032923636
651168,1,7,7,4.565768541102401
651170,1,7,5,0.3586789934097332
651172,1,7,9,25.007341096884858
651175,1,7,8,27.23866359933602
651243,1,7,6,14.824470963900561
651254,1,7,4,0.3586790108976326
651258,1,7,6,23.766667458392547
651265,1,7,8,21.592028252790346
651271,1,7,4,0.3586790108976326
651274,1,7,8,22.35221373525115
651285,1,7,3,1.4112041181167512
651296,0,7,0,0.015318138517535962
651298,1,7,4,0.358679009087165
651313,1,7,9,12.878307811773606
651317,1,7,8,16.539816181188634
651353,1,7,6,15.400446297906761
651359,1,7,1,21.694634622516855
651376,1,7,5,0.3586789934097332
651388,1,7,5,0.3586789934097332
651393,1,7,8,13.840045433308331
651402,1,7,4,0.3586790108976326
651413,1,7,8,23.651030847523813
651421,1,7,9,12.384960779722045
651440,1,7,3,2.0744796894726627
651453,1,7,2,8.311389102097667
651457,1,7,2,8.982839768736872
651462,1,7,5,0.3586789934097332
651468,1,7,7,0.46412315166817875
651471,1,7,2,6.277454334486417
651474,1,7,10,12.35652542678085
651483,1,7,5,0.3586789934097332
651539,1,7,5,0.3586789934097332
651540,1,7,8,5.172261029353963
651568,1,7,10,12.368942903078993
651571,1,7,6,11.620153353901015
651576,1,7,9,25.50605496646363
651579,1,7,5,0.3586789934097332
651617,1,7,8,5.514802448798684
651620,1,7,1,12.517388108619095
651635,1,7,1,22.789362777835827
651654,1,7,5,0.3586789934097332
651675,1,7,3,1.4040972064658241
651676,1,7,6,14.79128262894058
651698,1,7,8,10.725214398862521
651705,1,7,7,4.161449153127439
651708,1,7,5,0.3586789934097332
651723,1,7,8,16.086199433023314
651769,1,7,9,23.610539293320983
651815,1,7,4,0.3586790108976326
651830,1,7,4,0.3586790108976326
651842,0,7,0,0.027034841174220454
651844,1,7,6,5.603090118464614
651851,1,7,6,23.554386972251752
651871,1,7,5,0.3586789934097332
651875,1,7,8,7.29430100216227
651876,1,7,6,22.909130375152998
651877,1,7,9,25.658527381729627
651911,1,7,1,7.176259927678034
651914,1,7,4,0.3586790108976326
651922,1,7,4,0.3586790108976326
651924,1,7,10,17.57669310929377
651927,1,7,8,21.105642829444054
651935,1,7,7,2.466324914134591
651965,1,7,10,10.586777537750324
651973,1,7,7,3.7004674728109603
651974,1,7,5,0.3586789934097332
652001,0,7,0,0.09671748432113346
652003,1,7,4,0.3586790108976326
652006,1,7,6,16.317549377798798
652007,1,7,4,0.3586790108976326
652014,1,7,2,13.891296567539205
652027,1,7,5,0.3586789934097332
652035,1,7,9,14.674044387271723
652038,1,7,8,21.281080434435328
652078,1,7,8,21.559993029687885
652088,1,7,2,11.767128513416933
652105,1,7,10,9.703664292545026
652110,1,7,8,14.635508424136464
652111,0,7,0,0.016039014496685346
652112,1,7,6,15.642108083405414
652130,0,7,0,0.015639667204316973
652133,1,7,8,15.737335759399834
652142,1,7,4,0.3586790108976326
652143,1,7,9,11.615521917054481
652154,1,7,4,0.3586790108976326
652171,0,7,0,0.03900144757473046
652174,1,7,9,9.096361503912837
652182,1,7,10,8.744905406383497
652195,1,7,6,9.007662227624142
652198,1,7,6,5.148362776285209
652203,1,7,2,3.3095317087680898
652206,0,7,0,0.013478149203561818
652208,1,7,9,10.613027104304576
652211,1,7,3,0.6751032100758827
652214,1,7,9,17.600132642671888
652226,1,7,7,3.2402029028303745
652246,1,7,2,2.5936827717454265
652258,1,7,9,17.64900167458453
652274,1,7,4,0.3586790108976326
652276,1,7,6,20.067111582380246
652277,1,7,4,0.3586790108976326
652279,1,7,9,22.508913751647782
652292,1,7,9,18.37964547705703
652297,1,7,10,16.841225662866353
652310,1,7,8,28.49981538414718
652312,1,7,4,0.3586790108976326
652314,1,7,8,25.915473338745237
652325,1,7,10,4.846367766061905
652328,1,7,5,0.3586789949470627
652330,1,7,9,22.916855258144018
652334,1,7,10,18.862828305578102
652341,1,7,5,0.3586789934097332
652344,1,7,7,3.7123261073519953
652368,1,7,4,0.3586790108976326
652372,1,7,10,15.27830270161428
652377,1,7,5,0.3586789934097332
652387,1,7,5,0.3586789934097332
652390,1,7,8,7.13448016318217
652394,1,7,5,0.3586789934097332
652401,1,7,6,14.236511413429229
652404,1,7,9,22.28233385676646
652433,1,7,10,15.312711056630569
652436,1,7,4,0.3586790108976326
652437,1,7,9,23.93388991588946
652444,1,7,5,0.3586789934097332
652452,1,7,3,2.3988415824629796
652454,1,7,3,2.394745166621639
652467,1,7,4,0.3586790108976326
652475,1,7,5,0.3586789934097332
652500,1,7,6,11.810692876337505
652516,0,7,0,0.01674221461868581
652535,1,7,10,15.298679970029644
652567,1,7,5,0.3586789934097332
652575,1,7,10,5.45842118857599
652589,1,7,1,6.163803465992087
652600,1,7,5,0.3586789934097332
652636,1,7,5,0.3586789934097332
652639,1,7,2,2.2728076146481544
652648,1,7,8,7.7837743817478415
652651,1,7,1,13.187425626217774
652657,0,7,0,0.021012508747124473
652658,1,7,9,26.265337527426556
652666,1,7,10,21.25121522000282
652668,1,7,6,23.979613778387687
652694,1,7,9,8.394510113742774
652699,1,7,8,16.684774474225538
652710,1,7,2,7.1708311537617275
652728,1,7,10,3.65034694067271
652734,1,7,8,7.493519510379109
652747,1,7,8,21.38574101869794
652750,1,7,2,1.6945877277834505
652766,1,7,6,15.189531806905029
652774,1,7,4,0.3586790108976326
652794,0,7,0,0.1940195322256698
652806,1,7,2,1.3055346218514947
652814,1,7,9,10.822391818092948
652815,1,7,10,11.925517762990655
652820,1,7,6,19.926420919215765
652834,1,7,10,3.4533739678495365
652843,1,7,9,16.25026810411295
652846,1,7,8,5.48376446464791
652851,1,7,9,13.606489190178033
652914,1,7,5,0.3586789934097332
652918,1,7,8,13.824595095801218
652923,1,7,8,8.518612198219781
652941,1,7,9,26.364978355366436
652947,1,7,6,21.907967502683167
653005,1,7,10,16.864095017691515
653013,1,7,8,4.232606541434106
653014,1,7,6,13.221661550593224
653033,1,7,1,17.669827104724916
653034,1,7,5,0.3586789949470627
653035,1,7,8,8.227590311100222
653039,1,7,9,26.01987857155832
653047,1,7,10,21.24793998442295
653048,1,7,7,2.0710689670921987
653085,1,7,4,0.3586790108976326
653124,1,7,8,3.6186497152553034
653141,1,7,4,0.3586790108976326
653156,1,7,9,16.324592095489223
653174,1,7,1,21.181209189788955
653178,1,7,8,17.984639509242715
653199,1,7,6,18.99760684776904
653206,1,7,9,26.241750697402033
653228,1,7,1,16.149471715490247
653236,1,7,2,14.076245938571216
653239,1,7,6,23.396779382327306
653255,1,7,4,0.3586790108976326
653261,1,7,8,12.884408731290712
653275,1,7,9,22.90265634504817
653276,1,7,1,12.982914499635505
653286,1,7,8,24.016543436072862
653287,1,7,6,16.52958619680185
653305,1,7,5,0.3586789934097332
653308,1,7,6,23.13889494368015
653312,1,7,9,17.61256494121263
653313,1,7,4,0.3586790108976326
653323,1,7,9,23.998901445315234
653335,1,7,9,25.261436573501182
653340,1,7,4,0.3586790108976326
653365,0,7,0,0.03914656718442509
653378,1,7,10,10.559415343311587
653389,1,7,1,18.858770600529482
653407,1,7,5,0.3586789949470627
653456,1,7,8,5.7408886375456545
653458,1,7,8,6.058936285812041
653462,1,7,9,20.991888588649303
653464,1,7,3,2.3737244789336187
653473,1,7,9,17.10227085505135
653488,1,7,10,16.63537066039485
653490,1,7,6,9.041316991893945
653491,1,7,9,9.09355491172569
653499,1,7,9,15.841238636417485
653522,1,7,8,26.652161819768796
653550,1,7,6,9.175338990911
653558,1,7,6,23.626882589725202
653567,1,7,8,23.01013093776699
653578,1,7,5,0.3586789934097332
653596,1,7,3,2.301246879980649
653608,1,7,6,11.159483231701216
653610,1,7,5,0.3586789934097332
653611,1,7,1,4.806020954915117
653612,1,7,4,0.3586790108976326
653656,1,7,9,6.999058790623238
653672,1,7,6,17.23043958803764
653681,1,7,4,0.3586790108976326
653717,1,7,5,0.3586789934097332
653725,1,7,4,0.3586790108976326
653733,1,7,7,2.5226045900090934
653735,1,7,1,13.633147107944577
653739,1,7,6,6.265384348310612
653744,1,7,10,7.9008978002786385
653759,1,7,9,13.230578440906985
653761,1,7,9,24.106473546399158
653764,1,7,5,0.3586789934097332
653782,1,7,9,23.010402483693955
653785,1,7,9,16.752870855178617
653791,1,7,8,20.098328917044174
653807,1,7,9,15.23618424065988
653815,1,7,4,0.3586790108976326
653827,1,7,8,28.435437941810463
653840,1,7,4,0.3586790108976326
653852,1,7,6,14.368878672930244
653859,1,7,6,6.601128484225353
653861,1,7,3,0.8572431367181286
653864,1,7,6,9.14038765112587
653868,0,7,0,0.03102047644630972
653912,1,7,8,13.856071686620265
653917,1,7,9,16.677854534341275
653918,1,7,4,0.3586790108976326
653930,1,7,7,4.161195603926808
653933,1,7,4,0.3586790108976326
653950,0,7,0,0.01175299831601194
653955,1,7,7,1.0263503340267421
653991,1,7,10,12.359788540531005
654008,1,7,1,7.452037302243978
654009,1,7,6,22.9733537546042
654029,1,7,9,12.15214904873342
654036,1,7,9,15.734482148306311
654043,1,7,8,18.412710093768645
654052,1,7,5,0.3586789934097332
654059,1,7,1,21.110439605781597
654069,1,7,4,0.3586790108976326
654111,1,7,7,4.50549788639956
654128,1,7,9,5.484722065572724
654154,1,7,5,0.3586789934097332
654166,1,7,9,26.251611065744445
654173,1,7,6,23.15512163400748
654211,1,7,9,9.260047943897954
654218,1,7,7,1.4033932285166733
654219,1,7,6,5.364012572286989
654237,1,7,8,16.03446039183082
654241,1,7,8,16.55363728870533
654242,1,7,5,0.3586789934097332
654246,1,7,9,22.813437086452357
654247,1,7,4,0.3586790108976326
654250,1,7,4,0.3586790108976326
654253,1,7,4,0.3586790108976326
654267,1,7,3,0.9179654801961197
654268,1,7,10,11.824460327076652
654279,1,7,7,4.440002338440136
654302,1,7,5,0.3586789934097332
654304,1,7,8,3.4933287236838972
654309,0,7,0,0.030398290449346176
654330,1,7,1,10.3247651106373
654336,1,7,9,5.622667828084323
654346,1,7,4,0.3586790108976326
654353,1,7,9,3.8732820686889107
654363,1,7,4,0.3586790108976326
654365,1,7,8,9.727203615510644
654389,1,7,8,28.470090443977337
654395,1,7,4,0.3586790108976326
654407,1,7,5,0.3586789934097332
654436,1,7,1,9.177057165830398
654464,1,7,4,0.3586790108976326
654472,1,7,6,9.201838683035282
654477,1,7,9,22.292333912893294
654522,1,7,3,2.1950671261752652
654524,1,7,5,0.3586789934097332
654542,1,7,8,9.120343217030873
654544,1,7,9,25.016333037164216
654550,1,7,4,0.3586790108976326
654573,1,7,6,14.784594010651524
654578,1,7,10,10.595915223205555
654581,1,7,1,3.9711270227589903
654594,1,7,6,6.49117453681095
654598,0,7,0,0.041168341674498225
654602,1,7,6,15.675126652000845
654652,1,7,5,0.3586789934097332
654653,1,7,9,9.20463785505281
654657,1,7,9,22.80560675770319
654660,1,7,9,14.244997844810015
654678,0,7,0,0.028065510754314283
654683,1,7,7,2.292732812865333
654684,1,7,7,2.508608148700222
654727,1,7,9,17.09731802949179
654732,1,7,9,14.499483256981566
654738,1,7,8,3.3785352854435624
654750,1,7,10,7.661942669465196
654758,1,7,5,0.3586789934097332
654760,1,7,8,27.771315397214316
654762,1,7,6,12.716165078347178
654765,1,7,9,9.816920509188531
654777,1,7,4,0.3586790108976326
654802,1,7,9,3.8430184535403193
654819,1,7,5,0.3586789934097332
654833,1,7,9,19.270956083888848
654844,1,7,9,14.200995707447708
654850,0,7,0,0.06662081511513343
654854,1,7,4,0.3586790108976326
654857,1,7,4,0.3586790108976326
654861,1,7,10,14.035284920267049
654863,1,7,6,13.501173174045668
654899,1,7,10,16.578710498179706
654912,1,7,4,0.3586790108976326
654917,1,7,8,23.091303004628088
654932,1,7,8,26.090997399687716
654934,1,7,8,7.800602744557385
654935,0,7,0,0.024458577266895497
654947,1,7,7,0.3701700980442864
654957,1,7,6,16.549841951766197
654961,1,7,9,15.119466042372077
654987,1,7,4,0.3586790108976326
654994,1,7,1,8.976162900957567
654996,1,7,5,0.3586789934097332
655010,1,7,1,17.823918516019557
655016,1,7,3,0.8146227848907043
655020,1,7,4,0.3586790108976326
655031,1,7,9,16.325775447945734
655033,1,7,9,19.31351646677336
655041,1,7,10,19.69588673727203
655074,1,7,4,0.3586790108976326
655075,0,7,0,0.030772533796501866
655102,1,7,3,2.427452425601834
655106,1,7,4,0.3586790108976326
655109,1,7,4,0.3586790108976326
655110,1,7,9,7.540134386937867
655159,1,7,1,14.439271190881836
655173,1,7,9,6.635095580924948
655186,1,7,10,6.901737281021726
655190,1,7,4,0.3586790108976326
655193,1,7,4,0.3586790108976326
655200,1,7,9,17.882204948047185
655215,1,7,9,15.983004397921043
655219,1,7,6,23.812520001878173
655234,1,7,5,0.3586789934097332
655236,1,7,1,9.995223084642914
655238,1,7,5,0.3586789934097332
655245,1,7,9,5.894738775915948
655246,1,7,8,14.21104380377035
655249,1,7,6,6.098898643659146
655263,1,7,3,1.9959786015657135
655267,1,7,8,26.425970273189794
655279,1,7,9,17.47351384478974
655284,1,7,2,5.2986883362450214
655287,1,7,1,21.883457083957325
655289,1,7,9,10.723441584225984
655310,1,7,4,0.3586790108976326
655311,1,7,8,11.153455914369479
655332,1,7,1,18.585627428376515
655340,1,7,1,20.909068855176734
655345,1,7,3,2.2520532135178715
655347,1,7,6,13.283069772884023
655351,1,7,5,0.3586789934097332
655355,1,7,8,8.271277277331528
655358,1,7,6,13.13499701453341
655360,1,7,6,17.21409608316971
655361,1,7,6,5.484949137487212
655364,1,7,10,7.8550691944766
655372,1,7,1,21.153733960659654
655374,1,7,9,24.394607609135374
655376,1,7,5,0.8745821513031166
655386,1,7,8,23.202578487444832
655395,1,7,6,21.39195684775085
655402,1,7,9,23.469279879484603
655403,1,7,10,18.78946701173589
655411,1,7,5,0.3586789949470627
655434,1,7,4,0.3586790108976326
655454,1,7,8,15.647655766371264
655461,1,7,4,0.3586790108976326
655463,1,7,4,0.3586790108976326
655467,1,7,9,16.398225714480823
655478,1,7,1,18.101857606090462
655499,1,7,9,23.956278030631363
655503,1,7,5,0.3586789934097332
655514,0,7,0,0.027830209867665063
655517,1,7,6,16.963907664383562
655524,1,7,5,0.3586789934097332
655534,1,7,4,0.3586790108976326
655553,1,7,5,0.3586789934097332
655556,1,7,2,4.159840965148261
655599,1,7,2,3.949407465857728
655609,1,7,6,14.371399257704326
655610,1,7,5,0.3586789934097332
655629,1,7,8,17.288343100489545
655652,1,7,2,12.107481164676562
655657,1,7,8,7.114864489887835
655668,1,7,4,0.3586790108976326
655674,1,7,5,0.3586789934097332
655681,1,7,4,0.3586790108976326
655719,1,7,1,5.203418846380336
655721,1,7,4,0.3586790108976326
655722,1,7,5,0.3586789934097332
655739,1,7,9,6.824569760890535
655755,1,7,2,7.519610196832665
655777,1,7,4,0.3586790108976326
655789,1,7,1,7.360982792661042
655790,1,7,8,21.379695117591893
655819,1,7,9,15.397878417701316
655820,1,7,7,0.8286365102511629
655827,1,7,9,15.423961912827691
655828,1,7,8,18.974992020573108
655840,1,7,1,17.910217682800223
655844,0,7,0,0.014987454335867468
655873,1,7,7,4.294210022202208
655874,1,7,8,23.625343443438677
655876,1,7,5,0.3586789934097332
655900,1,7,9,16.34249863589402
655906,1,7,10,20.452704921606642
655948,1,7,8,7.433580042128203
655958,1,7,5,0.3586789934097332
655961,1,7,8,16.699345434460575
655969,1,7,6,23.56948291120411
655971,1,7,2,12.290104599662522
655980,1,7,9,15.356061135491855
655981,1,7,4,0.3586790108976326
655984,1,7,8,12.314450484388175
656001,1,7,9,21.017602611356224
656014,1,7,6,8.44145884434533
656022,1,7,6,18.992391930204626
656026,1,7,6,15.197477561497704
656028,1,7,9,16.67049150047403
656047,1,7,9,17.327765395834817
656053,1,7,5,0.3586789934097332
656056,1,7,1,15.366225934823307
656057,1,7,1,10.517729926474603
656068,1,7,10,6.715586613296409
656073,1,7,7,4.174763011265202
656086,1,7,8,18.003495010975477
656096,1,7,6,13.628179025632079
656104,1,7,6,5.606876681025899
656105,1,7,9,23.287466686419076
656118,1,7,1,10.331546250969764
656121,1,7,6,18.367846750197504
656141,1,7,5,0.3586789934097332
656151,1,7,5,0.3586789934097332
656186,1,7,8,16.72210019130039
656188,1,7,7,2.436176055774632
656193,1,7,9,25.329112084188452
656210,1,7,4,0.3586790108976326
656225,1,7,5,0.3586789934097332
656233,1,7,9,9.363957807962437
656243,1,7,1,22.321925774291607
656250,1,7,3,0.8578135391424229
656252,1,7,5,0.3586789934097332
656306,1,7,2,11.375129842679012
656308,1,7,8,22.320483619605685
656315,1,7,7,4.243556547313515
656319,1,7,4,0.3586790108976326
656327,1,7,9,9.773517497561704
656335,1,7,3,2.237674165503753
656355,1,7,8,15.464025558006716
656360,1,7,1,7.539653574022581
656379,1,7,8,9.942062432470285
656389,1,7,8,15.417873811419216
656402,1,7,9,12.70390495755572
656406,1,7,4,0.3586790108976326
656411,1,7,10,11.990857379343383
656419,1,7,10,12.427715763028882
656429,1,7,10,18.283367626755744
656482,1,7,5,0.3586789934097332
656495,1,7,10,10.398579581078149
656510,1,7,8,17.781815322711502
656516,1,7,3,1.843738657326663
656522,1,7,8,24.730883579622805
656536,1,7,4,0.3586790108976326
656539,1,7,2,5.060113938835721
656542,1,7,1,14.050577391873354
656551,1,7,6,11.082044673357677
656557,1,7,9,17.514481640483798
656570,1,7,8,19.605014549713292
656571,1,7,7,2.5694603627708625
656572,1,7,8,26.44769386191264
656578,1,7,2,8.833768133028478
656582,1,7,9,14.97975230824216
656588,1,7,8,19.725204903978558
656602,1,7,6,14.377717071747233
656603,1,7,6,12.89739614528317
656610,1,7,4,0.3586790108976326
656641,1,7,6,9.857819489173805
656643,1,7,5,0.3586789934097332
656649,1,7,7,3.0157251861697856
656667,1,7,1,12.08882111007835
656672,1,7,5,0.3586789934097332
656674,1,7,9,22.239307433264916
656676,1,7,5,0.3586789934097332
656680,1,7,9,16.691997359838847
656683,1,7,2,10.925873337465902
656686,1,7,9,8.090366553401976
656696,1,7,6,23.461109240151586
656699,1,7,9,24.225392122646486
656704,1,7,7,1.849306716025712
656727,1,7,9,5.397742550604029
656755,1,7,6,8.028113099690966
656758,1,7,9,24.642965221910217
656811,1,7,6,9.195413746588443
656829,1,7,9,11.428850864660392
656838,1,7,5,0.3586789934097332
656854,1,7,2,11.370490897549322
656861,1,7,3,0.821079842605368
656864,1,7,5,0.3586789934097332
656878,1,7,9,26.22598883460104
656883,1,7,9,25.96731924400967
656885,1,7,5,0.3586789934097332
656890,0,7,0,0.043438829924515886
656905,1,7,3,2.238760297433955
656925,1,7,8,4.69119779060503
656930,1,7,6,10.74762254194623
656934,1,7,8,3.5572573323445367
656946,1,7,1,19.374733457654003
656963,1,7,6,6.42969967584
656976,1,7,1,13.267267227987185
657015,1,7,5,0.3586789934097332
657047,1,7,1,19.133229198025482
657069,1,7,9,19.560836199573117
657078,1,7,3,1.9372541877625118
657093,1,7,5,0.3586789934097332
657110,1,7,10,21.211826928125014
657119,1,7,6,13.783570509182114
657125,1,7,8,2.4111218637473555
657131,1,7,7,3.8235088505223094
657149,1,7,5,0.3586789934097332
657151,1,7,7,0.9041432707490149
657154,1,7,8,11.332353748300712
657158,1,7,9,24.91187962242746
657172,1,7,8,5.7229746505702375
657196,1,7,8,9.702126143863984
657214,1,7,10,19.389778177828028
657222,1,7,5,0.3586789934097332
657229,1,7,7,3.5515492112245934
657243,1,7,5,0.3586789934097332
657251,1,7,2,11.136061974482585
657255,0,7,0,0.013112972485870962
657264,1,7,8,14.403219798946672
657291,1,7,10,14.516782242959584
657295,1,7,6,14.861987473968531
657312,1,7,9,26.43658111549229
657317,1,7,6,23.72984267660324
657321,1,7,9,16.065143777529215
657332,1,7,4,0.3586790108976326
657339,1,7,6,17.844427008579196
657347,1,7,7,2.325677480314117
657351,0,7,0,0.030053641104202965
657366,0,7,0,0.022754917528627655
657375,1,7,6,10.964429606225929
657389,1,7,6,20.624135523393367
657393,1,7,9,24.780221816614578
657430,1,7,2,2.195813729027941
657443,1,7,4,0.3586790108976326
657461,1,7,4,0.3586790108976326
657475,1,7,10,18.148890325927958
657483,1,7,10,12.36937557247228
657508,1,7,4,0.3586790108976326
657511,1,7,5,0.3586789934097332
657540,1,7,2,9.255581073648166
657553,1,7,4,0.3586790108976326
657557,1,7,5,0.3586789934097332
657568,1,7,1,3.985086631938647
657594,1,7,10,5.591966427680533
657604,1,7,8,14.440193840738377
657610,0,7,0,0.012334837936786117
657615,1,7,5,0.3586789934097332
657633,1,7,9,12.673998341356729
657647,1,7,5,0.3586789934097332
657648,1,7,6,12.836917518990617
657654,0,7,0,0.018565610111970412
657658,1,7,10,19.837107718376668
657674,1,7,5,0.3586789934097332
657677,1,7,5,0.3586789934097332
657682,1,7,10,21.228966030795377
657683,1,7,8,21.63619234652067
657690,1,7,9,10.139962807077394
657710,1,7,7,0.7795986106550155
657727,1,7,4,0.3586790108976326
657770,1,7,8,6.9665333543155405
657789,1,7,5,0.3586789934097332
657792,1,7,9,25.79142059592484
657793,1,7,5,0.3586789934097332
657805,1,7,1,12.902573341765025
657821,1,7,5,0.3586789934097332
657822,1,7,4,0.3586790108976326
657839,1,7,7,2.137210044880353
657854,1,7,6,21.739433402691898
657888,1,7,7,1.1255281183257557
657890,1,7,4,0.3586790108976326
657896,1,7,8,9.228870598358546
657912,1,7,5,0.3586789934097332
657919,1,7,5,0.3586789934097332
657922,1,7,5,0.3586789934097332
657929,1,7,3,2.2850299799111053
657932,1,7,8,7.1080457011771925
657942,1,7,10,12.91919275770644
657954,1,7,7,2.0325446108030594
657960,1,7,5,0.3586789934097332
658001,1,7,10,12.21121288761361
658030,1,7,5,0.3586789934097332
658036,1,7,8,2.184586949590915
658047,1,7,5,0.3586789934097332
658068,1,7,10,3.6815228347129825
658069,1,7,9,19.24415288398078
658075,1,7,1,6.449375022178867
658079,1,7,1,22.97150758596142
658081,1,7,4,0.3586790108976326
658086,1,7,10,18.922340635085
658107,1,7,8,5.722517697370885
658115,1,7,8,11.214495576737521
658140,1,7,4,0.3586790108976326
658148,1,7,6,6.957166246563705
658156,1,7,10,7.20034356826528
658181,1,7,1,17.932089627874582
658189,1,7,6,22.732686647999213
658193,1,7,10,3.422807060086164
658204,1,7,9,14.772744444866516
658214,1,7,8,2.368022379640044
658218,1,7,3,1.616654204704319
658219,1,7,6,8.233952832857618
658242,1,7,5,0.3586789934097332
658248,1,7,9,15.234686437486747
658249,1,7,10,11.596207009173023
658256,1,7,9,24.241691479462485
658263,0,7,0,0.025816421999920576
658309,1,7,5,0.3586789949470627
658315,1,7,9,24.237884907248507
658320,1,7,8,25.645829446563116
658326,1,7,9,6.211305109694025
658332,0,7,0,0.01755335118999314
658354,1,7,6,21.28781475547488
658356,1,7,9,14.241405951157564
658369,1,7,4,0.3586790108976326
658371,1,7,5,0.3586789934097332
658412,1,7,8,19.667675732279356
658420,1,7,4,0.3586790108976326
658430,1,7,8,24.69813834625268
658444,1,7,6,13.218117750410364
658471,1,7,9,24.37050275212555
658474,1,7,6,12.323559048019698
658486,1,7,4,0.3586790108976326
658508,1,7,6,5.030619654772978
658514,1,7,4,0.3586790108976326
658539,1,7,4,0.3586790108976326
658542,0,7,0,0.013330406074071335
658561,1,7,9,10.810474426043243
658563,1,7,9,24.447428909130217
658564,1,7,9,15.329200808814553
658565,1,7,8,25.42294487553393
658580,1,7,10,5.502451742039736
658604,1,7,2,3.040027139285156
658605,1,7,10,11.962831226001638
658607,1,7,4,0.3586790108976326
658614,1,7,6,23.605614980805555
658632,1,7,9,7.311514626640388
658635,1,7,9,16.721717038870626
658638,1,7,8,7.7583706600529085
658640,1,7,1,6.523060102537073
658656,1,7,1,5.091387562641093
658657,1,7,1,9.635742105895215
658676,1,7,5,0.3586789934097332
658686,1,7,4,0.3586790108976326
658746,1,7,9,3.130584758269096
658760,1,7,9,22.503208101777954
658766,1,7,5,0.3586789934097332
658774,1,7,9,13.212687136216175
658784,1,7,4,0.3586790108976326
658802,1,7,9,14.17286666725926
658832,1,7,4,0.3586790108976326
658849,1,7,6,21.81257232080874
658856,1,7,5,0.3586789934097332
658860,1,7,4,0.3586790108976326
658864,1,7,4,0.3586790108976326
658879,1,7,4,0.3586790108976326
658888,1,7,4,0.3586790108976326
658891,1,7,3,2.3274201811098094
658896,1,7,2,9.655262037795632
658897,1,7,9,11.575888578193387
658903,1,7,9,11.35027951731132
658924,1,7,8,13.67636211995239
658932,1,7,1,15.147400557462973
658934,1,7,1,19.85027137424286
658944,1,7,9,12.941956741424416
658946,1,7,7,2.7374156542697916
658947,1,7,2,7.683092281784294
658956,1,7,8,21.713134563152074
658967,1,7,9,9.08342641204861
658969,1,7,8,14.947931120753816
658976,1,7,4,0.3586790108976326
658977,1,7,10,14.786344291369469
658988,1,7,8,24.04009776761538
659001,1,7,5,0.3586789934097332
659012,1,7,6,22.191462619220534
659022,1,7,4,0.3586790108976326
659047,1,7,1,13.050361291971294
659049,1,7,4,0.3586790108976326
659057,0,7,0,0.029319274876135844
659068,1,7,6,22.25858426324091
659081,1,7,10,19.996560564158603
659092,1,7,4,0.3586790108976326
659094,1,7,9,26.397796646240288
659109,1,7,9,20.948603736717548
659120,1,7,8,23.64145786472468
659122,0,7,0,0.02564750899465516
659123,1,7,9,25.53743521901471
659126,1,7,9,20.42363166637057
659129,1,7,6,13.804826491274557
659137,1,7,1,21.185380217042482
659144,1,7,6,15.16104894089037
659146,1,7,5,0.3586789934097332
659159,1,7,7,1.4152357683694117
659160,1,7,8,18.814895600302613
659164,1,7,1,9.865334526838497
659171,1,7,6,9.800085166117036
659172,1,7,8,6.460167500278884
659181,1,7,9,25.240021606582257
659194,1,7,10,19.13707109688489
659199,1,7,6,18.18123218905976
659214,1,7,5,0.3586789934097332
659234,1,7,6,13.55238729448402
659243,1,7,6,4.504849291927723
659247,1,7,2,6.563789587934685
659278,1,7,1,18.091804390577742
659283,1,7,5,0.3586789934097332
659284,1,7,10,7.067505884770167
659298,1,7,7,0.8019102877335321
659308,1,7,5,0.3586789934097332
659309,1,7,10,20.79355018687546
659310,1,7,9,13.187219466291685
659336,1,7,1,13.268158019822126
659340,1,7,4,0.3586790108976326
659359,1,7,5,0.3586789934097332
659364,1,7,6,14.934064162705043
659376,1,7,10,7.369204710932581
659377,1,7,1,20.401748680435077
659383,1,7,1,15.692829043687228
659399,1,7,8,26.312565306772168
659406,1,7,9,16.332699240316
659414,1,7,10,21.145030090138654
659424,1,7,2,4.279079614479838
659444,1,7,10,11.395140673940906
659454,1,7,6,19.40618655409464
659467,1,7,3,1.533645141975281
659470,1,7,6,10.88940960923906
659483,1,7,8,25.098612036054476
659487,1,7,8,18.97428298200973
659499,1,7,1,7.971076760631356
659503,1,7,6,11.256699564026778
659507,1,7,2,8.629144905413954
659513,1,7,10,12.068669625990635
659518,1,7,10,7.225430663977594
659522,1,7,8,15.19254764598501
659544,1,7,8,8.570717095767677
659552,0,7,0,0.025169265424608254
659568,1,7,9,23.964440699787822
659590,1,7,10,8.848690896383264
659594,1,7,10,10.837471803351024
659605,1,7,10,10.9836219553033
659612,1,7,4,0.3586790108976326
659613,1,7,1,4.332506512851122
659646,1,7,1,3.5971644952991086
659648,1,7,10,5.468252430169586
659656,1,7,8,28.04919793486775
659668,1,7,8,28.49575559466725
659677,1,7,2,1.9340915607853109
659681,1,7,8,23.604360437378595
659691,1,7,7,3.8101575471264435
659700,1,7,8,23.02068774477653
659711,1,7,8,16.18441665013953
659727,1,7,4,0.3586790108976326
659734,1,7,9,25.824414896794487
659745,1,7,8,22.2502381607858
659751,1,7,5,0.3586789934097332
659754,1,7,10,21.285255238243263
659765,1,7,6,4.8950373129020175
659767,1,7,5,0.3586789934097332
659772,1,7,8,17.767276138348304
659774,1,7,1,5.142131391553214
659838,1,7,9,19.922488572063966
659883,1,7,8,13.85477605523213
659886,1,7,6,14.93195512795729
659912,1,7,5,0.3586789934097332
659917,1,7,8,25.61494439280845
659923,1,7,10,11.719385392554473
659925,1,7,3,1.8939602154383919
659934,1,7,3,2.41363842200186
659987,1,7,6,12.377084569511835
659993,1,7,5,0.3586789934097332
659998,1,7,4,0.3586790108976326
660005,1,7,1,19.46630673057682
660039,0,7,0,0.046474668646386254
660051,1,7,4,0.3586790108976326
660069,1,7,8,9.021321267314233
660080,1,7,9,5.593248410745467
660088,1,7,10,11.276962612317126
660094,1,7,6,15.76724112303972
660097,1,7,8,8.449707258351632
660111,1,7,10,6.421754302888988
660118,1,7,5,0.3586789934097332
660165,1,7,8,26.31421352220201
660175,1,7,3,1.3945149101368874
660188,1,7,6,23.020560000917737
660205,1,7,6,16.839415300505298
660229,1,7,5,0.3586789934097332
660242,1,7,9,4.761980593023121
660246,1,7,1,13.682433347618623
660251,1,7,4,0.3586790108976326
660262,0,7,0,0.018456160976679795
660267,1,7,8,3.446384576893121
660271,0,7,0,0.016129401721338758
660276,1,7,5,0.3586789934097332
660301,1,7,1,20.1340384541213
660310,1,7,6,5.606181309844557
660328,1,7,5,0.3586789934097332
660337,1,7,8,24.583093919081
660369,1,7,6,23.882121843570783
660401,1,7,10,2.963572614381143
660407,1,7,8,27.02291951303402
660427,1,7,4,0.358679009087165
660429,1,7,4,0.3586790108976326
660433,1,7,4,0.3586790108976326
660455,1,7,6,6.073454290805948
660461,1,7,7,0.6561648459339094
660471,1,7,1,18.080490833882905
660480,1,7,8,17.060323295789306
660491,1,7,8,21.779730839771617
660498,1,7,3,1.8159429012950516
660502,1,7,4,0.3586790108976326
660505,1,7,10,5.882515710197618
660515,1,7,6,20.312279995463488
660519,1,7,5,0.3586789934097332
660528,1,7,10,11.242044938058568
660547,1,7,4,0.3586790108976326
660564,1,7,8,17.499939116230973
660567,1,7,6,15.664753586453473
660571,1,7,10,12.383716690400782
660591,1,7,9,11.704263345070556
660605,1,7,8,12.269378491115592
660623,1,7,9,9.736557670633434
660624,1,7,6,13.530073734274017
660625,1,7,9,14.16978256785437
660626,1,7,2,6.747676194131555
660651,0,7,0,0.21434489576854435
660654,1,7,6,16.69699330290335
660657,1,7,10,12.220246822309074
660666,1,7,4,0.3586790108976326
660669,1,7,8,8.543711695808172
660677,1,7,4,0.3586790108976326
660684,1,7,9,21.963231945601297
660685,1,7,1,6.262721423363515
660688,1,7,6,23.34570357340523
660691,1,7,8,24.25838117100577
660702,1,7,10,6.818987399760076
660710,1,7,10,5.418168575713105
660719,1,7,9,10.399908972651588
660771,1,7,8,13.108717684134866
660791,1,7,5,0.3586789934097332
660837,1,7,2,10.696230058089132
660843,1,7,4,0.3586790108976326
660884,1,7,2,9.608908638216487
660889,1,7,8,12.538128246105886
660900,1,7,8,24.620687459484266
660910,1,7,6,23.6632488545095
660916,1,7,6,17.780015798979424
660918,1,7,9,17.730692476876193
660919,1,7,6,20.24529821309627
660929,0,7,0,0.011850695560854713
660932,1,7,8,7.954036795975163
660938,1,7,4,0.3586790108976326
660954,1,7,5,0.3586789934097332
661000,1,7,9,16.679484742335763
661001,0,7,0,0.011802126489171642
661007,1,7,6,15.145156849180246
661030,1,7,9,16.19390490926112
661032,1,7,8,15.551155998245747
661042,1,7,9,24.102982659102036
661062,1,7,9,14.260943406913414
661064,1,7,6,8.652333708575208
661071,1,7,7,4.309683773792298
661086,1,7,3,2.4143933626638874
661091,1,7,7,3.5775783585142014
661119,1,7,5,0.3586789949470627
661120,1,7,8,6.569345910932124
661121,1,7,6,23.242230037887897
661142,1,7,6,15.93277147481627
661152,1,7,9,12.020594914505722
661153,1,7,5,0.3586789934097332
661154,1,7,10,4.4947964115634775
661165,1,7,3,2.2665222789766193
661178,1,7,1,15.22275727894648
661188,1,7,4,0.3586790108976326
661190,1,7,8,4.2297758174239215
661205,1,7,8,6.712426168645482
661239,1,7,6,23.251745264913662
661247,1,7,8,8.028660297840894
661250,1,7,4,0.3586790108976326
661253,1,7,9,15.961862289562383
661276,1,7,8,23.118637401928435
661294,1,7,6,17.33693428717578
661295,1,7,10,12.627754358949161
661313,1,7,10,20.15773599689992
661324,1,7,9,7.969275489732685
661326,1,7,9,15.928598088044305
661328,1,7,8,18.324800240123032
661333,1,7,10,8.809670354437179
661336,1,7,8,10.047243376344548
661340,1,7,4,0.3586790108976326
661357,1,7,4,0.3586790108976326
661361,1,7,4,0.3586790108976326
661379,1,7,9,25.638564366117507
661384,1,7,2,1.0057095924505175
661385,1,7,3,2.4111038606600013
661387,1,7,10,11.386529515454578
661408,1,7,4,0.358679009087165
661411,1,7,7,4.439025481090773
661430,1,7,5,0.3586789934097332
661441,1,7,6,9.403169215033461
661442,1,7,10,12.161621596682089
661457,1,7,9,13.157438344613977
661461,1,7,9,22.5488428635049
661462,1,7,9,23.004078631698174
661466,1,7,8,6.791922318038017
661476,1,7,10,11.634230949108415
661487,1,7,5,0.3586789934097332
661494,1,7,8,19.00984663276578
661503,1,7,9,24.193921667948754
661517,1,7,6,23.38377202070688
661543,1,7,2,6.992770167440233
661557,1,7,8,24.032077741867766
661575,1,7,5,0.3586789934097332
661594,1,7,6,13.49124753364067
661626,1,7,9,25.040799161332963
661658,1,7,5,0.3586789934097332
661660,1,7,9,23.970090823733766
661670,1,7,10,10.861383440839418
661677,1,7,10,8.184722488180563
661686,1,7,10,4.90689010131854
661715,1,7,8,10.700209684330202
661731,1,7,6,19.80613126420308
661736,1,7,7,2.139373273575707
661737,1,7,5,0.3586789934097332
661738,1,7,9,24.265201480899567
661744,1,7,5,0.3586789934097332
661756,1,7,6,15.20192958518796
661765,1,7,5,0.3586789934097332
661766,1,7,3,1.1414585598760543
661767,1,7,8,18.000110790894354
661775,1,7,7,0.7848544206175058
661778,1,7,4,0.3586790108976326
661812,1,7,9,14.198369700353398
661816,1,7,9,18.339323599331937
661817,1,7,9,6.576783361994286
661819,1,7,10,16.86016137155706
661822,1,7,6,23.116216685189045
661832,1,7,2,7.123990188872868
661836,1,7,5,0.3586789934097332
661837,1,7,4,0.3586790108976326
661849,0,7,0,0.01384180437372304
661854,1,7,3,2.3211316529875154
661869,1,7,4,0.3586790108976326
661881,1,7,9,18.840899085105512
661884,1,7,10,7.165010478325866
661910,1,7,7,4.415931038611485
661925,1,7,5,0.3586789934097332
661937,1,7,9,21.49570201167095
661951,1,7,9,23.53351534596468
661956,1,7,5,0.3586789934097332
661963,1,7,5,0.3586789934097332
661974,1,7,4,0.3586790108976326
661984,1,7,1,11.873258442870268
661995,1,7,9,24.084718705794685
662008,1,7,9,6.2944505039017
662015,1,7,5,0.3586789934097332
662020,1,7,4,0.3586790108976326
662029,1,7,10,5.611066511705215
662038,1,7,9,16.57335982775294
662040,1,7,5,0.3586789934097332
662060,1,7,9,14.211172070854987
662062,1,7,7,4.626594774011135
662065,1,7,5,0.3586789934097332
662097,1,7,4,0.3586790108976326
662118,1,7,9,18.988729160872055
662119,0,7,0,0.013599302401264623
662126,1,7,4,0.3586790108976326
662127,1,7,7,3.7542668733945423
662137,1,7,4,0.3586790108976326
662150,1,7,5,0.3586789934097332
662161,1,7,4,0.3586790108976326
662165,1,7,10,8.907251836517613
662166,1,7,9,24.298007695860836
662169,1,7,6,9.361345542623784
662181,1,7,5,0.3586789934097332
662203,1,7,6,14.110824647002689
662205,1,7,5,0.3586789934097332
662223,1,7,7,4.374081750632702
662273,1,7,6,14.213357281054233
662291,1,7,7,4.606679687300822
662300,1,7,10,4.994699811248763
662314,1,7,6,7.6488265105251605
662344,1,7,8,25.515858506791268
662353,1,7,10,21.25282167681765
662381,0,7,0,0.018354672222321317
662411,1,7,8,19.76448373697294
662438,1,7,4,0.995057826490271
662466,1,7,1,13.3234231178026
662483,1,7,8,8.530052028617655
662511,1,7,5,0.3586789934097332
662513,1,7,9,22.592177752704963
662518,1,7,10,20.969098220716646
662541,1,7,5,0.3586789949470627
662567,1,7,1,18.150908952428907
662570,1,7,10,13.622852794936163
662575,1,7,4,0.3586790108976326
662585,1,7,5,0.3586789934097332
662595,1,7,1,22.762999059656085
662596,1,7,8,25.67591969521163
662598,1,7,8,4.375101696587387
662604,1,7,2,4.38498904551151
662606,1,7,9,15.268491069971294
662608,1,7,6,21.221498465986006
662613,1,7,8,14.394424092171477
662639,1,7,10,18.767034425635163
662653,1,7,9,24.531069807204684
662662,1,7,4,0.3586790108976326
662663,1,7,5,0.3586789934097332
662674,1,7,9,6.452792022191589
662677,1,7,4,0.3586790108976326
662680,1,7,6,21.28247641259081
662689,1,7,7,4.313170622140539
662697,1,7,4,0.3586790108976326
662710,1,7,9,14.569737347883665
662712,1,7,10,6.054371755837347
662716,1,7,6,8.660495359858743
662721,1,7,6,6.659521282474851
662722,1,7,8,18.340210919775746
662725,1,7,1,21.617451342747408
662736,1,7,5,0.3586789934097332
662740,1,7,9,12.389845920583268
662750,1,7,8,12.968586696062317
662766,1,7,10,16.97459518503449
662789,0,7,0,0.21070993866433355
662795,1,7,7,2.1143111815611495
662803,1,7,9,25.601579820600787
662806,1,7,4,0.3586790108976326
662812,1,7,1,9.661527382382818
662813,1,7,6,13.770520581669748
662815,1,7,8,19.250664239540917
662818,1,7,8,19.722363148929965
662823,1,7,6,23.7540505295734
662826,1,7,5,0.3586789934097332
662836,1,7,8,16.303885386180212
662837,1,7,5,0.3586789934097332
662841,1,7,9,13.254685236720363
662885,1,7,6,4.454538648539561
662893,0,7,0,0.013309097778259681
662908,1,7,4,0.3586790108976326
662909,1,7,10,17.23224227933063
662922,1,7,6,22.582167226280752
662951,0,7,0,0.019994891166594152
662966,1,7,4,0.3586790108976326
662971,1,7,7,0.5751042180888717
662972,1,7,1,21.943475370704295
662981,1,7,7,2.194879307398928
663019,1,7,6,12.241615245990351
663022,1,7,10,4.173830866500816
663038,1,7,5,0.3586789934097332
663050,1,7,7,1.0131044848142998
663059,1,7,6,19.481006419862776
663069,1,7,1,22.133542763611484
663102,1,7,8,25.990402917655892
663103,1,7,9,26.201182273001745
663113,1,7,10,16.81114260685266
663121,1,7,4,0.3586790108976326
663130,1,7,5,0.3586789949470627
663131,1,7,1,18.172778039797493
663137,1,7,8,7.128048021503226
663152,1,7,6,13.239606081701492
663161,1,7,7,3.9509796511423305
663193,1,7,10,16.568416275581846
663202,1,7,5,0.3586789934097332
663205,1,7,6,17.806341786050265
663218,1,7,5,0.3586789934097332
663240,1,7,10,8.87751546703297
663241,1,7,9,20.607865621126077
663271,1,7,2,13.749709789330577
663286,1,7,6,11.436009195918139
663293,1,7,4,0.3586790108976326
663295,1,7,9,21.75450677552775
663305,1,7,7,1.80562087440723
663308,1,7,5,0.3586789934097332
663343,1,7,10,21.183459358126502
663345,1,7,3,1.8895984810001205
663378,1,7,5,0.3586789934097332
663382,0,7,0,0.02023798585360684
663391,1,7,2,9.813751511540683
663399,1,7,4,0.3586790108976326
663411,1,7,9,9.419149970565842
663421,1,7,5,0.3586789934097332
663425,1,7,9,24.113576754575256
663426,1,7,10,21.24859805879972
663433,1,7,1,16.639052129352923
663447,1,7,6,21.10913923596474
663448,1,7,6,19.86939519722831
663457,1,7,5,0.3586789934097332
663472,1,7,2,2.0786573712672527
663473,1,7,4,0.358679009087165
663481,0,7,0,0.02594785923053223
663484,1,7,6,23.375727194615337
663485,1,7,4,0.3586790108976326
663491,1,7,4,0.3586790108976326
663508,0,7,0,0.014998583660623732
663510,1,7,2,13.203750506919766
663516,1,7,10,10.443032664394927
663526,1,7,8,10.803163558160536
663527,1,7,6,17.47735236711924
663534,1,7,4,0.3586790108976326
663541,1,7,6,23.191591484276863
663547,1,7,8,18.014427957320464
663553,1,7,1,6.187605958238198
663567,1,7,9,11.983568013541582
663568,1,7,6,21.728841210660246
663584,1,7,9,23.296297258491997
663592,1,7,5,0.3586789934097332
663605,1,7,7,1.354068869025406
663627,1,7,6,6.352092480122895
663634,1,7,10,19.839577750708045
663641,1,7,6,19.41292608685451
663649,1,7,2,11.487522366897025
663656,1,7,1,21.297180675851738
663685,1,7,6,18.009360753550908
663695,1,7,8,5.35486495781505
663696,1,7,2,10.95977516274369
663709,1,7,2,4.950168387922124
663733,1,7,5,0.3586789934097332
663734,1,7,5,0.3586789934097332
663737,1,7,6,17.005967456598405
663739,1,7,5,0.3586789934097332
663744,1,7,4,0.358679009087165
663753,1,7,9,25.90771477330871
663756,1,7,2,6.764460181522062
663758,1,7,7,3.4309813989322886
663764,1,7,8,19.783782462613022
663765,1,7,5,0.3586789934097332
663781,1,7,9,22.865176144223177
663786,1,7,8,4.763071674083192
663800,1,7,6,11.682483142742424
663802,1,7,4,0.3586790108976326
663846,1,7,1,6.0011038760730235
663859,1,7,5,0.3586789934097332
663863,1,7,9,16.231648960971317
663867,1,7,3,2.0796735418936745
663878,1,7,8,14.523796038796007
663882,1,7,4,0.3586790108976326
663899,1,7,1,16.001170945771452
663920,1,7,6,16.05198750254845
663921,1,7,5,0.3586789934097332
663923,1,7,5,0.3586789934097332
663954,1,7,6,18.75754204206941
663956,1,7,5,0.3586789934097332
663964,1,7,8,2.661134132056276
663968,1,7,1,5.523914855317411
663978,1,7,10,18.811883018714887
663980,1,7,3,1.4020920320373338
663983,1,7,6,23.3839181485288
663989,1,7,10,15.468496486457447
664002,1,7,9,16.58078360428059
664006,1,7,10,13.52619632902599
664011,1,7,1,12.453766339286437
664014,1,7,9,23.08278354263733
664016,1,7,7,2.3846221905388925
664076,1,7,4,0.358679009087165
664085,1,7,8,6.147440146581993
664091,1,7,2,9.637415480014804
664092,1,7,4,0.3586790108976326
664100,1,7,6,19.30633350298866
664115,1,7,6,14.96898150984114
664140,1,7,9,10.177442689034624
664141,1,7,9,25.767892158254245
664145,1,7,9,26.029362428643264
664153,1,7,7,4.182857469767155
664177,1,7,5,0.3586789934097332
664198,1,7,10,12.480731868045758
664201,1,7,7,0.6280581357471339
664211,1,7,9,7.311542210565058
664212,1,7,8,20.941292570183503
664224,1,7,8,16.81825803524761
664233,1,7,9,24.175260655810494
664235,1,7,9,15.033844588614791
664237,1,7,4,0.3586790108976326
664254,1,7,4,0.3586790108976326
664268,0,7,0,0.030056940631802885
664276,1,7,7,2.1216774290760028
664299,1,7,4,0.3586790108976326
664307,1,7,6,14.702740172994917
664312,1,7,9,19.405526361016598
664314,1,7,8,18.61461833643386
664316,1,7,5,0.3586789934097332
664317,1,7,10,10.784088102281357
664332,1,7,6,22.213745268045596
664333,1,7,5,0.3586789934097332
664340,1,7,8,19.882212042485506
664361,1,7,8,28.18363527148418
664401,1,7,9,25.02584644301206
664402,1,7,9,24.761796196478617
664410,1,7,1,15.61913787723385
664414,1,7,9,4.820688686003297
664418,1,7,5,0.3586789934097332
664420,1,7,9,8.003146782356005
664430,1,7,6,23.664453433223525
664432,1,7,6,23.032338453206048
664456,1,7,5,0.3586789934097332
664461,1,7,9,17.237514730165802
664471,1,7,8,23.71548339396249
664474,1,7,8,17.580338675281432
664475,1,7,9,25.523347112563176
664491,1,7,4,0.3586790108976326
664496,1,7,5,0.3586789934097332
664518,0,7,0,0.013608211362090707
664531,1,7,10,3.7475003174487953
664544,1,7,7,4.295627625064399
664568,1,7,2,4.245383986964142
664575,1,7,6,11.761176374640357
664581,1,7,4,0.3586790108976326
664583,1,7,8,28.388658059786067
664608,1,7,4,0.3586790108976326
664612,1,7,8,10.04638079822895
664629,1,7,6,8.963228897347499
664650,1,7,9,19.374960361525048
664660,1,7,3,1.3494131638444389
664672,1,7,6,13.408358826511309
664673,1,7,10,17.072770342640506
664679,1,7,9,26.043534387032743
664681,1,7,4,0.3586790108976326
664683,1,7,9,25.665686656526926
664685,1,7,9,24.533553583404803
664687,1,7,4,0.3586790108976326
664688,1,7,8,16.253374276851837
664705,0,7,0,0.012552569627811415
664708,1,7,10,3.6069599120617233
664710,1,7,7,3.599647909799429
664717,1,7,8,14.150105336786515
664722,1,7,9,13.961054837417567
664728,1,7,9,25.176739959227078
664733,1,7,4,0.3586790108976326
664734,1,7,2,4.759293207484813
664736,1,7,2,1.5809393994411562
664737,1,7,9,8.152887189442898
664742,1,7,9,23.455018831461423
664743,1,7,8,18.91693348006551
664759,1,7,4,0.3586790108976326
664765,1,7,4,0.3586790108976326
664778,1,7,8,17.35445877762134
664784,1,7,2,13.66751422133894
664790,1,7,4,0.3586790108976326
664792,1,7,5,0.3586789934097332
664813,1,7,6,14.67843277620068
664826,1,7,9,25.75850571378335
664827,1,7,4,0.3586790108976326
664830,1,7,9,18.676312981623877
664831,0,7,0,0.023408323351270563
664843,1,7,4,0.3586790108976326
664874,0,7,0,0.015367497053671426
664891,1,7,8,19.66584121729607
664897,1,7,8,28.507445238220722
664900,1,7,10,18.53914754191146
664918,1,7,10,16.3972365574695
664920,1,7,8,11.797642983608915
664940,1,7,9,9.94260630851406
664944,1,7,1,22.039021262976544
664946,1,7,8,24.04642810823925
664971,1,7,8,8.027220665272004
664990,1,7,5,0.3586789934097332
664995,1,7,1,19.636988833114184
664996,1,7,9,15.97736305412606
665026,1,7,1,16.817594924946793
665027,1,7,9,14.235888864398913
665046,1,7,8,27.279884670558726
665049,1,7,5,0.3586789934097332
665052,1,7,10,18.38844978128414
665057,1,7,10,18.293612226292137
665080,1,7,6,13.729477166802996
665082,1,7,4,0.3586790108976326
665086,1,7,9,26.250717658253972
665090,1,7,7,3.8520162839065093
665104,1,7,6,7.224608512429159
665132,1,7,7,2.759061733513069
665155,1,7,9,26.216849078635818
665202,0,7,0,0.01704376873543022
665203,1,7,9,14.349873382402704
665210,1,7,9,13.034487805893145
665215,1,7,1,20.748582696286253
665222,1,7,5,0.3586789934097332
665225,1,7,1,20.755211653693074
665227,1,7,5,0.3586789934097332
665263,1,7,8,2.3608225491345585
665271,1,7,1,23.211982804995984
665275,1,7,4,0.3586790108976326
665276,1,7,4,0.358679009087165
665279,1,7,5,0.3586789949470627
665280,1,7,9,19.212922346885936
665291,1,7,6,13.982445927079372
665304,1,7,9,9.250529580102931
665307,1,7,5,0.3586789934097332
665321,1,7,6,23.396452537543777
665340,1,7,3,1.1750333250895146
665355,1,7,5,0.3586789934097332
665367,1,7,4,0.3586790108976326
665375,1,7,9,25.78559723640147
665390,1,7,9,2.3399020942808333
665418,1,7,2,2.421623878952447
665419,1,7,9,10.295806291605015
665426,1,7,5,0.3586789934097332
665439,1,7,1,14.957387891543378
665448,1,7,8,14.417889642069733
665449,1,7,4,0.3586790108976326
665467,1,7,6,7.580953323495155
665468,1,7,8,8.955440055298645
665469,1,7,3,1.7613401472095271
665477,1,7,8,21.66084012061786
665496,1,7,10,17.578898568160128
665499,1,7,7,2.7812919306540973
665527,1,7,4,0.3586790108976326
665555,1,7,4,0.3586790108976326
665579,1,7,5,0.3586789934097332
665583,1,7,2,5.577408193507773
665586,0,7,0,0.04959447913299277
665595,0,7,0,0.02973600124682634
665599,1,7,8,10.77014639407836
665613,0,7,0,0.02534662229845529
665624,1,7,10,20.888876474740275
665627,1,7,9,25.66700687242609
665637,1,7,5,0.3586789934097332
665642,1,7,10,9.915770789168283
665660,0,7,0,0.0322636524107519
665668,1,7,10,21.265874889255635
665682,1,7,9,26.161884022745696
665683,1,7,5,0.3586789934097332
665704,1,7,4,0.3586790108976326
665749,1,7,2,10.438888671274698
665757,1,7,1,6.512820247229152
665796,1,7,4,0.3586790108976326
665797,1,7,4,0.3586790108976326
665807,1,7,9,24.59785915148179
665815,1,7,1,4.441222680917952
665824,1,7,8,6.105763365147432
665847,1,7,8,20.883128354797453
665854,1,7,8,25.778325891101808
665858,1,7,9,10.32161153435063
665871,1,7,8,15.958464127509732
665872,1,7,1,15.780868773039488
665886,1,7,5,0.3586789934097332
665898,1,7,3,2.346381002518589
665928,1,7,6,16.314851919209037
665930,1,7,5,0.3586789934097332
665937,1,7,9,5.287175997616747
665945,1,7,4,0.3586790108976326
665950,1,7,4,0.3586790108976326
665954,1,7,8,25.759680286724514
665956,1,7,5,0.3586789934097332
665965,1,7,10,17.301768585554477
665992,1,7,4,0.3586790108976326
666003,1,7,4,0.358679009087165
666004,1,7,6,5.550689354684124
666010,1,7,10,11.76712379525741
666026,1,7,10,11.5136219269497
666041,1,7,6,23.919132408340435
666098,1,7,10,13.398089558130168
666102,1,7,5,0.3586789934097332
666120,1,7,6,15.414861424234424
666126,1,7,10,19.54685022430897
666135,1,7,8,12.44652177555203
666149,1,7,2,8.929633334548775
666158,1,7,5,0.3586789934097332
666161,0,7,0,0.014050208477539631
666181,1,7,9,10.680101749723377
666186,1,7,3,2.1533775766048606
666188,1,7,9,16.05878774919639
666193,1,7,5,0.3586789934097332
666217,1,7,5,0.3586789934097332
666219,1,7,8,12.260373799870841
666221,1,7,6,11.260572775129715
666228,1,7,6,17.23004801184091
666232,1,7,6,15.192724354120294
666239,1,7,7,2.6185270025211556
666245,1,7,4,0.3586790108976326
666247,1,7,6,12.074578532639098
666260,1,7,1,14.501346178981699
666282,1,7,7,2.538396971362876
666299,1,7,8,11.770194787538665
666301,1,7,4,0.3586790108976326
666308,1,7,6,9.58629045558809
666344,1,7,2,3.930287747447736
666347,1,7,5,0.3586789934097332
666356,1,7,5,0.3586789949470627
666378,1,7,8,18.97697988322267
666382,1,7,9,6.223863965020547
666394,1,7,9,15.679401889448041
666397,1,7,6,15.286257850252317
666418,1,7,8,22.09534503384439
666420,1,7,4,0.3586790108976326
666422,1,7,1,7.793743958342276
666434,1,7,6,21.500634846221043
666440,1,7,4,0.3586790108976326
666445,1,7,9,8.301294132301479
666446,1,7,9,21.007367021267978
666447,1,7,8,12.367244995380418
666455,1,7,4,0.3586790108976326
666475,1,7,9,21.96416935735876
666485,1,7,6,20.743761402322033
666498,1,7,4,0.3586790108976326
666503,1,7,2,7.531871536116515
666516,1,7,10,21.228602251516634
666546,1,7,1,22.78084542770419
666563,1,7,1,14.46524748893429
666564,1,7,8,10.065109634142534
666575,1,7,7,1.9720928444036585
666605,1,7,4,0.3586790108976326
666614,1,7,10,19.61553746794345
666616,1,7,8,22.231005014253572
666620,1,7,8,2.613897443945
666624,1,7,6,16.53325162942425
666638,1,7,10,6.89137593598839
666645,1,7,4,0.3586790108976326
666662,1,7,6,23.018351966015423
666664,1,7,9,22.121433877172542
666668,0,7,0,0.014252930170392322
666728,1,7,8,14.105091816893173
666743,1,7,9,16.154614379990036
666750,1,7,9,13.060259556095897
666754,1,7,5,0.3586789934097332
666765,1,7,7,2.1033157193480516
666767,1,7,8,8.015413671184191
666797,1,7,4,0.3586790108976326
666819,1,7,8,25.743880086200164
666824,1,7,9,22.541459176971497
666837,1,7,9,16.47918452774118
666849,1,7,4,0.3586790108976326
666854,1,7,8,24.777815309402
666865,1,7,8,23.466291725839792
666868,1,7,9,14.153404623831696
666872,1,7,8,8.629431371606529
666882,1,7,8,24.278866506493774
666903,1,7,9,13.577924845850367
666910,1,7,7,1.5004393988905937
666958,1,7,10,7.825364256281667
666972,1,7,9,19.37537659605082
666975,1,7,3,1.4556152669077866
666989,1,7,4,0.3586790108976326
667058,1,7,6,6.487282321299272
667069,1,7,10,10.537873282778758
667091,1,7,4,0.3586790108976326
667103,1,7,6,14.929640537327778
667106,1,7,9,18.66956127092821
667131,1,7,4,0.3586790108976326
667145,1,7,8,25.141813391121396
667171,1,7,1,18.061702078723254
667182,1,7,6,7.625250588722806
667192,1,7,3,2.0153591769223995
667194,1,7,8,14.997804549062222
667198,1,7,1,14.797751979548448
667228,1,7,4,0.3586790108976326
667232,1,7,10,15.090021951781255
667293,1,7,6,15.090013093522487
667308,1,7,8,16.555447468108458
667321,1,7,4,0.3586790108976326
667337,1,7,8,9.707174681884057
667343,1,7,4,0.3586790108976326
667359,1,7,9,19.08236902428571
667361,1,7,8,23.168337306771047
667383,1,7,4,0.3586790108976326
667390,1,7,8,13.535237733260209
667395,1,7,10,6.006078500979325
667397,1,7,5,0.3586789934097332
667399,0,7,0,0.05440079199242087
667412,1,7,8,11.433907243635229
667419,0,7,0,0.01508599359395095
667425,1,7,1,21.889355496186152
667435,1,7,1,17.837732996757392
667444,1,7,3,2.14497736620608
667447,1,7,4,0.3586790108976326
667452,1,7,4,0.3586790108976326
667458,1,7,4,0.3586790108976326
667461,1,7,4,0.3586790108976326
667488,1,7,5,0.3586789934097332
667503,1,7,8,3.8037462047712416
667511,1,7,6,8.78364717316352
667526,1,7,4,0.3586790108976326
667527,1,7,5,0.3586789934097332
667545,1,7,8,15.04559119891998
667550,1,7,7,4.139195396762969
667554,1,7,4,0.358679009087165
667556,1,7,6,15.65763396646711
667571,1,7,9,6.0805456411603975
667572,1,7,7,4.391459175344246
667589,1,7,10,9.779985860567741
667594,1,7,6,10.327768003906847
667597,1,7,7,2.2917811834101087
667598,1,7,4,0.3586790108976326
667599,1,7,10,20.551314196119908
667612,1,7,9,11.663555117611676
667617,1,7,6,10.426408176143907
667622,1,7,10,10.44734404232594
667630,1,7,6,21.080471908998977
667636,1,7,10,14.99020358780399
667644,1,7,8,10.473529674516842
667659,1,7,10,11.418831298725268
667679,1,7,4,0.3586790108976326
667684,1,7,5,0.3586789934097332
667705,1,7,1,6.803794044423336
667708,1,7,9,19.42603486983154
667711,1,7,8,6.111077023536831
667713,1,7,5,0.3586789934097332
667716,1,7,10,19.388323908548983
667736,1,7,5,0.3586789934097332
667745,1,7,10,21.27319774604675
667749,1,7,7,3.0303896619812765
667767,1,7,10,4.961994899281029
667768,1,7,10,15.805013764558604
667769,1,7,4,0.3586790108976326
667771,1,7,9,25.53102896336917
667773,1,7,3,2.390174752846923
667779,1,7,9,15.707360127283506
667783,1,7,8,22.076231956267367
667785,1,7,2,4.001522705483017
667791,1,7,8,2.7288415427234614
667812,0,7,0,0.017332946881112813
667827,1,7,8,17.002806355911094
667858,1,7,6,22.7852434441545
667877,1,7,10,7.278836937968406
667887,1,7,7,4.239710000468993
667892,1,7,8,15.497365510905098
667893,1,7,1,22.307219392815423
667911,1,7,6,15.868303078395186
667925,1,7,4,0.3586790108976326
667942,1,7,6,7.039958944338145
667950,1,7,9,26.198560646912647
667965,1,7,8,22.614938822601964
668018,1,7,9,10.025972794894733
668020,1,7,2,8.960619563591017
668023,1,7,6,15.213554770879067
668026,1,7,6,16.54700622330674
668036,1,7,8,18.592294312980854
668046,1,7,3,0.9760302882964559
668054,1,7,9,2.461226788491434
668058,1,7,9,25.923425415473634
668063,1,7,7,0.41834902080924946
668070,1,7,9,21.028165019967577
668084,1,7,8,16.79692879877657
668090,1,7,8,20.507838836525266
668091,1,7,6,6.9856902157377005
668105,1,7,5,0.3586789934097332
668113,1,7,3,1.3059207147153693
668116,0,7,0,0.019904849455691154
668118,1,7,5,0.3586789949470627
668120,1,7,3,1.9793330906419748
668125,1,7,10,17.18922455502272
668134,1,7,6,14.72937363196616
668138,1,7,3,1.6079942159504639
668142,1,7,9,26.094046045841182
668160,1,7,3,2.2420204342016254
668165,1,7,8,8.540624951944574
668182,1,7,9,26.392186248708523
668197,1,7,7,1.1321890084867718
668219,1,7,6,14.586374161864057
668233,1,7,8,22.945293022558555
668234,1,7,8,13.29634226069822
668244,1,7,8,15.690024167252682
668270,1,7,10,9.768299475865932
668272,1,7,7,2.191204115451577
668284,1,7,5,0.3586789934097332
668298,1,7,8,17.367707725428268
668303,1,7,1,20.957030868805013
668305,1,7,6,23.127917034283705
668315,1,7,4,0.3586790108976326
668316,1,7,6,14.093611870443786
668330,1,7,5,0.3586789934097332
668331,1,7,5,0.3586789934097332
668370,1,7,1,19.264460412711614
668379,1,7,4,0.3586790108976326
668385,1,7,4,0.3586790108976326
668389,1,7,3,2.0978727126534378
668402,1,7,6,21.72438930468858
668409,1,7,8,21.961625752429132
668422,1,7,5,0.3586789934097332
668424,1,7,7,3.163503546179334
668443,1,7,8,5.2852806586786345
668455,1,7,4,0.358679009087165
668457,1,7,8,8.508299196039891
668483,1,7,10,7.787311786429608
668493,1,7,5,0.3586789934097332
668494,1,7,7,2.9611957606006265
668497,0,7,0,0.023052951321294358
668503,1,7,6,20.597514411258818
668505,1,7,8,22.315270351805093
668542,1,7,1,20.925291301010613
668559,1,7,6,22.839792525070727
668576,1,7,10,4.424093537910167
668583,1,7,10,14.710550362102255
668593,1,7,5,0.3586789934097332
668614,1,7,6,23.17666445832129
668650,1,7,4,0.3586790108976326
668659,1,7,10,8.170684082018084
668671,1,7,2,11.424981435206897
668705,1,7,4,0.3586790108976326
668706,1,7,6,7.791223387221083
668708,1,7,7,2.059817276504526
668717,1,7,10,7.205859078944896
668735,0,7,0,0.014485090699529104
668738,1,7,6,11.185296186965253
668741,1,7,9,24.40332471340759
668750,1,7,10,14.191952686571211
668776,1,7,8,16.339505502042318
668785,1,7,9,16.921466232329447
668798,1,7,10,11.536724817942709
668818,1,7,5,0.3586789934097332
668839,1,7,5,0.3586789934097332
668841,1,7,4,0.3586790108976326
668862,1,7,4,0.358679009087165
668870,1,7,8,20.890468521327676
668875,1,7,2,10.37539123956391
668878,1,7,4,0.3586790108976326
668888,1,7,3,1.8000114660269686
668890,1,7,9,18.13769121659566
668905,1,7,9,25.536471644693602
668910,1,7,5,0.3586789934097332
668912,1,7,5,0.3586789934097332
668913,1,7,5,0.3586789934097332
668914,1,7,10,7.430458026184208
668922,1,7,9,23.853541549875377
668935,1,7,8,23.407859413632604
668937,1,7,8,14.257682110246549
668941,1,7,5,0.3586789934097332
668953,1,7,4,0.3586790108976326
668964,1,7,3,1.8007092390362287
668984,1,7,8,13.894904196974332
668986,1,7,3,2.0739308894698056
668989,1,7,10,12.32172778331402
668994,1,7,6,18.184732237346253
668996,1,7,8,9.938156629491585
669003,1,7,10,11.679551522623548
669011,0,7,0,0.030196369395247696
669026,1,7,2,13.426005874720863
669047,1,7,5,0.3586789934097332
669051,1,7,9,26.266190052978978
669069,1,7,5,0.3586789934097332
669079,1,7,5,0.3586789934097332
669087,1,7,6,10.74550035758962
669098,1,7,9,16.653937742286917
669112,1,7,2,9.29111599000996
669160,1,7,9,11.05056050777145
669178,1,7,5,0.3586789949470627
669200,1,7,1,20.288423861307898
669211,1,7,8,10.103759679463025
669213,1,7,3,0.9807787465495205
669217,1,7,10,7.119318986429051
669239,1,7,9,11.493373535080117
669273,1,7,8,15.482399456769299
669282,1,7,6,23.86586684475117
669283,1,7,7,3.720248004330562
669296,1,7,9,16.060954153473748
669305,1,7,5,0.3586789934097332
669313,1,7,8,6.406694681137496
669321,1,7,6,6.127359839540508
669328,1,7,9,23.119653629903265
669351,1,7,9,17.846175902770703
669372,1,7,8,15.054888490320419
669383,1,7,10,4.994204822919175
669385,1,7,6,22.56622046453459
669444,1,7,10,12.1250894356358
669466,1,7,10,19.05359031519368
669473,1,7,7,3.6685522196392024
669476,1,7,8,11.872309961824321
669486,1,7,6,22.38259882608105
669488,1,7,7,1.799191759888403
669492,1,7,1,22.94401115953061
669497,1,7,8,9.665268126955961
669502,1,7,5,0.3586789934097332
669506,1,7,1,14.883395547220458
669513,1,7,7,0.3453257077138757
669537,1,7,5,0.3586789934097332
669541,1,7,6,13.284643736925775
669545,0,7,0,0.015145607322073412
669576,1,7,9,21.8898741367087
669581,0,7,0,0.014642505553684673
669585,1,7,9,25.521753923257375
669589,1,7,9,12.116181449627536
669620,1,7,2,6.302526760457804
669630,1,7,10,19.90409259810588
669637,1,7,10,5.413188838203283
669669,1,7,8,8.603438105901843
669679,1,7,9,16.556819821243828
669709,1,7,4,0.3586790108976326
669749,0,7,0,0.017988411955107902
669756,1,7,9,5.781562466619556
669767,1,7,6,6.318355457316204
669770,1,7,10,14.189872977769566
669774,1,7,4,0.3586790108976326
669778,1,7,7,3.7796147412505254
669781,1,7,8,21.245261417781883
669786,1,7,10,8.283937382879435
669789,1,7,10,20.45890123131192
669791,1,7,9,18.21100068592455
669793,1,7,9,26.335362450561277
669802,1,7,10,14.227067611401734
669832,1,7,10,19.24529439131474
669840,1,7,9,26.023564817898766
669848,1,7,6,18.943120428778553
669862,1,7,7,4.608691487237588
669868,1,7,7,3.0701589562321003
669907,1,7,5,0.3586789934097332
669910,1,7,8,12.466135488165405
669914,1,7,4,0.3586790108976326
669923,1,7,10,17.89983605414891
669961,1,7,6,12.261261413990933
669968,1,7,9,11.971185278073794
669974,0,7,0,0.01733505356170389
669981,1,7,1,4.826592791443219
669993,1,7,4,0.3586790108976326
670003,1,7,8,15.61734845760868
670009,1,7,6,13.741331653641007
670019,1,7,6,18.921756312404387
670028,1,7,6,10.203664552949343
670034,1,7,4,0.3586790108976326
670044,1,7,8,23.12181097582005
670056,1,7,1,8.85675157021642
670070,1,7,9,7.13123784831454
670078,1,7,5,0.3586789934097332
670084,1,7,6,6.329304897720334
670087,1,7,9,25.50879530823971
670097,1,7,5,0.3586789934097332
670106,1,7,5,0.3586789934097332
670116,1,7,7,3.829415211779267
670127,1,7,4,0.3586790108976326
670142,1,7,9,16.632545641227907
670155,1,7,5,0.3586789934097332
670168,1,7,8,23.14174837253749
670171,1,7,6,7.758771230654817
670176,1,7,7,3.093158878394024
670194,1,7,6,21.95524272479751
670196,1,7,5,0.3586789934097332
670209,1,7,9,6.231360628922969
670211,1,7,9,25.699578511048795
670235,1,7,1,16.08514064204146
670238,1,7,4,0.3586790108976326
670240,1,7,5,0.3586789934097332
670244,1,7,3,2.3942071086149292
670246,1,7,8,13.625272559896642
670280,1,7,3,2.131746445582374
670288,1,7,4,0.3586790108976326
670289,1,7,10,21.236317235447135
670297,1,7,4,0.3586790108976326
670299,1,7,5,0.3586789934097332
670301,1,7,9,25.909203064946265
670322,1,7,6,20.122864523511765
670340,0,7,0,0.23917755910154118
670350,1,7,4,0.3586790108976326
670356,1,7,7,1.3996960896854733
670363,1,7,2,10.233247770823295
670369,1,7,8,12.023091518414152
670374,1,7,9,4.771329601741854
670405,1,7,6,21.78835670398613
670415,0,7,0,0.04425866128720414
670416,1,7,1,18.483378895125202
670417,1,7,8,6.422661611845221
670428,1,7,10,12.346626501315644
670447,1,7,8,23.110475889351388
670461,1,7,4,0.3586790108976326
670471,1,7,8,3.6159960261604494
670475,1,7,7,4.507433763884499
670479,1,7,6,14.654867945437275
670486,1,7,3,1.7878637774671278
670488,1,7,6,22.928955003352193
670498,1,7,8,24.849192676438463
670515,1,7,4,0.3586790108976326
670531,1,7,6,18.23995547899963
670533,1,7,5,0.3586789934097332
670562,1,7,9,13.467082567763876
670589,1,7,5,0.3586789949470627
670600,1,7,7,1.841643407146724
670613,1,7,10,8.437756806166309
670628,1,7,5,0.3586789934097332
670635,0,7,0,0.0451426119059275
670638,1,7,10,5.066376263535783
670645,1,7,1,13.189808210743
670651,1,7,4,0.3586790108976326
670671,1,7,6,5.822032956529617
670679,1,7,10,17.600433901007307
670681,1,7,5,0.3586789934097332
670699,1,7,5,0.3586789934097332
670729,0,7,0,0.012693015263594063
670749,1,7,8,21.22183670289583
670750,1,7,8,13.972590664157275
670751,1,7,6,12.77138208028789
670761,1,7,8,14.661103702600968
670782,1,7,10,11.67036834162286
670787,1,7,9,12.300432115703073
670792,1,7,5,0.3586789934097332
670799,1,7,5,0.3586789934097332
670826,1,7,6,6.82555275320015
670832,0,7,0,0.024215996048737656
670838,1,7,8,28.541971313356573
670848,1,7,9,22.786748406033947
670856,1,7,7,2.2776887748286385
670869,1,7,10,7.063108321265158
670883,0,7,0,0.011999946504190026
670887,1,7,9,9.244281701300267
670902,1,7,3,2.2612482945960624
670909,1,7,4,0.3586790108976326
670913,1,7,5,0.3586789934097332
670919,1,7,5,0.3586789949470627
670923,0,7,0,0.05676889157900656
670955,1,7,10,19.729386702036543
670964,1,7,7,3.0179625548990074
670971,0,7,0,0.024106188526848246
670980,1,7,10,19.682200275188826
670986,1,7,6,23.573473947077154
670987,1,7,9,10.07742299874694
670996,1,7,8,24.051817543599338
670999,1,7,5,0.3586789934097332
671021,1,7,4,0.3586790108976326
671033,1,7,8,9.582298922994712
671039,1,7,1,8.879905092971914
671048,1,7,4,0.3586790108976326
671049,1,7,10,11.793327135618165
671050,1,7,9,4.8009811308740975
671065,1,7,4,0.3586790108976326
671070,1,7,9,16.458675262476422
671073,1,7,3,2.4291370498558447
671082,1,7,7,0.8177907627673402
671088,1,7,5,0.3586789934097332
671099,1,7,9,15.380607645873292
671108,1,7,10,19.27313809229691
671109,1,7,5,0.3586789934097332
671136,1,7,5,0.3586789934097332
671150,1,7,10,17.91698857032752
671172,1,7,10,17.074206425849
671180,1,7,6,17.225120966744477
671193,1,7,8,14.408237405577868
671198,1,7,3,1.956924805751215
671207,1,7,2,7.5570008598198495
671211,1,7,4,0.3586790108976326
671240,1,7,9,12.784988119918744
671241,1,7,1,19.546528307345042
671287,1,7,6,13.145685808248954
671306,1,7,5,0.3586789934097332
671314,1,7,8,20.238214859207798
671316,1,7,5,0.3586789934097332
671322,1,7,6,22.59258296923257
671323,1,7,7,4.358977121986653
671326,1,7,5,0.3586789934097332
671328,1,7,8,17.984596264741494
671345,1,7,5,0.3586789934097332
671353,1,7,6,6.369532341978386
671371,1,7,8,19.421353913551908
671376,1,7,10,7.8215127561320275
671394,1,7,6,17.262074575166984
671403,1,7,6,22.9934786558395
671410,1,7,8,11.264422306691218
671419,1,7,9,23.965055503634407
671465,1,7,9,10.625654624975331
671479,0,7,0,0.01750703985787255
671500,1,7,1,12.4880541612248
671516,1,7,4,0.3586790108976326
671566,1,7,1,16.513769966215996
671579,1,7,10,8.354089556147052
671583,1,7,6,7.223291754099373
671584,1,7,9,14.393512706794263
671587,1,7,5,0.3586789934097332
671590,1,7,9,25.70484850186932
671613,1,7,5,0.3586789934097332
671617,1,7,7,0.343757430929713
671632,1,7,9,16.617979505632267
671637,1,7,6,13.159442830137866
671647,1,7,8,26.82075443137738
671658,1,7,6,13.404438392249975
671666,1,7,8,25.65988570275033
671667,1,7,5,0.3586789934097332
671670,1,7,8,8.74951440638376
671675,1,7,10,12.241135130930523
671676,1,7,10,11.694350978820117
671681,1,7,9,20.640140419210287
671682,1,7,4,0.3586790108976326
671690,1,7,6,14.834155812980324
671700,1,7,7,1.0261314399337806
671725,0,7,0,0.011984394066160269
671736,1,7,8,9.605099634615849
671757,1,7,6,19.790018364372905
671771,1,7,1,22.630697529238574
671776,1,7,4,0.3586790108976326
671800,1,7,5,0.3586789934097332
671801,1,7,1,21.196971272383607
671808,1,7,2,2.654561680478015
671809,1,7,8,8.815402592891923
671812,1,7,9,11.746668571564033
671825,1,7,10,21.225586680198283
671876,1,7,5,0.3586789934097332
671878,1,7,8,16.31601371928177
671885,1,7,9,8.845850225945634
671892,1,7,10,5.073452969289268
671897,1,7,9,15.355280966333876
671915,1,7,3,2.2671688017361027
671939,1,7,4,0.3586790108976326
671952,0,7,0,0.026168679053683783
671957,1,7,6,12.266137031301897
671967,1,7,8,27.92368427576585
671971,1,7,7,1.1414845792386716
671982,1,7,1,10.35259228406911
671983,1,7,10,12.36151796310119
672003,1,7,2,8.28309505159497
672017,1,7,9,19.38644252858357
672020,1,7,3,2.239106050216367
672037,1,7,6,23.893245348942244
672049,1,7,2,8.762419236065139
672057,1,7,2,13.566908071916892
672076,1,7,8,15.989035236374697
672087,1,7,9,17.102516929701686
672104,1,7,4,0.3586790108976326
672108,1,7,10,9.921778963641568
672116,1,7,7,3.8427961535667317
672117,1,7,8,20.94930609982219
672132,1,7,3,2.369963885925906
672137,0,7,0,0.018328064996845878
672140,1,7,2,3.795816221431622
672153,1,7,5,0.3586789934097332
672154,1,7,6,8.722093290128587
672162,1,7,5,0.3586789934097332
672167,1,7,9,15.450638069673333
672175,1,7,8,11.71544859401966
672181,1,7,10,13.746814683599426
672198,1,7,2,11.219740966530859
672224,1,7,6,23.453415984217795
672250,1,7,1,6.433135817693035
672251,1,7,9,7.475020915419027
672259,1,7,5,0.3586789934097332
672260,1,7,7,2.7942085818160733
672264,1,7,2,9.782094873993886
672281,1,7,4,0.3586790108976326
672284,1,7,10,8.784450447558003
672307,1,7,2,4.384307891377823
672321,1,7,10,16.422886650734906
672334,1,7,4,0.3586790108976326
672350,1,7,6,19.761143607569984
672356,1,7,10,20.87323652684228
672378,1,7,4,0.3586790108976326
672380,0,7,0,0.05024486173920462
672388,1,7,1,6.890993168257301
672390,0,7,0,0.006198103673107906
672397,1,7,10,8.141994206528857
672407,1,7,10,16.198306456537786
672409,1,7,9,25.675068607532054
672411,1,7,8,12.454047991218205
672416,1,7,9,15.243868669145936
672425,1,7,9,8.445161919379093
672426,1,7,1,10.1173666885031
672433,1,7,9,4.486493026977851
672442,1,7,4,0.3586790108976326
672447,1,7,5,0.3586789934097332
672448,0,7,0,0.01364389020911202
672452,1,7,9,26.148403299227258
672454,1,7,9,26.150392369842027
672467,1,7,5,0.3586789934097332
672472,1,7,9,22.522008399402395
672482,1,7,1,4.02640442196067
672483,1,7,9,14.360200664899297
672487,1,7,10,19.14611105221649
672489,1,7,10,19.005286845981434
672490,1,7,8,12.369351832707194
672501,1,7,5,0.3586789934097332
672514,1,7,5,0.3586789934097332
672521,1,7,5,0.3586789949470627
672524,1,7,8,23.606687770018894
672536,1,7,9,25.925823351723498
672559,1,7,4,0.3586790108976326
672564,1,7,9,16.609601798346183
672567,1,7,6,24.025169018736904
672569,1,7,10,21.294897744892513
672571,1,7,5,0.3586789934097332
672582,1,7,10,4.576264816745814
672586,1,7,6,15.641446271377667
672599,1,7,6,12.078871899019848
672605,1,7,9,15.480394243221287
672607,1,7,8,12.743627949218434
672654,1,7,6,23.382886072805345
672684,1,7,8,8.158755610858746
672698,1,7,8,24.75695704060924
672705,1,7,4,0.3586790108976326
672708,1,7,5,0.3586789934097332
672716,1,7,4,0.3586790108976326
672750,1,7,5,0.3586789934097332
672757,1,7,2,12.277265172535715
672783,1,7,10,19.77789602583003
672787,1,7,8,17.671425949727645
672797,0,7,0,0.029479943116537385
672800,1,7,4,0.3586790108976326
672802,1,7,9,10.702624057870954
672814,1,7,9,4.052813388024933
672815,0,7,0,0.02293433696079007
672816,1,7,1,22.077344226986742
672821,1,7,5,0.3586789934097332
672849,1,7,6,9.813389325600333
672874,1,7,9,16.591204434610795
672875,1,7,5,0.3586789949470627
672884,1,7,10,4.747909472748685
672885,1,7,6,10.370588390020979
672891,1,7,10,11.043937293845
672903,1,7,10,17.291376574556747
672906,1,7,10,3.090863109602654
672911,1,7,9,14.953918745112928
672944,1,7,6,23.050420125891634
672945,1,7,8,8.293315409761286
672950,1,7,4,0.3586790108976326
672956,1,7,5,0.3586789934097332
672967,1,7,1,9.40127743758488
672979,0,7,0,0.011726863445156289
672983,1,7,9,18.612409042277076
672994,1,7,2,12.753172166939663
673000,1,7,1,19.86936029509854
673007,1,7,9,25.230936001147345
673010,1,7,9,12.90574358203479
673024,1,7,2,11.100839957398613
673026,1,7,5,0.3586789934097332
673053,1,7,7,3.521449453720739
673070,0,7,0,0.012800108686550979
673111,1,7,4,0.3586790108976326
673129,1,7,5,0.3586789934097332
673130,1,7,3,1.8903391342041822
673134,1,7,10,7.03826772793479
673149,1,7,1,22.334156565273155
673171,1,7,1,7.109436925791596
673185,1,7,9,25.646562822620638
673197,1,7,9,25.80758994042541
673220,1,7,5,0.3586789934097332
673240,1,7,9,12.027557126246652
673242,0,7,0,0.026444397890694013
673243,1,7,9,24.09408924624486
673253,1,7,8,26.51569984735891
673255,1,7,10,11.491113229651337
673256,1,7,5,0.3586789934097332
673258,1,7,6,13.0778752922631
673261,0,7,0,0.023818674578019075
673267,1,7,10,11.574678957207203
673294,1,7,6,14.45626070023955
673302,1,7,6,15.319411694753875
673313,1,7,9,15.17757674911478
673326,1,7,10,12.436199945015375
673332,1,7,7,3.0312089256062658
673338,1,7,8,17.938545245637204
673349,1,7,6,10.063669630717635
673352,1,7,6,12.153689317279083
673359,1,7,5,0.3586789934097332
673378,1,7,4,0.3586790108976326
673379,1,7,6,18.94655671137498
673387,1,7,9,22.609907686382186
673391,1,7,5,0.3586789934097332
673394,1,7,10,7.836694206068013
673399,1,7,5,0.3586789934097332
673426,1,7,5,0.3586789934097332
673444,1,7,4,0.3586790108976326
673449,0,7,0,0.014021236461154697
673455,1,7,2,10.501477550656977
673462,1,7,8,15.928185117107317
673465,1,7,9,18.05529841274956
673472,1,7,9,7.429150928292287
673473,1,7,5,0.3586789934097332
673487,1,7,1,10.348530648215181
673491,1,7,4,0.358679009087165
673497,1,7,2,14.023558659503184
673500,1,7,7,4.533061677554717
673501,1,7,9,9.984882315898007
673510,0,7,0,0.014338621890301962
673528,1,7,7,4.612318988014194
673535,1,7,5,0.3586789934097332
673539,1,7,8,12.868750714908115
673542,1,7,8,13.824612532289873
673549,1,7,4,0.3586790108976326
673555,1,7,9,18.915882534062828
673567,1,7,10,19.997903921453695
673572,1,7,5,0.3586789934097332
673575,1,7,4,0.3586790108976326
673588,1,7,9,18.769301829900986
673589,1,7,1,21.737276801816936
673592,1,7,7,3.8794339097257207
673608,1,7,5,0.3586789934097332
673626,1,7,2,3.1144648113387587
673642,1,7,4,0.3586790108976326
673648,1,7,8,27.865845998127863
673654,1,7,7,1.4876629769743737
673665,1,7,9,20.436667242476794
673671,1,7,8,16.263593865913464
673672,1,7,10,12.467902200143463
673680,1,7,8,5.425308729123311
673685,1,7,6,8.98827810152417
673706,1,7,6,7.329696075692309
673709,1,7,6,6.814179261898268
673710,1,7,4,0.3586790108976326
673716,1,7,9,24.74567527583555
673718,1,7,8,15.036858987955977
673723,1,7,10,21.259361358570246
673740,1,7,9,20.279011298488886
673747,1,7,9,10.908212110513603
673752,1,7,10,17.610267671243225
673754,1,7,5,0.3586789934097332
673771,1,7,9,14.064786257393521
673774,1,7,1,10.004716612909988
673781,1,7,5,0.3586789934097332
673784,1,7,1,8.41069825159226
673785,1,7,6,9.43080961909343
673788,1,7,6,10.886094229736416
673795,1,7,9,26.21001469047218
673811,1,7,9,10.296042594262019
673813,1,7,8,23.718895005466358
673815,1,7,10,21.226498744963354
673833,1,7,4,0.3586790108976326
673836,1,7,8,4.923070747484687
673856,1,7,8,22.29124666228173
673869,1,7,4,0.3586790108976326
673873,1,7,8,22.51681444739443
673883,1,7,9,12.189945118676738
673906,0,7,0,0.03249115549292188
673913,1,7,6,21.251699631190327
673916,1,7,6,14.642332586200368
673948,1,7,6,20.138679198067464
673997,1,7,4,0.3586790108976326
673999,1,7,1,10.606728864770824
674000,1,7,4,0.3586790108976326
674009,1,7,9,2.900351663240182
674016,1,7,9,2.609049051045836
674035,1,7,7,3.5743506043624858
674043,1,7,8,14.794852028756324
674049,0,7,0,0.01487888657742216
674068,1,7,4,0.358679009087165
674070,1,7,8,22.36320266227981
674077,1,7,5,0.3586789934097332
674091,1,7,1,13.47911272490806
674093,1,7,9,21.605878442410706
674101,1,7,6,20.89789533419877
674126,1,7,10,5.0918796734063685
674135,1,7,8,7.901346776611961
674137,1,7,1,12.40735350547387
674142,0,7,0,0.03851078679977036
674149,1,7,8,12.327416502511381
674172,0,7,0,0.03156265620117897
674174,1,7,9,25.837768846857404
674193,1,7,3,2.3281594291425907
674205,1,7,9,25.467833272995133
674218,1,7,6,23.048697996390114
674235,1,7,10,8.184249132948363
674238,1,7,8,8.660332275272046
674248,1,7,1,18.32667527426457
674253,1,7,10,17.10480885619519
674258,1,7,10,9.475704534600126
674260,1,7,8,10.070094306409077
674270,1,7,9,22.17069173589624
674274,1,7,7,1.7484940531067468
674280,1,7,9,25.043702493598907
674291,1,7,6,19.80484633818861
674292,1,7,6,22.066225495090315
674300,1,7,8,14.375068433212817
674301,1,7,5,0.3586789934097332
674303,1,7,6,15.106799240144039
674314,1,7,6,7.803632105368085
674325,1,7,5,0.3586789949470627
674328,1,7,8,13.722405896293745
674336,1,7,8,27.948735992160714
674339,0,7,0,0.016835577265659107
674365,1,7,6,23.504294732603956
674374,1,7,3,2.3639146696414874
674377,1,7,4,0.3586790108976326
674397,1,7,5,0.3586789934097332
674406,1,7,6,8.45647566541782
674429,0,7,0,0.02572819814505122
674431,1,7,4,0.3586790108976326
674453,1,7,8,12.210120313897512
674461,1,7,3,2.4036299140406587
674476,1,7,9,11.800549980382659
674478,1,7,1,21.62151698678831
674493,1,7,4,0.3586790108976326
674499,1,7,8,16.00894099007491
674501,1,7,4,0.3586790108976326
674516,1,7,9,5.1791132383471
674523,1,7,6,23.52952660206535
674526,1,7,7,1.6455008223940881
674542,1,7,1,20.28217206096769
674552,1,7,6,10.102101196281218
674553,1,7,9,12.922994968405778
674559,1,7,6,13.174409481695184
674578,1,7,5,0.3586789934097332
674580,1,7,7,0.3482267605391243
674582,1,7,1,21.604476228343184
674590,1,7,5,0.3586789934097332
674591,1,7,5,0.3586789934097332
674593,1,7,1,4.354594527485149
674606,1,7,8,12.099875989357296
674632,1,7,6,15.106699420349566
674638,1,7,9,13.542970908281932
674684,1,7,4,0.3586790108976326
674694,1,7,8,6.666588193951634
674710,1,7,9,14.597048670057301
674713,0,7,0,0.018649799178134478
674715,1,7,6,21.981800202710392
674728,1,7,8,2.920670749250138
674730,1,7,4,0.3586790108976326
674733,1,7,6,13.861762880354876
674739,1,7,4,0.3586790108976326
674751,1,7,5,0.3586789934097332
674757,1,7,9,6.423704152647078
674765,1,7,8,24.04385247436349
674785,1,7,9,13.155499385943145
674822,1,7,9,23.252931966700523
674823,1,7,5,0.3586789934097332
674826,1,7,9,15.929593008665229
674827,1,7,5,0.3586789934097332
674829,1,7,9,25.370273450426424
674854,1,7,1,5.12549519143083
674856,1,7,8,15.758937924358545
674865,1,7,8,7.564352875745203
674874,1,7,6,17.45733888430611
674876,0,7,0,0.24503427549287987
674894,0,7,0,0.029502053482039214
674905,1,7,6,22.57546928613564
674908,1,7,10,14.407990805662987
674910,1,7,9,9.247003877634691
674913,1,7,1,12.940336885984001
674927,1,7,5,0.3586789934097332
674939,1,7,9,14.765359508475045
674949,1,7,4,0.358679009087165
674959,1,7,1,11.052083891334831
674969,0,7,0,0.017878277208206415
674986,1,7,4,0.3586790108976326
674993,0,7,0,0.03115949977479067
675006,1,7,4,0.3586790108976326
675027,1,7,6,13.287531567335614
675029,1,7,9,24.41229130469224
675039,1,7,7,4.334803723020739
675043,1,7,8,19.60596747438102
675047,1,7,7,0.6908775329585022
675059,1,7,9,26.365997445122588
675070,1,7,10,5.281340106804343
675071,1,7,6,7.333335935877071
675095,1,7,1,11.761571105414244
675100,1,7,9,14.570078624534943
675109,1,7,9,12.703154381134075
675118,1,7,1,15.955018054539007
675122,0,7,0,0.05775794899668125
675130,1,7,6,16.326849827759233
675137,1,7,10,16.58286623049508
675140,1,7,7,3.1765084036118374
675148,1,7,7,2.003342461937538
675152,1,7,9,14.183416037244053
675157,1,7,9,25.191032732291266
675160,1,7,10,12.031677613772368
675172,0,7,0,0.02672664731956124
675183,1,7,1,23.099487380845034
675188,1,7,1,12.25295338211459
675189,1,7,9,15.32544774328215
675205,1,7,5,0.3586789934097332
675212,1,7,2,1.1459660860892837
675220,1,7,6,22.833359129069287
675233,1,7,5,0.3586789949470627
675251,0,7,0,0.06522387144635512
675252,1,7,10,9.772765008473598
675269,1,7,3,0.7033846974781198
675273,1,7,8,15.913994906026067
675314,1,7,5,0.3586789934097332
675329,1,7,10,19.243157648953453
675338,1,7,5,0.3586789934097332
675352,1,7,8,10.304653605770206
675374,1,7,10,7.17551894418757
675390,1,7,9,22.929792814014096
675399,1,7,8,21.273201578622217
675404,1,7,10,16.278194727592897
675416,1,7,5,0.3586789934097332
675446,1,7,5,0.3586789934097332
675454,1,7,5,0.3586789934097332
675455,1,7,2,7.954813044881843
675465,1,7,10,12.427924664554663
675472,1,7,2,4.577172387387648
675480,1,7,7,1.302012589462491
675486,1,7,6,12.353032612347294
675493,1,7,9,21.329185001614352
675499,1,7,1,18.471545969606765
675507,1,7,10,10.255737367815334
675513,1,7,5,0.3586789934097332
675520,1,7,5,0.3586789934097332
675541,1,7,4,0.3586790108976326
675551,1,7,6,15.695063208237158
675574,1,7,4,0.3586790108976326
675580,1,7,7,2.4658828706236178
675629,1,7,6,22.60134847340202
675634,1,7,5,0.3586789949470627
675659,1,7,6,13.131770018670213
675665,1,7,5,0.3586789934097332
675683,1,7,7,1.602158896148041
675698,1,7,9,24.690778756881496
675701,1,7,10,5.644659354934246
675704,1,7,9,25.530181805824004
675730,1,7,9,6.219027600168811
675742,1,7,9,6.221217516926773
675752,1,7,8,17.900059649829362
675792,1,7,4,0.3586790108976326
675806,1,7,10,21.241817257427837
675808,1,7,8,17.45448850350722
675813,1,7,8,17.187715756827576
675816,1,7,5,0.3586789934097332
675817,1,7,6,14.421880485862664
675822,1,7,10,18.219891492754215
675836,1,7,6,14.062824272241565
675838,1,7,4,0.3586790108976326
675841,1,7,10,10.705813485102109
675842,1,7,5,0.3586789934097332
675844,1,7,4,0.3586790108976326
675851,1,7,9,21.438586421080657
675855,1,7,8,11.958227399206724
675865,1,7,10,9.261417181648007
675885,1,7,4,0.3586790108976326
675892,1,7,9,17.093410081428107
675894,1,7,5,0.3586789934097332
675901,1,7,5,0.3586789934097332
675912,1,7,8,27.684145576037917
675918,1,7,1,11.93677068483646
675931,1,7,5,0.3586789934097332
675936,1,7,8,28.52549725359253
675937,1,7,8,23.18178935961434
675952,1,7,4,0.3586790108976326
675964,1,7,8,27.981893745885507
675965,1,7,5,0.3586789934097332
675968,1,7,4,0.3586790108976326
675971,1,7,5,0.3586789934097332
675973,1,7,6,7.805669911048352
675974,1,7,4,0.3586790108976326
676043,1,7,8,25.790623247837747
676048,1,7,10,7.467141518826741
676058,1,7,9,12.912946657492343
676059,1,7,6,22.592200850729554
676060,1,7,9,16.071529740537596
676071,1,7,3,2.185391922562987
676074,1,7,7,4.498325385804704
676090,1,7,9,16.190194032323088
676093,1,7,10,14.10014465577106
676122,1,7,9,21.538396211097186
676123,1,7,4,0.3586790108976326
676142,1,7,3,2.0908677308089856
676152,1,7,4,0.3586790108976326
676155,1,7,3,2.151516580579982
676186,1,7,10,11.387323699953969
676205,1,7,1,8.156992741399778
676206,1,7,10,19.84966728338755
676212,1,7,5,0.3586789934097332
676217,1,7,6,4.127020866645581
676220,1,7,9,21.10138728428266
676238,1,7,9,14.816101858009278
676239,0,7,0,0.03631083693074798
676240,1,7,9,15.304595893247868
676249,1,7,9,20.988835468198456
676260,1,7,6,8.875422922160736
676281,1,7,9,16.49938716458039
676289,1,7,8,22.624455687722875
676294,1,7,1,20.21587352701183
676302,1,7,5,0.3586789934097332
676304,1,7,6,17.836094436000124
676305,1,7,9,25.602793058028485
676309,1,7,10,16.669128507595392
676323,1,7,4,0.3586790108976326
676324,1,7,6,24.0614478680717
676338,1,7,10,11.36868393090953
676339,1,7,8,12.22881375069452
676362,1,7,6,23.858464187703497
676365,1,7,9,15.036796330731892
676369,1,7,10,12.272308010638874
676374,1,7,9,4.306454093946869
676377,1,7,10,5.266166861111063
676380,1,7,4,0.3586790108976326
676391,1,7,5,0.3586789934097332
676392,1,7,5,0.3586789934097332
676398,1,7,9,24.387260504941366
676406,1,7,10,11.390157479246676
676413,1,7,2,11.839315445004477
676420,1,7,5,0.3586789934097332
676424,1,7,4,0.3586790108976326
676435,1,7,8,26.41433044848545
676438,1,7,4,0.3586790108976326
676444,1,7,8,21.27562190648021
676447,1,7,9,23.343293728420274
676462,1,7,10,6.697773686453574
676474,1,7,8,20.712405135387137
676487,1,7,9,25.31071104417202
676491,1,7,6,5.409036902115947
676494,1,7,1,15.86267891331519
676501,1,7,4,0.3586790108976326
676511,1,7,9,15.979637549284565
676517,1,7,8,12.974202216803445
676519,1,7,7,1.4981067453723866
676525,1,7,4,0.3586790108976326
676528,1,7,6,7.946579436885557
676540,1,7,1,5.202401246283678
676578,1,7,9,25.92904127040955
676594,1,7,8,12.863835494378334
676624,1,7,9,22.19087703569174
676644,1,7,8,14.835854550369804
676647,1,7,6,22.834607707146965
676660,1,7,6,13.511931685210048
676663,1,7,9,10.875036154792207
676665,1,7,9,17.97874440679006
676670,1,7,9,18.71966154740227
676715,1,7,9,9.74174671776842
676721,1,7,8,4.455124702837268
676732,1,7,8,15.359500288774614
676738,1,7,9,25.609491253902373
676744,0,7,0,0.18730547711995318
676752,1,7,10,9.200152017057974
676755,1,7,10,17.315608607915955
676757,1,7,9,18.062578761953496
676758,1,7,4,0.3586790108976326
676770,1,7,4,0.3586790108976326
676777,1,7,4,0.3586790108976326
676781,1,7,8,11.856413845324496
676788,1,7,8,2.9095250944278175
676797,1,7,5,0.3586789949470627
676824,1,7,6,6.103872557092799
676844,1,7,5,0.3586789934097332
676853,1,7,7,4.270814628595173
676861,1,7,6,13.549401145952718
676864,1,7,4,0.3586790108976326
676868,1,7,1,8.619395933478444
676870,1,7,9,5.354467488518509
676871,1,7,5,0.3586789934097332
676879,1,7,6,9.959409352286574
676897,1,7,10,16.834247709729986
676915,1,7,8,8.157083635620483
676952,1,7,9,26.281001425352983
676953,1,7,4,0.3586790108976326
676966,1,7,8,17.11520398432442
676970,1,7,6,19.042918101738042
676981,1,7,2,13.28872404748976
676984,1,7,10,8.524052036761585
676987,1,7,8,9.747717318106007
677013,1,7,9,14.154154621979055
677025,1,7,4,0.3586790108976326
677030,1,7,9,12.846455193261827
677032,1,7,2,8.440145761097648
677048,1,7,6,8.566591318855524
677052,1,7,9,16.393004044927387
677063,1,7,10,10.234090631287344
677078,1,7,9,9.785261805523236
677109,1,7,9,26.39292038812337
677128,1,7,9,4.435472496308938
677148,1,7,5,0.3586789934097332
677162,1,7,8,23.229778441502845
677171,1,7,8,13.44579452106587
677205,0,7,0,0.031840552947388495
677207,1,7,5,0.3586789949470627
677217,1,7,8,28.433660694653003
677218,1,7,10,11.370309947775306
677232,1,7,6,8.867874375436841
677255,1,7,3,1.4178907484553487
677257,1,7,4,0.3586790108976326
677258,1,7,8,10.367592313020113
677262,1,7,4,0.3586790108976326
677263,1,7,8,17.161267450380578
677288,1,7,6,7.890030263109544
677306,1,7,4,0.3586790108976326
677319,1,7,4,0.3586790108976326
677332,1,7,5,0.3586789934097332
677335,1,7,5,0.3586789934097332
677337,1,7,10,17.279925780885915
677361,1,7,5,0.3586789934097332
677371,0,7,0,0.01810185362552221
677378,1,7,4,0.3586790108976326
677388,1,7,1,5.46044911411869
677398,0,7,0,0.022657960231386626
677403,1,7,8,25.646532620607548
677426,1,7,10,9.883750831489504
677446,1,7,9,7.359027424542159
677458,1,7,9,7.330838523491666
677466,1,7,6,22.85129683346245
677492,1,7,6,11.840894079797685
677494,1,7,1,18.09716948543346
677496,1,7,5,0.3586789934097332
677505,1,7,5,0.3586789934097332
677517,1,7,1,15.382276495653358
677536,1,7,8,20.540673613950844
677537,1,7,9,25.36221860658427
677544,1,7,9,11.341818414291897
677546,1,7,3,1.9649730604021447
677571,1,7,6,9.292692016423445
677584,1,7,9,21.659284484356988
677604,1,7,4,0.3586790108976326
677612,1,7,9,15.269900234845283
677616,1,7,5,0.3586789934097332
677629,1,7,9,26.33912364940112
677630,1,7,10,12.316914541419495
677633,1,7,6,23.368130218984607
677638,1,7,5,0.3586789934097332
677658,1,7,9,11.935707801288926
677676,0,7,0,0.02872381890257103
677700,1,7,7,3.729860723687053
677721,1,7,9,24.981277552445373
677724,1,7,8,13.184413699103303
677738,1,7,5,0.3586789934097332
677744,0,7,0,0.024104966388847533
677757,1,7,4,0.3586790108976326
677765,1,7,5,0.3586789934097332
677778,1,7,9,15.233018108548654
677781,1,7,5,0.3586789934097332
677790,1,7,4,0.3586790108976326
677799,1,7,9,21.549206144141422
677800,1,7,9,10.146751469653923
677805,1,7,6,24.028886745918506
677815,1,7,5,0.3586789934097332
677826,1,7,5,0.3586789934097332
677850,0,7,0,0.025813559367146816
677868,1,7,6,15.3223325800706
677886,1,7,5,0.3586789934097332
677889,1,7,6,17.592081172042224
677904,1,7,8,17.179370786912607
677906,1,7,9,25.62545961424679
677908,1,7,9,14.641110630947194
677912,1,7,9,8.343393218333192
677923,1,7,8,19.90207286570922
677925,1,7,7,1.9127728190453839
677934,1,7,8,19.661870232797042
677942,1,7,9,15.432327463803919
677945,1,7,6,10.010596791231878
677949,1,7,2,12.702964892131224
677967,1,7,1,21.663285467858735
677973,1,7,10,14.102706340556495
677976,1,7,2,8.713291729695857
677977,1,7,6,14.067465805645668
677990,1,7,4,0.3586790108976326
677991,1,7,7,4.5066539250785445
677992,1,7,8,11.401034041580939
678027,1,7,10,4.714639726630331
678031,1,7,7,1.1284299911428328
678038,1,7,9,26.23593403115911
678054,1,7,9,18.126932198987653
678063,1,7,5,0.3586789934097332
678076,1,7,9,20.31206730812397
678084,1,7,5,0.3586789934097332
678086,1,7,9,6.328162711200842
678111,1,7,9,22.576195065916195
678121,1,7,3,1.0261996168534258
678131,1,7,8,10.538074685162485
678156,1,7,9,11.816898592640117
678166,1,7,9,15.589703093355007
678168,1,7,6,11.487633346295425
678169,1,7,7,2.4486828604225823
678199,1,7,7,1.122108768383866
678203,1,7,10,16.483288975873613
678215,1,7,5,0.3586789934097332
678221,1,7,7,1.4559458888503312
678229,1,7,8,21.150383568966518
678235,1,7,9,5.378306042479798
678237,1,7,4,0.3586790108976326
678249,1,7,6,16.335849113813513
678250,1,7,6,4.506672348676175
678256,1,7,5,0.3586789934097332
678279,1,7,10,17.361311988769653
678285,1,7,5,0.3586789934097332
678304,1,7,3,2.402909851961062
678315,1,7,1,9.473144884811637
678323,1,7,9,9.54149497828792
678338,1,7,9,17.789242110127876
678346,1,7,6,10.73895239506787
678347,1,7,4,0.3586790108976326
678351,1,7,5,0.3586789934097332
678361,1,7,8,4.37605230079348
678374,1,7,9,26.09694713553291
678381,1,7,9,23.477699479401675
678402,1,7,7,4.231846048279418
678413,1,7,7,2.3529382863590462
678420,1,7,8,26.28960033568624
678436,1,7,9,23.911156119848034
678445,1,7,4,0.3586790108976326
678449,1,7,8,27.30487250323027
678455,1,7,10,9.169353788900235
678472,1,7,4,0.3586790108976326
678476,1,7,10,15.15174391379878
678477,1,7,4,0.358679009087165
678478,1,7,6,17.783295322682
678484,1,7,7,2.292018844608838
678491,1,7,7,3.421494417554806
678502,1,7,7,0.8504136235522073
678503,1,7,1,18.933800476620355
678518,1,7,9,16.07210911507771
678523,1,7,3,2.257925798323345
678528,1,7,9,24.518992408369083
678533,1,7,5,0.3586789934097332
678559,1,7,10,2.991969347842259
678567,1,7,6,22.95481040027841
678571,1,7,4,0.3586790108976326
678573,1,7,3,2.399683543222669
678575,1,7,3,2.4065841375827164
678615,1,7,4,0.3586790108976326
678621,1,7,7,3.5517628331216127
678652,1,7,10,15.282396352268355
678654,1,7,9,20.928782717510312
678655,1,7,8,2.520352628172311
678672,1,7,8,18.937900998833467
678696,1,7,5,0.3586789934097332
678699,1,7,3,2.349454779711557
678710,1,7,8,8.459324799502655
678728,1,7,10,15.981540841362408
678743,1,7,4,0.3586790108976326
678746,1,7,8,4.934944880575458
678748,1,7,3,2.3812930106607753
678755,1,7,10,19.579937602960765
678828,1,7,8,24.652962764054884
678832,1,7,3,2.1496459720026153
678844,1,7,5,0.3586789934097332
678865,1,7,3,2.0848798388971415
678866,1,7,6,22.931835940344502
678871,1,7,6,6.750923250727768
678872,1,7,8,16.083419451646265
678894,1,7,6,6.789110791876867
678905,1,7,8,11.423929299487307
678916,1,7,5,0.3586789934097332
678941,1,7,9,8.207631350707315
678944,1,7,10,20.08631453709872
678961,1,7,8,11.602343763013675
678976,1,7,8,6.497742462932334
678983,1,7,10,6.696143386071224
678985,1,7,5,0.3586789934097332
679002,1,7,9,18.89887700077724
679003,1,7,10,12.953920875164306
679008,1,7,2,12.468437975659162
679018,1,7,4,0.3586790108976326
679023,1,7,4,0.3586790108976326
679027,1,7,6,14.39276562416076
679029,1,7,7,0.7444376819732222
679032,1,7,5,0.3586789934097332
679042,1,7,10,12.681228866460252
679048,1,7,4,0.3586790108976326
679058,1,7,10,17.130940902777397
679081,1,7,3,2.0068479023193113
679095,1,7,8,13.216651058641807
679105,1,7,4,0.3586790108976326
679111,1,7,6,17.869018421315612
679115,1,7,6,20.192089150101697
679126,0,7,0,0.024587625221820373
679142,1,7,6,6.241351319266829
679144,0,7,0,0.012252612255902072
679146,1,7,3,2.4276930544809834
679155,0,7,0,0.21691137736187474
679156,0,7,0,0.020131523789036782
679159,1,7,6,12.244484924438643
679165,1,7,6,17.272005973740846
679167,1,7,9,21.7725005322871
679172,1,7,5,0.3586789934097332
679174,1,7,6,9.569420359732257
679206,1,7,3,2.3876999998235355
679208,1,7,8,13.480727353886158
679245,1,7,8,25.33567174399367
679246,1,7,5,0.3586789934097332
679251,1,7,9,9.900652132408801
679263,1,7,2,8.551576832080917
679267,1,7,10,12.366096278049366
679271,1,7,8,10.995257142316296
679273,1,7,5,0.3586789934097332
679275,1,7,8,18.414432459172502
679287,1,7,3,1.8142285258121178
679298,1,7,2,8.292416542762577
679316,1,7,8,17.110973623621028
679330,1,7,5,0.3586789934097332
679332,1,7,8,21.977323113683934
679341,0,7,0,0.03129851177642236
679350,1,7,2,12.29953112950718
679357,1,7,4,0.3586790108976326
679376,1,7,7,4.531527812089208
679380,0,7,0,0.018337282703406618
679386,1,7,4,0.3586790108976326
679390,0,7,0,0.02879202254421926
679416,1,7,2,8.880186723791065
679421,1,7,9,14.581702601300426
679422,1,7,8,25.306551361292993
679430,1,7,5,0.3586789949470627
679432,1,7,9,18.850919004404133
679438,1,7,6,11.269345347312317
679441,1,7,9,16.096817726944046
679444,1,7,3,0.6473178135957118
679446,1,7,8,14.79513517484677
679455,1,7,10,6.913514812171721
679459,1,7,9,22.62404371757768
679461,1,7,10,3.3900871617718353
679465,1,7,6,12.162018751337449
679467,1,7,6,16.68932957425203
679486,1,7,4,0.3586790108976326
679498,1,7,5,0.3586789934097332
679501,1,7,9,8.182742168452593
679502,1,7,9,6.588991231291264
679507,1,7,4,0.3586790108976326
679509,1,7,8,11.397920897485934
679545,1,7,1,9.910461201248431
679549,1,7,2,13.685847414274443
679578,1,7,8,15.63821348496749
679609,1,7,2,8.496868651788732
679611,1,7,7,4.59203236581821
679629,1,7,4,0.3586790108976326
679650,1,7,9,10.624839534752809
679657,1,7,8,18.29015364027175
679686,1,7,10,11.926233576415475
679692,1,7,10,17.968458011911423
679718,1,7,10,5.897916568471008
679728,1,7,8,21.00076874238676
679742,1,7,9,11.346648418140635
679745,1,7,7,1.758295395246459
679747,1,7,7,0.8529652200800621
679779,1,7,10,16.05017033661813
679785,1,7,8,20.047604939533556
679787,0,7,0,0.025454270710223176
679789,1,7,9,16.388317933932903
679791,1,7,2,10.999976799944577
679810,1,7,7,1.4173245739969993
679822,1,7,5,0.3586789934097332
679824,1,7,2,5.910957559322741
679848,1,7,8,19.65826967388731
679854,1,7,10,14.173946761492033
679863,1,7,9,4.605395341313898
679874,1,7,9,3.111625432036219
679875,1,7,9,9.133161886950061
679887,1,7,9,21.277909716357115
679897,1,7,2,11.080755255850281
679899,1,7,7,3.6420354518703717
679906,1,7,6,13.989881865106277
679912,1,7,3,2.380666291350439
679923,1,7,9,6.2193859064142885
679924,1,7,9,21.048326181996657
679932,1,7,9,24.19512320751979
679939,1,7,6,17.59247635748659
679946,1,7,6,17.22163269639446
679966,1,7,5,0.3586789934097332
679976,1,7,3,1.9689929756776412
680003,1,7,7,2.1947784657730987
680005,1,7,4,0.3586790108976326
680019,1,7,7,2.7738040206676158
680026,1,7,7,4.180505923623763
680032,1,7,5,0.3586789934097332
680036,1,7,6,14.630901646766803
680039,1,7,10,12.787093949780347
680042,1,7,6,11.580766879709516
680048,1,7,8,12.643748693559772
680060,1,7,6,20.728200212787456
680067,1,7,6,22.61861778196745
680071,1,7,6,23.16986391510145
680072,1,7,9,26.341030192042513
680083,1,7,9,10.128142606596311
680086,1,7,10,16.962613517010997
680095,1,7,5,0.3586789934097332
680097,1,7,3,2.1905908906193554
680103,1,7,3,2.3525397850008574
680118,1,7,4,0.3586790108976326
680125,1,7,5,0.3586789934097332
680138,1,7,9,11.292886848006022
680145,1,7,8,12.995194483134837
680152,1,7,5,0.3586789934097332
680153,1,7,9,4.2891762177637265
680156,1,7,8,23.063192090969082
680171,1,7,9,15.346586616317762
680190,1,7,2,13.136290794726182
680194,1,7,5,0.3586789934097332
680203,1,7,5,0.3586789934097332
680204,1,7,9,24.570049588651013
680210,1,7,9,25.709901996561175
680235,1,7,4,0.3586790108976326
680242,1,7,5,0.3586789934097332
680250,1,7,4,0.3586790108976326
680257,1,7,9,14.86492490941663
680277,1,7,5,0.3586789934097332
680284,1,7,8,21.5571087719861
680293,1,7,9,15.678574009465292
680298,0,7,0,0.013510142993611682
680363,1,7,7,0.37627253092517543
680369,1,7,2,2.505057226732713
680376,1,7,6,23.620896259211534
680393,1,7,10,17.30506888680976
680400,0,7,0,0.028077598922973207
680412,1,7,8,8.426837316083875
680416,1,7,10,19.485648564297637
680422,1,7,8,17.260106812833083
680425,1,7,8,17.345711920437534
680438,1,7,8,13.456703375314259
680444,1,7,6,20.8869093207808
680448,1,7,9,24.713593550295954
680449,1,7,8,13.18018801592943
680457,1,7,5,0.3586789934097332
680463,1,7,2,8.085828538286398
680468,1,7,4,0.3586790108976326
680476,1,7,9,23.942434572446434
680482,1,7,6,17.05436182103169
680490,1,7,8,15.537947963686351
680494,1,7,9,3.5669156947373812
680498,1,7,2,10.90218945307321
680515,1,7,7,0.34913496347232387
680533,1,7,8,9.165004344582055
680534,1,7,5,0.3586789934097332
680553,1,7,10,12.172042090951877
680561,1,7,6,19.336266923573877
680569,1,7,8,13.305969437599547
680579,1,7,6,15.037555275887637
680590,0,7,0,0.027558443934165143
680597,1,7,9,23.487971172893857
680599,1,7,6,11.283763361190115
680604,1,7,6,18.4560767358117
680629,1,7,6,23.29941356126439
680638,1,7,1,14.788281917866566
680658,1,7,8,16.302612332034077
680661,1,7,10,12.169736529906345
680667,1,7,8,7.759527596772637
680678,1,7,9,25.29475217672152
680697,1,7,8,14.656687236117362
680715,1,7,4,0.3586790108976326
680727,1,7,6,22.182093365023157
680738,1,7,9,11.023634702567353
680744,1,7,1,14.223175679696169
680749,1,7,5,0.3586789934097332
680751,1,7,8,4.180465232072888
680769,1,7,4,0.3586790108976326
680779,1,7,9,25.79692035555375
680804,1,7,4,0.3586790108976326
680806,1,7,1,11.652751653495178
680811,1,7,8,10.949336114988647
680831,1,7,8,17.983932209087897
680844,1,7,4,0.3586790108976326
680867,1,7,6,14.52772032221741
680873,0,7,0,0.020684071957871933
680887,1,7,6,17.471805586679526
680891,1,7,8,28.55001099956988
680913,1,7,6,22.06700125503925
680921,1,7,9,23.06808781498289
680926,1,7,8,5.924904019958249
680939,0,7,0,0.012460559661505312
680940,1,7,9,24.65827986088286
680943,1,7,3,2.3232445731067304
680951,1,7,5,0.3586789934097332
680959,1,7,4,0.358679009087165
680962,1,7,5,0.3586789949470627
680970,1,7,2,9.741081719389609
680978,1,7,8,14.149233152089247
680985,1,7,6,16.521020124841982
680999,1,7,4,0.3586790108976326
681001,1,7,4,0.3586790108976326
681004,1,7,10,16.11912714272274
681014,1,7,6,12.526568095455682
681032,1,7,1,5.758559329835182
681058,0,7,0,0.02228242750145202
681093,1,7,9,12.304167977133282
681102,1,7,6,23.238725803390206
681114,1,7,4,0.3586790108976326
681130,1,7,9,25.524933093638243
681141,1,7,2,8.392975714092428
681143,1,7,9,24.125088524595323
681147,1,7,6,23.304404952437643
681152,1,7,8,8.010749215685015
681167,1,7,9,7.056769126785401
681181,1,7,10,11.456310212500357
681186,1,7,9,15.94885374360508
681203,1,7,2,9.449324072013662
681206,1,7,9,8.603378541540481
681214,1,7,9,15.675726363686335
681245,0,7,0,0.03136957601779602
681246,1,7,6,19.426972993399712
681247,1,7,10,9.023073036905872
681255,1,7,4,0.3586790108976326
681260,1,7,9,19.07471493539889
681271,1,7,6,7.425145378566634
681288,1,7,8,13.751007056049621
681289,1,7,6,17.6022156531019
681292,1,7,2,12.572696321896682
681330,1,7,9,14.149979134168671
681355,1,7,8,28.199348372446085
681356,1,7,3,1.1637695926893168
681360,1,7,9,26.157376538095356
681367,1,7,9,22.765539817855867
681397,1,7,7,1.0573748620150223
681403,1,7,8,22.65593848493769
681409,1,7,6,19.285305000271645
681436,1,7,8,22.938331979438946
681443,1,7,10,11.250092699673411
681450,1,7,8,24.823846802119345
681478,1,7,10,11.722900194545245
681523,1,7,3,1.1514207329032833
681530,1,7,8,25.003235717593288
681536,1,7,5,0.3586789934097332
681540,1,7,5,0.3586789934097332
681541,1,7,8,13.752559689081705
681546,1,7,1,20.911898973822066
681548,1,7,8,27.279438871401055
681558,1,7,10,7.483981181359451
681560,1,7,4,0.3586790108976326
681562,1,7,4,0.3586790108976326
681568,1,7,10,4.957678967203878
681578,1,7,8,18.798789535089714
681591,1,7,9,26.48264474593539
681603,0,7,0,0.016681051636897908
681617,1,7,6,12.31511757985093
681618,1,7,8,19.445635120119377
681625,1,7,10,8.108003756332979
681633,1,7,1,9.16061264566614
681638,1,7,1,6.395058395747949
681644,1,7,8,8.658242713592342
681646,1,7,1,6.381938995321129
681652,1,7,5,0.3586789934097332
681657,1,7,6,12.603780949179948
681660,1,7,8,11.042223868631083
681673,1,7,6,16.567893703687616
681674,1,7,3,2.324702045994
681689,1,7,8,16.355477789779727
681713,1,7,7,3.8674428186948546
681723,1,7,9,26.18728162134717
681728,1,7,9,14.881506861924683
681743,0,7,0,0.025549753150078132
681762,1,7,8,16.403693202945988
681781,1,7,9,22.73511148113475
681840,1,7,8,5.095657614294357
681843,1,7,8,5.88713815196907
681849,1,7,8,16.35853517932445
681901,1,7,7,2.5624790150790484
681926,0,7,0,0.01694104324901187
681932,1,7,8,3.3318501177191826
681956,1,7,4,0.3586790108976326
681980,1,7,1,8.019357644687135
681996,0,7,0,0.01250604295198369
682012,1,7,2,12.890110139090407
682032,1,7,8,27.543090278096972
682037,1,7,6,11.520006736857313
682042,1,7,9,13.149554122138694
682068,1,7,4,0.3586790108976326
682080,1,7,1,18.7829395914625
682082,1,7,5,0.3586789934097332
682093,1,7,6,20.14000644413424
682098,1,7,1,22.88068599232876
682111,1,7,8,20.330827371041487
682116,1,7,6,14.570258901941683
682118,1,7,7,3.8850219275420197
682133,0,7,0,0.021106404461395074
682148,1,7,6,23.353279276065443
682160,1,7,5,0.3586789934097332
682176,1,7,4,0.3586790108976326
682182,1,7,8,20.219751169872957
682197,1,7,6,22.864577315658543
682198,1,7,1,7.042323825336711
682203,0,7,0,0.23663444444748585
682207,1,7,8,23.70928829668605
682218,1,7,5,0.3586789934097332
682219,1,7,6,12.099010439056185
682224,1,7,1,21.877339919951993
682234,1,7,1,19.249981172899933
682256,1,7,5,0.3586789934097332
682268,1,7,4,0.3586790108976326
682284,1,7,9,12.497153159038316
682287,1,7,1,20.077681288213686
682299,1,7,4,0.3586790108976326
682302,1,7,10,8.094475670180646
682309,1,7,1,4.03026025104956
682310,1,7,5,0.3586789934097332
682350,1,7,5,0.3586789934097332
682354,1,7,3,2.361209086661983
682371,1,7,7,1.9132726458313927
682379,1,7,6,12.076874090934572
682384,1,7,3,1.352254735360006
682396,1,7,10,5.394417259616152
682401,1,7,4,0.3586790108976326
682412,1,7,6,22.55962465405896
682417,1,7,5,0.3586789949470627
682424,1,7,6,6.311726608609106
682426,1,7,5,0.3586789934097332
682431,1,7,8,8.658127496453405
682464,1,7,4,0.3586790108976326
682476,1,7,9,24.586015483415096
682485,1,7,9,24.56518849204784
682496,1,7,10,7.155093355217848
682523,1,7,9,8.1839424148399
682530,1,7,8,6.739280821929804
682536,1,7,8,20.61332202908443
682539,1,7,5,0.3586789934097332
682552,1,7,8,16.52951158820709
682560,1,7,9,21.259862918577497
682582,1,7,7,4.513520133731108
682593,1,7,8,23.434118112089703
682602,1,7,10,20.782844417371
682607,1,7,2,4.08315785976765
682617,1,7,4,0.3586790108976326
682621,1,7,4,0.3586790108976326
682631,1,7,8,15.21800455603117
682639,0,7,0,0.01829640879969102
682643,1,7,6,19.073103525961592
682648,1,7,9,14.946491337914537
682661,1,7,6,20.731356638900778
682665,1,7,9,21.464683118513523
682693,1,7,6,11.35486559012421
682700,1,7,2,13.836658197424324
682708,1,7,6,11.84072212533898
682722,1,7,6,7.252987714562115
682730,1,7,3,2.405299948808366
682737,1,7,9,5.959184629771995
682741,1,7,6,22.78322424945613
682747,1,7,7,3.145580346449385
682757,1,7,4,0.3586790108976326
682758,1,7,5,0.3586789934097332
682763,1,7,4,0.3586790108976326
682766,1,7,5,0.3586789934097332
682783,1,7,8,10.829567787088866
682831,1,7,4,0.3586790108976326
682844,1,7,8,24.2002433187287
682859,1,7,7,1.9773485265930386
682888,1,7,2,11.492579550467504
682889,1,7,8,16.22631238382839
682903,1,7,4,0.3586790108976326
682940,1,7,10,11.693798226335394
682947,1,7,1,4.073848448162501
682957,1,7,9,9.192025464894021
682962,1,7,5,0.3586789934097332
682963,1,7,5,0.3586789934097332
682970,1,7,8,5.226053851904042
682977,0,7,0,0.02455149995933152
682984,1,7,2,13.772305158841842
682986,0,7,0,0.027934342270552078
682991,1,7,9,22.059849527236878
682994,1,7,7,4.492656754470337
683020,1,7,6,14.500965821849407
683041,1,7,9,24.10375235091062
683044,1,7,6,23.478094729687474
683048,1,7,10,9.82003632543093
683053,1,7,8,14.51480375649238
683055,1,7,1,12.511778300951246
683057,1,7,10,15.081379210158952
683065,1,7,9,25.756724469665585
683074,1,7,8,9.362395296198951
683092,1,7,7,3.785101534052199
683098,1,7,2,11.116353418730382
683105,1,7,6,13.053855337769992
683114,1,7,6,17.86944959694605
683117,1,7,4,0.3586790108976326
683148,1,7,9,23.11119228877309
683154,1,7,5,0.3586789934097332
683168,1,7,9,14.70899992361707
683185,1,7,2,3.552811769687483
683210,1,7,10,15.989053540145314
683212,1,7,6,13.295644102700251
683215,1,7,6,21.639090152290084
683230,1,7,9,5.818267972202993
683233,1,7,8,25.75036405100606
683255,1,7,6,14.830686494385585
683257,1,7,9,13.303412824401235
683268,1,7,9,9.206140245207562
683273,0,7,0,0.024209357582794057
683274,1,7,6,14.696890769081062
683302,1,7,7,1.4258415076965043
683318,1,7,6,18.710037621255573
683336,1,7,5,0.3586789934097332
683351,1,7,8,2.834852250541948
683383,1,7,9,25.310996295174657
683385,1,7,4,0.3586790108976326
683395,1,7,9,22.899110456865497
683434,1,7,6,13.577030948044445
683448,1,7,6,12.35909951590898
683462,1,7,9,13.632798570778236
683471,1,7,8,25.89660793462569
683472,1,7,1,6.773585539147669
683488,1,7,5,0.3586789949470627
683493,1,7,9,16.470778671671138
683504,1,7,10,13.2547319520996
683506,1,7,2,7.288874169442381
683507,1,7,6,22.50148608682059
683510,1,7,6,15.55013727431657
683522,1,7,6,22.121476360515242
683535,1,7,8,26.99029962362121
683543,0,7,0,0.017411707201521878
683555,1,7,5,0.3586789934097332
683568,1,7,5,0.3586789934097332
683570,1,7,4,0.3586790108976326
683586,1,7,1,20.60363556622653
683595,0,7,0,0.013370514636839498
683596,1,7,6,21.728299842580036
683621,1,7,5,0.3586789934097332
683622,1,7,7,3.7605203274208
683631,1,7,10,20.568923178026246
683633,1,7,9,15.90427837884545
683636,1,7,5,0.3586789934097332
683659,1,7,3,2.283267106276135
683661,1,7,6,21.045330029094895
683684,1,7,10,3.1752994766732816
683697,0,7,0,0.012725688003855698
683703,1,7,8,10.547732830710828
683717,1,7,8,26.826005252513283
683725,1,7,1,4.033799404562859
683741,1,7,4,0.3586790108976326
683745,1,7,4,0.3586790108976326
683754,1,7,8,19.92395714828357
683783,1,7,9,15.733064272847036
683787,1,7,8,28.303052270518688
683791,1,7,5,0.3586789949470627
683798,1,7,10,10.260131481182887
683820,1,7,7,4.621089020963207
683835,1,7,1,11.902857092738241
683851,1,7,8,11.07946861428195
683860,1,7,5,0.3586789934097332
683900,1,7,4,0.3586790108976326
683904,1,7,5,0.3586789934097332
683922,1,7,9,10.575967226359698
683930,1,7,6,8.518634129833478
683935,1,7,8,11.494968233299224
683937,1,7,8,23.11811491419252
683946,1,7,10,8.617931263896299
683964,1,7,4,0.3586790108976326
683966,1,7,9,23.39301148082088
683970,1,7,9,24.404515167371162
683979,1,7,8,19.740356108483738
683982,1,7,6,14.766730960571648
684004,1,7,5,0.3586789934097332
684015,1,7,9,8.601428684988166
684023,1,7,9,16.326330676016916
684040,1,7,1,9.988931196272059
684042,1,7,5,0.3586789934097332
684049,1,7,2,5.598433175273233
684055,1,7,8,10.219783800076993
684099,1,7,5,0.3586789934097332
684109,1,7,9,5.748388794505875
684123,1,7,6,23.148705907973824
684127,1,7,9,24.97299638399055
684147,1,7,3,2.0201622620749795
684149,0,7,0,0.027183632576490164
684151,1,7,8,20.779064667012904
684166,1,7,7,3.2076828141333293
684173,1,7,6,4.850969880623676
684175,1,7,6,7.58717526720341
684191,1,7,4,0.3586790108976326
684194,1,7,5,0.3586789934097332
684254,1,7,3,2.4574363480178283
684257,1,7,6,15.28132834360822
684275,1,7,10,12.666943223140049
684276,1,7,8,26.77571109280126
684300,1,7,6,23.033546794838568
684344,0,7,0,0.013018942618654961
684361,0,7,0,0.14339256121818214
684374,1,7,6,15.400588885558435
684376,0,7,0,0.02902661748165412
684383,1,7,1,15.578495079810171
684388,1,7,6,17.40406328487606
684397,1,7,9,24.121633116382068
684402,0,7,0,0.018291107861154513
684428,1,7,10,21.235698129372615
684429,1,7,5,0.3586789934097332
684454,1,7,8,25.695392005678222
684455,1,7,5,0.3586789934097332
684461,1,7,7,1.4265329827191697
684463,1,7,5,0.3586789934097332
684469,1,7,6,22.18388590815398
684477,1,7,9,25.913422266579353
684482,1,7,8,24.01922173275551
684521,1,7,6,21.674713477950533
684539,1,7,8,8.691701246378976
684542,1,7,8,26.27302527573157
684547,1,7,6,15.301459964741165
684557,1,7,1,19.4045522984522
684561,1,7,9,26.068123512596323
684592,1,7,4,0.3586790108976326
684594,1,7,9,17.36663766173301
684595,1,7,6,15.866728610266565
684627,1,7,7,1.4010065958074058
684633,1,7,6,14.419890953821428
684641,1,7,6,10.584939846383383
684650,1,7,8,5.485118568946117
684657,0,7,0,0.03840793953135306
684666,1,7,6,11.702572541979157
684679,1,7,10,15.812026088276468
684680,1,7,6,23.352999183964652
684681,1,7,6,4.2420144156046735
684698,1,7,9,16.69885496653367
684699,1,7,10,5.086081168908082
684701,1,7,2,2.9800968936712944
684706,1,7,6,18.18437810610686
684707,1,7,4,0.3586790108976326
684708,1,7,10,10.661816891535906
684713,1,7,5,0.3586789934097332
684717,1,7,5,0.3586789934097332
684722,0,7,0,0.017765530371859305
684738,1,7,4,0.3586790108976326
684749,1,7,9,14.67952939378632
684762,1,7,9,25.932818753349654
684767,1,7,6,22.51386470912161
684798,1,7,9,25.649374044762865
684806,1,7,6,6.452931486521424
684811,0,7,0,0.013760635750409226
684823,1,7,9,16.209434795247482
684832,1,7,10,15.676071300204564
684842,1,7,8,28.093097730800093
684871,1,7,6,10.342897303483701
684889,1,7,5,0.3586789934097332
684893,0,7,0,0.018027768009258177
684901,1,7,1,12.961360210007335
684917,0,7,0,0.015388622309858952
684931,1,7,5,0.3586789934097332
684949,1,7,9,15.844539088792384
684967,1,7,6,14.539236115685664
684986,1,7,5,0.3586789934097332
684992,1,7,8,4.816087561509636
684994,1,7,10,17.727678066112183
684999,1,7,8,17.6595345238972
685004,1,7,6,7.833109546827471
685025,1,7,6,8.243372989121124
685030,1,7,5,0.3586789934097332
685033,1,7,8,5.735952486853412
685042,1,7,4,0.3586790108976326
685044,1,7,9,25.524612052105212
685048,1,7,4,0.3586790108976326
685049,1,7,4,0.3586790108976326
685050,1,7,9,25.972020537540665
685051,1,7,5,0.3586789934097332
685084,1,7,4,0.3586790108976326
685086,1,7,4,0.3586790108976326
685093,1,7,4,0.3586790108976326
685101,1,7,8,21.4062392160996
685110,1,7,9,26.342083556648703
685123,0,7,0,0.013980562493325167
685141,0,7,0,0.013427239595447992
685158,1,7,9,24.106048644936344
685176,1,7,9,25.040702645856186
685187,1,7,4,0.358679009087165
685195,1,7,1,20.34194560727968
685197,1,7,9,14.282587575246954
685198,1,7,7,4.37188903824086
685242,1,7,7,2.3014030952738125
685245,0,7,0,0.02164435561999802
685246,1,7,5,0.3586789934097332
685255,1,7,6,22.978455619413474
685261,1,7,5,0.3586789934097332
685282,1,7,4,0.3586790108976326
685296,1,7,1,12.004474246487776
685301,1,7,9,23.294196414327317
685307,1,7,9,16.815858770393064
685314,1,7,7,3.132435039817418
685317,1,7,9,16.497687463407612
685320,1,7,4,0.3586790108976326
685321,1,7,6,21.791751544287717
685355,1,7,8,27.105915261857533
685358,1,7,2,2.527044625530346
685372,1,7,6,19.41321742447203
685384,1,7,9,24.613583737101496
685386,1,7,10,11.753045505846417
685395,1,7,10,19.262224332375983
685405,1,7,5,0.3586789934097332
685409,1,7,9,25.75682506921506
685415,0,7,0,0.02381324010956694
685455,1,7,6,6.522097836709985
685471,1,7,1,18.580668725032677
685478,1,7,8,25.78168835765543
685491,1,7,9,20.745421800012114
685501,1,7,6,18.491630614089146
685507,1,7,3,0.8558258088408756
685508,1,7,8,25.29221645695392
685516,1,7,9,5.893189305881505
685524,1,7,9,24.607550044770488
685557,1,7,6,17.494969362164717
685572,1,7,6,16.936257102198987
685576,1,7,7,4.064913438997302
685581,0,7,0,0.017704674217828648
685593,1,7,6,11.614347693535533
685597,1,7,9,14.936377836242686
685599,1,7,10,18.71527149808677
685607,1,7,5,0.3586789934097332
685608,1,7,6,13.885711453808451
685624,1,7,4,0.3586790108976326
685634,1,7,10,20.96869223064151
685644,1,7,4,0.3586790108976326
685650,1,7,8,25.20453615622495
685673,0,7,0,0.053532951827012655
685685,1,7,4,0.3586790108976326
685686,1,7,8,22.361080677970016
685690,1,7,8,16.474438574831865
685691,1,7,4,0.3586790108976326
685692,1,7,6,11.963295811293168
685695,1,7,5,0.3586789934097332
685710,1,7,8,19.467524658165253
685717,1,7,1,14.387662418743911
685728,1,7,9,13.382108974181412
685735,1,7,5,0.3586789934097332
685738,1,7,8,11.3351019662546
685748,1,7,8,18.624089249440438
685762,1,7,9,4.437058454366111
685785,1,7,8,24.814843193869656
685796,1,7,4,0.3586790108976326
685797,1,7,10,7.220518712062002
685809,1,7,3,2.3742314036922827
685831,1,7,5,0.3586789934097332
685832,1,7,7,0.5487497550832625
685833,1,7,6,9.295548371591016
685838,1,7,9,15.443829239750633
685841,1,7,5,0.3586789934097332
685843,1,7,1,21.871038589091796
685845,1,7,10,5.613216441308718
685849,1,7,7,0.44180672352373446
685852,1,7,2,12.438967499095577
685854,1,7,7,1.860142030841839
685867,1,7,2,6.119595155669292
685869,1,7,9,20.682360511252128
685870,0,7,0,0.1364214887145866
685873,1,7,6,20.213953106889537
685879,1,7,6,15.058965405436584
685901,0,7,0,0.24907440529443797
685939,1,7,10,18.147210902129608
685941,1,7,9,4.171645917839316
685954,1,7,9,21.3121267658149
685955,1,7,6,5.302459568317951
685969,1,7,9,6.469935282677318
685970,1,7,2,7.807514529024465
685979,1,7,4,0.3586790108976326
685982,1,7,8,16.09213667059717
686008,0,7,0,0.031322796348675915
686024,1,7,9,11.515176587241152
686030,1,7,3,1.8952309118674233
686032,1,7,4,0.3586790108976326
686036,1,7,6,7.569831509899716
686038,1,7,9,15.968131016333322
686039,1,7,6,5.61075813197615
686087,1,7,6,23.14423626672656
686105,1,7,7,4.417852917502212
686108,1,7,3,2.3838001238950812
686116,1,7,1,9.783455375630655
686129,1,7,9,5.236918536380395
686134,1,7,4,0.3586790108976326
686141,1,7,4,0.3586790108976326
686143,1,7,4,0.3586790108976326
686144,1,7,6,23.366310445692402
686160,1,7,4,0.3586790108976326
686170,1,7,4,0.3586790108976326
686173,1,7,10,13.476264811539517
686176,1,7,9,3.1627799285089115
686183,1,7,9,14.284360345357298
686196,1,7,3,2.1887375988399502
686203,1,7,7,2.3657706207551836
686215,1,7,8,19.408118532464282
686233,1,7,7,0.344737369821475
686245,1,7,9,22.51425286111002
686254,1,7,9,25.74568511329784
686257,1,7,5,0.3586789934097332
686264,1,7,10,20.779000680629494
686267,1,7,9,25.951479158353724
686268,1,7,5,0.3586789934097332
686274,1,7,6,10.494030478072759
686278,1,7,8,24.01044207644308
686294,1,7,4,0.3586790108976326
686320,1,7,1,5.651295492111647
686326,1,7,8,18.920980041932825
686338,1,7,8,25.063828310207906
686343,1,7,6,17.056173601650727
686344,1,7,9,10.709748261975756
686360,1,7,9,18.835405827863987
686366,1,7,6,9.422660416421678
686388,1,7,9,10.516867920649041
686394,1,7,10,19.248026164291048
686395,1,7,9,23.39057691967287
686401,1,7,4,0.3586790108976326
686402,1,7,9,17.07806807800778
686406,1,7,2,12.94220651815317
686420,1,7,8,10.765381805208227
686454,1,7,5,0.3586789934097332
686464,1,7,10,5.928927285465999
686473,1,7,6,23.165424008718958
686478,1,7,8,20.673942513893873
686482,1,7,2,11.834935327666662
686485,1,7,1,5.0074660839189695
686492,1,7,4,0.3586790108976326
686502,1,7,4,0.3586790108976326
686507,1,7,7,3.6476872333628614
686571,1,7,9,21.24910307915317
686580,1,7,2,2.4351557542374813
686582,1,7,5,0.3586789934097332
686624,1,7,6,23.304582706982636
686639,0,7,0,0.0160378001918849
686664,1,7,7,4.6089610207700344
686702,1,7,5,0.3586789934097332
686708,1,7,4,0.3586790108976326
686736,1,7,6,23.649873971563576
686737,1,7,10,10.288072102601062
686742,1,7,6,11.93039784521822
686759,1,7,6,7.373354422643121
686773,1,7,5,0.3586789934097332
686776,1,7,6,22.06126994489422
686785,1,7,10,4.163839599103454
686786,1,7,5,0.3586789934097332
686797,1,7,8,18.914722560653768
686803,0,7,0,0.2132894266551536
686807,1,7,9,16.384118201047833
686825,0,7,0,0.012711638944227858
686843,1,7,3,1.0291200569314432
686848,1,7,5,0.3586789934097332
686863,0,7,0,0.011783176707014145
686868,1,7,8,5.673045780308715
686874,1,7,5,0.3586789934097332
686881,1,7,8,7.241043955608461
686893,1,7,9,18.29756529837541
686914,1,7,5,0.3586789934097332
686920,1,7,10,18.319958976414735
686936,1,7,8,16.05259077547591
686941,1,7,7,4.366341645169684
686950,1,7,1,12.342522619764962
686957,1,7,5,0.3586789934097332
686995,1,7,8,12.884672085802903
687018,1,7,6,6.605853199293752
687052,1,7,3,0.7994639248985712
687059,1,7,6,19.334289725262508
687060,1,7,6,21.610991288544994
687062,1,7,9,14.92530809941223
687066,1,7,8,16.28509594392518
687069,1,7,10,11.386067756422786
687071,1,7,9,22.889569953357167
687075,1,7,7,4.186680844080117
687081,1,7,2,11.594134735995738
687093,1,7,8,4.225589243272846
687118,1,7,3,2.435765781170345
687159,1,7,5,0.3586789949470627
687162,1,7,6,19.40474328488443
687189,1,7,1,14.469039870722288
687192,1,7,5,0.3586789934097332
687193,0,7,0,0.025797163385525318
687201,1,7,2,8.21442993078155
687203,1,7,5,0.3586789934097332
687214,1,7,9,17.123601313278613
687219,1,7,10,8.557226705021453
687223,1,7,2,13.7671313995253
687230,1,7,5,0.3586789934097332
687235,0,7,0,0.016585487655403703
687239,1,7,9,22.554093479278652
687250,1,7,8,23.3852330385176
687254,1,7,9,9.967149388558932
687255,1,7,1,12.033974781577708
687264,1,7,4,0.3586790108976326
687276,1,7,10,9.46103068024965
687277,1,7,5,0.3586789934097332
687280,1,7,1,8.755987097762647
687291,1,7,4,0.3586790108976326
687293,1,7,9,20.593234684822384
687304,1,7,6,14.000117645996225
687328,1,7,9,20.872899709825543
687332,1,7,9,25.954459578942423
687341,1,7,9,15.83157570969326
687342,1,7,4,0.3586790108976326
687347,1,7,4,0.3586790108976326
687355,1,7,5,0.3586789934097332
687358,1,7,5,0.3586789934097332
687365,1,7,4,0.3586790108976326
687375,1,7,7,1.8458565542405405
687394,1,7,8,25.565197406230862
687395,1,7,5,0.3586789934097332
687404,1,7,10,5.442588177557632
687408,1,7,1,18.156766075518423
687412,1,7,4,0.3586790108976326
687431,1,7,5,0.3586789934097332
687461,1,7,10,7.0797982259120875
687472,1,7,2,2.949898535105898
687486,1,7,9,15.656612522212203
687498,1,7,8,9.873284828352292
687503,1,7,5,0.3586789934097332
687506,1,7,9,3.2447821542780164
687510,1,7,8,22.311710056968906
687516,1,7,4,0.3586790108976326
687537,1,7,7,4.402821583915041
687540,1,7,4,0.3586790108976326
687544,1,7,3,2.4412515419047374
687546,1,7,8,24.433279556666385
687551,1,7,6,23.641801101763885
687558,1,7,6,7.89501497768745
687565,1,7,8,21.64156175561913
687588,1,7,9,14.823477343707715
687594,1,7,9,9.935817591494931
687601,1,7,10,18.75437263154417
687641,1,7,10,6.229480907703453
687646,1,7,4,0.3586790108976326
687661,1,7,9,13.9670205706558
687664,1,7,5,0.3586789934097332
687665,1,7,5,0.3586789934097332
687670,1,7,6,4.233631321820157
687679,1,7,9,22.837652071281767
687709,1,7,2,13.08814648530785
687712,1,7,8,24.605657868765633
687729,1,7,2,4.806837554393617
687730,1,7,5,0.3586789934097332
687745,1,7,8,3.764722641922496
687750,1,7,4,0.3586790108976326
687763,1,7,8,9.656483564581038
687767,1,7,8,15.351739854631647
687791,1,7,9,7.052718392959297
687802,1,7,9,25.300446104357217
687807,1,7,8,27.919621859384996
687810,0,7,0,0.01570148229387578
687812,1,7,10,16.136861943777884
687828,1,7,9,19.91400604784023
687837,0,7,0,0.2828041575363406
687839,1,7,3,2.348899041995942
687844,1,7,4,0.3586790108976326
687852,1,7,10,11.963670853939878
687862,1,7,1,18.50611361655606
687871,1,7,1,21.880678190123042
687883,1,7,6,17.459996303754746
687893,1,7,3,1.7337183690220432
687919,1,7,10,15.119379976777305
687931,1,7,3,1.9376369924800572
687951,1,7,4,0.3586790108976326
687958,1,7,4,0.3586790108976326
687961,1,7,10,12.35978408863479
687969,1,7,8,19.672943538096742
687970,1,7,3,2.3713380731114255
687988,1,7,8,19.617033799554605
687989,1,7,1,6.76243213344287
688008,1,7,8,19.36891289025033
688018,1,7,6,7.088333854162433
688020,1,7,4,0.358679009087165
688047,1,7,6,16.35209902506873
688052,1,7,4,0.3586790108976326
688069,1,7,6,24.072886337432575
688071,1,7,5,0.3586789934097332
688073,1,7,9,22.649790427795537
688074,1,7,8,14.152441139086205
688080,1,7,8,14.724747529428175
688083,1,7,4,0.3586790108976326
688090,1,7,3,2.2292311817143826
688105,1,7,8,18.96424599533424
688111,1,7,6,22.850627763960293
688122,1,7,9,24.132934021904106
688155,1,7,5,0.3586789934097332
688166,1,7,8,15.884620738946495
688177,1,7,4,0.3586790108976326
688184,1,7,10,14.567399572782337
688187,1,7,7,1.2050898408094954
688193,0,7,0,0.012876054058584866
688207,1,7,6,16.29380181855629
688215,1,7,9,13.368306669398772
688229,1,7,8,14.987655085919341
688231,1,7,8,21.365739779615012
688245,1,7,5,0.3586789934097332
688257,1,7,4,0.3586790108976326
688260,1,7,1,17.22480628801472
688262,1,7,5,0.3586789934097332
688265,1,7,6,19.098925135910374
688274,1,7,5,0.3586789934097332
688275,1,7,4,0.3586790108976326
688327,1,7,9,26.348923021679393
688329,1,7,9,19.415160422987597
688335,1,7,8,20.189025328440803
688342,0,7,0,0.016328210692695907
688355,1,7,8,15.185843970411419
688362,1,7,4,0.3586790108976326
688373,1,7,10,7.066169850359351
688399,1,7,5,0.3586789934097332
688400,1,7,5,0.3586789934097332
688405,1,7,10,7.44519075534327
688415,1,7,5,0.3586789934097332
688416,1,7,6,7.534544568726712
688427,1,7,9,16.6629929404746
688442,1,7,7,2.1915980453019017
688453,1,7,4,0.3586790108976326
688461,1,7,9,11.545113255574348
688469,1,7,8,25.682094132955672
688472,1,7,10,21.238242738528193
688476,1,7,5,0.3586789934097332
688480,1,7,9,9.348326411494957
688490,1,7,1,17.439285663344254
688500,1,7,8,9.639034180121715
688520,0,7,0,0.02757933548958953
688521,1,7,5,0.3586789934097332
688546,1,7,8,25.834255789658492
688547,1,7,2,13.986578644845485
688579,1,7,8,28.180972022980036
688583,1,7,5,0.3586789934097332
688584,1,7,7,3.300336291963314
688585,1,7,4,0.3586790108976326
688595,1,7,7,0.9817651300440773
688605,1,7,6,12.076103293467915
688607,1,7,5,0.3586789934097332
688609,1,7,4,0.358679009087165
688610,1,7,9,3.725463695544284
688614,1,7,9,24.953423539775226
688626,1,7,10,20.855642183321603
688634,1,7,9,11.069098238015476
688635,1,7,5,0.3586789934097332
688640,1,7,3,1.8141306759750224
688654,1,7,6,23.804353008019216
688674,1,7,9,15.225381080755234
688678,1,7,2,13.647092785584482
688689,1,7,8,15.535228686274268
688696,1,7,9,25.698597498996676
688710,1,7,8,15.06066525579423
688723,1,7,4,0.3586790108976326
688727,1,7,8,8.007961907217638
688761,1,7,4,0.3586790108976326
688780,1,7,2,3.9284123593236107
688791,1,7,4,0.3586790108976326
688795,1,7,6,8.379177610706082
688796,1,7,5,0.3586789934097332
688813,1,7,5,0.3586789934097332
688822,1,7,1,10.752093323328216
688843,1,7,8,25.726297925163188
688850,1,7,6,15.867910827723147
688865,1,7,7,1.4249090523056809
688870,1,7,5,0.3586789934097332
688871,1,7,5,0.3586789934097332
688875,1,7,9,5.783860363658521
688876,1,7,9,25.840247215251196
688883,1,7,10,11.988081554579002
688908,1,7,8,10.768656463991856
688910,1,7,8,6.96299545337075
688922,1,7,8,2.6162906013505784
688960,1,7,9,26.38325049222303
688972,1,7,6,22.119498191880734
688982,1,7,5,0.3586789934097332
688999,1,7,1,6.153187890991445
689005,1,7,9,16.621550259741337
689008,0,7,0,0.03707581837042081
689011,1,7,5,0.3586789934097332
689015,1,7,1,8.493272296536885
689022,1,7,8,20.108908006304773
689032,1,7,6,12.79984629274854
689048,0,7,0,0.014815993756043573
689049,1,7,8,24.317034894162653
689053,1,7,6,6.105710416645906
689066,1,7,5,0.3586789934097332
689071,1,7,10,20.44528959212851
689076,1,7,10,3.375779381684314
689098,1,7,6,7.308775557678714
689099,1,7,9,15.353776769376806
689114,1,7,2,12.163761103204408
689130,1,7,7,4.401873876207534
689138,1,7,8,9.030554765803736
689151,1,7,2,4.980624307972141
689152,0,7,0,0.022523220813291545
689170,1,7,10,17.431407079306975
689173,1,7,9,22.970292721049237
689183,1,7,9,5.947740267287066
689197,1,7,1,18.32445254605845
689229,1,7,1,11.180859177051227
689232,1,7,3,2.4013148218637164
689240,1,7,9,17.71224725807017
689241,1,7,8,24.73676516525398
689253,1,7,4,0.358679009087165
689255,1,7,4,0.358679009087165
689256,1,7,8,10.724294429951083
689263,1,7,4,0.3586790108976326
689268,1,7,9,3.1391926315135046
689271,1,7,2,5.844599758601301
689280,1,7,8,17.057991387217537
689281,1,7,5,0.3586789934097332
689303,1,7,5,0.3586789934097332
689325,1,7,1,18.23874132030986
689332,1,7,5,0.3586789934097332
689337,1,7,6,8.041138821179597
689359,1,7,6,17.3319839106582
689369,1,7,6,18.19969372725981
689373,1,7,5,0.3586789934097332
689384,1,7,5,0.3586789934097332
689400,1,7,10,15.593925298035753
689405,1,7,9,20.643858763530275
689408,1,7,8,20.122186637872424
689423,1,7,8,26.28044300938392
689438,1,7,9,24.542304475414635
689444,1,7,9,25.920432634977878
689448,1,7,6,14.52214072446606
689449,1,7,4,0.3586790108976326
689461,1,7,10,11.591854506311533
689473,1,7,8,27.677477001573205
689479,1,7,1,14.775630830906548
689484,1,7,8,10.622459006914816
689495,1,7,4,0.3586790108976326
689504,1,7,6,15.08893134183829
689540,1,7,6,7.690775965723906
689549,1,7,4,0.3586790108976326
689556,1,7,8,5.994492188059974
689562,0,7,0,0.2096403094466247
689572,1,7,8,23.92632931374808
689575,1,7,9,11.266600646697906
689577,1,7,6,17.474095580233325
689579,1,7,6,22.849712789431887
689584,1,7,8,14.663203143155819
689597,1,7,3,1.9504181320328449
689618,0,7,0,0.020356012375532914
689619,1,7,6,19.330425115172527
689636,1,7,4,0.3586790108976326
689640,1,7,8,9.323111157434873
689641,1,7,8,6.417411627276891
689648,0,7,0,0.012952202702579149
689649,1,7,5,0.3586789934097332
689651,1,7,7,4.482585453569495
689653,1,7,10,19.46347242338564
689663,1,7,10,11.863912444393007
689685,1,7,2,4.421342789433061
689711,1,7,7,3.722908556605489
689723,1,7,4,0.3586790108976326
689737,1,7,5,0.3586789934097332
689739,1,7,1,23.135276340257803
689740,1,7,10,8.616402675819
689748,1,7,5,0.3586789934097332
689752,1,7,5,0.3586789934097332
689755,1,7,9,14.93102798912037
689777,1,7,1,21.037977242358977
689816,1,7,5,0.3586789934097332
689819,1,7,7,4.46259212374219
689820,1,7,6,14.624801219288898
689821,1,7,8,28.175448815145412
689825,1,7,6,15.408610985302072
689826,1,7,8,25.03229320624695
689827,1,7,1,6.502234257316133
689831,1,7,4,0.3586790108976326
689854,1,7,10,21.298514981370296
689859,1,7,3,1.5594113712115574
689878,1,7,9,12.307911423387914
689879,1,7,10,8.548629924386844
689891,1,7,2,8.976348368099249
689900,1,7,8,20.881324236879788
689902,1,7,10,19.573122649465514
689926,1,7,6,9.21207444200895
689933,0,7,0,0.026267489046162933
689957,0,7,0,0.02364055373957018
689970,1,7,9,8.92854100227988
689979,0,7,0,0.07516459752072369
689981,1,7,7,2.7169405370542843
689992,1,7,6,15.152038615535353
689999,1,7,10,18.111412112081325
690016,1,7,10,6.130346363309461
690038,1,7,8,7.837627411250676
690039,1,7,9,10.571623704814687
690082,1,7,6,16.244055887113557
690085,1,7,7,1.8118080228217521
690086,1,7,4,0.3586790108976326
690093,1,7,6,15.318614643944697
690094,1,7,5,0.3586789934097332
690098,1,7,7,3.7186958364093448
690107,1,7,10,3.5733812965922143
690115,1,7,6,14.894845550787174
690127,1,7,5,0.3586789934097332
690129,1,7,6,14.44496843391813
690135,1,7,6,13.713914997553553
690139,1,7,9,26.26496892164712
690188,1,7,4,0.3586790108976326
690202,0,7,0,0.015673340452439944
690215,1,7,10,9.137944560052375
690217,1,7,5,0.3586789934097332
690240,1,7,7,3.6516153881471918
690262,1,7,10,15.50124256412134
690291,1,7,3,2.343031315773514
690293,1,7,5,0.3586789934097332
690311,1,7,9,14.442715841555186
690323,1,7,9,10.45224152998157
690325,1,7,5,0.3586789934097332
690328,1,7,4,0.3586790108976326
690336,1,7,6,10.02393830994735
690343,1,7,8,20.329724256643647
690346,0,7,0,0.018222622696226015
690354,1,7,1,21.335462600795328
690356,1,7,7,2.255654080867475
690361,1,7,9,25.1756020242826
690373,1,7,7,2.668013893146419
690386,1,7,8,19.364931554869482
690407,1,7,3,2.4409331608421128
690416,1,7,8,14.477958561879538
690437,1,7,10,11.48159797359375
690440,1,7,9,25.65712319355916
690451,1,7,6,19.311451639096475
690457,1,7,10,17.744228522227473
690467,1,7,3,1.5344419312161743
690468,1,7,10,6.266743952776017
690469,1,7,2,8.641870231289214
690484,1,7,4,0.3586790108976326
690492,1,7,1,4.822253469652983
690495,1,7,4,0.358679009087165
690499,1,7,4,0.3586790108976326
690521,1,7,9,23.743155942588505
690528,1,7,9,21.24979903355301
690535,1,7,6,10.813935298721594
690548,1,7,8,27.19537963013453
690564,1,7,4,0.3586790108976326
690565,1,7,9,22.38921924437838
690567,0,7,0,0.02732700785280537
690575,1,7,5,0.3586789934097332
690576,1,7,5,0.3586789934097332
690586,1,7,9,17.705128124653513
690596,1,7,1,16.123993588482158
690608,1,7,9,22.601546376486414
690616,1,7,8,18.539580409482042
690627,1,7,5,0.3586789934097332
690634,1,7,6,18.74320599529695
690638,1,7,5,0.3586789934097332
690641,1,7,6,14.565280147292844
690649,1,7,6,11.559276633142844
690657,1,7,2,8.67660261171316
690674,1,7,4,0.3586790108976326
690689,1,7,4,0.3586790108976326
690692,1,7,8,18.522709903958955
690698,1,7,5,0.3586789934097332
690713,1,7,10,7.293697291237403
690728,1,7,1,22.122270463814424
690738,1,7,5,0.3586789934097332
690740,0,7,0,0.023634353506260537
690742,1,7,4,0.3586790108976326
690753,1,7,8,7.237607851033213
690756,1,7,4,0.358679009087165
690779,1,7,1,23.026728614518586
690782,1,7,8,14.378164715792233
690796,1,7,7,4.133073560276074
690813,0,7,0,0.024118499834976204
690824,1,7,6,11.975017401167106
690854,1,7,9,25.485602797475824
690889,1,7,7,0.35784045304438206
690891,1,7,6,12.46862892397726
690912,1,7,4,0.3586790108976326
690925,1,7,8,27.82191267343028
690937,1,7,10,4.275078689339274
690941,1,7,9,16.33999510050513
690951,1,7,8,16.083588915107033
690962,1,7,1,16.29398040159208
690964,1,7,9,4.09585931875386
690972,0,7,0,0.01305392296935798
690991,1,7,9,20.62572733981588
690997,1,7,10,21.192235120403808
690998,1,7,6,21.45012256998295
691017,1,7,6,24.0026698994597
691032,1,7,10,5.476033852011221
691040,1,7,2,13.606597274484988
691048,1,7,4,0.3586790108976326
691058,1,7,4,0.3586790108976326
691064,1,7,9,13.674375027256866
691066,1,7,1,8.730761794773022
691094,1,7,6,10.446023817837384
691097,1,7,8,12.57748994809732
691102,1,7,10,9.73924260464913
691116,1,7,4,0.3586790108976326
691137,1,7,8,28.1746871537052
691143,1,7,4,0.358679009087165
691147,1,7,4,0.358679009087165
691152,1,7,5,0.3586789934097332
691154,1,7,4,0.3586790108976326
691171,1,7,2,6.68768959739643
691172,1,7,7,3.385774452725502
691186,1,7,9,21.83915376302091
691189,1,7,8,16.740832257380667
691192,0,7,0,0.023070516153595618
691194,1,7,8,24.295235390382334
691202,1,7,6,14.788849399720657
691209,1,7,9,23.977939952088644
691212,1,7,8,20.907434448966747
691214,1,7,4,0.3586790108976326
691227,1,7,9,14.031207981015353
691241,1,7,3,0.8665140982891707
691243,1,7,9,23.11026470673743
691244,1,7,9,24.19925251788318
691278,1,7,10,15.095668719672853
691285,1,7,7,2.549040656823534
691292,1,7,8,12.776286220372075
691306,1,7,6,16.940069130823105
691308,1,7,5,0.3586789934097332
691312,1,7,10,15.59438079737254
691319,1,7,9,26.471451238154252
691339,1,7,5,0.3586789934097332
691347,0,7,0,0.028654405611237204
691350,1,7,8,8.529120803381197
691357,1,7,2,1.7809051229903436
691386,1,7,8,13.302140301400467
691403,1,7,9,23.57231313862185
691405,1,7,5,0.3586789934097332
691412,1,7,6,14.522299326207758
691420,1,7,6,22.859926432703496
691433,1,7,8,23.931281785104417
691452,1,7,2,10.858203714058602
691459,1,7,9,12.707482534696735
691461,1,7,1,9.606020589454117
691484,1,7,6,14.308051671102003
691489,1,7,4,0.3586790108976326
691496,1,7,9,22.37503532793322
691527,1,7,8,13.8091621047712
691540,1,7,9,19.424079250441512
691542,0,7,0,0.023679153862512965
691559,1,7,6,13.418800263831601
691561,1,7,8,9.119733866193306
691568,1,7,5,0.3586789934097332
691602,1,7,5,0.3586789934097332
691604,1,7,10,7.148108394170206
691605,1,7,5,0.3586789934097332
691623,1,7,8,9.41725942127899
691629,1,7,9,4.292622054066977
691683,1,7,4,0.3586790108976326
691695,1,7,4,0.3586790108976326
691702,1,7,4,0.3586790108976326
691726,1,7,4,0.3586790108976326
691733,1,7,5,0.3586789934097332
691747,1,7,6,19.139266816477463
691779,1,7,7,1.3115316437593911
691794,1,7,7,4.4577406381504305
691795,1,7,4,0.3586790108976326
691800,1,7,6,13.684887825836658
691824,1,7,1,20.907041937905298
691828,1,7,9,20.308422426374662
691830,0,7,0,0.013233139262877516
691844,1,7,8,23.58151365165104
691846,1,7,6,6.839693984144044
691850,1,7,8,22.972947880153615
691857,1,7,7,1.362113070415664
691866,1,7,4,0.3586790108976326
691873,1,7,9,15.093220863873231
691881,1,7,6,19.78992555315176
691884,1,7,6,23.332736694389446
691891,1,7,6,16.953383469311213
691897,1,7,3,2.1231672834426214
691902,0,7,0,0.02107570550449382
691917,1,7,1,7.282294694560455
691928,1,7,8,26.35337428759219
691936,1,7,6,11.137391087008167
691940,1,7,7,0.7589957211738149
691943,1,7,4,0.3586790108976326
691965,1,7,7,4.0982361571372605
691978,1,7,5,0.3586789934097332
691988,1,7,7,1.0057006981566228
691993,1,7,6,20.292022759080535
692007,1,7,10,11.881014221811684
692015,1,7,10,9.239067726740776
692016,1,7,10,19.680456094678956
692040,1,7,1,22.586766187525242
692048,1,7,8,25.301576221439195
692057,1,7,5,0.3586789934097332
692063,1,7,5,0.3586789934097332
692079,1,7,10,6.764409068669702
692082,1,7,9,23.614659003730832
692084,1,7,4,0.3586790108976326
692086,1,7,4,0.3586790108976326
692089,1,7,4,0.358679009087165
692115,1,7,6,13.38956472476925
692119,1,7,10,4.240428246725096
692132,1,7,8,10.772083544438992
692135,1,7,10,19.02341994441255
692156,1,7,10,13.6172554814744
692157,1,7,8,10.059617248736012
692161,1,7,8,26.64212022906483
692189,1,7,1,17.98732659776089
692191,1,7,4,0.3586790108976326
692193,1,7,9,15.925183249113676
692225,1,7,3,2.3998860608276646
692231,1,7,9,13.79158429548757
692233,0,7,0,0.026294856611539744
692248,1,7,10,10.8176094744013
692249,0,7,0,0.028490372919134498
692260,1,7,9,7.79127058666116
692279,1,7,1,22.23927708730537
692282,1,7,4,0.3586790108976326
692294,1,7,6,4.954742288024959
692312,1,7,4,0.3586790108976326
692317,1,7,6,15.01048500325884
692330,1,7,8,26.32903730678724
692378,1,7,1,18.091060307802728
692391,1,7,6,7.411377085834321
692422,1,7,4,0.3586790108976326
692432,0,7,0,0.013125266573916003
692439,1,7,5,0.3586789934097332
692443,1,7,5,0.3586789934097332
692455,0,7,0,0.012574356935691346
692479,1,7,8,4.5772227234022
692512,1,7,9,5.781498138078341
692521,1,7,9,14.543102967373462
692531,1,7,9,9.57638754864365
692553,1,7,9,5.609077592987554
692565,1,7,5,0.3586789934097332
692578,1,7,9,6.725443345170523
692584,1,7,9,14.89604893985362
692588,1,7,5,0.3586789934097332
692589,1,7,10,15.446196553851774
692594,1,7,5,0.3586789934097332
692610,1,7,6,12.406363816791359
692614,1,7,8,25.799717398113447
692634,1,7,9,15.492008487623053
692639,1,7,8,19.400040792675572
692640,1,7,8,19.575557453620288
692657,1,7,1,6.736385054271612
692665,1,7,8,25.295058588308386
692667,1,7,9,20.634508071673345
692677,1,7,5,0.3586789934097332
692680,1,7,2,3.9027070854251966
692686,1,7,5,0.3586789934097332
692689,1,7,7,2.797381298283912
692693,1,7,2,5.7516983586816375
692695,1,7,5,0.3586789934097332
692715,1,7,9,19.1976702333889
692724,1,7,6,8.423019163039784
692731,1,7,6,7.847731609209765
692734,1,7,1,9.782728408428508
692739,1,7,5,0.3586789934097332
692743,1,7,8,13.018966390449586
692755,1,7,9,5.6465717349429205
692777,1,7,8,19.936396390567502
692792,1,7,4,0.3586790108976326
692803,1,7,6,22.326562260894946
692817,1,7,6,9.75177512638267
692819,1,7,2,8.464394222544954
692841,1,7,7,2.4697317485041284
692842,1,7,8,7.943100230021653
692861,1,7,4,0.3586790108976326
692881,1,7,9,26.26585686103809
692889,0,7,0,0.021570447630111338
692900,1,7,8,16.267237721027136
692914,1,7,2,10.885439106646093
692919,1,7,5,0.3586789934097332
692923,1,7,4,0.3586790108976326
692926,1,7,6,10.239989203409957
692933,1,7,9,11.468473040549998
692942,1,7,6,13.271632180484175
692950,1,7,6,23.03974250026392
692956,1,7,1,8.24897318058296
692968,1,7,8,20.911523782618037
692979,1,7,8,9.66311673187279
692980,1,7,10,10.62393681308896
692983,1,7,5,0.3586789934097332
693002,1,7,7,1.6086920612594615
693009,1,7,10,17.43768630938129
693011,1,7,4,1.5908431959433356
693013,1,7,4,0.3586790108976326
693015,1,7,8,16.854944876306632
693025,1,7,8,28.187429915791057
693033,1,7,4,0.3586790108976326
693043,1,7,10,4.958455151367229
693053,1,7,8,11.046631819361686
693058,1,7,8,23.09379922139693
693073,1,7,1,8.628041867285607
693078,1,7,2,11.464222530723479
693144,1,7,4,0.358679009087165
693146,1,7,5,0.3586789934097332
693153,1,7,9,7.665505476965802
693159,0,7,0,0.022238479128089537
693183,1,7,3,1.865238753177626
693184,1,7,1,22.205073687933996
693209,1,7,1,9.927792387135241
693210,1,7,4,0.3586790108976326
693214,1,7,5,0.3586789934097332
693220,1,7,1,16.261048578707133
693241,1,7,8,28.49212959479758
693242,0,7,0,0.012758161360315134
693281,1,7,10,3.6784234128147495
693284,1,7,8,21.42943803744597
693299,1,7,5,0.3586789934097332
693300,1,7,8,15.016394416111348
693311,1,7,10,15.020505580666022
693327,1,7,8,4.762880027189057
693350,1,7,4,0.3586790108976326
693364,1,7,4,0.3586790108976326
693365,1,7,10,3.923681065302725
693368,1,7,7,4.046778929698488
693373,1,7,4,0.3586790108976326
693374,1,7,9,22.441135598744996
693392,1,7,4,0.3586790108976326
693407,1,7,1,17.5273845683146
693433,1,7,6,11.65980294082361
693434,1,7,10,20.288838313615507
693436,1,7,5,0.3586789934097332
693451,1,7,3,1.2280833306332959
693454,1,7,9,10.409345062069205
693455,1,7,8,17.788206576888594
693457,1,7,6,15.366326371806586
693462,1,7,5,0.3586789934097332
693467,1,7,10,21.311328309624606
693470,1,7,3,2.2384756777757846
693473,1,7,4,0.3586790108976326
693474,1,7,8,12.747018688047218
693476,1,7,10,19.40846653479487
693481,1,7,8,11.406672588700129
693483,1,7,9,12.645102097900853
693492,1,7,9,10.306995068014395
693498,1,7,8,25.75528888797398
693502,1,7,5,0.3586789934097332
693534,1,7,5,0.3586789934097332
693539,1,7,3,1.7224163036811801
693543,1,7,10,12.360979828337227
693568,1,7,1,12.783813939639414
693572,1,7,6,10.204754301452887
693574,1,7,10,10.832186079670233
693580,1,7,2,8.120948893768562
693590,1,7,8,17.0548552135123
693605,1,7,9,15.009510037603519
693613,1,7,4,0.3586790108976326
693614,1,7,2,2.394771786857668
693632,1,7,8,18.824100058962298
693634,1,7,6,11.45867654149786
693639,1,7,1,15.567675141559107
693663,1,7,6,19.533356793837115
693678,1,7,8,23.10276608038124
693681,0,7,0,0.01793302720418937
693708,0,7,0,0.016406826285301535
693735,1,7,5,0.3586789934097332
693751,1,7,9,12.185305041092839
693758,1,7,9,26.461297051892586
693780,1,7,9,17.40627819718268
693792,1,7,10,19.959548420851117
693799,1,7,4,0.3586790108976326
693800,1,7,9,10.870208927751303
693811,1,7,6,16.216755469553192
693812,1,7,8,14.072629794451418
693815,1,7,9,26.046222075476383
693842,1,7,9,19.85578395610655
693847,1,7,10,17.29313763234289
693849,1,7,9,18.012145135377118
693858,1,7,7,4.013992170334408
693862,0,7,0,0.021483125991669794
693876,1,7,8,5.490867545654559
693879,1,7,2,10.978723747157353
693883,1,7,3,1.8330600912839532
693895,1,7,5,0.3586789934097332
693909,1,7,4,0.3586790108976326
693911,1,7,4,0.3586790108976326
693917,1,7,2,13.907583142643222
693921,1,7,10,4.338394389063699
693951,0,7,0,0.028627069847154834
693984,1,7,9,16.69856040838128
693989,1,7,1,20.12011336127569
693995,1,7,2,9.813086767694529
694016,1,7,4,0.3586790108976326
694025,1,7,7,4.647391941123959
694035,1,7,7,2.376500989819109
694047,1,7,4,0.3586790108976326
694058,1,7,9,16.731604656440524
694063,1,7,4,0.3586790108976326
694083,1,7,7,1.1517480595034622
694087,1,7,9,13.370970265437018
694095,1,7,3,2.349740402026591
694098,1,7,7,4.330970313371892
694099,1,7,8,27.59356600041263
694122,1,7,5,0.3586789934097332
694123,0,7,0,0.016363442018690805
694124,1,7,5,0.3586789934097332
694130,1,7,6,12.697629159029335
694155,1,7,6,21.308266290853123
694161,1,7,6,9.23904343265949
694172,1,7,5,0.3586789934097332
694177,1,7,10,20.631446160696008
694183,1,7,3,2.452302226541615
694187,1,7,10,20.089343409791372
694188,1,7,9,17.093499878757545
694205,1,7,9,20.504724849023976
694209,1,7,8,20.355890869377486
694223,1,7,9,9.702850383714575
694227,1,7,6,19.90461622907019
694230,1,7,5,0.3586789934097332
694251,1,7,4,0.3586790108976326
694274,1,7,5,0.3586789934097332
694275,1,7,10,9.80616285185712
694287,1,7,9,18.517720157716553
694304,1,7,9,4.352329329396726
694316,1,7,5,0.3586789934097332
694317,1,7,4,0.3586790108976326
694319,1,7,6,9.165068194443485
694323,1,7,7,1.607340380520156
694331,1,7,4,0.3586790108976326
694373,1,7,8,17.76775269706565
694401,1,7,8,5.913871218885254
694414,1,7,8,25.377648021702708
694422,1,7,5,0.3586789934097332
694431,1,7,8,9.907221741108899
694435,1,7,7,1.8125021078981285
694438,1,7,3,2.370802314106089
694451,1,7,8,21.720836599569882
694464,1,7,4,0.3586790108976326
694480,1,7,9,26.01577013281298
694483,1,7,8,18.156999186994874
694484,1,7,3,2.1386180298022133
694488,1,7,8,6.971704796369594
694489,1,7,6,11.142261527999349
694514,1,7,5,0.3586789934097332
694526,1,7,2,5.504713445580869
694528,1,7,10,11.357893314162085
694536,1,7,4,0.3586790108976326
694537,1,7,9,16.678535597781604
694556,0,7,0,0.026753524916391942
694564,1,7,9,17.266424148222317
694570,1,7,8,11.866463579346858
694584,1,7,6,20.3071118171879
694585,1,7,5,0.3586789934097332
694619,1,7,4,0.3586790108976326
694630,1,7,9,16.173940555398584
694631,1,7,7,4.372629539905688
694642,1,7,6,21.604721958274983
694674,1,7,3,2.1401893759071533
694687,1,7,2,11.21313285475461
694688,1,7,4,0.3586790108976326
694692,1,7,8,21.95054976551045
694698,1,7,8,23.090797097081765
694699,1,7,3,2.439652015672572
694705,1,7,5,0.3586789949470627
694734,1,7,8,3.9335412124413067
694741,1,7,1,16.855764205474724
694742,0,7,0,0.01796938296757479
694758,1,7,5,0.3586789934097332
694770,1,7,6,14.594017985897171
694775,1,7,9,3.3789318521244023
694780,1,7,9,23.95602374991062
694787,1,7,2,12.552020281923108
694826,1,7,8,17.282794937254604
694829,1,7,6,19.45343557208132
694842,0,7,0,0.022766527906575545
694847,1,7,10,5.585364984963747
694850,1,7,1,5.096991291752569
694870,1,7,8,7.389193295858632
694878,1,7,5,0.3586789934097332
694894,1,7,9,4.631585340957197
694900,1,7,9,13.780524762604564
694901,1,7,5,0.3586789934097332
694904,1,7,4,0.3586790108976326
694909,1,7,9,16.796721913321157
694916,1,7,8,26.76448576009766
694953,1,7,5,0.3586789934097332
694955,1,7,6,14.801434378326727
694974,1,7,5,0.3586789934097332
694978,1,7,6,23.338244724132128
694991,1,7,3,1.8373327210458632
694993,1,7,4,0.3586790108976326
694994,1,7,10,7.823986189374173
695005,1,7,1,12.13640892095286
695006,1,7,4,0.3586790108976326
695012,1,7,8,8.055467168737108
695015,1,7,10,16.56164424204596
695017,1,7,8,9.004773861258226
695020,1,7,6,14.776476915534532
695030,1,7,10,21.1962625618158
695042,1,7,10,8.432710924719133
695046,0,7,0,0.020865295773045398
695053,1,7,9,15.898702549236816
695054,0,7,0,0.012458500437156959
695090,0,7,0,0.02964670462659024
695095,1,7,6,14.788272025886682
695112,1,7,9,16.44541189858572
695118,1,7,8,12.329394033997962
695121,0,7,0,0.014304091489435388
695126,1,7,4,0.3586790108976326
695137,1,7,4,0.3586790108976326
695166,1,7,5,0.3586789934097332
695197,1,7,6,11.637387783230897
695201,1,7,9,3.1169704195113215
695216,1,7,6,19.301065244431406
695217,1,7,7,0.7633822000238687
695234,1,7,5,0.3586789934097332
695242,0,7,0,0.025940034458182024
695246,1,7,5,0.3586789934097332
695251,1,7,5,0.3586789934097332
695265,1,7,6,23.15749170019772
695271,1,7,6,14.672345750144238
695282,1,7,8,7.708349609691681
695288,1,7,10,10.829924738471231
695303,1,7,2,12.467303846355263
695320,1,7,9,26.081329014023563
695324,1,7,9,3.8542121085288845
695331,1,7,8,23.411318759126107
695343,1,7,8,14.344249177606814
695347,1,7,1,18.51951724288681
695373,1,7,9,23.043597031174322
695381,1,7,4,0.3586790108976326
695388,1,7,8,3.141031632011741
695390,1,7,9,13.844737397747393
695403,1,7,6,13.517796400075497
695410,1,7,7,4.337263174117557
695417,0,7,0,0.027853661518691793
695432,1,7,5,0.3586789934097332
695448,1,7,1,9.667013531646806
695461,1,7,7,2.2483471398752584
695487,1,7,8,20.25299510128169
695488,1,7,4,0.3586790108976326
695497,1,7,1,6.235227423046325
695500,1,7,4,0.3586790108976326
695514,1,7,1,21.99181636580284
695518,1,7,4,0.3586790108976326
695538,1,7,4,0.3586790108976326
695556,1,7,1,13.683138234872825
695561,1,7,3,2.134749241699708
695570,1,7,6,15.076716355697435
695588,1,7,9,26.100695842856
695592,1,7,6,10.99511849310521
695601,0,7,0,0.03528471971521593
695603,1,7,9,12.812053319646063
695607,1,7,8,17.640304634300094
695611,0,7,0,0.027399386207986903
695612,1,7,6,23.358282300964945
695628,1,7,7,1.1896795425732003
695635,1,7,1,19.84061627704174
695636,1,7,9,5.414951569129619
695638,1,7,3,2.3831652092261018
695654,1,7,10,11.836408875869564
695668,1,7,10,8.712146785412958
695669,1,7,9,26.217558368082315
695690,1,7,1,18.3966856725759
695693,1,7,3,1.9100870625232689
695696,1,7,7,3.5547822074189077
695719,1,7,6,12.077284296234026
695737,1,7,2,12.000206291752662
695739,1,7,9,24.383835535875427
695743,1,7,8,15.782855974264756
695749,1,7,8,8.27691479589442
695754,1,7,4,0.3586790108976326
695759,1,7,8,19.124720270066035
695761,1,7,6,16.675750848795886
695774,1,7,4,0.3586790108976326
695797,1,7,5,0.3586789934097332
695798,1,7,1,18.514260348473524
695828,1,7,4,0.3586790108976326
695843,1,7,10,19.412611731877888
695857,1,7,4,0.3586790108976326
695869,1,7,9,19.906370438091923
695874,1,7,2,2.4577721749857027
695888,1,7,2,0.9853905521546714
695891,1,7,8,16.558199515595874
695908,1,7,8,18.800358941872346
695918,1,7,8,7.295775015452976
695925,1,7,10,16.071494744230804
695927,1,7,4,0.3586790108976326
695934,1,7,1,10.94099473942272
695938,1,7,4,0.3586790108976326
695940,1,7,3,2.3507273399727837
695963,1,7,4,0.358679009087165
695978,1,7,1,12.776533408326019
695983,1,7,4,0.3586790108976326
696000,1,7,6,9.033981417688466
696037,1,7,2,12.34794819009983
696057,1,7,6,11.42582693828975
696058,1,7,9,25.91558162487651
696070,1,7,6,23.865226587329087
696079,1,7,5,0.3586789934097332
696080,1,7,5,0.3586789934097332
696097,1,7,5,0.3586789934097332
696103,1,7,5,0.3586789934097332
696112,1,7,2,13.365323739550455
696115,1,7,8,25.363418996418783
696123,0,7,0,0.02800559929843512
696135,1,7,9,18.59686627237806
696137,1,7,4,0.3586790108976326
696148,1,7,8,13.29671667372075
696158,1,7,4,0.3586790108976326
696163,1,7,9,24.061039928929176
696181,1,7,9,14.583017610050018
696195,1,7,4,0.3586790108976326
696203,1,7,10,11.418317637870109
696205,1,7,6,17.869470765478436
696219,1,7,7,3.442230344406351
696232,1,7,9,19.61115915771222
696241,1,7,2,10.045018394110519
696245,1,7,6,4.642488557191225
696264,1,7,9,20.182717600611113
696279,1,7,10,11.915484098618883
696284,1,7,1,20.349389352090945
696295,1,7,4,0.358679009087165
696301,1,7,7,0.9027463632001596
696305,1,7,8,13.157725698218998
696312,1,7,9,13.634455951131075
696322,1,7,1,16.022645755057308
696334,1,7,6,18.795990452369914
696335,1,7,8,15.788751131497214
696336,1,7,4,0.3586790108976326
696343,1,7,10,19.38841065917651
696344,0,7,0,0.027015917678074732
696359,1,7,4,0.3586790108976326
696361,1,7,1,16.392140702864566
696394,1,7,4,0.3586790108976326
696395,1,7,8,5.133319727606236
696401,1,7,9,13.035284897382343
696411,1,7,10,11.927971422041907
696414,1,7,9,14.388200768914857
696417,1,7,4,0.3586790108976326
696430,1,7,1,5.058296915561951
696442,1,7,9,22.949707246530846
696449,1,7,10,7.099753602452926
696462,1,7,4,0.3586790108976326
696465,1,7,9,21.534888583044733
696479,1,7,8,15.271643788487259
696508,1,7,6,5.454877449913216
696511,1,7,8,12.182659935991794
696512,1,7,9,24.378765960586858
696546,1,7,6,11.452040155723106
696548,1,7,9,20.61967025636881
696555,1,7,4,0.3586790108976326
696580,1,7,8,19.901587375833707
696581,0,7,0,0.03130565562829527
696596,1,7,8,24.31080049941517
696624,1,7,2,8.20329118787292
696635,1,7,5,0.3586789934097332
696640,1,7,5,0.3586789934097332
696642,1,7,5,0.3586789934097332
696643,1,7,10,12.257303992250108
696646,1,7,9,6.8462253157584945
696659,1,7,4,0.3586790108976326
696662,1,7,4,0.3586790108976326
696667,1,7,5,0.3586789934097332
696700,1,7,9,18.230507750219846
696716,1,7,9,19.507565721272496
696733,0,7,0,0.012101874952906181
696738,1,7,9,15.77290763294535
696764,1,7,8,2.3665950628544796
696781,1,7,10,10.23124790741197
696783,1,7,6,9.309700375126834
696808,1,7,1,20.73212900104733
696817,1,7,8,8.227030632388466
696821,1,7,6,20.397872863412747
696824,1,7,8,15.88320192076599
696843,1,7,6,5.470604028229954
696847,1,7,8,25.832199690911057
696852,1,7,8,15.09245326373929
696861,1,7,1,11.363016141762941
696874,1,7,7,0.7675507616835741
696881,1,7,5,0.3586789934097332
696897,1,7,9,4.013602343792669
696898,0,7,0,0.016318194224090685
696908,1,7,2,12.30523926505769
696912,1,7,10,19.46818203031539
696915,1,7,4,0.3586790108976326
696919,1,7,4,0.358679009087165
696924,1,7,1,18.146416878576996
696925,1,7,8,9.379874893814163
696937,1,7,4,0.3586790108976326
696950,1,7,5,0.3586789934097332
696975,1,7,9,18.83819063389047
696981,1,7,3,2.422327001309231
697009,1,7,9,4.48450003197938
697014,1,7,5,0.3586789934097332
697028,1,7,6,17.393716092571342
697033,1,7,6,22.847967281300704
697036,1,7,4,0.3586790108976326
697051,1,7,7,1.9039254433261854
697053,1,7,8,26.2842043575939
697055,1,7,4,0.3586790108976326
697056,1,7,8,24.914362300980198
697059,1,7,6,18.35809258331187
697061,1,7,5,0.3586789934097332
697082,0,7,0,0.016593923317782446
697084,1,7,10,6.898738067277602
697085,1,7,8,28.36913834961462
697093,1,7,4,0.3586790108976326
697096,1,7,1,9.150064373643383
697103,0,7,0,0.019217849079104957
697168,1,7,9,15.425231616458937
697203,1,7,5,0.3586789934097332
697212,1,7,10,21.31159434300608
697268,1,7,9,21.258533104838527
697272,1,7,8,20.612390094505155
697284,1,7,9,12.179647475563463
697298,1,7,9,24.099075582010066
697309,1,7,1,8.659094996878515
697317,1,7,6,7.773378483666163
697338,1,7,10,19.321014897691956
697348,1,7,10,19.136956095566696
697361,1,7,9,25.581523509603525
697367,1,7,8,25.138780218313165
697386,1,7,6,19.849515735921308
697408,1,7,7,4.504789885649968
697415,1,7,6,22.53462870295038
697416,1,7,6,12.31377471251391
697436,0,7,0,0.017236532318223304
697441,1,7,5,0.3586789934097332
697442,1,7,6,6.08362139976825
697444,1,7,9,19.075086034498412
697447,1,7,2,3.4201906280577106
697455,1,7,5,0.3586789934097332
697480,1,7,6,19.05000744484359
697488,1,7,7,2.755116593072903
697494,1,7,8,17.092891467838065
697528,1,7,9,25.545274966288066
697535,1,7,3,2.2556234140421108
697536,1,7,10,10.636489247312227
697542,1,7,9,26.141805859019485
697544,1,7,8,26.774493880633536
697560,1,7,9,16.86250030724835
697564,1,7,9,8.451187722577293
697575,1,7,8,23.662196465655786
697582,1,7,9,23.092044689529818
697606,1,7,5,0.3586789934097332
697619,1,7,6,13.513989382773254
697621,1,7,10,8.271454907236109
697630,1,7,9,15.017417549987528
697660,1,7,9,22.679483827660952
697674,1,7,6,20.473575349740027
697715,1,7,6,11.807746733798453
697716,1,7,4,0.3586790108976326
697734,1,7,9,4.450239491144437
697743,1,7,9,25.515906431028416
697748,1,7,5,0.3586789934097332
697754,1,7,8,25.686908082799327
697760,1,7,7,1.0803572378585786
697767,1,7,5,0.3586789934097332
697780,1,7,2,13.838694858576524
697783,1,7,5,0.3586789934097332
697790,1,7,6,21.74763643391302
697804,1,7,3,2.2946394530714542
697810,1,7,8,2.5077259276657746
697814,1,7,10,16.368464363207394
697816,1,7,8,25.051506415608458
697828,1,7,4,0.3586790108976326
697836,1,7,5,0.3586789934097332
697838,1,7,4,0.3586790108976326
697861,1,7,8,22.743818930571027
697898,1,7,9,12.453335275031378
697916,1,7,2,4.305137516682507
697926,1,7,6,20.836727594476645
697932,0,7,0,0.016059522181727893
697937,0,7,0,0.02026172326210011
697956,1,7,8,14.216005774605302
697964,1,7,8,15.626406695065164
697982,1,7,9,15.269091063318147
697990,1,7,9,14.908243304234473
698008,1,7,8,11.087932130921335
698020,1,7,6,23.940668730807992
698041,1,7,4,0.3586790108976326
698058,1,7,6,21.115268274687537
698076,1,7,5,0.3586789949470627
698104,1,7,9,4.3389032852631875
698114,1,7,10,14.76999818986452
698149,1,7,9,24.950561456734413
698151,1,7,7,3.7283799196130856
698157,1,7,6,23.06065976735362
698159,1,7,3,1.8939945948136607
698160,1,7,1,23.215775225875923
698174,1,7,9,25.307403150398795
698175,1,7,9,17.583703724212892
698187,1,7,8,22.914314411793537
698191,1,7,10,15.743423493259407
698198,1,7,2,10.306807234177722
698220,1,7,10,10.097595243333418
698221,1,7,7,2.7165270615715342
698225,1,7,9,9.736724918365677
698226,1,7,9,25.229895514983394
698228,1,7,10,13.243167413738707
698255,1,7,3,2.112192735764318
698256,1,7,8,26.886574756499346
698263,1,7,5,0.3586789934097332
698271,1,7,8,9.968495798587744
698285,1,7,6,18.19640420288477
698292,1,7,1,9.038849191641106
698324,1,7,10,19.406095886352368
698326,1,7,7,3.853829477086772
698336,1,7,9,24.240626122548043
698348,1,7,7,2.4454573804447595
698373,1,7,5,0.3586789934097332
698392,1,7,2,10.071907350965324
698408,1,7,6,21.193936564039205
698421,0,7,0,0.013539864596653262
698424,1,7,8,2.4582584967575065
698429,1,7,4,0.3586790108976326
698441,1,7,9,4.604352661391596
698451,1,7,10,20.96513562033777
698455,1,7,8,17.231584916803634
698458,1,7,10,16.60168702477746
698462,1,7,5,0.3586789934097332
698466,1,7,5,0.3586789934097332
698476,1,7,3,1.6204390261522676
698502,1,7,5,0.3586789934097332
698505,1,7,5,0.3586789934097332
698540,1,7,2,3.9816100603355356
698561,1,7,9,16.678537614468205
698572,1,7,1,11.376141100139796
698588,1,7,1,12.417024835144112
698591,1,7,9,22.58613152698322
698597,1,7,9,2.649021113134061
698605,1,7,9,23.57539945817502
698612,1,7,5,0.3586789934097332
698619,1,7,8,21.41045521612999
698625,1,7,5,0.3586789934097332
698629,1,7,7,2.5617003355232737
698630,1,7,6,19.19816314657508
698646,1,7,6,18.174506104629014
698661,1,7,7,1.876839810141498
698665,1,7,5,0.3586789934097332
698666,1,7,1,9.06260403198164
698671,1,7,4,0.3586790108976326
698673,1,7,8,13.613162488584718
698674,1,7,9,12.152840223314758
698675,1,7,7,4.181200139741791
698690,1,7,8,22.913068214764504
698697,1,7,10,16.92113894190262
698702,1,7,6,20.317355931556737
698705,1,7,9,17.331016498049895
698710,1,7,9,17.149489204248734
698727,1,7,6,9.8388471131721
698747,1,7,9,15.144621709715828
698748,0,7,0,0.02780623012016456
698761,1,7,9,15.721827223518748
698771,1,7,5,0.3586789934097332
698774,1,7,10,5.019992158388205
698786,1,7,6,12.078810065989726
698797,1,7,5,0.3586789934097332
698799,1,7,9,25.527874579173258
698808,1,7,7,4.020370473151825
698817,1,7,9,25.52988927669969
698833,0,7,0,0.026941387255905568
698841,1,7,5,0.3586789934097332
698843,1,7,6,22.463853687526456
698855,1,7,8,24.355593762016213
698865,1,7,8,10.444366311456898
698869,1,7,9,23.119064917299813
698870,1,7,6,13.253153534743863
698873,1,7,6,24.024020918493466
698896,1,7,6,23.404225378619838
698898,1,7,9,24.13176624215769
698900,1,7,6,7.567915797340335
698937,1,7,4,0.3586790108976326
698946,1,7,9,16.46226046131699
698948,1,7,6,11.854797980223296
698952,1,7,10,12.556180677281715
698956,1,7,5,0.3586789934097332
698957,1,7,8,28.200991410311737
699007,1,7,8,14.421700585520139
699009,1,7,1,22.49242881232101
699013,1,7,5,0.3586789934097332
699018,1,7,10,21.14676991799128
699024,1,7,6,13.709037685588278
699028,1,7,7,0.41388059706821184
699029,1,7,5,0.3586789934097332
699030,1,7,2,11.305756912307809
699032,1,7,5,0.3586789934097332
699052,1,7,6,23.444080691804373
699069,1,7,8,8.75949213698333
699074,1,7,8,15.522245800099867
699102,1,7,5,0.3586789934097332
699104,1,7,4,0.3586790108976326
699176,1,7,6,19.441022867811547
699180,1,7,9,20.002442198226277
699182,1,7,8,16.29350721630915
699199,1,7,2,9.060602962637677
699217,1,7,7,3.6104089250689704
699228,1,7,8,21.553616825776714
699245,1,7,6,9.967611909459443
699253,1,7,4,0.3586790108976326
699270,1,7,4,0.3586790108976326
699271,1,7,8,17.98921952696105
699281,1,7,4,0.3586790108976326
699286,1,7,7,3.24504727116274
699302,1,7,2,5.028760880564693
699311,1,7,9,16.173431201468432
699316,1,7,6,14.59902874155116
699325,1,7,9,18.977143468206943
699353,1,7,9,24.614297816229296
699358,1,7,9,23.707511292627686
699361,1,7,9,10.385258198115025
699365,1,7,3,2.354525476973535
699374,1,7,2,7.03227968329583
699385,1,7,5,0.3586789934097332
699388,1,7,3,2.3855786133874872
699397,1,7,6,5.276527455412555
699401,1,7,4,0.3586790108976326
699437,1,7,1,12.95326383957086
699438,1,7,9,11.279102160508668
699449,1,7,4,0.3586790108976326
699454,0,7,0,0.018875274791632948
699458,1,7,4,0.3586790108976326
699473,1,7,7,2.413843524101457
699487,1,7,8,13.45737832371155
699499,1,7,5,0.3586789934097332
699511,1,7,2,8.711313124228576
699512,1,7,4,0.3586790108976326
699522,1,7,8,24.202601669662926
699526,1,7,1,6.113598887274328
699529,0,7,0,0.01571724633796337
699539,1,7,10,20.72855863175787
699548,1,7,5,0.3586789934097332
699549,1,7,6,23.859684353537414
699561,1,7,10,8.601432901925461
699562,1,7,4,0.3586790108976326
699563,1,7,9,22.751598108106606
699570,1,7,10,19.71701060998816
699571,1,7,9,26.488971550953266
699577,1,7,8,23.60136256366387
699586,1,7,4,0.3586790108976326
699593,1,7,4,0.3586790108976326
699594,1,7,6,14.72173048679895
699617,1,7,6,9.729001774438055
699627,1,7,9,16.963969953811688
699633,1,7,4,0.3586790108976326
699634,1,7,5,0.3586789934097332
699645,1,7,10,12.43901832286066
699654,1,7,4,0.3586790108976326
699665,1,7,4,0.3586790108976326
699678,0,7,0,0.03368227104801663
699680,1,7,4,0.3586790108976326
699684,1,7,9,23.212957968090464
699706,1,7,9,14.094831035189564
699711,1,7,3,2.060862396223079
699716,1,7,8,11.410270330908967
699742,1,7,9,24.60782332475416
699803,1,7,5,0.3586789934097332
699806,1,7,8,11.903478235402666
699813,1,7,8,16.46886302707638
699818,1,7,6,12.600644318904001
699824,1,7,9,14.582378107092158
699835,1,7,5,0.3586789934097332
699842,1,7,2,12.361078701593398
699845,1,7,10,12.24216798020539
699873,1,7,5,0.3586789934097332
699874,1,7,2,11.27851548681575
699887,1,7,5,0.3586789934097332
699912,1,7,9,15.584760330206462
699914,1,7,1,9.2991457997174
699929,1,7,9,22.92868167296026
699939,1,7,10,19.413899355934127
699947,1,7,4,0.3586790108976326
699948,1,7,9,12.387449741402332
699950,1,7,1,20.3003504640488
699962,1,7,4,0.358679009087165
699967,1,7,10,5.443755747399919
699988,1,7,6,22.31884980491489
699993,0,7,0,0.016407033047464444
700016,1,7,10,11.045468407510237
700055,1,7,5,0.3586789934097332
700069,1,7,8,4.596249840772734
700076,1,7,8,2.188118337643657
700079,1,7,10,20.015827392673263
700096,1,7,9,5.319645139809866
700106,1,7,10,10.860571105635254
700131,1,7,5,0.3586789934097332
700151,1,7,1,16.745922782155684
700172,1,7,6,20.624204518286444
700192,1,7,6,20.113729619828117
700196,1,7,8,13.046416943734219
700202,1,7,8,14.316273792936581
700222,1,7,6,14.410324475164938
700228,1,7,8,16.614050854615527
700234,1,7,9,10.098232816015798
700237,1,7,10,8.245806806154865
700249,1,7,3,2.40803217578544
700268,1,7,9,17.602593006203158
700278,1,7,2,13.64233341088784
700282,1,7,8,12.581263848617319
700288,1,7,5,0.3586789934097332
700308,1,7,8,3.401720652772728
700311,1,7,9,16.336768968377307
700316,1,7,8,19.75648760732617
700330,1,7,6,23.393110609902532
700341,1,7,4,0.3586790108976326
700356,1,7,1,18.14437807539062
700363,1,7,5,0.3586789949470627
700370,1,7,10,20.713090108258093
700389,1,7,8,7.972184994046826
700443,1,7,8,23.094546930524274
700449,1,7,2,12.225670983605552
700452,1,7,2,11.637321006633098
700454,1,7,5,0.3586789934097332
700460,1,7,5,0.3586789934097332
700465,1,7,8,17.510895936858134
700466,1,7,2,4.061192280733748
700478,0,7,0,0.026704849555810765
700480,1,7,4,0.3586790108976326
700488,1,7,9,17.862381901296743
700490,1,7,5,0.3586789934097332
700497,0,7,0,0.011953762629857295
700501,1,7,8,23.401625589367114
700510,1,7,5,0.3586789934097332
700515,1,7,6,22.871931447702842
700523,1,7,6,18.826820268961935
700530,1,7,6,21.12133448292686
700542,1,7,6,23.30593947951837
700556,1,7,6,4.129611246370887
700558,1,7,5,0.3586789934097332
700560,1,7,6,12.903506507096893
700562,1,7,7,0.3727189927386288
700564,1,7,5,0.3586789934097332
700571,1,7,8,24.71111885986982
700582,1,7,8,20.530294834208554
700583,1,7,4,0.3586790108976326
700585,1,7,5,0.3586789934097332
700594,1,7,2,10.115839825560661
700606,1,7,5,0.3586789949470627
700607,1,7,10,8.064768956180737
700618,1,7,4,0.3586790108976326
700619,1,7,6,12.801513048222857
700620,1,7,9,15.205311993697347
700623,1,7,3,1.9616590395830353
700641,1,7,5,0.3586789934097332
700643,1,7,9,24.773520725069233
700645,1,7,4,0.3586790108976326
700648,1,7,6,11.62062774541311
700653,1,7,1,7.947871963906525
700663,1,7,1,18.030315584842853
700667,1,7,4,0.3586790108976326
700675,0,7,0,0.02111079556315544
700679,1,7,4,0.3586790108976326
700681,1,7,9,22.442904251196065
700693,1,7,7,4.132473249548919
700698,1,7,6,11.623045292194032
700720,1,7,9,13.363594845579627
700723,1,7,4,0.3586790108976326
700749,1,7,9,14.296331664633486
700774,1,7,8,18.26840825987633
700782,1,7,4,0.3586790108976326
700785,1,7,6,8.27907059141914
700815,1,7,5,0.3586789934097332
700819,1,7,8,17.629743085735342
700820,1,7,6,23.172203892171996
700832,1,7,5,0.3586789934097332
700846,1,7,9,26.1369767909114
700856,1,7,2,12.323168538391748
700886,1,7,8,27.85902579680193
700902,1,7,1,8.15827769638652
700947,1,7,9,25.957958126411462
700956,1,7,4,0.358679009087165
700965,1,7,4,0.3586790108976326
700979,1,7,9,17.214461429076437
700983,1,7,8,26.756844831696018
700984,1,7,10,9.427746761837943
700986,1,7,3,2.16436568935429
700988,1,7,1,6.419954474633402
700989,1,7,8,17.552737281926724
701005,1,7,5,0.3586789934097332
701007,1,7,5,0.3586789934097332
701012,1,7,8,6.980383618433506
701026,1,7,5,0.3586789934097332
701035,1,7,9,14.899152932510361
701048,1,7,5,0.3586789934097332
701063,1,7,5,0.3586789934097332
701072,1,7,7,0.846488800333264
701077,1,7,9,17.327383988261037
701078,1,7,9,19.50514359458936
701089,1,7,10,21.26791105895951
701099,1,7,2,1.1583641078736997
701117,1,7,3,2.151963011269632
701118,1,7,7,3.627419378979834
701123,1,7,4,0.3586790108976326
701127,1,7,8,24.078884224898943
701139,1,7,9,4.021521926451768
701141,1,7,8,23.300521213315417
701157,0,7,0,0.01732522720056614
701170,1,7,5,0.3586789934097332
701175,1,7,8,17.526169042367133
701190,1,7,4,0.3586790108976326
701199,1,7,6,17.36143927865325
701214,1,7,4,0.358679009087165
701251,1,7,5,0.3586789949470627
701253,1,7,8,26.29893875688271
701258,1,7,5,0.3586789934097332
701267,1,7,5,0.3586789934097332
701271,1,7,9,26.219802451708414
701287,0,7,0,0.2926259171864112
701290,1,7,5,0.3586789934097332
701298,1,7,9,6.712113467842664
701306,1,7,4,0.3586790108976326
701310,1,7,5,0.3586789934097332
701318,1,7,8,25.750429776157066
701337,1,7,9,13.452164478785942
701342,1,7,9,21.568249282580705
701349,1,7,2,7.701664000575194
701356,1,7,3,2.3154584735316264
701358,1,7,10,19.523893468244825
701361,1,7,7,3.344866386800515
701367,1,7,1,15.687639284428748
701378,1,7,9,22.995379240080478
701389,1,7,2,2.9350600159815
701390,1,7,6,23.28999391735664
701391,1,7,9,8.266538370772489
701403,1,7,6,16.939365222863845
701405,1,7,4,0.3586790108976326
701412,1,7,6,9.31990923861906
701414,1,7,8,10.846019795616446
701419,1,7,7,0.3418942938419031
701427,1,7,1,23.28461136916467
701428,1,7,9,25.527136356665086
701429,1,7,9,12.944817984830992
701438,0,7,0,0.015701023993515244
701466,0,7,0,0.01416528686165486
701484,1,7,9,25.6974521213372
701511,1,7,8,18.855417398142162
701514,1,7,8,14.59949770411878
701535,1,7,5,0.3586789934097332
701537,1,7,10,10.25893848870289
701551,1,7,9,21.69583758353581
701552,1,7,5,0.3586789934097332
701555,1,7,6,23.800656920954783
701571,1,7,5,0.3586789934097332
701580,1,7,4,0.3586790108976326
701589,1,7,4,0.3586790108976326
701629,1,7,7,4.573842079566183
701646,1,7,9,11.018198014391642
701667,1,7,8,19.12176993857736
701677,1,7,8,2.389353375081867
701681,1,7,7,1.203689478394996
701689,1,7,5,0.3586789934097332
701719,1,7,6,22.1173016666116
701727,1,7,5,0.3586789934097332
701739,1,7,10,4.792342218174724
701745,1,7,9,12.121527378828144
701767,1,7,9,26.123456765280018
701774,1,7,4,0.3586790108976326
701775,1,7,5,0.3586789934097332
701827,1,7,6,7.970711187511753
701833,1,7,6,11.850303738684685
701853,1,7,7,1.0594346919175404
701858,1,7,8,18.369121309989893
701870,1,7,7,2.545956115431506
701886,1,7,8,20.38066167105883
701892,1,7,10,20.17397978747961
701907,1,7,8,24.75058159911748
701908,1,7,9,20.102416640885924
701912,1,7,6,21.319262805313098
701918,0,7,0,0.027267765311790208
701921,1,7,8,12.039805058340656
701934,1,7,8,9.873947431239484
701939,1,7,9,15.968048787726355
701941,1,7,8,21.635936544653713
701944,1,7,4,0.3586790108976326
701958,1,7,6,19.326103961616912
701977,1,7,8,7.956889139574616
701983,1,7,4,0.3586790108976326
702003,1,7,10,8.001173138441061
702007,1,7,4,0.3586790108976326
702009,1,7,6,14.298490152177276
702034,1,7,8,27.32635297184827
702036,1,7,10,4.75672663640868
702037,1,7,4,0.3586790108976326
702057,1,7,8,7.685769812063142
702062,1,7,5,0.3586789934097332
702109,1,7,9,20.290427389280588
702120,1,7,9,25.496024089147525
702138,1,7,4,0.3586790108976326
702140,1,7,6,20.730753952591172
702148,1,7,8,19.09419052850243
702168,1,7,1,16.22891130912318
702169,1,7,7,4.312709136760465
702170,1,7,9,13.1414832159201
702189,1,7,6,5.907709769302995
702193,1,7,9,24.096567961711862
702203,1,7,9,6.072229616271371
702222,1,7,10,6.744400686257489
702229,1,7,4,0.358679009087165
702231,1,7,10,14.521335195771472
702265,1,7,5,0.3586789934097332
702267,1,7,10,18.83266546193369
702274,1,7,4,0.3586790108976326
702288,1,7,6,11.200313148894175
702289,1,7,6,13.739495504567529
702309,1,7,5,0.3586789934097332
702324,1,7,6,8.43796939838914
702330,1,7,6,17.27447303958838
702337,1,7,2,10.403812715053286
702348,1,7,9,11.152296396441816
702350,1,7,10,20.170966182291803
702363,1,7,6,23.58893523615869
702369,1,7,8,13.293027196813348
702376,1,7,3,1.9545076338247445
702378,1,7,7,1.699189282769186
702400,1,7,5,0.3586789934097332
702420,1,7,1,19.23827400420217
702423,1,7,10,9.297733595473128
702425,1,7,1,17.264415657363568
702426,1,7,4,0.3586790108976326
702428,1,7,8,7.3382817028304235
702432,1,7,7,2.5142457365030095
702442,1,7,4,0.3586790108976326
702443,1,7,4,0.3586790108976326
702455,1,7,10,8.235891658917339
702456,1,7,9,13.891482066449127
702457,1,7,5,0.3586789934097332
702469,1,7,5,0.3586789934097332
702475,1,7,8,15.98856369694182
702477,1,7,6,5.3644797326388804
702488,1,7,6,7.432271340774751
702516,1,7,6,13.876504590662162
702518,1,7,7,1.3178151037402166
702524,0,7,0,0.012184425144773131
702526,1,7,6,23.856065346345822
702536,1,7,2,10.23024783722006
702556,1,7,9,21.324211905504942
702563,0,7,0,0.016601571962492317
702570,1,7,10,10.838433076045767
702572,1,7,7,1.8577084786920686
702573,1,7,9,22.139400798705758
702576,1,7,6,7.600746906173441
702614,1,7,7,3.282999253744727
702623,0,7,0,0.03364302901470698
702636,1,7,9,14.972769389523625
702656,1,7,8,6.8940324810601945
702658,1,7,10,11.08887288249347
702674,1,7,9,10.107529897920223
702686,1,7,7,1.2617456010616082
702693,1,7,9,16.420949006442907
702717,1,7,4,0.3586790108976326
702733,1,7,8,22.065814800983105
702735,1,7,7,2.6424617674253983
702741,1,7,2,9.92927370267408
702758,1,7,4,0.3586790108976326
702767,1,7,1,17.936293298121193
702777,1,7,6,21.042637191545786
702814,1,7,9,26.38669833496401
702820,1,7,4,0.3586790108976326
702826,1,7,6,7.63000518433169
702835,1,7,9,23.1223677534538
702851,1,7,7,4.145664483824277
702861,1,7,1,15.291243456968234
702879,1,7,6,23.38550177483369
702904,1,7,8,25.548013431496603
702915,1,7,8,25.557679659764062
702926,1,7,10,8.689910107141625
702938,1,7,8,18.634141889598258
702969,1,7,9,23.5347708908113
702976,1,7,5,0.3586789934097332
702996,1,7,9,24.78957843898547
703001,0,7,0,0.02518399484247954
703015,1,7,4,0.3586790108976326
703016,1,7,9,25.526025060290724
703029,1,7,8,28.506296598946857
703049,1,7,8,12.857767962420828
703054,1,7,5,0.3586789934097332
703064,1,7,5,0.3586789934097332
703068,1,7,5,0.3586789934097332
703071,1,7,6,19.182366058077065
703080,1,7,9,24.7851420217932
703081,1,7,7,4.557410797491624
703104,1,7,7,2.329769415999289
703117,1,7,2,11.355724771570484
703120,1,7,1,18.535517709580567
703121,1,7,8,22.239232267620416
703122,1,7,9,15.234299761417908
703133,1,7,5,0.3586789934097332
703154,1,7,9,6.235520380397035
703177,1,7,9,14.259054581951416
703187,1,7,10,11.481140538251081
703199,1,7,4,0.3586790108976326
703202,1,7,10,20.10689601294099
703206,1,7,6,12.293649595859476
703226,1,7,3,1.7214670156213565
703236,1,7,3,2.377206461564771
703248,1,7,9,6.805124123789045
703264,1,7,8,15.037682995094135
703269,1,7,1,17.51625600685414
703284,1,7,1,17.982496988785712
703290,1,7,2,6.643789039650831
703293,1,7,1,13.233127966465016
703296,1,7,6,15.805649469522532
703302,1,7,9,14.892771549801234
703311,1,7,9,25.697499203584965
703312,1,7,1,22.170361484349836
703335,1,7,9,26.46198003404293
703339,1,7,10,16.03764092910574
703345,1,7,6,17.243695285272846
703355,1,7,5,0.3586789934097332
703358,1,7,5,0.3586789934097332
703364,1,7,9,18.33543743878123
703377,1,7,4,0.3586790108976326
703382,1,7,6,14.644025757833393
703385,1,7,5,0.3586789934097332
703389,1,7,8,10.912577353440339
703407,1,7,7,4.40303163513856
703415,1,7,8,18.765195234203958
703416,1,7,9,21.430482639436338
703448,1,7,8,14.848252439699124
703466,1,7,8,5.461827579807749
703476,1,7,5,0.3586789934097332
703485,1,7,8,21.892068957343476
703486,1,7,6,21.0667019021742
703496,1,7,8,14.424602016253278
703498,1,7,10,8.537472231246994
703508,1,7,5,0.3586789949470627
703511,1,7,4,0.358679009087165
703517,1,7,10,11.276626247490983
703520,1,7,7,3.9037384998147453
703522,1,7,8,10.377517268081615
703524,1,7,8,19.752575104526827
703546,1,7,5,0.3586789934097332
703565,1,7,5,0.3586789934097332
703568,1,7,5,0.3586789934097332
703576,0,7,0,0.03214939778489302
703600,1,7,6,12.930526018301572
703602,1,7,5,0.3586789934097332
703608,1,7,9,25.27591748258094
703627,1,7,6,23.751695395104736
703641,1,7,6,19.81715184665563
703649,1,7,5,0.3586789934097332
703651,1,7,2,6.7030117003492595
703655,1,7,5,0.3586789934097332
703688,1,7,4,0.3586790108976326
703703,1,7,9,21.58146932234389
703732,1,7,9,10.944784491573232
703735,1,7,4,0.3586790108976326
703750,1,7,7,1.7532757631554199
703756,1,7,4,0.3586790108976326
703758,1,7,10,16.590194914750967
703784,1,7,5,0.3586789934097332
703787,1,7,6,7.980832498942579
703817,1,7,2,9.537477558393798
703819,1,7,7,4.145994188771977
703823,1,7,8,17.958725404714006
703830,1,7,9,9.18973675997065
703856,1,7,6,19.34873311225946
703865,1,7,1,6.474743527190091
703867,1,7,8,27.765180803472248
703872,1,7,4,0.3586790108976326
703884,1,7,6,10.877144997386045
703886,0,7,0,0.027301149815378383
703890,1,7,1,21.055605527334464
703893,1,7,1,23.05021665834222
703896,1,7,1,9.013847548974844
703898,1,7,5,0.3586789934097332
703908,1,7,6,8.867530876932742
703912,1,7,6,14.492801533486205
703916,0,7,0,0.024898527336413102
703927,1,7,9,16.89690155539316
703928,1,7,10,16.712427119554235
703932,1,7,2,9.819540963236596
703945,1,7,5,0.3586789934097332
703955,1,7,7,4.393783341183859
703956,1,7,6,11.635364304521728
703959,1,7,8,17.291952988863102
703973,1,7,10,11.369666298939842
703974,1,7,8,16.658691019993782
703995,1,7,6,9.569156978318519
703996,1,7,6,15.960171388531425
704012,1,7,6,6.185124358539003
704020,1,7,9,16.4267551906683
704031,1,7,6,11.194090766677723
704052,0,7,0,0.014656558435823483
704056,1,7,1,9.239699263599467
704075,1,7,9,11.012934026067441
704079,1,7,8,26.67222329388458
704103,1,7,9,26.337846554352737
704147,1,7,9,15.544218625377415
704157,1,7,8,15.33245699290144
704158,1,7,4,0.358679009087165
704160,1,7,8,6.266686155760609
704173,1,7,6,21.37098815595925
704188,1,7,7,1.7194621176140075
704194,1,7,6,19.722423747469268
704198,1,7,7,1.43205672805214
704201,1,7,7,1.876260353570967
704225,1,7,4,0.3586790108976326
704250,1,7,5,0.3586789934097332
704294,1,7,1,4.598434885186144
704295,1,7,5,0.3586789934097332
704306,1,7,5,0.3586789934097332
704310,1,7,3,2.4285557585257274
704312,1,7,3,1.9801695678245488
704326,1,7,8,12.943895808196721
704332,1,7,1,17.96274465227175
704335,1,7,8,24.040475986871204
704337,1,7,8,16.631878689082594
704341,1,7,9,24.111308223165928
704343,1,7,5,0.3586789934097332
704344,1,7,3,0.6215475535343051
704351,1,7,4,0.3586790108976326
704358,1,7,6,23.030253672493743
704378,1,7,7,4.58920051482058
704395,1,7,8,8.688161132639344
704398,1,7,5,0.3586789934097332
704404,1,7,8,14.467148028622598
704408,1,7,5,0.3586789934097332
704409,1,7,8,3.1534534895923607
704414,1,7,3,2.3723139637666346
704419,1,7,10,14.506401507162652
704426,1,7,5,0.3586789949470627
704428,1,7,9,14.552299124896797
704437,1,7,10,20.79604089222223
704440,1,7,6,21.108756044291834
704453,1,7,6,10.348787984874216
704459,1,7,8,22.601430822729522
704480,0,7,0,0.2154247266270477
704493,1,7,8,28.49473682754196
704497,1,7,8,5.939349025286753
704500,1,7,9,26.372384279173545
704508,1,7,4,0.3586790108976326
704512,1,7,10,12.054491604325358
704526,1,7,4,0.3586790108976326
704530,1,7,6,23.075217978004613
704532,1,7,9,25.957530070038256
704538,0,7,0,0.013741408671611128
704546,1,7,1,17.673229135037076
704551,1,7,5,0.3586789934097332
704552,1,7,1,7.22711629771839
704556,1,7,7,3.338309675880982
704558,1,7,4,0.3586790108976326
704572,1,7,8,13.440432113890658
704576,1,7,10,10.262568487965476
704610,0,7,0,0.178682494904345
704616,1,7,1,16.783629059402955
704629,1,7,6,12.359610740925543
704632,1,7,9,22.880931591327364
704635,1,7,4,0.3586790108976326
704636,1,7,8,27.703763352203406
704637,1,7,3,0.8054333126861679
704639,1,7,5,0.3586789934097332
704641,1,7,8,13.458274368609139
704648,1,7,8,18.14002653620887
704669,1,7,6,23.623690561075488
704676,1,7,6,19.20084837632284
704680,0,7,0,0.026459058771680838
704681,1,7,5,0.3586789934097332
704703,1,7,6,15.654434822899509
704704,1,7,9,5.449221981733636
704711,1,7,2,12.255226901103615
704719,1,7,10,9.352576683206976
704726,1,7,5,0.3586789934097332
704731,1,7,1,9.956814502922041
704738,0,7,0,0.1925938720197159
704746,1,7,9,14.261931325919074
704796,0,7,0,0.2282732173876119
704826,1,7,7,3.749733097822418
704829,1,7,9,14.979422265753055
704830,1,7,4,0.3586790108976326
704836,1,7,5,0.3586789934097332
704854,1,7,6,12.226519927584485
704865,1,7,5,0.3586789934097332
704868,0,7,0,0.018694033165321835
704873,1,7,4,0.3586790108976326
704891,1,7,8,18.813510041427065
704895,1,7,9,6.7364402817197195
704898,1,7,8,16.623049815749987
704907,1,7,5,0.3586789934097332
704910,1,7,4,0.3586790108976326
704921,1,7,4,0.3586790108976326
704923,1,7,5,0.3586789934097332
704926,1,7,5,0.3586789934097332
704936,1,7,9,12.477618045161037
704937,1,7,9,6.722021405250625
704962,1,7,9,17.414184091162262
704964,1,7,5,0.3586789949470627
705001,1,7,1,3.9687521920857303
705012,1,7,5,0.3586789934097332
705016,1,7,5,0.3586789934097332
705023,1,7,3,2.3496259237826673
705028,1,7,9,26.418398465436354
705031,1,7,4,0.3586790108976326
705035,1,7,6,14.700639360521384
705063,1,7,3,0.6213767682273647
705082,1,7,3,2.395594034366839
705084,1,7,4,0.3586790108976326
705094,1,7,9,13.839877336315546
705096,1,7,9,25.969113522305243
705099,1,7,6,16.163261820863678
705124,1,7,1,21.60093945717886
705143,1,7,3,2.3822255124534943
705150,1,7,10,8.180638225652768
705157,1,7,5,0.3586789934097332
705165,1,7,1,11.161205937625173
705178,1,7,8,23.12375630499125
705200,1,7,10,11.043217830437191
705209,1,7,8,22.42262273034894
705215,1,7,6,23.590187852903
705217,1,7,1,6.747718967620631
705245,1,7,5,0.3586789934097332
705247,1,7,1,9.984326590767509
705249,1,7,4,0.3586790108976326
705262,0,7,0,0.029436839412387773
705288,1,7,6,8.666293541366194
705305,1,7,4,0.3586790108976326
705311,1,7,1,3.775232090857155
705318,1,7,9,7.874930169296139
705319,1,7,3,2.182695966886022
705322,1,7,10,4.446651482780075
705346,1,7,8,4.68962062830946
705353,1,7,10,14.687650128213049
705359,1,7,5,0.3586789934097332
705364,1,7,9,14.180914765400113
705371,1,7,7,3.8756888699795287
705377,1,7,8,19.379204897494336
705381,1,7,9,12.400160541514168
705401,1,7,8,7.514185537602236
705403,1,7,9,23.08649554690047
705406,0,7,0,0.0191794257396522
705407,1,7,6,13.533012359838727
705416,1,7,8,17.5372430038196
705417,1,7,5,0.3586789934097332
705441,1,7,5,0.3586789934097332
705464,1,7,1,20.667842466374793
705469,1,7,6,10.340716135967984
705473,1,7,4,0.3586790108976326
705476,1,7,8,17.577888430310686
705484,1,7,6,5.829624497152267
705485,1,7,9,20.689076546385895
705486,1,7,5,0.3586789934097332
705494,1,7,10,5.854332717807516
705495,1,7,8,17.2327057022327
705498,1,7,8,13.514700886562686
705501,1,7,8,14.292292625771008
705524,1,7,5,0.3586789934097332
705525,1,7,1,11.297229046432422
705529,1,7,5,0.3586789934097332
705554,1,7,1,15.912512228275377
705564,1,7,7,3.2038086865069273
705567,1,7,8,16.154571236419233
705574,1,7,1,10.637587895131539
705575,1,7,6,7.052072964237079
705580,1,7,9,25.951516710293248
705585,1,7,8,14.513914337332434
705598,1,7,3,2.352194689399497
705600,0,7,0,0.04881397077608831
705605,1,7,7,3.0131419461307822
705613,1,7,9,9.861473992687515
705645,0,7,0,0.18744765009257758
705658,0,7,0,0.022547578595550632
705678,1,7,6,11.12810231472304
705681,1,7,9,24.308907469943033
705687,1,7,5,0.3586789934097332
705712,0,7,0,0.26388609963826193
705730,0,7,0,0.015587351350431357
705735,1,7,10,19.26684573348819
705743,1,7,4,0.3586790108976326
705758,1,7,4,0.3586790108976326
705794,1,7,6,23.359576185174774
705799,1,7,6,23.16051530728558
705805,1,7,6,13.393331888655883
705824,1,7,4,0.3586790108976326
705834,1,7,7,0.771771587183967
705835,1,7,8,25.76263322933201
705844,1,7,1,6.257538621224469
705863,1,7,8,24.012573380135176
705892,1,7,9,13.803714993647748
705899,1,7,8,12.021274669356728
705911,1,7,8,16.283428704602414
705917,1,7,6,14.433842625659818
705923,1,7,9,12.339052089596915
705931,0,7,0,0.0364782485438272
705943,1,7,10,21.246717889785337
705950,1,7,9,12.671674132189645
705952,1,7,9,23.292441167230866
705964,1,7,5,0.3586789934097332
705981,1,7,8,20.133445895952836
705985,1,7,6,14.359105107439202
705999,1,7,9,22.41209538110964
706002,1,7,9,22.42577248261701
706004,1,7,9,26.34217816110142
706008,1,7,2,8.049995693014514
706010,1,7,8,23.47923157590096
706026,1,7,9,24.399275276093007
706038,1,7,9,23.702158866860096
706040,1,7,2,13.638121965837101
706041,1,7,10,16.423524656066814
706046,1,7,4,0.3586790108976326
706058,1,7,9,9.621768602046576
706060,1,7,9,25.804468013534237
706068,0,7,0,0.013755362146313264
706071,1,7,1,14.811238863817938
706079,1,7,5,0.3586789934097332
706084,1,7,5,0.3586789934097332
706092,1,7,4,0.3586790108976326
706100,1,7,8,22.390029623373334
706101,1,7,5,0.3586789934097332
706110,1,7,1,6.192076864176952
706116,1,7,1,22.847832676490473
706129,1,7,10,19.53973933501895
706130,1,7,8,11.880124244870006
706138,1,7,9,16.48666193489614
706146,1,7,6,14.27337617279608
706155,1,7,5,0.3586789949470627
706159,1,7,8,17.136796397026327
706180,1,7,5,0.3586789934097332
706202,1,7,9,12.380187787309012
706211,1,7,4,0.3586790108976326
706216,1,7,9,13.010448388357815
706220,1,7,4,0.3586790108976326
706234,1,7,6,14.736458185983896
706236,1,7,4,0.3586790108976326
706256,1,7,7,2.900729360456972
706274,1,7,6,11.604252403645315
706285,1,7,8,10.408916134784134
706292,1,7,1,14.112205775240463
706298,1,7,7,3.9188718986734123
706323,1,7,1,17.51659264495225
706325,1,7,9,24.6614188048918
706326,1,7,7,4.3962237912326865
706327,1,7,7,4.158784924853223
706335,1,7,9,16.59666517875023
706337,1,7,8,13.414026813700408
706342,1,7,10,10.192862331627525
706347,1,7,5,0.3586789934097332
706352,1,7,9,20.075107234882992
706356,1,7,9,21.383879427385843
706364,1,7,4,0.3586790108976326
706372,1,7,8,6.989023814830378
706388,1,7,8,10.569586818091866
706398,1,7,5,0.3586789934097332
706409,1,7,9,16.54519514684345
706410,1,7,7,2.9832191418803813
706421,1,7,4,0.3586790108976326
706422,1,7,8,25.357566443951338
706436,1,7,9,23.297683193327497
706446,1,7,5,0.3586789934097332
706453,1,7,4,0.3586790108976326
706476,1,7,10,4.836485665351154
706477,1,7,10,14.178268689446439
706481,1,7,10,5.0806206823271065
706487,1,7,2,13.622152671359153
706506,1,7,6,23.04459977749051
706511,1,7,7,2.632211392670578
706514,1,7,9,15.976501246542213
706517,1,7,4,0.3586790108976326
706555,1,7,2,3.020631792911785
706564,1,7,1,13.427906142655942
706582,1,7,3,2.4572757522016535
706591,1,7,8,23.913301429925323
706608,1,7,6,20.28076896952621
706613,1,7,4,0.3586790108976326
706623,1,7,9,14.910240144056182
706627,1,7,5,0.3586789934097332
706632,0,7,0,0.02722309476957589
706649,1,7,8,21.902350640433834
706650,1,7,5,0.3586789934097332
706677,1,7,4,0.3586790108976326
706682,1,7,9,16.764831411005808
706699,1,7,6,23.168619139064297
706713,1,7,6,13.180640156650025
706717,1,7,7,2.0858325164536264
706718,1,7,6,10.039457597180911
706719,1,7,8,20.390295431935293
706724,0,7,0,0.023364221468367592
706725,1,7,9,4.378642037304866
706727,1,7,9,15.242903584781647
706755,1,7,5,0.3586789949470627
706757,1,7,9,15.703010377396968
706760,0,7,0,0.026105126939161852
706761,1,7,4,0.3586790108976326
706765,1,7,7,0.4347420301139222
706797,1,7,8,6.995224122464575
706823,1,7,5,0.3586789934097332
706831,0,7,0,0.024396896500277553
706842,1,7,4,0.3586790108976326
706844,1,7,9,18.0771992191205
706851,1,7,3,1.8825325457222997
706871,1,7,10,7.5549379022413525
706874,1,7,9,16.440168688245304
706881,1,7,5,0.3586789934097332
706888,1,7,5,0.3586789934097332
706900,1,7,10,9.073232002024705
706912,0,7,0,0.026863534145776857
706946,1,7,9,8.555815080169406
706949,1,7,9,11.830039409221092
706956,1,7,5,0.3586789934097332
706971,1,7,1,17.450731799195076
706972,1,7,9,24.052151786231516
706991,1,7,10,11.234440854346111
707000,1,7,8,13.389274977633043
707004,1,7,2,3.0104424664792266
707007,1,7,8,28.232168575441822
707021,1,7,10,15.887560955415495
707062,1,7,10,3.148110826142822
707069,1,7,5,0.3586789934097332
707072,1,7,10,19.95443784353087
707087,1,7,9,3.525735896371258
707093,1,7,6,5.347989649331641
707109,1,7,6,14.79418219866692
707113,1,7,10,4.255200676791744
707118,1,7,3,0.9531075054388585
707129,1,7,8,8.427540821215283
707136,1,7,6,20.084022136112186
707151,1,7,10,12.742858371474007
707172,1,7,6,11.061889602264138
707181,1,7,9,24.743206488691463
707192,1,7,7,4.077894181762476
707201,1,7,10,4.887102363874809
707202,1,7,1,9.183471746726422
707212,1,7,8,11.68627581732741
707213,1,7,4,0.3586790108976326
707219,0,7,0,0.03184229252296584
707233,1,7,9,7.77664241951825
707241,1,7,1,21.720471595283122
707243,1,7,4,0.3586790108976326
707261,0,7,0,0.20240473399199713
707267,1,7,6,14.790385806996033
707270,1,7,5,0.3586789934097332
707273,1,7,10,16.892392892667186
707277,1,7,9,3.914782896245767
707280,1,7,10,15.838384518076822
707281,1,7,6,5.492225254904032
707283,1,7,9,6.866779998721674
707286,1,7,2,10.756526684599756
707292,1,7,9,23.52848440870181
707308,1,7,10,14.82732229089054
707315,1,7,1,17.125700054175773
707327,1,7,6,20.0044564892934
707328,1,7,5,0.3586789934097332
707331,1,7,10,9.753741428020959
707336,1,7,10,20.570347708244807
707338,1,7,9,19.01565866602295
707341,1,7,5,0.3586789934097332
707349,1,7,8,23.271435352232032
707367,1,7,4,0.3586790108976326
707375,0,7,0,0.02197588147030383
707382,1,7,6,13.185811575600505
707390,1,7,8,12.004466593075174
707409,1,7,10,7.21517822727906
707418,1,7,5,0.3586789934097332
707440,1,7,8,22.795681844035762
707456,1,7,3,2.3733472878061233
707460,1,7,10,17.678548078096647
707466,0,7,0,0.017366316458723153
707501,1,7,9,11.323619743755174
707504,1,7,8,13.791796730851486
707511,1,7,8,11.124532982010457
707543,0,7,0,0.015670813649823825
707544,1,7,9,14.908964700145853
707578,1,7,10,21.241968638314198
707585,1,7,8,26.921874612996593
707617,1,7,9,25.54299828765119
707628,1,7,5,0.3586789934097332
707633,1,7,5,0.3586789934097332
707643,1,7,9,20.87757179068503
707654,1,7,10,12.503116512067509
707673,1,7,9,21.320253411286057
707674,1,7,8,17.344029234725568
707690,1,7,9,18.16150868243095
707691,1,7,8,22.135390070503295
707699,1,7,9,15.071584713527232
707705,1,7,6,23.018701432402366
707713,1,7,6,8.496335074730393
707737,1,7,9,18.205509329863684
707740,1,7,9,21.817463138027115
707749,1,7,6,11.499645118117932
707754,1,7,9,2.113664919814562
707762,0,7,0,0.02963414414203285
707763,1,7,4,0.3586790108976326
707775,1,7,7,3.8331528850137784
707791,1,7,7,4.553685789417308
707798,1,7,6,16.51699187746363
707814,1,7,6,9.963219069421912
707817,1,7,9,26.068459778726613
707840,1,7,9,8.88590262943003
707847,0,7,0,0.01590368484659062
707858,1,7,5,0.3586789934097332
707880,0,7,0,0.018657823373165277
707888,1,7,7,1.6140243078254135
707913,1,7,8,5.624377438391238
707941,1,7,9,14.242521209166432
707973,1,7,2,6.408342011545456
707974,1,7,3,2.4002864948870277
707980,1,7,10,5.662249315440334
707982,1,7,9,19.189846436344983
707999,1,7,6,7.591116183300989
708017,1,7,8,25.820282310938204
708022,1,7,4,0.3586790108976326
708024,1,7,2,13.610774808101793
708027,1,7,8,27.8221514447032
708032,1,7,7,2.1034490926680345
708038,1,7,6,13.54604383973619
708048,1,7,7,3.517955753891197
708065,1,7,6,23.021350559518563
708095,1,7,9,15.095711977699779
708105,1,7,7,4.184655301165242
708106,1,7,9,26.452949908760576
708114,1,7,6,12.589694869261615
708117,1,7,10,20.058486257695655
708123,1,7,10,7.309567508985223
708134,1,7,6,7.142051797270283
708142,1,7,10,4.471905394299573
708156,1,7,7,4.30397932520992
708161,1,7,8,17.68534764752269
708171,1,7,5,0.3586789934097332
708172,1,7,8,25.989056585556217
708178,1,7,8,7.968949787413104
708184,1,7,5,0.3586789934097332
708186,1,7,10,20.169694999969114
708188,1,7,9,13.837752396533682
708191,1,7,8,21.34227791641337
708196,1,7,2,5.655767047609395
708201,1,7,9,12.115184694415476
708204,1,7,3,2.170495850161903
708209,1,7,4,0.3586790108976326
708222,1,7,5,0.3586789934097332
708232,1,7,4,0.3586790108976326
708238,0,7,0,0.19601916456805069
708243,1,7,2,13.826255410389157
708265,1,7,9,19.215870873845716
708267,1,7,8,17.988195538892786
708311,1,7,8,7.1287629877555725
708318,1,7,7,2.671929559253069
708325,1,7,10,19.215750129639083
708334,1,7,9,15.020897244460986
708335,1,7,6,20.149145377189058
708337,1,7,9,26.180914200128633
708340,1,7,9,18.500378239533322
708347,1,7,4,0.3586790108976326
708352,1,7,10,8.015986934645905
708372,1,7,9,16.104022495009215
708377,1,7,7,1.677319883928956
708378,1,7,7,4.207076739736304
708381,1,7,10,3.629749197015857
708382,1,7,9,12.564018379394073
708386,1,7,9,12.394044958497435
708392,1,7,9,8.387531952953438
708398,1,7,1,14.226749117925184
708434,0,7,0,0.01489183629593737
708442,1,7,1,11.659166959725058
708446,1,7,5,0.3586789934097332
708448,1,7,8,20.160297089651845
708451,1,7,5,0.3586789934097332
708459,1,7,9,15.577870488277421
708461,1,7,9,23.41982770907904
708463,1,7,9,21.430761015379357
708466,1,7,8,20.39543640147531
708471,1,7,8,24.88935272183959
708489,1,7,6,17.92298823500017
708498,1,7,4,0.3586790108976326
708503,1,7,8,6.425048044188901
708504,1,7,8,14.530670034808944
708506,1,7,8,22.54891340372303
708509,1,7,10,12.398068405782954
708513,1,7,9,26.110942435244215
708559,1,7,3,2.406372442644753
708579,1,7,3,2.407941184447894
708597,1,7,9,15.271784423386727
708598,1,7,6,21.987260297284607
708599,1,7,5,0.3586789934097332
708601,1,7,8,13.665052761292511
708607,1,7,10,6.188385072086183
708608,1,7,6,19.908923130548303
708609,1,7,5,0.3586789934097332
708616,1,7,9,9.043326244904407
708635,1,7,4,0.3586790108976326
708640,1,7,6,23.193417409956627
708655,0,7,0,0.014017777294234375
708660,1,7,8,28.324372773336798
708665,1,7,6,13.540715340902112
708671,0,7,0,0.018030441971892967
708678,0,7,0,0.015320344568759766
708682,1,7,9,24.75642857897907
708687,1,7,7,1.0259721509198267
708689,1,7,9,22.240267722180306
708704,1,7,4,0.3586790108976326
708711,1,7,9,19.807503435117237
708721,1,7,5,0.3586789934097332
708724,1,7,8,18.608368786865075
708728,1,7,9,20.990538672041154
708735,1,7,8,11.467548625318043
708746,1,7,4,0.3586790108976326
708749,1,7,5,0.3586789934097332
708757,1,7,9,15.243233167653695
708759,1,7,10,4.171861310141337
708766,1,7,9,22.062032766694813
708775,1,7,9,13.149743705871915
708779,1,7,9,16.005515025085188
708796,1,7,9,14.492366048220704
708805,1,7,8,17.796493772637866
708810,1,7,9,14.711724390171106
708813,1,7,6,14.64952052101089
708833,1,7,9,26.288599741776142
708839,1,7,9,3.3496382053925444
708845,0,7,0,0.052178844566776246
708853,1,7,10,11.046306353615085
708856,1,7,8,21.802904172678648
708877,1,7,4,0.3586790108976326
708889,1,7,4,0.3586790108976326
708902,1,7,2,2.9490828445144754
708911,1,7,9,25.809673642973557
708914,1,7,9,15.17455515004839
708942,0,7,0,0.012720448868954484
708959,1,7,4,0.3586790108976326
708973,1,7,1,8.079177527169405
708975,1,7,4,0.3586790108976326
709011,1,7,9,25.323612139140398
709017,1,7,1,11.059286198442788
709036,0,7,0,0.02170514603413561
709046,1,7,10,21.189727557455043
709048,1,7,8,26.72548584050486
709066,1,7,6,19.156447347837958
709081,1,7,3,1.9263519889840723
709082,1,7,5,0.3586789934097332
709084,1,7,6,18.41005853414094
709089,1,7,8,17.290859604656344
709094,1,7,8,12.357166256652649
709125,1,7,4,0.3586790108976326
709130,1,7,6,12.393239148338777
709143,1,7,9,5.4375681684245825
709161,1,7,1,6.093770147416967
709185,1,7,4,0.358679009087165
709187,1,7,6,10.490450776004288
709189,1,7,4,0.3586790108976326
709193,1,7,7,3.4682725080245254
709195,1,7,9,6.724898339328181
709196,1,7,6,10.588674658995668
709199,1,7,5,0.3586789934097332
709206,1,7,10,13.186040159922658
709213,0,7,0,0.012449891956343809
709218,1,7,6,20.875080642215845
709225,1,7,8,28.516162530719242
709237,1,7,4,0.3586790108976326
709255,1,7,8,12.945264395104862
709276,1,7,10,19.131137845470228
709292,1,7,9,13.178766507838848
709302,1,7,9,15.276381910471908
709311,1,7,6,6.332124379989884
709313,1,7,8,12.84550435065737
709328,1,7,8,24.0950305577363
709336,1,7,4,0.3586790108976326
709357,1,7,4,0.3586790108976326
709358,1,7,4,0.3586790108976326
709392,1,7,4,0.3586790108976326
709402,1,7,1,8.467920725111167
709406,1,7,4,0.3586790108976326
709408,1,7,9,16.87253696863202
709417,1,7,7,3.859263777010799
709418,1,7,10,11.934739501982984
709423,1,7,10,12.206658031790296
709436,1,7,4,0.3586790108976326
709438,1,7,9,19.31834467912778
709439,1,7,5,0.3586789934097332
709447,1,7,9,7.0214357315415965
709467,1,7,6,15.318695873387284
709473,1,7,8,12.871141289452734
709476,1,7,10,15.953257173385868
709482,1,7,9,26.187065272751493
709488,0,7,0,0.015395727336713225
709501,1,7,6,23.532182575572985
709507,1,7,4,0.3586790108976326
709518,1,7,2,5.102282111180477
709524,1,7,6,10.429159446797195
709536,1,7,6,11.772242017648423
709543,1,7,9,21.643420392035367
709549,1,7,8,21.34675525119159
709550,1,7,8,12.749585389981661
709551,1,7,10,13.915787701189304
709552,1,7,9,24.826983338627
709555,1,7,2,11.131271269852663
709557,1,7,10,14.599649871876222
709559,1,7,4,0.3586790108976326
709572,1,7,5,0.3586789934097332
709590,1,7,6,12.617952809040649
709616,1,7,2,5.91749739046951
709621,1,7,8,14.3108148784945
709627,1,7,2,10.956070980991234
709634,1,7,8,21.224334157794736
709635,1,7,8,28.365377159452006
709641,1,7,3,2.4093951674387513
709655,1,7,4,0.3586790108976326
709670,1,7,10,8.535898229646778
709676,1,7,4,0.3586790108976326
709693,1,7,9,23.561928111151232
709695,1,7,1,15.042320860964997
709753,1,7,4,0.358679009087165
709754,1,7,6,14.954655386215482
709756,1,7,6,17.78148111611154
709757,1,7,9,22.06254472587477
709762,1,7,9,12.426111963555382
709763,1,7,1,3.9890986787978426
709773,1,7,7,3.738659010294991
709777,1,7,8,15.761820202925334
709778,1,7,8,27.55342482902196
709783,1,7,8,23.959896939080085
709792,1,7,9,22.998716663338143
709806,1,7,9,8.85078246055011
709809,1,7,5,0.3586789934097332
709829,1,7,6,22.215528660087244
709838,1,7,8,12.198174149661606
709851,1,7,7,0.35065940017685265
709855,1,7,9,21.76673391717799
709858,1,7,1,21.198238421259823
709896,1,7,6,7.849065815754247
709899,1,7,4,0.3586790108976326
709906,1,7,5,0.3586789934097332
709921,1,7,6,23.2988924435223
709933,1,7,9,11.42508763204262
709936,1,7,6,23.604237195719747
709942,1,7,6,23.439378429564158
709946,1,7,1,12.275309536716629
709956,1,7,8,11.220801610359121
709958,1,7,5,0.3586789934097332
709964,1,7,8,25.24655647142362
709967,1,7,5,0.3586789934097332
709968,1,7,5,0.3586789934097332
709976,1,7,8,11.044453283471968
709980,1,7,8,7.886098941793972
709982,1,7,10,13.754776583907331
709987,1,7,2,3.1247494664960858
710001,1,7,10,9.895389741896516
710018,1,7,5,0.3586789934097332
710031,1,7,2,13.616332750858666
710047,1,7,4,0.3586790108976326
710056,1,7,9,17.531576281110063
710060,1,7,6,23.047379010343057
710068,1,7,8,17.884999255406086
710078,1,7,6,15.668884164578808
710080,1,7,3,0.6383253098262673
710126,1,7,6,19.904677405855647
710128,1,7,6,23.95853260087771
710134,1,7,3,2.0587391336716525
710137,1,7,5,0.3586789934097332
710165,1,7,6,18.388361303621135
710173,1,7,8,24.740205678203214
710195,1,7,3,2.252465849278982
710210,1,7,8,22.93866888864304
710215,1,7,1,9.177958770583082
710225,1,7,1,22.8758236429905
710241,1,7,9,19.38723233445824
710250,1,7,9,26.425441116059144
710254,1,7,8,17.304005201509714
710259,1,7,9,6.4815555298743
710270,1,7,9,13.437746539254654
710284,1,7,6,10.00569507401834
710299,1,7,9,9.049945262457001
710314,1,7,7,4.301465003912981
710337,1,7,9,26.102209376464515
710343,1,7,4,0.3586790108976326
710349,0,7,0,0.017042226568787667
710369,1,7,5,0.3586789949470627
710372,1,7,8,19.881018287947644
710384,1,7,3,2.158189509275396
710424,1,7,4,0.3586790108976326
710427,1,7,10,18.830446309953363
710431,1,7,9,25.879978193755043
710433,1,7,8,10.580592975305853
710438,1,7,6,12.09910039800024
710460,1,7,6,7.01917252131615
710465,1,7,4,0.3586790108976326
710471,1,7,5,0.3586789934097332
710472,1,7,2,5.6109583349132235
710488,1,7,4,0.3586790108976326
710496,1,7,5,0.3586789934097332
710497,1,7,8,26.812468603512183
710498,1,7,8,20.333003296146227
710508,1,7,1,12.19398315607468
710509,1,7,10,20.28661560561921
710529,1,7,6,9.596380772275854
710543,1,7,3,1.8814567781615856
710552,1,7,4,0.3586790108976326
710554,1,7,4,0.3586790108976326
710565,1,7,9,25.896789507105126
710568,1,7,9,24.105977934974796
710597,1,7,9,20.69427942842767
710632,1,7,9,11.237240883146368
710635,1,7,4,0.3586790108976326
710654,1,7,5,0.3586789934097332
710655,1,7,8,4.641560275718266
710657,1,7,6,5.53485495595807
710661,1,7,2,10.295004053950157
710671,1,7,7,3.6895504501948455
710674,1,7,9,14.321944837313916
710683,1,7,1,17.9383980346966
710688,1,7,9,25.624082588180467
710692,1,7,10,12.65552840915655
710698,1,7,7,1.1605195125372494
710709,1,7,9,16.717035383891726
710728,1,7,6,18.846244064229555
710732,1,7,9,14.410179562306313
710733,1,7,9,7.694190605970933
710765,1,7,9,5.001654135455005
710796,1,7,5,0.3586789934097332
710818,1,7,5,0.3586789934097332
710820,1,7,9,19.90750801911935
710826,1,7,10,11.568418473377786
710851,1,7,8,23.349574331145366
710854,1,7,10,14.601921131035189
710855,1,7,6,14.810487639046215
710867,1,7,5,0.3586789934097332
710871,1,7,8,4.8174025602581985
710891,1,7,5,0.3586789934097332
710892,1,7,8,27.768651136326035
710901,1,7,2,4.16745022393084
710902,1,7,3,1.7461962840596807
710908,1,7,5,0.3586789934097332
710918,1,7,9,14.293337484362688
710928,1,7,1,15.752241971579496
710937,1,7,5,0.3586789934097332
710938,1,7,5,0.3586789934097332
710952,1,7,10,20.908631252510858
710954,1,7,5,0.3586789934097332
710963,1,7,7,3.231228704582815
710964,1,7,6,8.675877420515407
710978,1,7,5,0.3586789949470627
710987,1,7,1,4.960974543099759
711007,1,7,9,22.514913815925606
711021,1,7,10,21.285228318348057
711040,1,7,10,21.28736829219563
711055,0,7,0,0.012282587733218052
711064,1,7,6,21.810962502481075
711073,1,7,9,13.426148612436819
711090,0,7,0,0.030497070767951405
711092,1,7,1,12.967038508598188
711109,1,7,8,24.21461965973532
711149,1,7,8,26.890875732312672
711153,1,7,8,4.54479514687516
711166,1,7,1,22.794251344676777
711167,1,7,8,25.18240459700456
711174,1,7,7,4.404399754394746
711176,1,7,4,0.3586790108976326
711197,1,7,6,15.053594974888089
711209,1,7,8,17.58549341372898
711214,1,7,8,21.632999052907063
711216,1,7,9,24.744157130027197
711227,1,7,8,13.100308947161004
711228,1,7,9,13.473630137601264
711243,1,7,4,0.3586790108976326
711251,1,7,3,2.410303788906655
711254,0,7,0,0.012617371054047116
711280,1,7,8,18.13070981216866
711284,0,7,0,0.03632816584429217
711306,1,7,6,23.43790084451057
711334,1,7,6,12.128136152630777
711352,1,7,8,3.7070980411052656
711356,1,7,9,17.409743193065665
711363,1,7,3,2.212833320764242
711375,1,7,8,6.954902887155851
711384,1,7,6,14.796895298060338
711394,1,7,9,8.240181785044479
711399,1,7,4,0.3586790108976326
711411,1,7,4,0.3586790108976326
711429,1,7,6,4.352083966776492
711455,1,7,9,26.3685489304171
711459,1,7,5,0.3586789934097332
711465,1,7,6,23.58752432254071
711480,1,7,10,14.115841647219664
711495,1,7,9,21.31933692444943
711510,1,7,8,11.979861824766667
711517,1,7,8,22.527399221065373
711527,1,7,2,10.16237599772162
711531,1,7,5,0.3586789934097332
711534,1,7,5,0.3586789934097332
711537,1,7,9,14.595107133209082
711542,1,7,6,19.334262593173676
711563,1,7,9,9.67364567385964
711571,1,7,8,22.384218120186294
711573,1,7,10,12.031974218521883
711592,1,7,10,15.938415275764436
711593,1,7,10,8.5773537067216
711605,1,7,9,16.45569609899386
711611,1,7,1,17.103628275953387
711616,1,7,5,0.3586789934097332
711637,1,7,1,21.435833225224133
711639,1,7,6,18.223771111408137
711642,1,7,10,11.4703461433918
711647,0,7,0,0.22139989686415837
711660,1,7,2,7.092416951570411
711664,1,7,8,21.328147274022257
711670,1,7,8,7.825805864612571
711673,1,7,2,12.514287205978897
711676,1,7,6,15.501989331331567
711678,1,7,6,7.449956540285974
711680,1,7,5,0.3586789934097332
711692,1,7,10,6.403260959275368
711744,1,7,4,0.3586790108976326
711765,1,7,6,11.408275355028483
711770,1,7,8,26.899818933855208
711773,1,7,5,0.3586789934097332
711778,1,7,9,10.28369812517404
711785,1,7,9,23.769278394025434
711792,0,7,0,0.029194092596637404
711796,1,7,4,0.3586790108976326
711817,1,7,6,15.039191695997578
711819,1,7,6,5.950306223091537
711844,1,7,1,22.0095952364764
711855,1,7,9,13.803134218054979
711878,1,7,8,17.31504078335055
711880,1,7,7,2.310681693309275
711892,1,7,8,7.571807770990164
711894,0,7,0,0.011970394497487288
711902,1,7,5,0.3586789934097332
711917,1,7,5,0.3586789934097332
711921,1,7,9,7.718613339342592
711928,1,7,9,12.223181786413186
711937,1,7,5,0.3586789934097332
711942,1,7,1,6.090783835229873
711947,1,7,9,5.207428859699648
711949,1,7,6,23.45651112336205
711956,1,7,9,13.916851198156984
711959,1,7,1,11.198404717278205
711968,1,7,10,20.471908430802696
711993,1,7,6,23.02161747545515
712000,1,7,6,23.14320212631259
712005,1,7,1,14.118149503753223
712008,1,7,5,0.3586789934097332
712062,1,7,10,3.406362495828432
712067,1,7,7,1.1993657336021109
712099,1,7,5,0.3586789934097332
712104,1,7,7,1.4538985979661156
712107,1,7,9,20.569233490414568
712110,0,7,0,0.16147719071339217
712112,1,7,1,21.102180354881618
712132,1,7,10,4.95147598347075
712149,1,7,8,10.915805839794851
712155,1,7,8,10.043671077374974
712161,1,7,5,0.3586789934097332
712175,1,7,9,9.82341192077669
712183,1,7,8,8.53027410817642
712188,1,7,9,17.599560147531534
712214,1,7,6,24.072274036472358
712216,1,7,9,18.502441739626683
712226,1,7,8,12.793946737294858
712238,1,7,6,19.648390616276068
712244,1,7,8,22.95016306001544
712261,1,7,8,17.635426791372574
712263,1,7,10,20.97514186065641
712282,1,7,2,13.46840172925447
712290,1,7,6,23.346512414711547
712295,0,7,0,0.28369496475225386
712297,1,7,9,19.813358370170246
712326,0,7,0,0.04607312102290615
712336,1,7,7,4.203989848908407
712373,1,7,9,11.938180172002427
712375,1,7,6,19.36210181734152
712399,1,7,4,0.3586790108976326
712401,1,7,9,16.894868187667345
712404,1,7,4,0.3586790108976326
712410,1,7,9,24.711820259935855
712412,1,7,5,0.3586789934097332
712418,1,7,10,12.372824021351398
712420,1,7,9,24.071438187451214
712432,1,7,7,0.7381741517885565
712440,1,7,4,0.3586790108976326
712446,1,7,1,16.514641347339246
712457,1,7,6,15.210379674062175
712471,1,7,6,17.0652564393895
712477,1,7,6,22.00398066059914
712485,1,7,5,0.3586789934097332
712490,1,7,9,14.999029243574164
712491,1,7,4,0.3586790108976326
712495,1,7,6,9.845606528268851
712498,1,7,6,12.016808707399258
712502,1,7,9,20.30571249420273
712505,1,7,5,0.3586789934097332
712512,1,7,9,11.832895248397882
712514,1,7,9,10.295938806726609
712515,1,7,5,0.3586789934097332
712520,1,7,9,6.791569984786631
712525,1,7,10,11.968077548941134
712541,1,7,8,26.11200274507319
712543,1,7,4,0.3586790108976326
712578,1,7,8,13.455320093385469
712585,1,7,9,15.440220066056197
712594,1,7,3,2.3134148542398774
712601,1,7,10,17.746778562786865
712602,1,7,9,5.375617654289406
712610,1,7,8,11.348387868630882
712627,1,7,4,0.3586790108976326
712628,1,7,9,10.4767797736478
712629,1,7,6,14.606042495627438
712633,1,7,6,6.44715804135451
712668,1,7,5,0.3586789934097332
712669,1,7,9,7.893231144814964
712685,1,7,10,19.55782323332561
712686,1,7,10,12.371547399315485
712695,1,7,3,1.3798958171357545
712699,1,7,10,9.042736547491652
712700,1,7,9,19.93674501863976
712705,1,7,10,20.06506159150829
712706,1,7,5,0.3586789934097332
712712,1,7,10,3.026261776742204
712721,1,7,9,23.543149863670596
712723,1,7,9,13.175427871908422
712729,1,7,6,6.013001384572429
712749,1,7,8,22.453992653966846
712750,1,7,7,2.7549608452744456
712765,1,7,4,0.3586790108976326
712769,1,7,6,8.964983581352222
712771,1,7,7,3.11291127297094
712780,1,7,9,6.573408848323048
712810,1,7,8,17.182901175095697
712817,1,7,9,13.708641941115774
712821,1,7,10,15.717539624978642
712831,1,7,6,9.198893500419187
712832,1,7,5,0.3586789949470627
712856,1,7,3,2.4138382244144676
712862,0,7,0,0.0176640392407052
712881,1,7,1,16.186033146811056
712897,1,7,6,23.30488516190351
712903,1,7,5,0.3586789934097332
712917,1,7,9,11.983398776149574
712924,1,7,5,0.3586789934097332
712925,1,7,8,21.628443291628162
712926,1,7,3,2.414632527535148
712939,1,7,5,0.3586789934097332
712940,1,7,9,9.104027886709588
712950,1,7,6,22.98631041110245
712953,1,7,5,0.3586789934097332
712954,1,7,8,21.79060267253363
712957,1,7,6,14.525492903992813
712970,1,7,9,22.42677273220142
712973,1,7,1,19.455486657577225
712975,1,7,8,20.600235023232944
712979,1,7,4,0.3586790108976326
712987,1,7,4,0.3586790108976326
713009,1,7,9,24.247454047768077
713025,1,7,5,0.3586789934097332
713029,0,7,0,0.19492990818244352
713041,1,7,6,22.860649353386705
713051,1,7,9,25.659470662824504
713052,1,7,10,19.202518767860177
713056,1,7,5,0.3586789934097332
713119,1,7,4,0.3586790108976326
713123,1,7,4,0.3586790108976326
713131,1,7,9,24.6585777674766
713132,1,7,1,16.511051530551963
713140,1,7,9,6.754326004773569
713154,1,7,7,1.476391279882475
713158,1,7,6,16.17366457799521
713161,1,7,9,21.706521381712555
713172,1,7,8,27.897099175461655
713186,0,7,0,0.013651464670735537
713202,1,7,9,14.827761642647085
713205,1,7,3,1.7097327349088158
713207,1,7,4,0.3586790108976326
713209,0,7,0,0.012444326642916469
713220,1,7,5,0.3586789934097332
713236,1,7,8,26.451618949735785
713240,1,7,7,4.125273172189351
713243,1,7,1,7.7903920628406995
713244,1,7,7,1.7665639640741875
713253,1,7,8,24.012122947889758
713262,1,7,6,13.011673412613817
713266,1,7,10,12.813141807263207
713271,1,7,5,0.3586789934097332
713280,1,7,9,8.961223690890357
713284,1,7,5,0.3586789934097332
713291,1,7,6,23.608563779827225
713299,1,7,2,9.998360709557817
713300,1,7,6,17.277160647685292
713307,1,7,10,10.443318648840178
713315,1,7,4,0.3586790108976326
713316,1,7,2,9.4373060177094
713327,1,7,6,6.5354826906979335
713331,1,7,4,0.3586790108976326
713343,1,7,8,10.894458842889126
713348,1,7,5,0.3586789934097332
713363,1,7,8,4.197421460565093
713367,1,7,6,6.766957829417117
713373,1,7,9,4.576687600333564
713400,1,7,4,0.3586790108976326
713402,1,7,10,6.474353163023775
713422,1,7,8,27.133019263081692
713423,1,7,5,0.3586789934097332
713428,1,7,6,6.590338902935711
713440,1,7,6,18.354248033905666
713476,1,7,6,23.054930393329162
713488,1,7,6,9.960011927441519
713503,1,7,5,0.3586789934097332
713514,1,7,8,19.432491113747147
713523,1,7,8,9.90253256924902
713536,1,7,9,24.65895849217115
713551,1,7,9,24.41917895238766
713574,1,7,8,24.77365261787679
713589,1,7,5,0.3586789934097332
713607,1,7,9,14.92497081566246
713636,1,7,6,22.327259017469018
713639,1,7,2,1.4403586940587192
713641,1,7,8,18.686311326708953
713673,1,7,3,1.7919901169160346
713681,1,7,10,15.67616656488549
713690,1,7,9,22.019445355170284
713692,1,7,1,17.75942739045722
713714,1,7,2,5.151865220593819
713725,1,7,9,15.967696604174368
713727,1,7,9,23.5163549488832
713731,1,7,9,22.105388064792447
713738,1,7,8,10.978979464710246
713747,1,7,9,6.262743143475526
713759,1,7,6,7.3674494071428525
713761,1,7,5,0.3586789949470627
713772,1,7,3,2.208084628321529
713815,1,7,4,0.3586790108976326
713818,1,7,8,24.813286041856234
713840,1,7,10,18.48613306816493
713852,1,7,4,0.3586790108976326
713862,1,7,5,0.3586789934097332
713865,1,7,6,17.595945640503526
713868,1,7,5,0.3586789934097332
713883,1,7,7,3.786616950481096
713903,1,7,9,23.8422274784291
713916,1,7,3,2.030629234524784
713925,1,7,3,2.154504635120398
713949,1,7,8,16.511580446662876
713967,1,7,6,16.257262895138552
713971,1,7,5,0.3586789934097332
713976,1,7,4,0.3586790108976326
713987,1,7,10,9.348929253174166
714006,1,7,8,20.887772064617135
714041,1,7,7,1.3627376278902712
714042,1,7,6,17.828287702731426
714054,1,7,9,25.35917871501018
714058,1,7,8,9.371890764462655
714060,0,7,0,0.015588595198873406
714067,1,7,10,7.856578870682519
714085,1,7,1,10.725017330845613
714086,1,7,5,0.3586789934097332
714102,1,7,3,2.210080508893582
714115,1,7,5,0.3586789934097332
714118,1,7,8,18.680283423200454
714149,1,7,7,3.5839105072240747
714150,1,7,9,23.961303799743668
714162,1,7,9,8.59814563114921
714188,1,7,6,23.221717236191463
714196,1,7,6,11.809714772429992
714201,1,7,2,7.556040255922653
714208,1,7,6,23.022015294223994
714224,1,7,9,26.356419563362092
714251,1,7,8,23.68321777023285
714259,1,7,10,20.45049059933248
714267,1,7,6,23.46585777500798
714269,1,7,8,28.521226584333352
714279,1,7,4,0.3586790108976326
714284,0,7,0,0.013321348649307438
714297,1,7,8,21.759523305891342
714316,1,7,8,15.188144567234248
714322,1,7,10,8.806911925234873
714328,1,7,9,22.15320637485797
714335,1,7,10,13.749203742744246
714336,1,7,10,8.574820232326074
714340,1,7,1,13.283743999528022
714342,1,7,8,19.302389458121468
714343,0,7,0,0.030081756817463987
714347,1,7,2,10.19732081077653
714361,1,7,3,2.339454704483668
714370,0,7,0,0.04009971646672811
714377,1,7,6,7.809913980417302
714406,1,7,7,3.289927868373087
714410,1,7,4,0.3586790108976326
714412,0,7,0,0.015502960322528025
714415,1,7,9,23.349415347239336
714418,1,7,8,24.924756229666624
714430,1,7,10,5.063626683739463
714441,1,7,8,20.894091281609754
714455,1,7,10,17.506742698793236
714474,1,7,9,21.69712113672175
714484,1,7,9,8.273981379156218
714490,1,7,3,2.3636244096042
714505,1,7,4,0.3586790108976326
714525,1,7,10,16.809834869259753
714549,1,7,5,0.3586789934097332
714554,1,7,7,4.587616089719072
714562,1,7,10,16.19907107194286
714567,1,7,7,2.8501056866695764
714575,1,7,6,21.51745345678391
714584,1,7,1,3.9051385491619777
714588,1,7,9,22.5917112509591
714591,1,7,8,3.5227492354101257
714592,1,7,9,26.265666405522087
714596,1,7,5,0.3586789934097332
714598,1,7,8,24.884722573251263
714613,1,7,5,0.3586789934097332
714617,1,7,8,3.7591614389040164
714618,1,7,8,23.72091373024894
714622,1,7,6,12.829096431131315
714626,1,7,8,13.229908645890081
714644,1,7,9,25.900480415601915
714646,1,7,6,23.056390457071487
714648,1,7,3,2.0335358114794695
714653,1,7,6,14.7589104147444
714661,1,7,10,11.037306373657145
714669,1,7,8,4.972150187335225
714672,1,7,8,16.57279900517109
714685,1,7,6,23.31272365532247
714698,1,7,10,14.505617553125376
714706,1,7,5,0.3586789934097332
714713,1,7,8,18.811792755819823
714720,1,7,9,19.274311104748403
714733,1,7,4,0.3586790108976326
714742,1,7,9,23.105637806937867
714754,1,7,9,13.043187549389964
714759,1,7,4,0.3586790108976326
714781,0,7,0,0.010826023972965322
714782,1,7,6,14.971699167600987
714790,1,7,5,0.3586789934097332
714793,1,7,1,6.256940722388176
714795,1,7,8,12.71650494215253
714812,1,7,5,0.3586789934097332
714825,1,7,6,14.194615201949633
714832,1,7,2,8.333472406503807
714840,1,7,9,24.960324050439255
714864,1,7,7,4.327273063101676
714882,1,7,1,14.05730095562414
714886,0,7,0,0.03730331346565681
714891,1,7,1,18.031232808983958
714892,1,7,9,18.624569551118604
714910,1,7,5,0.3586789934097332
714931,1,7,3,1.1689396192266848
714945,1,7,9,21.728943316125402
714950,1,7,1,21.702705473942743
714952,1,7,9,26.39323641861974
714954,1,7,5,0.3586789934097332
714962,1,7,10,8.384379331366109
714970,1,7,10,4.884086064561701
714973,1,7,6,16.10449158815677
714981,1,7,9,2.314500898464422
714986,1,7,5,0.3586789934097332
714994,1,7,7,4.0947791998942815
714999,1,7,5,0.3586789949470627
715008,1,7,10,16.30523861257452
715014,1,7,9,25.97636450902404
715029,1,7,4,0.3586790108976326
715042,1,7,1,20.48858657114955
715058,1,7,6,12.659970230189145
715069,1,7,4,0.3586790108976326
715071,1,7,10,13.511619202627339
715079,1,7,9,18.688503597111804
715085,1,7,4,0.3586790108976326
715090,1,7,5,0.3586789934097332
715115,1,7,9,12.020345640339524
715134,1,7,9,25.65716982548611
715141,1,7,7,0.35062060184922417
715150,1,7,9,16.821816232679158
715154,1,7,7,4.075928624370613
715159,1,7,9,9.475772623796876
715170,1,7,5,0.3586789934097332
715188,1,7,3,0.8558304559972644
715210,1,7,8,12.125875566243907
715238,1,7,6,21.085573528920474
715247,1,7,5,0.3586789934097332
715253,1,7,5,0.3586789934097332
715282,1,7,10,7.461952295247664
715283,1,7,1,18.609622843210083
715285,1,7,9,7.163939334875536
715286,1,7,5,0.3586789934097332
715288,1,7,9,13.179781797148072
715291,1,7,9,11.722923796551513
715293,1,7,6,14.67199139292529
715304,0,7,0,0.03772504503189353
715321,1,7,9,14.018433551889235
715340,1,7,5,0.3586789949470627
715365,1,7,6,21.871269237315396
715367,1,7,10,17.965548869664882
715370,1,7,6,23.03317452509951
715387,1,7,9,24.95779120582459
715388,1,7,1,19.958138049495997
715401,1,7,6,23.019612118725814
715408,1,7,4,0.3586790108976326
715415,1,7,7,1.8840099753484223
715417,1,7,2,4.725216181541972
715421,1,7,6,20.280070070804985
715422,1,7,9,22.155000721150433
715437,1,7,8,12.85406114722455
715440,1,7,8,11.123787265324454
715449,1,7,8,10.068559769368843
715450,1,7,9,24.484576228108153
715471,1,7,9,15.397657422978343
715482,1,7,4,0.3586790108976326
715484,1,7,9,25.526884584521447
715493,1,7,7,1.6541875911518593
715495,1,7,6,12.061430828476336
715502,1,7,5,0.3586789934097332
715504,1,7,1,19.483660639156334
715517,0,7,0,0.015874454243965934
715523,0,7,0,0.032282692832959606
715532,1,7,9,26.349229840561456
715548,1,7,4,0.3586790108976326
715549,0,7,0,0.01653393977028265
715557,1,7,6,12.315285226444358
715577,1,7,10,11.3996419682993
715583,1,7,9,10.717229799001736
715585,1,7,5,0.3586789934097332
715602,1,7,10,7.662938869023777
715608,1,7,5,0.3586789949470627
715611,1,7,5,0.3586789934097332
715624,1,7,8,23.017826787687152
715638,1,7,5,0.3586789934097332
715640,1,7,9,8.85541791858946
715664,1,7,4,0.3586790108976326
715686,1,7,7,2.4160084062602563
715687,1,7,9,6.183539572096615
715692,0,7,0,0.025555934151219487
715697,1,7,3,2.394760219158507
715712,1,7,10,11.567589039282922
715719,1,7,10,5.591763972940068
715725,1,7,6,20.389769923579664
715729,1,7,8,28.01992253387405
715730,1,7,4,0.3586790108976326
715758,1,7,9,24.70575111697731
715760,1,7,3,0.60902731695816
715763,1,7,7,2.582864730701357
715772,1,7,9,7.436842683305387
715777,1,7,6,23.300065034456196
715779,1,7,6,19.333396708249794
715783,1,7,5,0.3586789934097332
715790,1,7,9,26.247433785346146
715797,1,7,3,2.260324711382953
715809,1,7,5,0.3586789934097332
715819,1,7,10,15.805948482612143
715830,1,7,6,15.637396021101454
715834,1,7,1,19.056973424833796
715840,1,7,9,12.435811611151356
715849,1,7,4,0.3586790108976326
715858,1,7,5,0.3586789934097332
715867,1,7,8,17.013171987757346
715868,1,7,1,18.019420850606856
715873,1,7,8,19.61067732122721
715874,1,7,5,0.3586789934097332
715883,1,7,1,6.156862279187768
715901,1,7,9,26.42131956903704
715903,1,7,10,21.200103780295223
715904,1,7,6,7.579102243232245
715909,1,7,8,11.622771146783045
715911,1,7,6,6.9932030873229145
715925,1,7,3,1.2740752328091454
715936,1,7,8,28.40499675787863
715956,1,7,5,0.3586789934097332
715958,1,7,5,0.3586789934097332
715978,1,7,5,0.3586789934097332
715990,1,7,5,0.3586789934097332
716009,1,7,4,0.3586790108976326
716023,1,7,10,18.172335344459388
716029,1,7,5,0.3586789934097332
716054,1,7,8,22.69952419303101
716057,1,7,8,21.345686286057457
716062,1,7,4,0.3586790108976326
716063,1,7,6,21.396772448723773
716065,1,7,8,25.82381535905659
716091,1,7,7,4.522048709038518
716095,1,7,8,22.656356594574053
716096,1,7,9,12.155263863816216
716112,1,7,1,16.751241907623715
716123,1,7,1,12.366711629168497
716138,1,7,9,7.7657839861183415
716141,0,7,0,0.01238306755466574
716147,1,7,8,12.413122578007322
716152,1,7,10,14.62126795359226
716155,1,7,9,20.207838785310106
716157,1,7,9,2.6224699926955606
716160,1,7,2,3.6673521677226457
716172,1,7,8,23.70001195688433
716188,1,7,3,1.401092946400464
716197,1,7,8,14.551573040229327
716203,1,7,1,18.138888768537004
716208,1,7,5,0.3586789934097332
716215,1,7,2,11.683272373255905
716221,1,7,5,0.3586789934097332
716226,1,7,1,15.758069952760815
716246,1,7,4,0.3586790108976326
716264,1,7,6,12.85161119929573
716270,1,7,6,23.05815785847431
716272,1,7,2,8.507432482472002
716275,1,7,6,19.91527587894371
716282,1,7,5,0.3586789934097332
716297,1,7,5,0.3586789934097332
716344,1,7,4,0.3586790108976326
716357,1,7,8,25.88280168514375
716360,1,7,9,10.696543752228667
716366,1,7,5,0.3586789934097332
716376,1,7,10,19.718837122281762
716380,1,7,6,9.568303029593356
716386,1,7,8,23.10560906742088
716389,1,7,8,20.354517768354025
716391,1,7,4,0.3586790108976326
716402,1,7,6,17.902016229527824
716404,1,7,1,13.973301140616748
716406,1,7,2,10.911217395435207
716407,1,7,5,0.3586789934097332
716408,0,7,0,0.0151843655284131
716413,1,7,4,0.358679009087165
716421,1,7,7,1.2640815932612761
716424,1,7,8,21.414277865126955
716440,1,7,6,11.634469350079502
716447,1,7,9,24.75348475144551
716455,1,7,9,11.854926912629113
716461,1,7,5,0.3586789934097332
716466,1,7,6,23.727759298921654
716476,1,7,5,0.3586789934097332
716481,1,7,1,10.468281249206814
716486,1,7,6,23.699445611971683
716491,1,7,7,4.402967235523915
716492,1,7,4,0.3586790108976326
716502,1,7,5,0.3586789934097332
716504,0,7,0,0.023794698268591246
716507,1,7,9,10.275630752337527
716538,1,7,3,1.9412117803159021
716541,1,7,8,5.027473247972756
716565,1,7,9,16.466522506767944
716589,1,7,8,24.584534483456707
716596,1,7,9,7.7907855903679
716597,0,7,0,0.012113021037539709
716606,0,7,0,0.012143572983415245
716613,1,7,7,3.8590109395282903
716617,1,7,9,17.093384630284362
716619,1,7,8,8.490492001003926
716621,1,7,6,23.203870063062492
716625,1,7,1,19.114066209597954
716639,1,7,9,23.200878714218167
716660,0,7,0,0.042718806221318434
716684,0,7,0,0.028769031914043546
716712,1,7,5,0.3586789949470627
716713,1,7,8,14.230476921481062
716716,1,7,5,0.3586789934097332
716722,0,7,0,0.017675155353466546
716728,1,7,6,19.25472365641427
716731,1,7,10,7.860700921846174
716732,1,7,9,23.14777494406562
716737,1,7,9,9.74479061265956
716749,1,7,5,0.3586789934097332
716763,1,7,6,10.498536809632446
716779,1,7,9,24.7290887475458
716792,1,7,10,15.767068646196321
716801,0,7,0,0.027886741532505577
716822,1,7,9,11.066299306716324
716860,1,7,9,26.04250726354141
716865,1,7,5,0.3586789934097332
716875,1,7,1,17.12511247289975
716889,1,7,1,13.311179536303015
716908,1,7,9,13.063057637529939
716924,1,7,10,4.401095186507991
716925,1,7,6,6.270561348881095
716930,0,7,0,0.019302554804624877
716934,1,7,7,4.241865029361768
716974,0,7,0,0.028143557930429417
716987,1,7,9,4.740082948812155
717005,1,7,3,1.594984774390585
717011,1,7,1,13.821045398985147
717017,0,7,0,0.012647304536793856
717025,1,7,8,23.122718002446323
717054,1,7,4,0.3586790108976326
717057,1,7,5,0.3586789934097332
717061,0,7,0,0.025018421222673677
717070,1,7,1,16.315810964352416
717071,0,7,0,0.016372870755768695
717092,1,7,1,18.246044040050098
717093,1,7,4,0.3586790108976326
717099,1,7,9,26.14961034611083
717103,1,7,9,19.072881534389033
717137,1,7,10,13.023115720742176
717159,1,7,10,11.122684176898494
717164,1,7,3,1.871224636071927
717171,1,7,4,0.3586790108976326
717177,1,7,6,14.696474410479919
717190,1,7,10,15.35638241636489
717221,1,7,9,16.17598411210235
717222,1,7,5,0.3586789934097332
717228,1,7,5,0.3586789934097332
717250,0,7,0,0.026853508458887027
717252,1,7,8,17.460210117065785
717254,0,7,0,0.022781402025588267
717264,1,7,8,23.391901070150006
717270,1,7,9,18.04545261852407
717275,1,7,6,18.35043526876913
717281,1,7,7,3.9466946621970065
717290,1,7,7,4.3067105452296035
717307,1,7,8,19.864574106675708
717324,1,7,6,16.88874609641167
717329,1,7,9,24.064171464604193
717335,1,7,1,9.868737475498305
717341,1,7,5,0.3586789934097332
717353,1,7,7,0.8987928727893183
717354,1,7,5,0.3586789934097332
717379,1,7,7,0.9146439060727622
717385,1,7,9,23.83087530679297
717387,1,7,9,16.883468557209515
717394,1,7,4,0.358679009087165
717402,1,7,9,26.35466773776958
717406,1,7,9,17.139578797493467
717414,1,7,5,0.3586789934097332
717419,1,7,7,2.598806754997111
717434,1,7,1,16.91792948891129
717467,1,7,4,0.3586790108976326
717470,1,7,9,8.16086955444021
717473,1,7,6,18.156234807804342
717474,1,7,9,8.871790918658084
717485,1,7,7,1.6846094659962243
717511,1,7,10,11.281475398347203
717513,1,7,4,0.3586790108976326
717515,1,7,7,0.9944574885698129
717519,1,7,6,8.867185487959354
717526,1,7,6,23.15361610204507
717527,1,7,8,21.1165542149112
717532,1,7,5,0.3586789934097332
717541,1,7,2,9.030219423585512
717547,1,7,9,23.76577973492896
717557,1,7,2,3.930760899011659
717561,1,7,8,15.377327234416443
717566,1,7,8,6.634481537837306
717588,1,7,5,0.3586789934097332
717589,1,7,8,12.734063746505829
717592,1,7,8,22.655481539594263
717597,1,7,2,6.191190898592815
717601,1,7,8,28.51286583405578
717605,1,7,6,11.625363488256058
717607,1,7,10,4.656485828117447
717668,1,7,2,6.715727826619335
717675,1,7,9,6.4220235461959145
717686,1,7,8,3.511479407087714
717688,1,7,9,25.03711036487187
717692,1,7,8,25.30226307643975
717707,1,7,1,7.889758191546548
717726,1,7,4,0.3586790108976326
717729,1,7,10,12.360727143688932
717733,1,7,4,0.3586790108976326
717737,1,7,5,0.3586789934097332
717738,1,7,5,0.3586789934097332
717746,0,7,0,0.013151068432101887
717762,1,7,10,4.102249669526969
717789,1,7,10,9.598849437674652
717796,1,7,9,25.633342613719943
717799,1,7,7,3.5700202604922717
717833,1,7,5,0.3586789934097332
717839,1,7,7,4.240391113578667
717840,1,7,4,0.3586790108976326
717841,1,7,6,15.54594316873439
717842,1,7,3,2.0702265764586767
717847,1,7,9,12.548494328514106
717866,1,7,1,4.025022153161737
717868,1,7,5,0.3586789934097332
717879,1,7,6,10.202239666137862
717885,1,7,5,0.3586789934097332
717907,1,7,4,0.3586790108976326
717909,1,7,6,23.12474509764032
717913,1,7,8,27.15962724171061
717943,1,7,3,2.382353353847576
717950,1,7,8,14.223771047683199
717989,1,7,7,0.8595400699500003
718015,1,7,7,1.5986324301470247
718030,1,7,2,2.507495399583987
718041,1,7,9,6.244879569897482
718048,1,7,2,10.140485919248523
718049,1,7,8,3.44755432451751
718068,1,7,1,11.595802224324869
718071,1,7,5,0.3586789934097332
718078,1,7,8,8.71969811861732
718081,0,7,0,0.18136614875472154
718088,1,7,10,15.601007843144597
718102,1,7,4,0.3586790108976326
718126,1,7,6,18.81982354057032
718131,1,7,8,13.35647039860134
718136,1,7,6,17.30147216659847
718137,1,7,8,14.770137793500146
718146,1,7,10,20.03780986529635
718152,1,7,4,0.3586790108976326
718153,1,7,7,3.2382000447635924
718156,1,7,8,18.051376843146244
718165,1,7,8,15.80367030753663
718167,1,7,6,22.059236699049364
718169,1,7,9,14.465842882935355
718173,1,7,3,0.8012563469570028
718178,1,7,8,25.021306627887753
718183,1,7,6,7.979065112247796
718185,1,7,6,7.821643817558758
718192,1,7,9,13.234656421296691
718209,1,7,9,25.960379168554564
718236,1,7,4,0.3586790108976326
718242,1,7,10,10.117263613963551
718259,1,7,9,12.472795120542973
718262,0,7,0,0.07396722088808967
718274,1,7,8,12.966988540163921
718293,1,7,10,19.632191304962983
718311,1,7,8,18.015624347067526
718330,1,7,4,0.3586790108976326
718334,1,7,4,0.3586790108976326
718339,1,7,6,15.086565495101665
718345,1,7,6,10.632675821617093
718358,1,7,3,1.9029412572619957
718366,1,7,10,11.990501439260871
718370,1,7,9,25.90839447109968
718395,1,7,6,23.612924532304962
718403,1,7,6,18.187201639291278
718421,1,7,9,17.39899825203466
718433,1,7,6,10.48156083376782
718452,1,7,8,6.84828922178748
718455,1,7,6,16.348852931558703
718456,1,7,6,17.54690680446461
718470,1,7,9,26.375057433283196
718486,1,7,1,19.690897095528165
718507,1,7,8,13.546829963822471
718510,1,7,10,12.138424393895697
718540,0,7,0,0.01327717991704427
718561,1,7,2,11.206479150730296
718562,1,7,6,12.320278475238974
718568,1,7,2,4.909216144018254
718569,0,7,0,0.1966235190775416
718571,1,7,10,12.4121370412458
718598,1,7,8,14.387361532173921
718599,1,7,6,14.43032125989743
718610,1,7,4,0.3586790108976326
718614,1,7,10,18.774865999048277
718620,1,7,10,17.942481800624105
718623,1,7,6,10.24414211054441
718641,1,7,1,21.23890407787092
718643,1,7,5,0.3586789949470627
718646,0,7,0,0.02750908504572537
718660,1,7,5,0.3586789934097332
718669,1,7,8,17.374509808011805
718671,1,7,5,0.3586789934097332
718682,1,7,10,15.560308095370125
718683,1,7,4,0.3586790108976326
718687,1,7,10,16.62766797706622
718692,1,7,1,19.213695009067923
718706,1,7,4,0.3586790108976326
718733,1,7,10,12.384342457028437
718756,1,7,6,15.167363844371003
718758,0,7,0,0.01654761364864394
718772,1,7,5,0.3586789934097332
718799,1,7,5,0.3586789934097332
718822,1,7,4,0.3586790108976326
718824,1,7,6,14.855000918331827
718833,1,7,2,7.606954598454339
718841,1,7,4,0.3586790108976326
718842,1,7,7,1.0625289327929228
718849,1,7,4,0.3586790108976326
718865,1,7,8,24.084559317929898
718869,0,7,0,0.11129855286303456
718888,1,7,9,5.8667128887896505
718899,1,7,8,17.668443012330293
718902,1,7,1,23.077339108511
718908,1,7,2,8.035411918087084
718919,1,7,4,0.3586790108976326
718921,1,7,9,12.342291053966713
718923,1,7,8,10.405182670890989
718924,1,7,3,2.1315525339317705
718978,1,7,10,14.865805466540579
718982,1,7,9,25.025826242652013
718992,1,7,10,17.871975684857215
718993,1,7,1,8.001853388197954
718996,1,7,8,24.679834213894388
718998,1,7,5,0.3586789934097332
719001,0,7,0,0.02350752897079698
719004,1,7,4,0.3586790108976326
719014,1,7,8,24.912367479287497
719054,1,7,2,8.79850233592715
719066,1,7,8,16.024095215879655
719091,1,7,8,22.66865152668546
719110,1,7,9,24.633719294622974
719114,1,7,9,10.889336249328561
719116,0,7,0,0.019698361110768146
719123,1,7,6,8.067866019198656
719127,1,7,6,22.02295306622278
719146,1,7,10,3.283564685425726
719150,1,7,5,0.3586789934097332
719151,1,7,3,2.3801012466744527
719157,1,7,4,0.3586790108976326
719164,1,7,10,8.068597901026845
719176,1,7,7,1.5062067727868358
719193,1,7,4,0.3586790108976326
719197,1,7,9,15.454402082454912
719200,1,7,6,15.884653898000336
719208,1,7,7,1.4856566055604663
719217,1,7,7,3.0407720508947587
719231,1,7,6,11.336658864090767
719234,0,7,0,0.013418909943115702
719241,1,7,9,12.021103364326235
719242,1,7,8,21.430774360095867
719247,1,7,9,25.1522884118653
719255,1,7,2,10.5407007187062
719260,1,7,8,22.22368291254575
719261,1,7,6,23.13613207273731
719263,0,7,0,0.01307579515432411
719266,1,7,8,23.12464031654622
719306,1,7,8,23.863914199150553
719315,1,7,9,13.040998618625483
719347,1,7,5,0.3586789934097332
719360,1,7,8,5.59763470105631
719365,1,7,9,25.673918461432418
719378,1,7,9,13.168699308098503
719384,1,7,6,9.434130764009085
719390,1,7,8,19.53195025818701
719391,1,7,6,13.340921148864409
719422,1,7,6,23.660039113932616
719431,1,7,6,21.421938213178777
719436,1,7,3,2.0304215770687875
719444,1,7,6,11.012622018562979
719461,1,7,5,0.3586789934097332
719471,1,7,9,22.535964672424537
719481,1,7,7,4.018163753913912
719491,1,7,6,9.015682519716137
719497,1,7,6,15.358910633941537
719500,1,7,10,19.388614842658793
719505,1,7,9,26.37238816446557
719515,1,7,1,16.324187537987605
719523,1,7,3,2.4224162519257186
719524,1,7,7,4.569928459370213
719525,1,7,8,15.094973720848948
719529,1,7,10,12.095980795659722
719533,1,7,6,8.508660070052537
719537,1,7,9,13.611290226342135
719543,0,7,0,0.055218119608144836
719544,1,7,8,24.404795860842718
719548,1,7,5,0.3586789934097332
719553,0,7,0,0.016686406211566102
719558,1,7,10,16.691720841983454
719574,1,7,8,9.513994710041525
719601,1,7,1,13.245939351205891
719608,1,7,8,7.909063679131866
719615,1,7,6,11.453247888161851
719616,1,7,4,0.3586790108976326
719618,1,7,5,0.3586789934097332
719621,1,7,6,15.06000534557509
719622,1,7,1,22.51981148426675
719624,0,7,0,0.018268630797600924
719638,1,7,9,9.36055766877822
719649,1,7,2,6.730705375601996
719661,1,7,3,1.7946247866619747
719664,1,7,6,23.151846554817766
719665,1,7,2,8.880182489765916
719669,0,7,0,0.0197074485919717
719672,1,7,8,20.286346123488578
719674,1,7,8,27.76912590468795
719685,1,7,2,1.2221184717827567
719692,1,7,1,18.329778169959248
719702,1,7,8,12.814926503520503
719710,1,7,9,6.525036617536162
719719,1,7,8,20.003080740586967
719724,1,7,5,0.3586789934097332
719730,1,7,6,19.269628199458243
719731,1,7,5,0.3586789934097332
719733,1,7,5,0.3586789934097332
719736,1,7,4,0.358679009087165
719742,1,7,10,10.224088580856094
719754,1,7,4,0.3586790108976326
719756,1,7,10,20.70776448193862
719763,1,7,8,13.321327239293375
719774,1,7,8,20.040148710752298
719778,0,7,0,0.027069612936075325
719780,1,7,6,13.066138523696972
719784,0,7,0,0.013446062441311342
719837,1,7,6,17.80842965753821
719849,1,7,6,23.39778346754447
719856,0,7,0,0.011905376070679813
719862,1,7,6,22.40521971532194
719868,1,7,5,0.3586789934097332
719875,1,7,8,3.6203512021094966
719876,1,7,9,4.658521764885698
719880,1,7,6,23.411550884461594
719882,1,7,4,0.3586790108976326
719883,0,7,0,0.014614204411151419
719892,1,7,4,0.3586790108976326
719895,1,7,2,9.65617634717508
719905,1,7,4,0.3586790108976326
719914,1,7,8,28.435878390316244
719916,1,7,8,20.216641660019395
719917,1,7,4,0.3586790108976326
719920,1,7,1,4.303404543975888
719922,1,7,6,11.712686755470907
719935,1,7,8,16.033010712293606
719943,1,7,8,6.7112903324404245
719973,1,7,9,17.186381406600123
719993,1,7,1,19.929181570403475
719999,1,7,6,14.780024367268233
720009,1,7,9,24.2879630010582
720031,1,7,1,5.168452974065687
720036,1,7,2,13.90554134604773
720046,1,7,10,21.046728851080488
720056,1,7,1,21.59013543416377
720058,1,7,6,14.863750362678942
720071,1,7,10,17.054224781759835
720074,1,7,5,0.3586789934097332
720084,1,7,6,8.770515594986238
720090,1,7,6,14.938681527929603
720097,1,7,8,13.60204493728856
720108,1,7,6,13.995245930206451
720149,0,7,0,0.027356847176698753
720152,1,7,9,4.765331135781655
720155,1,7,1,20.299053322126305
720158,1,7,9,25.967291840982163
720167,1,7,8,26.47978180780288
720173,1,7,9,8.237825710086389
720180,1,7,9,25.771556494148072
720183,1,7,7,1.219229427258838
720190,0,7,0,0.025981604875023004
720206,1,7,10,4.837568072663365
720217,1,7,7,3.052142292957236
720257,1,7,9,25.813352805224294
720268,1,7,6,11.628297867120839
720276,1,7,5,0.3586789934097332
720279,1,7,5,0.3586789934097332
720288,1,7,8,16.282417258610597
720304,1,7,7,4.337747569169896
720311,1,7,5,0.3586789934097332
720315,1,7,8,5.4726268950965755
720345,1,7,8,10.228822297010502
720355,1,7,1,6.53332589710634
720363,1,7,3,2.418432168907572
720373,1,7,3,0.8003776718169123
720374,1,7,9,21.80261503544514
720375,1,7,9,24.244799353593468
720411,1,7,9,11.143281339738284
720428,1,7,8,20.611632047652606
720434,1,7,9,23.854559024494645
720469,1,7,10,18.362069443694875
720488,1,7,10,10.340250618045419
720512,1,7,6,22.430430293435226
720513,1,7,4,0.3586790108976326
720532,1,7,5,0.3586789934097332
720534,1,7,1,4.57731315156932
720535,1,7,9,21.26901258710379
720543,1,7,1,18.115066508982405
720544,1,7,2,12.453282272470563
720545,1,7,5,0.3586789934097332
720562,1,7,4,0.3586790108976326
720567,1,7,4,0.3586790108976326
720572,1,7,7,2.1773923769153263
720574,1,7,10,15.437469840719904
720591,1,7,10,18.46955393930897
720601,1,7,9,25.162544736188753
720602,1,7,6,5.409844119501294
720612,1,7,5,0.3586789934097332
720614,1,7,5,0.3586789934097332
720629,1,7,9,11.93767834925408
720634,1,7,6,21.90548926156999
720638,1,7,9,22.739534782209862
720650,1,7,6,14.764290712563104
720680,1,7,6,17.204079583597785
720692,1,7,1,11.974138106831628
720698,1,7,6,7.975804937195403
720732,1,7,6,15.3955658483429
720733,1,7,9,12.164371793469469
720744,1,7,5,0.3586789934097332
720752,1,7,4,0.3586790108976326
720758,1,7,5,0.3586789934097332
720771,1,7,10,6.782480910886114
720773,1,7,8,21.597839110628964
720798,1,7,6,17.90885245216197
720811,1,7,9,25.925830242643418
720830,1,7,10,8.564981723656995
720831,1,7,7,1.9704752243890178
720835,1,7,9,5.700740533344656
720849,1,7,2,5.248645846610916
720855,1,7,5,0.3586789934097332
720862,1,7,5,0.3586789934097332
720882,1,7,10,13.552427810233354
720886,1,7,6,5.596681652227657
720887,1,7,9,16.659642263461706
720888,0,7,0,0.023863283661147067
720902,1,7,4,0.3586790108976326
720905,1,7,1,14.71493329068528
720917,1,7,1,16.805376380183716
720918,1,7,10,19.954330488911744
720924,1,7,9,8.310540626650443
720961,1,7,6,11.653655074339332
720966,1,7,8,26.503637378424532
720977,1,7,6,19.629897183898517
720994,1,7,6,6.7904607597738895
721012,1,7,2,11.131817067750251
721026,1,7,6,20.720613803192773
721029,1,7,4,0.358679009087165
721038,1,7,4,0.358679009087165
721045,1,7,8,6.978683143811922
721047,1,7,8,10.37393963432893
721048,1,7,6,11.26121861857281
721050,1,7,5,0.3586789934097332
721069,1,7,8,9.382033647879902
721096,1,7,4,0.3586790108976326
721104,1,7,4,0.3586790108976326
721117,1,7,4,0.3586790108976326
721137,1,7,4,0.3586790108976326
721145,1,7,8,26.278767492024627
721147,1,7,9,12.706743415183238
721152,1,7,7,1.968219784493037
721160,1,7,5,0.3586789934097332
721174,1,7,9,3.423026689589752
721175,1,7,4,0.3586790108976326
721181,1,7,7,1.6000260074961905
721183,1,7,1,5.38147180359405
721184,1,7,8,16.250731702293493
721192,1,7,4,0.3586790108976326
721194,1,7,4,0.3586790108976326
721196,1,7,10,7.9205084943245225
721217,1,7,3,1.769970632059226
721225,1,7,7,4.028326990066306
721235,1,7,9,18.321701303110853
721245,1,7,9,14.584922759192581
721246,1,7,3,1.7245285815085551
721251,1,7,6,21.07560437654166
721265,1,7,4,0.3586790108976326
721266,0,7,0,0.02239433096942891
721307,1,7,4,0.3586790108976326
721308,1,7,4,0.358679009087165
721314,1,7,10,19.180787404094733
721320,1,7,9,7.317231888636289
721325,1,7,9,25.70299294573313
721348,1,7,4,0.3586790108976326
721353,1,7,1,10.842957296742242
721372,1,7,9,3.1457415124970924
721378,1,7,2,10.043099207655207
721399,1,7,9,2.2625931047907324
721405,1,7,9,7.833195506574169
721428,1,7,9,15.086771337653719
721446,1,7,6,4.373410873447869
721447,1,7,10,17.873568358651518
721453,1,7,3,2.4199128384591924
721457,1,7,8,17.13593818400718
721461,1,7,1,15.118851500261982
721476,1,7,6,13.373844427171148
721491,1,7,9,26.19015938956422
721504,1,7,9,20.74293389900797
721526,1,7,9,25.93381054827973
721544,1,7,5,0.3586789934097332
721546,1,7,9,25.958649152382208
721550,1,7,1,8.285325444174175
721557,0,7,0,0.020435837703119426
721561,1,7,10,9.14199815831541
721603,1,7,9,5.488739234646662
721645,1,7,5,0.3586789934097332
721651,1,7,5,0.3586789934097332
721672,1,7,6,21.999213612324233
721682,1,7,1,18.17511594396994
721711,1,7,5,0.3586789934097332
721719,1,7,1,10.572601201336592
721729,1,7,8,19.693254359220823
721735,1,7,8,18.234815040129877
721742,1,7,5,0.3586789934097332
721747,1,7,2,1.836862712067705
721768,1,7,6,18.171803759121083
721774,0,7,0,0.04776491211199026
721783,0,7,0,0.014295206157020734
721797,1,7,9,9.480839808610897
721806,1,7,4,0.3586790108976326
721820,1,7,6,14.382324696531349
721822,1,7,9,23.77837724946063
721823,1,7,9,24.43631284991879
721827,1,7,1,18.079741628912625
721830,1,7,1,4.2065029857658685
721831,1,7,10,3.795956089465741
721843,1,7,8,15.653586530699014
721848,1,7,7,3.6508656585842942
721855,1,7,3,2.381518256442895
721862,1,7,4,0.3586790108976326
721868,1,7,4,0.3586790108976326
721870,1,7,8,25.84013752906257
721888,1,7,5,0.3586789934097332
721907,1,7,5,0.3586789934097332
721912,1,7,7,2.0824839200282277
721924,1,7,6,6.024565266905434
721940,1,7,5,0.3586789934097332
721968,1,7,8,23.018904880304586
721977,1,7,5,0.3586789934097332
721984,1,7,10,13.35416445248457
721999,1,7,10,17.470555522641046
722001,1,7,9,23.957820242558032
722015,1,7,9,18.99425966007208
722019,1,7,10,4.687770933469049
722025,1,7,10,21.245027360764503
722054,1,7,6,10.115430461834402
722055,1,7,9,5.316325520271403
722083,0,7,0,0.01687709315867338
722086,1,7,8,17.10876914350882
722093,1,7,9,20.349476192644424
722097,1,7,9,4.641929390586343
722105,1,7,6,8.672906932086004
722114,1,7,10,17.286857817318364
722115,1,7,10,14.058854929369689
722117,1,7,4,0.3586790108976326
722120,1,7,5,0.3586789934097332
722140,1,7,5,0.3586789934097332
722142,1,7,6,18.183815161802926
722149,1,7,3,2.351403449406725
722170,1,7,10,6.7631241755252045
722175,1,7,9,25.31904943171766
722179,1,7,5,0.3586789934097332
722181,1,7,6,22.516397095731254
722187,1,7,4,0.3586790108976326
722224,1,7,8,24.574485379240887
722257,0,7,0,0.03375399939035272
722264,1,7,4,0.3586790108976326
722295,1,7,8,14.36447082004969
722307,1,7,9,11.249633254570751
722311,1,7,10,19.851219472957307
722315,1,7,10,5.02084774453785
722326,1,7,1,11.189343110280037
722336,1,7,9,6.146026989804266
722341,1,7,8,21.249773385151872
722349,1,7,8,6.473163322437722
722367,1,7,7,3.0863546878004997
722368,1,7,10,7.46498975505747
722369,1,7,9,16.793399404956737
722370,1,7,7,2.0220860028129937
722373,1,7,9,13.535269942669899
722383,1,7,5,0.3586789934097332
722397,1,7,9,24.779414039378377
722403,1,7,9,15.581455998312292
722409,1,7,10,13.172189205856943
722418,1,7,9,24.41336719986084
722421,1,7,5,0.3586789934097332
722430,1,7,7,3.189701913637799
722436,1,7,10,19.444350547793935
722437,1,7,6,14.206383132076946
722438,1,7,5,0.3586789934097332
722440,1,7,7,1.7894747644829634
722441,1,7,6,18.877696431554625
722448,1,7,10,18.778720820781157
722467,1,7,7,3.873093568862921
722476,1,7,5,0.3586789934097332
722482,1,7,4,0.3586790108976326
722491,1,7,10,5.089206258357727
722514,1,7,5,0.3586789934097332
722544,1,7,10,4.260674820675671
722561,1,7,9,15.07711406879311
722566,1,7,8,17.278596355622348
722577,1,7,1,18.9693663088086
722580,1,7,8,18.38942981922088
722594,1,7,8,28.475547746573202
722616,1,7,10,16.45563698584661
722627,1,7,9,15.063045661033211
722637,1,7,8,7.241961001156797
722642,1,7,4,0.358679009087165
722643,1,7,7,0.5536186037212742
722652,1,7,9,20.670982672292467
722653,1,7,8,21.625968586416295
722667,1,7,8,8.271515895090964
722671,1,7,9,25.66619363820584
722681,1,7,6,12.06101982962204
722684,1,7,6,13.693620610420549
722690,1,7,8,26.373697439449632
722710,1,7,1,19.478626065465082
722712,1,7,5,0.3586789934097332
722718,1,7,6,11.774692533780183
722721,1,7,5,0.3586789934097332
722729,1,7,10,14.598417595676956
722742,1,7,5,0.3586789934097332
722745,1,7,7,1.6894989134603173
722746,1,7,5,0.3586789934097332
722767,1,7,4,0.3586790108976326
722771,1,7,7,3.7070463792186277
722777,1,7,9,24.81015984226301
722788,1,7,1,16.70889273686853
722795,1,7,5,0.3586789934097332
722805,1,7,5,0.3586789934097332
722806,1,7,9,15.432424036200084
722814,1,7,10,7.481918794678072
722818,1,7,9,24.867819190841022
722823,1,7,4,0.3586790108976326
722829,1,7,1,22.78170141771202
722842,1,7,5,0.3586789934097332
722844,1,7,3,2.154421819890483
722903,1,7,8,28.36293022637579
722907,1,7,7,0.6821753887312262
722927,1,7,8,13.919299194160683
722939,1,7,7,3.9941416206541485
722945,1,7,5,0.3586789934097332
722958,1,7,9,6.1043215947463025
722968,1,7,9,24.59167450895676
722976,1,7,10,13.67005166170204
722981,1,7,6,21.410252598455727
722993,1,7,8,22.901397947200046
723000,1,7,6,19.170055661825312
723005,1,7,5,0.3586789934097332
723007,1,7,2,11.420845312476814
723008,1,7,8,7.637160918523365
723009,1,7,4,0.3586790108976326
723023,1,7,6,21.29418142106506
723025,1,7,6,21.97813594162996
723026,1,7,6,11.428604611662605
723029,1,7,9,15.066866631002792
723032,1,7,5,0.3586789934097332
723041,1,7,4,0.3586790108976326
723044,1,7,6,17.269181793493264
723049,1,7,9,25.00407588400753
723053,1,7,6,21.119293588536788
723063,1,7,9,23.374819121204947
723079,1,7,8,22.22541820118244
723109,1,7,1,17.78501351069144
723129,1,7,8,22.1905205035327
723141,1,7,10,11.454843839212934
723167,1,7,10,9.889288863867728
723168,1,7,8,4.571269901146273
723172,1,7,10,11.226049463486538
723179,1,7,9,26.080534502441683
723189,1,7,7,2.3640861616020725
723192,1,7,5,0.3586789949470627
723197,1,7,9,16.59062597602933
723202,1,7,4,0.3586790108976326
723208,1,7,5,0.3586789934097332
723212,1,7,1,5.895653705804186
723213,1,7,6,11.514566374993644
723219,1,7,1,21.77378667842206
723223,1,7,9,20.971489416717354
723228,1,7,9,15.996421523265843
723244,1,7,10,14.623129436739918
723246,1,7,4,0.3586790108976326
723251,1,7,5,0.3586789934097332
723261,1,7,5,0.3586789934097332
723270,1,7,9,24.588895290991353
723291,1,7,9,16.328474225413114
723295,0,7,0,0.034900456849561654
723296,1,7,10,3.60569981364331
723311,1,7,4,0.3586790108976326
723312,1,7,9,17.373398666567702
723335,1,7,8,14.842727713745063
723338,1,7,8,2.7844148280237206
723340,1,7,5,0.3586789934097332
723349,1,7,4,0.3586790108976326
723356,1,7,6,19.92844298370897
723360,1,7,1,21.173092630079115
723362,1,7,6,14.357382709227693
723367,1,7,9,7.337173735042219
723395,1,7,5,0.3586789934097332
723399,1,7,8,19.930363738904273
723406,1,7,4,0.3586790108976326
723411,1,7,9,21.814971487575782
723413,1,7,8,14.857528279209578
723417,1,7,5,0.3586789949470627
723422,1,7,8,27.015720265166006
723423,1,7,4,0.3586790108976326
723424,1,7,3,1.184933285457539
723427,1,7,8,28.522558755410785
723441,1,7,9,25.707185308345046
723449,1,7,6,7.0984057650245935
723460,1,7,9,15.845913829605049
723485,1,7,4,0.3586790108976326
723510,1,7,3,1.7959419854340313
723550,1,7,7,2.2748965659950717
723566,1,7,9,24.527226206872353
723577,1,7,4,0.3586790108976326
723578,1,7,9,16.607825308437558
723596,1,7,8,27.342226498405534
723599,0,7,0,0.0203200285413218
723609,1,7,4,0.3586790108976326
723619,1,7,9,16.616689993374155
723636,1,7,9,19.93269428990073
723649,1,7,6,22.42660174880961
723673,1,7,5,0.3586789934097332
723681,1,7,4,0.3586790108976326
723689,1,7,10,14.86814594408566
723703,0,7,0,0.023338049016684834
723707,1,7,2,6.911277154357772
723708,1,7,6,18.925112755345015
723722,1,7,9,9.877136019337067
723734,1,7,4,0.3586790108976326
723738,1,7,10,14.828173386995125
723749,1,7,8,18.038381221789578
723766,0,7,0,0.016826886422609925
723773,1,7,8,7.297134639482875
723776,1,7,7,0.3527050070063538
723780,1,7,5,0.3586789949470627
723786,1,7,6,14.593487973236865
723796,1,7,5,0.3586789934097332
723809,1,7,9,4.226967742791205
723816,1,7,5,0.3586789934097332
723823,0,7,0,0.013827149262638644
723840,1,7,6,5.9445597483548305
723843,1,7,5,0.3586789934097332
723848,1,7,4,0.3586790108976326
723858,0,7,0,0.037329560842379816
723861,1,7,5,0.3586789934097332
723870,1,7,10,4.703497120307965
723883,1,7,6,19.024057179925116
723902,1,7,4,0.3586790108976326
723903,1,7,9,25.53834632649241
723907,1,7,4,0.3586790108976326
723916,1,7,8,12.233897075636037
723934,1,7,9,23.32068048780465
723935,1,7,6,18.973333306846214
723946,1,7,10,12.006463014748839
723954,1,7,8,5.541354343584848
723961,1,7,8,9.365235719907922
723967,1,7,3,1.8297585096758262
723971,1,7,9,23.52579943649426
723972,0,7,0,0.017841566225703962
723976,1,7,3,1.3702129550033524
723977,1,7,1,19.288238732775984
723983,1,7,6,23.000749490724562
723997,1,7,8,5.3636181263988965
723998,1,7,6,23.253629475629037
723999,1,7,9,19.4356296581901
724004,1,7,9,16.149128643227456
724008,1,7,5,0.3586789949470627
724010,1,7,9,15.601290503463941
724028,1,7,10,12.36485114429342
724035,1,7,10,5.480257275544264
724044,1,7,9,20.882875900144573
724050,1,7,8,25.83469367700234
724062,1,7,9,8.406388485515647
724090,1,7,8,24.079547238727994
724093,1,7,8,25.331436435310543
724098,1,7,5,0.3586789934097332
724116,1,7,8,9.604582284653754
724118,1,7,5,0.3586789934097332
724132,1,7,8,21.340453757618626
724133,1,7,8,9.040700923853942
724147,1,7,8,20.330946937579526
724152,1,7,8,5.818266972445487
724158,0,7,0,0.01418711330201865
724165,1,7,8,17.3428920531902
724178,1,7,8,24.729522044241193
724193,1,7,10,18.38027826020427
724194,1,7,8,26.905820009689016
724197,1,7,5,0.3586789934097332
724204,1,7,9,25.766538604053284
724206,1,7,7,2.390545542131035
724210,1,7,2,2.832632648942189
724243,1,7,6,19.401118600281308
724246,1,7,9,14.999755366923473
724259,1,7,9,25.90803003619595
724260,1,7,7,1.4437662312804327
724263,1,7,6,23.396743979915566
724287,1,7,8,25.422564577640717
724290,1,7,8,10.600004042364548
724297,1,7,8,14.899012410612636
724304,1,7,7,3.2566807326754628
724308,1,7,4,0.3586790108976326
724314,1,7,7,4.403905033948812
724321,1,7,9,18.838191678269677
724336,1,7,6,12.035881844117045
724340,0,7,0,0.033859479323665884
724343,1,7,10,7.726288445845039
724350,1,7,3,2.4094981799191477
724351,1,7,5,0.3586789934097332
724356,1,7,6,14.320571213538946
724359,1,7,9,17.595368689207103
724370,1,7,3,2.1385485811901623
724387,1,7,9,23.574202029841665
724393,1,7,1,6.228145618398796
724401,1,7,9,26.39149227522639
724429,1,7,8,12.975936244199573
724433,1,7,1,21.334993731883134
724445,1,7,5,0.3586789934097332
724459,1,7,5,0.3586789934097332
724476,1,7,3,2.3665983043179804
724485,1,7,4,0.3586790108976326
724490,1,7,6,24.070140379856465
724515,1,7,9,23.889667058592018
724531,1,7,5,0.3586789934097332
724532,1,7,4,0.3586790108976326
724540,1,7,6,13.561960190427863
724554,1,7,1,20.107981961443656
724574,1,7,10,20.771740279567254
724578,1,7,1,15.305310404478766
724580,1,7,9,12.026304601124695
724583,1,7,8,9.815840041205902
724586,1,7,8,28.283142812800033
724592,1,7,10,16.69651651102989
724594,1,7,5,0.3586789934097332
724595,1,7,6,22.975291512075756
724597,1,7,4,0.3586790108976326
724601,1,7,9,18.15082642566178
724603,1,7,8,26.96210846914189
724629,1,7,10,20.898393158447195
724636,1,7,2,6.953049516136703
724655,1,7,9,10.258182934806657
724697,1,7,2,3.6425410343133304
724716,1,7,4,0.3586790108976326
724723,1,7,3,0.7780976643445834
724735,1,7,5,0.3586789934097332
724748,0,7,0,0.04146133812367207
724753,1,7,9,6.73790123758546
724763,1,7,7,0.7542920119812909
724768,1,7,8,7.448703805417738
724775,1,7,5,0.3586789934097332
724780,1,7,10,12.84304087179643
724794,1,7,6,15.763329545127057
724802,1,7,8,21.08868330736785
724809,1,7,10,14.738865611027814
724818,1,7,6,21.285500580436207
724827,1,7,4,0.3586790108976326
724829,1,7,1,12.443791416170237
724838,1,7,9,13.865497947662059
724844,1,7,2,6.372362203844162
724856,1,7,7,1.008656912652316
724863,1,7,9,10.32238515459801
724869,1,7,5,0.3586789934097332
724884,1,7,7,0.42182013645558736
724889,1,7,2,2.743269730178013
724892,1,7,8,18.685959206937394
724895,1,7,9,21.73321419020713
724902,0,7,0,0.264113671548648
724905,1,7,6,9.77834643229468
724917,1,7,7,1.063562293741824
724923,1,7,8,24.729845090438637
724924,1,7,7,0.5828786090028201
724932,1,7,5,0.3586789934097332
724934,0,7,0,0.03373743925360205
724940,0,7,0,0.02409663906478032
724950,1,7,10,21.27601108329689
724953,1,7,1,16.19702588298186
724969,1,7,8,18.824207424264202
724972,1,7,9,26.11268054527585
724978,1,7,4,0.3586790108976326
724980,1,7,9,23.476071020099056
725018,1,7,4,0.3586790108976326
725036,1,7,8,20.558928314238234
725040,1,7,4,0.3586790108976326
725044,0,7,0,0.015193507702198496
725049,1,7,8,20.04033090160953
725062,1,7,9,26.045996817691098
725063,1,7,3,2.3656809021512237
725064,1,7,6,23.30340298779662
725075,1,7,7,0.6443354543880506
725088,1,7,10,13.009942189986532
725111,0,7,0,0.012822586608918673
725121,1,7,6,18.250224007918234
725122,1,7,4,0.3586790108976326
725130,1,7,5,0.3586789934097332
725133,0,7,0,0.012805581378146582
725159,1,7,9,15.282842474143624
725173,1,7,9,3.1095345840887596
725174,1,7,10,14.615124633846772
725183,1,7,2,10.902463901824701
725184,1,7,4,0.3586790108976326
725194,1,7,9,17.601194013741516
725197,1,7,9,11.024120377125113
725201,1,7,10,8.267276276358968
725211,1,7,8,25.66325610422083
725216,1,7,4,0.3586790108976326
725259,1,7,9,6.4721813914002695
725267,1,7,7,4.143941672548994
725287,1,7,5,0.3586789934097332
725306,1,7,7,3.759263308181166
725311,1,7,8,25.697634497942573
725315,1,7,9,18.12217879832582
725316,1,7,8,16.70371900284147
725335,1,7,4,0.3586790108976326
725349,1,7,4,0.3586790108976326
725352,1,7,9,23.941766444966756
725361,1,7,4,0.3586790108976326
725377,1,7,5,0.3586789934097332
725384,0,7,0,0.1973416274606456
725388,1,7,4,0.3586790108976326
725391,1,7,8,11.615784796231795
725407,1,7,7,4.553326621207203
725443,1,7,5,0.3586789934097332
725452,1,7,8,26.27238607126389
725454,1,7,7,3.3101020664711287
725463,1,7,9,15.243609584217179
725465,1,7,5,0.3586789934097332
725471,1,7,1,23.080922509328968
725473,1,7,4,0.358679009087165
725493,1,7,9,10.704822253106821
725509,1,7,9,16.531901139897748
725513,1,7,7,1.7692760100270557
725516,1,7,9,24.097632781049075
725517,1,7,8,19.88216765121203
725520,1,7,6,18.530894467947764
725600,1,7,6,10.77935491134605
725606,1,7,5,0.3586789934097332
725615,1,7,10,7.7664171413405905
725617,1,7,8,7.4180495580251975
725632,1,7,4,0.3586790108976326
725644,1,7,4,0.3586790108976326
725646,1,7,8,19.693269691440126
725653,1,7,6,23.03987141309734
725656,1,7,7,4.4889183129515
725689,1,7,9,10.604944483645294
725691,1,7,8,14.200025351978603
725694,1,7,8,22.867811405402865
725700,1,7,5,0.3586789934097332
725728,0,7,0,0.04008253662036019
725729,1,7,1,14.340591673046868
725739,1,7,9,18.431924156278907
725746,1,7,4,0.3586790108976326
725752,1,7,8,17.525580100476386
725754,1,7,5,0.3586789934097332
725757,1,7,7,4.500304973099087
725761,1,7,5,0.3586789934097332
725773,1,7,2,1.5221705871369953
725785,1,7,4,0.3586790108976326
725791,1,7,4,0.3586790108976326
725794,1,7,8,12.4123614472902
725807,1,7,1,23.100897360156573
725816,1,7,5,0.3586789934097332
725833,1,7,6,23.735889455945873
725834,1,7,2,6.003043556345306
725884,0,7,0,0.02028069972363715
725897,1,7,6,12.479864307535003
725898,1,7,5,0.3586789934097332
725899,1,7,3,2.114253816651908
725901,1,7,9,24.436766807856284
725902,1,7,3,2.398139095695365
725904,1,7,6,8.881847951955335
725911,1,7,9,11.794354825718651
725917,1,7,2,6.557762015463181
725935,1,7,3,2.142611803679393
725937,1,7,8,16.27129569640471
725940,1,7,5,0.3586789934097332
725953,1,7,2,9.595696003599834
725978,1,7,8,6.019012603398262
726022,1,7,7,3.8395725539184418
726039,1,7,6,21.18631251786017
726043,1,7,5,0.3586789934097332
726050,1,7,9,12.54275879120766
726058,1,7,5,0.3586789934097332
726060,1,7,10,16.9372248187727
726080,1,7,9,16.425774568077614
726081,1,7,8,26.427066069685083
726088,1,7,10,16.47542591015402
726098,1,7,10,18.221703615594336
726100,1,7,7,4.16181721435565
726102,1,7,10,20.002373925711776
726106,1,7,10,9.749219278862828
726117,1,7,9,26.28220657268631
726121,1,7,4,0.358679009087165
726127,1,7,1,22.48516526524637
726145,1,7,9,13.293898436804469
726156,1,7,9,23.114664747577397
726158,1,7,3,2.3592725225348694
726167,1,7,8,25.763331851341306
726183,1,7,6,8.976551587927869
726188,1,7,4,0.3586790108976326
726197,0,7,0,0.014563641374621218
726205,0,7,0,0.017775895825402725
726210,1,7,6,15.587808187643288
726227,1,7,4,0.3586790108976326
726231,1,7,9,8.928695849571827
726236,1,7,3,1.0954459941936978
726252,0,7,0,0.01705281666166858
726268,1,7,4,0.3586790108976326
726274,1,7,8,4.34699601659193
726280,1,7,8,24.0267474330563
726285,1,7,10,12.13518444019937
726294,1,7,2,5.455869216349173
726302,1,7,6,16.889528638596644
726311,1,7,1,14.945181149488272
726329,1,7,8,9.805045277367201
726345,1,7,3,1.7376670362640618
726356,1,7,5,0.3586789934097332
726390,1,7,10,20.603215077711646
726405,1,7,6,20.62358328496744
726411,1,7,10,9.194376791673758
726420,1,7,10,8.86828907298725
726424,1,7,9,21.26516715616619
726436,0,7,0,0.035237880627815785
726448,1,7,1,12.190724809742203
726471,1,7,6,13.108383976007596
726487,1,7,8,18.22031785406193
726489,1,7,10,20.887645163625642
726495,1,7,9,21.378263812517616
726498,1,7,4,0.3586790108976326
726510,1,7,7,4.516328254188861
726556,1,7,6,14.43469009324381
726563,1,7,3,0.9569145164314957
726567,1,7,5,0.3586789934097332
726590,1,7,4,0.3586790108976326
726594,1,7,3,2.2434978801788015
726603,1,7,7,1.8364503818141096
726604,0,7,0,0.22457628696008056
726617,1,7,8,13.575769974316021
726619,1,7,10,17.275539216011303
726621,1,7,1,8.060196919148524
726623,1,7,8,15.31066066751341
726631,1,7,6,22.87929331247333
726632,1,7,6,12.070984816974287
726637,1,7,4,0.3586790108976326
726638,1,7,9,24.07936945321447
726640,1,7,7,2.630345058393404
726663,1,7,3,1.1208610788459572
726675,1,7,9,3.526873663850202
726685,1,7,5,0.3586789934097332
726693,1,7,8,19.445974724597097
726696,1,7,9,10.90876745520559
726701,1,7,4,0.3586790108976326
726730,1,7,2,12.92058362477118
726747,1,7,10,17.01793640318782
726756,1,7,5,0.3586789934097332
726762,1,7,10,13.388204041054435
726769,1,7,3,0.7327680663748053
726782,1,7,7,1.8553126651845055
726783,1,7,8,11.256144620914903
726798,1,7,9,23.83314031211832
726810,1,7,8,22.297840953787926
726814,1,7,10,4.781846810992974
726815,1,7,4,0.3586790108976326
726823,1,7,6,6.616780512894814
726831,1,7,7,1.6658659665814042
726834,1,7,9,20.190409015738364
726849,1,7,9,25.956915375616926
726868,1,7,5,0.3586789934097332
726870,1,7,9,23.003111711527982
726875,1,7,8,3.98469634230312
726878,1,7,9,16.10663118309996
726879,1,7,6,22.74507361108984
726881,1,7,1,14.627824881432568
726887,1,7,2,12.540713092596661
726895,1,7,5,0.3586789934097332
726922,1,7,6,18.60206731290252
726928,1,7,9,6.558800577329902
726933,1,7,8,21.3859095429921
726935,1,7,5,0.3586789934097332
726949,1,7,9,15.920093152979913
726956,1,7,9,21.540184919137886
726981,1,7,8,23.097669018458127
726998,1,7,5,0.3586789934097332
727009,1,7,3,2.346106857234666
727014,1,7,9,5.77205776216279
727018,1,7,6,22.024314392589176
727039,1,7,6,23.04967068615239
727045,1,7,6,21.60837520205082
727049,1,7,7,3.591432457556172
727057,1,7,9,3.283853800203487
727060,1,7,10,15.953372760738628
727067,1,7,2,4.1630944120948765
727069,1,7,5,0.3586789934097332
727070,1,7,8,20.330168815713293
727091,1,7,4,0.3586790108976326
727092,0,7,0,0.02021841812904639
727099,1,7,10,19.195437362011766
727100,1,7,4,0.3586790108976326
727107,1,7,7,2.2328471322814
727127,1,7,10,19.014498399743477
727155,1,7,6,6.3367640631460915
727171,1,7,9,26.259123465632452
727180,1,7,7,4.102917890444684
727181,1,7,7,2.8505060291593747
727194,1,7,4,0.3586790108976326
727200,1,7,8,27.921153004325916
727214,1,7,9,9.698486807988793
727230,1,7,10,16.795183977513293
727235,1,7,10,17.792191145968353
727236,0,7,0,0.024447814724179104
727243,1,7,6,18.54447996751728
727244,1,7,6,22.828154969496623
727260,1,7,7,4.1510780615372225
727275,1,7,5,0.3586789934097332
727276,1,7,9,25.89969597586129
727301,0,7,0,0.00822802239848107
727303,1,7,8,7.43259220603519
727310,1,7,5,0.3586789934097332
727317,1,7,8,17.402449365952346
727321,1,7,4,0.358679009087165
727324,1,7,10,3.714289973933657
727337,1,7,6,12.645405711218716
727340,1,7,10,18.380708023673787
727368,1,7,9,24.311096627519923
727375,1,7,9,20.638390939734624
727380,1,7,1,19.681998572514402
727409,1,7,8,23.50167590255379
727413,1,7,10,11.718005549374656
727431,1,7,9,5.917917150119156
727432,1,7,1,23.23798228096249
727452,1,7,6,15.411217194861065
727454,1,7,1,21.71511460158732
727469,1,7,5,0.3586789934097332
727512,1,7,9,3.757515530573577
727524,1,7,9,22.517423016552712
727570,1,7,5,0.3586789934097332
727575,1,7,8,18.763964236396532
727583,1,7,5,0.3586789934097332
727592,1,7,3,2.322599388028238
727594,1,7,5,0.3586789934097332
727605,1,7,9,26.426903237923025
727607,1,7,9,13.652574147266833
727610,1,7,5,0.3586789934097332
727611,1,7,6,13.128504018061435
727636,1,7,9,21.17528753781092
727656,1,7,6,21.687011798086765
727666,1,7,8,21.591062093409363
727677,1,7,6,8.098043726500169
727679,1,7,9,23.98555806250424
727682,1,7,3,2.2720095546256247
727684,1,7,7,0.7572985905679083
727687,1,7,3,2.383374350179088
727693,1,7,9,25.959543180914725
727697,1,7,8,19.526957840473443
727713,1,7,8,11.958709252508129
727716,1,7,2,10.871820024390837
727728,1,7,4,0.3586790108976326
727745,0,7,0,0.02980117412735989
727757,1,7,5,0.3586789934097332
727761,1,7,9,19.096642237246794
727763,1,7,9,23.42376071087647
727772,1,7,2,13.74221416042723
727796,1,7,5,0.3586789934097332
727798,1,7,5,0.3586789934097332
727807,1,7,1,10.352936395660633
727810,1,7,9,19.39767308176448
727812,1,7,4,0.3586790108976326
727823,1,7,8,23.402768642167153
727832,1,7,1,18.074500650361326
727839,1,7,4,0.3586790108976326
727854,1,7,8,24.302095916011016
727908,1,7,6,20.63282595219093
727928,1,7,7,1.1183375427732327
727930,1,7,8,4.413232039302183
727934,1,7,9,21.31834195604504
727935,1,7,8,9.579725981343378
727938,1,7,6,10.997342444509279
727947,1,7,8,7.7854801977321415
727959,1,7,8,26.69179989879529
727962,1,7,9,25.622086182017576
727976,0,7,0,0.019902196381326565
727979,1,7,8,23.40068381938089
727990,1,7,6,7.278915202607475
727992,1,7,5,0.3586789949470627
727994,1,7,5,0.3586789949470627
728012,1,7,4,0.3586790108976326
728018,1,7,10,10.689172363249945
728035,0,7,0,0.012544911845334966
728046,1,7,5,0.3586789934097332
728061,1,7,6,10.078270421848723
728068,1,7,5,0.3586789934097332
728074,1,7,9,15.133809923015482
728076,1,7,1,22.399197384513734
728089,1,7,2,12.774519499019071
728104,1,7,9,14.722034887878475
728107,1,7,10,9.281685396354087
728124,1,7,1,6.808176185102005
728125,1,7,9,25.959367821175935
728128,1,7,9,25.687640818497517
728131,0,7,0,0.02431999410837124
728139,1,7,9,14.88869519410469
728140,1,7,10,21.290467930829948
728156,1,7,10,11.365219902577472
728160,1,7,6,6.002415053163235
728165,1,7,10,18.187619246683948
728177,1,7,1,21.73555962042127
728196,1,7,4,0.3586790108976326
728200,1,7,8,24.579300228615363
728218,1,7,6,16.925549278138636
728245,1,7,8,10.819846618578943
728288,1,7,9,25.864146937059694
728292,1,7,8,23.08829405725561
728302,1,7,9,5.491850735234252
728308,1,7,9,25.187602510342202
728328,1,7,9,16.220627816002064
728329,1,7,2,10.382815994077685
728352,1,7,2,6.30039270751499
728367,1,7,6,10.560012124693152
728370,1,7,3,2.2476538829942627
728373,1,7,8,17.26225943773477
728377,1,7,5,0.3586789934097332
728406,1,7,4,0.3586790108976326
728409,1,7,9,23.532406485797296
728428,1,7,6,23.710329694478386
728430,1,7,5,0.3586789934097332
728439,1,7,5,0.3586789934097332
728458,1,7,10,6.872177147066413
728459,1,7,9,9.945120568654076
728467,1,7,4,0.3586790108976326
728483,1,7,6,10.957192351693585
728489,1,7,6,19.597585001424914
728514,1,7,8,4.509058584344579
728516,1,7,3,1.9209533542579504
728526,1,7,6,4.84013351713669
728537,1,7,4,0.3586790108976326
728547,1,7,7,3.6693015751402656
728550,1,7,8,22.250976314732302
728555,1,7,9,22.50335517724609
728557,1,7,6,13.541848465643044
728558,0,7,0,0.017113889828325946
728562,1,7,3,2.3494660028540855
728571,1,7,9,15.985931332619476
728574,1,7,5,0.3586789934097332
728580,1,7,6,23.758480316878615
728589,1,7,8,21.66048018466905
728591,1,7,2,13.973109588432553
728619,1,7,3,2.3852920618187268
728642,1,7,1,5.409145676109604
728643,1,7,1,7.760650488899983
728653,1,7,1,17.57653429007707
728660,1,7,9,20.917761468750523
728661,1,7,9,23.385590867545666
728666,1,7,9,24.78765422329429
728673,1,7,8,15.766505262174265
728682,1,7,5,0.3586789934097332
728698,1,7,9,26.465301112126014
728707,1,7,3,2.425111458653108
728719,1,7,8,21.636597923177234
728722,1,7,9,20.602261865457592
728723,1,7,6,6.531690843011906
728724,1,7,10,12.01244673754581
728756,1,7,6,21.495857320242912
728768,0,7,0,0.01577024542187478
728769,1,7,4,0.3586790108976326
728771,1,7,9,18.193060947476997
728778,1,7,10,11.185008378721399
728786,1,7,7,2.233034211042649
728830,1,7,10,9.405606415908991
728832,1,7,5,0.3586789934097332
728833,0,7,0,0.013974117412436517
728848,1,7,5,0.3586789934097332
728857,1,7,6,22.940686459845246
728872,1,7,2,6.476166886748233
728884,1,7,1,17.267000323330016
728891,1,7,10,8.681993784648844
728899,1,7,9,13.04563718834719
728900,1,7,1,12.73470351331471
728922,1,7,2,2.125519439324204
728924,1,7,4,0.3586790108976326
728925,1,7,9,12.706321442789001
728926,1,7,4,0.358679009087165
728941,1,7,4,0.3586790108976326
728951,1,7,9,25.899100718076156
728987,1,7,5,0.3586789934097332
728994,1,7,1,6.1419000267888375
729003,1,7,8,9.973044811415257
729004,1,7,2,6.473321704191522
729013,1,7,6,14.91857606175058
729023,1,7,9,25.035948118754927
729029,1,7,9,10.839056275457168
729031,1,7,4,0.3586790108976326
729033,1,7,6,6.209237000047386
729040,1,7,8,25.754538335139234
729050,1,7,6,17.612085867188767
729053,1,7,10,18.533870501979834
729055,1,7,6,7.573926598978295
729065,1,7,10,12.32391929892234
729079,1,7,10,10.936051448584111
729100,1,7,6,24.079733177863407
729102,1,7,9,24.384550253016258
729105,1,7,9,22.930972012759852
729107,1,7,9,11.072812573685464
729111,1,7,6,20.71305725396484
729119,1,7,1,17.884754965477732
729126,1,7,5,0.3586789934097332
729128,1,7,2,11.845950379442485
729139,1,7,5,0.3586789934097332
729140,1,7,8,27.952394458048992
729146,1,7,5,0.3586789934097332
729152,1,7,7,3.2258474938578647
729180,1,7,5,0.3586789934097332
729191,1,7,10,12.352427042283741
729211,1,7,5,0.3586789949470627
729213,1,7,10,21.278123259751293
729221,1,7,10,15.094777607629357
729229,1,7,8,17.000913481513013
729234,1,7,6,23.958387061709562
729247,1,7,10,7.046211200739703
729275,1,7,6,15.084963459088979
729278,1,7,6,15.040585868620001
729298,1,7,6,21.102629169217114
729306,1,7,1,17.40276027556269
729319,1,7,7,1.4997173056026576
729320,1,7,8,4.384438529738414
729321,1,7,10,11.299215674927302
729322,0,7,0,0.024364053622719723
729327,1,7,9,22.64562337493842
729355,1,7,9,8.797260549059638
729360,1,7,6,7.6142571441440285
729363,1,7,5,0.3586789934097332
729365,1,7,8,11.559866522973385
729366,0,7,0,0.028294645593495666
729372,1,7,8,23.954452533649857
729383,1,7,8,24.326067337610343
729391,1,7,9,26.1281289677666
729407,1,7,9,11.290863255815582
729419,1,7,8,15.290280012013188
729444,1,7,9,23.807304601788058
729446,1,7,8,27.58200414159102
729469,1,7,3,2.276385975759407
729492,1,7,9,25.835695806136474
729501,1,7,1,21.626675784505178
729508,1,7,8,11.62253330124689
729519,1,7,9,6.290906005401375
729523,1,7,6,11.95319108471766
729535,1,7,5,0.3586789934097332
729548,1,7,1,6.151914658967181
729551,1,7,8,20.573532535809232
729557,1,7,6,23.213370009057204
729559,1,7,9,14.390547799653016
729560,1,7,2,10.691421685283915
729570,1,7,10,3.950013077327496
729577,1,7,9,24.87027103269053
729582,0,7,0,0.027592263622630592
729587,1,7,4,0.3586790108976326
729598,1,7,8,15.735568537696082
729608,1,7,9,16.49547164048292
729613,0,7,0,0.017629493058415928
729629,1,7,6,10.408551913823917
729631,1,7,4,0.3586790108976326
729642,1,7,1,21.344335413318472
729650,1,7,7,3.9192097332490627
729653,1,7,5,0.3586789934097332
729656,1,7,6,8.574447591751293
729659,1,7,9,25.53022346967412
729680,1,7,7,4.506178550902136
729701,1,7,6,14.542818448218938
729767,1,7,2,6.424338099358408
729769,1,7,10,12.38452185305063
729774,1,7,8,3.9429447548610956
729793,1,7,7,3.3981105897941037
729794,1,7,6,13.62981576851492
729796,1,7,7,3.8121957568971374
729813,1,7,5,0.3586789934097332
729832,1,7,9,20.259184680235506
729854,1,7,7,4.517441826821223
729857,1,7,5,0.3586789949470627
729860,1,7,9,8.36145950930637
729870,1,7,9,14.508337344439155
729878,1,7,9,19.843973993287317
729910,1,7,8,11.087007939896736
729933,1,7,5,0.3586789934097332
729945,1,7,7,1.8200973362087194
729949,1,7,8,17.187637851053875
729959,1,7,9,12.196096612749498
729969,1,7,6,9.744575705178098
729978,1,7,7,4.4788447740949255
729989,1,7,4,0.3586790108976326
730007,1,7,1,9.174933129348517
730008,1,7,8,20.07131053479488
730021,1,7,10,12.105421567826687
730036,1,7,5,0.3586789934097332
730049,1,7,1,5.085431109658906
730051,1,7,5,0.3586789934097332
730058,1,7,9,13.758148090454588
730059,1,7,6,16.579995751319924
730067,1,7,1,12.996867175610175
730082,1,7,9,8.694130644532287
730086,1,7,3,0.8653658980023733
730092,1,7,4,0.3586790108976326
730096,1,7,10,15.469852670019915
730099,1,7,9,26.346228551510475
730101,1,7,5,0.3586789934097332
730103,1,7,4,0.3586790108976326
730105,1,7,9,22.512828025795663
730153,1,7,1,13.035429873876142
730200,1,7,8,24.80669750242675
730206,1,7,5,0.3586789949470627
730210,1,7,9,9.192665976540022
730213,1,7,7,2.5188906818141095
730249,0,7,0,0.03323659615468781
730258,1,7,8,11.289093639729785
730259,1,7,1,17.742412855556605
730269,1,7,3,2.0627819597299766
730272,1,7,4,0.3586790108976326
730273,1,7,6,5.842650112734959
730274,1,7,9,13.23337632940669
730280,1,7,3,1.1099304557446465
730285,1,7,6,10.59294367853813
730289,1,7,8,14.153449928855325
730291,1,7,6,14.762954520994201
730293,1,7,9,13.338491893094604
730304,1,7,10,21.233424255250196
730311,1,7,7,1.5999082207039137
730312,1,7,7,1.9578938116574125
730324,1,7,9,24.21639571883017
730326,1,7,10,12.368995391981821
730332,1,7,10,9.94034783403406
730341,1,7,10,7.098641673370452
730342,1,7,4,0.3586790108976326
730344,1,7,9,21.536736167751357
730348,1,7,2,11.53798887873588
730352,1,7,10,15.805630195184833
730354,1,7,7,4.094621816816017
730363,1,7,6,13.504246241475162
730379,1,7,6,14.717645876702687
730381,1,7,6,19.43008024791384
730383,1,7,7,2.3295212491010324
730391,1,7,9,25.845742853695562
730392,1,7,6,15.078150360549536
730397,1,7,5,0.3586789949470627
730401,1,7,5,0.3586789934097332
730408,1,7,5,0.3586789934097332
730411,1,7,2,10.260760078031657
730422,1,7,9,11.890061558064623
730423,1,7,8,8.21918063600893
730444,1,7,4,0.3586790108976326
730445,1,7,5,0.3586789934097332
730451,1,7,9,16.752046525535935
730453,1,7,9,16.357304100370108
730463,1,7,9,16.692184535917264
730466,0,7,0,0.027329661484118646
730473,1,7,10,4.836400959913345
730475,1,7,1,18.037258823996886
730497,1,7,3,2.4287741626276307
730506,1,7,9,24.39344342242765
730515,1,7,7,3.3404937064379707
730518,1,7,9,13.955162062356344
730528,1,7,9,20.63363973391258
730537,1,7,7,3.5331330981205165
730539,1,7,8,6.817293119793533
730540,1,7,10,6.653845759355227
730550,1,7,7,3.51404501340825
730551,1,7,9,20.586217231103866
730554,1,7,6,12.572640048240482
730566,1,7,9,25.01874875448368
730571,1,7,8,14.5074595314935
730577,1,7,9,16.556800485287784
730598,1,7,5,0.3586789934097332
730606,1,7,7,1.420101896690042
730618,1,7,6,9.748311311443233
730641,1,7,5,0.3586789949470627
730650,1,7,4,0.358679009087165
730658,1,7,6,23.302208039973046
730659,1,7,5,0.3586789934097332
730662,1,7,1,15.165756402676124
730670,1,7,2,12.082178544207038
730686,1,7,5,0.3586789934097332
730687,0,7,0,0.02284258421005492
730688,1,7,9,23.015589743455838
730694,1,7,1,19.4103955494695
730698,1,7,5,0.3586789934097332
730706,1,7,6,9.972707926771585
730707,1,7,3,2.217097116066111
730708,1,7,10,4.4545292161931345
730711,1,7,6,13.038728567590972
730724,1,7,4,0.3586790108976326
730728,1,7,1,5.88834876549191
730740,1,7,4,0.3586790108976326
730752,1,7,4,0.3586790108976326
730758,1,7,8,19.882164649532513
730760,1,7,8,12.04244560173151
730761,1,7,4,0.3586790108976326
730763,1,7,9,14.192000091335029
730768,1,7,4,0.3586790108976326
730774,1,7,6,13.525397217983341
730777,1,7,10,14.19896212614978
730789,1,7,9,24.584416064003666
730791,1,7,9,24.41849068397442
730797,1,7,9,24.614412190027355
730799,1,7,9,16.047501368100217
730865,1,7,8,25.847620510655993
730866,1,7,6,8.176071911871249
730881,1,7,8,21.40412475115692
730889,1,7,5,0.3586789949470627
730894,1,7,5,0.3586789934097332
730895,1,7,6,9.81498517671903
730909,1,7,9,4.7900764404562635
730913,1,7,4,0.3586790108976326
730917,0,7,0,0.012931424682456009
730922,1,7,6,23.179631822211697
730925,1,7,2,10.978871735670543
730936,1,7,4,0.3586790108976326
730949,1,7,4,0.3586790108976326
730951,1,7,4,0.3586790108976326
730952,1,7,8,9.736496256564713
730988,1,7,4,0.3586790108976326
730996,1,7,8,22.640384330911438
731009,1,7,5,0.3586789934097332
731021,0,7,0,0.031516824282914295
731030,1,7,4,0.3586790108976326
731033,1,7,5,0.3586789934097332
731036,1,7,4,0.3586790108976326
731043,1,7,8,3.9418740629177247
731051,0,7,0,0.014272125572718628
731062,1,7,9,19.923560325714195
731092,1,7,4,0.3586790108976326
731095,1,7,8,8.525225953102229
731135,1,7,1,16.435634690396437
731140,1,7,9,16.327812054517388
731141,1,7,9,6.615798083151107
731152,1,7,4,0.3586790108976326
731153,1,7,8,16.229880505425808
731156,1,7,1,21.66300037992369
731169,1,7,9,21.52999120113339
731174,1,7,3,2.2070737645604033
731181,1,7,9,25.672141624754293
731200,1,7,4,0.3586790108976326
731208,1,7,5,0.3586789934097332
731210,1,7,4,0.3586790108976326
731223,1,7,9,10.114983057946793
731235,1,7,10,11.385352120920748
731254,0,7,0,0.03694875721076516
731282,1,7,5,0.3586789934097332
731286,1,7,8,28.51284307278491
731288,1,7,9,20.64613973835086
731302,1,7,9,16.236411589625995
731304,1,7,1,14.267709003847273
731311,1,7,2,13.127680267933394
731319,1,7,7,1.8514905206165468
731331,1,7,1,6.50313482295341
731341,1,7,4,0.3586790108976326
731343,1,7,6,11.81721340563422
731347,1,7,9,15.522717671101562
731371,1,7,1,15.168969841096034
731373,1,7,8,13.612945707286396
731375,1,7,10,21.243111568788972
731404,1,7,6,6.5297929292288135
731423,1,7,4,0.3586790108976326
731440,1,7,5,0.3586789934097332
731486,1,7,3,1.6268164677279136
731497,1,7,2,6.673809118379746
731518,1,7,8,3.8495688764668645
731521,1,7,4,0.3586790108976326
731522,1,7,7,4.3434740871506365
731526,1,7,10,19.418576552952395
731528,1,7,1,4.417524529223785
731531,1,7,10,12.41200937714983
731534,1,7,4,0.358679009087165
731536,1,7,5,0.3586789934097332
731548,1,7,3,1.6043031965356362
731560,1,7,8,17.61209133852952
731575,1,7,9,21.205076543614176
731610,1,7,10,12.422305419412908
731613,1,7,9,20.71402748666093
731621,1,7,6,23.639821793181927
731635,1,7,4,0.3586790108976326
731638,1,7,3,1.863799672741408
731654,1,7,6,20.288997356961975
731657,1,7,6,23.797967504723513
731658,1,7,9,14.120751129429928
731659,1,7,5,0.3586789934097332
731662,1,7,4,0.3586790108976326
731672,1,7,4,0.3586790108976326
731692,0,7,0,0.014893167013423882
731700,1,7,8,13.851583822261803
731730,1,7,10,10.70494697681082
731735,1,7,4,0.3586790108976326
731750,1,7,8,23.399883176324927
731756,1,7,5,0.3586789934097332
731782,1,7,6,23.38493697835659
731801,1,7,4,0.3586790108976326
731805,1,7,5,0.3586789934097332
731806,1,7,9,22.16616588262004
731823,1,7,7,4.544931565803474
731828,1,7,9,24.394891638018333
731853,1,7,7,1.7790527145344173
731859,1,7,4,0.3586790108976326
731861,1,7,7,0.7604001244667354
731864,1,7,8,16.701802130896706
731892,1,7,9,24.56812896702308
731894,1,7,7,0.5130328715851831
731903,1,7,8,19.665928618305365
731914,1,7,8,5.1368106867955605
731938,1,7,5,0.3586789934097332
731941,1,7,5,0.3586789934097332
731949,1,7,4,0.3586790108976326
731950,1,7,7,1.3071179463545213
731954,1,7,5,0.3586789934097332
731964,1,7,6,11.196995717393618
731968,1,7,5,0.3586789934097332
731983,1,7,9,10.752029594678765
731988,1,7,5,0.3586789934097332
731993,1,7,9,17.150214630878928
731996,1,7,4,0.3586790108976326
732028,1,7,6,23.465338863139834
732038,1,7,6,14.73049506567015
732044,1,7,6,10.956751836632176
732048,1,7,9,24.497840425568654
732056,0,7,0,0.018355118251813386
732062,1,7,6,12.529682718249616
732081,1,7,10,12.351196258845142
732095,1,7,10,8.053503725607369
732110,1,7,6,8.875222176043312
732113,1,7,8,17.23050004164022
732123,1,7,7,2.492636956760592
732139,1,7,6,18.950316273303155
732150,1,7,9,14.79551811972261
732169,1,7,9,10.970830001142
732188,1,7,10,15.495440643210912
732203,0,7,0,0.20117744499768372
732207,1,7,6,23.906836290456837
732214,1,7,5,0.3586789949470627
732218,1,7,5,0.3586789934097332
732229,1,7,8,6.5669098007266316
732243,0,7,0,0.025805465119278753
732256,1,7,2,13.744374103781354
732260,1,7,5,0.3586789934097332
732273,1,7,4,0.3586790108976326
732278,1,7,4,0.3586790108976326
732280,1,7,6,10.015454598585197
732298,1,7,8,21.353349476920958
732314,1,7,9,9.544445108758303
732337,1,7,6,18.234378290415542
732343,1,7,10,16.315974520188487
732346,1,7,4,0.3586790108976326
732350,1,7,6,14.723559877779785
732366,1,7,9,23.06181182537013
732380,1,7,7,3.883215420103958
732397,1,7,6,11.249294733831851
732399,1,7,4,0.3586790108976326
732402,1,7,3,1.9161711904818224
732412,1,7,7,2.5770572010721957
732426,1,7,5,0.3586789934097332
732427,1,7,9,25.679710128122135
732436,1,7,5,0.3586789934097332
732454,1,7,8,25.201686370515418
732458,1,7,4,0.3586790108976326
732490,1,7,5,0.3586789934097332
732492,0,7,0,0.023271632128303524
732498,1,7,3,2.373732847231811
732532,1,7,10,4.4150696097715745
732535,1,7,8,22.359231514661218
732543,1,7,8,21.437222896940604
732563,0,7,0,0.02425580661133767
732565,1,7,8,18.833609604875203
732574,1,7,4,0.3586790108976326
732587,1,7,8,7.145484224511314
732588,1,7,9,15.40277928248898
732604,1,7,6,23.351231645853364
732610,1,7,3,1.6040473359888692
732614,1,7,5,0.3586789934097332
732618,1,7,5,0.3586789934097332
732626,1,7,7,2.262687772345161
732638,1,7,1,4.756191385159991
732649,1,7,4,0.3586790108976326
732677,1,7,7,2.6651081843050948
732713,1,7,5,0.3586789934097332
732720,1,7,9,26.183764194278684
732735,1,7,4,0.3586790108976326
732755,0,7,0,0.01534817600100685
732773,1,7,10,14.881692359691929
732805,1,7,8,9.971956235412879
732809,1,7,10,21.232563310840906
732821,1,7,8,18.180336828836886
732825,1,7,9,25.473180892877544
732844,1,7,9,18.250129375276575
732846,1,7,10,4.071710359586839
732848,1,7,6,23.85421962455541
732855,1,7,7,2.391683868884655
732877,1,7,6,21.99969228627625
732878,1,7,10,11.091786654348534
732887,1,7,8,13.331036810544417
732889,1,7,5,0.3586789934097332
732896,1,7,8,9.95889668224607
732897,1,7,9,25.78876995631247
732926,1,7,5,0.3586789949470627
732936,1,7,6,19.076122515537577
732969,1,7,10,9.342905762723268
732989,1,7,1,18.159664137141135
732993,1,7,7,1.57824421617332
733004,1,7,8,28.028210482199885
733006,1,7,8,4.222100309834977
733021,1,7,4,0.3586790108976326
733033,1,7,8,11.356305287462831
733040,1,7,9,9.495481320275832
733044,1,7,5,0.3586789934097332
733054,1,7,9,23.91000987068649
733059,1,7,8,11.017831422904013
733062,1,7,9,19.688190274377398
733080,1,7,5,0.3586789934097332
733094,1,7,6,16.520362848944583
733115,0,7,0,0.02338990064726397
733124,1,7,3,0.8572535581296463
733135,1,7,10,12.173154434336578
733136,1,7,3,2.420003860130121
733138,1,7,9,23.517895637774036
733141,1,7,6,9.226500371754245
733171,1,7,4,0.3586790108976326
733180,1,7,10,10.745920652711133
733186,1,7,7,1.72126644372106
733189,1,7,8,8.550875260598886
733198,1,7,9,25.2287596452574
733204,1,7,5,0.3586789934097332
733211,1,7,8,15.52582455865636
733213,1,7,9,17.366843225895824
733219,1,7,8,12.235084032538726
733241,1,7,10,9.196391467978296
733247,1,7,4,0.358679009087165
733252,1,7,6,21.736863161043804
733253,0,7,0,0.02525107545761814
733265,1,7,8,7.848992740686366
733285,1,7,5,0.3586789934097332
733294,1,7,8,19.390527231802974
733300,1,7,9,8.426602379744349
733315,1,7,9,5.5207675610113425
733318,1,7,5,0.3586789934097332
733326,1,7,4,0.3586790108976326
733334,1,7,3,1.9231414271151184
733349,1,7,6,23.83342091108221
733371,1,7,10,20.50519171864891
733384,1,7,8,28.525754958799624
733388,1,7,8,4.533020383647829
733397,1,7,5,0.3586789934097332
733401,1,7,8,28.486533866159185
733403,1,7,6,4.470757338350134
733423,1,7,9,7.238852128117975
733433,1,7,7,1.6839150706294554
733435,1,7,10,8.57088787978691
733436,1,7,6,23.127154789165978
733480,1,7,1,6.688140211036532
733500,1,7,6,12.010701169598697
733507,1,7,5,0.3586789934097332
733518,1,7,1,22.203590407792394
733529,1,7,4,0.3586790108976326
733551,1,7,9,7.537670913069278
733561,1,7,8,19.112093038995493
733577,1,7,1,7.404634923227221
733581,1,7,3,2.3450596366617313
733588,1,7,8,17.311684678498928
733590,1,7,7,2.1584843531204005
733603,1,7,1,17.09793097121738
733614,1,7,6,9.040333144099584
733626,1,7,9,25.52732399914659
733637,1,7,10,12.002251784808136
733648,1,7,9,12.360309389363874
733649,1,7,7,3.496186743563636
733663,1,7,1,21.76612529670291
733668,1,7,4,0.3586790108976326
733672,1,7,9,6.607514756656681
733684,1,7,6,21.62154442850005
733686,1,7,9,26.375732722399242
733688,1,7,8,15.334556957161446
733694,1,7,4,0.3586790108976326
733706,1,7,2,10.762580872193544
733718,1,7,4,0.3586790108976326
733722,1,7,10,21.206596813019907
733731,1,7,8,16.312474355275608
733740,1,7,9,2.8455778317525517
733742,1,7,9,20.20381457947995
733751,1,7,9,17.976615847106878
733760,0,7,0,0.014287008466138156
733770,1,7,5,0.3586789934097332
733781,1,7,9,15.112690462018568
733811,1,7,10,11.761008043479245
733827,1,7,2,11.781481098383262
733832,1,7,10,17.05361067210832
733842,1,7,9,22.28553284320208
733863,1,7,9,26.20669409570296
733866,1,7,8,17.290996551858946
733873,1,7,7,3.9508498152382643
733876,1,7,8,8.551950827165467
733878,1,7,6,13.511549886722326
733880,1,7,8,21.96241726451887
733888,0,7,0,0.012442221628863697
733889,1,7,6,13.027277842259606
733893,1,7,6,8.66581060014593
733899,1,7,6,15.02881611276109
733900,1,7,4,0.3586790108976326
733910,1,7,6,23.014706818457054
733913,1,7,3,2.246575027425257
733914,1,7,8,17.638906641247114
733926,1,7,9,25.633292353496397
733966,1,7,10,13.528199035418739
733969,1,7,9,11.13336054909389
733988,1,7,4,0.3586790108976326
733996,1,7,8,2.127561492541229
734010,1,7,8,14.838416925996885
734020,1,7,3,2.371477161880345
734032,1,7,1,6.138389303051053
734035,1,7,10,7.135005121170807
734039,1,7,6,8.715076077500742
734075,1,7,9,14.038343306547844
734077,1,7,10,17.588491855112878
734080,1,7,4,0.3586790108976326
734095,1,7,5,0.3586789934097332
734102,1,7,8,7.965977348791265
734126,1,7,9,22.884584300686225
734129,1,7,6,7.981907293164316
734147,1,7,8,2.1950252513497817
734156,1,7,8,27.413862902579176
734161,1,7,4,0.3586790108976326
734164,1,7,2,11.038050646331206
734165,1,7,4,0.358679009087165
734167,1,7,10,10.464016382215796
734169,1,7,6,14.742564807268495
734202,1,7,10,4.920600331367243
734210,1,7,8,15.63243609387049
734230,1,7,6,19.842424494727318
734236,1,7,4,0.3586790108976326
734237,1,7,8,15.958002759113597
734238,1,7,1,4.516572865423781
734250,1,7,1,18.172382963225008
734256,1,7,9,14.551064771538435
734284,1,7,4,0.3586790108976326
734302,1,7,10,20.7693440806126
734315,1,7,10,15.810293010444916
734321,1,7,9,8.656512696762517
734341,1,7,7,2.253887759598595
734357,1,7,10,21.258710261432267
734360,1,7,8,23.49689393881268
734364,1,7,5,0.3586789934097332
734375,1,7,6,14.613568860878514
734386,1,7,5,0.3586789934097332
734388,1,7,1,12.198222450249817
734416,1,7,9,16.332613212217293
734445,1,7,6,21.9092709981639
734471,1,7,5,0.3586789934097332
734473,1,7,10,7.787729702016199
734494,1,7,3,1.7709939540103756
734512,1,7,10,7.644060588683168
734516,1,7,8,24.754079806584357
734530,1,7,4,0.3586790108976326
734538,1,7,9,7.726772556740272
734540,1,7,4,0.3586790108976326
734549,1,7,8,15.457301186093265
734564,1,7,5,0.3586789949470627
734594,1,7,6,12.193762838449189
734599,1,7,10,16.743189749602323
734615,1,7,10,13.512344735096725
734626,1,7,4,0.3586790108976326
734640,1,7,9,3.6612185329162332
734641,1,7,9,24.218916610892162
734644,1,7,8,18.54504305798213
734647,1,7,2,7.75823514633085
734650,1,7,9,9.030829646701646
734668,1,7,6,9.623837216998922
734669,1,7,5,0.3586789934097332
734675,1,7,6,21.554044335439794
734682,1,7,1,5.410147651945502
734684,1,7,9,15.267721836740346
734704,1,7,5,0.3586789934097332
734722,1,7,9,21.994760925603565
734725,1,7,8,3.155803875839038
734739,1,7,8,15.556218084779305
734743,1,7,10,19.902965994847087
734744,1,7,2,11.134157074890108
734745,1,7,4,0.3586790108976326
734747,1,7,5,0.3586789934097332
734760,1,7,6,22.86686877509547
734774,1,7,9,25.74850619294971
734817,1,7,5,0.3586789934097332
734819,1,7,8,4.531673831939815
734829,1,7,9,16.71181483223747
734834,1,7,6,21.796681075903702
734836,1,7,5,0.3586789934097332
734861,1,7,6,23.451788171316625
734891,0,7,0,0.022129297883894335
734892,1,7,5,0.3586789949470627
734898,1,7,10,6.9627028475970825
734901,1,7,5,0.3586789934097332
734924,1,7,1,22.93782910983876
734927,1,7,4,0.3586790108976326
734956,1,7,10,5.748102699097857
734958,1,7,9,18.623102567957794
734977,1,7,9,7.509114750574837
734978,1,7,5,0.3586789934097332
734982,1,7,8,14.06583908583941
735000,1,7,4,0.3586790108976326
735004,1,7,9,25.900496945504983
735030,1,7,4,0.3586790108976326
735037,1,7,10,5.619271583569814
735048,1,7,2,4.218564105759719
735074,1,7,8,7.660551185856742
735083,1,7,10,12.337177973684275
735100,1,7,10,10.826242126233634
735102,1,7,8,28.543329833184615
735141,1,7,6,17.83290586381489
735153,1,7,5,0.3586789934097332
735160,1,7,4,0.3586790108976326
735162,1,7,4,0.3586790108976326
735164,1,7,6,12.603234202549602
735170,1,7,9,25.954125417429662
735177,1,7,10,19.5556056845311
735226,1,7,10,12.23881636206966
735238,1,7,10,17.100309961310494
735240,1,7,5,0.3586789934097332
735259,1,7,5,0.3586789934097332
735266,1,7,2,10.221629819202056
735296,1,7,9,18.10924917064858
735303,1,7,5,0.3586789949470627
735305,1,7,6,14.409984432858272
735317,1,7,8,25.554010219476545
735326,1,7,4,0.3586790108976326
735330,1,7,5,0.3586789934097332
735334,1,7,6,18.756096812130682
735347,1,7,8,19.096871915992313
735355,0,7,0,0.027749843150299543
735369,1,7,10,11.037426110810754
735394,1,7,4,0.3586790108976326
735397,1,7,2,10.161867210532195
735410,1,7,1,16.447022390301477
735425,1,7,10,12.40063330557988
735427,1,7,7,1.6814186073555064
735435,1,7,9,19.369835009278027
735441,1,7,6,6.380618064723988
735448,1,7,4,0.3586790108976326
735483,1,7,6,7.689975250502993
735487,1,7,10,18.15956074329331
735492,1,7,1,11.883906300936937
735510,1,7,5,0.3586789934097332
735521,1,7,4,0.3586790108976326
735541,1,7,7,2.837804463753065
735542,1,7,6,13.937772944306548
735547,1,7,9,20.499111406013075
735548,1,7,6,8.336333206503106
735558,1,7,9,26.29960069290193
735561,1,7,5,0.3586789934097332
735563,1,7,4,0.3586790108976326
735585,1,7,5,0.3586789934097332
735587,1,7,9,24.731712661174175
735594,1,7,2,3.551664295988521
735595,1,7,8,23.95636498363787
735606,1,7,9,16.70512725896535
735610,1,7,9,3.76062344142672
735611,1,7,8,10.446869763944788
735613,1,7,8,20.188800511296012
735624,1,7,7,3.989895068616833
735625,0,7,0,0.03483257018100394
735677,1,7,6,5.7634975115376506
735682,1,7,4,0.3586790108976326
735690,1,7,5,0.3586789934097332
735704,1,7,4,0.3586790108976326
735707,1,7,4,0.3586790108976326
735713,1,7,9,23.219379214923745
735730,1,7,1,17.851566096943273
735738,1,7,4,0.3586790108976326
735744,1,7,1,5.532216264937935
735748,1,7,3,2.3048564809196055
735763,1,7,5,0.3586789934097332
735788,1,7,5,0.3586789934097332
735802,1,7,6,22.20898375387964
735804,1,7,3,1.518217924815299
735813,1,7,8,24.72067449069286
735816,1,7,4,0.3586790108976326
735817,1,7,8,4.137884878418831
735820,0,7,0,0.021197478814619725
735841,1,7,1,15.547715724771987
735845,1,7,9,16.483460510415505
735850,1,7,9,17.59163261250608
735853,1,7,8,16.98267842964969
735869,1,7,8,24.596528113004553
735888,1,7,8,23.09115003398795
735898,1,7,10,19.404820382374478
735916,1,7,9,25.168653297850287
735926,1,7,5,0.3586789934097332
735933,1,7,4,0.3586790108976326
735935,1,7,4,0.3586790108976326
735938,1,7,9,11.737896756787702
735941,1,7,9,23.89038492335315
735946,1,7,9,13.21619897842855
735947,1,7,5,0.3586789934097332
735963,1,7,9,15.701798456183939
735966,1,7,9,10.60901224595029
735982,1,7,8,7.1024941458962365
735995,1,7,4,0.3586790108976326
736010,1,7,5,0.3586789934097332
736012,1,7,7,3.876059219014744
736019,1,7,6,23.213550941698625
736033,1,7,10,4.004868162792909
736035,1,7,6,20.41637606307768
736038,1,7,6,20.743100649811975
736044,1,7,5,0.3586789934097332
736046,1,7,4,0.3586790108976326
736049,1,7,4,0.3586790108976326
736051,1,7,5,0.3586789934097332
736058,1,7,5,0.3586789934097332
736063,0,7,0,0.022353857397979505
736076,1,7,5,0.3586789934097332
736077,1,7,9,19.215964487689593
736078,1,7,3,2.0704565239937764
736081,1,7,8,5.960843045917341
736086,1,7,9,12.513287914474244
736096,1,7,8,6.983413126775957
736102,1,7,8,7.370577290177045
736111,1,7,7,1.3309434123389168
736114,1,7,3,2.4267137723007384
736118,1,7,7,3.8658182585510663
736133,1,7,8,13.006750029050217
736139,1,7,1,21.49362960705724
736143,1,7,10,11.381479113261697
736149,1,7,3,1.1352903282243458
736151,1,7,9,24.341820657330704
736159,1,7,7,0.9360939587806445
736160,1,7,6,21.225495450239894
736162,1,7,5,0.3586789934097332
736163,1,7,7,3.803185621061108
736167,1,7,8,16.51320171151362
736172,1,7,10,11.375948321564229
736180,1,7,9,22.71871476347842
736182,1,7,1,12.652446959940166
736194,1,7,9,14.758546072865874
736218,1,7,10,4.961788234805737
736222,1,7,6,14.735554479946812
736237,1,7,4,0.3586790108976326
736265,1,7,6,20.39649099625159
736274,1,7,8,6.431267291086026
736295,1,7,2,14.096236664275445
736300,1,7,6,10.739955532920233
736312,1,7,5,0.3586789934097332
736326,1,7,9,15.754083667057563
736328,1,7,9,25.61563424302787
736329,1,7,9,13.71059184403418
736330,0,7,0,0.02806978213888291
736332,1,7,9,13.834680422795884
736333,1,7,9,22.716562242318208
736334,1,7,6,18.569139794023616
736349,1,7,6,23.069194366099833
736358,1,7,8,20.603527517311353
736360,1,7,9,22.936740624370792
736375,1,7,6,14.947376520779045
736381,1,7,4,0.3586790108976326
736382,1,7,5,0.3586789934097332
736402,1,7,4,0.3586790108976326
736406,1,7,4,0.3586790108976326
736412,1,7,10,21.14678986907065
736415,0,7,0,0.03148958512447409
736431,1,7,2,13.903154604140862
736441,1,7,10,12.211392889050922
736442,1,7,8,16.48640394643945
736450,1,7,6,17.802840066837216
736451,1,7,7,1.3401232157993546
736470,1,7,4,0.3586790108976326
736480,1,7,3,2.152497711101663
736481,1,7,1,13.633993291151844
736488,1,7,5,0.3586789934097332
736506,1,7,8,19.673162769275656
736510,1,7,6,17.830012793848983
736516,1,7,4,0.3586790108976326
736517,1,7,6,6.366815848196064
736518,1,7,3,2.028728822767007
736523,1,7,10,16.741714378705463
736535,1,7,7,3.6590841399939773
736537,1,7,6,11.032523961543781
736545,1,7,9,25.60997725199621
736555,1,7,4,0.3586790108976326
736573,1,7,5,0.3586789934097332
736579,1,7,7,4.054765086885401
736589,1,7,4,0.3586790108976326
736598,1,7,8,20.918481588025468
736610,1,7,4,0.358679009087165
736619,1,7,5,0.3586789934097332
736632,1,7,7,4.331910013515712
736646,1,7,8,19.220728613095304
736674,1,7,4,0.3586790108976326
736688,1,7,9,25.196147264545363
736696,1,7,4,0.3586790108976326
736712,1,7,5,0.3586789934097332
736714,1,7,6,20.03121232336143
736726,1,7,5,0.3586789934097332
736740,1,7,1,12.967884405306014
736747,1,7,8,15.309112003177734
736749,1,7,8,11.072977113647731
736782,1,7,5,0.3586789934097332
736792,1,7,8,12.860566093894883
736794,1,7,9,25.96030157016555
736811,1,7,8,8.27650483239075
736818,1,7,7,2.3026591683030597
736825,1,7,10,11.905592463056873
736826,1,7,9,24.568037212601197
736863,1,7,10,3.4106364480208646
736873,1,7,1,3.9700811014978976
736888,1,7,4,0.3586790108976326
736894,1,7,4,0.3586790108976326
736904,1,7,8,27.608380811674422
736909,1,7,5,0.3586789934097332
736913,1,7,9,18.996042420759775
736938,1,7,8,12.252371518125441
736980,1,7,9,22.411641391646434
736994,1,7,5,0.3586789934097332
737003,1,7,1,5.473759746685467
737004,1,7,8,24.089339082572277
737006,1,7,5,0.3586789949470627
737008,1,7,8,15.577309737808537
737038,1,7,5,0.3586789934097332
737039,1,7,9,20.745975423920488
737052,1,7,9,13.844509153686765
737058,1,7,5,0.3586789934097332
737099,1,7,9,8.580111795262177
737100,1,7,4,0.3586790108976326
737101,1,7,6,19.29721908349128
737108,1,7,9,17.11088551891266
737120,1,7,8,28.04626386767282
737126,1,7,1,15.20602238197829
737132,1,7,10,7.161226339738332
737133,1,7,9,25.627421320534257
737148,1,7,3,2.004048906150451
737164,1,7,6,14.820036027284896
737169,1,7,9,22.976151574847414
737176,1,7,5,0.3586789934097332
737202,1,7,10,9.73420000335706
737216,1,7,4,0.3586790108976326
737240,1,7,6,22.461797232664818
737254,1,7,5,0.3586789934097332
737263,1,7,9,7.750308820256513
737275,1,7,8,21.380372867834225
737276,1,7,2,1.5421170291090935
737278,1,7,1,13.3472515923686
737288,1,7,9,16.552113475244578
737289,1,7,8,13.050162081380343
737309,1,7,6,5.961636750298733
737312,1,7,4,0.3586790108976326
737314,1,7,3,1.7344612227851892
737315,1,7,7,0.4819316842152685
737335,1,7,6,17.885161996606417
737353,1,7,10,18.36238520290675
737370,1,7,3,2.380716608900625
737375,1,7,9,16.261840761792694
737380,1,7,9,24.07942451116838
737382,1,7,5,0.3586789934097332
737387,1,7,4,0.3586790108976326
737388,1,7,6,14.0456217933785
737398,1,7,4,0.3586790108976326
737403,1,7,6,10.344877107346665
737426,1,7,2,1.2304497118450226
737431,1,7,8,21.98393363877131
737443,1,7,9,16.63754612868614
737451,1,7,9,26.137053128435703
737458,0,7,0,0.029853702485436964
737460,1,7,7,1.0121070250340427
737475,1,7,8,27.838717028507226
737478,1,7,1,12.95625635971388
737480,1,7,9,21.707944757377835
737501,1,7,9,14.481575735098074
737516,1,7,9,20.969380775903613
737518,1,7,9,19.04650624894451
737537,1,7,5,0.3586789934097332
737563,1,7,7,2.142516266290074
737564,1,7,5,0.3586789934097332
737566,1,7,5,0.3586789934097332
737570,1,7,7,4.49396550150459
737600,1,7,5,0.3586789934097332
737607,1,7,4,0.3586790108976326
737617,1,7,10,11.358443356063443
737650,1,7,9,12.907244676586076
737651,1,7,5,0.3586789949470627
737654,1,7,6,21.608266330057546
737657,1,7,1,18.11136819980217
737660,1,7,2,4.669680781089303
737688,1,7,8,15.022750574462286
737689,1,7,1,13.709444700880635
737711,1,7,1,15.544238976277702
737713,1,7,8,25.66937238840493
737732,1,7,1,19.097979559370522
737733,0,7,0,0.011800573624101128
737740,1,7,4,0.3586790108976326
737742,1,7,10,20.91131762951446
737743,1,7,9,25.596185387654064
737747,1,7,1,14.064577114073936
737771,1,7,8,26.49028164583476
737772,1,7,5,0.3586789934097332
737774,1,7,6,10.556876339948605
737779,1,7,9,26.102761036725973
737780,1,7,9,26.440537596345205
737793,1,7,8,15.03791871080581
737809,1,7,4,0.3586790108976326
737832,1,7,6,23.953189583704123
737843,1,7,8,27.828714269348776
737861,0,7,0,0.0287524598190503
737870,1,7,9,24.56384808079711
737894,1,7,9,16.45503610365472
737912,1,7,6,9.437970890702635
737913,1,7,4,0.3586790108976326
737919,0,7,0,0.029102412638123226
737926,1,7,10,5.837180377532366
737929,1,7,4,0.3586790108976326
737936,1,7,6,14.510815890140009
737959,1,7,7,2.52714395754134
737967,1,7,2,7.72663985618479
738021,1,7,8,19.18510697324917
738028,1,7,8,21.645885430579963
738040,1,7,8,4.024178298774953
738041,1,7,6,15.567429517607037
738060,1,7,8,23.137629688399777
738061,1,7,9,8.501198782716957
738063,1,7,5,0.3586789934097332
738083,1,7,4,0.3586790108976326
738110,1,7,5,0.3586789934097332
738127,1,7,9,11.164201436846088
738143,0,7,0,0.032453919175888954
738148,1,7,9,11.165461190880688
738151,1,7,1,22.332271731288742
738174,1,7,5,0.3586789934097332
738229,0,7,0,0.02381909762320981
738232,1,7,6,12.646510496564817
738251,1,7,5,0.3586789934097332
738264,1,7,7,3.1812419678204815
738269,1,7,1,10.467132724001882
738280,1,7,4,0.3586790108976326
738293,1,7,10,19.12266580547285
738295,1,7,4,0.3586790108976326
738304,1,7,10,12.319044528004559
738307,1,7,5,0.3586789934097332
738329,1,7,6,20.760569172973295
738346,1,7,5,0.3586789934097332
738350,1,7,6,11.774364678652654
738357,1,7,5,0.3586789934097332
738362,1,7,1,17.64472778987361
738366,1,7,5,0.3586789934097332
738376,1,7,8,14.719778875659284
738386,1,7,5,0.3586789949470627
738391,1,7,9,24.423552697174244
738406,1,7,4,0.3586790108976326
738407,1,7,7,0.345358788409814
738410,1,7,7,2.2433167775592007
738417,1,7,3,2.4538872504939437
738439,1,7,4,0.3586790108976326
738460,1,7,5,0.3586789934097332
738466,1,7,9,15.086999334252475
738481,1,7,5,0.3586789934097332
738490,1,7,4,0.3586790108976326
738513,1,7,5,0.3586789934097332
738526,1,7,7,2.2535309564386923
738534,1,7,8,28.443221572702885
738538,1,7,1,14.946111254698874
738543,1,7,5,0.3586789934097332
738547,1,7,1,21.427559482302502
738550,1,7,7,3.5033759015235466
738557,1,7,5,0.3586789934097332
738569,1,7,9,15.267673185959943
738570,1,7,6,11.824331402727081
738572,1,7,1,5.74717816431314
738579,1,7,9,24.14242646625632
738600,1,7,8,9.438051630840759
738602,1,7,3,2.3104733416037186
738626,1,7,8,16.240302845126955
738643,1,7,4,0.3586790108976326
738649,1,7,1,6.498176840317047
738655,1,7,5,0.3586789934097332
738657,0,7,0,0.021413308520435843
738662,1,7,9,11.627574980676131
738668,1,7,9,25.86728995833462
738676,1,7,4,0.358679009087165
738681,1,7,5,0.3586789934097332
738682,1,7,9,23.709631878997673
738698,1,7,9,25.677139352023946
738701,1,7,5,0.3586789934097332
738723,1,7,5,0.3586789934097332
738725,1,7,8,12.426281229385843
738726,1,7,3,1.950046590017356
738728,1,7,6,17.839571570964974
738751,1,7,9,20.625095751133266
738754,1,7,1,16.468316066876316
738756,1,7,6,22.933000825393066
738761,1,7,5,0.3586789934097332
738775,1,7,8,9.629271179361755
738785,1,7,8,4.790002665842551
738804,1,7,10,12.284790491634373
738815,1,7,9,13.581923172109974
738817,1,7,4,0.3586790108976326
738818,1,7,3,2.069148744551252
738828,1,7,6,23.02454627739604
738829,1,7,4,0.3586790108976326
738841,1,7,10,20.0014463418412
738848,1,7,6,11.778239696262581
738849,1,7,9,25.657632470490476
738855,1,7,10,6.319065497642128
738858,1,7,4,0.3586790108976326
738859,1,7,9,23.48426077395905
738864,1,7,5,0.3586789934097332
738870,1,7,1,21.373945507484567
738893,1,7,5,0.3586789934097332
738895,1,7,5,0.3586789934097332
738911,1,7,1,21.799835256093704
738918,1,7,9,16.286691849415813
738943,1,7,5,0.3586789934097332
738944,1,7,1,5.109766205885614
738945,1,7,6,4.921275271138627
738954,1,7,7,3.896505867806656
738971,1,7,2,10.881555487033276
738984,1,7,7,2.616240721049127
738992,1,7,6,9.719608241653113
739007,1,7,2,10.291280338469614
739014,1,7,1,14.68935605859172
739017,1,7,5,0.3586789934097332
739024,1,7,10,21.288099893575104
739027,1,7,8,16.091870982826027
739066,1,7,6,21.998113138213863
739072,1,7,5,0.3586789934097332
739080,1,7,9,21.983703861361484
739100,1,7,1,21.62449975104424
739104,1,7,8,11.54919829979875
739137,1,7,9,18.406841981888398
739146,1,7,8,24.325454331637054
739167,1,7,10,7.2868571361052785
739177,1,7,6,19.16009707678329
739178,1,7,5,0.3586789934097332
739181,1,7,6,16.0003132421918
739184,1,7,10,8.181095600660507
739207,1,7,7,3.660122999658532
739212,1,7,8,15.170451795116024
739213,1,7,7,4.204589702916746
739215,1,7,4,0.3586790108976326
739219,1,7,5,0.3586789934097332
739220,1,7,9,3.5239726456146125
739222,1,7,9,9.289317777100536
739245,1,7,5,0.3586789949470627
739262,1,7,5,0.3586789934097332
739270,1,7,1,4.374902061862216
739288,1,7,8,15.122211884927992
739332,1,7,9,11.11747051902448
739357,1,7,8,28.35399848694649
739363,0,7,0,0.022358969063477556
739371,1,7,10,18.370038712609485
739372,1,7,9,14.38129982129428
739374,1,7,8,16.672338168154138
739384,1,7,5,0.3586789934097332
739402,1,7,8,7.570050609477382
739410,1,7,9,9.510850113479963
739416,1,7,8,25.65084153213017
739426,1,7,5,0.3586789934097332
739431,1,7,7,3.3393162627622472
739433,1,7,5,0.3586789934097332
739435,1,7,6,23.234760857631876
739436,1,7,5,0.3586789934097332
739440,1,7,1,14.171696246602716
739476,1,7,1,13.710986735373451
739509,1,7,1,16.782855203816094
739517,1,7,8,19.740420538177947
739522,1,7,8,26.29009921432749
739543,1,7,3,2.518934848821039
739563,1,7,9,15.595140202781675
739565,1,7,9,2.2544817717752097
739570,1,7,2,1.857455357763712
739577,1,7,4,0.3586790108976326
739593,1,7,6,23.020644466838423
739594,1,7,7,2.057454885292973
739612,1,7,9,19.749231227055486
739621,1,7,10,14.867183561237534
739635,1,7,2,0.9612271359418493
739638,1,7,7,2.6166686653325315
739647,1,7,5,0.3586789934097332
739653,1,7,1,18.08466988410907
739687,1,7,8,25.476711044321846
739696,1,7,2,5.456749635055605
739698,1,7,10,5.8456134713975
739700,1,7,2,6.175021287158349
739705,1,7,9,24.127715137553896
739744,1,7,9,15.250567727281242
739765,0,7,0,0.02552717744861549
739771,1,7,9,9.777654867760083
739773,1,7,9,23.709512767433687
739785,1,7,9,9.681741171208058
739828,1,7,9,25.541661385259147
739859,1,7,5,0.3586789934097332
739866,1,7,9,16.96632490606375
739869,1,7,6,23.60504017401765
739882,1,7,8,16.79000121210418
739883,0,7,0,0.029815662211158923
739888,1,7,9,12.013930826116736
739897,1,7,8,14.72130773557809
739909,1,7,10,11.386169923485356
739925,1,7,8,28.01706337790373
739926,1,7,8,13.711858627264624
739928,1,7,10,6.882604132569892
739932,1,7,9,11.170554164877915
739961,1,7,6,24.077128005854266
739962,1,7,9,16.36919712052229
739963,1,7,6,6.98947368342666
739973,1,7,6,5.8379785405744125
739984,1,7,8,15.94191503890097
739997,1,7,9,26.28606723963112
739998,1,7,5,0.3586789934097332
740004,1,7,8,16.44583324614799
740008,1,7,4,0.3586790108976326
740010,0,7,0,0.28041584096140654
740020,0,7,0,0.17625548281366205
740032,1,7,6,23.995549996565575
740040,1,7,4,0.3586790108976326
740051,1,7,8,6.630564100972934
740081,1,7,5,0.3586789934097332
740098,1,7,4,0.3586790108976326
740126,1,7,9,20.104458635721837
740133,1,7,9,24.14396670937839
740141,1,7,8,14.969203519288351
740165,1,7,8,14.709621865493041
740167,1,7,4,0.3586790108976326
740177,1,7,5,0.3586789934097332
740197,0,7,0,0.028541327045928228
740214,1,7,8,24.906161338387513
740228,1,7,5,0.3586789934097332
740229,1,7,4,0.3586790108976326
740236,1,7,10,17.098152943702466
740240,1,7,4,0.3586790108976326
740241,1,7,6,6.831303694324199
740253,1,7,2,4.757231795964147
740281,1,7,10,11.412615621238483
740284,1,7,6,16.8522321850266
740287,0,7,0,0.01735309030718558
740294,1,7,3,2.328309045024594
740302,1,7,5,0.3586789934097332
740314,1,7,6,18.695279221393978
740326,1,7,5,0.3586789949470627
740340,1,7,9,12.03885864530726
740342,1,7,8,16.419803770626014
740344,1,7,9,23.116613749825337
740349,1,7,10,9.73933885259823
740351,1,7,5,0.3586789934097332
740360,1,7,10,21.080198750226323
740363,1,7,8,9.58684213407881
740366,1,7,4,0.3586790108976326
740372,1,7,6,23.721481626614878
740375,1,7,7,2.3990068444950294
740401,1,7,9,19.186386409171508
740403,1,7,2,13.33457206823211
740410,1,7,2,7.801658222504372
740460,1,7,10,14.631646732913453
740465,1,7,7,3.7175740730194797
740466,1,7,7,2.7146140429178574
740475,1,7,6,5.224483057285086
740499,1,7,7,2.2630662164703654
740513,1,7,8,7.998906552395171
740526,1,7,4,0.3586790108976326
740531,1,7,1,18.019620504687644
740551,1,7,9,10.947385569114946
740577,1,7,8,4.207028663903352
740592,1,7,10,19.492808498292383
740631,1,7,5,0.3586789934097332
740648,0,7,0,0.07274279402371697
740658,1,7,10,21.206927217327195
740666,1,7,5,0.3586789934097332
740669,1,7,3,2.2706281449567896
740684,1,7,6,13.820703851348085
740685,1,7,8,15.176199189594039
740693,1,7,8,20.02179537046014
740716,1,7,8,24.738588660846865
740722,1,7,7,1.4493504558650634
740745,1,7,7,4.338657785322303
740747,1,7,9,7.761141486552363
740750,1,7,6,22.11738150766538
740754,1,7,5,0.3586789934097332
740764,1,7,4,0.3586790108976326
740769,1,7,1,11.128156566673107
740788,1,7,3,1.921881560129513
740794,1,7,9,16.360494177385146
740809,1,7,9,18.64734731992223
740810,1,7,8,8.518864396567563
740832,1,7,1,13.344121487243784
740849,1,7,6,22.511306551208275
740850,1,7,4,0.3586790108976326
740861,1,7,1,10.481572335327845
740868,1,7,4,0.3586790108976326
740870,1,7,5,0.3586789934097332
740889,1,7,6,9.761410870136743
740914,1,7,9,21.356979668880687
740921,1,7,4,0.3586790108976326
740922,1,7,5,0.3586789934097332
740956,1,7,5,0.3586789934097332
740968,0,7,0,0.014410700768293271
740983,1,7,8,22.115113918924433
740986,1,7,5,0.3586789934097332
740996,1,7,1,23.198741453546898
741002,0,7,0,0.02351309228593397
741007,1,7,5,0.3586789934097332
741012,1,7,8,13.584425739157808
741029,1,7,6,8.206727935668155
741030,1,7,8,3.7891151117655646
741035,1,7,10,9.316277640582602
741036,1,7,6,17.762373223340532
741049,1,7,2,8.909111179110756
741056,1,7,10,19.464352776716428
741068,1,7,8,25.466514986144443
741077,1,7,5,0.3586789934097332
741109,1,7,4,0.3586790108976326
741112,1,7,7,3.9016087046673813
741131,1,7,9,10.492524083060587
741136,1,7,9,25.001922511747203
741143,1,7,4,0.3586790108976326
741174,1,7,10,16.920412059755378
741187,1,7,4,0.3586790108976326
741191,1,7,6,7.0771267766296715
741207,0,7,0,0.013819278964226755
741222,0,7,0,0.02491627119002338
741228,1,7,6,18.240697194380292
741239,1,7,2,3.81829564188139
741240,1,7,9,10.328211163693176
741272,1,7,10,20.144257783057583
741275,1,7,10,10.065180049068232
741276,1,7,3,1.4393751686306648
741281,1,7,7,4.334314578486216
741284,1,7,4,0.3586790108976326
741285,1,7,8,20.800397262798416
741286,1,7,1,23.24205831753808
741299,1,7,8,24.916739037343657
741312,1,7,6,23.062986782238795
741313,1,7,4,0.3586790108976326
741315,1,7,1,21.69976287544962
741323,1,7,8,9.323513207267268
741347,1,7,6,16.679746323415394
741376,1,7,9,20.857913999368737
741385,1,7,5,0.3586789934097332
741397,1,7,8,11.98160515150083
741431,1,7,10,3.0241229465994057
741446,1,7,10,6.900974492557183
741462,1,7,9,25.27153395426874
741463,1,7,9,19.42165061319559
741469,1,7,5,0.3586789934097332
741487,1,7,10,11.46647850466741
741505,1,7,6,19.13819224751627
741525,1,7,6,19.048024312788886
741529,1,7,6,10.63586530680612
741531,1,7,6,19.14708061820712
741547,0,7,0,0.025438522456205585
741548,1,7,9,24.001491093221823
741555,1,7,4,0.3586790108976326
741602,1,7,9,12.910011883974056
741606,1,7,4,0.3586790108976326
741609,1,7,5,0.3586789934097332
741614,1,7,5,0.3586789934097332
741617,1,7,9,19.07168740126151
741626,1,7,9,15.224055538354175
741627,1,7,4,0.3586790108976326
741629,1,7,4,0.3586790108976326
741651,1,7,5,0.3586789934097332
741655,1,7,9,21.25068303118394
741657,1,7,1,21.855689675639447
741666,1,7,9,22.373334647811873
741678,1,7,6,10.927214768571435
741682,1,7,8,24.59793812604119
741693,1,7,8,5.468319114281818
741714,1,7,6,20.016168011286663
741719,1,7,8,16.419623603359828
741731,1,7,9,16.472855954035044
741735,1,7,4,0.3586790108976326
741738,1,7,6,22.50473162891138
741747,1,7,2,12.197883881167554
741749,1,7,10,13.350859364118046
741750,1,7,3,2.175186929124723
741756,1,7,9,8.63512525114195
741767,1,7,5,0.3586789934097332
741773,1,7,8,3.9122311475783067
741775,1,7,8,26.751363713485233
741794,1,7,7,3.079189175461206
741800,1,7,8,3.2642818682611607
741831,1,7,10,5.857220270733262
741836,1,7,7,0.8769253772377631
741840,0,7,0,0.01851746406772712
741841,0,7,0,0.022843952125529535
741862,1,7,6,8.874553405317812
741906,1,7,1,17.181543781578217
741925,1,7,9,12.212130782736258
741931,1,7,4,0.3586790108976326
741934,0,7,0,0.1944556896734657
741948,1,7,7,4.535309588145552
741954,1,7,5,0.3586789934097332
741958,1,7,10,19.65597497612044
741960,1,7,4,0.3586790108976326
741979,1,7,9,20.398714257777318
741982,1,7,5,0.3586789934097332
741985,1,7,4,0.3586790108976326
742007,1,7,9,24.866967318563805
742009,1,7,10,12.37153851648568
742020,1,7,7,2.114127880064575
742023,1,7,6,12.927660832766074
742024,1,7,6,18.94761593712281
742048,1,7,4,0.3586790108976326
742074,1,7,7,3.9560921969220284
742079,1,7,6,12.414218556097302
742080,1,7,1,10.803276711014735
742089,1,7,8,27.58479182510008
742097,1,7,8,5.426896505617744
742105,1,7,4,0.3586790108976326
742114,1,7,6,17.42025157150169
742139,1,7,6,13.221418581384542
742154,1,7,8,12.96914661256158
742163,1,7,9,9.343078868105259
742168,1,7,1,18.672733855633936
742176,1,7,9,8.182956417981131
742179,0,7,0,0.019200315342917836
742180,1,7,9,21.441024156258536
742191,1,7,2,8.45307379857276
742193,1,7,8,14.536614849304987
742203,1,7,8,8.100639017361345
742209,1,7,5,0.3586789934097332
742213,1,7,7,3.9706849961981905
742216,1,7,8,8.272102398117648
742220,1,7,10,5.3095901496599645
742226,1,7,4,0.3586790108976326
742227,1,7,9,25.987339741969215
742247,1,7,1,8.745184249457637
742251,1,7,4,0.3586790108976326
742253,1,7,8,20.904737997892372
742281,1,7,5,0.3586789934097332
742292,1,7,6,23.402970737856094
742316,1,7,9,24.610964827971344
742325,1,7,8,2.7470708541258055
742326,1,7,10,12.095648007195239
742330,1,7,6,12.373148271115678
742341,1,7,1,17.490837412488144
742349,1,7,5,0.3586789934097332
742353,1,7,9,19.75608971745702
742359,1,7,9,22.79789633428028
742363,1,7,5,0.3586789934097332
742374,1,7,8,18.378550973253642
742390,1,7,5,0.3586789934097332
742392,1,7,8,16.365404983174177
742403,1,7,8,24.58568215893615
742412,1,7,8,25.69971019486647
742434,1,7,8,13.331891425658915
742436,1,7,2,10.411160830382713
742442,1,7,9,21.517658178849825
742453,1,7,9,17.96362303441288
742471,1,7,9,9.955353680722727
742474,1,7,7,3.309355336414239
742475,0,7,0,0.031318755593479734
742500,1,7,9,22.985123699341198
742513,1,7,8,28.53934022916369
742530,1,7,7,4.4134119584058835
742544,1,7,9,22.509448408042495
742550,1,7,9,25.861750737888272
742559,1,7,5,0.3586789934097332
742564,1,7,9,9.45643513929699
742581,1,7,8,13.919880574436014
742583,1,7,4,0.3586790108976326
742587,1,7,9,23.386627377149612
742591,1,7,9,13.368049675853593
742593,1,7,9,5.641734683488761
742600,1,7,9,24.80522593124693
742608,1,7,2,1.8702892039165455
742610,1,7,6,22.022521902356598
742625,1,7,1,21.008119700765956
742634,1,7,9,11.774285936164095
742650,1,7,6,10.168947308485654
742678,1,7,4,0.3586790108976326
742681,1,7,8,19.517676340292503
742697,1,7,3,2.3806781765157634
742722,1,7,4,0.3586790108976326
742734,1,7,5,0.3586789934097332
742749,1,7,3,2.129564922282705
742769,1,7,9,26.308960898438997
742774,1,7,1,4.563413623309685
742784,1,7,5,0.3586789934097332
742785,1,7,6,4.0330337440335
742794,1,7,4,0.3586790108976326
742801,1,7,2,2.9336264118797235
742840,1,7,9,9.769297505149476
742843,1,7,8,9.781548146762182
742845,1,7,8,24.629014372931827
742847,1,7,7,0.7572227379959868
742855,1,7,4,0.3586790108976326
742862,1,7,9,26.470251900584383
742869,1,7,4,0.3586790108976326
742874,1,7,4,0.3586790108976326
742879,1,7,1,11.87547117052959
742919,1,7,9,15.148724037556901
742931,1,7,10,7.834204717051464
742932,1,7,6,9.304984427773055
742942,1,7,9,5.668145491414026
742952,1,7,4,0.358679009087165
742956,1,7,6,18.32065752603915
742994,1,7,1,11.911049076353704
743004,1,7,6,13.889413962675786
743017,1,7,9,17.112108578359596
743024,1,7,4,0.3586790108976326
743045,1,7,7,1.3819497930419606
743055,1,7,8,21.63732550634722
743065,1,7,8,23.57491767961903
743082,1,7,4,0.3586790108976326
743089,1,7,5,0.3586789934097332
743095,1,7,4,0.3586790108976326
743120,1,7,8,17.129866050511637
743127,1,7,7,2.958348317595207
743131,1,7,10,10.416326371066878
743144,1,7,2,10.182484872021677
743151,0,7,0,0.05092780516465718
743164,1,7,9,15.455709969433853
743176,1,7,9,13.869529035085712
743185,1,7,8,17.61303054548194
743194,1,7,6,13.984626930241058
743197,1,7,8,23.29458468806593
743200,1,7,5,0.3586789934097332
743203,1,7,1,8.562217412938807
743206,0,7,0,0.01605814578162424
743217,1,7,4,0.3586790108976326
743247,1,7,8,25.853316084840795
743262,0,7,0,0.023586053275307182
743266,1,7,2,5.1409949788128
743289,1,7,5,0.3586789934097332
743301,1,7,6,22.84785072762602
743306,1,7,8,24.75723368246726
743323,1,7,2,6.606941602085724
743324,1,7,2,9.1630001912749
743335,1,7,5,0.3586789934097332
743342,1,7,8,12.235747334346394
743346,1,7,6,9.290649626110206
743348,1,7,8,23.135044668156883
743359,1,7,6,13.470671631814586
743365,1,7,4,0.3586790108976326
743380,1,7,8,4.116293285020571
743408,0,7,0,0.019684927025065233
743412,1,7,4,0.3586790108976326
743418,1,7,6,10.715003869536373
743426,1,7,4,0.3586790108976326
743435,1,7,8,8.665775231344833
743436,1,7,8,14.795477247994258
743437,1,7,8,27.972393109188403
743439,1,7,9,7.877994214032469
743455,1,7,4,0.3586790108976326
743461,1,7,8,11.910483770279551
743478,1,7,5,0.3586789934097332
743504,1,7,8,8.03089776054246
743515,1,7,8,8.219889729500643
743522,1,7,4,0.3586790108976326
743528,1,7,10,11.241654575490644
743533,1,7,4,0.3586790108976326
743534,1,7,5,0.3586789934097332
743537,1,7,3,2.4419828744371324
743540,1,7,5,0.3586789934097332
743556,1,7,4,0.3586790108976326
743564,1,7,8,23.205192096149364
743618,1,7,6,12.251169068091768
743630,1,7,5,0.3586789949470627
743639,1,7,9,24.427565993691434
743640,1,7,5,0.3586789934097332
743643,1,7,9,25.99773946426006
743650,1,7,8,25.880828545756614
743651,1,7,8,11.791277415958909
743656,1,7,5,0.3586789934097332
743666,1,7,10,11.922236355800472
743683,1,7,4,0.3586790108976326
743684,1,7,10,14.588782952612412
743695,1,7,2,11.76043911259111
743700,1,7,8,26.282737766683326
743707,1,7,6,22.062229502594064
743719,1,7,7,4.562968254304544
743728,1,7,3,2.009879120536824
743741,1,7,7,2.0604316330565156
743750,1,7,8,18.679238953271337
743764,1,7,6,23.05138452726588
743765,1,7,8,25.03290649986308
743783,1,7,1,15.380884643655389
743789,1,7,8,14.306454447628516
743792,1,7,5,0.3586789934097332
743809,1,7,9,16.696260972794214
743824,1,7,2,5.7497165560955175
743826,1,7,8,17.63017764064963
743839,1,7,9,4.664037574776761
743842,1,7,10,19.21510532414676
743850,1,7,4,0.3586790108976326
743853,1,7,9,17.128965973494783
743858,1,7,1,16.500492634121567
743871,1,7,1,16.176271772353267
743878,1,7,9,17.232278762819305
743879,1,7,4,0.358679009087165
743904,1,7,4,0.358679009087165
743908,1,7,2,9.903402580135516
743921,1,7,9,22.068106621357654
743943,1,7,4,0.3586790108976326
743944,0,7,0,0.18909234783873785
743950,1,7,6,12.68913050468213
743957,1,7,5,0.3586789934097332
743964,1,7,8,23.66028069620009
743973,0,7,0,0.11798710019640597
743979,1,7,4,0.3586790108976326
743992,1,7,4,0.3586790108976326
744001,1,7,7,1.7368683485011285
744014,1,7,5,0.3586789934097332
744023,1,7,4,0.3586790108976326
744025,1,7,5,0.3586789934097332
744026,1,7,8,15.464239335270028
744028,1,7,8,13.756386220124831
744038,1,7,8,17.75157315377282
744066,1,7,8,26.089315829270607
744076,0,7,0,0.01863050284693805
744105,1,7,8,17.499061424580198
744112,1,7,8,17.191574915776958
744136,1,7,4,0.3586790108976326
744142,1,7,6,14.776964808110208
744161,1,7,10,21.24109033757849
744166,1,7,9,12.217902444562656
744173,1,7,4,0.3586790108976326
744183,1,7,10,6.244543546357428
744184,1,7,9,22.820503108202253
744205,1,7,5,0.3586789934097332
744206,1,7,9,7.496138652779869
744207,1,7,6,22.941653908405193
744218,1,7,8,16.60380326639691
744224,1,7,4,0.3586790108976326
744230,1,7,5,0.3586789934097332
744240,1,7,9,26.38114651505648
744260,1,7,9,16.708454040364956
744266,1,7,10,9.175913763048792
744274,1,7,4,0.3586790108976326
744277,1,7,8,16.825526341449955
744279,1,7,4,0.3586790108976326
744280,1,7,4,0.3586790108976326
744296,1,7,10,18.986084681725597
744298,1,7,4,0.3586790108976326
744302,0,7,0,0.025541284353441454
744324,1,7,8,12.861704128923401
744377,1,7,7,3.2446581745592806
744382,1,7,5,0.3586789934097332
744398,1,7,1,18.969731932040112
744404,1,7,9,22.270720322342136
744407,1,7,10,5.269597650646246
744429,1,7,1,21.197866502806985
744443,1,7,9,5.550775079247279
744454,1,7,5,0.3586789934097332
744456,1,7,2,12.256059080329525
744468,1,7,5,0.3586789934097332
744480,1,7,6,23.18574557398483
744483,1,7,10,7.294018710983241
744505,1,7,10,8.260433671002398
744514,1,7,1,19.688438696730735
744524,1,7,10,12.926732677442775
744525,1,7,9,3.192043918139027
744527,1,7,4,0.3586790108976326
744536,1,7,2,13.875046936836597
744553,1,7,4,0.358679009087165
744569,1,7,4,0.3586790108976326
744574,1,7,9,13.402296945124851
744580,1,7,9,11.8300976296881
744584,1,7,1,16.424179192832877
744591,1,7,2,12.319042581394616
744608,1,7,4,0.3586790108976326
744612,1,7,9,23.343006503118964
744619,1,7,2,5.436204286952294
744630,1,7,8,12.344253218034929
744646,1,7,1,19.039615829376086
744659,1,7,9,6.190094974200932
744663,1,7,8,21.424141440038355
744667,1,7,5,0.3586789934097332
744669,1,7,9,23.748142499282753
744674,0,7,0,0.04665660359946417
744680,1,7,6,14.279319707728522
744694,0,7,0,0.022362091996650478
744698,1,7,1,12.03846409814012
744709,1,7,10,7.394496686728184
744710,1,7,6,14.495877964561807
744712,1,7,5,0.3586789934097332
744713,1,7,2,3.990899970764655
744720,1,7,4,0.3586790108976326
744765,1,7,4,0.3586790108976326
744767,1,7,9,7.508208045959221
744770,1,7,4,0.3586790108976326
744775,1,7,4,0.3586790108976326
744778,1,7,5,0.3586789934097332
744779,1,7,9,16.47597424616185
744791,1,7,8,13.438284613122807
744795,1,7,4,0.358679009087165
744821,1,7,9,25.25909796051629
744826,1,7,6,15.576061929253292
744836,1,7,8,25.08678068418685
744837,1,7,8,23.21599768513711
744840,1,7,9,15.208468676130138
744844,1,7,2,1.0255538315123198
744865,1,7,2,7.758539477504978
744873,1,7,8,4.356417525687224
744876,1,7,8,6.16734401895618
744883,1,7,10,19.57847940574727
744891,1,7,9,24.113261131878332
744903,1,7,1,4.310616814990368
744906,1,7,6,23.163269894805275
744920,1,7,3,2.322965349902656
744930,1,7,9,13.453114186182452
744932,1,7,6,23.056626361328583
744935,1,7,7,3.036363095077245
744946,1,7,1,16.423824712676907
744953,1,7,10,3.5056070539174233
744964,1,7,7,4.110829370526835
744977,1,7,3,2.089157112371291
744980,1,7,6,19.401612421477516
744998,1,7,2,8.745153576853548
745012,1,7,1,16.299084460464368
745031,1,7,6,10.222198579320773
745047,1,7,1,16.137745752346657
745098,1,7,8,3.122186004581011
745109,1,7,8,13.310657656345393
745119,1,7,4,0.3586790108976326
745137,1,7,8,16.966214320436535
745140,1,7,6,10.688444895022306
745159,1,7,8,13.570901839932453
745193,1,7,2,12.389688763360903
745219,1,7,9,6.457134911152015
745221,1,7,8,19.36794293513557
745245,1,7,10,20.07779895746613
745247,1,7,3,2.405461404599832
745256,1,7,5,0.3586789934097332
745257,1,7,6,23.14588149454792
745269,1,7,6,18.991256597253056
745271,1,7,8,24.581744217297437
745278,1,7,10,18.991767665187535
745291,1,7,9,25.61964217531871
745310,1,7,4,0.3586790108976326
745312,1,7,8,15.471155591877924
745322,1,7,6,12.813079456238015
745341,0,7,0,0.01951935846838852
745343,1,7,4,0.3586790108976326
745348,1,7,8,17.168357969486653
745349,1,7,6,12.288244096233273
745359,1,7,9,8.150333112233406
745367,1,7,9,14.529668524506292
745381,1,7,1,17.398517788705412
745389,1,7,8,11.221498800936498
745394,1,7,10,3.2674711621478902
745399,1,7,3,0.6311545337327082
745414,1,7,8,14.110657101468197
745420,1,7,9,25.552178025301696
745429,1,7,5,0.3586789934097332
745438,1,7,1,22.06165812253383
745442,1,7,4,0.3586790108976326
745443,1,7,6,19.26311551710241
745453,1,7,6,18.693380095602354
745464,1,7,5,0.3586789949470627
745467,1,7,8,28.048968345422484
745478,1,7,2,2.407150393988154
745482,1,7,5,0.3586789934097332
745483,1,7,9,19.18773501072095
745492,1,7,9,20.97629321444845
745505,1,7,4,0.3586790108976326
745515,1,7,5,0.3586789934097332
745520,1,7,4,0.3586790108976326
745526,0,7,0,0.017898641689716527
745527,1,7,6,20.1481527607286
745537,1,7,6,19.45723026741266
745540,1,7,4,0.3586790108976326
745554,1,7,4,0.3586790108976326
745556,1,7,9,21.32255283443346
745565,1,7,10,11.472052214839124
745587,1,7,7,4.504975566602866
745589,1,7,2,13.697190531342335
745591,1,7,5,0.3586789934097332
745600,1,7,1,4.931006882064238
745613,1,7,7,4.197682231836483
745616,1,7,8,20.259555797813686
745620,1,7,9,23.80378464507027
745624,1,7,9,4.565234996669602
745647,1,7,6,20.37709696204812
745657,1,7,9,6.249381064593431
745688,1,7,7,1.2980164237499638
745703,1,7,8,17.34333464479607
745721,1,7,9,11.89751809213268
745728,1,7,7,0.3724333295616778
745730,1,7,7,3.7300114331009504
745732,1,7,10,6.075045149382267
745733,1,7,5,0.3586789949470627
745735,1,7,4,0.358679009087165
745739,0,7,0,0.02976583060874383
745747,1,7,3,1.1710130811830946
745755,1,7,10,6.598310439131838
745757,1,7,8,22.50185067099163
745765,1,7,8,20.30778025806985
745768,1,7,5,0.3586789934097332
745773,1,7,9,15.83345701676627
745778,1,7,7,2.5000196355717255
745790,1,7,8,25.67647335615166
745802,1,7,5,0.3586789934097332
745806,1,7,1,23.083913743299927
745814,1,7,10,20.77851010840039
745832,1,7,10,14.207406175631787
745840,1,7,9,24.633282838830347
745860,1,7,9,18.722188403566392
745867,1,7,6,5.1508957814251675
745872,1,7,9,15.772117020340058
745875,1,7,6,15.966121579350455
745885,1,7,6,11.163591900919165
745887,1,7,4,0.3586790108976326
745888,1,7,8,14.386398205422303
745896,1,7,9,23.971294999829958
745903,1,7,9,11.267703185892088
745930,1,7,9,12.672788504681337
745936,1,7,4,0.3586790108976326
745937,1,7,9,12.902629287407047
745948,1,7,2,10.177565183045678
745952,1,7,5,0.3586789934097332
745959,1,7,9,16.455792420944466
745996,0,7,0,0.04160033094956181
746017,1,7,9,26.074246695565222
746025,1,7,2,6.675605754821158
746029,1,7,5,0.3586789934097332
746041,0,7,0,0.028188488535912635
746044,1,7,5,0.3586789934097332
746072,1,7,8,6.728856281879576
746084,0,7,0,0.013062950508684206
746091,1,7,4,0.3586790108976326
746096,1,7,5,0.3586789934097332
746099,1,7,9,7.817208475975007
746110,1,7,4,0.3586790108976326
746114,0,7,0,0.016556595101660715
746122,1,7,6,23.460097689609487
746167,1,7,4,0.3586790108976326
746174,1,7,6,9.297176301489614
746185,1,7,8,28.091148911729004
746191,1,7,9,22.939526379865303
746210,1,7,9,13.615606373488184
746233,1,7,4,0.3586790108976326
746253,1,7,3,1.3676845753640217
746262,1,7,6,13.540234347561862
746267,1,7,10,10.052297422169035
746274,1,7,6,10.157736257237381
746280,1,7,8,15.520844041521302
746286,1,7,2,12.962141640476686
746291,1,7,4,0.3586790108976326
746307,1,7,5,0.3586789934097332
746309,1,7,5,0.3586789934097332
746313,1,7,9,25.156867571422534
746314,1,7,5,0.3586789934097332
746325,1,7,5,0.3586789934097332
746342,1,7,2,8.547782149485943
746351,1,7,9,4.814594914363949
746366,1,7,9,9.318290532194581
746376,1,7,2,8.447128563767961
746409,1,7,6,18.07529575175854
746426,1,7,6,22.517744725878558
746463,1,7,5,0.3586789934097332
746479,1,7,4,0.3586790108976326
746480,1,7,8,16.30787621550616
746490,1,7,6,13.018184912731696
746491,1,7,5,0.3586789934097332
746492,1,7,8,16.679340973101596
746499,1,7,8,7.419278562257887
746506,0,7,0,0.014114293036708848
746527,1,7,5,0.3586789934097332
746539,1,7,9,23.083716359377938
746545,1,7,10,17.852168552510314
746574,1,7,9,25.280684407872428
746596,1,7,2,13.720712911242378
746623,0,7,0,0.02668189864364281
746633,1,7,9,18.344250075113315
746640,1,7,8,28.459076101478797
746650,1,7,7,1.3546664504600425
746653,1,7,10,11.512738112075903
746658,1,7,6,12.29050353604157
746666,1,7,10,12.383151602298394
746674,1,7,10,8.334959104747204
746683,1,7,7,4.524412358892103
746693,1,7,6,11.881873066353577
746697,1,7,9,23.525199472806676
746711,1,7,4,0.3586790108976326
746726,1,7,10,11.025091288068285
746729,1,7,5,0.3586789934097332
746740,1,7,6,22.562503177135138
746770,1,7,10,8.192842147146454
746783,1,7,9,19.918760260350204
746790,1,7,6,13.994123170174106
746791,1,7,5,0.3586789934097332
746804,1,7,9,15.958409828083287
746838,1,7,1,16.346578800509064
746847,1,7,10,14.145858908897821
746849,1,7,10,12.401796561991254
746850,1,7,8,7.005265486044159
746855,1,7,5,0.3586789934097332
746861,1,7,9,10.250374650434287
746871,1,7,10,21.140306316750817
746875,1,7,9,12.98864628465685
746880,1,7,4,0.3586790108976326
746882,1,7,8,18.519010223690042
746893,1,7,1,18.449366529182605
746902,1,7,10,11.723789613475414
746906,1,7,7,0.8617296295473343
746917,0,7,0,0.015166885289261236
746921,1,7,3,1.904528138662849
746929,1,7,5,0.3586789934097332
746935,1,7,9,24.112460820801633
746940,1,7,4,0.3586790108976326
746953,1,7,5,0.3586789934097332
746967,1,7,8,24.322563859801683
746988,1,7,9,9.772096273951586
746994,1,7,5,0.3586789934097332
746997,1,7,5,0.3586789934097332
747017,1,7,8,28.43263781301139
747032,1,7,2,6.165892512689403
747038,1,7,8,25.00572996840926
747046,1,7,8,16.237046461514723
747058,1,7,5,0.3586789949470627
747070,1,7,3,1.2331170737934825
747095,1,7,4,0.3586790108976326
747108,1,7,10,8.021723385919204
747120,1,7,6,18.04248754438331
747122,1,7,6,4.4650113132565
747137,1,7,5,0.3586789934097332
747141,1,7,4,0.3586790108976326
747146,1,7,2,11.395783034700129
747158,1,7,8,23.496952961251125
747165,0,7,0,0.021018994829350882
747188,1,7,4,0.3586790108976326
747205,1,7,8,6.426901440501561
747211,1,7,6,14.09219131466555
747224,1,7,8,25.19078648133547
747229,1,7,5,0.3586789934097332
747230,1,7,1,19.956712514548514
747245,1,7,2,1.9055074631370614
747247,1,7,3,2.318460834527029
747257,1,7,1,20.675689147765528
747268,1,7,10,9.8892004147286
747281,1,7,5,0.3586789934097332
747284,1,7,9,4.3639850013659265
747285,1,7,8,17.776214532061513
747286,1,7,9,24.319827555638916
747311,1,7,6,12.50202683263055
747326,1,7,9,15.848358254148618
747339,1,7,6,13.98437133886051
747347,1,7,7,3.263158482875386
747348,1,7,6,19.141594850010303
747376,1,7,10,11.188682143786954
747381,1,7,4,0.358679009087165
747392,1,7,10,9.941674624480305
747409,1,7,7,2.271632379809231
747410,1,7,9,12.53351571175645
747420,1,7,3,2.315732520264826
747426,1,7,5,0.3586789934097332
747427,1,7,4,0.3586790108976326
747451,1,7,2,5.404778049817226
747455,1,7,6,15.03376135969964
747461,1,7,1,22.505982392570935
747480,1,7,9,9.925260190356168
747491,1,7,6,14.829958173607054
747501,1,7,1,19.909773277323836
747518,1,7,2,11.35054734956699
747530,1,7,10,8.185242374425393
747572,1,7,4,0.3586790108976326
747586,1,7,9,23.976037933779438
747591,1,7,6,21.291996705434553
747615,1,7,6,12.617288265038848
747619,1,7,8,8.65977824636136
747629,1,7,7,3.890381157411653
747633,1,7,8,14.621544365899046
747638,1,7,4,0.3586790108976326
747644,1,7,5,0.3586789934097332
747665,1,7,10,11.58028157556024
747669,1,7,8,4.875651889862785
747679,1,7,4,0.3586790108976326
747697,1,7,8,10.306204286975264
747703,0,7,0,0.029728083811513765
747720,1,7,7,3.1728373982570743
747730,1,7,2,13.711140222821383
747736,0,7,0,0.06882788086236526
747737,1,7,8,18.81672658411518
747748,1,7,2,12.228865272028036
747755,1,7,8,23.206010869822244
747759,1,7,1,18.801746778816504
747774,0,7,0,0.012638454117823711
747786,1,7,8,24.761678080603694
747817,1,7,4,0.3586790108976326
747832,1,7,10,13.599573793426359
747864,1,7,5,0.3586789934097332
747873,0,7,0,0.028760857854068823
747877,1,7,9,14.531944416191175
747884,1,7,8,19.423493583134725
747891,1,7,8,15.102702649936177
747895,1,7,8,20.700601286264327
747901,1,7,4,0.3586790108976326
747911,1,7,4,0.3586790108976326
747918,1,7,6,21.363931505278238
747934,1,7,4,0.3586790108976326
747959,1,7,3,1.5059592902878467
747963,1,7,7,1.625565088252622
747966,1,7,4,0.3586790108976326
747990,1,7,9,16.15435295261374
748006,1,7,4,0.3586790108976326
748016,1,7,9,18.77513353362238
748025,1,7,6,10.587997508307941
748033,1,7,6,8.128716626956086
748034,1,7,6,14.789225970732252
748041,1,7,10,11.953502632560863
748049,1,7,3,2.36586253805304
748050,1,7,4,0.3586790108976326
748059,1,7,6,13.391960065940804
748071,1,7,4,0.3586790108976326
748088,1,7,9,11.246451756327028
748093,1,7,6,23.191872094214006
748098,1,7,4,0.3586790108976326
748130,1,7,9,18.706549428503088
748131,1,7,5,0.3586789934097332
748148,1,7,7,4.148644507091835
748166,1,7,7,0.6649475551342342
748176,1,7,6,6.6568077029275035
748215,1,7,8,10.935829002732762
748230,1,7,4,0.3586790108976326
748238,1,7,6,22.27357092032071
748239,1,7,8,6.018391303064393
748248,1,7,1,20.180216763841226
748253,1,7,5,0.3586789934097332
748259,1,7,6,23.199806622525223
748265,1,7,4,0.3586790108976326
748285,1,7,9,9.49273531265592
748294,0,7,0,0.017847967540849077
748300,1,7,7,3.8420321061877156
748312,1,7,8,12.095935082517107
748313,1,7,9,10.412897245746525
748323,1,7,1,21.04957523206598
748328,1,7,5,0.3586789934097332
748337,1,7,1,20.436430905428914
748338,1,7,2,13.050807358858354
748342,1,7,9,14.051054772257752
748355,1,7,9,23.573461206423147
748362,1,7,7,1.468414633610498
748368,1,7,9,10.700471375718875
748371,1,7,9,18.202913237610556
748392,1,7,5,0.3586789934097332
748400,1,7,3,1.5513415914549447
748409,1,7,8,16.281866138289022
748415,1,7,8,18.1407851926202
748445,1,7,2,9.24630926447026
748448,1,7,5,0.3586789934097332
748449,1,7,2,12.339089425673754
748468,1,7,6,22.213416289193
748475,0,7,0,0.014609269346946877
748481,1,7,5,0.3586789934097332
748491,1,7,6,8.349432673621576
748525,1,7,5,0.3586789934097332
748526,1,7,9,15.260789708978496
748528,1,7,7,2.1224205140562264
748531,1,7,5,0.3586789934097332
748589,1,7,8,8.894769134633986
748592,1,7,2,5.975781920903226
748605,1,7,7,3.7778820126505845
748610,1,7,6,6.623924625277913
748620,1,7,8,12.661692206831452
748649,1,7,9,21.145911806165504
748650,1,7,6,14.532946123236595
748651,1,7,6,16.381564389903826
748656,1,7,9,16.702738276286087
748665,1,7,8,14.538885455264607
748716,1,7,6,9.407549488897846
748775,1,7,3,0.9943954094203337
748776,1,7,6,23.772635110618783
748782,1,7,10,13.3475393924656
748792,1,7,6,16.259251163412934
748800,1,7,8,18.002772870374613
748825,1,7,6,22.68892746797249
748826,1,7,1,16.237775246806695
748843,0,7,0,0.02235815555920756
748907,1,7,8,18.794124042884626
748926,1,7,9,26.218785142381417
748931,1,7,5,0.3586789934097332
748934,1,7,3,2.3436310279867563
748966,1,7,9,16.272151900281386
748980,1,7,6,19.61336176431117
748981,1,7,7,3.7538592890588367
748991,1,7,1,17.36907977611862
748992,1,7,7,1.6528121546898413
749017,1,7,9,11.821504189702758
749039,1,7,3,2.004320812192138
749049,1,7,5,0.3586789934097332
749055,1,7,4,0.3586790108976326
749086,1,7,9,25.63279087605554
749109,1,7,10,19.669882098281864
749113,1,7,8,25.835406141751303
749119,1,7,8,11.863328435241149
749132,1,7,1,13.922535528737741
749148,1,7,8,20.998068395625175
749156,1,7,4,0.3586790108976326
749158,1,7,10,13.972269211614364
749160,1,7,3,1.1760362910444582
749161,1,7,4,0.3586790108976326
749167,1,7,5,0.3586789934097332
749187,1,7,9,15.657932097524197
749192,1,7,5,0.3586789934097332
749197,1,7,8,23.11015565886151
749199,1,7,1,22.084316584421234
749211,1,7,9,26.11305756252565
749226,1,7,9,23.958667913240085
749253,0,7,0,0.019206400672910327
749256,1,7,5,0.3586789934097332
749261,1,7,9,8.741768215523116
749263,1,7,8,6.13747565276717
749265,1,7,4,0.3586790108976326
749272,1,7,6,20.602194219323277
749283,1,7,9,10.243558006155457
749296,1,7,3,1.9071010385911775
749306,1,7,9,5.249887474712414
749312,1,7,4,0.3586790108976326
749315,1,7,5,0.3586789934097332
749319,1,7,5,0.3586789934097332
749328,1,7,4,0.3586790108976326
749331,1,7,8,25.89161525743654
749332,1,7,5,0.3586789934097332
749347,1,7,10,19.148611166252856
749348,1,7,8,26.279687532381423
749349,0,7,0,0.018240643175637644
749362,1,7,4,0.3586790108976326
749373,1,7,10,5.024756948044912
749379,1,7,9,12.169124054369092
749410,1,7,6,15.426908719430498
749430,1,7,9,24.46189111881802
749437,1,7,8,17.90132628337185
749452,1,7,4,0.3586790108976326
749453,1,7,6,22.591408726430384
749456,1,7,6,10.001539591354293
749459,1,7,10,7.161763666929217
749468,1,7,8,18.627298873857168
749477,1,7,9,25.765849831366804
749480,1,7,10,11.023283050978526
749483,1,7,10,19.385164907531138
749507,1,7,9,22.065861627422404
749523,1,7,10,12.262397043060307
749525,1,7,5,0.3586789949470627
749531,1,7,7,0.9275293569195092
749532,1,7,8,14.219460200819423
749536,1,7,5,0.3586789934097332
749543,1,7,8,24.7218084661818
749547,1,7,4,0.3586790108976326
749566,1,7,9,15.632211741734288
749568,1,7,5,0.3586789934097332
749577,1,7,3,2.4005467128521083
749578,1,7,2,6.482587625456786
749583,1,7,1,13.879436818116973
749599,1,7,1,15.66594094559699
749602,1,7,3,2.447942741695739
749604,1,7,4,0.3586790108976326
749620,0,7,0,0.021520971144725322
749635,1,7,9,12.154128947960274
749650,1,7,1,11.759845022083343
749654,1,7,4,0.3586790108976326
749684,1,7,10,14.773186593436392
749711,1,7,8,27.825473957348137
749737,1,7,4,0.3586790108976326
749753,1,7,6,14.57828158693122
749757,1,7,4,0.3586790108976326
749777,1,7,7,3.117487239943569
749781,0,7,0,0.027453813789885123
749783,0,7,0,0.015993652147891405
749809,1,7,8,13.977756225271012
749811,0,7,0,0.013125212222114999
749824,1,7,4,0.3586790108976326
749855,1,7,6,14.502370458682408
749863,1,7,10,4.2705062275697685
749867,1,7,9,24.993514758844285
749875,1,7,9,26.161901106595927
749879,1,7,8,21.449935461880315
749882,1,7,4,0.3586790108976326
749883,1,7,4,0.3586790108976326
749884,1,7,10,20.053874805222137
749890,1,7,4,0.3586790108976326
749903,1,7,4,0.3586790108976326
749904,1,7,9,23.93939712973094
749917,1,7,9,10.684614718367914
749919,1,7,7,4.29948721364228
749921,1,7,6,15.431239107751212
749925,1,7,3,1.9325791500290082
749933,1,7,5,0.3586789934097332
749936,1,7,6,16.369475813124357
749945,0,7,0,0.012849594172032774
749949,1,7,8,6.459243938138318
749954,1,7,9,18.059341152678538
749956,1,7,5,0.3586789934097332
749959,1,7,10,10.60702072897021
749968,1,7,5,0.3586789934097332
749974,1,7,4,0.3586790108976326
749991,1,7,4,0.3586790108976326
750002,1,7,6,13.073039185819512
750018,1,7,10,11.083375944806615
750028,1,7,9,15.105487478863136
750037,1,7,8,8.318367233744322
750047,1,7,9,25.529187934863295
750077,1,7,6,18.517017679986115
750096,1,7,1,18.95408866039468
750104,0,7,0,0.021490605598648724
750106,1,7,7,3.3271595449741667
750114,1,7,8,22.60605261322905
750133,1,7,1,12.934220774090564
750140,1,7,7,3.8151792504195634
750163,1,7,10,20.084690304448618
750174,1,7,8,11.15244735951573
750180,1,7,8,7.133524807136047
750188,1,7,3,2.3909773469436484
750195,0,7,0,0.01323403944494506
750201,1,7,10,16.774897560034777
750208,1,7,9,14.70375817838009
750227,1,7,10,17.414859125541
750242,1,7,4,0.3586790108976326
750244,1,7,7,1.447907515103374
750256,1,7,10,8.834016690498846
750262,1,7,5,0.3586789934097332
750272,1,7,9,4.667277271857129
750293,1,7,1,15.012678754720778
750296,1,7,10,16.285413445334548
750304,1,7,9,19.703880193604263
750307,1,7,5,0.3586789934097332
750310,1,7,10,13.579246490316862
750323,1,7,10,19.303776434049613
750333,0,7,0,0.03154451599316458
750344,1,7,3,2.2802311523992227
750349,1,7,4,0.3586790108976326
750358,1,7,9,12.758138838715926
750385,1,7,9,16.09705022194788
750393,1,7,10,6.548077014279325
750399,1,7,4,0.3586790108976326
750403,1,7,1,6.325658962912587
750404,1,7,2,13.629461346823593
750417,1,7,1,17.500626076726032
750432,1,7,7,4.087928285317625
750437,1,7,3,2.307215895776711
750474,1,7,8,19.895770675669223
750478,0,7,0,0.011007410022451303
750492,1,7,2,11.83976156915037
750493,1,7,6,12.075211578348767
750494,1,7,8,27.443837763937193
750512,1,7,9,11.1437230804836
750517,1,7,1,12.284773760051007
750518,1,7,9,25.039617424511167
750519,1,7,6,21.320636862107772
750522,1,7,8,13.031546864185115
750528,0,7,0,0.022730138768585144
750543,1,7,8,19.413431981210117
750551,1,7,9,24.532605268254784
750586,1,7,1,7.3227078195641475
750591,1,7,5,0.3586789934097332
750593,1,7,4,0.3586790108976326
750626,1,7,8,10.005289148894668
750637,1,7,8,18.52840384589205
750659,0,7,0,0.02414702184592749
750667,1,7,6,16.31359970105943
750681,1,7,4,1.5059114516369227
750691,1,7,6,11.53063133898455
750693,1,7,8,7.263892624401895
750703,1,7,4,0.3586790108976326
750714,1,7,9,15.891148084859065
750718,1,7,2,6.098176516621442
750720,1,7,5,0.3586789934097332
750736,1,7,5,0.3586789934097332
750739,1,7,7,0.6559849896082148
750755,1,7,7,3.795298487122211
750759,1,7,10,20.460566078384193
750761,1,7,8,20.253363886039327
750780,1,7,3,2.337934370080813
750784,1,7,9,3.5484733504236963
750786,1,7,5,0.3586789934097332
750800,1,7,6,18.11537219158339
750802,1,7,8,28.52562651324852
750805,1,7,8,27.457607238626345
750833,1,7,4,0.3586790108976326
750849,1,7,5,0.3586789934097332
750855,1,7,8,2.6930622912197113
750862,1,7,9,24.025838996778255
750865,1,7,1,20.988086094130484
750869,1,7,8,5.789695824989413
750871,1,7,9,21.663160756363588
750893,1,7,4,0.3586790108976326
750903,1,7,6,23.06072650610539
750905,1,7,8,7.224061723556162
750911,1,7,7,0.9031833480257233
750913,1,7,4,0.3586790108976326
750915,1,7,5,0.3586789934097332
750942,1,7,4,0.3586790108976326
750944,1,7,8,6.955318907727403
750950,1,7,8,16.709802864007404
750990,1,7,9,5.772442319817007
750991,1,7,10,12.351388863002613
750994,1,7,8,4.4382292818521565
750998,1,7,9,22.417958416147787
751015,0,7,0,0.03809009561578744
751017,1,7,4,0.3586790108976326
751037,1,7,1,17.45416668138482
751046,1,7,4,0.3586790108976326
751048,1,7,9,20.074076005391852
751050,1,7,2,4.698597625750597
751053,1,7,4,0.358679009087165
751056,1,7,4,0.3586790108976326
751063,1,7,6,19.66874083345529
751064,1,7,6,13.935843235667535
751077,1,7,4,0.3586790108976326
751099,1,7,5,0.3586789934097332
751104,1,7,9,22.375161133351323
751128,1,7,10,10.88558974270625
751130,1,7,9,22.81603020821175
751134,1,7,7,4.320964352886107
751143,1,7,7,2.6211288944479287
751148,1,7,5,0.3586789934097332
751153,1,7,9,4.695164094749268
751154,1,7,6,23.607155774124305
751168,1,7,9,25.52614490318197
751170,1,7,9,5.96490168021036
751176,1,7,8,19.667170887338816
751187,1,7,8,26.42256719705528
751210,1,7,1,9.088953037254791
751218,0,7,0,0.01388621510834712
751247,1,7,4,0.3586790108976326
751250,1,7,7,4.202857583053949
751258,1,7,8,23.666639933761694
751278,1,7,2,6.278433922336228
751295,1,7,9,22.747886073185047
751309,1,7,9,8.097931992641373
751320,1,7,1,4.42410871985182
751342,1,7,5,0.3586789934097332
751350,1,7,4,0.3586790108976326
751354,1,7,7,2.7478774106164536
751365,1,7,2,11.132083896549776
751383,1,7,5,0.3586789949470627
751387,1,7,6,18.96048898432238
751389,1,7,6,13.398293302969272
751390,1,7,2,8.944096856601362
751400,1,7,6,5.660130171999936
751402,1,7,1,21.321925560593066
751403,1,7,8,7.292642327536351
751404,0,7,0,0.024394907512387973
751405,1,7,5,0.3586789934097332
751425,0,7,0,0.28372468080234164
751446,1,7,6,18.183797942280506
751451,1,7,6,24.042602813608827
751456,1,7,4,0.3586790108976326
751458,1,7,4,0.3586790108976326
751461,1,7,1,11.675473624845294
751470,1,7,4,0.3586790108976326
751478,1,7,4,0.3586790108976326
751495,1,7,4,0.3586790108976326
751503,1,7,10,19.604454183222302
751515,1,7,6,10.579543337389415
751519,1,7,5,0.3586789934097332
751536,1,7,8,15.45216139952017
751542,1,7,5,0.3586789934097332
751564,1,7,6,23.068495163183787
751565,1,7,2,13.103651553527877
751575,1,7,6,12.793069789740038
751596,1,7,5,0.3586789934097332
751639,1,7,10,5.326580335556222
751647,1,7,10,8.525062093791755
751650,1,7,9,11.388010864892989
751651,1,7,9,11.202367351386878
751654,1,7,8,14.938090887494086
751662,1,7,8,24.767073137969117
751664,1,7,1,22.79737628367331
751667,1,7,7,3.1417349531951464
751672,1,7,7,3.9564145126045496
751673,1,7,10,3.724258905430628
751685,1,7,1,8.36632842876472
751688,1,7,6,12.043580273872672
751694,1,7,5,0.3586789934097332
751697,1,7,8,23.411597015280016
751699,1,7,8,12.461608856187656
751727,0,7,0,0.033631750143639415
751731,1,7,6,9.290222510415761
751736,1,7,9,5.776978639860832
751751,1,7,7,3.393080051512928
751776,1,7,1,17.154574885012593
751779,1,7,8,24.005822130095833
751786,1,7,6,19.270771396248776
751796,1,7,8,21.629054653029055
751809,1,7,8,13.120071728668421
751812,1,7,4,0.3586790108976326
751814,1,7,9,22.882840159389268
751829,1,7,10,11.897834962089336
751836,1,7,8,22.552265182812118
751845,1,7,10,16.43715094346352
751869,1,7,9,24.014167872603572
751874,1,7,3,1.3212478135868957
751878,1,7,10,4.950461553858958
751902,1,7,4,0.3586790108976326
751904,1,7,9,24.393447932877486
751919,1,7,10,20.21522485317884
751934,1,7,8,25.45618822985552
751960,1,7,4,0.3586790108976326
751967,1,7,3,2.151336229315581
752008,1,7,8,13.98887171864578
752031,1,7,9,23.486381087043334
752032,1,7,4,0.3586790108976326
752044,1,7,5,0.3586789934097332
752045,1,7,10,12.240330271973361
752054,0,7,0,0.026405315269551817
752056,1,7,2,5.715558435861403
752063,1,7,10,11.692708838434632
752070,1,7,10,17.613314208160066
752087,1,7,7,4.6306520417540575
752125,1,7,8,5.715126850423153
752131,1,7,4,0.3586790108976326
752140,1,7,9,22.65221183023631
752146,1,7,10,14.632677868194623
752149,0,7,0,0.047201564887991695
752166,1,7,3,2.2753982958445587
752172,1,7,9,16.197514530856612
752177,1,7,8,20.420705018266315
752190,1,7,8,19.957397512677474
752192,1,7,6,22.92514999251347
752194,1,7,5,0.3586789934097332
752212,1,7,2,2.1019371094721304
752213,1,7,8,14.531854931887507
752222,1,7,8,6.472281187069352
752229,1,7,4,0.3586790108976326
752239,0,7,0,0.027039502262539355
752241,1,7,1,17.956688712330273
752252,1,7,6,23.87265298456362
752263,1,7,1,6.884144378346598
752268,1,7,8,9.465962940861248
752289,1,7,7,3.553110167250993
752293,1,7,2,12.458193108771454
752296,1,7,6,16.308303573621302
752326,1,7,9,23.521364525205755
752337,1,7,3,1.4095610354595756
752340,1,7,9,26.354104852020363
752352,1,7,4,0.3586790108976326
752353,1,7,8,25.834876752624805
752361,0,7,0,0.019429069612160375
752372,1,7,4,0.3586790108976326
752383,1,7,10,11.044908965314633
752390,1,7,2,5.2111274171131035
752397,1,7,9,24.031457331860572
752412,1,7,7,3.3500697195494165
752417,1,7,9,15.929203896754018
752433,0,7,0,0.028969363118807934
752472,1,7,10,14.464675514814148
752475,1,7,8,24.571943081699228
752487,1,7,6,15.31714440150636
752494,1,7,10,11.12400551720952
752497,1,7,5,0.3586789934097332
752509,1,7,1,21.102915811912723
752528,1,7,1,9.461621748022768
752539,0,7,0,0.016136747339977726
752547,1,7,10,11.862424705439105
752561,1,7,2,1.2398657828138793
752571,0,7,0,0.01684521374465302
752584,1,7,2,10.721885365406768
752625,1,7,8,17.75895199011211
752636,1,7,8,17.292725332407265
752640,1,7,3,2.21758785910037
752644,1,7,7,3.120926032933498
752652,1,7,7,3.8402886710169337
752666,1,7,6,20.637522992933455
752675,1,7,6,22.88599402655151
752706,1,7,9,16.25783972187913
752712,1,7,9,24.781165929917936
752718,1,7,4,0.3586790108976326
752748,1,7,4,0.3586790108976326
752750,1,7,6,21.410187913335825
752753,1,7,3,1.2413125078587992
752761,1,7,9,20.05528558146043
752793,1,7,1,11.179167547443454
752810,1,7,10,15.730710923655483
752819,1,7,5,0.3586789934097332
752820,1,7,4,0.3586790108976326
752822,1,7,6,10.038038672321264
752826,1,7,6,22.133967035997394
752867,1,7,4,0.3586790108976326
752873,1,7,8,14.766413521033298
752882,1,7,8,25.008309299167596
752890,1,7,6,9.393922569968472
752909,1,7,9,26.159636455706185
752934,1,7,4,0.3586790108976326
752939,1,7,5,0.3586789934097332
752942,1,7,8,17.980606623400952
752945,1,7,10,13.939246701161766
752970,1,7,9,9.543020943975083
752980,1,7,1,6.313732416591437
752983,1,7,9,23.505357880631813
752988,1,7,6,8.38182080374024
753005,1,7,2,8.985121647292589
753008,1,7,6,12.531208794849451
753017,1,7,6,5.769591312210289
753042,1,7,9,21.70605114803144
753053,1,7,9,18.42870351470255
753080,1,7,4,0.358679009087165
753092,1,7,5,0.3586789934097332
753110,1,7,9,25.95635332158803
753111,1,7,9,25.96739733569225
753122,0,7,0,0.015513816323870494
753123,1,7,5,0.3586789934097332
753127,1,7,8,10.223416230347913
753149,1,7,9,14.758668329018752
753172,1,7,5,0.3586789934097332
753182,1,7,9,22.502663713649596
753199,1,7,9,22.81911562843335
753217,0,7,0,0.023012062617837944
753219,1,7,3,1.1122553443979808
753230,1,7,4,0.3586790108976326
753235,1,7,4,0.3586790108976326
753248,1,7,10,5.595125197155596
753252,1,7,1,15.214556732635915
753274,1,7,5,0.3586789934097332
753276,1,7,6,6.063564805227362
753279,1,7,9,23.35874709558803
753293,1,7,6,14.736500548080892
753295,1,7,9,26.22327206483732
753306,1,7,6,23.050238953930556
753317,1,7,9,11.898918816317671
753320,1,7,2,7.514713597257511
753332,1,7,9,25.813411594029844
753334,1,7,2,3.706196858522272
753337,1,7,1,8.695793372513414
753338,1,7,8,22.018548710249515
753339,1,7,6,13.510344784556777
753369,1,7,8,4.9643159318118135
753379,1,7,10,19.61907642854091
753381,1,7,8,15.226324501957595
753388,1,7,8,16.3113835261796
753392,1,7,2,11.272071841834135
753395,1,7,10,19.7270170906429
753401,0,7,0,0.02717530787404187
753432,1,7,6,21.72512318540712
753433,1,7,9,8.568680680878256
753438,1,7,1,22.50423122438163
753452,1,7,8,8.528918433695939
753472,1,7,3,1.762433992025034
753501,1,7,8,3.449342622032356
753502,1,7,7,2.298472271606614
753508,1,7,1,6.389149863862485
753510,1,7,10,12.117066257651274
753546,1,7,5,0.3586789934097332
753548,1,7,1,12.760646792021436
753550,0,7,0,0.017128207994189674
753570,1,7,4,0.3586790108976326
753595,1,7,5,0.3586789934097332
753600,1,7,1,14.724902223044264
753609,1,7,10,9.912320174546343
753611,1,7,9,11.056691964101033
753620,1,7,1,17.15626188286436
753631,1,7,4,0.3586790108976326
753666,1,7,10,17.6685687527908
753682,1,7,9,12.194314130398087
753684,1,7,4,0.3586790108976326
753695,1,7,4,0.3586790108976326
753715,1,7,8,8.936399736321267
753731,1,7,10,15.364493634782303
753735,1,7,9,15.99875997631225
753744,1,7,1,9.832877547321502
753746,1,7,5,0.3586789949470627
753749,1,7,6,16.698579498883703
753751,1,7,5,0.3586789934097332
753758,1,7,9,19.394073275310966
753766,1,7,6,7.265516592161838
753775,1,7,5,0.3586789934097332
753776,1,7,6,20.47021825689821
753777,0,7,0,0.022339433108834184
753812,1,7,6,11.556523143855731
753815,1,7,8,9.334886262294482
753824,1,7,4,0.3586790108976326
753825,1,7,9,3.9469228623874333
753829,1,7,5,0.3586789934097332
753834,1,7,5,0.3586789934097332
753836,1,7,2,1.647777880912674
753838,1,7,9,25.96634069916423
753843,1,7,6,22.763632261684894
753879,1,7,2,9.516537337409696
753889,0,7,0,0.016309067166706274
753891,1,7,7,0.4692074677909206
753908,1,7,4,0.3586790108976326
753911,1,7,7,2.536910457571091
753916,1,7,6,22.517708872967102
753931,1,7,5,0.3586789934097332
753934,1,7,6,22.587320593945563
753940,1,7,6,12.52861912776162
753947,1,7,9,4.6063438461613115
753961,1,7,7,2.054455324128331
753964,1,7,9,8.257672101305545
753981,1,7,4,0.3586790108976326
753987,1,7,4,0.3586790108976326
754006,1,7,5,0.3586789949470627
754024,1,7,1,7.142437310495153
754029,1,7,10,9.12014603617608
754057,1,7,6,17.804407592955158
754069,1,7,8,27.83146072398835
754073,1,7,9,19.156258028482387
754081,1,7,4,0.3586790108976326
754087,1,7,3,2.406819462973792
754098,1,7,9,14.056753019431149
754101,1,7,8,17.57174665919834
754105,1,7,8,10.802885060225037
754113,0,7,0,0.025074701135835185
754116,1,7,5,0.3586789934097332
754117,1,7,7,4.310869130957732
754131,1,7,9,18.136166617068167
754139,1,7,2,4.813602210304595
754140,1,7,1,16.403227573533595
754171,1,7,9,3.101273628103764
754173,1,7,7,4.554044994558516
754209,0,7,0,0.015791574852784207
754212,1,7,2,5.965575776213737
754213,1,7,1,10.869065375979572
754234,1,7,6,18.025716065824025
754239,1,7,5,0.3586789934097332
754275,1,7,10,17.467748979469604
754286,1,7,9,25.916447877435335
754301,1,7,6,22.32411957590442
754320,0,7,0,0.055117081195511466
754327,1,7,4,0.3586790108976326
754346,1,7,8,14.116064603472793
754350,1,7,4,0.3586790108976326
754375,1,7,1,17.634229811588927
754384,1,7,9,8.166335267403145
754399,1,7,3,2.321977425833977
754422,1,7,6,14.448191678802374
754429,1,7,6,16.845230837576384
754446,1,7,8,11.496914112797771
754453,1,7,6,8.358780540996571
754458,1,7,2,8.413148165906692
754479,1,7,2,11.356247444330778
754486,1,7,6,19.140725360042726
754490,1,7,10,10.789318095899283
754491,1,7,3,2.186783084905693
754497,1,7,6,9.504134961111099
754498,1,7,8,27.49839360102315
754499,1,7,10,21.2720421138101
754506,1,7,1,11.955676037831962
754511,1,7,3,2.211502048095372
754515,1,7,9,17.373402159280648
754518,1,7,8,10.518813620365037
754530,1,7,10,20.7999243347812
754569,1,7,8,9.050259436314073
754598,1,7,4,0.3586790108976326
754599,1,7,7,1.9028514577316809
754606,1,7,9,2.2242740950857227
754628,1,7,9,7.4263668767285544
754632,1,7,6,22.25770308791309
754643,1,7,6,19.338921352186436
754651,1,7,6,23.14674884582919
754657,1,7,10,19.307064468324647
754664,1,7,7,2.827829245003258
754673,0,7,0,0.03311151645481655
754680,1,7,10,17.49414037864826
754683,1,7,8,13.316825011103397
754693,1,7,6,23.96845643250842
754699,1,7,10,11.071976592014774
754712,1,7,6,19.15831117073318
754722,1,7,9,16.55784495782945
754724,1,7,8,27.019107296428142
754727,1,7,9,3.1100414996719428
754747,1,7,8,5.444020627185796
754748,1,7,9,25.70465933251341
754761,1,7,6,22.562769027932724
754771,1,7,1,8.06208721699281
754782,1,7,6,15.665240087318702
754786,0,7,0,0.025117700719925463
754790,1,7,10,10.817348768460805
754797,1,7,10,4.56053106525224
754798,1,7,5,0.3586789934097332
754802,1,7,9,23.29355149610704
754805,0,7,0,0.013608866817092703
754812,1,7,8,13.72635818136435
754816,1,7,8,18.61005562392894
754817,1,7,10,10.267272774176098
754877,1,7,6,9.28742603990235
754878,1,7,9,6.078804803857566
754881,1,7,8,15.72787150547313
754917,1,7,9,8.950847278322739
754931,1,7,8,26.557113845802267
754944,1,7,4,0.3586790108976326
754945,1,7,10,15.95850549638622
754969,1,7,1,18.329699306757686
754971,1,7,5,0.3586789934097332
754979,1,7,9,15.779641405746617
754990,1,7,5,0.3586789934097332
754995,1,7,9,15.713814213502065
755007,1,7,4,0.358679009087165
755010,1,7,5,0.3586789949470627
755015,1,7,9,7.946407457469994
755022,1,7,3,2.447217335288606
755026,1,7,10,15.373944859384158
755039,1,7,5,0.3586789934097332
755058,1,7,5,0.3586789934097332
755083,1,7,8,21.558908211972987
755120,1,7,8,13.643111496207892
755126,1,7,5,0.3586789934097332
755137,1,7,2,4.42237278234922
755161,1,7,5,0.3586789934097332
755181,1,7,5,0.3586789934097332
755183,1,7,3,2.333493284069079
755187,1,7,9,24.394503722016534
755189,1,7,8,14.340888612403885
755198,1,7,1,6.212429964712122
755207,1,7,6,22.95181968751118
755223,1,7,1,12.460198649856887
755246,1,7,5,0.3586789934097332
755263,1,7,1,22.26057203772994
755265,1,7,10,18.560805534886367
755274,1,7,10,15.228570709593651
755275,1,7,9,6.291676586582544
755277,1,7,6,18.180239179320704
755287,1,7,10,4.489825661741897
755319,1,7,9,21.097662904415387
755326,1,7,9,14.213576483470867
755333,1,7,1,15.255673499959288
755343,1,7,4,0.3586790108976326
755345,1,7,5,0.3586789934097332
755356,1,7,8,8.882371859502607
755360,1,7,5,0.3586789949470627
755385,1,7,6,22.506747706838667
755418,1,7,5,0.3586789934097332
755428,1,7,10,10.293573069129726
755437,1,7,8,10.716974745228091
755439,1,7,2,4.7533104000424
755455,1,7,6,23.008413774796736
755461,1,7,10,20.47643233759065
755467,1,7,5,0.3586789934097332
755468,1,7,3,2.3628913847208812
755469,1,7,4,0.3586790108976326
755483,1,7,6,21.40904800003314
755487,1,7,7,2.5656270572212665
755512,1,7,4,0.3586790108976326
755539,1,7,5,0.3586789934097332
755540,1,7,5,0.3586789934097332
755542,1,7,5,0.3586789934097332
755560,1,7,4,0.3586790108976326
755564,1,7,8,18.414569720532374
755565,1,7,4,0.3586790108976326
755586,1,7,10,14.886507737186099
755606,1,7,1,15.813092011791978
755608,1,7,2,4.066539256897499
755621,1,7,1,20.6605931864408
755622,1,7,4,0.3586790108976326
755623,1,7,8,7.083237736348216
755628,1,7,6,21.613265216020345
755634,1,7,8,15.705675874911886
755638,1,7,5,0.3586789934097332
755645,1,7,9,7.602488315404014
755647,1,7,5,0.3586789934097332
755662,1,7,9,19.913127560844817
755667,1,7,9,25.64244046312394
755682,1,7,6,13.951889881303055
755685,0,7,0,0.02558439880417707
755693,1,7,9,26.23926803899566
755705,1,7,9,23.12733678390643
755713,1,7,1,15.019145169793362
755716,1,7,10,19.688636804677852
755733,1,7,1,20.40018522983005
755758,1,7,8,26.754846133194405
755762,1,7,4,0.3586790108976326
755773,1,7,4,0.3586790108976326
755783,1,7,9,23.975317385162374
755839,1,7,4,0.3586790108976326
755840,1,7,5,0.3586789934097332
755847,1,7,2,12.806230107572999
755850,1,7,6,10.489588693151083
755853,1,7,9,18.50377391897063
755861,1,7,8,16.158449566962428
755898,1,7,6,17.32950495046482
755905,1,7,5,0.3586789934097332
755907,1,7,1,14.368136691045756
755909,1,7,10,20.424990929806533
755911,0,7,0,0.024461996893577406
755914,1,7,10,3.467344836014483
755923,1,7,10,5.682229572516863
755929,1,7,6,9.064528804764137
755939,0,7,0,0.012689432689567183
755947,1,7,9,3.9362566971006854
755951,1,7,9,25.45455428492642
755952,1,7,3,1.7534596320548814
755961,1,7,4,0.3586790108976326
755967,1,7,4,0.3586790108976326
755972,1,7,5,0.3586789949470627
756005,1,7,9,19.612278821797364
756024,1,7,4,0.3586790108976326
756026,1,7,5,0.3586789934097332
756032,1,7,5,0.3586789934097332
756034,1,7,10,17.241782973071434
756035,1,7,9,13.525812765471033
756043,1,7,5,0.3586789934097332
756046,0,7,0,0.01799540089090482
756054,1,7,1,15.970236771484188
756056,1,7,9,17.710497001719872
756063,1,7,3,1.0099690699747002
756065,0,7,0,0.03853755329710204
756109,1,7,8,10.805951307598283
756110,0,7,0,0.015328987484667671
756112,1,7,10,10.869359251564395
756113,1,7,5,0.3586789934097332
756150,1,7,10,21.090672915182594
756176,1,7,4,0.3586790108976326
756178,1,7,2,9.83790661783759
756180,1,7,9,16.39577438111719
756198,1,7,3,2.0033514475316108
756201,1,7,9,21.133545550252606
756233,1,7,3,2.081260983761438
756256,1,7,1,20.29502762095693
756268,1,7,6,13.94641478818685
756286,1,7,9,22.42339562753303
756292,1,7,3,2.341445585997425
756301,1,7,6,10.188701177101846
756304,1,7,8,13.361715437866657
756320,1,7,10,14.04552002974713
756335,1,7,5,0.3586789934097332
756343,1,7,9,23.85695786554455
756354,1,7,9,9.99927906676834
756357,1,7,10,7.164760861624695
756364,1,7,9,9.213472816578095
756366,1,7,7,3.3675539876228013
756374,1,7,8,20.28050973560584
756382,1,7,5,0.3586789934097332
756384,1,7,9,15.080938253889052
756390,1,7,8,26.240010321862684
756397,1,7,8,16.543760378293822
756400,1,7,9,8.714658559175456
756404,1,7,4,0.3586790108976326
756407,1,7,4,0.3586790108976326
756410,1,7,10,15.742306105478436
756414,1,7,5,0.3586789934097332
756417,1,7,6,13.375039898061308
756441,1,7,5,0.3586789934097332
756449,1,7,4,0.3586790108976326
756460,1,7,7,1.6664296087446335
756472,1,7,9,13.337730906060104
756485,1,7,8,20.19424013188072
756488,1,7,9,12.964014238152894
756492,1,7,7,2.595512570470782
756494,1,7,6,23.964821776772848
756495,1,7,4,0.3586790108976326
756517,1,7,4,0.3586790108976326
756525,1,7,1,7.90146966438955
756538,1,7,4,0.3586790108976326
756540,0,7,0,0.013402445409221354
756554,0,7,0,0.02727024871712125
756558,1,7,1,7.521243429388352
756563,1,7,8,6.759472527309687
756568,1,7,6,11.924739306967366
756576,1,7,4,0.358679009087165
756589,1,7,8,9.236329624221414
756592,1,7,7,2.6768147644502087
756599,1,7,5,0.3586789934097332
756601,1,7,2,6.602927484695047
756621,1,7,1,11.860987941434857
756623,1,7,6,23.669994538775953
756624,1,7,5,0.3586789934097332
756630,1,7,9,13.93013159045164
756673,1,7,8,15.348372503997163
756690,1,7,7,3.766496311917698
756693,1,7,6,23.01964722392484
756706,1,7,9,15.355670476212604
756710,1,7,4,0.3586790108976326
756714,1,7,10,9.446006624397022
756730,1,7,9,19.14170397284368
756745,1,7,3,2.2808183965516475
756754,1,7,5,0.3586789934097332
756757,1,7,10,4.834286942891841
756775,1,7,5,0.3586789934097332
756784,1,7,1,6.338437644412446
756785,1,7,7,4.216567913936105
756811,1,7,9,5.230500922006986
756822,1,7,8,12.75302156868997
756833,1,7,9,9.04051937079567
756836,1,7,7,4.564495296360616
756839,1,7,6,13.524716798904636
756843,1,7,8,16.065035423609853
756850,1,7,4,0.3586790108976326
756855,1,7,8,19.33504684303276
756868,1,7,10,19.00576791027372
756880,1,7,8,23.966731979866513
756881,1,7,4,0.358679009087165
756936,1,7,4,0.3586790108976326
756938,1,7,5,0.3586789934097332
756951,1,7,10,9.21977655970234
756970,1,7,9,23.749905203851217
756974,1,7,10,4.812760814389132
757000,1,7,4,0.3586790108976326
757009,0,7,0,0.023861480931050446
757030,1,7,5,0.3586789934097332
757053,1,7,2,9.970520720412543
757054,1,7,5,0.3586789934097332
757089,1,7,5,0.3586789934097332
757102,1,7,9,11.49230569850235
757110,1,7,5,0.3586789934097332
757131,1,7,8,27.032378582252914
757148,0,7,0,0.06353452236907609
757149,1,7,9,18.721310808689122
757153,1,7,10,17.228079277420306
757163,1,7,2,12.444497947427928
757171,1,7,6,7.141837089342964
757177,1,7,5,0.3586789934097332
757179,1,7,5,0.3586789934097332
757188,1,7,9,16.007341959186206
757198,1,7,9,24.655685074910895
757206,1,7,9,6.560714896018741
757232,1,7,8,28.08230173817589
757256,1,7,2,12.623936294820293
757260,1,7,6,15.841698713846302
757291,1,7,9,26.413737253326577
757292,1,7,9,25.571327878663666
757302,0,7,0,0.033359707375417824
757326,1,7,4,0.358679009087165
757337,1,7,5,0.3586789949470627
757340,1,7,4,0.3586790108976326
757344,1,7,6,22.441140268764457
757358,1,7,8,27.52863879928345
757362,1,7,7,1.6809510704660766
757365,1,7,4,0.3586790108976326
757388,0,7,0,0.021468697905092343
757403,1,7,7,2.9951295863604077
757426,1,7,4,0.3586790108976326
757461,1,7,9,10.930227018168168
757462,0,7,0,0.04346951638793246
757467,1,7,2,11.168714434842828
757472,1,7,4,0.3586790108976326
757473,1,7,8,20.47056510482545
757476,1,7,10,18.780347296397128
757477,1,7,4,0.3586790108976326
757503,1,7,2,11.541881574423726
757513,1,7,8,18.516018261367094
757516,1,7,5,0.3586789934097332
757519,1,7,9,26.191360602866162
757532,1,7,8,24.121208976252067
757537,1,7,8,7.67221949784769
757552,1,7,4,0.3586790108976326
757580,1,7,8,7.980538455824516
757600,1,7,9,6.067086500243325
757605,1,7,2,10.897951345699399
757608,1,7,10,13.36254732827279
757615,1,7,8,28.526773431062388
757641,1,7,2,5.660609858133839
757642,1,7,9,23.68416992600245
757656,1,7,6,23.87239470210439
757657,1,7,9,20.269453935196818
757664,1,7,3,1.3814684109094424
757678,1,7,9,20.842828877241395
757693,1,7,1,22.951085722441924
757702,1,7,8,3.221256503759729
757712,1,7,5,0.3586789934097332
757717,1,7,5,0.3586789934097332
757725,1,7,4,0.3586790108976326
757727,1,7,9,17.580810012551826
757732,1,7,4,0.3586790108976326
757738,1,7,10,19.16754938112975
757753,1,7,10,4.590187293270007
757763,0,7,0,0.030683575345748917
757773,1,7,5,0.3586789934097332
757776,1,7,3,0.8442704623396294
757794,1,7,8,9.20328539358729
757805,1,7,9,11.050600540118532
757806,1,7,2,10.708192146861352
757810,1,7,8,27.185909246761685
757820,1,7,5,0.3586789934097332
757826,1,7,6,21.376263013616956
757845,1,7,4,0.3586790108976326
757850,0,7,0,0.017232042192693517
757857,1,7,9,26.37465114133892
757864,0,7,0,0.022295314574746383
757879,1,7,3,2.403361667138626
757880,0,7,0,0.013288487262233362
757881,1,7,9,26.07713323354757
757882,0,7,0,0.017966924227146245
757884,1,7,4,0.3586790108976326
757907,1,7,4,0.3586790108976326
757931,1,7,6,7.115609174323772
757942,1,7,5,0.3586789949470627
757956,1,7,8,10.911807528458748
757963,1,7,5,0.3586789934097332
757979,1,7,6,7.6253345198131015
757986,1,7,2,7.678511859563843
758054,1,7,6,17.09262349725459
758055,1,7,7,2.125470770927834
758057,1,7,9,24.055751562820163
758064,1,7,1,21.771864940214353
758074,1,7,7,4.371235442292296
758090,0,7,0,0.02577452457123624
758092,1,7,10,13.071938958299333
758100,1,7,9,11.028677279612122
758128,1,7,10,10.77560044739626
758133,1,7,7,2.207473054178665
758146,1,7,5,0.3586789934097332
758173,1,7,8,12.170148895916853
758196,1,7,5,0.3586789934097332
758200,0,7,0,0.04769385349771691
758201,1,7,3,1.657020295699629
758202,1,7,1,17.18771865406482
758204,1,7,9,25.914914230402264
758214,1,7,9,25.6731899742832
758216,1,7,6,12.132074557820397
758234,1,7,6,18.775202854589704
758248,1,7,1,9.70707500189204
758254,1,7,8,16.02609252351091
758258,1,7,7,4.601097148745132
758269,1,7,2,4.231879434053256
758273,1,7,3,2.3880217384380256
758292,1,7,6,6.320930007646325
758300,1,7,5,0.3586789934097332
758307,0,7,0,0.2401542985003025
758311,1,7,9,16.291934668208516
758313,1,7,8,14.491699324319727
758317,1,7,6,19.335022234258343
758344,1,7,4,0.3586790108976326
758345,1,7,5,0.3586789934097332
758353,0,7,0,0.18820475577225743
758364,1,7,9,15.06387940962018
758365,1,7,9,8.685767881302441
758387,1,7,8,22.522241464679645
758398,1,7,9,18.369824919947757
758402,1,7,10,18.379217975785426
758420,0,7,0,0.053703386431811835
758431,1,7,9,12.912779313987818
758437,1,7,3,2.3601773219708058
758445,1,7,9,3.8400436176499753
758461,1,7,9,8.794501875972928
758484,1,7,6,10.879602891540157
758490,1,7,1,7.0890853074080855
758498,1,7,9,8.62718883060805
758513,1,7,9,15.313041775645772
758524,1,7,5,0.3586789934097332
758526,1,7,1,21.308354250464138
758543,1,7,7,3.985896244728554
758576,1,7,8,10.714859715249178
758578,1,7,10,17.848354705262302
758579,1,7,8,28.333315055137486
758593,1,7,5,0.3586789934097332
758594,1,7,1,18.434688902833628
758596,1,7,8,28.021246880908187
758598,1,7,10,4.092221244824604
758602,1,7,6,6.252994726534407
758626,1,7,9,18.9132587207715
758653,1,7,3,2.0938189883099243
758654,1,7,9,4.754502572586289
758657,1,7,6,9.393087300085533
758666,1,7,9,22.97251847945268
758690,1,7,4,0.3586790108976326
758691,1,7,6,16.70618289680347
758713,1,7,4,0.3586790108976326
758718,1,7,7,2.5997227002499854
758753,1,7,6,21.109231341610876
758784,1,7,3,0.8009669382903237
758789,1,7,4,0.3586790108976326
758793,1,7,6,23.162803609103786
758794,1,7,3,1.7560049890326919
758803,1,7,8,25.256764799590226
758813,1,7,4,0.3586790108976326
758816,1,7,5,0.3586789934097332
758829,1,7,9,3.188727141190208
758836,1,7,4,0.3586790108976326
758847,1,7,5,0.3586789934097332
758855,1,7,9,20.772059999891898
758871,0,7,0,0.014233669550709295
758879,1,7,7,4.4918254331024325
758884,1,7,6,8.919035837107048
758892,0,7,0,0.02952476032321855
758895,1,7,1,10.340363936082529
758907,1,7,4,0.3586790108976326
758911,1,7,6,9.30387213447401
758913,1,7,4,0.3586790108976326
758919,1,7,6,21.926252456329088
758920,1,7,2,2.933834978685023
758928,0,7,0,0.022751338429815755
758931,1,7,5,0.3586789949470627
758933,1,7,6,4.265217407608877
758945,1,7,8,4.334040814319626
758966,1,7,4,0.3586790108976326
758974,1,7,10,20.805275770233006
758983,1,7,4,0.3586790108976326
758987,1,7,9,13.845673886537776
758996,1,7,8,13.561093801492506
759004,1,7,10,9.197729506460188
759016,0,7,0,0.019502682196977737
759024,1,7,7,4.514078320374683
759046,1,7,9,23.44455064538799
759066,0,7,0,0.027575403125237624
759075,1,7,9,25.57722782358742
759088,1,7,10,13.814792021898226
759096,1,7,1,18.338141505286597
759130,1,7,5,0.3586789934097332
759131,1,7,3,2.374814007709779
759132,1,7,8,4.207837585465848
759153,1,7,6,11.586903181942477
759170,1,7,4,0.3586790108976326
759200,1,7,6,21.867713059824993
759214,0,7,0,0.012364715587599521
759215,1,7,7,4.255780343750087
759226,1,7,6,13.235007226441361
759244,0,7,0,0.01804232677271034
759251,1,7,6,20.757424398830437
759294,1,7,10,17.437261333165544
759307,0,7,0,0.032156575076656396
759312,1,7,9,24.090286077708555
759331,1,7,1,19.773947330854927
759333,1,7,4,0.3586790108976326
759340,1,7,10,12.332542209473408
759355,1,7,9,25.44140328013102
759365,1,7,7,0.3459400219826935
759367,1,7,7,2.5815594923715364
759374,1,7,8,25.70355830817052
759375,1,7,4,0.3586790108976326
759376,1,7,6,12.64307183454732
759389,1,7,8,26.551416160680024
759427,1,7,7,2.084000895374531
759428,1,7,10,15.735609081857904
759488,1,7,6,8.448824046291868
759489,1,7,10,8.574403567891896
759490,1,7,5,0.3586789934097332
759504,1,7,4,0.3586790108976326
759509,1,7,8,26.776132786856767
759516,1,7,3,0.8539204793109563
759521,1,7,8,28.10007510586683
759523,1,7,1,17.909861327632605
759526,1,7,6,21.598213553360527
759538,1,7,9,16.003724963181625
759547,1,7,8,23.595017077889107
759550,1,7,4,0.3586790108976326
759558,1,7,6,14.574829200271187
759568,1,7,10,6.726410018517037
759573,1,7,8,12.831510955361026
759577,1,7,6,22.619508259878625
759579,1,7,3,1.2326329300327212
759585,1,7,5,0.3586789934097332
759589,1,7,9,14.863417236963103
759596,1,7,9,23.546858186837184
759597,1,7,9,5.6324282007179844
759618,1,7,6,12.099428237768572
759644,1,7,4,0.358679009087165
759647,1,7,1,6.9441687199631215
759654,1,7,3,2.181575646685507
759670,1,7,1,15.595031581481061
759680,1,7,6,22.34729386690397
759694,1,7,10,11.701679959532342
759697,1,7,4,0.3586790108976326
759699,1,7,10,20.609442558468558
759706,1,7,8,26.094172534297687
759711,1,7,1,9.086572258055442
759723,1,7,7,3.685099013759939
759736,0,7,0,0.021782568090766757
759739,1,7,6,11.616947249844715
759744,1,7,9,12.151781658835755
759747,1,7,4,0.3586790108976326
759749,1,7,4,0.3586790108976326
759762,1,7,8,18.53672451844428
759774,1,7,6,9.199937947800915
759778,1,7,9,19.19831221731199
759779,1,7,7,4.561617264738118
759786,1,7,6,13.790244380080331
759789,1,7,9,12.536495628680015
759793,1,7,2,10.781311790901567
759826,1,7,8,28.49284013514332
759828,1,7,9,9.865310180565013
759834,1,7,5,0.3586789934097332
759847,1,7,2,3.5343321594729833
759856,1,7,9,20.91276895109459
759860,1,7,5,0.3586789934097332
759864,1,7,5,0.3586789934097332
759878,1,7,4,0.3586790108976326
759898,1,7,1,18.58513415771283
759908,1,7,6,14.468205114420225
759913,1,7,8,22.74014885695195
759923,1,7,9,7.003718817795345
759925,1,7,5,0.3586789934097332
759927,1,7,1,6.027151585910373
759952,1,7,10,17.025679652107076
759956,1,7,9,22.927405020632147
759965,1,7,9,23.389860791995957
759971,1,7,6,5.381282299040583
760032,1,7,7,1.66195914787835
760045,1,7,5,0.3586789934097332
760046,1,7,9,10.396743894809566
760054,1,7,6,7.385056285217677
760067,1,7,4,0.3586790108976326
760070,1,7,9,9.051277641712357
760071,1,7,3,2.4128683679564724
760074,1,7,10,12.400583365023385
760086,1,7,6,22.842920605708493
760088,1,7,5,0.3586789934097332
760091,1,7,5,0.3586789934097332
760096,0,7,0,0.0384433794664404
760113,1,7,6,11.28349723592243
760117,1,7,7,3.1261207065920997
760130,1,7,8,21.763946420227274
760153,1,7,6,23.752453178230148
760164,1,7,6,14.085060807933202
760167,1,7,9,23.10154015854924
760185,1,7,7,3.9600095759877183
760198,1,7,4,0.3586790108976326
760207,1,7,4,0.3586790108976326
760222,1,7,4,0.3586790108976326
760237,1,7,5,1.4313376535404578
760239,1,7,10,11.47894786008035
760243,1,7,5,0.3586789949470627
760266,1,7,10,4.572983000805117
760273,1,7,9,11.75493132465972
760282,1,7,8,25.267759498260155
760292,1,7,8,23.111155220402118
760310,1,7,8,6.818180949248595
760338,1,7,10,11.020236237489883
760351,1,7,9,14.293930184797388
760355,1,7,4,0.3586790108976326
760364,1,7,4,0.3586790108976326
760368,1,7,6,23.30562989279689
760369,0,7,0,0.02094816162440876
760370,1,7,8,11.865978005880548
760373,1,7,10,20.949768285218433
760376,1,7,1,21.369497266393942
760377,1,7,9,23.05703109768624
760384,1,7,5,0.3586789934097332
760395,1,7,4,0.3586790108976326
760400,1,7,4,0.3586790108976326
760410,1,7,10,11.037551457517953
760412,1,7,8,7.850936131632824
760448,1,7,6,13.243722410452564
760456,1,7,6,15.212224847385146
760461,1,7,5,0.3586789934097332
760475,1,7,9,18.219240640997974
760479,1,7,8,19.010188577146113
760480,1,7,9,6.443041512111349
760485,1,7,8,28.06924556543179
760491,1,7,1,4.770418995803521
760502,1,7,8,27.883540128905278
760510,1,7,2,13.741486538449603
760512,1,7,10,8.773997435666361
760520,1,7,9,24.75343177588994
760523,1,7,3,2.427172890117503
760525,1,7,9,21.38442432341946
760526,1,7,9,16.408822837588257
760529,1,7,8,26.420385647433854
760531,1,7,6,14.691925885008747
760532,1,7,6,14.910264373977634
760558,1,7,6,5.819434865433922
760619,1,7,9,23.58985164304442
760627,1,7,10,5.019697081551541
760632,1,7,10,8.772250144512018
760635,1,7,7,2.4185027638128958
760668,0,7,0,0.016341785807026415
760676,1,7,2,8.25776435296307
760677,1,7,5,0.3586789934097332
760684,1,7,9,12.353882940692479
760696,1,7,7,1.9574588095496237
760697,1,7,6,19.436125631653518
760698,1,7,10,11.549583179476164
760704,0,7,0,0.01592585214943532
760730,1,7,6,12.82755724185863
760737,1,7,3,2.1244291763604513
760743,1,7,4,0.3586790108976326
760745,1,7,5,0.3586789934097332
760751,1,7,1,7.843277413197633
760762,1,7,9,16.30162453462214
760771,1,7,8,24.59078997179727
760809,0,7,0,0.02655509247753563
760820,1,7,1,7.971623802209359
760825,1,7,1,9.86729096883732
760853,1,7,10,15.310047970426021
760871,1,7,6,11.594347381353456
760880,1,7,9,7.4746490828333245
760881,1,7,10,7.415805873486094
760893,1,7,10,9.821947518805128
760898,1,7,5,0.3586789934097332
760905,1,7,6,19.816317852749
760908,1,7,8,27.505906194564762
760921,1,7,9,9.33967676369789
760924,1,7,2,13.448319822795515
760929,1,7,4,0.3586790108976326
760931,1,7,4,0.3586790108976326
760932,0,7,0,0.026716438655620997
760935,1,7,8,23.00432911214121
760971,0,7,0,0.021376691407840015
760981,1,7,6,14.51692163328232
760982,1,7,9,26.48292122167302
760997,1,7,9,10.570732919125243
760999,1,7,9,25.0106300711305
761026,1,7,5,0.3586789934097332
761031,1,7,8,12.418481102810473
761033,1,7,6,14.214263143460524
761040,0,7,0,0.02483848421171929
761041,1,7,8,14.44475918389149
761070,1,7,9,4.1713045287672506
761071,1,7,10,21.218017800471053
761078,1,7,2,10.494503513704426
761079,1,7,7,0.3505511074350946
761086,1,7,5,0.3586789934097332
761090,1,7,9,14.404844215764312
761095,1,7,8,12.594066238483896
761100,1,7,6,12.495213119238363
761121,1,7,7,2.653049272048091
761140,1,7,4,0.358679009087165
761148,1,7,6,18.23801028195843
761172,1,7,8,17.200011340892456
761176,1,7,8,19.388963232151152
761200,1,7,8,26.496871004268474
761203,1,7,8,12.282855946939122
761217,1,7,9,26.38108564316723
761229,1,7,5,0.3586789934097332
761231,1,7,5,0.3586789934097332
761243,1,7,10,17.367972062736083
761244,0,7,0,0.03237191513509291
761263,1,7,5,0.3586789934097332
761265,1,7,4,0.3586790108976326
761266,1,7,4,0.3586790108976326
761270,1,7,4,0.3586790108976326
761282,1,7,4,0.3586790108976326
761286,1,7,2,13.00167801685659
761299,1,7,6,18.23154768464893
761307,1,7,4,0.5777658807406504
761313,1,7,5,0.3586789934097332
761326,1,7,1,8.982854318915134
761333,1,7,9,17.787265500215284
761350,1,7,7,2.9048674927132394
761356,1,7,6,20.07382061646435
761363,1,7,9,7.927858615293765
761370,1,7,9,17.595847638862168
761376,1,7,9,25.68331225063066
761378,1,7,6,23.592163225293532
761387,1,7,1,16.458929024615973
761389,1,7,8,14.776434070639146
761391,1,7,6,12.055174624641822
761408,1,7,8,17.319055055459913
761422,1,7,9,26.35749003046877
761426,1,7,9,7.492991585427527
761428,1,7,8,7.231282575161072
761439,1,7,5,0.3586789934097332
761441,1,7,5,0.3586789934097332
761485,1,7,5,0.3586789934097332
761488,1,7,3,2.3553024990651066
761489,1,7,9,14.231225369238253
761516,1,7,4,0.3586790108976326
761523,1,7,3,1.5380320955698679
761526,1,7,1,10.757509380264562
761537,0,7,0,0.03932954654433821
761547,1,7,1,9.821439486818416
761549,1,7,5,0.3586789934097332
761562,1,7,8,8.278091529531432
761565,1,7,1,16.5458089480837
761566,1,7,9,11.360230900787954
761586,1,7,4,0.3586790108976326
761593,1,7,9,13.508209559943579
761644,1,7,10,19.523381925292657
761667,1,7,9,3.2617040716402985
761671,0,7,0,0.016385711743933846
761687,1,7,8,17.72971496296016
761723,1,7,4,0.3586790108976326
761735,1,7,4,0.3586790108976326
761737,1,7,6,14.564961276783924
761747,1,7,2,5.701252626749003
761776,1,7,4,0.3586790108976326
761777,1,7,9,25.672687778443954
761816,1,7,8,26.25864641617251
761823,1,7,6,21.665645455236184
761835,0,7,0,0.013308525947008923
761845,1,7,4,0.358679009087165
761849,1,7,8,25.77862475405456
761852,1,7,9,23.198060829861788
761855,1,7,10,14.206787032386874
761886,1,7,8,21.79942190829914
761905,1,7,1,18.972437970285938
761907,1,7,3,1.7317396027814063
761910,1,7,9,12.633867572582167
761911,1,7,9,16.622548765215722
761913,1,7,4,0.3586790108976326
761923,1,7,7,1.5846857082112282
761933,1,7,8,16.010202189652194
761947,1,7,5,0.3586789934097332
761949,1,7,4,0.3586790108976326
761959,1,7,8,14.225767734450809
761962,1,7,6,9.181322822694039
761964,1,7,9,18.680563594673494
761977,1,7,4,0.3586790108976326
761982,1,7,9,2.8969057436002004
761989,1,7,8,2.9067900732030303
762005,1,7,6,7.589520250902299
762006,1,7,6,5.911292199626283
762014,1,7,3,2.135604999738262
762019,0,7,0,0.01368036052681475
762025,1,7,6,17.06250502275429
762030,1,7,9,24.765804676088496
762035,1,7,8,20.392533764850075
762059,1,7,5,0.3586789934097332
762061,1,7,7,4.442186298138037
762068,1,7,7,2.491760215651549
762071,1,7,1,14.077163992909162
762095,1,7,9,23.53942947726333
762103,1,7,8,10.498907409140934
762112,1,7,5,0.3586789949470627
762113,1,7,9,25.745962409478054
762120,1,7,5,0.3586789934097332
762121,1,7,5,0.3586789934097332
762126,1,7,2,13.689299987767365
762173,1,7,6,8.827147759813856
762182,1,7,5,0.3586789934097332
762183,1,7,6,18.122644625963908
762187,1,7,8,16.339589900651195
762194,1,7,5,0.3586789934097332
762195,1,7,9,6.78272846787383
762220,1,7,8,23.034938131102336
762253,1,7,6,21.673410737385638
762258,1,7,8,7.219685923105386
762268,1,7,6,21.3040548282579
762280,1,7,10,12.245170745999557
762302,1,7,5,0.3586789934097332
762313,1,7,5,0.3586789934097332
762318,0,7,0,0.03186861073501267
762319,1,7,4,0.3586790108976326
762325,1,7,3,1.0672474319447924
762326,1,7,8,24.196732950924623
762336,1,7,10,14.697134258440238
762344,1,7,6,6.538089098096429
762348,1,7,6,15.19808685251493
762352,1,7,1,4.209988639971241
762375,1,7,6,17.719521831469017
762377,1,7,4,0.3586790108976326
762379,1,7,6,11.378614738646265
762380,1,7,9,12.072403174406997
762389,1,7,6,6.945034045375542
762406,1,7,6,13.650991117849836
762416,1,7,10,21.272747316360416
762419,1,7,7,2.4474712359535373
762454,1,7,1,21.204217121913217
762455,1,7,9,12.440467917941067
762463,1,7,10,11.005250924333893
762464,1,7,9,24.953140531681406
762469,1,7,9,22.55300673855061
762470,1,7,1,11.19003260868461
762477,1,7,5,0.3586789934097332
762478,1,7,5,0.3586789934097332
762485,1,7,8,8.271113998800532
762502,1,7,1,15.626363955934654
762503,0,7,0,0.35908559331614726
762504,1,7,5,0.3586789934097332
762533,1,7,5,0.3586789934097332
762536,1,7,5,0.3586789934097332
762542,1,7,6,18.186521910739714
762546,1,7,6,10.88297927995551
762552,1,7,5,0.3586789934097332
762563,0,7,0,0.02860999717435657
762568,1,7,9,5.679673800771456
762582,1,7,6,16.952802829576154
762584,1,7,7,2.7088202575177474
762616,1,7,4,0.3586790108976326
762620,1,7,7,3.644331164186929
762644,1,7,8,14.286748920856644
762666,1,7,8,4.608632623647816
762670,1,7,2,13.82331128911977
762672,1,7,10,21.26735035608383
762708,1,7,8,8.159888931396992
762715,1,7,5,0.3586789934097332
762763,1,7,5,0.3586789949470627
762775,1,7,4,0.358679009087165
762799,1,7,6,18.607211595362372
762803,1,7,9,12.817679496976535
762813,1,7,4,0.3586790108976326
762814,1,7,3,2.1401113145320463
762816,1,7,4,0.3586790108976326
762826,1,7,8,19.902728774844473
762828,1,7,5,0.3586789934097332
762829,1,7,10,8.541501452400547
762832,1,7,9,23.01532454262839
762839,1,7,10,3.093637843334959
762853,1,7,5,0.3586789934097332
762856,1,7,9,11.065764119307838
762866,1,7,6,17.95743030294296
762872,1,7,4,0.3586790108976326
762882,1,7,10,4.673731202775162
762884,1,7,1,10.843835646351078
762892,1,7,9,16.237167992847937
762894,1,7,9,3.6350546432473245
762900,1,7,10,17.365158943069428
762903,1,7,5,0.3586789934097332
762907,1,7,9,23.4656352028774
762913,1,7,10,19.39272558609728
762917,1,7,5,0.3586789934097332
762927,1,7,1,16.090611632986054
762930,1,7,9,23.965874100944273
762963,1,7,7,2.9047800554566585
762979,1,7,8,16.003296902398002
762983,1,7,10,18.91494940134354
762985,1,7,4,0.3586790108976326
762990,1,7,10,3.5922952448196828
762994,1,7,8,16.55335461095504
762999,1,7,5,0.3586789949470627
763007,1,7,8,7.953195793255445
763016,1,7,3,2.0580602482066603
763038,1,7,10,5.047105373836487
763041,0,7,0,0.02275417912439614
763042,1,7,7,1.7663313380895926
763046,1,7,3,2.123418738596812
763049,1,7,7,3.8495217906976515
763055,1,7,9,14.531921336425468
763089,1,7,5,0.3586789934097332
763105,1,7,5,0.3586789934097332
763107,1,7,7,2.544750239156911
763111,1,7,9,7.631742084686698
763116,1,7,9,8.258794433148287
763120,1,7,9,4.481997296320319
763126,1,7,8,12.883343185110249
763130,1,7,9,10.708318609235091
763133,1,7,5,0.3586789934097332
763136,1,7,9,12.027657866026566
763137,0,7,0,0.013275137585170148
763145,0,7,0,0.012479398251574795
763162,1,7,6,12.218174281180413
763167,1,7,1,17.06039403075326
763183,1,7,6,4.892560455721428
763184,1,7,4,0.3586790108976326
763187,1,7,6,23.362437682003577
763202,1,7,6,15.999692471834331
763203,1,7,8,15.658839625914583
763212,0,7,0,0.012507928669105757
763252,1,7,1,5.753211854005684
763262,1,7,3,0.6697625865322737
763299,1,7,9,14.376176867394706
763301,1,7,6,11.627873921816333
763314,1,7,8,14.451114163761002
763324,1,7,10,21.233877637896608
763345,1,7,4,0.3586790108976326
763353,1,7,8,12.984075160745126
763363,1,7,7,3.793540366973116
763366,0,7,0,0.022065526880825526
763369,1,7,4,0.3586790108976326
763384,0,7,0,0.02016329085518961
763387,1,7,2,14.078847176896055
763388,1,7,8,23.121075015491982
763391,1,7,5,0.3586789934097332
763392,1,7,10,4.793626000472332
763394,1,7,6,18.493981770239543
763395,1,7,1,21.76914724098977
763401,1,7,2,4.5491958586884405
763425,1,7,5,0.3586789934097332
763441,1,7,5,0.3586789934097332
763456,0,7,0,0.02627961734066018
763460,1,7,9,16.275741367990943
763469,1,7,7,1.5458034172706046
763472,1,7,5,0.3586789934097332
763481,1,7,9,7.469913141766224
763483,1,7,2,4.177320420106502
763493,1,7,3,2.4223838046860036
763503,1,7,9,22.530936337900204
763535,1,7,4,0.3586790108976326
763538,1,7,2,7.124450160999324
763541,1,7,4,0.3586790108976326
763560,1,7,2,13.863401575896749
763569,1,7,10,14.715296594394607
763577,1,7,9,13.240377086855876
763596,1,7,8,4.046633585938575
763607,1,7,8,25.824203432449135
763614,1,7,7,2.1621004759883524
763637,1,7,10,6.156410536704884
763646,1,7,5,0.3586789934097332
763652,1,7,7,2.255394205725354
763658,1,7,3,2.3279425941531695
763686,1,7,5,0.3586789934097332
763703,1,7,9,25.605977620827485
763729,1,7,9,23.496889393527905
763732,1,7,8,25.81264067731914
763739,1,7,9,26.363087528641664
763740,1,7,9,14.090556722377958
763743,1,7,5,0.3586789934097332
763745,1,7,9,22.98317576223863
763755,1,7,6,15.855767436958457
763765,1,7,5,0.3586789934097332
763767,1,7,7,0.34286284242285625
763780,1,7,6,16.88842787894787
763794,1,7,9,25.68235722537156
763812,1,7,7,3.8255297043146492
763819,1,7,8,12.220696391975121
763824,1,7,7,2.505280502239455
763825,1,7,5,0.3586789934097332
763840,1,7,1,6.109257522465646
763842,1,7,6,10.512808341347084
763853,1,7,6,23.794316685414188
763859,1,7,9,5.676800793614869
763878,1,7,6,5.843963465735104
763903,1,7,9,15.063656007006978
763907,1,7,6,15.768389160568281
763923,1,7,6,10.486919074427716
763926,1,7,4,0.358679009087165
763932,1,7,4,0.3586790108976326
763936,1,7,6,6.768837990036956
763943,1,7,8,8.211485837151034
763973,1,7,8,3.984415009003008
763978,1,7,5,0.3586789934097332
763991,1,7,8,26.606061215967088
763997,1,7,9,14.805963886555244
764060,1,7,7,3.801733649442883
764072,1,7,4,0.3586790108976326
764093,1,7,5,0.3586789934097332
764100,1,7,4,0.3586790108976326
764108,1,7,4,0.3586790108976326
764112,1,7,9,17.123269948132442
764116,1,7,4,0.3586790108976326
764122,1,7,8,14.444319006357665
764123,1,7,9,4.1005177731546345
764130,1,7,8,25.29846564184522
764133,1,7,4,0.3586790108976326
764137,1,7,4,0.3586790108976326
764153,1,7,9,24.589679701486798
764154,1,7,8,12.578912821656065
764161,0,7,0,0.014799339199615711
764203,0,7,0,0.0141928035378254
764206,1,7,4,0.3586790108976326
764231,1,7,6,12.292825021265879
764268,0,7,0,0.023895691298548058
764287,1,7,8,21.708969438976496
764295,1,7,8,15.025279992606963
764312,1,7,6,10.158714494909752
764314,1,7,10,19.338011038515035
764324,1,7,6,7.8507031130689136
764345,1,7,9,12.062181447142965
764377,1,7,5,0.3586789934097332
764387,1,7,5,0.3586789934097332
764398,1,7,10,10.392944671667095
764402,1,7,2,10.8585312153431
764409,1,7,9,26.017701077723437
764429,1,7,8,23.50515087923504
764430,1,7,10,13.011944592210599
764433,1,7,5,0.3586789934097332
764436,1,7,6,10.485277982290533
764447,1,7,6,5.936801348155592
764457,1,7,10,7.214919799313549
764458,1,7,5,0.3586789934097332
764461,1,7,4,0.3586790108976326
764467,1,7,6,15.022738768842787
764473,1,7,4,0.3586790108976326
764474,1,7,1,8.267441710644665
764478,1,7,9,25.020961936048007
764485,1,7,4,0.3586790108976326
764488,1,7,4,0.3586790108976326
764495,1,7,8,24.59643691002715
764497,1,7,9,16.37765881051495
764515,1,7,3,2.3927396445495743
764518,1,7,8,16.41927377139993
764528,1,7,3,2.2649574861327593
764535,1,7,5,0.3586789934097332
764550,1,7,5,0.3586789934097332
764552,1,7,4,0.3586790108976326
764553,1,7,5,0.3586789934097332
764559,1,7,10,21.2650776118225
764564,1,7,9,18.436947121625604
764569,1,7,1,5.973906066255325
764586,1,7,7,3.7188619585307947
764602,1,7,8,11.722173576430993
764604,1,7,5,0.3586789934097332
764610,1,7,10,7.34941858969204
764613,1,7,1,23.088474723360463
764648,1,7,9,24.603184022592398
764682,1,7,9,23.501522923074205
764694,1,7,7,1.6907059991036133
764696,1,7,5,0.3586789934097332
764709,1,7,6,23.171727551989466
764712,1,7,7,4.591543459985387
764715,1,7,9,7.495413037626698
764719,1,7,5,0.3586789934097332
764720,1,7,5,0.3586789934097332
764729,1,7,8,14.247984177420554
764730,1,7,8,12.856679126120168
764731,1,7,5,0.3586789934097332
764746,1,7,10,21.260036093811923
764767,1,7,8,22.08412780857279
764782,1,7,7,1.1576294221730716
764788,1,7,10,20.608251605829068
764812,1,7,9,23.209423318192275
764818,1,7,7,4.3921135271767415
764827,1,7,10,4.058967117084986
764830,1,7,5,0.3586789934097332
764869,1,7,9,5.283697735413422
764886,1,7,2,12.355846048302057
764887,1,7,4,0.3586790108976326
764889,1,7,2,2.095489685074055
764901,1,7,10,4.721381263852633
764906,1,7,9,22.74202512247904
764907,1,7,4,0.358679009087165
764915,0,7,0,0.030257574953441987
764931,1,7,1,21.423819070859558
764934,1,7,5,0.3586789934097332
764940,1,7,9,10.982379246506104
764942,1,7,9,24.33068266583514
764963,1,7,8,11.38006887730898
764970,1,7,8,16.413124819485944
764973,1,7,9,13.87069871681586
764977,1,7,4,0.3586790108976326
764983,1,7,8,6.972582642635407
764988,1,7,5,0.3586789934097332
764991,1,7,4,0.3586790108976326
765013,1,7,1,17.692605827054162
765016,1,7,6,13.982937336683406
765043,0,7,0,0.013989766826860737
765068,1,7,6,9.723487636833259
765076,1,7,9,26.37138170929675
765093,0,7,0,0.018501476899845475
765106,1,7,5,0.3586789934097332
765108,1,7,10,17.407003895311316
765117,1,7,9,11.047830889006732
765132,1,7,5,0.3586789934097332
765146,1,7,4,0.3586790108976326
765161,1,7,9,20.64356259984014
765169,1,7,9,18.893686438036475
765177,1,7,10,20.11041687261771
765211,1,7,9,24.739707178749537
765218,1,7,9,16.20165263918903
765219,1,7,8,21.296376841515475
765237,1,7,4,0.3586790108976326
765243,1,7,9,16.48603982497977
765262,1,7,1,9.56664528162951
765284,1,7,8,17.657282733589422
765288,1,7,5,0.3586789934097332
765290,1,7,1,21.773902574637763
765297,1,7,8,3.706078931395006
765307,1,7,4,0.3586790108976326
765308,1,7,4,0.3586790108976326
765324,1,7,9,25.715095618780552
765340,1,7,4,0.3586790108976326
765341,1,7,5,0.3586789934097332
765347,1,7,9,13.728970465311727
765350,1,7,2,12.058497058231595
765361,1,7,9,17.246102161126245
765362,1,7,9,23.159942906696248
765375,1,7,8,23.898425632931303
765381,1,7,7,4.147347437689067
765389,1,7,7,2.396919424362979
765410,1,7,6,14.969758848805638
765411,1,7,10,19.18237850949656
765414,1,7,8,9.269160377620846
765417,1,7,1,17.909129174007962
765425,1,7,6,8.474996794025538
765427,1,7,5,0.3586789934097332
765436,1,7,5,0.3586789934097332
765474,1,7,4,0.3586790108976326
765478,1,7,10,14.530911705300387
765481,1,7,8,7.206292204098375
765483,1,7,7,3.3041108784877418
765485,1,7,4,0.3586790108976326
765489,1,7,5,0.3586789934097332
765498,1,7,8,2.395348433516165
765503,1,7,4,0.3586790108976326
765505,1,7,9,10.77976569286941
765510,1,7,6,15.658460850157125
765514,1,7,8,10.10721255660807
765521,1,7,10,18.377493522974397
765525,1,7,2,10.15681973984627
765526,1,7,10,4.804200027120175
765532,1,7,5,0.3586789934097332
765534,1,7,4,0.3586790108976326
765535,1,7,8,28.33760053975537
765539,1,7,4,0.3586790108976326
765548,1,7,8,11.407202484998813
765582,1,7,9,12.03760186411419
765583,1,7,6,14.927184189488015
765593,1,7,1,16.45996979793431
765596,1,7,4,0.3586790108976326
765605,1,7,6,11.450386914593118
765606,0,7,0,0.022466805568022222
765616,1,7,5,0.3586789934097332
765619,1,7,9,5.598200561965074
765625,1,7,2,11.489064371952743
765627,1,7,4,0.3586790108976326
765645,1,7,1,21.298225571471516
765652,1,7,4,0.3586790108976326
765659,1,7,6,21.066302778641536
765674,1,7,8,27.440479863269765
765677,1,7,2,12.529703112257453
765686,1,7,1,22.558186389239676
765687,1,7,8,18.54079445075942
765689,1,7,4,0.3586790108976326
765717,1,7,9,26.306503372088272
765720,1,7,7,0.36937359731553937
765726,1,7,9,21.33496931020357
765730,1,7,8,21.71185885992007
765739,1,7,6,9.860252602786899
765754,1,7,10,14.589008050237705
765764,1,7,8,16.58025579102183
765769,1,7,2,9.438227791142307
765774,1,7,1,15.705643278618687
765780,1,7,8,27.839170646983156
765782,1,7,6,14.66924419261202
765794,1,7,8,13.807026012067986
765804,1,7,6,14.717045557194025
765826,1,7,1,10.222959632021436
765828,1,7,8,23.24211394499441
765832,1,7,10,20.308530849008424
765836,1,7,1,10.98088477524663
765847,1,7,5,0.3586789934097332
765855,1,7,2,6.802206398282824
765862,1,7,5,0.3586789934097332
765897,1,7,7,4.1340947110980055
765915,1,7,6,18.127738778206925
765918,1,7,9,9.514881941716858
765945,1,7,8,6.810434618245147
765947,1,7,1,21.723706330508257
766036,1,7,5,0.3586789934097332
766043,1,7,7,2.7604633984408062
766049,1,7,6,7.062873797077862
766063,1,7,2,8.582221619867497
766065,1,7,5,0.3586789934097332
766087,1,7,9,26.350089773407376
766092,1,7,10,3.182081305095346
766097,1,7,9,24.256157761647618
766107,0,7,0,0.01345828020464864
766110,1,7,4,0.3586790108976326
766123,1,7,4,0.358679009087165
766131,1,7,9,10.684659805138876
766173,1,7,10,19.903709544268203
766204,1,7,5,0.3586789934097332
766206,1,7,3,2.4033578298655205
766210,1,7,9,26.084873447804398
766214,1,7,9,8.174986850337579
766230,1,7,9,23.543292150169773
766233,0,7,0,0.18039019362308636
766236,1,7,6,10.575752485389145
766247,1,7,1,9.73688022507007
766258,1,7,9,25.321209159618753
766260,1,7,8,23.617617659210076
766262,1,7,9,25.821512383697012
766266,1,7,8,10.656875124000445
766278,1,7,7,0.8708541834875361
766290,1,7,5,0.3586789934097332
766296,0,7,0,0.019364268533350142
766298,1,7,1,3.9179796121413646
766301,1,7,2,11.20598765818139
766317,1,7,8,16.075050990956445
766318,1,7,4,0.3586790108976326
766336,1,7,2,5.098250938385024
766357,1,7,6,18.878948685696255
766361,1,7,6,4.8996433128606895
766382,0,7,0,0.022078919410300064
766390,1,7,5,0.3586789934097332
766404,1,7,5,0.3586789934097332
766410,1,7,5,0.3586789934097332
766419,1,7,4,0.3586790108976326
766421,1,7,1,17.132812297809306
766427,1,7,8,8.298838487043282
766436,1,7,9,15.706356555219129
766444,1,7,9,11.336617292425876
766466,1,7,1,4.133617690545934
766480,1,7,9,26.343027667253384
766501,1,7,9,9.48779866023358
766504,1,7,1,13.92395524000713
766512,1,7,8,17.13621127109008
766514,1,7,2,12.781612900616809
766521,1,7,5,0.3586789934097332
766526,1,7,9,3.4343044260692284
766528,1,7,8,13.736494359193372
766551,1,7,10,10.164876146502504
766554,1,7,7,0.6576991161087365
766556,1,7,4,0.3586790108976326
766575,1,7,10,6.991231713011351
766576,1,7,7,4.528056565490718
766601,1,7,6,22.705512399383363
766607,1,7,7,1.7359407133914952
766608,1,7,6,13.699049432505456
766612,1,7,1,22.929475945398515
766634,1,7,8,20.185623209938946
766639,1,7,9,14.315572308738664
766694,1,7,5,0.3586789934097332
766724,0,7,0,0.024782084919925923
766730,1,7,4,0.3586790108976326
766753,1,7,9,16.44196364265105
766762,1,7,9,14.377353893130932
766768,1,7,1,11.593191235618535
766771,1,7,9,11.643566678774514
766781,1,7,10,7.516352955378825
766789,1,7,1,18.396592487478898
766792,1,7,10,5.016265095639746
766797,1,7,6,13.283653015424166
766806,1,7,8,5.92338003740635
766807,1,7,10,10.589383660596798
766820,1,7,9,16.571078093716793
766823,1,7,8,13.03222074961096
766834,1,7,7,1.4583213123251795
766835,1,7,6,17.337656645241843
766839,1,7,10,17.29858595758403
766851,1,7,1,21.469040266665278
766869,1,7,5,0.3586789934097332
766875,1,7,5,0.3586789934097332
766886,1,7,1,17.960236536163084
766895,1,7,2,12.509307948940007
766907,1,7,5,0.3586789934097332
766915,1,7,1,18.09279516159029
766923,1,7,1,13.534387784649056
766930,1,7,10,8.383415917380988
766932,1,7,4,0.3586790108976326
766953,1,7,6,5.089064476461964
766978,1,7,9,15.412683798947006
766981,0,7,0,0.027274159780404972
766987,1,7,6,14.426953705318905
767000,1,7,8,20.147558750154428
767004,1,7,9,16.647063865139643
767037,1,7,4,0.3586790108976326
767040,1,7,8,22.304174230518438
767045,1,7,8,22.391030183480513
767049,1,7,8,12.103649056785777
767053,1,7,5,0.3586789934097332
767055,1,7,8,27.50402460266991
767064,0,7,0,0.22759526042367387
767073,1,7,9,20.196000421654087
767081,1,7,8,16.45655356405517
767087,1,7,9,23.506548656620566
767099,1,7,4,0.3586790108976326
767106,1,7,7,0.37590801957334385
767116,1,7,6,10.882412145666478
767118,1,7,4,0.3586790108976326
767124,1,7,6,23.74274120096888
767127,1,7,6,12.73615627300607
767134,1,7,6,18.463008272255355
767143,1,7,8,28.30485837232194
767149,1,7,5,0.3586789934097332
767150,1,7,8,17.625829756390885
767151,1,7,5,0.3586789934097332
767159,1,7,8,18.683248299540125
767164,1,7,6,23.083153654805614
767168,1,7,8,12.472568070288121
767226,1,7,9,23.52720037045124
767239,1,7,8,2.6800047807147416
767260,1,7,3,2.439173622961531
767265,1,7,9,16.43348495700688
767278,1,7,4,0.3586790108976326
767287,1,7,4,0.3586790108976326
767295,1,7,10,7.085182150787706
767321,1,7,6,19.02556897389011
767328,1,7,6,14.592523689121467
767332,0,7,0,0.06315305544586489
767335,1,7,10,20.979032444493644
767346,1,7,6,4.956205372618558
767361,1,7,1,6.414250526609433
767379,1,7,9,22.808871620497197
767386,1,7,9,16.361555183387022
767410,1,7,9,18.602027228684342
767411,1,7,10,20.897424408003825
767418,1,7,8,20.439088212352026
767428,1,7,7,0.7051335742871064
767434,1,7,6,16.316905834231967
767464,1,7,9,21.779244557677842
767478,1,7,9,9.284782798422713
767479,0,7,0,0.017013477568660135
767499,0,7,0,0.03990004751383542
767504,1,7,8,12.089968483859773
767520,1,7,8,12.545063328552505
767526,1,7,1,14.390415620096958
767528,1,7,5,0.3586789934097332
767549,1,7,7,1.682013602479179
767552,1,7,2,6.006638217996778
767573,1,7,6,19.406376810761817
767581,1,7,8,22.005093698782773
767585,1,7,5,0.3586789934097332
767599,1,7,6,19.269248041367604
767605,1,7,6,10.590797010440983
767606,1,7,10,21.153645968649734
767628,1,7,8,8.711978059904066
767641,0,7,0,0.017102527631091338
767643,1,7,7,1.142140633968987
767652,1,7,8,8.461421300126817
767659,1,7,6,22.087060364701095
767660,1,7,3,2.4514605654390715
767664,1,7,9,15.365930330434184
767673,0,7,0,0.012647707787421782
767676,1,7,9,16.466254361711112
767686,1,7,10,8.77759723284028
767708,1,7,4,0.3586790108976326
767722,1,7,5,0.3586789934097332
767726,1,7,2,8.537132110737371
767731,1,7,6,23.8040807746779
767736,1,7,10,21.285480254986293
767747,0,7,0,0.04519953427606067
767752,0,7,0,0.026957954449786735
767761,1,7,6,18.189700655209265
767771,1,7,9,15.441984779493083
767780,1,7,1,22.934500004995034
767783,1,7,9,15.434630508437102
767786,1,7,10,14.636632469481071
767797,0,7,0,0.021034403587530146
767799,1,7,4,0.3586790108976326
767809,0,7,0,0.013579071702734254
767818,1,7,4,0.3586790108976326
767819,1,7,2,6.842323318473954
767824,1,7,9,7.010719476313149
767828,1,7,7,3.1454142781611902
767832,0,7,0,0.01431319419002011
767833,0,7,0,0.019829291920542978
767839,1,7,8,11.749382231154007
767862,1,7,10,11.33186851262466
767880,1,7,9,6.56138079544559
767885,0,7,0,0.027326557198144464
767888,1,7,4,0.3586790108976326
767912,1,7,5,0.3586789934097332
767919,1,7,8,6.31315028404259
767934,1,7,9,20.589418627626912
767938,1,7,7,4.26082533857991
767940,1,7,4,0.3586790108976326
767951,1,7,1,4.514551788974597
767956,1,7,6,5.944812913253532
767973,1,7,5,0.3586789934097332
767979,1,7,6,21.150096363307007
767982,1,7,4,0.358679009087165
767989,1,7,6,21.6275107115095
768003,1,7,9,22.056102876540166
768006,1,7,8,14.51199290974366
768013,1,7,7,0.387673841617603
768022,1,7,6,21.78642414186602
768025,1,7,4,0.3586790108976326
768028,1,7,3,0.936071632438578
768042,1,7,9,25.911746405379425
768071,1,7,9,7.5248958598172075
768088,1,7,5,0.3586789934097332
768091,1,7,8,18.74944391902633
768092,1,7,6,9.423904184752306
768102,1,7,8,7.495658340525272
768108,1,7,6,13.4568790099031
768114,1,7,5,0.3586789934097332
768127,1,7,9,20.642402886045872
768129,1,7,6,17.88299328056264
768145,0,7,0,0.02498304164953347
768160,1,7,1,7.930045275313739
768174,0,7,0,0.020149580059511632
768185,1,7,8,7.170729018457275
768186,1,7,6,17.80742069096162
768193,1,7,6,21.53293823038412
768203,1,7,9,15.90648545267698
768206,1,7,7,4.342544823545965
768220,1,7,9,24.419740434203064
768231,1,7,4,0.3586790108976326
768248,1,7,10,19.554402385109203
768253,1,7,6,14.017915293822686
768269,1,7,1,20.737302474248455
768274,1,7,9,20.919480981653958
768290,1,7,5,0.3586789949470627
768308,1,7,7,4.218120019282524
768316,1,7,1,8.41838216641868
768334,1,7,7,0.9893690000192693
768366,1,7,6,23.531513631418036
768372,1,7,8,24.925124918728937
768373,1,7,10,7.479871438227223
768374,1,7,9,17.72695721491528
768403,1,7,5,0.3586789934097332
768405,1,7,2,7.792403646501955
768406,1,7,10,18.245130676653694
768422,1,7,5,0.3586789934097332
768433,1,7,10,17.16622576059284
768436,1,7,5,0.3586789934097332
768455,1,7,10,21.235347072861565
768482,1,7,9,8.906712045632995
768484,1,7,6,10.584485627557637
768489,1,7,6,19.436828822337034
768503,1,7,6,13.390142034957641
768510,1,7,1,17.632421712127417
768519,1,7,10,5.823798248364871
768566,1,7,8,8.171936545918953
768595,1,7,3,2.2121708585556323
768597,1,7,4,0.3586790108976326
768613,1,7,7,2.140969147103769
768616,1,7,5,0.3586789934097332
768628,1,7,5,0.3586789934097332
768629,0,7,0,0.028463687080230504
768642,1,7,9,14.997190930973858
768649,1,7,6,10.618248056705507
768651,1,7,2,11.222172788959348
768653,1,7,6,7.607611171772716
768654,1,7,8,11.973393047404619
768659,1,7,10,3.304431042485364
768669,1,7,9,15.913335000870248
768670,1,7,6,12.533668041561084
768681,0,7,0,0.029509246759606474
768684,1,7,10,20.445617693063113
768686,1,7,3,2.1865664150199655
768704,1,7,4,0.3586790108976326
768724,1,7,5,0.3586789934097332
768727,1,7,4,0.3586790108976326
768753,1,7,5,0.3586789934097332
768763,1,7,6,13.419950330126108
768779,1,7,3,2.4045468766465077
768783,1,7,7,3.2041807094877135
768829,1,7,8,26.583396274973534
768835,1,7,1,7.175562963577809
768842,1,7,4,0.3586790108976326
768853,1,7,9,6.489263370406538
768860,1,7,1,22.929628710290658
768878,1,7,2,9.398293299264246
768895,1,7,9,6.220565030109853
768902,1,7,7,4.477644167704678
768927,1,7,3,1.6826061439345574
768932,1,7,8,6.128504822013547
768946,1,7,9,23.495965030925497
768964,1,7,6,22.76114332838672
768969,1,7,10,21.12415724371727
768973,1,7,10,13.904231172579925
768974,1,7,7,1.9581455626212025
768977,1,7,9,3.582636106051181
768981,1,7,9,19.393193326323207
768991,1,7,8,22.856122516205183
768993,1,7,1,18.981949822037183
768999,0,7,0,0.014665375242714575
769050,1,7,7,4.161638404905215
769056,1,7,5,0.3586789934097332
769060,1,7,4,0.3586790108976326
769064,1,7,5,0.3586789934097332
769071,1,7,9,15.183440659831522
769100,1,7,5,0.3586789934097332
769118,1,7,5,0.3586789934097332
769141,1,7,6,18.99141507914011
769163,1,7,9,25.131110785672767
769192,1,7,4,0.3586790108976326
769201,1,7,9,25.516521014101446
769209,1,7,6,21.07522683363912
769224,0,7,0,0.02007108532901133
769225,1,7,9,24.014016599937374
769234,1,7,7,0.4970837599421296
769240,1,7,1,19.773398968654046
769243,1,7,10,9.330507238341362
769260,1,7,5,0.3586789934097332
769277,0,7,0,0.018826804300142438
769280,1,7,5,0.3586789934097332
769284,1,7,3,2.3337200865063576
769287,1,7,9,10.889230286129843
769313,1,7,5,0.3586789934097332
769324,1,7,5,0.3586789934097332
769326,1,7,9,18.733713892484555
769332,1,7,9,15.469896035226201
769338,1,7,9,15.786474525034322
769345,1,7,6,19.639585542096412
769353,1,7,6,22.6317048496738
769365,1,7,9,8.387250542561318
769381,1,7,6,18.020453320665936
769399,1,7,4,0.3586790108976326
769400,0,7,0,0.04297305457483647
769413,1,7,6,11.753491392393288
769414,1,7,1,18.634938155005944
769417,0,7,0,0.024227680519755407
769423,0,7,0,0.02104899417858271
769433,1,7,4,0.3586790108976326
769435,1,7,10,10.537298633727595
769437,1,7,6,19.166602772667947
769454,1,7,10,19.999682476059448
769459,1,7,3,1.5408870758234763
769474,1,7,8,13.380973754608632
769483,1,7,7,4.391924413282348
769485,1,7,4,0.3586790108976326
769497,1,7,5,0.3586789934097332
769502,0,7,0,0.07674810604551033
769507,1,7,8,15.578938080870014
769509,1,7,10,12.013587703239345
769521,1,7,6,9.178820612694075
769525,1,7,1,7.309004633759468
769532,1,7,8,19.456456856721577
769534,1,7,6,19.51947973122583
769548,1,7,8,24.75008332403083
769549,1,7,5,0.3586789934097332
769582,1,7,10,21.304166030726893
769589,1,7,5,0.3586789934097332
769592,1,7,10,21.29907360283712
769600,0,7,0,0.041170367923527
769606,1,7,10,10.320823241087249
769608,1,7,5,0.3586789934097332
769614,1,7,10,10.223765045305123
769615,1,7,7,1.8173688931757355
769621,1,7,5,0.3586789934097332
769629,1,7,5,0.3586789934097332
769641,1,7,6,9.569314954511661
769647,1,7,8,22.940332981400513
769648,1,7,10,6.227225253068376
769682,1,7,9,26.174071789028606
769688,1,7,2,10.430841443097425
769692,1,7,6,18.89312997481268
769698,1,7,9,14.531195359940481
769733,1,7,6,23.066738063950492
769737,1,7,5,0.3586789934097332
769738,1,7,3,1.9939001886179188
769761,1,7,6,21.59717335778332
769765,1,7,8,5.217529742860315
769773,1,7,8,4.6538016190422935
769779,0,7,0,0.017809349433290024
769791,1,7,5,0.3586789934097332
769800,1,7,7,3.773677325846821
769810,1,7,10,3.4341638687645517
769812,1,7,6,23.617714525555243
769830,1,7,4,0.3586790108976326
769841,1,7,5,0.3586789934097332
769862,0,7,0,0.016591473371522666
769896,1,7,10,3.906153917520972
769915,1,7,9,23.001815788324862
769921,1,7,9,12.011721201879729
769924,1,7,10,21.1583933415405
769948,1,7,2,8.311986041272377
769949,1,7,6,17.36695165861579
769967,1,7,3,2.1686026984733235
769972,1,7,9,14.805869866202048
769984,1,7,7,0.3788950794100258
769993,1,7,4,0.3586790108976326
770010,1,7,1,12.65830103884363
770043,1,7,8,17.077976521705267
770049,1,7,9,14.262346952579804
770091,1,7,10,15.15405779233627
770092,1,7,8,20.28174836393004
770099,1,7,5,0.3586789934097332
770115,1,7,1,20.137674284960593
770135,1,7,4,0.3586790108976326
770158,1,7,10,18.564278510958385
770164,1,7,2,10.538543978881556
770191,1,7,5,0.3586789934097332
770193,1,7,9,24.959039875687907
770225,1,7,2,11.640353217618664
770233,1,7,6,9.862416434609488
770249,1,7,7,4.584726218611132
770293,1,7,8,4.239691215254448
770307,0,7,0,0.028346202754426984
770314,1,7,1,22.990384747462482
770324,1,7,1,13.017019419718505
770327,1,7,7,4.426860388751254
770343,1,7,1,21.1116250838334
770363,1,7,8,11.865990902065631
770383,1,7,4,0.3586790108976326
770392,1,7,5,0.3586789934097332
770402,1,7,7,3.10852354303796
770407,0,7,0,0.019065687335958353
770415,1,7,9,2.6605553914291002
770422,1,7,6,13.434680002852089
770424,1,7,5,0.3586789934097332
770437,1,7,5,0.3586789949470627
770443,1,7,6,24.013162172804645
770446,1,7,5,0.3586789934097332
770450,1,7,1,6.25368880693107
770452,1,7,5,0.3586789934097332
770455,1,7,6,6.380224711024245
770461,1,7,9,8.11435633637848
770463,1,7,8,3.0657450661942036
770464,1,7,6,23.178426447856346
770466,1,7,8,24.329525235613975
770469,1,7,10,7.4480199673805965
770473,1,7,8,24.17535084666263
770475,1,7,5,0.3586789934097332
770484,1,7,7,4.060821032164567
770489,1,7,5,0.3586789934097332
770506,1,7,9,21.453041318704127
770521,1,7,7,4.5770095488406595
770522,1,7,1,18.13930937227136
770524,1,7,8,13.607053345900814
770543,1,7,8,12.870707929048192
770550,1,7,5,0.3586789934097332
770551,1,7,9,20.924596436285306
770560,1,7,10,5.831256870714642
770567,1,7,8,28.271282219711743
770583,0,7,0,0.013221182018887292
770593,1,7,9,16.84814068972833
770625,1,7,9,26.382338898345285
770634,1,7,6,17.205057944637712
770640,1,7,5,0.3586789934097332
770653,1,7,5,0.3586789934097332
770681,1,7,4,0.3586790108976326
770684,1,7,4,0.3586790108976326
770719,1,7,8,11.387891405358685
770732,1,7,10,8.869334652424781
770734,1,7,1,18.026791059346266
770746,1,7,6,13.377547824813357
770752,1,7,9,26.33508560635138
770756,1,7,5,0.3586789934097332
770765,1,7,4,0.3586790108976326
770766,1,7,1,11.861905842947907
770779,1,7,8,5.346576521852147
770794,1,7,5,0.3586789934097332
770822,1,7,1,16.042738589828186
770838,1,7,5,0.3586789934097332
770856,1,7,8,25.92545891051004
770865,1,7,8,6.078761371034217
770868,1,7,4,0.3586790108976326
770871,1,7,9,24.075276912507213
770872,1,7,10,19.994078974558594
770882,0,7,0,0.014672744045086767
770889,0,7,0,0.013956832299586988
770894,1,7,8,11.95295361370489
770905,0,7,0,0.022429806925942774
770915,1,7,9,20.915416584423557
770919,1,7,7,4.3205310814279985
770922,1,7,9,22.43607035588543
770932,1,7,6,18.154495563944625
770941,1,7,5,0.3586789934097332
770951,0,7,0,0.012875920048020167
770962,1,7,6,23.701895153713163
770968,1,7,4,0.3586790108976326
770970,1,7,9,18.710626585422702
770971,1,7,8,10.480291616757478
770974,1,7,5,0.3586789934097332
770994,1,7,5,0.3586789949470627
771003,1,7,5,0.3586789949470627
771032,1,7,6,10.207888459294114
771036,1,7,8,14.913999760966421
771044,1,7,9,18.82810707690864
771051,1,7,6,23.246219938109075
771062,1,7,8,17.982960624023352
771064,1,7,5,0.3586789934097332
771070,1,7,6,14.660916853845379
771094,1,7,4,0.3586790108976326
771105,1,7,9,20.21834158315303
771111,1,7,6,23.978055845788838
771113,1,7,7,1.213656721509366
771127,1,7,7,1.0940829672861971
771142,1,7,9,25.832780367151944
771182,1,7,9,25.23583821318291
771184,1,7,9,25.818111694621184
771192,1,7,9,3.543016347180908
771193,1,7,6,20.82818698564589
771197,1,7,9,20.945425227008126
771204,1,7,2,13.222259713584155
771215,1,7,8,14.03535131326134
771239,1,7,5,0.3586789934097332
771245,1,7,6,11.851335789645898
771255,1,7,9,7.25731721880693
771260,1,7,2,6.668666471433092
771266,1,7,4,0.3586790108976326
771275,1,7,5,0.3586789934097332
771277,1,7,10,4.138478027184559
771301,1,7,4,0.3586790108976326
771307,1,7,7,1.5214617843507932
771308,1,7,8,12.85739200199097
771311,1,7,10,15.804445224417973
771320,1,7,5,0.3586789949470627
771321,1,7,8,4.890825583576448
771342,1,7,10,10.670697642706285
771352,1,7,8,13.31743137527465
771355,1,7,5,0.3586789934097332
771380,1,7,9,16.04643822453016
771381,1,7,8,3.9650265167234653
771382,1,7,8,25.83122365307154
771393,1,7,8,21.84993845729473
771397,1,7,6,22.32328695361259
771443,1,7,6,12.605432515847424
771463,1,7,3,1.6075258144576101
771468,1,7,1,6.422042215560045
771474,1,7,10,17.610940453696006
771513,1,7,3,2.0796106130980907
771535,1,7,4,0.3586790108976326
771551,1,7,1,8.690872303594816
771553,1,7,9,26.166180045418066
771573,1,7,7,2.3784365727805494
771577,1,7,9,19.85026629686444
771605,1,7,8,27.741857909280725
771612,1,7,6,11.153850179846476
771617,1,7,7,1.0175540743813736
771627,1,7,6,23.984146584150054
771633,1,7,8,3.63275427708562
771634,1,7,9,14.179825263973326
771647,1,7,3,2.3661643587803467
771665,1,7,9,9.427399919126
771666,1,7,9,26.253718082409545
771669,1,7,3,2.123346380716707
771681,1,7,4,0.3586790108976326
771682,1,7,1,5.622581135937558
771689,1,7,7,2.4525748194573045
771695,1,7,5,0.3586789934097332
771705,1,7,10,21.22918364295147
771721,1,7,10,5.755080852455581
771722,1,7,10,14.643781188166178
771735,1,7,3,2.127518539905218
771737,1,7,6,12.834706605783513
771754,1,7,8,5.244860369987025
771755,1,7,8,8.544987343946012
771766,1,7,6,7.527456757245281
771768,1,7,2,5.898050632657647
771771,1,7,5,0.3586789934097332
771773,0,7,0,0.024856283056913862
771778,1,7,4,0.3586790108976326
771782,1,7,4,0.3586790108976326
771783,1,7,3,2.415291869528724
771795,1,7,9,21.063960040230075
771807,1,7,9,21.355046301427866
771852,1,7,3,2.4268994391230496
771861,1,7,7,4.576231748655555
771870,1,7,6,21.299799439873954
771872,1,7,5,0.3586789934097332
771887,1,7,5,0.3586789934097332
771896,1,7,1,18.170344880610866
771920,1,7,6,9.899972411945898
771921,1,7,10,20.089014761436516
771928,1,7,5,0.3586789934097332
771941,1,7,8,18.149000212359294
771955,1,7,9,16.172233996501593
771957,1,7,2,8.009474437429054
771961,1,7,4,0.3586790108976326
771965,1,7,9,14.484242643354557
771968,1,7,4,0.358679009087165
771980,1,7,5,0.3586789934097332
771988,0,7,0,0.014533302552228913
772017,1,7,4,0.3586790108976326
772022,1,7,8,18.92197746126981
772064,0,7,0,0.1304135774800196
772072,1,7,1,8.240147454802448
772102,1,7,1,18.911615788820345
772109,1,7,9,8.97300892422225
772134,1,7,8,25.616899593483133
772146,1,7,1,15.6373114829018
772152,1,7,6,17.61904624632218
772156,1,7,2,10.75295241152958
772160,1,7,9,3.2036493138043878
772168,1,7,9,20.63189895194909
772171,1,7,9,11.370300410309431
772172,1,7,7,1.3472546665554208
772184,1,7,9,24.5693829526135
772221,1,7,3,2.3796614119293493
772236,1,7,8,21.860134640863112
772248,1,7,6,21.278244608417772
772249,1,7,9,26.456718754315784
772264,1,7,5,0.3586789934097332
772289,0,7,0,0.07981735722967438
772290,1,7,9,24.808430299935903
772292,1,7,10,21.225164299405773
772305,1,7,6,17.320925102317847
772306,1,7,9,13.493216621591474
772313,1,7,7,4.4280940780089555
772359,1,7,5,0.3586789934097332
772365,1,7,9,4.315685078311683
772375,1,7,4,0.358679009087165
772388,1,7,8,21.744155130817287
772400,1,7,6,10.634775152208515
772413,1,7,8,9.436455267361888
772419,1,7,3,2.3450595480746093
772426,1,7,4,0.3586790108976326
772429,1,7,7,1.4124642686275715
772433,1,7,6,14.190122940222293
772439,1,7,9,14.592373063116565
772440,1,7,10,7.332978998569113
772444,1,7,8,19.599757925664264
772445,1,7,4,0.3586790108976326
772461,1,7,7,2.288004248154566
772473,1,7,6,23.948464927536214
772485,1,7,6,22.382743661095557
772504,1,7,4,0.3586790108976326
772507,1,7,8,9.668815213254824
772512,1,7,5,0.3586789934097332
772518,1,7,9,23.955270895444233
772554,1,7,6,16.20840152236766
772571,1,7,6,10.130450000582469
772579,1,7,8,27.84746165447111
772580,1,7,9,8.586936162211666
772585,1,7,5,0.3586789934097332
772591,1,7,1,8.272272458573353
772595,1,7,7,2.4314648995910333
772610,1,7,8,28.508641843882792
772611,1,7,1,15.645026188847194
772616,1,7,5,0.3586789934097332
772629,1,7,5,0.3586789934097332
772638,1,7,7,2.947988630015831
772644,1,7,8,14.363523512266623
772672,1,7,5,0.3586789949470627
772679,1,7,1,20.42555637276831
772680,1,7,4,0.3586790108976326
772701,0,7,0,0.01894554137204537
772748,1,7,7,1.8620599482906957
772750,1,7,8,22.29567496926445
772751,1,7,7,2.5196406815487418
772752,1,7,6,18.929890393991936
772757,1,7,9,25.69708911356931
772791,1,7,8,10.172084124794303
772795,1,7,6,20.246107463862128
772813,1,7,5,0.3586789934097332
772817,1,7,8,27.534168616681107
772823,1,7,7,3.8323446985760365
772826,1,7,7,2.4125815258476013
772828,1,7,6,15.037089440921205
772833,1,7,9,24.87104791856751
772836,1,7,8,23.271248459903305
772842,1,7,1,18.04525512283086
772843,1,7,4,0.3586790108976326
772846,1,7,8,13.298836753549022
772854,1,7,5,0.3586789934097332
772864,1,7,6,22.047344501270697
772878,1,7,9,14.894495637602787
772882,1,7,9,25.822902610166885
772895,1,7,8,15.553050023875867
772904,1,7,10,4.906126347109575
772922,1,7,9,5.44964606216953
772924,1,7,7,3.3736758516786853
772947,1,7,2,12.810290476209923
772957,1,7,1,19.995521153387468
772966,1,7,3,2.385981366874448
772968,1,7,5,0.3586789949470627
772982,1,7,9,25.580014498759816
772991,1,7,10,16.577478735948134
772994,1,7,2,9.572933308949711
773002,1,7,6,17.318440312821235
773011,1,7,7,0.7077081339462046
773021,1,7,6,14.534944510492556
773031,1,7,9,25.31438276669334
773075,1,7,9,11.22221113797782
773082,1,7,10,20.886107463181045
773086,1,7,3,0.6998500384554316
773089,1,7,9,25.02188984806494
773108,1,7,6,15.11668171358933
773112,1,7,8,4.869941303450703
773113,1,7,6,23.298251990616315
773121,1,7,5,0.3586789934097332
773126,1,7,4,0.3586790108976326
773129,1,7,5,0.3586789934097332
773155,1,7,1,20.867700812312982
773192,1,7,6,14.342014995811533
773193,1,7,8,23.0054821968689
773194,1,7,7,3.2231447803738917
773197,1,7,3,2.2380571449326823
773200,1,7,9,14.723975265716684
773205,0,7,0,0.26567943922882153
773210,1,7,2,11.979138553544363
773249,1,7,1,17.03967933106859
773270,1,7,9,14.671038771607355
773273,1,7,6,17.6921156032734
773276,1,7,5,0.3586789934097332
773277,1,7,1,7.41561403361417
773278,1,7,4,0.3586790108976326
773288,1,7,5,0.3586789949470627
773321,1,7,9,22.51247482030734
773331,1,7,7,1.6751312085640786
773344,1,7,6,14.911931690978447
773349,1,7,8,9.373154869662418
773350,1,7,5,0.3586789934097332
773353,1,7,5,0.3586789934097332
773374,1,7,9,22.060468754312673
773409,1,7,1,22.653115310295618
773423,1,7,6,7.792499148682442
773433,1,7,10,14.624663755474344
773435,1,7,4,0.3586790108976326
773451,1,7,5,0.3586789934097332
773460,1,7,10,10.641666197832652
773475,1,7,4,0.3586790108976326
773478,1,7,9,9.83152999338711
773483,0,7,0,0.01823559161106521
773484,1,7,4,0.3586790108976326
773489,1,7,3,1.9143908776227425
773516,1,7,7,0.9215440365355924
773563,1,7,8,21.712487600855713
773564,1,7,10,12.391604373620764
773566,1,7,9,20.013271269900955
773596,1,7,4,0.3586790108976326
773600,1,7,1,6.142243356976715
773601,1,7,5,0.3586789934097332
773614,1,7,10,4.317357507567861
773618,1,7,8,16.82653817543339
773628,1,7,1,16.785174986902522
773637,1,7,6,16.587685504396124
773642,1,7,4,0.3586790108976326
773644,1,7,9,18.458471507468932
773649,0,7,0,0.036536089524935096
773652,1,7,5,0.3586789949470627
773656,1,7,2,1.5375642491276431
773657,1,7,6,9.369612154441633
773661,1,7,8,19.59133574462238
773663,1,7,9,22.3822552808573
773669,1,7,6,11.280191057171512
773679,1,7,4,0.3586790108976326
773680,1,7,1,12.54286162276401
773689,1,7,6,23.20435116695885
773694,1,7,8,7.590943748885569
773697,1,7,9,23.592767367923184
773706,1,7,6,19.80203860086761
773710,1,7,6,14.925192824022144
773725,1,7,9,26.374741998260955
773739,1,7,5,0.3586789934097332
773748,1,7,9,10.24612079101214
773750,1,7,5,0.3586789934097332
773756,1,7,6,7.426340199116119
773757,1,7,6,9.62365851992641
773766,1,7,10,11.553895126379135
773803,1,7,9,25.913012050443392
773815,1,7,9,14.930646633127857
773822,1,7,8,5.522423219042596
773834,1,7,6,8.484568096325862
773838,1,7,9,8.357765702171616
773867,1,7,4,0.3586790108976326
773879,1,7,9,16.244460737157414
773884,1,7,2,7.434343146801582
773907,1,7,4,0.3586790108976326
773928,1,7,1,20.465214224162494
773947,1,7,1,16.26040528471259
773948,1,7,2,3.17692168519384
773951,1,7,1,5.537660326741797
773960,1,7,10,4.960402954803861
773961,1,7,8,16.85512127523381
773966,1,7,9,25.01783256093499
773978,1,7,6,23.20034248260132
774006,1,7,5,0.3586789934097332
774051,0,7,0,0.01235013584399009
774052,1,7,10,21.21802217499103
774055,1,7,8,23.502346599476997
774080,1,7,9,10.057615421933196
774084,0,7,0,0.01614063877725662
774089,1,7,6,21.516186678224706
774104,1,7,4,0.3586790108976326
774105,1,7,8,26.09531804354603
774120,1,7,3,1.8740227470703992
774135,1,7,1,21.15703535188907
774144,1,7,9,21.550414091806264
774160,1,7,5,0.3586789934097332
774173,1,7,5,0.3586789934097332
774183,1,7,4,0.3586790108976326
774187,1,7,10,9.799022186912564
774190,1,7,1,6.203309455523708
774198,1,7,10,18.624533720275423
774200,1,7,5,0.3586789934097332
774215,1,7,9,23.67644012330614
774226,1,7,5,0.3586789934097332
774234,1,7,10,6.436382476717464
774245,1,7,8,11.820898938104964
774247,1,7,1,12.327738966261327
774249,1,7,7,4.64281864697832
774250,0,7,0,0.027557395475306157
774266,1,7,5,0.3586789949470627
774267,1,7,10,11.761286260739094
774276,1,7,9,20.460640680000257
774277,1,7,6,22.372871526605163
774288,1,7,6,13.501757192724874
774292,1,7,7,4.497390476599179
774294,1,7,9,20.271599721105822
774308,1,7,4,0.3586790108976326
774309,1,7,3,1.7169779629302788
774322,1,7,8,24.475684892258702
774332,1,7,10,9.720497488454034
774346,1,7,1,8.623026571088992
774364,1,7,6,8.864309563885646
774371,1,7,6,7.2013685891510795
774383,1,7,10,20.77218402941708
774403,1,7,10,19.85076229791683
774420,1,7,10,10.257743051135739
774426,1,7,6,11.16341599359017
774480,1,7,9,22.625194538313142
774482,1,7,5,0.3586789934097332
774489,1,7,9,16.23125747579249
774492,1,7,6,16.933490101009234
774493,1,7,4,0.3586790108976326
774496,1,7,8,16.492733316081964
774501,1,7,9,21.476864811531037
774508,0,7,0,0.026044413691683622
774511,1,7,8,2.971173163448961
774553,1,7,9,26.119999463808913
774556,1,7,9,25.80629992580944
774557,1,7,4,0.3586790108976326
774558,1,7,8,26.446182690008722
774579,1,7,5,0.3586789934097332
774585,1,7,10,12.839858221049804
774590,1,7,5,0.3586789949470627
774615,1,7,5,0.3586789934097332
774624,1,7,8,23.251227775116824
774632,1,7,8,14.105333674444488
774634,1,7,1,5.131114847610531
774642,1,7,4,0.3324227734085473
774677,1,7,1,12.724189756810649
774696,1,7,8,28.005660073673017
774710,1,7,5,0.3586789934097332
774724,1,7,2,8.506067191156827
774734,1,7,4,0.3586790108976326
774742,1,7,6,13.031333376009021
774758,1,7,7,2.4959723524658433
774767,1,7,5,0.3586789934097332
774768,1,7,8,27.30327423285649
774772,1,7,9,16.167734620314523
774773,1,7,4,0.3586790108976326
774776,1,7,10,15.693937452790518
774820,1,7,6,10.47545874359673
774824,1,7,4,0.3586790108976326
774843,1,7,10,8.609545676773681
774847,1,7,4,0.3586790108976326
774852,1,7,9,24.41428779989058
774853,1,7,8,21.180020542123355
774860,1,7,3,2.2329322368202855
774863,1,7,8,11.675712011984938
774877,1,7,4,0.3586790108976326
774878,1,7,5,0.3586789934097332
774882,1,7,1,16.918693633474426
774908,1,7,2,3.948267027893373
774911,1,7,8,7.627105276860653
774913,1,7,6,23.167946100113795
774924,1,7,9,10.376490762661874
774941,1,7,8,17.321882623248893
774947,1,7,6,23.60714537030596
774964,1,7,1,8.910920513125742
774974,1,7,8,17.63561234720579
774984,1,7,7,3.5916323434071455
774991,1,7,3,1.5562747604395466
775017,1,7,10,16.84333764286967
775025,1,7,4,0.3586790108976326
775037,1,7,9,25.762999587916042
775102,1,7,6,13.712486099387009
775103,1,7,4,0.3586790108976326
775111,0,7,0,0.01269973797972624
775125,1,7,5,0.3586789934097332
775132,1,7,9,16.744208899108354
775134,1,7,8,7.596555760881512
775139,1,7,6,22.58405552912228
775144,1,7,6,21.149315397047523
775151,1,7,9,16.32395894378971
775167,1,7,4,0.3586790108976326
775176,1,7,10,20.909145431108513
775179,1,7,8,19.12446022154213
775193,1,7,8,14.856805580358365
775205,1,7,8,19.668300586366914
775207,1,7,1,9.985583135291199
775221,1,7,10,10.536146904434382
775234,0,7,0,0.04605849959899344
775238,1,7,8,27.126687607183598
775274,1,7,4,0.3586790108976326
775283,1,7,10,5.398355015402726
775287,1,7,1,19.859642042780965
775300,1,7,8,14.901553212890954
775365,1,7,8,25.829025930654485
775388,1,7,1,12.046632554246296
775391,1,7,9,11.68949154008723
775392,1,7,8,15.035498369664127
775409,1,7,5,0.3586789934097332
775415,1,7,9,10.863036126966623
775417,1,7,9,25.620795880631917
775424,1,7,6,11.695965884490935
775436,1,7,8,17.076528101528748
775440,0,7,0,0.0239239034741804
775448,1,7,9,7.793364229343314
775449,1,7,9,16.73765437363921
775455,1,7,7,3.2410259095778478
775459,1,7,1,18.787271708970124
775467,1,7,6,12.205342762876592
775479,1,7,9,23.935562048774123
775493,0,7,0,0.026093616897569883
775495,1,7,1,10.016967724472945
775506,1,7,10,7.1696601176162424
775522,1,7,5,0.3586789934097332
775524,1,7,5,0.3586789934097332
775542,1,7,6,22.95009995396625
775549,1,7,1,12.965622093036194
775552,1,7,8,25.335887937672148
775554,1,7,9,16.42714742407135
775561,1,7,10,4.649838367113877
775567,1,7,10,12.111814275734018
775573,1,7,9,7.750039234092015
775574,1,7,3,2.1791082038127763
775586,1,7,9,4.858220549216771
775589,1,7,9,13.574653318579136
775598,1,7,9,5.626123134864835
775611,1,7,5,0.3586789949470627
775612,1,7,4,0.3586790108976326
775629,1,7,4,0.3586790108976326
775633,1,7,8,25.849872542382915
775634,1,7,1,15.821190625765782
775645,1,7,10,14.701367034435963
775663,1,7,6,16.722139024555343
775678,1,7,5,0.3586789934097332
775683,1,7,1,13.096207492246164
775698,1,7,10,5.083114419347811
775701,0,7,0,0.01668484213193585
775710,1,7,8,20.84656843608385
775714,1,7,9,10.43228404905812
775720,1,7,6,14.91960349926014
775725,1,7,4,0.3586790108976326
775773,1,7,5,0.3586789934097332
775779,1,7,10,12.354550649566528
775791,1,7,4,0.3586790108976326
775793,1,7,4,0.3586790108976326
775800,1,7,10,21.263753309992016
775808,1,7,8,25.030893553818288
775820,1,7,10,9.929924476304015
775832,1,7,10,6.700119647248007
775834,1,7,6,8.87894510678039
775857,1,7,6,13.72621136960737
775866,1,7,4,0.3586790108976326
775871,0,7,0,0.0134470304644229
775872,1,7,9,26.187101812038705
775874,1,7,8,15.054781428391838
775884,1,7,9,9.528015192475243
775898,1,7,4,0.3586790108976326
775901,1,7,4,0.358679009087165
775903,1,7,6,3.9319168426703994
775910,1,7,6,17.827159430025915
775922,1,7,4,0.3586790108976326
775938,1,7,7,2.231979356167897
775940,1,7,5,0.3586789934097332
775951,1,7,9,3.4262315425948957
775952,1,7,4,0.3586790108976326
775962,1,7,4,0.3586790108976326
775973,1,7,6,21.611662462152776
775977,1,7,5,0.3586789934097332
775979,1,7,9,25.767020737559235
775991,1,7,8,16.29829569609109
776000,1,7,9,24.427086950962245
776019,0,7,0,0.018456729757886398
776020,1,7,9,7.864688477694334
776021,1,7,5,0.3586789934097332
776029,0,7,0,0.024388446216746722
776030,1,7,1,21.779454332774893
776033,1,7,9,16.46913731807601
776034,1,7,9,15.847452323922122
776049,1,7,1,11.516907065610464
776051,1,7,6,9.711816384211627
776057,1,7,8,9.437960420228384
776093,1,7,5,0.3586789934097332
776102,1,7,9,14.983076424931811
776105,1,7,1,15.531911998123977
776109,1,7,5,0.3586789934097332
776115,1,7,5,0.3586789934097332
776121,1,7,5,0.3586789934097332
776127,1,7,10,11.46410989756642
776135,1,7,9,22.79539298640099
776145,1,7,8,21.511457154099396
776196,1,7,8,11.182122733638723
776205,0,7,0,0.018952373336400225
776210,1,7,8,14.65386472228906
776212,1,7,4,0.3586790108976326
776217,1,7,9,14.944158322335596
776219,1,7,2,7.005808830861345
776222,1,7,10,8.515359769816422
776228,1,7,8,19.574310325790957
776231,1,7,10,17.302493639276413
776241,1,7,5,0.3586789934097332
776254,1,7,8,21.85824504995072
776263,1,7,9,16.487002118976854
776277,1,7,10,18.547078894456433
776282,1,7,5,0.3586789934097332
776283,1,7,5,0.3586789934097332
776284,1,7,9,13.510935689295534
776291,1,7,9,3.1326448166003558
776301,0,7,0,0.07845110379045037
776307,1,7,5,0.3586789934097332
776313,1,7,10,10.52361132051986
776352,1,7,5,0.3586789934097332
776356,1,7,5,0.3586789934097332
776387,1,7,5,0.3586789934097332
776390,1,7,6,23.42351622496432
776410,1,7,5,0.3586789934097332
776422,1,7,8,24.77982905078217
776445,0,7,0,0.11816992438611883
776456,1,7,9,25.52819145247412
776478,1,7,7,4.255271445387519
776492,1,7,5,0.3586789934097332
776509,1,7,9,13.371196140601171
776539,1,7,9,20.213186442671677
776542,1,7,9,16.58571729127838
776550,1,7,7,1.7112589698817824
776553,1,7,7,3.3740510167621847
776556,1,7,3,2.154512304589097
776574,1,7,2,13.20696579969561
776610,1,7,1,7.030671175610312
776617,1,7,4,0.3586790108976326
776625,1,7,5,0.3586789934097332
776630,1,7,9,8.268080257032665
776633,1,7,2,6.3793683237889045
776639,1,7,6,9.397835531703683
776641,1,7,9,17.12171188956281
776660,1,7,10,4.284088587280638
776668,1,7,8,28.50012220739649
776691,1,7,7,2.8087180262248848
776696,1,7,9,15.999284412659467
776699,1,7,9,16.754412256206585
776701,1,7,8,16.655844018961716
776702,1,7,6,13.160229551108044
776713,1,7,9,11.153154825033656
776721,1,7,7,3.3609225774360203
776740,1,7,6,7.84252931944494
776771,1,7,5,0.3586789934097332
776779,1,7,9,25.013243114495605
776780,1,7,6,18.167973570921923
776798,1,7,10,10.539596106993715
776799,1,7,8,27.29001092309832
776801,1,7,7,1.008495451302781
776815,1,7,8,26.52514198821281
776821,1,7,10,9.720040716858307
776831,1,7,8,23.006253983691572
776842,0,7,0,0.016160402681323432
776843,1,7,1,20.932625819017936
776850,1,7,8,15.043986231252472
776864,0,7,0,0.19511029974964597
776895,1,7,6,4.643441496511021
776910,1,7,8,7.203026724224723
776915,1,7,8,8.83644609037941
776927,1,7,1,6.290419421557058
776935,1,7,7,2.437645424494503
776957,1,7,5,0.3586789934097332
776962,1,7,1,15.336005991154396
776973,1,7,7,0.9759521512316519
776987,1,7,9,25.78939234408506
776995,1,7,8,15.783902637972092
777007,1,7,6,22.880710910424412
777008,1,7,10,9.652954879711306
777014,1,7,9,16.477771836236847
777023,1,7,8,18.90831440045511
777024,1,7,1,7.278307783750561
777030,1,7,4,0.3586790108976326
777031,1,7,10,12.312227383781405
777035,1,7,3,2.306198793231589
777037,1,7,9,5.626365870306287
777047,1,7,10,12.318627924112908
777048,1,7,5,0.3586789934097332
777054,1,7,5,0.3586789934097332
777067,1,7,6,9.87178556133572
777110,1,7,2,11.048911069784712
777118,1,7,9,14.592481381649915
777122,1,7,9,14.94059515798972
777130,1,7,10,19.98050448777007
777135,1,7,9,10.175120002023482
777149,1,7,5,0.3586789949470627
777150,1,7,6,7.186332194245168
777157,1,7,9,25.52147919487613
777173,1,7,8,28.296434083494745
777177,1,7,6,21.863491931917366
777179,1,7,9,23.26894913764291
777187,1,7,5,0.3586789934097332
777190,1,7,6,20.08316657324588
777201,1,7,5,0.3586789934097332
777218,1,7,9,4.179919069734224
777238,1,7,7,3.7828285155078523
777245,1,7,7,1.4776470312170782
777258,1,7,6,8.236036829082796
777273,1,7,7,3.6379470459940606
777277,0,7,0,0.045036437616616076
777293,1,7,10,4.091337450204103
777314,1,7,7,2.2253925211370267
777330,1,7,8,28.252472107911988
777338,1,7,4,0.3586790108976326
777339,1,7,9,17.704540915621184
777351,1,7,9,7.174819413395402
777352,1,7,1,13.835787374332575
777368,1,7,5,0.3586789934097332
777379,1,7,9,22.272695041662857
777384,1,7,8,12.854637597939956
777393,1,7,6,15.209546940610297
777402,1,7,5,0.3586789934097332
777405,1,7,4,0.3586790108976326
777432,1,7,5,0.3586789934097332
777433,1,7,4,0.3586790108976326
777446,1,7,2,13.540714372342705
777456,1,7,5,0.3586789934097332
777457,1,7,5,0.3586789949470627
777465,1,7,8,4.660174059638587
777472,1,7,6,14.52229326355225
777482,1,7,7,2.5564542355053996
777485,1,7,1,12.228883099754924
777490,1,7,8,16.02569453716823
777520,1,7,8,13.589676247630436
777523,1,7,5,0.3586789934097332
777539,1,7,5,0.3586789934097332
777540,1,7,1,11.860549370999333
777546,1,7,5,0.3586789934097332
777548,1,7,9,25.374109301027424
777557,1,7,3,1.917453728604378
777558,1,7,2,7.245988638904026
777561,1,7,10,16.713769525553708
777563,1,7,9,14.497329648986426
777582,1,7,4,0.3586790108976326
777592,1,7,9,25.190603207296682
777601,1,7,6,7.280620614533806
777631,1,7,10,11.945967737996076
777633,1,7,6,16.69653977883716
777645,1,7,6,19.309799400058832
777666,1,7,8,15.022263394317946
777674,1,7,5,0.3586789934097332
777706,1,7,8,26.10765693477476
777717,1,7,9,11.967370766672204
777732,1,7,9,15.26080248777524
777741,1,7,9,25.47210058342987
777757,1,7,6,19.890793555918176
777767,1,7,9,24.735624485127765
777780,1,7,6,17.341143328169117
777811,1,7,8,14.580269688869443
777839,1,7,5,0.3586789949470627
777845,1,7,4,0.358679009087165
777846,1,7,6,12.69133820365441
777869,1,7,5,0.3586789934097332
777881,1,7,7,3.331655945288346
777889,1,7,10,10.146564190439799
777891,1,7,6,21.113093856657812
777898,1,7,5,0.3586789934097332
777924,1,7,4,0.3586790108976326
777932,1,7,8,11.285494435137856
777938,1,7,9,3.5875602805365694
777943,1,7,5,0.3586789934097332
777951,1,7,2,10.928117951758432
777953,1,7,9,15.18315396937371
777962,1,7,8,26.993072976467428
777964,1,7,1,21.947783294268174
777969,1,7,5,0.3586789934097332
777976,1,7,10,20.77105319805962
777977,1,7,8,23.711125117867557
777982,1,7,8,20.698566994815355
777984,1,7,2,11.567500649170329
778002,1,7,4,0.3586790108976326
778010,1,7,6,23.03917756524763
778023,1,7,6,16.095839319967663
778029,1,7,7,3.457841177215861
778031,1,7,6,14.723402244909783
778035,1,7,4,0.3586790108976326
778057,1,7,6,14.978620077068534
778064,1,7,8,13.178653384961915
778065,1,7,5,0.3586789934097332
778080,1,7,8,22.501624140831563
778083,1,7,4,0.3586790108976326
778091,1,7,6,8.618359424350873
778093,1,7,5,0.3586789949470627
778111,1,7,5,0.3586789934097332
778116,0,7,0,0.08593426084398358
778118,1,7,8,17.713203987159837
778120,1,7,2,10.034089571364131
778148,1,7,2,12.797343506526573
778150,1,7,5,0.3586789934097332
778159,1,7,9,8.113895767901464
778168,1,7,7,3.8920137648820146
778171,1,7,3,0.7869061689095409
778196,1,7,8,5.820544020312993
778208,1,7,5,0.3586789934097332
778223,1,7,1,18.000928083601128
778228,1,7,8,2.9608612064845286
778260,1,7,5,0.3586789934097332
778262,1,7,9,23.316603525620987
778274,1,7,1,10.796941511070711
778283,1,7,2,5.68787330436952
778285,1,7,6,18.1180257501969
778288,1,7,6,23.67698270158092
778299,1,7,9,16.650685413407942
778304,1,7,2,8.347160978298477
778313,1,7,8,24.059960177774336
778323,1,7,2,9.370932785124793
778343,1,7,10,4.289522233827284
778360,1,7,6,17.8023872043843
778368,1,7,9,25.80135505202194
778372,1,7,7,4.424480045189497
778387,0,7,0,0.012828302627923461
778388,1,7,9,10.287128954981716
778391,1,7,9,16.444869941726335
778398,1,7,8,26.244173324597632
778405,1,7,1,20.155283776198697
778420,1,7,5,0.3586789934097332
778421,1,7,6,14.436482294476425
778431,1,7,1,12.828701275804752
778436,1,7,4,0.3586790108976326
778452,1,7,8,15.094194270552077
778456,1,7,1,18.039813068706636
778458,1,7,3,1.548580920924558
778479,0,7,0,0.029259178726808256
778490,1,7,9,23.971586256379176
778501,1,7,9,26.267734025939
778507,1,7,9,6.71210833273353
778515,1,7,5,0.3586789934097332
778523,1,7,9,13.583327095717683
778537,1,7,9,13.58097426968963
778548,1,7,9,9.963162792321857
778559,1,7,8,4.443577314317853
778562,1,7,9,25.600663202598273
778569,1,7,6,22.58827530150595
778570,1,7,7,0.7281864553901772
778589,1,7,9,24.78132100470321
778642,1,7,7,2.4175097072557135
778659,1,7,8,9.557067669000253
778670,1,7,8,22.225655557779444
778671,1,7,6,20.236914562490863
778677,1,7,5,0.3586789934097332
778687,1,7,5,0.3586789934097332
778706,1,7,10,19.5243305392993
778755,1,7,2,10.162792063101
778756,1,7,6,8.177743994611303
778765,1,7,6,23.45355904831652
778787,1,7,8,15.68663343884862
778795,1,7,9,10.866666775825825
778814,1,7,4,0.3586790108976326
778840,1,7,8,15.652256853648728
778843,1,7,2,1.132578135468579
778847,1,7,8,25.382740386447747
778857,1,7,6,23.385454206809992
778864,1,7,10,10.567870746152494
778885,1,7,6,19.824596896231885
778927,1,7,9,23.860817020129563
778930,1,7,8,17.507445865877187
778931,1,7,7,0.6238864517121389
778940,1,7,5,0.3586789934097332
778961,1,7,8,9.307395487292483
778964,1,7,6,12.23817390866359
778967,1,7,9,13.151035983952307
778970,0,7,0,0.027384307731607823
778972,1,7,9,15.104748719596738
778979,1,7,2,3.072677917141208
778990,1,7,6,14.441211610778295
778994,1,7,3,2.42704050295009
778995,1,7,5,0.3586789934097332
778997,1,7,8,14.48892977393059
778998,1,7,5,0.3586789934097332
779000,1,7,9,9.660398063948765
779002,1,7,6,21.80658032009116
779005,1,7,9,14.86259339445722
779009,1,7,8,25.8188120639661
779015,1,7,8,6.689228564137999
779036,1,7,8,11.195008153865171
779049,1,7,6,8.220727125639545
779050,1,7,9,25.60720457824972
779057,1,7,8,26.707495337387357
779062,1,7,5,0.3586789949470627
779065,1,7,8,8.83526902150753
779069,1,7,1,8.330244691783339
779075,1,7,8,12.770812537567291
779078,0,7,0,0.0229570816818529
779080,1,7,8,2.3981501821076256
779086,1,7,2,8.622137550324094
779091,1,7,9,26.341482856824783
779096,1,7,5,0.3586789934097332
779101,1,7,6,13.981444327079116
779104,1,7,10,17.599266203638386
779124,1,7,10,16.588892082561383
779131,1,7,6,11.141271081944339
779133,1,7,7,2.004283917967817
779137,1,7,5,0.3586789934097332
779145,1,7,8,12.36676543780505
779149,1,7,8,20.36284873608577
779170,1,7,8,13.783651797336919
779192,1,7,9,15.707295173515837
779198,1,7,5,0.3586789934097332
779221,0,7,0,0.018579685201323446
779226,1,7,10,8.93224954531132
779229,1,7,1,14.4890859053648
779240,1,7,8,17.659121635061002
779242,1,7,10,19.608199823037452
779248,1,7,10,12.50551451648252
779254,1,7,9,14.347731986099205
779270,1,7,5,0.3586789934097332
779271,1,7,3,1.4781747241052214
779275,1,7,9,20.73598650207357
779280,1,7,9,20.426010729039294
779291,1,7,9,12.027537045525571
779294,1,7,3,1.9819439958755924
779296,1,7,7,1.8272051046891205
779310,1,7,4,0.3586790108976326
779316,1,7,8,15.295017702091378
779343,1,7,5,0.3586789934097332
779371,1,7,1,14.731124108560483
779379,0,7,0,0.02053010912429543
779426,1,7,1,18.000447994181417
779445,1,7,3,1.1779436546474558
779449,1,7,8,8.213332958121255
779465,1,7,1,17.272827780138076
779469,1,7,9,15.450728252912866
779474,1,7,10,9.141639140418587
779496,1,7,6,10.795086434468814
779505,1,7,7,1.970505106483788
779508,1,7,4,0.3586790108976326
779521,1,7,9,23.926062456723937
779529,1,7,6,22.670607239188282
779549,1,7,8,11.321746563931244
779581,1,7,7,0.6057596290461523
779587,1,7,10,20.985981345386683
779588,1,7,4,0.3586790108976326
779617,1,7,10,8.524466027956874
779624,1,7,6,19.327020751768924
779645,1,7,3,2.4157620758487917
779663,1,7,9,26.142907470527994
779673,1,7,4,0.3586790108976326
779690,1,7,4,0.3586790108976326
779700,1,7,4,0.3586790108976326
779712,1,7,9,22.606529785207215
779719,1,7,2,3.0533044465515493
779723,1,7,9,10.71638503091859
779736,0,7,0,0.03980309145111181
779755,1,7,10,9.923497063777933
779757,1,7,9,24.52173756893379
779758,0,7,0,0.024396124843886483
779761,1,7,9,19.539809888374332
779768,1,7,9,12.60503869500659
779791,1,7,1,19.03362203357637
779797,1,7,2,6.0668907415453734
779806,1,7,2,11.754860534998443
779807,1,7,4,0.3586790108976326
779814,1,7,6,23.45318754726405
779819,1,7,3,2.2662507401870857
779832,1,7,5,0.3586789934097332
779837,1,7,8,17.436788861363294
779838,1,7,4,0.3586790108976326
779843,1,7,9,23.116075173364006
779846,1,7,5,0.3586789934097332
779849,1,7,8,23.104708965509364
779850,1,7,4,0.3586790108976326
779870,1,7,6,23.22652781484139
779873,0,7,0,0.01249327638200999
779886,1,7,6,8.923088564043047
779893,1,7,10,13.115502765803246
779910,0,7,0,0.1066289800226004
779911,1,7,9,17.392061874245602
779915,1,7,5,0.3586789934097332
779925,1,7,9,25.733305179459123
779943,1,7,6,10.376791702363962
779948,1,7,1,6.684808299706709
779985,1,7,10,12.36334172805341
780007,1,7,10,8.431713073020761
780023,1,7,5,0.3586789949470627
780024,1,7,5,0.3586789949470627
780027,1,7,5,0.3586789934097332
780029,1,7,8,8.498934670439764
780031,1,7,6,14.201388080822893
780033,1,7,6,13.695094125605829
780041,1,7,1,16.55268008299406
780048,1,7,3,1.4254708504253164
780073,1,7,5,0.3586789934097332
780076,1,7,5,0.3586789934097332
780088,1,7,5,0.3586789934097332
780091,1,7,9,12.665706146795868
780093,1,7,9,12.933305772291435
780113,1,7,5,0.3586789934097332
780136,1,7,5,0.3586789934097332
780140,0,7,0,0.014986217466633728
780168,1,7,8,17.907723868353724
780176,1,7,9,22.726247722385477
780190,1,7,2,12.790483703858529
780191,1,7,8,15.144075337793169
780192,1,7,6,23.938273989976285
780202,1,7,1,16.247172437152138
780212,1,7,1,13.703333533414403
780214,1,7,10,14.627125299950233
780226,0,7,0,0.014426639702729902
780235,1,7,2,7.6811685453117695
780243,1,7,10,14.091684509250422
780247,1,7,5,0.3586789934097332
780274,1,7,8,24.886569593950455
780311,1,7,10,17.49242677567392
780312,1,7,8,11.723493911702542
780317,1,7,6,6.476016867095358
780329,1,7,1,18.982579804656023
780331,1,7,4,0.358679009087165
780345,1,7,9,14.827340157348827
780351,1,7,8,21.346393648148474
780363,1,7,9,4.454393398904493
780374,1,7,8,6.86475280427022
780386,1,7,8,18.637391514636118
780388,1,7,5,0.3586789934097332
780390,1,7,4,0.3586790108976326
780391,1,7,9,16.001249228242525
780394,1,7,9,9.654020849511557
780414,1,7,8,22.276770416490663
780422,1,7,9,25.62249117034555
780437,1,7,6,22.93146828814154
780438,1,7,6,18.50996228891671
780442,1,7,7,4.146644689870755
780460,1,7,8,6.078014159310381
780473,1,7,3,2.2542674010954853
780484,1,7,7,3.2804756548027183
780499,1,7,6,19.91737141603562
780515,1,7,8,27.276349297787057
780523,1,7,9,10.109305993463973
780525,1,7,8,5.497997421752916
780527,1,7,4,0.3586790108976326
780529,1,7,6,22.88770014869655
780533,1,7,6,20.285178960310724
780538,1,7,4,0.3586790108976326
780552,1,7,10,10.847937121707488
780553,1,7,4,0.3586790108976326
780558,1,7,9,16.210911858422918
780560,0,7,0,0.17179135966327877
780564,1,7,9,10.489735459243704
780568,1,7,9,16.469141095432768
780569,1,7,1,15.242749694999
780578,1,7,10,16.34588994620439
780589,1,7,9,15.217666769622028
780603,1,7,9,12.417467781925348
780608,0,7,0,0.012548312497174259
780635,1,7,7,0.8821580780428163
780644,1,7,9,9.06830337657585
780645,1,7,5,0.3586789934097332
780660,1,7,6,21.28404490788029
780668,1,7,5,0.3586789934097332
780683,1,7,4,0.3586790108976326
780703,0,7,0,0.01704579932428621
780724,1,7,7,1.623046163692873
780737,1,7,6,7.604120105113098
780755,1,7,8,28.52656646764466
780770,1,7,6,8.980716464586612
780792,1,7,1,14.876133833253936
780817,1,7,10,4.056653134894144
780822,1,7,6,23.965299737684955
780827,1,7,9,20.747477095810886
780840,1,7,8,12.42395781096728
780851,1,7,1,5.567382772071134
780858,1,7,4,0.3586790108976326
780870,1,7,10,12.352023502413319
780874,1,7,9,14.638738781519049
780876,1,7,8,21.69552982334634
780898,1,7,2,13.627227412790457
780902,1,7,4,0.3586790108976326
780907,1,7,6,17.83747188414636
780916,1,7,5,0.3586789934097332
780979,1,7,7,2.0633129566751407
780985,1,7,9,12.66360734264726
781001,1,7,4,0.358679009087165
781003,1,7,4,0.3586790108976326
781016,1,7,5,0.3519133228466587
781028,1,7,3,2.425348537980347
781032,1,7,9,24.58015790630679
781039,0,7,0,0.06582704696842377
781041,1,7,6,20.990389759928508
781047,1,7,8,25.424658955198364
781056,1,7,9,10.267621002297393
781061,1,7,4,0.3586790108976326
781083,1,7,5,0.3586789934097332
781099,1,7,7,4.372980065518387
781122,1,7,9,23.853996032105606
781125,1,7,4,0.3586790108976326
781148,1,7,5,0.3586789934097332
781149,1,7,1,5.28693459715893
781151,0,7,0,0.016345602453393917
781154,1,7,10,20.953103310422396
781158,1,7,6,4.452682478148309
781163,1,7,4,0.3586790108976326
781175,1,7,4,0.3586790108976326
781183,1,7,6,21.42920453298337
781220,1,7,9,9.488673039172932
781232,1,7,2,4.497639463208502
781236,1,7,7,0.9639637406896635
781244,1,7,10,17.853961348659823
781245,1,7,9,22.147532361326345
781246,1,7,7,4.390379278223781
781263,1,7,6,23.05353232177548
781269,1,7,5,0.3586789934097332
781287,0,7,0,0.015088480718816794
781299,1,7,9,14.91474814276862
781309,1,7,5,0.3586789949470627
781316,1,7,6,22.9727524730783
781336,1,7,6,21.685713358542763
781340,1,7,4,0.3586790108976326
781366,1,7,4,0.3586790108976326
781404,1,7,5,0.3586789934097332
781412,1,7,5,0.3586789934097332
781417,1,7,5,0.3586789934097332
781418,1,7,8,19.423283962030574
781434,1,7,5,0.3586789934097332
781438,1,7,4,0.3586790108976326
781441,1,7,6,8.871620422217429
781442,1,7,7,2.010656760748192
781460,1,7,9,22.725757929190788
781461,1,7,9,11.392435853396728
781475,1,7,7,4.088267335944667
781481,1,7,5,0.3586789934097332
781492,1,7,8,27.12121365933606
781512,1,7,4,0.3586790108976326
781520,1,7,9,22.10710339423367
781532,1,7,10,5.307790018373926
781537,1,7,9,16.483456820348643
781545,0,7,0,0.018037602085151316
781546,1,7,3,2.451726567728955
781548,1,7,6,18.36479052901005
781569,1,7,8,12.822379319519644
781576,1,7,2,9.714848976541212
781604,1,7,6,22.784303616047534
781609,1,7,6,6.107211287778537
781610,1,7,8,21.7105644256181
781614,1,7,6,22.826049594397006
781620,1,7,9,21.82066594070272
781624,0,7,0,0.027326288407747413
781638,1,7,5,0.3586789934097332
781648,1,7,10,9.387431633094902
781684,0,7,0,0.01811681625416572
781688,1,7,8,27.972375163022516
781697,1,7,1,8.845660904922687
781701,1,7,2,11.567196244133576
781736,1,7,5,0.3586789934097332
781759,1,7,10,8.022085360640647
781767,1,7,5,0.3586789934097332
781780,1,7,6,7.21944274478128
781815,1,7,9,10.511483925140439
781828,1,7,4,0.3586790108976326
781860,1,7,8,23.18145369658589
781864,1,7,6,7.190250817699875
781865,1,7,10,4.506132859912442
781870,1,7,8,23.737994887199036
781882,1,7,9,2.8399509044150184
781911,1,7,8,10.4985587526869
781921,1,7,9,26.094622189318454
781922,1,7,10,16.03690610159389
781935,1,7,7,3.631984817059171
781950,1,7,6,16.317972529885584
781964,1,7,7,4.470984924443807
781976,1,7,10,19.44364647228944
782000,1,7,4,0.3586790108976326
782013,1,7,9,18.675252728176016
782032,1,7,6,14.81262947599391
782034,0,7,0,0.022516735747119116
782036,1,7,6,17.68340804111857
782049,1,7,6,10.101358115540293
782060,1,7,4,0.358679009087165
782064,1,7,9,26.036434799904992
782078,1,7,5,0.3586789934097332
782082,1,7,6,23.301645879665593
782086,0,7,0,0.028472181631925504
782106,1,7,8,6.1738285899899825
782112,1,7,9,16.700684928538085
782128,1,7,2,13.275730892862864
782150,1,7,8,16.075486292140585
782152,1,7,6,19.02906979017028
782157,1,7,6,21.113435266058797
782170,1,7,5,0.3586789934097332
782173,1,7,8,3.339613146757376
782174,1,7,9,11.047530469675756
782180,1,7,1,8.896241100855283
782191,1,7,5,0.3586789934097332
782196,1,7,5,0.3586789934097332
782206,1,7,6,14.790083494933013
782211,1,7,2,9.813982166653206
782215,0,7,0,0.030380664197053035
782223,1,7,4,0.3586790108976326
782227,1,7,4,0.3586790108976326
782229,1,7,9,24.7516247928323
782234,1,7,1,7.620475609295908
782241,1,7,9,14.944741598362778
782257,1,7,10,19.578772427021033
782290,1,7,8,27.090214509894956
782304,1,7,4,0.3586790108976326
782317,1,7,8,22.050206558374704
782318,0,7,0,0.013612006898938279
782351,1,7,9,25.55504251357655
782358,1,7,1,4.739277553200406
782376,1,7,5,0.3586789949470627
782380,1,7,1,4.766991606019131
782384,1,7,5,0.3586789934097332
782397,1,7,9,15.490645662568866
782398,1,7,5,0.3586789934097332
782411,1,7,5,0.3586789934097332
782414,1,7,9,16.39929299017581
782425,0,7,0,0.06338254053282134
782434,1,7,5,0.3586789934097332
782440,1,7,10,9.155279387993312
782441,1,7,4,0.3586790108976326
782443,1,7,4,0.3586790108976326
782446,1,7,6,11.445022055929854
782448,1,7,6,13.065275291374004
782468,1,7,4,0.3586790108976326
782469,1,7,5,0.3586789934097332
782479,1,7,5,0.3586789934097332
782484,1,7,8,6.932154408730857
782491,1,7,6,11.989599844503049
782497,1,7,8,17.936932202259175
782512,1,7,1,19.63902312943339
782531,1,7,9,16.59531385392352
782534,1,7,9,25.178956661258198
782574,1,7,7,2.47262760780952
782581,1,7,6,21.999616115293477
782584,1,7,6,12.540384948619572
782586,1,7,9,10.436036419712577
782592,1,7,9,10.302425038593922
782595,1,7,10,20.555001911193308
782601,1,7,6,8.205149948150153
782602,1,7,9,15.087494656996213
782618,1,7,5,0.3586789934097332
782634,1,7,6,23.413384351705318
782642,1,7,1,12.506003793127737
782647,1,7,7,2.152020540265059
782660,1,7,9,14.924433942144837
782664,1,7,4,0.3586790108976326
782685,1,7,6,7.580256094961257
782687,1,7,5,0.3586789934097332
782706,1,7,9,18.984080713757262
782714,1,7,4,0.3586790108976326
782718,1,7,6,16.110013116182845
782734,1,7,3,2.376777563240268
782751,0,7,0,0.031001971223814966
782752,1,7,8,6.941803835365397
782760,1,7,9,26.473012150240482
782764,1,7,7,2.2752206800950625
782768,1,7,5,0.3586789934097332
782772,1,7,1,11.285895117097166
782776,1,7,1,14.704830017047815
782780,1,7,9,15.92507865065715
782781,1,7,8,18.605618731172676
782783,1,7,7,4.633489219713639
782794,1,7,3,1.9336998775213314
782798,1,7,7,4.083123301283126
782841,1,7,6,11.555325153171072
782866,1,7,6,21.786136362224795
782883,1,7,8,14.067451196108072
782885,1,7,6,19.45786386440085
782889,1,7,10,6.009239607514386
782890,1,7,9,20.35596183755918
782901,0,7,0,0.028988225875841267
782903,1,7,3,1.8473286464532024
782905,1,7,4,0.3586790108976326
782910,1,7,6,22.11167512687117
782912,0,7,0,0.0138148102824245
782916,1,7,9,21.098275623576864
782925,1,7,8,22.06457492000271
782929,1,7,9,5.815566934761513
782936,1,7,5,0.3586789934097332
782937,1,7,9,25.14832833216757
782947,1,7,4,0.3586790108976326
782992,0,7,0,0.028690762168546862
782994,1,7,6,14.778534192409644
783004,1,7,6,8.635459749918033
783006,1,7,6,4.370654494897654
783018,1,7,3,0.9115813021404793
783020,1,7,9,23.720759725647497
783024,1,7,9,12.492271287709574
783033,1,7,3,2.4071064135985165
783038,1,7,9,26.252752996174586
783049,1,7,9,22.61368228932694
783052,1,7,10,12.34682810314676
783053,1,7,4,0.3586790108976326
783076,1,7,10,8.792514190205832
783078,1,7,8,15.533300254998196
783080,1,7,4,0.3586790108976326
783082,1,7,5,0.3586789934097332
783086,1,7,8,22.3634501709167
783102,1,7,10,15.396524557277967
783103,1,7,6,22.059046844154
783111,1,7,9,21.032006016761546
783124,1,7,8,18.06813080913566
783128,1,7,9,14.56270481839022
783145,1,7,8,21.5969523743648
783160,1,7,9,16.484563630381746
783173,1,7,9,21.268696931757802
783185,1,7,4,0.358679009087165
783190,1,7,4,0.3586790108976326
783221,1,7,8,11.514986853191585
783225,1,7,10,13.755319268719374
783239,1,7,9,9.726687224407902
783240,1,7,1,15.318589322936717
783244,1,7,6,6.83504357305128
783246,1,7,9,5.556911765694348
783261,1,7,1,19.473507449664787
783277,1,7,9,10.98990058873822
783279,1,7,5,0.3586789934097332
783292,1,7,8,8.981804671358866
783318,1,7,2,8.449023439298424
783342,1,7,5,0.3586789934097332
783353,1,7,10,14.6167568258658
783354,1,7,4,0.3586790108976326
783370,1,7,9,9.759435759502756
783379,1,7,4,0.3586790108976326
783393,1,7,7,4.595136740235544
783419,1,7,4,0.3586790108976326
783443,0,7,0,0.027913458040728416
783446,1,7,8,28.125875028998163
783451,1,7,5,0.3586789934097332
783458,1,7,8,22.86335553121124
783461,1,7,10,11.480118954620878
783465,1,7,9,16.002188284078564
783474,1,7,8,23.106289678618108
783502,1,7,7,2.9670205080197096
783521,1,7,6,5.407960561414707
783525,1,7,7,2.1967185767253454
783527,0,7,0,0.0938216467948639
783529,1,7,4,0.358679009087165
783534,1,7,5,0.3586789949470627
783553,1,7,9,13.506805306186676
783572,1,7,9,22.226717585739244
783578,1,7,3,1.3468889442376657
783582,1,7,9,20.435967961495628
783583,1,7,8,12.882189334112551
783591,1,7,6,13.889201843985536
783601,1,7,8,18.17751332818778
783609,1,7,3,2.3585797080363577
783610,1,7,8,5.723534592927628
783611,1,7,4,0.3586790108976326
783624,1,7,5,0.3586789934097332
783628,1,7,7,2.1702277691146388
783643,1,7,3,2.3796865095777946
783652,1,7,8,6.014284907189172
783653,1,7,9,6.027770151469219
783666,1,7,4,0.3586790108976326
783676,1,7,8,17.549227257438968
783678,1,7,9,25.657452367916996
783685,1,7,10,11.416516151354193
783691,1,7,7,0.35897264996546596
783693,1,7,4,0.3586790108976326
783695,1,7,9,21.912732528564522
783696,1,7,5,0.3586789934097332
783721,1,7,8,15.195105279854499
783739,1,7,4,0.3586790108976326
783747,1,7,4,0.3586790108976326
783755,1,7,8,24.016222054460943
783793,1,7,5,0.3586789934097332
783806,1,7,10,12.39693403460676
783812,1,7,1,4.187628863696598
783819,1,7,5,0.3586789949470627
783822,1,7,5,0.3586789949470627
783852,1,7,2,8.199320618138898
783856,1,7,9,11.522703955141534
783859,1,7,8,12.257972030554676
783880,1,7,6,10.995369000787983
783892,1,7,8,9.036705896562099
783895,1,7,8,11.049904231645623
783926,1,7,8,10.22923200858597
783930,1,7,10,11.385670133391791
783940,1,7,5,0.3586789934097332
783948,1,7,6,23.569081842724668
783950,1,7,9,13.602184268197131
783965,1,7,8,24.095268248729695
783967,1,7,8,7.431910527167905
783976,1,7,4,0.3586790108976326
783980,1,7,7,0.7318531985685209
783984,1,7,7,1.415726338620744
784000,1,7,5,0.3586789934097332
784020,1,7,5,0.3586789934097332
784036,1,7,9,24.90853402955302
784045,1,7,9,15.39041126441434
784046,1,7,8,28.50111314817515
784065,1,7,9,26.230745917642157
784082,1,7,10,7.4661869778260845
784086,1,7,9,19.585830980886254
784100,1,7,3,2.4299037129983416
784102,1,7,9,25.460689269095155
784111,1,7,2,10.520313084494148
784115,1,7,9,22.770932880166637
784128,1,7,5,0.3586789934097332
784152,1,7,6,21.017226168327042
784157,1,7,4,0.358679009087165
784159,1,7,8,27.978885006531158
784163,1,7,6,20.537414073525945
784164,1,7,5,0.3586789934097332
784165,1,7,9,16.389295074531656
784170,1,7,4,0.3586790108976326
784174,1,7,10,4.078897160909765
784180,1,7,6,8.286680233401833
784182,1,7,8,17.536486410704086
784196,1,7,9,8.89619029377927
784199,1,7,10,4.8336659474345876
784200,0,7,0,0.20248365947976454
784202,1,7,4,0.3586790108976326
784203,1,7,1,19.1900771731292
784204,1,7,3,2.376714978248976
784235,1,7,10,16.937311486132426
784239,1,7,9,26.072261042055437
784269,1,7,9,19.462286974450535
784276,1,7,9,14.717311655752892
784291,1,7,10,13.353852522909136
784294,1,7,9,15.917212477132697
784306,1,7,2,5.566757407958178
784335,1,7,6,23.25272309431319
784344,1,7,4,0.3586790108976326
784348,1,7,8,10.441701353666705
784350,1,7,6,23.401643177857135
784353,1,7,9,20.698073687889508
784363,1,7,10,7.47107829843626
784364,1,7,9,18.198010286332654
784382,1,7,4,0.3586790108976326
784385,1,7,4,0.3586790108976326
784389,1,7,9,16.48257621320103
784410,1,7,8,24.08246588386147
784411,1,7,6,13.793998820754457
784417,1,7,5,0.3586789934097332
784428,1,7,8,15.474479860818814
784434,1,7,5,0.3586789934097332
784437,1,7,9,14.306554558741304
784461,1,7,5,0.3586789934097332
784494,1,7,5,0.3586789934097332
784496,1,7,6,13.738815123667075
784504,1,7,4,0.3586790108976326
784518,1,7,4,0.3586790108976326
784520,1,7,6,23.19459568924518
784532,1,7,9,6.079273429362248
784533,1,7,9,23.761253826550025
784534,1,7,6,12.873913807526973
784536,1,7,8,12.627625707955163
784537,0,7,0,0.03663511340545187
784539,1,7,6,20.067993135689502
784547,1,7,6,7.204177344989463
784548,1,7,1,12.334113193292406
784549,1,7,9,16.72857695330664
784551,1,7,9,21.379557005651865
784562,1,7,6,9.199397179157595
784573,1,7,6,12.76154650619742
784578,1,7,4,0.3586790108976326
784590,1,7,6,21.28681562758923
784607,1,7,10,17.305449343964394
784615,1,7,4,0.3586790108976326
784621,1,7,3,1.4089976952971712
784625,1,7,9,25.026118653844854
784632,1,7,5,0.3586789934097332
784638,1,7,5,0.3586789934097332
784647,1,7,9,26.160967113943098
784663,1,7,4,0.358679009087165
784675,1,7,5,0.3586789934097332
784681,1,7,2,10.128136037876255
784682,1,7,10,11.093941521027801
784687,1,7,4,0.3586790108976326
784688,1,7,8,15.005347531819524
784691,1,7,6,9.33789637899087
784710,1,7,5,0.3586789934097332
784727,1,7,5,0.3586789934097332
784743,1,7,5,0.3586789934097332
784744,1,7,5,0.3586789934097332
784779,1,7,5,0.3586789934097332
784781,1,7,1,5.933500715349081
784788,1,7,4,0.3586790108976326
784790,1,7,6,12.456597077823067
784792,1,7,1,14.275714452507385
784802,1,7,9,24.705802365269168
784808,1,7,5,0.3586789934097332
784842,1,7,7,4.251065417357426
784860,1,7,3,1.9175356398621959
784863,1,7,7,0.7695083604458745
784869,1,7,8,3.734531296932535
784883,1,7,4,0.3586790108976326
784884,1,7,7,3.8789557306235984
784892,1,7,6,6.618352069639261
784914,1,7,8,10.342761244229882
784937,1,7,8,9.728186778919405
784967,1,7,10,7.770529481356549
784988,1,7,5,0.3586789934097332
784991,1,7,8,27.545461315207135
784999,1,7,8,19.733337731848263
785042,1,7,6,18.078583286394654
785049,1,7,5,0.3586789949470627
785062,1,7,6,9.054682151395266
785063,0,7,0,0.02533311814714469
785102,1,7,5,0.3586789934097332
785114,1,7,6,21.121974915123708
785118,1,7,5,0.3586789934097332
785125,1,7,5,0.3586789934097332
785155,1,7,10,20.775211536202615
785166,1,7,4,0.3586790108976326
785167,1,7,9,25.028433047560974
785186,1,7,4,0.3586790108976326
785203,1,7,9,16.555076057982035
785212,1,7,6,23.45928171766773
785221,1,7,6,23.039721542110573
785247,1,7,9,12.201502206844422
785259,1,7,8,13.580742867968505
785292,1,7,6,20.963452402480197
785300,1,7,8,13.649602482928056
785301,1,7,2,6.569326075160935
785302,1,7,9,5.75498526364886
785321,0,7,0,0.10946798580627513
785328,1,7,5,0.3586789934097332
785330,1,7,1,18.216134950319063
785338,1,7,6,23.391990466920998
785365,1,7,5,0.3586789934097332
785367,1,7,9,20.992907239690197
785374,1,7,5,0.3586789934097332
785377,1,7,4,0.3586790108976326
785385,0,7,0,0.20160879522991412
785407,1,7,5,0.3586789934097332
785408,1,7,9,6.8689771619467495
785422,1,7,10,12.129219540227975
785438,0,7,0,0.17447139755166796
785441,1,7,3,2.3507018351530427
785443,1,7,8,13.814200004918288
785457,1,7,9,2.8418986233603567
785459,1,7,9,16.044116243799273
785473,1,7,5,0.3586789934097332
785477,1,7,5,0.3586789934097332
785484,1,7,1,21.288360333016286
785519,1,7,7,1.5704308611166118
785525,1,7,9,25.652048873234417
785526,1,7,5,0.3586789934097332
785541,1,7,7,0.8360365336426401
785557,1,7,9,6.58541767249164
785584,1,7,10,17.611786714474
785587,1,7,1,13.936062249949956
785588,1,7,4,0.3586790108976326
785618,1,7,8,6.628738895291308
785631,1,7,9,25.749704551554046
785646,1,7,7,3.4991361542373993
785650,1,7,8,5.284797407751329
785655,1,7,9,14.821386601737009
785665,1,7,4,0.3586790108976326
785681,1,7,4,0.3586790108976326
785704,1,7,5,0.3586789934097332
785730,1,7,7,2.7993332716651507
785734,1,7,9,25.160551844770097
785741,1,7,10,12.365505483047649
785744,1,7,8,14.127678104536077
785756,1,7,9,25.670796069514658
785765,0,7,0,0.016719460120459505
785778,1,7,6,12.605595167685092
785780,1,7,8,17.206058316474063
785810,1,7,5,0.3586789949470627
785812,1,7,10,8.72733858171281
785830,1,7,10,19.679431337172733
785833,1,7,7,4.530244995722779
785844,1,7,9,23.50024801459878
785847,1,7,9,6.572688994123932
785853,1,7,5,0.3586789934097332
785864,1,7,7,3.351355026774432
785876,0,7,0,0.02658538939779412
785879,1,7,7,4.4707208211342895
785882,1,7,7,0.7015299439416662
785883,0,7,0,0.022110642534272036
785884,1,7,4,0.3586790108976326
785887,1,7,4,0.3586790108976326
785890,1,7,1,7.058998231898733
785894,1,7,5,0.3586789934097332
785897,1,7,8,26.673594705026755
785906,1,7,9,12.163852032834535
785919,1,7,6,12.398011380216719
785927,1,7,9,21.101026958383187
785939,1,7,9,21.853084451339672
785953,1,7,8,23.723611583775153
785956,1,7,9,16.47507352488398
785966,1,7,5,0.3586789934097332
785967,1,7,4,0.3586790108976326
785973,1,7,9,22.50335396098469
785987,1,7,10,3.38955910665819
785989,1,7,3,0.7377089192260262
786007,1,7,4,0.3586790108976326
786012,1,7,4,0.3586790108976326
786013,1,7,9,10.560341295783683
786015,1,7,4,0.358679009087165
786035,1,7,5,0.3586789949470627
786044,1,7,9,6.269943088042375
786057,1,7,5,0.3586789934097332
786064,1,7,8,14.463723077587627
786084,1,7,6,15.774828432686455
786094,1,7,1,5.206211952017309
786100,1,7,1,17.987217871519892
786117,1,7,5,0.3586789934097332
786132,1,7,6,21.826435783832693
786133,1,7,8,10.682519710535567
786159,1,7,8,7.083177897503278
786160,1,7,6,18.574410332951786
786174,0,7,0,0.01232068903550784
786182,1,7,8,27.975785053658097
786183,1,7,5,0.3586789934097332
786195,1,7,5,0.3586789934097332
786201,1,7,8,16.365620401045696
786217,1,7,2,10.615809399489182
786227,1,7,7,3.609174346354096
786230,1,7,6,23.787210621299067
786234,1,7,6,12.421318832537722
786242,1,7,9,11.27455773547926
786246,1,7,8,12.972797168014193
786249,1,7,5,0.3586789934097332
786261,1,7,9,26.454760805492167
786265,1,7,5,0.3586789934097332
786266,1,7,5,0.3586789934097332
786267,1,7,9,23.147111782147064
786276,1,7,9,10.294316767582542
786277,0,7,0,0.0225497771293431
786281,1,7,9,19.093866575798618
786298,1,7,9,22.45816540994934
786317,1,7,8,7.714275509398413
786321,1,7,5,0.3586789934097332
786329,1,7,9,5.263693515526147
786332,1,7,9,3.1874541630040607
786338,1,7,9,24.224850705974205
786350,1,7,9,13.11715641211254
786358,1,7,7,2.233793859426747
786363,0,7,0,0.012324931621147252
786371,1,7,5,0.3586789934097332
786384,1,7,6,18.311042417743835
786396,1,7,9,26.24820996245039
786414,1,7,4,0.3586790108976326
786430,1,7,7,3.362568584577719
786441,1,7,4,0.3586790108976326
786459,1,7,6,21.43594941284154
786468,0,7,0,0.02253735603566983
786470,1,7,8,7.79108302436465
786478,1,7,6,4.075830723168611
786491,1,7,8,15.015140895323508
786497,1,7,10,11.737323993113328
786498,1,7,9,16.221001318307167
786500,1,7,1,17.571694055254596
786504,1,7,1,21.623664586441908
786516,1,7,8,21.11239861776927
786541,1,7,10,9.017312555915396
786561,1,7,5,0.3586789934097332
786566,1,7,8,15.558095509903238
786577,1,7,4,0.3586790108976326
786585,1,7,1,14.422912380958747
786588,1,7,1,9.05076066338171
786599,1,7,3,0.6208813687594802
786604,1,7,5,0.1478352178262708
786618,1,7,8,9.790646700911593
786633,1,7,9,26.367995562098145
786638,1,7,1,11.695206101409513
786656,1,7,5,0.3586789934097332
786662,0,7,0,0.02278970681062103
786676,1,7,6,17.815290896062585
786678,1,7,9,3.604043888004572
786681,1,7,7,3.2734650457905623
786697,1,7,8,7.484749657662021
786705,1,7,9,8.408720782651464
786723,1,7,1,19.171954089477524
786731,1,7,4,0.3586790108976326
786735,1,7,4,0.3586790108976326
786762,1,7,4,0.3586790108976326
786773,1,7,4,0.3586790108976326
786777,1,7,10,18.71168797137388
786790,1,7,3,1.8775857342848161
786813,1,7,6,21.498729202892537
786830,1,7,4,0.3586790108976326
786836,1,7,6,23.30309889369604
786841,1,7,10,11.17380081144553
786847,0,7,0,0.01243959754771843
786851,1,7,8,19.1300410535698
786856,1,7,8,10.345386716253051
786857,1,7,5,0.3586789934097332
786864,1,7,9,15.773610995994437
786882,1,7,6,6.746378251663878
786884,1,7,1,7.239122712101554
786916,1,7,3,2.4199473185896165
786926,1,7,4,0.3586790108976326
786928,1,7,8,23.706020567043847
786936,1,7,5,0.3586789949470627
786948,1,7,2,3.1988526973507234
786951,0,7,0,0.022429702662726862
786956,1,7,9,18.89728191506389
786959,1,7,4,0.3586790108976326
786982,1,7,9,16.231490018483694
786995,1,7,6,15.009012128840524
786999,1,7,10,8.719518176542257
787009,0,7,0,0.015039103318858403
787013,1,7,1,21.35191981472377
787036,1,7,10,9.37403744369899
787042,1,7,1,14.982957968430195
787052,1,7,9,14.236704379463175
787053,1,7,1,6.58803986508143
787055,0,7,0,0.01308690362072313
787072,1,7,6,20.243304952294572
787078,1,7,1,19.3468944795489
787090,1,7,5,0.3586789934097332
787104,1,7,9,16.35426166937377
787107,1,7,7,3.430871464126995
787110,1,7,10,19.39418456929885
787123,1,7,5,0.3586789934097332
787136,1,7,9,25.460073401116748
787137,1,7,2,7.80191199684193
787140,1,7,9,22.50968690053718
787142,1,7,6,19.079846196273664
787147,1,7,7,2.4334801161392945
787148,1,7,8,7.418373953917655
787168,1,7,4,0.3586790108976326
787169,1,7,10,8.528672398718763
787187,1,7,7,2.1634517168936247
787218,1,7,9,16.79940403220372
787260,1,7,8,8.564709673088988
787286,1,7,5,0.3586789949470627
787292,1,7,10,21.30684262445303
787295,1,7,8,12.437220482299592
787312,1,7,8,5.686764311302747
787314,1,7,7,2.422425652356569
787316,1,7,5,0.3586789934097332
787328,1,7,9,10.932009244239108
787335,1,7,4,0.3586790108976326
787366,1,7,8,17.698252448724624
787397,0,7,0,0.019685643909358317
787405,1,7,10,9.768309589676909
787428,1,7,3,1.7840310711119092
787456,1,7,8,14.663763235237207
787457,1,7,6,6.072238821177546
787476,1,7,6,20.531513417326085
787478,1,7,1,13.902963458010793
787489,1,7,5,0.3586789934097332
787519,1,7,7,1.776699564543875
787543,1,7,5,0.3586789934097332
787553,1,7,5,0.3586789934097332
787568,1,7,9,18.450256140211838
787588,1,7,6,23.858748635193862
787594,1,7,7,1.9084832209199964
787605,1,7,8,8.66616639606076
787616,1,7,10,11.419207713253295
787620,1,7,10,20.178475240836633
787621,1,7,4,0.3586790108976326
787624,1,7,8,27.733149798182932
787650,1,7,9,7.989185501603505
787651,1,7,2,3.8520190517770354
787654,1,7,10,9.606774056843697
787659,1,7,5,0.3586789949470627
787673,0,7,0,0.06064508080246773
787699,1,7,9,25.95008895523808
787707,1,7,9,14.428317867209858
787715,1,7,5,0.3586789934097332
787720,1,7,6,13.119448325599986
787734,1,7,9,24.397678157304625
787737,1,7,10,7.300344751064155
787739,0,7,0,0.01671296243878402
787740,1,7,9,13.755976633482897
787746,1,7,7,1.6975590722079281
787758,1,7,9,22.93339405139561
787781,1,7,8,25.750044472552
787785,1,7,5,0.3586789934097332
787805,1,7,5,0.3586789934097332
787811,1,7,4,0.3586790108976326
787815,0,7,0,0.029093414312629618
787827,1,7,10,13.984313233765189
787831,1,7,9,23.7335904305439
787832,1,7,8,9.457970228278992
787838,1,7,9,11.432440513018427
787850,1,7,5,0.3586789934097332
787854,1,7,8,11.077448776524369
787860,1,7,6,23.194747973283224
787873,1,7,8,18.041295820525825
787905,1,7,9,11.557674694226275
787906,1,7,4,0.3586790108976326
787918,1,7,4,0.3586790108976326
787919,1,7,8,25.142559667151097
787927,1,7,3,2.14257248306181
787931,1,7,6,14.724969870459816
787938,1,7,4,0.3586790108976326
787942,1,7,6,14.24871981802386
787970,1,7,8,9.23242732569082
787975,1,7,10,12.032019162180859
787988,1,7,5,0.3586789934097332
787989,1,7,4,0.3586790108976326
788018,1,7,6,13.014116181239132
788020,1,7,2,12.594016315803392
788021,1,7,9,20.543604091804326
788041,1,7,8,16.0115772491384
788044,1,7,4,0.3586790108976326
788045,1,7,9,26.41934813595596
788050,1,7,4,0.3586790108976326
788075,1,7,3,1.440028881156332
788079,1,7,5,0.3586789934097332
788082,1,7,10,4.1425288023953515
788095,1,7,6,23.71474204997214
788123,1,7,9,12.711089483002487
788126,1,7,5,0.3586789934097332
788149,1,7,1,15.544229136919757
788169,1,7,9,5.981263976190519
788182,1,7,2,9.348169009061735
788187,1,7,7,2.9973287094229155
788197,1,7,6,21.156297501268327
788201,1,7,6,9.097738646494701
788216,1,7,6,12.012356359945647
788220,1,7,6,4.212453970335646
788237,1,7,9,25.84494232187625
788240,1,7,9,15.458891966512478
788241,0,7,0,0.01496776491118649
788254,1,7,1,17.033793793651196
788268,1,7,3,2.1392987039679463
788273,1,7,10,20.37890752000426
788276,1,7,6,21.279089557108293
788282,1,7,8,25.23922695053667
788299,1,7,5,0.3586789934097332
788308,1,7,4,0.3586790108976326
788310,1,7,9,23.966352815436355
788320,1,7,8,25.1890074992604
788328,1,7,9,4.181911633432104
788338,1,7,1,3.8686593388530035
788344,1,7,9,13.256068961186742
788348,1,7,5,0.3586789934097332
788354,1,7,4,0.3586790108976326
788359,1,7,2,10.268815487610288
788388,1,7,9,19.914929528328777
788389,1,7,10,11.581207372481185
788393,1,7,7,2.5873159790009477
788407,1,7,7,3.541044450664411
788413,1,7,9,10.701297061516858
788422,1,7,8,14.057023894522802
788424,1,7,9,8.718860468859127
788425,1,7,5,0.3586789934097332
788454,1,7,6,22.111746352631542
788460,1,7,7,1.622899223427183
788463,1,7,3,1.3913785380890926
788465,1,7,8,21.12579688392847
788475,1,7,5,0.3586789934097332
788480,1,7,6,22.663466067481895
788491,1,7,6,15.016598324715828
788504,1,7,10,17.845213316721647
788512,1,7,4,0.3586790108976326
788535,1,7,9,9.180289441174272
788541,0,7,0,0.020923833841867922
788551,1,7,8,16.035958895052662
788566,1,7,5,0.3586789949470627
788568,1,7,9,13.76749528210526
788574,1,7,8,8.284816725405062
788582,1,7,5,0.3586789934097332
788599,1,7,9,22.49416596711834
788601,1,7,6,6.838855243431216
788604,1,7,9,5.299117894430877
788623,1,7,8,17.979277794168144
788625,1,7,5,0.3586789934097332
788628,1,7,6,22.510301550294788
788631,1,7,5,0.3586789934097332
788638,1,7,10,20.30293999333347
788703,1,7,8,16.865162336716626
788704,1,7,5,0.3586789934097332
788709,1,7,4,0.3586790108976326
788713,1,7,8,24.88449569239627
788715,1,7,6,19.440523205468384
788722,1,7,5,0.3586789934097332
788727,1,7,7,2.013657118119602
788737,1,7,7,2.0301775230447068
788746,1,7,8,19.890692927470834
788747,1,7,6,13.519771457546362
788756,1,7,5,0.3586789934097332
788758,1,7,9,10.92071796923674
788767,1,7,9,25.273746729364753
788813,1,7,5,0.3586789934097332
788821,1,7,5,0.3586789934097332
788825,1,7,8,16.028360411120474
788830,1,7,10,16.87388748521566
788847,1,7,6,21.597409985187486
788859,1,7,4,0.3586790108976326
788877,1,7,6,7.398544019240882
788883,1,7,5,0.3586789949470627
788888,1,7,2,11.11547182612672
788912,1,7,6,9.336689373583416
788913,1,7,6,22.92749073407441
788926,1,7,9,25.766298836438793
788933,1,7,10,10.058850690832704
788950,1,7,10,11.82867243880024
788955,1,7,1,4.533440810046958
788972,1,7,8,21.80176063777907
789011,1,7,8,19.666831214641366
789013,1,7,9,22.93240335363289
789035,1,7,8,11.257491063113834
789043,1,7,5,0.3586789934097332
789066,1,7,5,0.3586789934097332
789069,1,7,9,22.5122404340014
789072,1,7,6,21.594031436370738
789078,1,7,8,4.1209959777925755
789079,1,7,6,24.07291057333751
789082,1,7,8,20.19442005914677
789104,1,7,10,12.226539722846121
789106,1,7,10,18.730016997485922
789107,1,7,6,14.817449131909699
789114,1,7,7,2.3682163063709742
789116,1,7,10,4.598551992119841
789118,1,7,1,21.30161184042731
789127,1,7,7,1.3395547530936593
789129,1,7,9,26.13347360759761
789146,1,7,10,7.160759733563684
789167,1,7,1,17.621811416152408
789173,1,7,9,26.076084390280094
789185,1,7,9,25.600393542360248
789192,1,7,8,7.378532872521193
789205,1,7,9,4.655117930583638
789215,1,7,6,20.78922164551574
789216,1,7,5,0.3586789934097332
789225,1,7,9,4.018932013211562
789233,1,7,10,19.55903903383322
789258,1,7,5,0.3586789934097332
789268,1,7,6,9.987208674402442
789271,1,7,1,15.761135253248707
789277,1,7,3,1.1523891708182994
789282,1,7,8,18.74616408420928
789285,1,7,8,19.5199535814206
789293,1,7,5,0.3586789934097332
789305,1,7,10,8.178935002936514
789314,1,7,7,2.3691859511280176
789323,1,7,4,0.3586790108976326
789347,1,7,5,0.3586789934097332
789348,1,7,9,12.277695872420145
789357,1,7,10,3.2996866148028285
789362,1,7,8,18.452968223915416
789368,1,7,1,17.89607899035581
789395,1,7,4,0.3586790108976326
789402,0,7,0,0.016863846599454915
789408,1,7,1,17.101579558500262
789418,1,7,4,0.3586790108976326
789432,1,7,10,17.6126953201096
789445,1,7,4,0.3586790108976326
789478,1,7,8,21.284522159581815
789480,1,7,9,16.17961872584478
789484,1,7,5,0.3586789934097332
789488,1,7,8,11.846068787710026
789496,1,7,8,14.014345069038558
789505,1,7,4,0.3586790108976326
789510,1,7,6,21.36816841503731
789511,1,7,8,5.506101106152217
789512,1,7,8,6.83727830067373
789524,1,7,8,10.271048161123577
789528,1,7,9,24.059192131119815
789540,1,7,5,0.3586789934097332
789574,1,7,8,28.515081865135905
789580,1,7,10,6.785258182102288
789582,1,7,4,0.3586790108976326
789602,1,7,6,22.43306378362222
789613,1,7,10,6.373691778579159
789616,1,7,1,13.114868704201108
789648,1,7,3,2.3314068598170876
789676,1,7,3,1.1892607051435222
789686,1,7,6,22.873225977137217
789699,0,7,0,0.016538395296746732
789705,1,7,4,0.3586790108976326
789708,1,7,1,18.01732571945149
789715,1,7,5,0.3586789934097332
789716,1,7,9,8.186288333550076
789718,1,7,8,18.65025730223384
789719,1,7,6,21.071979144076156
789741,0,7,0,0.013548647565367075
789746,1,7,4,0.3586790108976326
789748,1,7,4,0.3586790108976326
789749,1,7,6,11.248952255744074
789751,1,7,9,24.113064814357596
789758,1,7,6,21.07453467921757
789770,1,7,10,12.936513822597004
789791,1,7,5,0.3586789934097332
789794,1,7,5,0.3586789934097332
789795,1,7,5,0.3586789934097332
789848,1,7,8,19.625201156290938
789857,1,7,6,10.40758213976218
789860,1,7,8,15.319648139025382
789862,1,7,5,0.3586789934097332
789870,1,7,6,20.228659317934667
789873,1,7,6,23.191975968180312
789875,1,7,8,17.98660381532408
789879,1,7,8,17.43610695911277
789887,1,7,2,12.009973338066048
789904,1,7,7,3.5444851229900074
789931,1,7,1,18.01511516564081
789960,1,7,6,11.156951677843077
789978,1,7,9,24.88860202833261
789994,1,7,3,0.67392036173016
790003,1,7,5,0.3586789934097332
790015,1,7,10,16.206055760906033
790021,1,7,9,14.559386266232252
790032,1,7,10,13.909305961686366
790077,1,7,5,0.3586789934097332
790104,1,7,10,20.041360023599903
790109,0,7,0,0.011519043902144366
790119,1,7,1,15.634333778756973
790125,1,7,10,12.889474577692207
790126,1,7,10,12.004462118015237
790128,1,7,8,28.140805744076502
790143,1,7,8,18.528965573086293
790149,1,7,6,16.299663188361855
790160,1,7,4,0.3586790108976326
790170,1,7,3,1.0050136738342348
790178,1,7,1,14.545057719123811
790181,1,7,6,21.066153322797476
790196,1,7,6,11.647583912850818
790221,1,7,8,27.956803919469195
790233,1,7,9,5.207300320202445
790234,1,7,6,14.652575395219596
790267,1,7,9,26.456380661716413
790273,1,7,10,12.86424010245362
790277,1,7,4,0.3586790108976326
790287,1,7,10,8.756804726552652
790295,1,7,9,15.260826190198204
790330,1,7,8,16.556339742188886
790333,1,7,1,18.898513511959912
790341,1,7,6,24.07323978520162
790343,0,7,0,0.022714048203262283
790374,1,7,7,1.535239784527271
790377,1,7,4,0.3586790108976326
790395,1,7,9,21.840218097955503
790404,1,7,8,12.365562866700607
790406,1,7,7,4.44096951019672
790423,1,7,5,0.3586789934097332
790428,1,7,5,0.3586789934097332
790430,1,7,8,3.742220959096862
790433,0,7,0,0.022407096023711118
790445,1,7,5,0.3586789934097332
790460,1,7,10,13.34865379995442
790461,1,7,9,4.862780092888059
790464,1,7,8,11.858498565213019
790473,1,7,8,21.28255458989121
790475,1,7,2,3.665557548554981
790481,1,7,8,28.5244154095219
790525,1,7,6,17.90020445333308
790530,1,7,7,1.7452811603116642
790536,1,7,6,4.542282970046334
790544,1,7,1,3.9958974558380453
790548,1,7,4,0.358679009087165
790568,1,7,4,0.358679009087165
790601,1,7,1,9.28610400064588
790605,1,7,9,23.438472047695754
790619,1,7,5,0.3586789934097332
790620,1,7,6,23.86891828843532
790635,1,7,8,11.721282201003312
790637,1,7,4,0.3586790108976326
790649,1,7,10,11.283840857562296
790652,1,7,3,2.3425126096909348
790659,1,7,6,14.950157369813377
790660,0,7,0,0.015260364276046174
790664,1,7,5,0.3586789934097332
790672,1,7,9,11.896889759578404
790689,1,7,4,0.3586790108976326
790710,1,7,8,13.445251954981979
790718,1,7,9,16.672290379684135
790719,1,7,7,1.8340527332492145
790720,1,7,8,22.946849209853045
790746,1,7,6,9.188471064362027
790753,1,7,7,1.2884331263575828
790756,1,7,4,0.3586790108976326
790760,1,7,6,13.949165284204918
790764,1,7,9,15.591473971745192
790787,1,7,4,0.3586790108976326
790799,1,7,4,0.3586790108976326
790804,1,7,3,2.2674226234912926
790810,1,7,4,0.3586790108976326
790813,1,7,5,0.3586789934097332
790817,1,7,1,13.683204855338298
790825,1,7,6,14.72566304784687
790834,1,7,4,0.3586790108976326
790844,1,7,9,26.16661424034567
790854,1,7,10,21.250091821705603
790870,1,7,10,6.574146189575916
790871,0,7,0,0.017671423119477846
790878,1,7,5,0.3586789934097332
790887,1,7,9,24.595972903890903
790923,1,7,6,13.288349834521043
790951,1,7,6,14.796383804675026
790954,1,7,8,11.248617433197511
790963,1,7,3,0.9440625250575455
790967,1,7,6,12.31081150578656
790974,1,7,8,11.382644064334917
790980,1,7,7,4.362527441777036
791004,1,7,9,19.903217663117317
791007,1,7,10,12.383561073796132
791008,1,7,7,2.9404376941829624
791010,1,7,8,22.396425357173154
791024,1,7,1,19.111460621049417
791038,1,7,10,20.967966967405314
791042,1,7,9,15.937818742252107
791049,0,7,0,0.01628440991015362
791088,1,7,5,0.3586789934097332
791089,1,7,8,9.73677775348648
791098,1,7,7,4.38514177100624
791105,1,7,10,10.259297850829492
791115,1,7,8,18.76566979778374
791137,0,7,0,0.013442461988764906
791151,1,7,4,0.3586790108976326
791157,1,7,8,12.77463111043721
791175,0,7,0,0.01611732433678983
791177,1,7,9,26.351443596275544
791182,1,7,8,15.023211561491417
791189,1,7,9,3.764607968954341
791200,0,7,0,0.05366503507523395
791209,1,7,3,0.3577860737423632
791223,1,7,5,0.3586789934097332
791225,1,7,3,2.047355112621466
791240,1,7,6,19.47231962576061
791249,1,7,6,19.335714471541017
791256,1,7,8,9.328018349150879
791280,1,7,9,13.53281564520608
791299,1,7,8,7.799502338839214
791301,1,7,3,1.5345758266895422
791312,1,7,6,14.693365142161225
791326,1,7,10,4.319674210328771
791337,1,7,7,0.37543781308581514
791339,1,7,8,16.26985290992755
791342,0,7,0,0.02015064012065819
791352,1,7,1,4.307590869941679
791362,1,7,10,4.9467187925291105
791365,1,7,9,17.09630463527503
791367,1,7,10,15.881417001985973
791377,1,7,4,0.3586790108976326
791378,1,7,5,0.3586789934097332
791380,1,7,3,2.382498899269643
791390,1,7,10,7.138733303177334
791392,1,7,6,15.482732042039675
791422,0,7,0,0.01426589112160086
791424,1,7,8,26.782371955124734
791425,1,7,5,0.3586789934097332
791428,1,7,9,16.767027303836723
791432,1,7,8,17.52591792169602
791442,1,7,8,22.30276379342772
791460,1,7,9,13.849756630071225
791493,1,7,6,17.654487315692325
791523,0,7,0,0.02780748516292682
791549,1,7,9,17.10489815251951
791558,1,7,10,21.27758238384741
791564,1,7,2,9.225798730187579
791565,1,7,4,0.3586790108976326
791570,1,7,2,11.305770518192134
791579,1,7,5,0.3586789934097332
791585,1,7,4,0.3586790108976326
791595,1,7,10,11.291338672148758
791615,1,7,9,7.751541409961171
791616,1,7,9,18.78236447031044
791617,1,7,10,6.195563920107891
791624,1,7,7,4.470002231296583
791627,1,7,8,21.412022017400812
791630,1,7,5,0.3586789934097332
791633,1,7,5,0.3586789934097332
791634,0,7,0,0.013519208887404504
791643,1,7,5,0.3586789934097332
791661,1,7,6,22.18487576025337
791667,1,7,10,11.216416417487736
791668,1,7,4,0.3586790108976326
791677,1,7,7,2.3987538203517285
791698,1,7,8,17.636085919512794
791702,1,7,6,10.748202185316803
791708,1,7,6,11.62460704566356
791716,1,7,9,22.913459952958835
791720,1,7,7,1.4861489586015275
791746,1,7,9,26.40405415948929
791748,1,7,6,13.755969568217555
791756,1,7,9,15.252567174441939
791759,1,7,2,12.10777727283393
791776,1,7,9,3.841230442072362
791785,1,7,9,11.819421084670653
791790,1,7,9,25.630635611762997
791793,1,7,9,4.382947094287317
791797,1,7,1,17.283931731859244
791815,1,7,4,0.3586790108976326
791819,1,7,8,9.576842853001846
791826,1,7,9,12.27974825370735
791842,1,7,10,9.764735838886459
791856,1,7,9,15.361299505074186
791892,1,7,8,27.388310996281152
791902,1,7,5,0.3586789934097332
791917,1,7,5,0.3586789934097332
791918,1,7,6,14.907034218138966
791922,1,7,1,9.695231743337372
791938,1,7,8,14.576023250759953
791943,1,7,5,0.3586789934097332
791960,1,7,10,15.91250146221422
791962,1,7,8,13.815728958753917
791978,1,7,10,6.785859302070369
791992,1,7,1,5.605118651903505
791995,1,7,8,9.637801288905873
792002,1,7,8,20.779070869400883
792032,1,7,8,10.137755087346685
792072,1,7,4,0.3586790108976326
792081,1,7,5,0.3586789934097332
792084,1,7,4,0.3586790108976326
792085,1,7,3,1.8195868242441542
792097,1,7,10,19.12111530686044
792109,1,7,9,8.5141056431551
792119,1,7,9,12.036564414918171
792132,1,7,9,15.738879904659376
792133,1,7,5,0.3586789949470627
792145,1,7,4,0.358679009087165
792165,1,7,1,14.653948056239042
792167,1,7,6,16.563274803589106
792169,1,7,9,26.359751134608292
792179,1,7,9,11.088551837434496
792180,1,7,6,11.132909049051753
792198,1,7,9,11.726792747184549
792205,1,7,7,1.4617789822257636
792209,1,7,4,0.3586790108976326
792213,1,7,1,9.708853807113517
792223,1,7,5,0.3586789934097332
792229,1,7,9,23.6135858141254
792237,1,7,9,9.22438388671642
792244,1,7,8,21.542945191332254
792273,1,7,4,0.3586790108976326
792276,1,7,6,15.745515667123659
792280,1,7,7,4.239137903551462
792291,1,7,8,16.655254063049604
792305,1,7,8,15.270535442123716
792325,1,7,9,25.598286959997868
792338,1,7,1,21.30078036727741
792339,1,7,4,0.3586790108976326
792344,1,7,3,2.2657073435451487
792355,1,7,9,7.855479188359616
792362,1,7,5,0.3586789934097332
792385,1,7,1,20.467636896512722
792403,1,7,8,24.06900323308375
792405,1,7,4,0.3586790108976326
792414,1,7,9,7.002826332397494
792424,1,7,8,12.889927656664726
792432,1,7,7,4.358083657934088
792433,1,7,5,0.3586789949470627
792465,1,7,4,0.358679009087165
792480,1,7,6,12.6446268290597
792494,1,7,5,0.3586789934097332
792498,1,7,10,8.702509353843594
792505,1,7,10,16.192969459158668
792516,1,7,1,22.647064265350732
792521,1,7,7,1.7399240667650653
792536,1,7,6,6.649684235675142
792562,1,7,4,0.3586790108976326
792569,1,7,4,0.3586790108976326
792573,1,7,9,9.358904188240457
792583,1,7,9,23.628326790731737
792585,1,7,2,2.920273467032651
792602,1,7,6,11.75826533870241
792615,1,7,10,11.970246866467782
792623,1,7,9,14.26801993792182
792625,1,7,8,16.009891832268572
792640,1,7,6,13.622352851808994
792654,0,7,0,0.010964804040813934
792656,1,7,10,10.116454100129522
792674,1,7,3,1.51016144739611
792680,1,7,9,19.19845895052293
792687,1,7,10,18.32180522434999
792715,0,7,0,0.01594766454821104
792716,1,7,6,11.317675757283343
792718,1,7,8,23.094593842834804
792722,1,7,8,17.404561236164035
792734,1,7,10,12.399764396489255
792738,1,7,4,0.3586790108976326
792753,1,7,9,24.74208206600891
792761,1,7,10,18.313055402699533
792764,1,7,5,0.3586789949470627
792771,1,7,5,0.3586789949470627
792773,1,7,9,4.163341535855816
792775,1,7,5,0.3586789934097332
792783,1,7,1,19.579869093968146
792800,1,7,10,16.878934589966864
792810,1,7,6,19.444032266989076
792811,1,7,6,6.822322703778061
792833,1,7,2,13.639447334591525
792841,1,7,1,19.537455958947376
792844,1,7,5,0.3586789934097332
792849,1,7,9,2.9180954831967023
792850,1,7,7,3.3352889948925646
792858,1,7,2,4.749115460460037
792889,1,7,8,24.106421089776745
792903,1,7,10,10.489923770373453
792913,1,7,6,6.830076858107852
792918,1,7,1,20.89468503824915
792952,1,7,4,0.3586790108976326
792967,1,7,8,16.730523736529637
792975,1,7,6,21.28706384942359
792985,1,7,10,11.553241347745955
793036,1,7,7,1.4247491102236602
793039,1,7,1,4.084580271178417
793052,1,7,7,4.480524036198563
793063,1,7,5,0.3586789934097332
793074,1,7,5,0.3586789934097332
793087,1,7,7,1.3106351213918532
793101,1,7,10,8.221111915393937
793109,1,7,10,6.695380057565229
793110,1,7,8,4.22828044639676
793118,1,7,4,0.3586790108976326
793121,1,7,6,5.82951400689765
793122,1,7,5,0.3586789949470627
793124,1,7,1,23.14941588633977
793129,1,7,10,10.658354929209462
793140,1,7,6,17.83000306003924
793148,1,7,2,12.29461285291727
793155,1,7,10,7.57066191432722
793175,1,7,6,14.576362868541766
793176,1,7,9,7.31231902374855
793189,1,7,8,16.622580212098594
793213,1,7,8,6.117965611939063
793230,1,7,4,0.3586790108976326
793237,1,7,6,5.563741331133326
793252,1,7,8,27.113643984187647
793257,1,7,9,18.280935983693666
793281,1,7,1,7.905396968147654
793284,1,7,2,4.201057072195156
793288,1,7,5,0.3586789934097332
793296,1,7,6,14.718599627838609
793316,1,7,8,16.358007039535064
793341,1,7,9,24.332306297866708
793343,1,7,9,23.054308089141887
793355,1,7,3,1.3857366430868774
793358,1,7,8,4.642244060490563
793364,1,7,9,15.912451170742614
793368,0,7,0,0.01611594850779698
793379,1,7,6,13.291488313114131
793382,1,7,8,15.793267430403807
793387,1,7,10,11.879411436573125
793388,1,7,1,8.232530744006311
793399,1,7,6,18.92244605330706
793405,1,7,8,6.228509763087295
793406,1,7,2,6.087990842911137
793425,1,7,4,0.358679009087165
793427,1,7,10,13.517052808532865
793428,1,7,6,14.605538427214363
793455,1,7,9,10.585094224537084
793470,1,7,6,18.84061222796851
793473,1,7,10,14.700394209247825
793474,1,7,6,21.626176205276817
793477,1,7,7,1.3452373027344262
793482,1,7,9,23.106769019429947
793513,1,7,6,12.973247910200548
793527,1,7,8,10.99346054211347
793530,1,7,6,20.66870781865395
793533,1,7,9,26.19203018356736
793539,1,7,8,24.922609560546405
793546,1,7,10,18.159799027727598
793561,1,7,6,7.239465157656675
793562,1,7,8,17.68591879413209
793571,1,7,7,3.296584238109746
793578,1,7,8,5.501179813611233
793620,0,7,0,0.0334833744102871
793630,1,7,9,5.213532983663227
793675,1,7,1,21.763228952934224
793682,1,7,10,7.384328641500389
793691,1,7,9,5.592033028918252
793708,1,7,8,25.615273576297703
793715,1,7,6,19.448495674845844
793718,1,7,8,15.409588447842841
793752,1,7,5,0.3586789934097332
793754,1,7,9,26.337045533813836
793764,1,7,8,21.711128899075867
793765,1,7,8,23.315233576236796
793767,1,7,5,0.3586789949470627
793774,1,7,8,12.7680428750144
793798,1,7,4,0.3586790108976326
793812,1,7,9,11.409431138544631
793813,1,7,2,13.541415077189122
793834,1,7,8,25.844337135954948
793838,1,7,10,7.719529781670619
793844,1,7,8,11.830212455320122
793858,1,7,4,0.3586790108976326
793865,1,7,7,2.5885281897141157
793891,1,7,8,16.080559251553375
793893,1,7,1,15.878926648998274
793896,1,7,5,0.3586789934097332
793898,1,7,4,0.3586790108976326
793899,1,7,5,0.3586789934097332
793900,1,7,8,19.36910471488407
793921,1,7,9,22.14397692488843
793924,1,7,9,12.406669103297135
793926,1,7,4,0.531669137596787
793931,1,7,7,4.2861072975345476
793934,1,7,10,8.368182668844288
793936,1,7,9,21.537952307256173
793942,1,7,6,20.44134710205662
793945,1,7,6,8.948621699665855
793960,1,7,4,0.3586790108976326
793964,0,7,0,0.03590444847593201
793965,1,7,8,24.85012220537729
793969,1,7,9,18.810445952852163
793972,1,7,10,20.251575676226047
794003,1,7,8,11.861173580917072
794011,1,7,9,15.626433019023661
794025,1,7,1,15.073388088608752
794043,0,7,0,0.026942666506121808
794045,1,7,9,8.162248951131712
794057,1,7,7,3.933253167409565
794064,1,7,8,10.895972305935851
794070,0,7,0,0.034779737850278006
794081,1,7,6,22.529253644623868
794105,1,7,6,13.773752415076537
794113,1,7,4,0.3586790108976326
794115,1,7,10,12.35830377315671
794137,1,7,8,22.666498357621794
794144,1,7,5,0.3586789934097332
794150,1,7,5,0.3586789934097332
794183,1,7,1,10.87449580355825
794189,1,7,9,9.124443031223233
794192,1,7,4,0.3586790108976326
794195,1,7,10,7.286318438811452
794196,1,7,10,14.57518917187217
794200,1,7,6,23.11339197938238
794209,1,7,8,23.64831384386561
794229,1,7,5,0.3586789934097332
794238,1,7,4,0.3586790108976326
794239,1,7,5,0.3586789934097332
794245,1,7,5,0.3586789934097332
794275,1,7,9,26.235347288285155
794306,1,7,9,10.18961111032487
794315,1,7,9,15.114636210140592
794323,1,7,7,2.866373092721428
794330,1,7,6,18.190596129116628
794344,1,7,7,4.4584688145803275
794359,0,7,0,0.013016913625317558
794362,1,7,6,23.061083652560256
794364,1,7,9,10.930794803824257
794372,1,7,8,5.170988243818928
794381,1,7,5,0.3586789949470627
794382,1,7,8,23.12067438238845
794384,1,7,8,11.329403625852414
794386,1,7,9,23.93678176104922
794402,1,7,6,17.788122577917644
794451,1,7,7,1.5020570566747724
794455,1,7,8,8.678735068485814
794475,1,7,9,18.83795006101485
794488,1,7,5,0.3586789934097332
794510,1,7,5,0.3586789934097332
794520,1,7,8,16.365298171599058
794522,1,7,7,4.601281331424999
794542,1,7,8,20.090792276727147
794552,1,7,6,7.167806322488243
794558,1,7,9,20.91218163811444
794562,1,7,4,0.3586790108976326
794565,1,7,9,16.169533389064622
794578,1,7,9,6.1103948559773515
794582,1,7,5,0.3586789934097332
794626,0,7,0,0.015621372198367386
794631,1,7,8,22.94250936286797
794641,1,7,5,0.3586789934097332
794663,1,7,9,25.659492082023995
794666,1,7,4,0.3586790108976326
794676,1,7,9,7.523586799599859
794691,1,7,10,13.194096383018218
794693,1,7,6,15.454720367905624
794695,1,7,8,11.809762908600634
794721,1,7,4,0.3586790108976326
794731,1,7,8,16.611116262766014
794734,1,7,10,14.119891643829046
794739,1,7,5,0.3586789949470627
794750,1,7,4,0.358679009087165
794755,1,7,8,18.45441887078811
794760,1,7,7,1.5803998754399429
794761,1,7,9,10.321323704155482
794766,1,7,5,0.3586789934097332
794775,1,7,5,0.3586789934097332
794784,1,7,8,14.861070659154556
794814,1,7,8,6.026490309939934
794845,1,7,9,25.607669108481954
794857,1,7,5,0.3586789934097332
794875,1,7,3,2.350145409271371
794881,1,7,5,0.3586789934097332
794884,0,7,0,0.017889977628097117
794906,1,7,10,17.600135550047547
794939,1,7,6,16.67522286901051
794950,1,7,1,14.377796029780589
794958,1,7,6,14.974627050570271
794963,1,7,3,0.9421711201682973
794977,1,7,9,23.85678789268289
794995,1,7,6,22.860246672091503
795014,1,7,10,4.544455382483426
795021,1,7,2,12.010495957647468
795035,1,7,6,13.175290238221685
795052,1,7,4,0.3586790108976326
795066,1,7,9,16.46165900906288
795069,1,7,5,0.3586789934097332
795102,0,7,0,0.024672078851361894
795104,1,7,8,12.127303999355519
795106,1,7,7,3.058618915623262
795113,0,7,0,0.012355645191234225
795133,1,7,5,0.3586789934097332
795154,1,7,5,0.3586789949470627
795163,1,7,5,0.3586789949470627
795170,1,7,8,14.27998354247878
795179,1,7,6,19.158694732453473
795183,1,7,5,0.3586789934097332
795184,1,7,4,0.3586790108976326
795193,1,7,8,20.595086078458362
795199,1,7,1,22.207199620051856
795219,1,7,9,24.105297074093997
795222,1,7,9,2.588729150519949
795224,1,7,10,7.79919601069266
795232,1,7,9,23.4926385706016
795246,1,7,5,0.3586789934097332
795259,1,7,6,14.953126838526009
795271,1,7,4,0.3586790108976326
795280,1,7,9,20.51678794773089
795288,1,7,2,13.355595789248937
795302,1,7,4,0.3586790108976326
795303,1,7,7,2.8801915521888457
795307,1,7,9,12.146022578524718
795312,1,7,7,4.510859152065144
795324,1,7,4,0.3586790108976326
795337,1,7,9,11.835966383594368
795341,1,7,6,8.759822233230462
795344,1,7,9,23.95861969692505
795346,1,7,2,14.033789207818952
795358,1,7,5,0.3586789934097332
795359,1,7,8,23.092709726217805
795360,1,7,4,0.3586790108976326
795363,1,7,4,0.3586790108976326
795365,1,7,4,0.3586790108976326
795366,1,7,1,21.568503175131358
795373,1,7,5,0.3586789949470627
795378,1,7,6,6.331416635755622
795379,1,7,5,0.3586789934097332
795391,1,7,5,0.3586789934097332
795398,1,7,2,11.123154814949018
795406,1,7,2,3.6987500268904783
795408,1,7,6,10.742236771365809
795416,0,7,0,0.02647776933242583
795418,1,7,8,28.465423969447706
795443,1,7,6,12.136690637412272
795451,1,7,5,0.3586789934097332
795454,1,7,4,0.3586790108976326
795468,1,7,5,0.3586789934097332
795469,1,7,6,9.753379911429626
795470,1,7,8,27.834231744034653
795479,1,7,9,23.00065862183765
795495,1,7,1,22.675170395333584
795496,1,7,6,19.61812998127746
795497,1,7,8,18.922731598724518
795506,1,7,5,0.3586789934097332
795507,1,7,10,3.887186683990993
795528,1,7,10,7.00195833342442
795532,1,7,9,16.028429736226176
795533,1,7,1,12.607182190782769
795534,1,7,9,3.6454547894711182
795547,1,7,6,20.539257957565994
795552,1,7,6,7.8648196229764125
795561,1,7,7,2.228971030058759
795566,1,7,6,6.113940877492029
795585,1,7,1,6.528731457608073
795603,1,7,8,25.82779245382915
795618,1,7,10,11.980031237571575
795623,0,7,0,0.026625347229642767
795632,0,7,0,0.020134312412017675
795638,1,7,10,8.294617785500009
795658,1,7,6,17.383837289678564
795668,1,7,9,15.271175749675233
795672,1,7,9,25.926542286728854
795688,1,7,4,0.3586790108976326
795718,1,7,10,12.814869640943721
795726,1,7,10,12.022040989203974
795743,1,7,4,0.3586790108976326
795759,1,7,5,0.3586789934097332
795764,1,7,8,25.304370288032196
795773,1,7,6,10.629517436038784
795784,1,7,5,0.3586789934097332
795791,1,7,5,0.3586789934097332
795817,1,7,6,19.8104745477041
795820,1,7,6,6.137730804301226
795828,1,7,10,2.9723569665531664
795833,1,7,8,19.12724902464629
795847,1,7,5,0.3586789934097332
795855,1,7,4,0.3586790108976326
795868,1,7,7,4.155232775150088
795873,1,7,4,0.3586790108976326
795879,1,7,9,25.49468800498409
795888,1,7,10,20.340288847106002
795890,1,7,10,18.77333578550238
795897,1,7,6,23.85230570650093
795921,1,7,5,0.3586789934097332
795930,1,7,6,9.942007346093169
795935,1,7,8,2.7025450061632386
795962,0,7,0,0.01609538076783916
795964,1,7,10,11.535973602757927
795966,1,7,6,17.86446180252065
795975,1,7,7,3.2679953842427967
795976,1,7,4,0.3586790108976326
795987,1,7,5,0.3586789934097332
795994,1,7,9,7.205313714371822
795997,1,7,8,16.356554497226348
795998,1,7,6,12.342731862358294
796001,1,7,4,0.3586790108976326
796002,1,7,7,3.859874967506396
796006,1,7,10,15.426714723442185
796019,1,7,5,0.3586789934097332
796029,1,7,7,2.5864050853121943
796046,1,7,10,12.166557092495497
796047,1,7,8,12.27103093040994
796052,1,7,8,12.435607447320004
796055,1,7,1,21.207559540071937
796070,1,7,7,0.35957591964413377
796082,1,7,1,22.85647283291496
796084,1,7,9,14.976371109731167
796100,1,7,10,13.067480885036733
796108,1,7,8,7.766553814422578
796117,0,7,0,0.12114480331256997
796138,1,7,5,0.3586789934097332
796140,1,7,1,6.318987599682315
796150,1,7,7,4.138986712633779
796160,1,7,7,4.217827464810499
796202,1,7,9,19.115864284769938
796218,1,7,6,8.469652949140507
796219,1,7,6,15.398888652276266
796234,1,7,6,18.066197043084692
796258,1,7,5,0.3586789934097332
796261,1,7,6,23.40886982498592
796266,1,7,6,16.809403751090024
796280,1,7,6,6.2044692345849075
796287,0,7,0,0.023317640068772884
796289,1,7,9,18.89918731016344
796316,1,7,9,9.311552556660466
796317,1,7,5,0.3586789934097332
796319,1,7,1,20.603199043229694
796349,1,7,10,4.9564836154481595
796353,1,7,10,9.453600993317542
796354,1,7,1,18.248880271581402
796370,1,7,6,13.496491676243853
796372,1,7,3,1.7956039971814772
796382,1,7,4,0.3586790108976326
796383,1,7,6,21.34163958467323
796386,1,7,9,12.173333110219367
796390,0,7,0,0.0237901345978523
796406,1,7,10,21.082540396809133
796409,1,7,4,0.3586790108976326
796437,1,7,6,7.443160787518095
796456,1,7,4,0.3586790108976326
796462,1,7,10,13.711438770427177
796469,1,7,7,3.515437887859258
796470,1,7,5,0.3586789934097332
796480,1,7,4,0.3586790108976326
796492,1,7,7,0.3445165800871254
796496,1,7,9,24.56507891261199
796505,0,7,0,0.18936718376339964
796512,1,7,5,0.3586789934097332
796525,1,7,2,13.832300810041808
796527,1,7,4,0.3586790108976326
796528,1,7,10,10.650774266620601
796537,0,7,0,0.01321140543880192
796544,1,7,8,26.974632687716696
796546,1,7,1,18.976543460064878
796563,1,7,10,17.527718976908307
796590,1,7,6,7.19448051069905
796610,1,7,10,8.310850274982942
796629,1,7,6,12.353567618528876
796651,1,7,6,18.074881061863817
796678,1,7,9,7.458904057904593
796686,1,7,2,9.48973218355406
796707,1,7,5,0.3586789934097332
796712,1,7,10,7.677238735013368
796720,0,7,0,0.014560067557889002
796732,1,7,9,7.414614907719254
796747,1,7,2,7.572332262947414
796749,1,7,8,28.43375628223224
796758,0,7,0,0.035641721813144546
796762,1,7,6,9.369934988262871
796771,1,7,8,9.576953208603657
796774,1,7,9,26.003976454277243
796788,1,7,3,2.4027492480619186
796803,1,7,6,22.06518423572548
796807,1,7,9,5.992177348172939
796837,1,7,4,0.3586790108976326
796871,1,7,5,0.3586789934097332
796898,1,7,8,12.55417977695267
796902,1,7,6,23.788991683408177
796928,1,7,6,9.922420969218884
796952,0,7,0,0.016520355917399827
796963,1,7,8,23.937388619094914
796973,0,7,0,0.024519018201610666
796987,0,7,0,0.013291697597838359
796989,1,7,8,26.429395633997174
797015,1,7,8,15.496960023258968
797017,1,7,6,7.410564730207424
797018,1,7,6,11.616429095263303
797020,1,7,9,10.66595384534879
797022,1,7,10,11.271905320858348
797023,1,7,4,0.3586790108976326
797026,1,7,9,24.55503007439119
797032,1,7,6,22.588027333364955
797039,1,7,8,9.528022972729255
797069,1,7,6,17.405395285502873
797073,1,7,10,11.026117682438628
797076,1,7,4,0.3586790108976326
797080,1,7,4,0.3586790108976326
797082,0,7,0,0.013545011020843956
797095,1,7,10,21.30619870980417
797101,1,7,6,23.562619846786212
797111,1,7,7,2.983741424191775
797121,1,7,9,13.754972276932314
797126,1,7,9,18.91095589443429
797159,1,7,8,24.603883806414775
797161,1,7,6,5.71943573438449
797166,1,7,9,24.13212639944955
797174,1,7,8,28.518000049212763
797199,1,7,6,11.15336479100649
797240,1,7,4,0.3586790108976326
797242,1,7,9,18.344045842420233
797261,1,7,4,0.3586790108976326
797269,0,7,0,0.029126723241773903
797285,1,7,9,23.53308389996998
797297,1,7,6,19.437704140871894
797329,1,7,4,0.3586790108976326
797345,1,7,5,0.3586789934097332
797349,1,7,10,15.359002910113038
797367,1,7,6,22.74523728133253
797377,1,7,6,22.125665827677775
797382,1,7,9,10.018082095705775
797388,1,7,5,0.3586789934097332
797389,1,7,4,0.3586790108976326
797391,1,7,8,24.712392254540433
797412,1,7,5,0.3586789934097332
797418,1,7,9,17.11747686925823
797425,1,7,5,0.3586789934097332
797428,1,7,6,10.233771739536673
797437,1,7,9,18.63301515644197
797465,1,7,3,0.9395959631471855
797490,1,7,1,19.425401504850328
797495,1,7,9,10.698231976955686
797497,1,7,4,0.3586790108976326
797501,1,7,9,10.841528692931796
797517,1,7,1,4.423082947513041
797529,1,7,6,11.859022876843998
797542,1,7,7,3.2391910151924272
797593,1,7,10,3.644358018361781
797608,1,7,4,0.3586790108976326
797628,1,7,10,9.730944588571369
797651,1,7,8,23.769649092579137
797652,1,7,5,0.3586789934097332
797655,1,7,1,17.829158199273255
797668,1,7,5,0.3586789934097332
797677,1,7,9,24.434943747945695
797685,1,7,5,0.3586789934097332
797700,1,7,6,12.362350583824261
797705,1,7,5,0.3586789934097332
797707,1,7,10,15.583457698885343
797734,1,7,6,19.18528242180551
797744,0,7,0,0.03015022891894148
797745,1,7,9,14.239793079180874
797749,1,7,6,10.155778388638032
797752,1,7,5,0.3586789934097332
797759,1,7,10,20.465031821262418
797761,1,7,6,18.976655995927402
797774,1,7,8,3.810407127659001
797784,1,7,1,22.20541768359036
797789,1,7,4,0.3586790108976326
797793,1,7,2,12.365721641933858
797806,1,7,9,22.37957006538478
797819,1,7,4,0.3586790108976326
797831,1,7,6,18.156403156908095
797832,1,7,3,1.345902042178056
797835,1,7,5,0.3586789934097332
797838,1,7,9,12.168066606623066
797844,1,7,7,2.7836916079043035
797856,1,7,9,18.619135413473188
797857,1,7,9,22.170164940729265
797876,1,7,4,0.3586790108976326
797877,0,7,0,0.02139466653488039
797882,1,7,5,0.3586789934097332
797889,1,7,9,0.3597520045570312
797890,1,7,5,0.3586789934097332
797892,1,7,8,11.233114869483622
797909,1,7,6,16.608702738817044
797924,1,7,4,0.3586790108976326
797935,1,7,1,15.991097090763455
797957,0,7,0,0.017063277608600772
797964,1,7,9,21.00427658789924
797970,1,7,6,22.010415397958994
797971,1,7,6,8.384609424136121
798006,0,7,0,0.07312727297356798
798010,1,7,2,10.549982105238994
798011,1,7,9,23.206447509820546
798019,1,7,9,26.079655767469944
798027,1,7,3,1.3002287718922196
798031,1,7,9,21.074177564173386
798034,1,7,8,14.0649469257477
798036,1,7,5,0.3586789934097332
798056,1,7,8,25.823377876910328
798061,1,7,7,4.246055341600024
798066,1,7,8,9.75976357879666
798081,1,7,8,14.48575906745076
798091,1,7,8,23.120774130917972
798098,1,7,9,18.379756711018224
798105,1,7,6,14.336685763405283
798119,1,7,1,18.17780266795232
798125,1,7,8,26.44085124349105
798133,1,7,9,22.169449365506043
798144,1,7,4,0.3586790108976326
798148,1,7,9,5.787460269954199
798155,1,7,8,5.724267540049438
798166,1,7,5,0.3586789934097332
798170,1,7,3,2.383838602890565
798174,1,7,8,25.648247437850873
798176,1,7,8,8.845569697538492
798181,1,7,5,0.3586789934097332
798192,1,7,5,0.3586789934097332
798203,1,7,9,13.888539866812502
798209,1,7,10,18.907655360876383
798231,1,7,7,2.1131746271948266
798261,0,7,0,0.01568453773592906
798270,1,7,1,16.028039734253397
798275,1,7,4,0.358679009087165
798276,1,7,8,9.657807563532508
798278,1,7,7,2.563280751633809
798280,1,7,10,20.521804748707282
798327,1,7,4,0.3586790108976326
798329,1,7,6,16.105438133870074
798330,1,7,7,2.7544224486187003
798336,0,7,0,0.01812721305826335
798372,1,7,6,11.850110776582806
798389,1,7,1,11.658291631426922
798397,1,7,1,22.350535252363475
798419,1,7,2,9.028263718317325
798421,1,7,4,0.3586790108976326
798434,1,7,6,23.399477721129465
798449,1,7,6,18.948976906356926
798452,1,7,8,17.10443634354247
798463,1,7,8,16.6598260560392
798469,1,7,9,24.907373524850026
798470,1,7,9,25.69567448714885
798478,1,7,4,0.3586790108976326
798479,1,7,10,14.598090362194023
798507,1,7,9,21.054780229166106
798519,1,7,6,15.093250293747234
798568,1,7,5,0.3586789934097332
798591,1,7,6,13.341893559491307
798597,1,7,9,5.24345030441334
798605,1,7,6,17.841706459981626
798620,1,7,6,23.23984078151309
798634,1,7,6,21.333216991905065
798637,1,7,9,25.80289611213441
798647,1,7,8,3.750960823295044
798671,1,7,9,15.379511494469165
798675,1,7,2,10.407621948618404
798687,1,7,5,0.3586789934097332
798700,1,7,7,4.145262907527334
798704,1,7,8,23.181043503366375
798708,1,7,6,21.306392742671903
798711,1,7,5,0.3586789934097332
798713,1,7,8,10.426588917681881
798719,1,7,10,11.72982163683559
798722,1,7,9,22.156480791915754
798725,1,7,1,3.9188642771793876
798738,1,7,9,3.258754034824634
798744,1,7,5,0.3586789934097332
798761,1,7,9,5.764274307020738
798767,1,7,9,13.1705117333252
798770,1,7,4,0.3586790108976326
798772,1,7,7,2.3317624984484384
798785,1,7,5,0.3586789934097332
798795,0,7,0,0.019294747295868147
798806,1,7,9,25.5801852465116
798811,1,7,6,17.48194523339698
798816,1,7,8,24.273653602220445
798870,1,7,9,6.765614311055119
798872,1,7,8,28.126489287524013
798888,0,7,0,0.03780686420776152
798899,1,7,3,1.2199954062672826
798902,0,7,0,0.015232910181647531
798907,1,7,6,15.596296424590243
798930,1,7,8,12.483008352620443
798934,1,7,4,0.3586790108976326
798939,0,7,0,0.016740579041042546
798952,1,7,10,5.477493354022719
798961,1,7,10,21.24897780353526
798972,1,7,8,24.01851021049476
798981,1,7,10,2.981409730792451
798987,1,7,8,21.625715096700656
799009,1,7,4,0.3586790108976326
799035,1,7,8,27.323337314712195
799036,1,7,3,2.0321305967520202
799042,1,7,8,14.935208293326733
799044,1,7,10,21.106074716144757
799048,1,7,1,21.07379445720483
799053,1,7,5,0.3586789934097332
799057,1,7,8,23.36283462274863
799075,1,7,3,2.3483527228529772
799076,1,7,9,19.91456316023159
799082,0,7,0,0.011725290281324463
799108,1,7,5,0.3586789934097332
799115,1,7,4,0.3586790108976326
799123,1,7,10,10.845820258015163
799129,1,7,4,0.3586790108976326
799133,1,7,2,12.124128618327143
799144,1,7,9,7.768472502948797
799145,1,7,8,15.983372272218764
799160,1,7,8,3.7873412873615635
799161,0,7,0,0.025956652588224084
799176,0,7,0,0.04449817832738574
799179,1,7,8,25.821667404578953
799190,1,7,9,21.087647921396684
799194,1,7,10,18.589285575570543
799196,1,7,1,18.041063707842756
799199,1,7,6,16.696093408879374
799213,1,7,7,2.2916327917436043
799215,1,7,9,16.449180309109995
799233,1,7,9,17.283183394822977
799268,1,7,1,15.154134980427704
799275,1,7,5,0.3586789934097332
799278,1,7,7,2.8055055167443603
799307,1,7,9,22.922291986126247
799321,1,7,4,0.3586790108976326
799330,1,7,10,20.963994525675353
799337,1,7,6,18.888237388337796
799358,1,7,1,15.623151214293229
799359,1,7,9,4.915255669926194
799375,1,7,9,23.75169666684843
799377,1,7,9,24.093118007341904
799379,1,7,10,14.416006076318421
799380,1,7,10,19.118207463589478
799394,1,7,8,25.57788784428196
799396,1,7,5,0.3586789934097332
799398,1,7,8,20.588866409682808
799405,1,7,5,0.3586789934097332
799428,1,7,9,15.208189354680798
799429,1,7,7,4.29383470297969
799435,1,7,9,24.394075407181283
799445,1,7,6,23.85948733150281
799460,1,7,9,20.347937369720356
799461,1,7,7,1.5663574388392614
799482,1,7,2,8.467163435954635
799486,1,7,6,19.202235815857435
799501,1,7,9,24.380186140141483
799502,1,7,10,17.095154340816006
799517,1,7,7,2.1126973475089996
799518,1,7,3,1.1753735313340268
799524,1,7,7,3.5130075881725715
799533,1,7,1,16.78749565362822
799544,0,7,0,0.01641370752732874
799547,1,7,9,23.027065177395432
799548,1,7,9,26.41821313239817
799551,1,7,9,20.6466006114896
799552,1,7,3,2.40174432078429
799575,1,7,7,4.379154928566509
799576,1,7,3,2.357277425702121
799587,1,7,1,14.056319384548695
799591,1,7,5,0.3586789934097332
799599,1,7,9,13.51086989084549
799608,1,7,6,22.59265809984555
799618,1,7,1,13.202849940809012
799624,1,7,6,7.5873648346257605
799629,1,7,4,0.3586790108976326
799645,1,7,10,14.427821144386646
799653,1,7,1,13.786451313095428
799656,1,7,8,8.273952803838727
799657,1,7,10,17.21428189690021
799675,1,7,5,0.3586789934097332
799681,1,7,5,0.3586789934097332
799698,1,7,10,19.38877434454539
799714,1,7,4,0.3586790108976326
799717,1,7,9,24.318422099425472
799722,1,7,5,0.3586789934097332
799730,1,7,2,5.930055169315476
799732,1,7,9,6.525944563685552
799738,1,7,8,24.03356557375752
799740,1,7,6,8.859695997819363
799758,1,7,1,10.846657632557255
799770,1,7,8,27.386738252992274
799772,1,7,10,21.22638575933404
799775,1,7,10,20.730785818068686
799795,1,7,8,12.465412185854955
799802,1,7,10,16.310401732980786
799816,1,7,4,0.3586790108976326
799818,1,7,6,17.229703570916577
799827,1,7,9,13.427496554916008
799828,1,7,4,0.3586790108976326
799840,1,7,6,13.668586071109495
799844,1,7,1,7.6410825846580455
799845,1,7,10,5.077343236720359
799846,1,7,10,10.542433723247413
799856,1,7,5,0.3586789934097332
799865,1,7,10,8.067941753082431
799893,1,7,6,23.499801433921387
799894,1,7,4,0.3586790108976326
799902,0,7,0,0.05350505587035551
799909,1,7,8,18.464881759221377
799912,1,7,6,22.120186965999274
799926,1,7,1,16.209560948616286
799933,1,7,5,0.3586789934097332
799936,1,7,9,16.96467718604132
799977,1,7,9,8.072377049080764
799990,1,7,9,11.546755718211537
800015,1,7,10,12.716229160501658
800018,1,7,9,6.35309090661919
800035,1,7,8,11.177044105833472
800036,1,7,8,25.493655350497168
800067,1,7,9,13.523087031524978
800090,1,7,9,16.05991225083155
800117,1,7,9,12.019590677323983
800122,0,7,0,0.02673190451833045
800129,1,7,3,1.8682640149633662
800134,1,7,8,26.495113674610383
800142,1,7,5,0.3586789949470627
800169,1,7,8,21.916947444435035
800183,1,7,5,0.3586789934097332
800192,1,7,3,2.4513622244397855
800194,1,7,5,0.3586789934097332
800200,1,7,6,13.265094231156777
800216,1,7,1,6.6080713615837485
800217,1,7,10,16.82200277566061
800241,1,7,8,25.73046529757132
800244,1,7,4,0.3586790108976326
800259,1,7,10,11.247535542717284
800262,1,7,5,0.3586789934097332
800270,1,7,9,12.884299392686012
800274,1,7,8,16.089923568586382
800282,1,7,6,21.789086118730435
800284,1,7,1,13.227148276030919
800290,1,7,7,0.8661494789374434
800308,1,7,5,0.3586789934097332
800326,1,7,9,22.79443241207302
800335,1,7,5,0.3586789934097332
800336,1,7,6,12.235894461170465
800377,1,7,8,27.823814197923557
800380,1,7,4,0.3586790108976326
800382,1,7,9,7.307884454588828
800389,1,7,1,5.106015568719697
800391,1,7,10,12.439168867213272
800400,1,7,10,5.9675869423967445
800405,1,7,3,2.4306297797406686
800413,1,7,1,6.279459457132508
800459,1,7,4,0.3586790108976326
800461,1,7,6,8.149807822007443
800470,1,7,9,15.222753968150965
800497,1,7,9,26.02428638515238
800518,1,7,1,4.223108690797224
800527,1,7,2,11.111950317827699
800528,1,7,4,0.3586790108976326
800530,1,7,4,0.3586790108976326
800533,1,7,5,0.3586789934097332
800538,1,7,5,0.3586789934097332
800540,1,7,6,22.06132866671053
800541,1,7,8,19.36201028805086
800545,1,7,10,9.32512008130926
800551,1,7,6,8.331954664339852
800556,1,7,10,7.773952646849904
800560,1,7,9,25.59988281226747
800574,1,7,8,2.885075725083813
800578,1,7,9,26.04630306944302
800582,1,7,5,0.3586789934097332
800596,1,7,2,2.6295242027477417
800614,1,7,9,16.72686238292317
800629,1,7,4,0.3586790108976326
800648,1,7,4,0.3586790108976326
800654,1,7,10,17.560018998628443
800656,1,7,4,0.3586790108976326
800665,1,7,6,23.612278965546068
800666,1,7,6,8.581332533042257
800671,1,7,5,0.3586789934097332
800674,1,7,10,7.767491866650676
800681,1,7,1,4.486722597622936
800686,0,7,0,0.2123409566128794
800691,1,7,10,7.197028720319114
800698,1,7,3,2.241333340417747
800705,1,7,4,0.3586790108976326
800708,1,7,9,15.062969929573418
800717,1,7,4,0.358679009087165
800725,1,7,4,0.358679009087165
800735,1,7,1,14.272387073677542
800755,1,7,9,24.760055367451574
800756,1,7,9,2.1619156289745556
800758,0,7,0,0.02374375727418372
800768,1,7,8,12.629168995385031
800784,1,7,5,0.3586789934097332
800785,1,7,7,2.398307154961545
800802,1,7,4,0.3586790108976326
800811,1,7,9,24.619723526977396
800815,1,7,8,4.158311971471835
800857,1,7,8,19.659937658371195
800883,1,7,6,6.5265058285622
800884,1,7,2,7.717926215125355
800894,1,7,10,12.723772828546098
800901,1,7,4,0.3586790108976326
800911,1,7,9,11.81137490667849
800919,1,7,1,12.699776119177704
800925,1,7,5,0.3586789934097332
800929,1,7,9,24.710601414741593
800931,1,7,2,9.558727119818284
800933,1,7,9,18.882173484677143
800935,1,7,6,21.822238359798373
800942,1,7,8,10.617573859090605
800944,1,7,8,6.992459436329768
800945,1,7,4,0.3586790108976326
800946,0,7,0,0.01888702556220132
800978,1,7,4,0.3586790108976326
800991,1,7,8,9.362218868453246
800996,0,7,0,0.01754363204719577
800997,1,7,1,15.485651911980959
801006,1,7,5,0.3586789949470627
801014,1,7,3,2.458606963507554
801022,1,7,9,15.406733766251229
801033,1,7,8,8.822929923812312
801045,1,7,6,4.987639019295379
801049,0,7,0,0.014127025719043151
801056,1,7,6,11.809806602032024
801081,1,7,8,15.896743230584907
801092,1,7,5,0.3586789934097332
801093,1,7,2,9.800811145373851
801140,1,7,10,12.111612777711766
801161,1,7,9,25.296731514286108
801172,1,7,6,5.953126349967917
801180,1,7,1,9.205619872608857
801192,1,7,1,17.3822653440635
801202,1,7,8,27.97867308190119
801209,1,7,1,19.655661653283044
801210,1,7,5,0.3586789934097332
801222,1,7,2,1.4620831509678547
801244,1,7,8,17.462026724352047
801275,1,7,9,16.165488070582235
801309,1,7,10,11.946993973311109
801320,1,7,8,24.927680937978135
801326,1,7,8,22.501980008855114
801354,1,7,6,23.49127642673866
801360,1,7,5,0.3586789934097332
801365,1,7,9,23.48401968298606
801381,1,7,5,0.3586789934097332
801394,1,7,4,0.3586790108976326
801402,1,7,7,2.9722969761601554
801403,1,7,8,19.587217766763278
801404,1,7,6,17.33163474866349
801405,1,7,7,3.6885449673520605
801436,1,7,9,6.121769473231459
801446,1,7,9,17.42865200166479
801459,1,7,6,22.199203972077758
801465,1,7,3,2.175139068634161
801477,1,7,10,18.1007377847262
801487,0,7,0,0.02912250095571264
801488,0,7,0,0.02650651240765913
801489,1,7,5,0.3586789934097332
801505,1,7,4,0.3586790108976326
801509,1,7,8,3.1031842169414756
801516,1,7,8,12.738290995152003
801530,1,7,1,18.02604772857303
801538,1,7,1,6.20534101217651
801540,1,7,7,0.8150332613721829
801547,1,7,8,23.626028806810133
801559,1,7,1,13.057142121518854
801570,1,7,10,10.82205386360399
801575,1,7,5,0.3586789934097332
801585,1,7,6,7.239219535620253
801590,1,7,4,0.3586790108976326
801600,1,7,5,0.3586789934097332
801601,1,7,9,26.090077826615175
801610,1,7,6,23.295916614796685
801623,1,7,10,12.107886119679419
801635,1,7,9,24.14401264505794
801656,1,7,7,3.9783952386745374
801660,1,7,3,2.3737790015816347
801661,1,7,10,4.679036440761641
801662,1,7,7,4.100255491079104
801664,1,7,7,3.757478432124915
801722,1,7,8,18.041445543225617
801741,1,7,9,5.054343673854771
801752,1,7,6,20.516986958450694
801753,1,7,7,4.340166229412193
801788,0,7,0,0.02816083728562071
801790,1,7,10,21.240317781674626
801802,1,7,9,25.015159637221927
801817,1,7,8,14.824656820840438
801828,1,7,4,0.3586790108976326
801830,1,7,4,0.3586790108976326
801842,1,7,9,19.510747324751613
801845,1,7,3,2.3433351841794745
801846,1,7,5,0.3586789934097332
801859,1,7,8,22.704459879099257
801882,1,7,7,0.8754449202388349
801888,1,7,5,0.3586789934097332
801889,1,7,8,25.810694569212828
801901,1,7,5,0.3586789934097332
801913,1,7,10,19.954503661283496
801930,1,7,3,1.5656509687187796
801953,1,7,5,0.3586789934097332
801992,1,7,6,6.953164480104372
802012,1,7,5,0.3586789934097332
802015,1,7,8,28.199310733466355
802022,1,7,8,4.6571716660392095
802026,1,7,4,0.3586790108976326
802037,1,7,5,0.3586789934097332
802062,0,7,0,0.04086735575624931
802065,1,7,9,8.21318814537177
802072,1,7,8,9.803059356156805
802094,1,7,6,8.805164582494024
802101,1,7,7,3.491570836451026
802104,1,7,6,9.830630117494426
802118,1,7,4,0.358679009087165
802121,1,7,8,6.8093218352220255
802169,1,7,5,0.3586789934097332
802183,1,7,1,14.109291079906821
802190,0,7,0,0.03603580186376614
802199,1,7,8,19.331541992296245
802217,1,7,9,23.31501083294461
802226,1,7,1,13.765540025625265
802231,1,7,2,10.109528183125782
802242,1,7,6,6.216217473721861
802245,1,7,8,27.8269731523275
802248,1,7,9,6.309926599363588
802252,1,7,9,14.372810278750464
802256,1,7,6,14.112319173862888
802274,1,7,9,12.920228976191076
802281,1,7,1,6.542250605846617
802303,1,7,6,11.005447552268876
802332,1,7,6,20.293549045329378
802367,0,7,0,0.0163928291651323
802371,1,7,6,17.829601726299902
802375,1,7,8,7.241209735666817
802391,1,7,6,18.951262686994415
802394,1,7,1,10.666007501676093
802398,1,7,6,18.39262103345974
802408,1,7,9,14.142494087489464
802421,1,7,6,5.260485152564394
802424,1,7,3,2.3592923974502464
802433,1,7,9,15.238619762005788
802445,1,7,3,2.041788477429486
802447,0,7,0,0.2928686445130737
802473,1,7,8,23.401137509389194
802503,1,7,9,14.208552677021595
802519,1,7,9,25.892279792339522
802522,1,7,10,12.192339185050496
802531,1,7,9,10.730906510891186
802580,1,7,9,18.262068609649067
802607,1,7,9,20.030451875004267
802608,1,7,5,0.3586789934097332
802641,1,7,5,0.3586789934097332
802645,1,7,9,8.835490325344937
802664,1,7,10,21.153063840649292
802668,1,7,8,16.425633686491377
802669,1,7,5,0.3586789934097332
802694,1,7,8,25.511200626810666
802707,1,7,6,18.290421114163646
802720,1,7,9,22.27431240257783
802738,1,7,5,0.3586789934097332
802764,1,7,4,0.3586790108976326
802766,1,7,6,23.079271813830424
802774,1,7,1,22.695335363847377
802781,1,7,8,25.78480641025048
802787,1,7,5,0.3586789934097332
802812,1,7,8,23.181669265878885
802818,1,7,9,8.609216072906523
802828,1,7,10,5.144578462422954
802834,1,7,6,10.596196138423203
802858,1,7,6,8.102831654511379
802865,1,7,4,0.3586790108976326
802870,1,7,10,17.18854913137312
802872,1,7,7,1.695895418287615
802888,1,7,4,0.3586790108976326
802890,1,7,4,0.3586790108976326
802893,1,7,6,23.96705955459814
802906,1,7,9,19.788551385777776
802917,1,7,9,17.608951801721506
802934,1,7,2,13.677223938484449
802936,1,7,8,10.624065413293447
802948,1,7,9,23.965261823561733
802949,1,7,8,24.75956201275517
802961,1,7,5,0.3586789934097332
802983,1,7,4,0.3586790108976326
802996,1,7,1,9.195561485835336
803002,0,7,0,0.01514307599182008
803012,1,7,4,0.3586790108976326
803022,1,7,9,23.019560233714454
803030,0,7,0,0.09096615852374486
803049,1,7,5,0.3586789934097332
803055,1,7,4,0.3586790108976326
803070,1,7,6,13.508170403514223
803083,1,7,10,16.615195479642935
803085,1,7,9,12.322904256965671
803095,1,7,2,8.629844187137255
803096,1,7,1,19.576473647143168
803101,0,7,0,0.025985148102127372
803113,1,7,7,1.1827118318978909
803125,1,7,8,28.513442692126944
803127,1,7,1,14.267444236670396
803131,1,7,6,16.306744911470965
803133,1,7,9,24.53282565484551
803157,1,7,10,8.333148819700831
803166,1,7,2,6.298957841408522
803190,1,7,5,0.3586789934097332
803206,1,7,10,11.49104535983991
803228,1,7,3,2.3646282137993793
803245,1,7,9,10.81219084848238
803250,1,7,8,26.148167443956975
803252,0,7,0,0.01783277606918544
803291,1,7,5,0.3586789949470627
803295,1,7,6,10.350147687343428
803298,0,7,0,0.019959273632018906
803304,1,7,7,1.912899051122824
803315,1,7,1,18.18959552537992
803318,1,7,2,5.148305754670832
803329,1,7,6,21.815150753875052
803332,1,7,7,3.1424386060181133
803343,1,7,8,5.185829546856076
803355,1,7,4,0.3586790108976326
803358,1,7,8,4.443683087316269
803366,1,7,7,0.9557016997656191
803372,1,7,5,0.3586789934097332
803375,1,7,3,2.3449936544517924
803378,1,7,8,16.07870014038739
803384,1,7,5,0.3586789934097332
803394,1,7,9,11.333339073936834
803396,1,7,10,16.411904902199215
803402,1,7,9,26.33068128845364
803405,0,7,0,0.01876218210772905
803406,1,7,1,20.02368242159077
803419,1,7,5,0.3586789934097332
803427,0,7,0,0.01620953802899918
803429,1,7,6,9.332976171943603
803446,1,7,5,0.3586789934097332
803450,1,7,7,2.301442348123886
803455,1,7,5,0.3586789934097332
803457,1,7,9,8.66624434643255
803458,1,7,9,25.931236237117982
803459,1,7,6,23.799076175604917
803473,1,7,6,16.190525335779046
803485,1,7,3,2.4069150370955494
803487,1,7,9,8.5648769267915
803488,1,7,7,1.686789680688437
803489,1,7,6,17.479696467881567
803490,1,7,8,18.185753684123345
803502,1,7,8,8.436088176440435
803514,1,7,4,0.3586790108976326
803519,1,7,6,8.865421263776433
803524,1,7,4,0.3586790108976326
803530,1,7,7,2.3073189965631324
803532,1,7,1,19.908559003284466
803539,1,7,6,21.237617870181992
803546,1,7,10,20.735933992419646
803559,1,7,5,0.3586789934097332
803565,1,7,9,12.393131927621361
803569,1,7,8,6.585090273787257
803573,1,7,8,24.67398709724506
803588,1,7,5,0.3586789934097332
803593,1,7,1,9.68627922301271
803597,1,7,2,6.437802173464527
803614,1,7,6,17.48628851884346
803616,1,7,2,11.787742721137581
803633,1,7,8,14.151495263825643
803637,1,7,8,15.947198623173152
803641,1,7,8,5.583193759024542
803642,1,7,4,0.3586790108976326
803651,1,7,7,4.157826595482576
803668,1,7,4,0.3586790108976326
803671,1,7,9,6.801506591129951
803675,1,7,5,0.3586789934097332
803688,1,7,5,0.3586789934097332
803693,1,7,4,0.3586790108976326
803696,1,7,7,0.9875858722451094
803709,1,7,10,12.410350507514524
803720,1,7,10,10.784949788164505
803728,1,7,10,5.635959242144391
803773,1,7,4,0.3586790108976326
803774,1,7,10,14.592101545038316
803779,1,7,8,28.011455870343223
803781,1,7,4,0.3586790108976326
803805,1,7,5,0.3586789934097332
803814,1,7,5,0.3586789934097332
803842,1,7,10,4.733715306406748
803844,1,7,4,0.3586790108976326
803859,1,7,7,4.608357876786306
803874,1,7,9,25.30719361829601
803887,1,7,6,23.137832338552574
803900,1,7,8,21.640029198609106
803910,1,7,8,16.299537506852747
803911,1,7,4,0.3586790108976326
803913,1,7,7,0.3433134063403859
803918,1,7,9,14.551768501210699
803919,1,7,10,19.964899263485105
803927,1,7,9,14.486671839202751
803929,1,7,6,3.8809889503439075
803950,1,7,8,15.434452255396321
803960,1,7,10,13.355842529148989
803984,1,7,7,1.3391134124153268
803988,1,7,7,2.8413676182810836
803993,1,7,5,0.3586789934097332
803994,1,7,5,0.3586789934097332
804028,1,7,6,14.43937337202755
804029,0,7,0,0.015153477940949378
804036,1,7,4,0.3586790108976326
804052,1,7,8,7.378010191923088
804063,1,7,4,0.358679009087165
804070,1,7,9,13.146736500647624
804084,1,7,5,0.3586789934097332
804093,1,7,8,11.999842493363596
804117,1,7,7,3.7978229871891114
804123,1,7,6,11.018700012026592
804129,1,7,5,0.3586789934097332
804130,1,7,1,23.069088546859778
804142,1,7,1,6.086231755464096
804145,1,7,6,23.03876501750257
804155,1,7,8,8.02851535024389
804157,1,7,7,3.9288493521018815
804167,1,7,6,14.766956014931736
804174,1,7,8,26.492307046268706
804189,1,7,4,0.3586790108976326
804190,1,7,9,12.39059547845297
804208,1,7,9,23.268703137973368
804214,1,7,7,4.287403146090498
804225,1,7,6,9.735564204540248
804237,1,7,10,15.272582020021943
804240,1,7,5,0.3586789934097332
804255,1,7,6,21.803223503646375
804261,1,7,10,11.79288836684178
804272,1,7,10,4.12897713233618
804295,1,7,10,14.397655879529847
804298,1,7,3,1.8628073733094683
804303,1,7,3,2.3860665665643723
804325,1,7,10,19.486868514557393
804330,1,7,6,11.817828561909154
804337,1,7,8,22.5606346501256
804341,1,7,4,0.3586790108976326
804353,1,7,4,0.358679009087165
804355,1,7,1,14.874578312927438
804356,1,7,5,0.3586789934097332
804365,1,7,10,10.482275720679556
804369,1,7,6,9.42760442184035
804375,1,7,8,27.824520372458036
804379,1,7,5,0.3586789934097332
804394,1,7,9,23.622998822131542
804399,1,7,5,0.3586789934097332
804412,1,7,9,25.595639987784722
804425,1,7,4,0.3586790108976326
804432,1,7,1,18.097219902412665
804460,1,7,5,0.3586789934097332
804462,1,7,1,6.184778346559861
804480,1,7,9,23.517356021569334
804505,1,7,4,0.3586790108976326
804521,1,7,5,0.3586789934097332
804524,1,7,8,15.925616571955127
804546,1,7,9,5.394461143115532
804548,1,7,8,14.514065019345365
804552,1,7,1,6.942452453344159
804570,1,7,6,21.214909980888937
804574,1,7,4,0.3586790108976326
804576,1,7,4,0.3586790108976326
804577,1,7,9,25.23858514557379
804592,1,7,8,15.723478156044887
804597,1,7,1,7.893467823876913
804599,1,7,9,2.3014432944592094
804609,1,7,2,3.4885973127384644
804619,1,7,4,0.3586790108976326
804621,1,7,6,9.607750174773756
804637,1,7,8,19.67382683017696
804639,1,7,8,5.068856671822019
804652,1,7,5,0.3586789949470627
804660,1,7,6,21.31452872611642
804699,1,7,8,7.518130827316172
804703,1,7,10,11.510429116396947
804717,1,7,6,17.43205150419494
804741,1,7,4,0.3586790108976326
804749,1,7,1,7.47559054534718
804760,1,7,8,21.4346355808509
804763,1,7,8,9.80100201365156
804775,0,7,0,0.011884576485373924
804784,1,7,2,13.630406773469812
804796,1,7,5,0.3586789934097332
804806,1,7,8,17.310378419928835
804837,1,7,5,0.3586789934097332
804857,1,7,6,21.922150203085568
804859,1,7,7,2.3597290597815674
804860,1,7,1,18.14576191835863
804862,1,7,5,0.3586789934097332
804884,1,7,5,0.3586789934097332
804892,1,7,8,26.769160075386964
804902,1,7,6,13.898045619301364
804911,1,7,10,12.414672889791001
804913,1,7,1,21.322059788402676
804917,1,7,4,0.3586790108976326
804921,1,7,6,23.981805869011296
804927,1,7,2,12.7736832785038
804957,1,7,9,15.995182204963127
804958,1,7,6,14.201830051612122
804992,1,7,8,12.55575454101407
804999,1,7,9,4.984583319694464
805029,0,7,0,0.015975333176826916
805044,1,7,10,15.1847750256518
805052,1,7,5,0.3586789949470627
805060,1,7,6,14.165015152310781
805064,1,7,1,3.5878462583702144
805069,0,7,0,0.01241181285888656
805077,1,7,10,6.780454603432534
805091,1,7,8,19.934000339750284
805106,1,7,4,0.3586790108976326
805107,1,7,4,0.3586790108976326
805113,0,7,0,0.0124853235253198
805114,1,7,9,14.191869278551401
805121,1,7,10,5.487590916254057
805132,1,7,5,0.3586789934097332
805139,1,7,4,0.3586790108976326
805142,1,7,1,12.202741454686953
805144,1,7,10,21.239382901292668
805149,1,7,8,19.743015137913762
805159,1,7,5,0.3586789934097332
805173,1,7,2,11.022305608515868
805201,1,7,5,0.3586789934097332
805228,1,7,9,15.215646742060565
805242,1,7,9,13.211298532547405
805243,1,7,6,18.12670291057196
805244,1,7,8,17.32929888959525
805250,1,7,4,0.3586790108976326
805269,1,7,7,0.7380914295592452
805294,1,7,5,0.3586789934097332
805295,1,7,6,8.984231171126543
805297,1,7,5,0.3586789934097332
805303,1,7,6,14.651193639279255
805304,1,7,6,15.668085193456092
805320,1,7,6,15.748104129135672
805325,0,7,0,0.02300431946165729
805329,1,7,9,3.8361164810189075
805330,1,7,1,16.320405552629655
805332,1,7,8,11.849213428314895
805349,1,7,9,23.233933963216593
805350,1,7,6,8.395049149221599
805353,1,7,6,19.49022586364725
805357,0,7,0,0.22219390673945275
805360,1,7,5,0.3586789934097332
805372,1,7,10,12.124824438360891
805373,1,7,9,3.021395355248053
805395,1,7,1,19.819620295939508
805426,1,7,10,4.168627894412273
805428,1,7,8,14.056740464453382
805443,1,7,8,20.28340616374702
805444,1,7,4,0.3586790108976326
805447,1,7,10,11.929378045650003
805458,1,7,10,12.097171359835261
805462,1,7,4,0.3586790108976326
805465,1,7,9,16.587905375986207
805486,1,7,6,16.613632078798755
805488,1,7,4,0.3586790108976326
805497,1,7,8,18.149197716742933
805504,1,7,10,12.362923951356896
805507,1,7,8,3.7800612399982527
805519,1,7,9,15.065070934012805
805527,1,7,10,12.407101846768537
805545,1,7,6,23.77161265431267
805553,1,7,10,16.895290654918384
805570,1,7,9,9.468527395629774
805581,1,7,9,26.432963880647463
805594,1,7,9,17.01088474168907
805605,1,7,6,15.006090714972796
805618,1,7,5,0.3586789949470627
805620,1,7,6,10.154047949215993
805630,1,7,9,11.952228867698095
805642,1,7,6,8.511268661429469
805651,1,7,4,0.3586790108976326
805662,1,7,4,0.3586790108976326
805676,1,7,8,8.83696493277461
805687,1,7,9,24.296659805464994
805689,1,7,10,16.41460274627001
805703,1,7,5,0.3586789934097332
805714,0,7,0,0.03707182491531801
805716,1,7,2,9.800669327619337
805724,1,7,6,10.489273839447016
805726,1,7,10,21.264813075100772
805736,1,7,9,18.36447834645341
805739,1,7,4,0.3586790108976326
805745,1,7,8,5.920736808772388
805765,1,7,5,0.3586789934097332
805766,0,7,0,0.19943803696125922
805771,1,7,5,0.3586789934097332
805784,1,7,8,26.902467526739798
805792,1,7,9,16.61691263789617
805794,1,7,9,3.4239899750345555
805798,1,7,8,21.6726490894827
805819,1,7,8,26.40248271371631
805821,1,7,9,12.356666052927881
805839,1,7,3,2.336433424056094
805848,1,7,2,11.112890064582842
805851,1,7,10,5.422377813775909
805859,1,7,8,27.386317441177454
805864,1,7,5,0.3586789934097332
805866,1,7,10,18.016377563078574
805867,1,7,5,0.3586789949470627
805880,1,7,8,26.322064879727034
805885,1,7,6,15.418317504111632
805890,1,7,9,21.213865251606688
805911,1,7,9,23.007063442117403
805912,1,7,2,6.702572858127584
805921,1,7,1,16.45214915585625
805923,1,7,4,0.3586790108976326
805926,1,7,1,21.014848184084446
805927,1,7,6,22.063432472980693
805932,1,7,5,0.3586789934097332
805938,1,7,5,0.3586789934097332
805949,1,7,9,11.391517160617731
805965,1,7,8,16.350315529604018
805973,1,7,8,19.651559198912587
805974,1,7,2,13.724490090150777
805977,1,7,6,23.29292646995731
806007,1,7,1,19.216787122712855
806023,1,7,10,11.206262017235812
806028,1,7,8,26.75406986500993
806042,1,7,6,11.965910096486256
806044,1,7,9,9.973114304873484
806052,1,7,8,18.385595516816373
806055,1,7,7,4.453702231415524
806058,1,7,7,1.8001550153739663
806067,1,7,8,24.910855235337092
806094,1,7,8,9.59546231710295
806099,1,7,6,11.961517565872363
806100,1,7,5,0.3586789934097332
806114,1,7,5,0.3586789934097332
806116,1,7,6,17.7022130946324
806133,1,7,6,15.305197826465488
806161,1,7,7,3.6246405605297936
806162,1,7,10,5.578184621804303
806163,1,7,8,9.302141333885077
806172,1,7,9,10.716920429422286
806176,1,7,9,6.80853942600672
806178,1,7,3,2.298831574897345
806181,1,7,6,8.407601395764642
806182,1,7,10,8.968947342515078
806183,1,7,10,12.543001507119245
806191,1,7,1,17.30914759820983
806210,1,7,4,0.3586790108976326
806231,1,7,8,9.970225797983646
806232,1,7,9,20.706830603136144
806233,1,7,7,1.6841397719323725
806248,1,7,5,0.3586789934097332
806261,1,7,5,0.3586789934097332
806264,1,7,8,16.089001184393602
806268,1,7,8,10.583540125640239
806273,1,7,9,14.056204252259095
806302,1,7,8,21.88022763460389
806323,0,7,0,0.020713625721757976
806342,1,7,5,0.3586789934097332
806343,1,7,4,0.3586790108976326
806355,1,7,6,6.935595298375661
806364,1,7,5,0.3586789934097332
806371,1,7,6,7.422731544739909
806392,1,7,5,0.3586789934097332
806393,1,7,8,17.33337858370005
806395,1,7,10,18.887871450568746
806412,0,7,0,0.015747227717491766
806422,1,7,8,3.486058458872406
806439,1,7,4,0.358679009087165
806447,1,7,7,4.572751984037763
806455,1,7,9,6.76462277714574
806460,1,7,6,12.899029482950136
806485,1,7,9,13.926038853933422
806493,1,7,9,24.647920662399606
806494,1,7,8,21.68249729154876
806521,1,7,8,24.207817607786513
806530,1,7,4,0.3586790108976326
806535,1,7,10,15.969641875705692
806541,1,7,8,23.136464160326316
806544,1,7,10,10.822516805464407
806545,1,7,6,5.502804967831191
806550,1,7,9,8.04239330382395
806579,1,7,6,15.030330650758378
806584,1,7,1,20.304754621906195
806587,1,7,5,0.3586789934097332
806599,1,7,9,4.58336757068134
806602,1,7,1,19.80603287792698
806622,1,7,6,14.161826491378003
806631,1,7,9,9.9406546431986
806632,1,7,3,2.244706222892386
806636,1,7,1,17.454935969307577
806639,1,7,5,0.3586789934097332
806642,1,7,10,8.400380313651238
806648,1,7,4,0.3586790108976326
806651,1,7,6,15.330747046947517
806658,1,7,3,2.3740529292377563
806665,1,7,9,23.474928172003665
806685,1,7,6,17.927839340078524
806688,1,7,2,1.1927487897910831
806690,1,7,2,5.084907949135929
806693,1,7,5,0.3586789949470627
806697,1,7,9,26.3973091742734
806700,1,7,6,10.031252887824866
806706,1,7,2,8.233296997367724
806713,1,7,8,21.69791836082598
806718,1,7,5,0.3586789934097332
806721,1,7,4,0.3586790108976326
806723,1,7,3,1.5806232865726377
806742,1,7,4,0.3586790108976326
806756,1,7,8,16.64467659604905
806761,0,7,0,0.012853268442557613
806764,1,7,10,8.893941676287637
806765,1,7,8,16.409500629015763
806767,1,7,4,0.3586790108976326
806798,1,7,9,23.851316402892678
806803,0,7,0,0.027073562353742992
806807,0,7,0,0.016012161845148833
806809,1,7,5,0.3586789934097332
806817,1,7,6,20.806713773203096
806833,1,7,9,22.87811016962613
806844,1,7,6,11.833800152440144
806849,1,7,8,20.5577630319134
806867,1,7,5,0.3586789934097332
806875,1,7,10,9.857146258712948
806879,1,7,9,11.044288584424878
806905,1,7,6,15.947848180829137
806924,1,7,6,8.102427160413527
806936,1,7,1,18.40072495787733
806967,1,7,7,2.257623925286733
806971,1,7,7,4.553269833022065
806977,1,7,4,0.3586790108976326
806979,1,7,5,0.3586789934097332
806983,1,7,3,2.2589459322080514
806987,1,7,6,21.284800165115694
807014,1,7,1,23.033930916866023
807033,1,7,8,9.44722689438235
807057,1,7,9,18.252032501276062
807068,0,7,0,0.02628061648315425
807081,0,7,0,0.025025794157768556
807095,1,7,2,9.17453225112804
807100,1,7,5,0.3586789934097332
807111,1,7,4,0.3586790108976326
807127,1,7,6,4.959875669331127
807132,1,7,9,25.76871444500191
807134,1,7,8,6.808893619906784
807146,0,7,0,0.029350846194480137
807177,1,7,4,0.3586790108976326
807180,1,7,9,11.40353666274363
807198,1,7,6,5.524965873847531
807204,1,7,9,16.416309908903735
807220,0,7,0,0.013168176892876722
807230,0,7,0,0.021808344064134472
807240,1,7,6,12.393926186861298
807244,1,7,5,0.3586789934097332
807258,1,7,4,0.3586790108976326
807260,1,7,6,23.258196632887397
807269,1,7,6,11.97157751535071
807272,1,7,4,0.3586790108976326
807293,1,7,6,16.254193119373976
807302,1,7,1,16.188699512306677
807325,1,7,8,15.997089564562344
807326,1,7,9,15.069102355119115
807327,1,7,9,16.27583284966535
807336,0,7,0,0.024185215141803166
807347,1,7,9,15.01472138212702
807354,1,7,9,14.66627711969341
807361,1,7,8,22.375894181244192
807371,1,7,8,22.668875297684053
807374,1,7,7,2.346061393091233
807399,1,7,4,0.3586790108976326
807400,1,7,9,16.60271271388092
807407,1,7,6,21.29391116692102
807417,1,7,8,16.026527385932788
807420,1,7,9,19.68947479566435
807438,1,7,5,0.3586789934097332
807442,1,7,5,0.3586789934097332
807449,1,7,2,7.354382588521173
807470,1,7,10,14.883663689414309
807472,1,7,4,0.3586790108976326
807474,1,7,6,14.044598516569089
807480,1,7,9,15.958632946095186
807485,1,7,9,25.913329367500406
807490,1,7,9,16.21352787955058
807494,1,7,7,4.429031068761471
807505,1,7,4,0.3586790108976326
807518,1,7,9,9.715666559797736
807519,1,7,9,8.551337988126072
807521,1,7,8,17.618506712998762
807535,1,7,1,22.22201751824073
807542,1,7,9,6.573420332628332
807545,0,7,0,0.021231225520988228
807551,1,7,9,19.41833293202738
807552,1,7,4,0.3586790108976326
807576,1,7,5,0.3586789934097332
807582,1,7,6,9.536961250434343
807609,1,7,4,0.3586790108976326
807637,1,7,10,7.07654657528803
807665,1,7,1,18.140764331972154
807687,1,7,9,23.994004772029815
807707,1,7,2,4.294425298740654
807710,1,7,6,21.129554245884805
807719,1,7,5,0.3586789934097332
807731,1,7,8,16.457271837883955
807745,1,7,5,0.3586789934097332
807747,1,7,1,15.708806192634
807756,1,7,7,0.9234432432032871
807759,1,7,4,0.3586790108976326
807789,1,7,9,10.964396599596968
807793,1,7,10,5.292701834872138
807801,1,7,10,20.457095042268634
807812,1,7,10,9.289819435843214
807813,1,7,5,0.3586789934097332
807818,1,7,8,24.27817864096646
807825,1,7,6,22.21406994888755
807834,1,7,5,0.3586789934097332
807836,1,7,4,0.3586790108976326
807841,1,7,8,12.667920635168798
807865,1,7,6,22.439343655570717
807908,1,7,9,25.602767479024646
807909,1,7,7,3.9511785777626196
807921,0,7,0,0.06014574826177572
807924,1,7,8,27.990307257136582
807925,1,7,9,6.874752330789746
807951,1,7,4,0.3586790108976326
807963,1,7,8,13.42871315012824
807977,1,7,10,10.098831650609302
807980,1,7,4,0.3586790108976326
807986,1,7,10,18.38446444302005
807987,1,7,6,21.631146667527194
807989,1,7,8,22.677631557543503
808010,1,7,10,15.55368536865142
808025,1,7,8,13.06994748039763
808027,1,7,9,12.32085397484606
808029,1,7,8,12.311539666020812
808048,1,7,9,9.029975083496625
808051,0,7,0,0.0153635557730233
808064,1,7,8,24.371982682259492
808073,1,7,6,6.557285841252724
808090,1,7,6,9.716273733852198
808092,1,7,6,22.737014477417866
808102,1,7,9,18.380131836048808
808104,1,7,9,22.379361712447768
808110,0,7,0,0.30706822815354484
808112,1,7,4,0.3586790108976326
808127,1,7,5,0.3586789934097332
808132,1,7,4,0.3586790108976326
808134,1,7,7,1.9959774828585743
808137,0,7,0,0.012686123463324124
808143,1,7,4,0.3586790108976326
808161,1,7,3,2.3949474711698464
808175,1,7,7,3.9163337851336943
808176,1,7,5,0.3586789934097332
808186,1,7,6,22.980115956190943
808187,0,7,0,0.03792291515231305
808191,1,7,2,14.01557549765039
808203,1,7,8,15.540187453887636
808210,1,7,8,24.60192389964853
808248,1,7,10,18.149040987716923
808261,1,7,8,28.142150395774525
808263,1,7,10,7.823560957773487
808272,1,7,9,16.2099184698503
808276,1,7,5,0.3586789949470627
808279,1,7,4,0.3586790108976326
808288,1,7,9,25.512976538027992
808313,1,7,5,0.3586789934097332
808322,1,7,9,7.142290567632081
808338,1,7,2,3.0913862845221938
808343,1,7,8,17.84588234770622
808352,1,7,6,13.70231621455129
808364,1,7,5,0.3586789934097332
808366,1,7,6,22.244895022079113
808380,1,7,10,14.720144734899947
808381,1,7,9,24.035467708510314
808384,1,7,9,7.859402035581053
808396,1,7,4,0.3586790108976326
808411,1,7,7,4.435347930013259
808417,1,7,6,17.07983492174542
808419,1,7,9,12.927059406102757
808426,1,7,9,9.76769689903658
808427,1,7,10,19.265089367371434
808428,1,7,9,2.630538544425201
808433,1,7,9,8.204535148866645
808437,1,7,4,0.3586790108976326
808439,1,7,8,20.051126892596802
808442,1,7,8,5.4941348083910135
808450,1,7,8,26.574178059024813
808456,1,7,9,25.293875137718548
808458,1,7,9,26.481243271160448
808465,1,7,10,12.171711734830906
808479,0,7,0,0.02291532414834532
808485,1,7,4,0.3586790108976326
808494,1,7,1,16.384820667465366
808502,1,7,10,19.13517995050917
808510,1,7,9,24.087368450861376
808511,1,7,9,24.078845846447365
808534,1,7,9,5.861979525868863
808548,1,7,8,17.305110566914397
808552,1,7,1,22.933933301978037
808556,1,7,5,0.3586789934097332
808578,1,7,7,1.136258525034896
808587,1,7,8,26.741135159168234
808606,1,7,8,14.858821444894497
808614,1,7,8,21.520917600558402
808622,1,7,5,0.3586789934097332
808666,1,7,4,0.3586790108976326
808671,1,7,10,7.998683815472556
808677,1,7,8,7.387895083707736
808682,1,7,4,0.3586790108976326
808683,1,7,7,1.0024689590157236
808737,1,7,9,25.104850228381554
808758,1,7,8,23.84869225666106
808759,1,7,9,25.55558751639906
808771,1,7,5,0.3586789934097332
808776,1,7,3,2.3919435370723985
808789,0,7,0,0.01802825306287372
808791,1,7,4,0.3586790108976326
808792,1,7,9,26.068144387443915
808805,1,7,5,0.3586789934097332
808853,1,7,9,13.010097174505281
808863,1,7,6,13.11832884967656
808893,1,7,3,2.3510938114727433
808905,1,7,4,0.3586790108976326
808918,1,7,7,2.094496365307739
808920,1,7,9,18.610968345184038
808939,1,7,6,21.30141497804128
808953,0,7,0,0.09646539507573361
808973,1,7,7,2.5514138956474093
808986,1,7,9,15.947691447220471
808995,1,7,4,0.3586790108976326
809019,1,7,8,27.54237704422852
809024,1,7,4,0.3586790108976326
809025,1,7,8,28.226384887329512
809027,1,7,3,2.363312210348471
809028,1,7,6,14.645101688314979
809054,1,7,9,19.770468765338823
809065,1,7,1,17.549876625381774
809071,1,7,6,19.216861080451128
809072,1,7,6,23.892819974287445
809093,1,7,2,11.040634139245759
809105,1,7,7,3.5794352988336473
809109,1,7,4,0.3586790108976326
809117,1,7,9,26.301181363361867
809122,1,7,6,23.9996149022521
809130,1,7,9,18.223726574973714
809156,1,7,7,1.2317474791712746
809171,1,7,8,17.48730612850681
809180,0,7,0,0.020240388467244443
809194,1,7,4,0.3586790108976326
809218,1,7,4,0.3586790108976326
809224,1,7,7,1.1288421772214354
809225,1,7,9,22.21632711446268
809238,1,7,6,10.430245117120949
809240,1,7,4,0.3586790108976326
809242,1,7,6,11.115247457995544
809273,1,7,9,3.1630977860283402
809277,1,7,6,23.041037998629225
809286,1,7,5,0.3586789949470627
809294,1,7,10,3.387014848398355
809300,1,7,8,27.31870552576478
809301,1,7,7,4.488588061875273
809306,1,7,9,2.650290150681872
809307,1,7,4,0.3586790108976326
809315,1,7,7,3.387251979343685
809342,1,7,6,23.075140544989633
809360,1,7,4,0.3586790108976326
809362,1,7,9,15.092189847062729
809365,1,7,9,25.708473915790577
809408,1,7,2,11.024689150831211
809426,1,7,1,5.844042730949349
809478,1,7,4,0.3586790108976326
809490,1,7,2,5.880313605232023
809495,1,7,1,18.122893294767987
809503,1,7,9,11.705633436227554
809533,1,7,1,14.513831859805858
809546,1,7,7,4.014072562602529
809548,1,7,4,0.3586790108976326
809551,1,7,4,0.3586790108976326
809575,1,7,9,15.449305690135235
809580,1,7,5,0.3586789934097332
809601,1,7,9,6.258747904052947
809608,1,7,6,15.179672029892071
809629,1,7,5,0.3586789934097332
809639,1,7,5,0.3586789934097332
809640,1,7,4,0.3586790108976326
809645,1,7,4,0.3586790108976326
809647,1,7,4,0.3586790108976326
809655,1,7,8,21.61626252489402
809659,1,7,2,13.489529038021919
809666,1,7,5,0.3586789949470627
809670,1,7,4,0.358679009087165
809671,1,7,10,4.607749433148385
809698,1,7,6,10.976789342615524
809700,1,7,8,15.989978989741921
809722,1,7,4,0.3586790108976326
809726,1,7,9,16.77082330805917
809733,1,7,8,19.89198825217926
809749,1,7,6,15.109188174297456
809756,1,7,9,10.689417736376216
809757,1,7,8,21.86455242627496
809759,0,7,0,0.01693447774848727
809772,1,7,9,25.943603358675436
809790,1,7,9,12.0645990019766
809798,1,7,8,14.282814415627254
809819,1,7,8,22.29735472048106
809821,1,7,5,0.3586789934097332
809835,1,7,6,14.794100194172655
809848,1,7,3,2.271168182772012
809859,1,7,6,17.49932832744329
809873,1,7,10,11.111655717958353
809897,1,7,2,5.119502426821715
809899,1,7,9,7.791798881549383
809902,1,7,6,23.760081626128855
809905,1,7,1,18.835819107075285
809918,1,7,5,0.3586789934097332
809919,0,7,0,0.03017098332199792
809924,1,7,8,19.332819866799706
809926,1,7,2,11.332100860915922
809929,1,7,10,17.2742428872196
809942,1,7,4,0.3586790108976326
809947,1,7,5,0.3586789934097332
809949,1,7,5,0.3586789949470627
809952,1,7,10,18.247119806608048
809956,1,7,6,23.25150010392884
809973,0,7,0,0.016798791399724858
809976,1,7,3,2.4289831091421
809985,1,7,10,5.264387064638838
810013,1,7,9,10.338140478145917
810017,1,7,5,0.3586789934097332
810019,1,7,5,0.3586789934097332
810021,1,7,6,17.189735919464322
810027,1,7,1,16.69430413189618
810030,1,7,9,11.455771571787805
810041,1,7,9,21.960319882863875
810064,1,7,8,12.448701752037888
810077,0,7,0,0.017833609974232324
810080,1,7,6,17.723605811806802
810123,1,7,9,26.419567598081592
810144,1,7,9,12.805520584730143
810156,1,7,4,0.3586790108976326
810157,1,7,9,15.895457529086672
810159,1,7,6,13.89728102347764
810164,1,7,6,19.829799723044754
810183,0,7,0,0.0262250682228905
810191,1,7,4,0.3586790108976326
810197,1,7,7,3.003793803477884
810208,1,7,9,6.9934412024802315
810218,1,7,6,21.687292795879245
810230,1,7,4,0.3586790108976326
810236,0,7,0,0.017936543298518803
810238,1,7,1,9.58572057110297
810246,1,7,6,14.922883130302093
810251,1,7,10,13.91057526200722
810260,0,7,0,0.1677679557099748
810261,1,7,9,16.931327089208175
810267,1,7,9,23.281772985338975
810288,1,7,10,11.457582237375526
810290,1,7,10,11.296673816605598
810292,1,7,4,0.3586790108976326
810297,0,7,0,0.034073468269856806
810303,1,7,9,7.463071251351844
810325,1,7,6,10.753391196007922
810333,1,7,4,0.3586790108976326
810335,1,7,9,11.667160164856249
810357,1,7,5,0.3586789934097332
810363,1,7,9,22.429614863120786
810381,0,7,0,0.015328393051173205
810382,1,7,9,11.03305036451262
810384,1,7,3,2.152383372892313
810395,1,7,6,18.192984387768536
810408,1,7,6,13.503764886211627
810410,1,7,10,11.05304044402912
810413,0,7,0,0.03195594315462218
810423,1,7,10,8.843403413480882
810440,1,7,6,20.18674248789802
810443,1,7,4,0.3586790108976326
810444,1,7,7,0.3498189199416747
810471,1,7,10,16.29845136038708
810479,1,7,5,0.3586789934097332
810484,1,7,3,0.9416904034612731
810491,1,7,1,18.282221105512086
810496,1,7,6,14.498042075603617
810507,1,7,3,2.1625401523575714
810508,1,7,9,14.485610947918547
810574,1,7,5,0.3586789934097332
810581,1,7,10,18.864498490360184
810623,0,7,0,0.02224258607518101
810630,1,7,6,5.55611819441529
810631,1,7,9,11.754488536750737
810641,1,7,8,22.634295921900872
810642,0,7,0,0.013767251636031671
810644,1,7,7,2.757211202168778
810650,1,7,6,9.043814821212816
810651,1,7,8,17.157101834270602
810655,1,7,6,10.19269072664308
810674,1,7,5,0.3586789934097332
810681,1,7,9,24.637792203559798
810685,0,7,0,0.016848855182006316
810691,1,7,8,8.537997003485016
810697,1,7,6,13.697502764137376
810709,1,7,6,14.453843271684384
810732,1,7,9,22.157033717492006
810734,1,7,1,4.0972824469308735
810744,1,7,6,22.65115037479748
810756,1,7,8,6.125689117631579
810759,1,7,9,11.689714738792969
810770,0,7,0,0.015863822873162674
810774,1,7,4,0.3586790108976326
810777,1,7,6,14.98259436012124
810787,1,7,8,12.844585982963459
810801,1,7,4,0.3586790108976326
810805,1,7,8,13.368546742274884
810822,0,7,0,0.015105045802263595
810824,1,7,2,1.5888446454594396
810850,1,7,6,14.789882253380615
810860,0,7,0,0.027004118281967096
810881,1,7,10,7.667947489337049
810885,1,7,9,21.43476918673568
810895,1,7,3,2.421321292704038
810902,1,7,7,3.338483280425624
810927,1,7,10,13.9809282868662
810933,1,7,3,2.400951631958229
810958,1,7,1,15.992174799249531
810963,1,7,6,16.291102283203195
810998,1,7,2,13.729636527551538
811006,1,7,9,11.836547474604178
811010,1,7,6,16.158431692416908
811017,1,7,7,4.422881203795929
811024,1,7,8,21.377104834532723
811027,1,7,9,2.3531448973683458
811036,1,7,8,20.188160280790257
811066,1,7,7,0.9003442115218435
811078,1,7,9,25.48287216943149
811092,1,7,5,0.3586789934097332
811105,1,7,1,21.817210571959066
811129,1,7,10,5.816080997440786
811133,0,7,0,0.016427207457590482
811141,1,7,5,0.3586789934097332
811143,1,7,9,13.563094911113332
811154,1,7,4,0.3586790108976326
811156,1,7,9,26.35715136857497
811157,1,7,4,0.3586790108976326
811161,0,7,0,0.023407055844148494
811174,1,7,8,9.210618441868453
811182,1,7,1,18.441250040775913
811209,1,7,4,0.3586790108976326
811222,1,7,4,0.3586790108976326
811227,1,7,9,16.170864682267407
811229,1,7,6,14.643552894274016
811246,1,7,9,8.711183305768085
811264,1,7,6,23.61048588713585
811265,1,7,4,0.3586790108976326
811283,1,7,5,0.3586789934097332
811287,1,7,6,21.79475981616886
811309,1,7,2,13.243485276980449
811318,1,7,5,0.3586789934097332
811321,0,7,0,0.08126345400111355
811331,1,7,2,6.311007243849144
811337,1,7,8,16.266400511832124
811339,1,7,8,17.618767445373045
811356,1,7,6,12.750196838979594
811361,1,7,9,20.788900571416857
811365,1,7,4,0.3586790108976326
811377,1,7,8,17.281888788584727
811380,1,7,3,1.8773075259853598
811390,1,7,4,0.3586790108976326
811401,1,7,5,0.3586789934097332
811409,1,7,8,10.808035612756814
811425,0,7,0,0.041504860127198936
811436,1,7,9,13.29616899740546
811445,1,7,4,0.3586790108976326
811478,1,7,2,9.815424281383333
811487,1,7,6,6.2750990217673195
811503,1,7,10,6.45620545830958
811529,0,7,0,0.22727223481962416
811543,1,7,9,25.124814951011867
811568,1,7,8,6.786028056792843
811589,1,7,8,23.69895034784559
811592,1,7,7,3.26956127751405
811608,1,7,6,12.015889166728725
811631,0,7,0,0.030922413141006612
811636,1,7,5,0.3586789949470627
811646,0,7,0,0.14773095340222214
811647,1,7,5,0.3586789934097332
811648,1,7,8,24.605666692650704
811653,1,7,1,16.170435592028415
811655,1,7,3,0.9521854324418846
811664,1,7,9,26.35476903166459
811673,1,7,6,22.645435974039877
811678,1,7,9,3.534463441801153
811703,1,7,7,4.496565819353476
811715,1,7,4,0.3586790108976326
811716,1,7,6,13.681712653092875
811718,1,7,4,0.3586790108976326
811720,1,7,4,0.3586790108976326
811732,1,7,4,0.3586790108976326
811733,1,7,9,6.974594534722877
811734,1,7,5,0.3586789934097332
811758,1,7,5,0.3586789934097332
811761,1,7,1,21.73337810231552
811765,1,7,9,24.59553948399349
811769,1,7,10,14.632518643435823
811771,1,7,9,15.986413961264342
811782,1,7,6,20.230664627651922
811817,1,7,3,2.3835892026573036
811820,1,7,5,0.3586789934097332
811825,1,7,9,15.242470395120725
811826,0,7,0,0.02686100620870707
811856,1,7,1,20.745890057552835
811868,1,7,4,0.3586790108976326
811874,1,7,9,21.840545616071473
811882,1,7,6,22.381809524637166
811903,1,7,9,15.659736774917908
811917,1,7,1,20.339903200145883
811931,1,7,2,13.156683781385377
811938,1,7,5,0.3586789934097332
811943,1,7,6,14.604135767616238
811957,1,7,9,21.337793368314372
811961,1,7,6,22.97801968872243
811982,1,7,8,11.043110948672362
811996,1,7,1,12.055841600838422
812025,1,7,3,2.2926934552850224
812033,1,7,4,0.3586790108976326
812034,1,7,6,10.17090522224674
812039,1,7,9,20.088275192292777
812054,0,7,0,0.025678754235038147
812061,1,7,10,5.432778167462513
812065,1,7,4,0.3586790108976326
812067,0,7,0,0.06347253032364278
812068,1,7,8,7.9930255405231305
812074,1,7,4,0.3586790108976326
812078,1,7,5,0.3586789934097332
812080,1,7,9,14.541016445620874
812090,1,7,9,20.235919605764806
812102,1,7,3,1.8052779828374241
812110,1,7,8,15.301262903701538
812136,1,7,6,20.55210770522729
812147,1,7,8,27.529084628788326
812167,1,7,4,0.3586790108976326
812175,0,7,0,0.0275236931203432
812188,1,7,3,0.938627039021376
812212,1,7,6,11.721787285879726
812245,1,7,9,23.26795994424008
812290,1,7,8,27.56671003632819
812299,1,7,8,25.690664898940806
812309,1,7,4,0.358679009087165
812313,1,7,9,24.620201635705655
812324,1,7,6,10.057604323079033
812326,0,7,0,0.012112978477654813
812334,1,7,1,19.353530652184737
812342,1,7,6,22.810437789446596
812355,1,7,3,2.300054878453285
812356,1,7,1,8.802450576169672
812363,1,7,5,0.3586789934097332
812376,1,7,4,0.3586790108976326
812377,1,7,7,2.1007584362293
812380,1,7,4,0.3586790108976326
812388,1,7,9,18.906728581068972
812392,1,7,6,23.783759773256403
812396,1,7,10,14.487731891295503
812408,1,7,8,23.092197612779927
812413,1,7,6,22.386153635175965
812428,1,7,9,14.413182378800311
812451,1,7,9,20.93909230079254
812476,1,7,8,13.361945854691676
812505,0,7,0,0.015254573104868187
812508,1,7,9,25.04875988407709
812522,0,7,0,0.3510977243952531
812532,1,7,1,7.816296948209761
812540,1,7,7,0.45077318078226963
812546,1,7,5,0.3586789934097332
812556,0,7,0,0.01556227615799661
812559,1,7,6,6.101089653577784
812574,1,7,7,4.397353738682428
812578,1,7,6,11.685920829279517
812582,1,7,8,24.35313556131751
812590,1,7,9,18.231184066574315
812595,1,7,8,16.31393842862603
812602,1,7,3,1.4512650194726664
812609,1,7,8,20.985985204760006
812610,1,7,4,0.3586790108976326
812627,1,7,4,0.3586790108976326
812638,1,7,6,14.897282638808912
812640,1,7,3,0.8045492248002527
812644,1,7,6,21.90621558873178
812655,1,7,6,12.236235826012487
812659,1,7,6,23.060733454463595
812666,1,7,9,20.666354800015412
812674,1,7,8,2.616139371111398
812679,1,7,10,17.0202739551827
812689,1,7,6,13.661012957421152
812698,1,7,5,0.3586789934097332
812706,0,7,0,0.016930417868964476
812715,1,7,5,0.3586789934097332
812716,1,7,9,19.890471370838558
812722,1,7,9,15.098217987835751
812747,1,7,3,2.0367140470476133
812751,1,7,5,0.3586789934097332
812752,1,7,2,9.992368899024166
812782,1,7,5,0.3586789934097332
812788,1,7,7,3.402370503583569
812818,1,7,8,14.731874667842613
812846,1,7,1,14.406306051961744
812875,1,7,3,2.433023638511246
812876,1,7,9,19.704546867178397
812882,0,7,0,0.026142491826867575
812897,1,7,9,24.13060153072425
812898,0,7,0,0.015352360876105755
812901,1,7,10,14.56735070839447
812902,1,7,8,10.970046056746583
812915,1,7,8,25.151504716867493
812919,1,7,6,14.076147683573364
812922,1,7,4,0.3586790108976326
812951,1,7,9,24.07982895202465
812956,1,7,9,21.627356057151932
812957,1,7,9,21.338879078344824
812969,1,7,5,0.3586789934097332
812975,1,7,2,9.696154576971535
812987,1,7,5,0.3586789934097332
813002,1,7,5,0.3586789934097332
813003,0,7,0,0.02393622031362277
813007,1,7,9,21.82707309367945
813009,1,7,7,1.3674488059739907
813011,1,7,6,23.79724191668185
813013,1,7,6,18.071646288713154
813014,1,7,6,15.948913537604387
813019,1,7,10,8.77928310262442
813031,1,7,9,16.20572802242414
813043,1,7,2,2.009328158705936
813089,1,7,9,13.25535973261521
813098,1,7,4,0.3586790108976326
813105,1,7,9,16.733732719385166
813109,1,7,5,0.3586789934097332
813111,1,7,1,22.286836723764676
813113,1,7,7,2.9340745317193226
813128,1,7,5,0.3586789934097332
813136,1,7,6,21.15737726940498
813138,1,7,5,0.3586789934097332
813164,1,7,6,23.049840620530375
813167,1,7,9,2.5890266457629316
813172,1,7,10,8.525498402099226
813179,1,7,9,24.51966564107839
813189,1,7,5,0.3586789949470627
813197,1,7,9,7.2213001160104335
813199,1,7,5,0.3586789934097332
813201,0,7,0,0.029213453762399488
813213,1,7,10,11.365644148819701
813215,1,7,9,26.39366480454662
813221,0,7,0,0.2763416614992
813231,1,7,5,0.3586789934097332
813236,1,7,2,6.949416178023439
813247,1,7,9,24.101045380383372
813252,0,7,0,0.02029987579079303
813263,1,7,10,14.640196066730933
813270,1,7,3,2.171563175722118
813271,1,7,7,1.9453140417220298
813272,1,7,5,0.3586789934097332
813339,1,7,9,22.482820175898887
813372,1,7,1,7.940215127182241
813385,0,7,0,0.027005482315114043
813397,1,7,9,13.394089398500043
813404,1,7,3,2.1566568987346906
813434,1,7,3,2.0202129926632035
813452,1,7,10,4.648770444228353
813457,1,7,9,21.325007202337375
813462,1,7,9,25.611858558479867
813468,1,7,4,0.3586790108976326
813485,1,7,6,14.915649747626661
813498,1,7,10,13.254147029243407
813531,1,7,9,9.67495859555255
813545,1,7,4,0.3586790108976326
813559,1,7,7,0.3492255883960206
813562,1,7,6,7.4083665896455315
813563,1,7,9,22.91353031174292
813564,1,7,4,0.358679009087165
813574,1,7,8,14.357252811973602
813577,1,7,6,5.609161163724112
813578,1,7,8,28.125189253500206
813582,0,7,0,0.033151093902876565
813583,1,7,9,25.601505399706802
813590,1,7,8,25.52716322614565
813616,1,7,8,24.73162048072937
813617,1,7,7,1.4759606772658405
813626,1,7,6,21.919230993478422
813630,1,7,8,15.40794435238631
813633,1,7,4,0.3586790108976326
813638,1,7,6,15.116060797632036
813651,1,7,4,0.3586790108976326
813661,1,7,4,0.3586790108976326
813672,1,7,10,18.69990662313949
813676,1,7,4,0.3586790108976326
813704,1,7,10,20.95790899383193
813720,1,7,6,6.925747454822118
813733,1,7,6,19.411845057407465
813739,1,7,10,10.58468949024019
813754,1,7,10,4.53568009316032
813775,1,7,5,0.3586789934097332
813778,1,7,4,0.3586790108976326
813781,1,7,9,26.41899229274449
813791,1,7,9,10.204339321209728
813799,1,7,9,13.249615404693476
813800,1,7,10,20.052027341473856
813809,1,7,5,0.3586789934097332
813813,1,7,7,3.0809050431402945
813815,1,7,3,2.2953953272181016
813816,1,7,4,0.358679009087165
813822,1,7,2,5.9133230187011465
813833,1,7,6,23.12568683726931
813837,1,7,6,18.10292245100219
813843,1,7,4,0.3586790108976326
813845,1,7,1,15.219506144715774
813846,1,7,5,0.3586789934097332
813850,1,7,9,13.653851545194081
813852,1,7,6,10.278831244007172
813861,1,7,8,24.59026696656453
813863,1,7,6,6.7517241847058935
813871,0,7,0,0.2425068691861576
813905,1,7,1,5.333713053226226
813914,1,7,5,0.3586789934097332
813924,1,7,6,6.356943463512204
813942,1,7,8,3.235687370943975
813945,1,7,6,22.849931863577766
813946,1,7,5,0.3586789934097332
813949,1,7,4,0.3586790108976326
813966,1,7,5,0.3586789934097332
813970,1,7,8,7.533800449748799
813974,1,7,9,17.411836824060767
813980,1,7,6,19.326108297652425
813992,1,7,10,7.310418751981157
813993,1,7,8,19.373401653440617
814004,1,7,4,0.3586790108976326
814008,1,7,4,0.3586790108976326
814011,0,7,0,0.013929016806078194
814013,1,7,8,4.335062847670079
814030,1,7,8,22.501457208169285
814039,1,7,9,26.4702916304594
814044,1,7,9,26.367024268021055
814050,1,7,6,15.053948573494196
814056,1,7,8,21.636536953980496
814058,1,7,4,0.3586790108976326
814081,1,7,8,21.829985686563308
814089,1,7,8,12.333243573447941
814113,1,7,4,0.3586790108976326
814127,1,7,8,28.342420610663755
814159,1,7,8,24.016324554519237
814169,1,7,9,18.95312091107315
814176,1,7,5,0.3586789934097332
814185,1,7,6,18.87762911518232
814187,0,7,0,0.023833906171902466
814204,1,7,10,17.60918206668737
814222,1,7,8,13.639171785949582
814224,1,7,9,5.451709619587184
814231,1,7,6,9.200281720842625
814243,1,7,4,0.3586790108976326
814251,1,7,8,15.285596413799299
814259,1,7,3,1.1488784478927956
814261,1,7,10,18.999594124298202
814280,1,7,9,26.03126892739308
814296,1,7,4,0.3586790108976326
814300,1,7,9,26.2627847588564
814301,1,7,2,10.275149893549296
814319,1,7,6,5.679430691458532
814322,1,7,10,8.036881079467763
814328,1,7,5,0.3586789934097332
814336,1,7,2,13.769819522770819
814345,1,7,6,20.723569522574703
814348,1,7,9,22.37655252553385
814362,1,7,7,0.6532771727205934
814374,1,7,7,4.204953326875876
814375,1,7,1,17.570348627280346
814380,1,7,4,0.358679009087165
814386,1,7,6,16.56572475844972
814395,1,7,10,14.139662936128039
814399,1,7,6,22.949424445372312
814423,1,7,9,24.601930405021818
814424,1,7,3,2.166894950635201
814430,1,7,5,0.3586789934097332
814433,1,7,9,2.9536518538140206
814436,1,7,9,15.346551495821803
814441,1,7,2,11.04086332243483
814447,1,7,6,14.672445605030136
814452,1,7,9,17.842629103864144
814483,1,7,5,0.3586789934097332
814484,1,7,9,12.05572061283856
814497,1,7,10,17.091783532404797
814505,1,7,2,13.239821729578829
814522,1,7,4,0.3586790108976326
814526,1,7,9,19.026246896975668
814530,1,7,5,0.3586789934097332
814538,0,7,0,0.013194385566714326
814546,1,7,8,11.532362755050228
814548,1,7,6,22.025596729127145
814560,1,7,8,9.074775460809715
814573,1,7,7,0.8677571155478931
814574,1,7,4,0.3586790108976326
814588,1,7,2,11.136875656093542
814593,1,7,3,1.7649912135740509
814616,1,7,6,21.320775937727856
814645,1,7,9,4.784326200627189
814649,1,7,1,19.075841906377807
814651,1,7,9,24.1414125588115
814654,1,7,9,15.929753209402618
814679,1,7,6,23.098727018063585
814687,1,7,7,3.353316030017805
814695,1,7,9,11.163508027106806
814701,1,7,8,7.030230924228096
814705,1,7,1,6.289112463882568
814713,1,7,10,7.181278936120174
814725,1,7,9,24.373968220031124
814726,1,7,6,18.618749132235447
814743,1,7,6,23.056819051413576
814779,1,7,9,26.205492392563663
814799,1,7,6,22.669364666606906
814812,0,7,0,0.016978581734679844
814817,1,7,10,11.645097314021447
814837,1,7,9,22.417103308995454
814855,0,7,0,0.03466458376994689
814861,1,7,8,4.609727942813564
814863,1,7,2,7.347723795169383
814866,1,7,5,0.3586789934097332
814873,1,7,6,22.05894694913009
814874,1,7,6,23.84064676140905
814879,1,7,6,23.293828743415947
814896,1,7,10,7.768050240747058
814902,1,7,5,0.3586789934097332
814903,1,7,8,24.047132674397904
814909,1,7,1,7.817755145670069
814915,1,7,1,12.56851850199521
814917,1,7,6,20.035393212730646
814920,0,7,0,0.017716883639425418
814925,1,7,9,25.653666052367434
814927,1,7,6,18.74180892617499
814930,1,7,7,4.039111294361772
814941,1,7,6,10.50927984105688
814944,1,7,4,0.358679009087165
814950,1,7,2,10.607819912962334
814960,1,7,9,24.257936991545968
814968,1,7,7,0.9293219570711844
814969,1,7,7,0.7814797179909407
814975,1,7,8,11.051199656487784
814987,1,7,6,10.203103376424382
814990,1,7,6,13.818797901537867
815016,1,7,9,7.231445746881131
815017,1,7,5,0.3586789934097332
815018,1,7,2,8.452729716587292
815028,1,7,9,23.569375050480897
815052,1,7,4,0.3586790108976326
815057,1,7,5,0.3586789934097332
815072,1,7,9,12.399689159161019
815077,1,7,6,5.654799761747856
815088,1,7,8,3.410512422177293
815099,1,7,10,11.03026453944092
815104,1,7,8,20.20599487808593
815105,1,7,9,15.76184870908818
815107,1,7,9,25.63894506752967
815109,1,7,3,2.2838603292442805
815117,1,7,6,21.151309651266175
815132,1,7,8,16.738983563677724
815137,0,7,0,0.20732454696465796
815139,1,7,9,8.79900469955693
815162,0,7,0,0.022166858287710183
815166,1,7,6,11.68671210266098
815173,1,7,3,2.1453210619554137
815182,1,7,8,24.39455081771789
815183,1,7,6,14.900117403471036
815193,1,7,8,28.087169547603793
815197,1,7,8,9.659248156882986
815203,1,7,1,6.93890200816988
815222,1,7,9,14.758911897005836
815246,1,7,9,8.496951748711721
815261,1,7,8,23.952699974611825
815264,1,7,9,13.477885396706075
815269,1,7,5,0.3586789934097332
815281,1,7,9,16.48961960728651
815290,1,7,1,6.916470490616396
815297,1,7,9,14.915597313065083
815302,1,7,5,0.3586789934097332
815328,1,7,9,15.041517371604632
815336,1,7,4,0.3586790108976326
815348,1,7,6,18.508552187755292
815356,1,7,6,8.865977251342954
815360,1,7,8,27.321396028639867
815361,1,7,7,2.6117278746638215
815369,1,7,5,0.3586789934097332
815374,1,7,5,0.3586789934097332
815383,1,7,4,0.3586790108976326
815400,1,7,6,7.747381626523184
815412,1,7,9,25.54412348935698
815421,1,7,9,25.068994934131144
815425,1,7,5,0.3586789934097332
815435,1,7,9,11.702501008888166
815441,1,7,2,7.993878338628522
815442,1,7,1,20.12993582008443
815462,1,7,6,6.922039872026003
815465,1,7,8,19.112152138309426
815494,1,7,10,15.309858006620505
815516,1,7,6,23.0527241999487
815531,1,7,10,19.29285966322776
815554,1,7,6,6.1883088570940235
815561,1,7,6,10.143076058101347
815562,1,7,3,2.314860350935503
815567,1,7,6,11.45726674447473
815578,1,7,5,0.3586789934097332
815613,1,7,8,17.199568232189613
815628,0,7,0,0.017082650884953036
815632,1,7,9,23.85578908723492
815641,0,7,0,0.044213943958670204
815647,1,7,2,8.261099237067596
815674,1,7,5,0.3586789934097332
815677,1,7,8,7.852720161603833
815679,1,7,1,18.995834096403193
815712,1,7,10,9.062504315045254
815713,1,7,4,0.3586790108976326
815716,1,7,8,14.495720535313422
815722,1,7,1,13.03828561098515
815749,1,7,5,0.3586789934097332
815752,1,7,7,2.088401194231324
815758,1,7,9,25.622173942048992
815760,1,7,9,14.895145708236896
815761,1,7,9,15.458717624666354
815772,1,7,8,25.529504481651117
815774,1,7,7,1.9965101825301224
815775,1,7,6,7.889189535284407
815776,1,7,1,20.450488842718908
815780,1,7,8,19.9320140084311
815806,1,7,10,21.294726970794105
815813,1,7,8,8.353982081323654
815814,1,7,8,8.53218687907114
815832,1,7,7,3.1900533505633177
815849,1,7,9,16.194626398542155
815852,1,7,1,4.362103367408849
815871,1,7,9,24.863263795066743
815873,1,7,7,1.0887058937039347
815886,1,7,4,0.3586790108976326
815891,1,7,4,0.3586790108976326
815900,1,7,1,21.731140041852754
815903,1,7,9,15.077039804744
815913,1,7,9,9.435104075552278
815916,1,7,9,11.051059099875442
815920,1,7,5,0.3586789934097332
815936,1,7,6,23.12150115190269
815942,1,7,9,22.100194856757923
815945,1,7,7,4.596590839662202
815954,1,7,1,17.795977556943416
815955,1,7,8,13.811543035849517
815967,1,7,1,5.972269262913095
815969,1,7,4,0.3586790108976326
815972,1,7,8,14.532017730963528
815986,1,7,6,13.231411892074412
815988,1,7,9,14.777334170047897
816014,1,7,9,23.589172095901272
816021,1,7,10,11.210030906883343
816030,1,7,6,5.376068781343945
816038,1,7,4,0.3586790108976326
816042,1,7,2,9.420571268102943
816115,1,7,2,11.171132711541265
816117,1,7,2,12.455323137483994
816134,1,7,1,8.99948340947726
816140,1,7,8,19.33851838709412
816155,1,7,7,2.9329324931898193
816160,1,7,10,10.218600411623616
816162,1,7,4,0.358679009087165
816171,1,7,8,26.062364177805733
816180,1,7,8,14.496214278922693
816185,1,7,5,0.3586789934097332
816215,1,7,3,1.2697988659484272
816216,1,7,6,10.754182135844333
816217,1,7,10,19.44677618152256
816218,1,7,4,0.3586790108976326
816225,1,7,1,6.176330738803682
816240,1,7,9,22.419098858031198
816242,1,7,9,22.801904981445386
816259,1,7,9,19.594222110709236
816281,1,7,9,14.70546061802191
816285,1,7,9,6.8995867427694835
816290,1,7,2,9.798631345613625
816314,1,7,9,13.922896684079834
816315,1,7,8,14.11507376046297
816320,1,7,6,15.585735893264484
816337,1,7,1,18.047311242628133
816344,1,7,9,13.28443625404347
816350,1,7,2,13.991639000230503
816356,1,7,2,12.32651130151125
816360,1,7,4,0.3586790108976326
816387,1,7,9,12.185577620799677
816415,1,7,4,0.3586790108976326
816419,1,7,9,12.148460685540494
816421,1,7,6,18.11955549047039
816422,1,7,8,11.059570421180025
816428,1,7,9,11.122529700525218
816429,1,7,10,10.452549731125764
816444,1,7,7,4.540477543085592
816450,1,7,1,17.38780067535143
816457,1,7,8,13.377864748690879
816462,1,7,4,0.358679009087165
816463,1,7,9,8.889152885048766
816476,1,7,9,24.083997195005853
816484,1,7,5,0.3586789934097332
816495,1,7,5,0.3586789934097332
816521,1,7,5,0.3586789934097332
816522,1,7,6,9.976290333585071
816527,1,7,9,23.432437133557602
816533,1,7,6,9.710784586755985
816550,1,7,6,23.24885647016918
816563,1,7,1,19.82598214984269
816567,0,7,0,0.029021868198298568
816575,1,7,5,0.3586789934097332
816600,1,7,10,18.52092526161065
816615,1,7,8,9.699237456021498
816621,1,7,8,18.196037939736563
816624,1,7,8,18.1503327814448
816634,1,7,3,2.238291061930635
816636,1,7,5,0.3586789934097332
816653,0,7,0,0.012460872192496008
816665,1,7,4,0.3586790108976326
816682,1,7,1,20.485654304434505
816685,1,7,7,0.9248530197643552
816686,1,7,10,13.620491738705518
816692,1,7,8,19.437550628985235
816698,1,7,1,16.111804494950132
816706,1,7,8,14.900606288398928
816707,1,7,8,24.210043459440012
816710,1,7,4,0.3586790108976326
816719,0,7,0,0.015393068673339895
816722,1,7,3,2.3380975208344137
816731,1,7,5,0.3586789949470627
816747,1,7,4,0.358679009087165
816753,1,7,6,19.24076638303336
816762,1,7,9,10.42142201566929
816774,1,7,3,2.337724936648849
816789,1,7,3,2.1765468276757667
816790,1,7,3,2.3657584374193235
816795,1,7,7,3.934700398745085
816803,1,7,8,7.766327979547293
816811,1,7,8,7.7911098147292055
816841,1,7,5,0.3586789934097332
816855,1,7,8,23.461386602368957
816859,1,7,10,21.1994106412026
816860,1,7,6,6.373075855617114
816861,1,7,4,0.3586790108976326
816877,1,7,4,0.3586790108976326
816878,1,7,6,12.094806862897522
816884,1,7,5,0.3586789934097332
816891,1,7,9,15.072995121764592
816910,1,7,4,0.3586790108976326
816912,1,7,1,16.056646022480386
816916,1,7,9,16.152552819924413
816925,1,7,8,26.999015114680024
816927,1,7,7,4.609760513790217
816929,1,7,7,2.7353373654657784
816932,1,7,10,11.754291222281662
816945,1,7,9,22.503747419647492
816956,1,7,7,1.3427656664747896
816958,1,7,7,2.752639644302615
816960,1,7,4,0.3586790108976326
816966,1,7,6,10.043303567359631
816974,1,7,9,25.952298345994652
816977,1,7,4,0.358679009087165
816982,1,7,9,25.6019850309381
816987,1,7,5,0.3586789934097332
817008,1,7,7,4.498715004723943
817023,1,7,8,3.859825054634106
817034,1,7,6,21.072683890901978
817037,1,7,5,0.3586789934097332
817057,1,7,9,15.434940841394011
817086,1,7,1,20.41754109375343
817102,1,7,5,0.3586789934097332
817110,1,7,9,23.641333246335886
817112,1,7,9,21.06378225354375
817134,1,7,5,0.3586789934097332
817138,1,7,6,23.561529891958255
817140,1,7,5,0.3586789934097332
817145,1,7,6,16.958695784862304
817157,1,7,4,0.3586790108976326
817159,1,7,9,11.03869674407773
817160,0,7,0,0.23280332823311023
817162,1,7,8,22.77437610113173
817176,1,7,2,1.1855431623262584
817179,1,7,9,24.99192400850294
817180,1,7,1,18.003368872614814
817182,1,7,7,0.34896873461088973
817223,1,7,1,18.08517686119972
817228,1,7,8,24.756906312959437
817237,1,7,1,14.201679546887185
817241,1,7,9,15.659423081748331
817246,1,7,9,12.280035714913726
817267,1,7,10,17.366343879402372
817275,1,7,4,0.3586790108976326
817294,1,7,8,12.193912963331405
817303,1,7,9,13.400201762378929
817305,1,7,8,19.19582471858709
817310,1,7,6,14.806937874313032
817321,1,7,4,0.3586790108976326
817338,1,7,5,0.3586789934097332
817347,1,7,8,21.698453382548394
817362,1,7,6,23.834811991788044
817364,1,7,3,1.5411048180722866
817368,1,7,4,0.3586790108976326
817388,1,7,8,22.668576824029238
817406,1,7,1,14.177017721860755
817411,1,7,9,8.869109330199063
817426,1,7,7,4.462975895452896
817429,1,7,7,2.932014309031257
817448,1,7,10,3.699271090645746
817449,0,7,0,0.0240054470717158
817462,1,7,6,12.18596715701953
817489,1,7,8,21.243384887244936
817495,1,7,9,18.221629714440468
817497,1,7,9,5.792719895206882
817501,1,7,8,11.90057614961476
817522,1,7,10,12.401877250396971
817539,1,7,6,13.413583842561831
817546,1,7,9,18.571104135863024
817564,1,7,6,10.49964041869593
817589,0,7,0,0.0832880764204188
817592,1,7,3,2.4045155192977465
817597,1,7,1,4.808426485365029
817602,1,7,9,15.02793640644927
817608,1,7,4,0.3586790108976326
817626,0,7,0,0.01797084837044201
817633,1,7,2,9.870735038565913
817636,1,7,10,5.387127655974716
817647,1,7,4,0.358679009087165
817650,1,7,3,1.3542593312845217
817668,1,7,9,23.09892081706922
817711,1,7,9,17.11620490463397
817712,1,7,5,0.3586789934097332
817718,1,7,4,0.3586790108976326
817721,1,7,5,0.3586789934097332
817736,1,7,5,0.3586789934097332
817744,1,7,5,0.3586789934097332
817754,1,7,9,23.96589370968268
817773,1,7,8,23.427819247274762
817781,1,7,6,13.039712511269286
817790,1,7,9,13.920812108241195
817799,1,7,8,21.143341544004677
817805,1,7,10,5.7883506747830635
817807,1,7,6,13.983891081242072
817815,1,7,9,7.7541959293962845
817817,1,7,3,2.249585873089762
817821,0,7,0,0.02502841658066093
817824,1,7,6,18.159067984857625
817836,1,7,5,0.3586789934097332
817845,1,7,5,0.3586789934097332
817847,1,7,6,5.490735854499569
817848,1,7,5,0.3586789934097332
817868,1,7,8,28.253179184427246
817879,1,7,10,9.37834310931561
817882,1,7,9,4.786569512505662
817884,1,7,9,16.256585903257772
817897,1,7,4,0.3586790108976326
817914,1,7,8,21.359030562723465
817915,1,7,3,1.7590440126594529
817917,1,7,9,23.745424765015965
817931,1,7,9,24.613699021377265
817948,1,7,1,12.678385393034231
817950,1,7,9,19.19905878414471
817956,1,7,6,17.80229718056487
817960,1,7,8,28.519931348785306
817968,1,7,6,5.61517429280348
817991,1,7,6,21.79310769932342
817994,1,7,8,16.803953605708855
818005,1,7,5,0.3586789934097332
818013,1,7,6,23.14752457397757
818042,1,7,1,6.024992229750945
818045,1,7,4,0.3586790108976326
818061,1,7,1,3.9045038752803474
818074,1,7,7,2.4143865660913355
818084,1,7,8,11.978824360852425
818087,1,7,9,25.454876865953842
818093,1,7,9,11.678403173499312
818094,1,7,4,0.3586790108976326
818103,1,7,9,25.846328340262588
818107,1,7,8,14.124895343833908
818112,1,7,9,23.208427147203775
818125,1,7,6,21.24560397430235
818126,1,7,10,19.297026269730853
818127,1,7,10,21.238328026478687
818128,1,7,6,19.86802859767096
818133,1,7,4,0.3586790108976326
818136,1,7,10,10.256762149975419
818143,1,7,2,12.099195376900605
818146,1,7,9,16.725725137109666
818151,1,7,3,2.456782150522694
818158,1,7,9,20.70202865408233
818176,1,7,1,19.45084333797868
818182,1,7,5,0.3586789949470627
818191,0,7,0,0.015976087229959933
818198,1,7,2,12.444748564425314
818230,1,7,4,0.3586790108976326
818243,1,7,1,8.072950055842725
818249,1,7,4,0.3586790108976326
818260,1,7,1,13.631225141812092
818277,1,7,9,12.057908007147612
818291,1,7,4,0.3586790108976326
818303,1,7,3,2.4025644146963927
818327,1,7,1,18.947097415883135
818329,1,7,9,19.975090384545314
818332,1,7,1,12.784659278677006
818340,1,7,5,0.3586789934097332
818357,1,7,1,15.937057177338914
818364,1,7,1,19.532175971568876
818381,1,7,7,2.2044498577511944
818387,1,7,4,0.3586790108976326
818390,1,7,10,8.659938762984911
818394,1,7,7,3.636606275082979
818414,0,7,0,0.016899054605660574
818432,1,7,4,0.3586790108976326
818452,1,7,6,16.357640220312945
818461,1,7,1,16.068666765096662
818464,1,7,4,0.3586790108976326
818467,1,7,4,0.3586790108976326
818471,1,7,8,15.409012765618078
818475,1,7,4,0.3586790108976326
818482,1,7,10,7.528233008425338
818493,1,7,2,1.0055587143369895
818494,1,7,6,9.329340680518657
818495,1,7,4,0.358679009087165
818528,1,7,8,26.763131700119516
818541,1,7,5,0.3586789934097332
818543,1,7,3,2.1320707052232724
818553,1,7,8,23.04679349486838
818554,0,7,0,0.035696076642112703
818562,1,7,4,0.3586790108976326
818572,1,7,2,8.86506362995986
818596,1,7,1,6.046659985107962
818618,1,7,4,0.3586790108976326
818628,1,7,6,11.64568670275033
818639,0,7,0,0.022909899055658996
818655,1,7,2,7.966881522469781
818661,1,7,4,0.3586790108976326
818666,1,7,6,22.06428106880437
818668,1,7,9,12.929080142605606
818671,1,7,3,1.8978101997074297
818677,1,7,4,0.3586790108976326
818678,1,7,5,0.3586789934097332
818681,1,7,9,24.568490570899357
818719,1,7,9,6.813146864396623
818724,1,7,1,20.85867400903045
818725,1,7,9,25.648197275578458
818742,1,7,1,7.162044994220205
818744,0,7,0,0.025170558296825622
818758,1,7,2,13.79917868111442
818763,1,7,8,7.032617724554505
818764,1,7,5,0.3586789934097332
818776,1,7,5,0.3586789934097332
818780,1,7,9,6.597424824967654
818782,1,7,1,20.352999885736818
818788,1,7,10,18.802228712213658
818792,1,7,8,8.032290209632189
818810,1,7,6,5.88147633261692
818828,1,7,6,23.962944423166082
818837,1,7,3,1.9738738901026107
818840,1,7,10,11.595309677890532
818848,1,7,9,22.435877320968924
818856,1,7,8,27.29968108814259
818867,1,7,8,16.070993768096113
818874,1,7,6,22.066139148086126
818882,1,7,8,19.910661055504466
818892,1,7,8,28.189188470007476
818907,1,7,6,20.205636278587757
818913,1,7,3,1.1864184244437188
818916,1,7,9,25.802443379999087
818919,1,7,9,13.653731907419859
818931,1,7,9,20.422767700808233
818932,1,7,9,7.315182261520007
818943,1,7,10,11.30905686950937
818953,1,7,9,16.581008748791085
818973,1,7,9,25.857351354059688
818979,1,7,5,0.3586789934097332
818980,1,7,9,20.641301539261924
818988,1,7,8,28.50028164590964
818993,1,7,5,0.3586789934097332
818998,1,7,1,19.702583646422514
819003,1,7,7,0.9112304534222809
819004,1,7,5,0.3586789934097332
819024,1,7,6,11.336522942810447
819025,1,7,7,2.932032461392384
819033,1,7,5,0.3586789934097332
819056,1,7,9,15.666479790430738
819080,0,7,0,0.023519870669791026
819086,1,7,4,0.358679009087165
819094,1,7,8,2.4753705953688554
819098,1,7,6,12.853863674155745
819109,1,7,1,17.54598507284963
819116,1,7,6,13.214899330824467
819117,1,7,9,26.291490692143277
819146,1,7,6,14.455323120446739
819156,1,7,4,0.3586790108976326
819194,1,7,1,21.16242523043314
819199,1,7,8,8.54025171482972
819214,1,7,1,11.998643313710174
819216,1,7,10,9.720921717806048
819239,0,7,0,0.017806830013518515
819262,1,7,2,9.33282291005687
819266,1,7,6,23.38793253887716
819284,1,7,5,0.3586789934097332
819288,1,7,10,14.838448683595864
819290,1,7,9,19.399562112799803
819311,1,7,6,15.838598533758441
819313,1,7,4,0.3586790108976326
819314,0,7,0,0.20971024012760373
819321,0,7,0,0.012550832287011659
819330,1,7,7,2.7501347097914928
819341,1,7,6,23.945307261429893
819348,1,7,6,23.47090202272699
819357,1,7,4,0.3586790108976326
819358,1,7,9,23.311168282658382
819372,1,7,8,15.365308803665704
819453,1,7,9,12.921302088544337
819470,1,7,1,22.280702377297796
819471,1,7,5,0.3586789934097332
819477,1,7,6,15.016606361888982
819479,1,7,5,0.3586789949470627
819486,1,7,3,1.9558739533368075
819493,1,7,10,16.30957205478957
819494,0,7,0,0.028313286488267704
819495,1,7,9,11.610218081625844
819505,1,7,3,1.1366522998971047
819509,1,7,9,17.11161338467356
819526,1,7,9,7.414250857099049
819532,1,7,5,0.3586789934097332
819544,1,7,5,0.3586789934097332
819550,1,7,9,7.886103050355641
819551,1,7,9,14.062009511923913
819555,1,7,1,15.751443784778187
819567,0,7,0,0.017715147657818377
819579,1,7,2,10.945086001328635
819583,1,7,9,7.884766002079219
819599,1,7,6,13.964035243108379
819626,1,7,9,25.64688175941166
819642,1,7,7,4.608554490729421
819663,1,7,10,4.920997982477228
819679,1,7,7,1.415362239110803
819683,1,7,10,3.309080013578909
819718,1,7,6,8.240261755888525
819721,1,7,8,12.793618961398716
819748,1,7,9,7.7573123044370895
819788,1,7,4,0.3586790108976326
819795,1,7,5,0.3586789934097332
819797,0,7,0,0.0292550428942073
819808,1,7,6,21.72433161041526
819814,1,7,4,0.3586790108976326
819820,1,7,6,12.653021029535545
819821,0,7,0,0.020818357464609978
819837,1,7,5,0.3586789949470627
819857,1,7,1,15.539141850247297
819869,1,7,1,19.38790037676107
819884,0,7,0,0.0700740065406787
819893,1,7,3,2.392579623308793
819909,1,7,8,10.93425265745576
819912,1,7,1,19.393147925799095
819924,1,7,5,0.3586789934097332
819948,1,7,6,5.371950089819917
819960,1,7,4,0.3586790108976326
819974,0,7,0,0.02818553976578567
819976,1,7,10,15.236751469032546
820024,0,7,0,0.016967628393539765
820028,1,7,9,26.279090190935143
820031,1,7,6,7.410176130490363
820045,1,7,2,2.5291076893092934
820048,1,7,6,15.126204423477297
820053,1,7,1,11.801662925868452
820063,1,7,7,1.026757533196687
820070,1,7,6,11.446892545719571
820071,1,7,8,24.604062851184977
820085,1,7,8,14.238305269198602
820094,0,7,0,0.018212925168359765
820100,1,7,8,3.9778173937794277
820107,1,7,6,18.604168583948397
820109,1,7,4,0.3586790108976326
820110,1,7,4,0.3586790108976326
820121,1,7,9,6.768712067747813
820128,1,7,9,22.512427243851626
820136,0,7,0,0.015722547805168505
820156,1,7,5,0.3586789934097332
820164,1,7,2,11.942647633924768
820165,1,7,4,0.358679009087165
820168,1,7,9,12.7974938939174
820170,1,7,6,18.83170799537891
820171,1,7,4,0.3586790108976326
820174,1,7,8,18.29211253344506
820183,1,7,6,23.034353482117897
820189,0,7,0,0.054348434980255114
820192,0,7,0,0.369903347857778
820196,1,7,6,14.962923898401511
820197,1,7,1,7.295609815978932
820198,1,7,5,0.3586789934097332
820200,1,7,3,1.5720836886753435
820215,1,7,10,15.745937009293554
820217,1,7,6,14.709927645431556
820226,1,7,8,15.81780906845955
820227,1,7,4,0.3586790108976326
820232,1,7,6,19.15445275581127
820233,1,7,7,3.4239601575038128
820238,1,7,5,0.3586789934097332
820258,1,7,5,0.3586789934097332
820262,1,7,8,25.75122067871654
820266,1,7,9,9.592703800821319
820267,1,7,9,22.801899501762705
820273,1,7,6,23.143977957058542
820281,1,7,9,14.483673461717906
820304,1,7,4,0.3586790108976326
820308,1,7,5,0.3586789934097332
820315,1,7,5,0.3586789934097332
820321,1,7,4,0.3586790108976326
820326,1,7,9,20.98203689276167
820345,1,7,5,0.3586789934097332
820346,1,7,5,0.3586789934097332
820352,1,7,4,0.358679009087165
820353,1,7,6,20.81025389093526
820359,1,7,6,23.201255149800275
820368,1,7,9,15.205902495046086
820371,1,7,9,25.620478978382103
820380,1,7,5,0.3586789934097332
820397,1,7,6,19.322666905758062
820399,1,7,1,12.345082344453191
820404,0,7,0,0.19043646571974854
820406,1,7,6,21.99093077868952
820410,1,7,9,8.921856103759811
820418,1,7,1,12.8535291882049
820433,1,7,9,10.573479522017342
820449,1,7,9,26.149419048846553
820457,1,7,1,14.176497015328607
820458,1,7,4,0.3586790108976326
820460,1,7,8,22.870725903965425
820461,1,7,10,21.05433478461669
820485,1,7,1,19.156142443753165
820495,1,7,4,0.3586790108976326
820496,1,7,1,17.26520072000806
820507,1,7,8,23.00359003768703
820533,1,7,9,23.960233150069488
820541,1,7,8,25.78333487337322
820544,1,7,6,12.854453711308237
820552,1,7,4,0.3586790108976326
820578,1,7,8,2.9906771694813803
820595,0,7,0,0.022082730512697313
820600,1,7,1,6.232480333342763
820615,1,7,6,13.136700467266051
820620,1,7,4,0.3586790108976326
820623,1,7,6,21.920551176587974
820627,0,7,0,0.01495261468266795
820637,0,7,0,0.013227091784000923
820649,1,7,5,0.3586789934097332
820665,1,7,9,9.973405694637352
820671,1,7,8,21.68200730445108
820673,1,7,4,0.3586790108976326
820679,1,7,4,0.3586790108976326
820696,1,7,4,0.3586790108976326
820697,1,7,7,2.0764949819741103
820722,1,7,9,26.211153018513834
820725,1,7,4,0.3586790108976326
820733,1,7,4,0.3586790108976326
820743,1,7,4,0.3586790108976326
820764,1,7,5,0.3586789934097332
820775,1,7,1,7.8146970381514285
820793,1,7,5,0.3586789934097332
820796,1,7,5,0.3586789934097332
820812,1,7,6,22.74673851117489
820813,1,7,5,0.3586789934097332
820827,1,7,4,0.3586790108976326
820854,1,7,4,0.3586790108976326
820862,1,7,1,19.694801013973102
820866,1,7,8,10.638947577216534
820867,1,7,5,0.3586789934097332
820868,1,7,6,18.19465428398527
820873,1,7,9,15.974256179884623
820884,0,7,0,0.013991996111300297
820889,1,7,5,0.3586789934097332
820893,1,7,2,11.229857995032718
820943,1,7,2,4.360784931433581
820946,1,7,1,16.739824368770886
820953,1,7,9,20.65305376360636
820969,1,7,7,3.708129086305954
820992,1,7,9,11.157938168663572
821000,1,7,5,0.3586789934097332
821005,0,7,0,0.18462326868044984
821007,1,7,5,0.3586789934097332
821014,1,7,9,16.707362200815535
821019,1,7,2,11.21572990964435
821030,1,7,9,23.496760716051927
821034,1,7,9,24.224388702583195
821037,1,7,9,8.253789784411964
821040,1,7,5,0.3586789934097332
821043,1,7,3,2.3150318336056186
821062,1,7,8,15.721856112896889
821093,1,7,6,17.232276836650755
821096,1,7,10,13.436738927640723
821099,1,7,4,0.3586790108976326
821103,1,7,9,10.294012294043526
821106,1,7,10,21.22634872687518
821130,1,7,4,0.3586790108976326
821150,0,7,0,0.029626968676250295
821167,1,7,9,12.531614012659922
821188,1,7,7,2.860271038638718
821189,1,7,9,24.437805265988427
821209,1,7,9,9.75983545481492
821226,1,7,6,19.913121488253626
821230,1,7,8,25.644117522238425
821232,0,7,0,0.02657254996965146
821258,1,7,4,0.3586790108976326
821261,1,7,10,16.860312642234994
821267,1,7,9,16.61246211456947
821279,1,7,9,25.486123365308615
821287,1,7,6,10.756484865262433
821298,1,7,10,19.32047383800503
821309,1,7,7,2.2668895996167806
821318,1,7,1,16.02827712619245
821322,0,7,0,0.02484952845650481
821324,1,7,8,6.519286003995132
821337,1,7,8,21.434318308077927
821358,1,7,5,0.3586789934097332
821384,1,7,4,0.3586790108976326
821402,1,7,4,0.3586790108976326
821417,1,7,6,7.340982974034121
821427,1,7,3,1.2607464002135709
821441,1,7,10,6.136646585865008
821444,1,7,2,6.787533437194028
821470,1,7,6,21.634007043581246
821477,1,7,4,0.3586790108976326
821490,1,7,2,13.2426545212935
821517,1,7,4,0.3586790108976326
821530,1,7,6,15.492344765203887
821532,1,7,3,2.305907830936222
821552,1,7,6,16.299423528909763
821556,1,7,5,0.3586789934097332
821561,1,7,6,13.342666218116014
821568,1,7,2,10.789132499613741
821573,1,7,5,0.3586789934097332
821585,1,7,8,21.341727744435477
821590,1,7,4,0.3586790108976326
821594,1,7,6,14.790534408039964
821595,1,7,8,19.81834681997303
821596,1,7,7,2.134041206068817
821603,1,7,6,20.01661491835565
821608,1,7,5,0.3586789934097332
821618,1,7,4,0.3586790108976326
821622,1,7,4,0.358679009087165
821628,1,7,5,0.3586789949470627
821633,1,7,9,14.576810596880797
821635,1,7,5,0.3586789934097332
821660,1,7,6,23.294426296339683
821661,1,7,9,9.757829948890189
821687,1,7,1,17.67095990583561
821688,1,7,9,14.588268331108848
821695,1,7,8,21.904606549705374
821696,0,7,0,0.025487701756006245
821703,1,7,7,2.443261217327062
821709,1,7,10,20.6102808837184
821714,1,7,8,26.487837340142605
821717,1,7,10,16.099855994816316
821741,1,7,5,0.3586789934097332
821750,1,7,9,22.6009274424256
821752,1,7,4,0.3586790108976326
821768,1,7,10,4.162937310511037
821770,1,7,8,14.528833223200962
821780,1,7,7,4.349630015230505
821783,1,7,8,24.091197711808757
821789,1,7,8,12.771063794911134
821799,0,7,0,0.014679364493612629
821804,1,7,9,24.85158124845831
821814,1,7,5,0.3586789934097332
821815,1,7,8,17.085010700019264
821820,1,7,1,9.73879608427001
821829,1,7,10,17.846030875414606
821830,1,7,8,11.22896013223581
821837,1,7,9,11.447491563708667
821840,1,7,9,12.262931861355293
821841,1,7,8,16.00754335197559
821844,1,7,6,9.178273537954997
821864,1,7,4,0.358679009087165
821867,1,7,1,20.88672914978194
821883,1,7,8,2.087106923097634
821885,1,7,6,21.685497503301693
821903,1,7,6,23.17511141984901
821907,1,7,8,21.316026077202352
821908,1,7,6,8.582023398212549
821933,1,7,9,23.94716086326051
821944,1,7,7,3.035683888193122
821945,1,7,4,0.3586790108976326
821952,1,7,6,23.037338093755
821970,1,7,8,25.947950769296185
821973,1,7,9,26.369517618651052
821976,1,7,5,0.3586789934097332
821978,1,7,6,23.256764752803985
822000,1,7,9,15.83904807882673
822008,1,7,5,0.3586789934097332
822014,1,7,9,17.873106945130967
822018,1,7,5,0.3586789934097332
822023,1,7,9,26.277968181218156
822024,1,7,9,20.593960323968258
822045,1,7,5,0.3586789934097332
822053,1,7,5,0.3586789934097332
822065,1,7,6,9.847159392957161
822072,1,7,8,2.516035883231505
822081,1,7,3,1.533540638619775
822088,1,7,9,11.986679430624818
822091,1,7,9,23.87027840657735
822093,0,7,0,0.013171402812429008
822097,1,7,8,20.041892116918063
822105,1,7,8,25.115478935626875
822108,1,7,9,19.19657808735775
822112,1,7,9,11.01410640135729
822118,1,7,8,17.588971117484064
822121,1,7,8,18.527793942716137
822122,1,7,9,23.297743180616187
822128,1,7,5,0.3586789934097332
822133,1,7,3,0.8042424274896286
822145,1,7,10,16.882616667082377
822151,1,7,9,25.758303079454148
822167,1,7,10,11.07311846801506
822205,1,7,10,13.683689662644108
822241,1,7,1,9.72964229521772
822246,1,7,6,22.132990262306123
822258,0,7,0,0.015834030155346356
822268,1,7,8,15.622885052084467
822272,1,7,4,0.3586790108976326
822273,1,7,1,21.338356840987842
822274,0,7,0,0.017162110871268774
822278,1,7,1,21.535838492855426
822298,1,7,2,7.989695778195015
822302,1,7,6,23.392965125506887
822317,1,7,4,0.3586790108976326
822332,1,7,6,13.54808969701391
822346,1,7,4,0.3586790108976326
822353,1,7,5,0.3586789934097332
822355,1,7,5,0.3586789934097332
822367,1,7,4,0.3586790108976326
822383,1,7,9,18.952937807238662
822395,1,7,9,5.818987238362527
822406,1,7,4,0.3586790108976326
822414,1,7,6,12.69306367492487
822423,1,7,10,11.45238520077245
822428,1,7,6,5.301426200368382
822437,1,7,4,0.358679009087165
822455,1,7,6,14.087076338169375
822459,1,7,3,1.611440014850304
822482,1,7,6,14.623289194179728
822483,1,7,8,28.390539525211477
822510,1,7,10,7.924219468401671
822520,1,7,4,0.3586790108976326
822531,1,7,1,6.003192043166367
822560,1,7,9,26.187809867142835
822562,1,7,1,15.955874827559827
822582,1,7,6,19.012351478409244
822584,1,7,4,0.3586790108976326
822591,0,7,0,0.011809256284769445
822619,1,7,6,20.53854686131309
822620,1,7,6,13.111930361496904
822625,1,7,9,13.406894960392691
822630,1,7,6,14.437284008314075
822639,1,7,9,12.425117036172674
822652,1,7,9,2.741613166521258
822654,0,7,0,0.19344849559128285
822670,1,7,10,3.5044305702053524
822673,1,7,9,16.442883987008763
822693,1,7,9,6.212400263483342
822696,1,7,9,22.59588002069037
822706,1,7,1,21.513770732547137
822722,1,7,2,1.385731256690244
822732,1,7,1,9.80437127531929
822742,1,7,1,22.301828273984377
822744,1,7,9,15.884200493341423
822746,1,7,6,5.432682789456749
822781,1,7,9,11.561405955618751
822811,1,7,9,13.38433917865838
822820,1,7,6,20.7577497497482
822825,1,7,2,6.568139161733952
822826,1,7,8,16.640861121704877
822857,1,7,8,7.495215737460953
822858,1,7,6,14.998313450324558
822874,1,7,3,2.4088515811738076
822892,1,7,6,7.928835200170343
822912,1,7,5,0.3586789934097332
822913,1,7,10,15.747317049006279
822925,1,7,4,0.3586790108976326
822932,1,7,10,10.393834939231652
822937,1,7,3,1.8893369918362395
822941,1,7,4,0.3586790108976326
822943,1,7,4,0.3586790108976326
822950,1,7,1,20.836014425998513
822963,1,7,8,12.355263163350648
822965,1,7,9,17.794072084104425
822988,1,7,7,2.587811532092446
822996,1,7,6,11.807528171544577
823001,1,7,8,6.138394170471569
823003,1,7,4,0.3586790108976326
823010,0,7,0,0.016173424675143402
823064,1,7,9,4.376188751283971
823078,1,7,10,8.60631616363942
823080,1,7,8,19.973549497252037
823090,1,7,6,19.50577706810407
823092,1,7,6,20.242886619511143
823107,1,7,4,0.3586790108976326
823112,1,7,5,0.3586789934097332
823121,1,7,10,4.99094343677033
823126,1,7,2,6.953881250315855
823129,1,7,6,6.320740234126221
823163,1,7,10,10.892709893199509
823169,1,7,4,0.3586790108976326
823177,1,7,7,3.4228785856185735
823181,1,7,7,2.8037210784977815
823186,1,7,5,0.3586789934097332
823192,1,7,4,0.3586790108976326
823196,1,7,9,6.218983496249565
823205,1,7,9,16.47358095481219
823240,1,7,8,14.70180244176161
823244,1,7,5,0.3586789934097332
823276,1,7,9,10.709714932922553
823291,1,7,6,6.611955776149964
823297,1,7,7,3.9738992010048726
823304,1,7,8,26.697242040563626
823327,1,7,9,25.309178502636907
823345,1,7,6,12.509122042134996
823348,1,7,8,10.599216895850823
823365,1,7,5,0.3586789934097332
823366,1,7,7,4.514192361893199
823383,1,7,5,0.3586789934097332
823386,1,7,2,10.714467142586518
823392,1,7,1,18.150158994982135
823397,1,7,4,0.3586790108976326
823406,1,7,3,2.3679755684257104
823414,1,7,6,12.714293615823774
823416,1,7,10,6.224624963343006
823428,0,7,0,0.019922314741241752
823430,1,7,6,23.01187010073649
823440,1,7,9,24.615929791027224
823454,1,7,1,20.567630180080577
823460,0,7,0,0.02362071508416557
823472,1,7,7,4.385704320452881
823476,1,7,9,6.2124927720215934
823520,1,7,9,22.09358140707253
823535,1,7,9,26.02497732264143
823540,1,7,6,23.86275190456606
823557,1,7,9,24.62283432205011
823562,1,7,7,3.1535057125790384
823567,1,7,5,0.3586789934097332
823574,1,7,6,23.420865411982675
823594,1,7,6,4.640347732385392
823607,1,7,5,0.3586789934097332
823613,1,7,5,0.3586789934097332
823628,1,7,1,21.77521825143197
823634,1,7,10,20.769040264479106
823641,1,7,10,13.747698248492934
823684,1,7,8,23.782215412138683
823693,1,7,3,1.8547600382803402
823695,1,7,9,7.4720209380082485
823697,1,7,4,0.3586790108976326
823702,1,7,9,3.1370873886891553
823706,1,7,8,24.231338671596294
823712,1,7,9,23.305754173207788
823734,1,7,6,8.864634270184965
823757,1,7,7,3.9371877784396063
823761,1,7,9,6.966547852051501
823771,1,7,8,18.68243711122804
823779,1,7,6,22.120362498745976
823784,1,7,2,9.144623279512427
823785,1,7,8,6.686127107865211
823801,1,7,10,11.669817166518152
823803,1,7,1,11.983151493383017
823810,1,7,3,2.2469524537805574
823820,1,7,1,17.23763562563133
823822,1,7,6,14.329339964407623
823851,1,7,9,4.842144977118381
823854,1,7,5,0.3586789934097332
823883,1,7,8,12.697138819281106
823893,1,7,5,0.3586789934097332
823902,1,7,9,26.350889509868267
823916,1,7,6,13.261140119578739
823918,1,7,8,25.290073207888295
823920,1,7,5,0.3586789934097332
823922,1,7,9,21.262244466159434
823923,1,7,3,1.3607965172204683
823939,1,7,6,11.425707843236214
823942,1,7,9,25.874792760732884
823951,1,7,3,1.765955849416432
823962,1,7,5,0.3586789934097332
823975,1,7,6,21.799904221047033
823981,1,7,5,0.3586789934097332
823982,1,7,5,0.3586789934097332
824001,1,7,8,12.285248832652771
824024,1,7,9,24.073733650670633
824036,1,7,9,25.263023220848172
824088,1,7,9,15.272706939841997
824090,1,7,1,8.063937424712574
824093,1,7,2,10.30156463500624
824098,1,7,2,7.808013068945338
824116,1,7,5,0.3586789934097332
824120,1,7,5,0.3586789934097332
824122,1,7,6,11.301776254877291
824126,1,7,5,0.3586789934097332
824130,1,7,5,0.3586789934097332
824140,1,7,8,7.67502192671173
824151,1,7,9,12.40118115306652
824171,1,7,6,10.023327002526441
824173,1,7,6,21.483002560474677
824174,1,7,8,10.44009302620042
824182,1,7,9,2.8717683775196274
824203,1,7,3,2.3136960943718785
824206,1,7,5,0.3586789934097332
824216,1,7,6,21.238152889437902
824230,1,7,10,12.077105804429937
824248,1,7,9,20.50370346741719
824252,1,7,5,0.3586789934097332
824262,0,7,0,0.12697843679667115
824267,1,7,8,6.297451434874656
824274,1,7,4,0.3586790108976326
824279,1,7,6,8.100611778308323
824292,1,7,10,11.89928896197146
824298,1,7,8,6.660868142542396
824310,1,7,2,12.574932901069703
824311,1,7,4,0.3586790108976326
824315,1,7,8,16.70341711047713
824323,1,7,5,0.3586789934097332
824324,1,7,9,24.037119659430093
824325,1,7,6,19.927443278206177
824352,1,7,6,23.599466780100357
824360,1,7,6,14.20272286073032
824364,1,7,4,0.3586790108976326
824367,1,7,5,0.3586789934097332
824368,1,7,8,18.418009816275838
824375,1,7,5,0.3586789934097332
824376,1,7,9,15.104020820838432
824384,1,7,3,1.1446073362331575
824396,1,7,4,0.3586790108976326
824407,1,7,8,28.270578248733063
824409,1,7,1,8.389803300195235
824434,1,7,2,4.501447590686272
824451,1,7,6,10.256210023621955
824464,1,7,8,23.026725027240328
824494,1,7,7,3.1671805489663125
824505,1,7,6,7.445587071017934
824507,1,7,4,0.3586790108976326
824519,1,7,9,14.602939971999575
824552,1,7,8,27.38094953438654
824604,1,7,6,7.003339414291139
824620,1,7,8,9.461836302731005
824637,1,7,9,16.22702282668032
824641,1,7,1,12.232713910248668
824645,1,7,3,2.3394402206386555
824660,0,7,0,0.023336665848087794
824667,0,7,0,0.2283305693209979
824689,1,7,6,16.88894307886887
824696,1,7,5,0.3586789934097332
824697,1,7,3,0.734105676016875
824698,1,7,5,0.3586789934097332
824700,1,7,4,0.3586790108976326
824713,1,7,8,20.393515624155647
824714,1,7,10,19.114501170338226
824725,1,7,4,0.3586790108976326
824727,1,7,6,22.43517101393595
824737,1,7,6,23.243313424300034
824743,1,7,9,24.377497293891906
824749,1,7,10,10.075672637304447
824763,1,7,9,21.002957122926485
824769,1,7,9,10.973603153767037
824806,1,7,8,24.556222016821483
824840,1,7,8,24.433805445461598
824870,1,7,9,25.63507239369449
824884,1,7,6,10.176644660850497
824887,1,7,9,22.98478047643902
824910,1,7,8,4.599215495425414
824924,1,7,9,25.67348838694811
824925,1,7,5,0.3586789934097332
824947,1,7,8,21.016130921897723
824948,1,7,8,6.42433362493287
824949,1,7,9,16.7327246189448
824953,1,7,7,2.481566588216962
824958,1,7,4,0.3586790108976326
824967,1,7,8,7.364401194437098
824995,1,7,7,4.207744944425415
824999,1,7,10,20.886818520318
825031,1,7,5,0.3586789934097332
825036,1,7,4,0.3586790108976326
825041,1,7,4,0.3586790108976326
825042,1,7,7,1.3718345448403384
825053,1,7,6,19.748831583429816
825059,1,7,8,20.878981624710136
825069,1,7,4,0.3586790108976326
825080,0,7,0,0.014321491728094844
825090,1,7,8,26.59483476343689
825103,0,7,0,0.20427281885605234
825112,1,7,9,16.667940170576415
825119,1,7,9,10.408229125103782
825128,0,7,0,0.029865000234257137
825138,1,7,8,19.887056350931346
825147,1,7,8,27.846201729233957
825169,1,7,2,2.3092246186645538
825176,1,7,9,14.582161151069382
825178,1,7,8,12.002149870641324
825191,1,7,4,0.358679009087165
825194,1,7,9,26.21181301057251
825200,1,7,8,17.50249464744212
825201,1,7,8,14.406498128576708
825204,0,7,0,0.023892983311704197
825211,1,7,5,0.3586789934097332
825221,1,7,1,10.401088075366893
825224,1,7,4,0.3586790108976326
825258,1,7,10,19.429863292234938
825259,1,7,9,23.473630802632858
825260,1,7,1,9.396047132614264
825261,1,7,8,15.047656055095734
825299,1,7,10,12.187102670457367
825302,1,7,4,0.3586790108976326
825307,1,7,6,5.614564005358703
825314,1,7,6,23.446078286229017
825319,1,7,2,10.998609402799271
825324,1,7,10,19.91484871265965
825331,1,7,1,21.436550645690634
825340,1,7,9,26.216081886207178
825357,1,7,5,0.3586789934097332
825378,0,7,0,0.01369312896383167
825385,1,7,9,8.625415542905152
825395,1,7,9,14.105320844327522
825413,1,7,1,18.387066833157153
825474,1,7,5,0.3586789934097332
825491,1,7,6,8.79647242015379
825496,1,7,6,6.3176791984126055
825500,1,7,7,1.9668823529741584
825520,1,7,8,9.751464915918936
825527,1,7,7,1.8531816757687394
825532,0,7,0,0.02365464613519915
825568,1,7,7,1.333413806090001
825591,1,7,10,7.420861112899335
825600,1,7,8,22.241975998976283
825609,1,7,3,2.1429483084523153
825620,1,7,9,25.171688576289668
825627,1,7,6,17.725199477843613
825629,1,7,4,0.3586790108976326
825636,1,7,5,0.3586789934097332
825637,1,7,4,0.3586790108976326
825644,1,7,4,0.3586790108976326
825657,1,7,5,0.3586789934097332
825679,1,7,8,28.536325490593025
825687,1,7,5,0.3586789934097332
825730,1,7,10,8.869078824244452
825741,1,7,9,18.745402216740437
825745,1,7,10,6.224945162674781
825767,1,7,6,6.631611618752389
825777,1,7,10,14.059515483710715
825780,1,7,9,26.20107659025839
825792,1,7,3,1.4597397535946806
825796,1,7,2,11.100877759072553
825797,1,7,8,25.832536016559715
825799,1,7,8,15.697728106632958
825810,1,7,6,19.996568828015473
825839,1,7,9,19.615507672354163
825842,1,7,9,20.8531975591912
825852,1,7,4,0.3586790108976326
825854,1,7,5,0.3586789934097332
825866,1,7,9,20.18568795741406
825867,1,7,1,16.816137431648595
825870,1,7,9,10.338447958628125
825875,1,7,6,16.59871330372128
825882,1,7,8,26.304944454910654
825896,1,7,8,10.492987970347475
825904,1,7,9,12.909012590037296
825913,1,7,7,4.409101108116758
825922,1,7,4,0.3586790108976326
825927,1,7,6,22.590578058578267
825928,1,7,4,0.3586790108976326
825932,1,7,2,10.675076589758692
825934,1,7,4,0.3586790108976326
825935,1,7,4,0.3586790108976326
825967,1,7,1,6.189769245009877
825969,1,7,7,2.315296924332011
825972,0,7,0,0.20727032419558658
825975,1,7,7,2.421485370012972
825978,1,7,2,9.830829674736956
825980,1,7,5,0.3586789934097332
825983,1,7,7,4.374914375142846
825998,1,7,8,24.35216769527464
826022,1,7,8,11.086527810701961
826024,1,7,8,4.39124836619647
826027,1,7,9,24.847479817743093
826032,1,7,9,22.596952569148584
826041,1,7,3,1.1839413150774796
826050,1,7,9,23.351373713019242
826055,1,7,9,10.146304996743648
826057,1,7,1,19.887495809306003
826098,1,7,1,22.86086846778645
826111,1,7,1,11.032919427427297
826123,0,7,0,0.02373456831375415
826142,1,7,9,18.042733010117924
826143,1,7,5,0.3586789934097332
826153,1,7,9,4.024304288195671
826156,1,7,10,16.60312182119885
826162,1,7,6,12.100457273456222
826179,1,7,6,4.214918770620669
826181,1,7,6,17.39729744017906
826188,1,7,8,10.362708058381434
826195,1,7,7,0.4329106770935637
826198,1,7,4,0.3586790108976326
826206,0,7,0,0.0650495258352278
826220,1,7,4,0.3586790108976326
826227,1,7,7,2.2190476465944617
826229,1,7,8,7.507867130783663
826244,1,7,10,19.17349240515077
826245,1,7,10,10.629210733770005
826263,1,7,9,15.568131413743464
826299,1,7,5,0.3586789934097332
826303,1,7,9,17.099090122773738
826307,1,7,6,16.17714978393786
826319,1,7,4,0.3586790108976326
826337,1,7,2,10.665782227702106
826351,1,7,6,8.672760277739354
826377,1,7,9,16.415169546306206
826380,1,7,10,15.300057481108022
826381,1,7,8,12.390671615853432
826391,1,7,9,25.538627348183255
826395,1,7,10,21.24406689787454
826404,1,7,9,8.095282937315382
826440,1,7,4,0.3586790108976326
826457,1,7,9,15.277209267137241
826465,1,7,9,16.302083077790964
826474,1,7,2,9.864745569304942
826495,1,7,5,0.3586789934097332
826497,1,7,1,19.833905183742054
826498,1,7,6,4.937619987509343
826499,1,7,9,18.911387152678245
826520,1,7,5,0.3586789934097332
826522,1,7,4,0.3586790108976326
826528,0,7,0,0.03357594374348329
826533,1,7,6,24.062618371828787
826537,1,7,2,7.059608922520967
826552,1,7,6,20.532096567455408
826556,1,7,8,6.0666036546025985
826559,1,7,9,5.095344526582037
826563,1,7,9,7.55217441686127
826565,1,7,6,9.669106199360133
826567,1,7,5,0.3586789934097332
826570,1,7,4,0.3586790108976326
826575,1,7,4,0.3586790108976326
826595,1,7,8,3.135227603276222
826603,1,7,8,25.333364248035853
826614,1,7,2,6.116868288144022
826623,1,7,4,0.3586790108976326
826625,1,7,4,0.3586790108976326
826626,1,7,10,6.967690663840321
826633,1,7,10,8.917809155631518
826642,1,7,3,2.3651055607806524
826647,1,7,4,0.3586790108976326
826671,1,7,6,4.061632727020399
826672,1,7,5,0.3586789934097332
826683,1,7,8,25.330245832627064
826685,1,7,3,2.4364462929241486
826697,1,7,9,12.218435266118842
826719,1,7,8,28.542621370944204
826720,1,7,9,13.591177136213307
826739,1,7,8,28.351280833359713
826740,1,7,2,5.20165004839747
826753,1,7,4,0.3586790108976326
826763,0,7,0,0.014059134479703675
826782,1,7,10,9.98118179690875
826787,1,7,4,0.3586790108976326
826797,1,7,8,15.520394268128104
826799,1,7,5,0.3586789934097332
826804,1,7,6,11.422292825725142
826812,1,7,8,14.121930058697265
826815,1,7,2,6.788877377749775
826822,1,7,7,2.804506379907472
826825,0,7,0,0.020078738049234175
826827,1,7,8,14.73028222370686
826845,1,7,1,6.083175113737258
826865,1,7,5,0.3586789934097332
826866,1,7,9,25.302933105716566
826892,1,7,5,0.3586789934097332
826896,1,7,4,0.3586790108976326
826898,1,7,7,3.7016356779676745
826909,1,7,4,0.3586790108976326
826927,1,7,5,0.3586789934097332
826936,1,7,9,26.070426872624164
826950,0,7,0,0.012999078430100227
826962,1,7,4,0.3586790108976326
826976,1,7,8,22.058608256981437
826979,1,7,1,5.121928918986472
826994,1,7,8,10.170913321082855
826997,1,7,10,4.2574098154347695
827030,1,7,1,6.497577858251027
827050,1,7,10,15.844217677296124
827052,1,7,4,0.3586790108976326
827055,1,7,5,0.3586789949470627
827063,1,7,5,0.3586789949470627
827064,1,7,4,0.3586790108976326
827065,1,7,9,15.254823747316767
827071,1,7,8,24.11924396801724
827078,1,7,5,0.3586789934097332
827085,1,7,8,21.163199228968043
827092,1,7,9,24.134396640708818
827104,1,7,6,20.51357224753435
827127,1,7,4,0.3586790108976326
827143,1,7,6,22.060228196260198
827180,1,7,6,14.584513297017212
827188,1,7,5,0.3586789934097332
827191,1,7,9,20.968351381339048
827194,1,7,6,21.02797763496054
827216,1,7,1,14.687401744828124
827225,1,7,9,13.843804376719879
827243,1,7,8,15.528916634994467
827262,1,7,6,23.082135580555565
827271,1,7,1,22.749118203129143
827276,1,7,9,17.421458296453586
827281,1,7,1,21.624201831613313
827284,1,7,8,16.27333569820708
827287,1,7,6,12.818270648472241
827294,1,7,8,20.163501966498316
827314,1,7,6,12.938191888320835
827320,1,7,8,25.75457605150532
827323,1,7,4,0.3586790108976326
827326,1,7,6,22.69159915993419
827330,1,7,4,0.3586790108976326
827337,1,7,8,18.001866649018616
827342,1,7,6,13.30383865519471
827344,1,7,3,1.1147822728927954
827352,1,7,6,17.987658893039217
827358,1,7,5,0.3586789934097332
827375,1,7,10,11.92782092754956
827389,1,7,4,0.3586790108976326
827391,1,7,5,0.3586789934097332
827397,1,7,9,15.676014963613186
827410,1,7,6,6.782307701678756
827411,1,7,8,10.40316136006416
827412,0,7,0,0.012590464868925157
827419,1,7,6,8.139530861549286
827440,1,7,1,13.304371026327342
827473,1,7,9,22.373470755849073
827475,1,7,7,1.7740401322937083
827483,1,7,6,23.1328224083803
827489,1,7,5,0.3586789934097332
827501,1,7,5,0.3586789934097332
827509,1,7,10,18.397590057502462
827524,1,7,7,4.5005013089229156
827526,0,7,0,0.03584032125349123
827533,1,7,4,0.3586790108976326
827567,1,7,8,15.747788252379612
827583,1,7,8,19.81310519257896
827589,1,7,1,10.0529154073164
827591,1,7,5,0.3586789934097332
827594,1,7,6,21.592600806676217
827602,1,7,6,15.053653297599476
827606,1,7,9,10.20242212081534
827607,1,7,3,2.4207910235606556
827614,1,7,5,0.3586789934097332
827628,1,7,8,20.586120977924363
827630,1,7,3,2.358964955360546
827637,1,7,9,14.39922755801428
827639,1,7,6,18.964663411275744
827659,1,7,6,8.58827526547635
827676,1,7,9,12.402249848205525
827682,1,7,9,26.119708861750755
827687,1,7,8,25.87522868890855
827689,1,7,6,20.712355956246775
827691,1,7,9,13.100962550849482
827709,1,7,5,0.3586789934097332
827715,1,7,8,9.693684645503549
827744,1,7,10,11.212470936742996
827757,1,7,1,11.905095134421183
827759,1,7,8,8.727521919608416
827774,1,7,3,2.345521163805398
827781,1,7,6,17.78257699086611
827788,1,7,9,16.630390889357297
827798,1,7,9,14.888213811312184
827799,1,7,5,0.3586789934097332
827801,1,7,6,7.349578946655695
827804,1,7,10,17.28166044854753
827828,1,7,10,3.136555433204415
827847,1,7,9,16.627541077232383
827862,1,7,9,23.31390129926538
827864,1,7,9,23.460407554332686
827869,0,7,0,0.017713285729257355
827895,1,7,6,13.49324943431313
827905,1,7,6,20.182274350818698
827907,1,7,3,1.8880919733173318
827920,1,7,9,24.614932193923988
827921,1,7,9,24.453352876598483
827922,1,7,3,2.162320428797155
827924,1,7,8,9.206196780732453
827964,1,7,8,20.168543449657626
827965,1,7,8,5.60858452346488
827983,1,7,9,26.351496398245608
828000,1,7,9,24.410881015419122
828024,1,7,9,16.553510577688538
828047,1,7,6,23.037101214264542
828050,1,7,2,13.766385520391601
828065,1,7,9,14.307033311313281
828066,1,7,4,0.3586790108976326
828073,1,7,6,14.07776356611531
828085,1,7,6,23.58758370684833
828090,1,7,1,18.11203695392159
828099,1,7,6,7.144021692762556
828103,1,7,9,15.706842774671284
828120,1,7,8,13.582840854673725
828121,1,7,2,11.200883154281895
828122,1,7,6,8.470714489797196
828123,1,7,9,22.410735094377866
828126,1,7,10,3.7137376460774956
828160,1,7,6,15.396421849595402
828162,1,7,10,11.892876930306699
828181,1,7,9,24.847636910017624
828187,1,7,3,1.6137543871094802
828189,1,7,1,19.548060095373664
828195,1,7,9,9.204635899847712
828231,1,7,9,14.663364584511747
828235,1,7,5,0.3586789934097332
828250,1,7,6,22.586768901578708
828251,1,7,7,1.6289752896435572
828258,1,7,4,0.3586790108976326
828261,1,7,5,0.3586789934097332
828273,1,7,5,0.3586789934097332
828299,1,7,5,0.3586789949470627
828321,1,7,2,10.913066370156976
828341,1,7,8,16.24199959344164
828362,0,7,0,0.02317265525315217
828365,1,7,8,13.620100947558885
828392,1,7,6,6.3301326239544355
828395,1,7,2,4.876539776890386
828397,1,7,4,0.3586790108976326
828404,0,7,0,0.059617958937156386
828421,1,7,1,17.99287552140278
828422,1,7,9,21.09711717596119
828423,1,7,8,17.381522359446034
828429,1,7,4,0.3586790108976326
828436,1,7,9,24.71128988202125
828439,1,7,6,22.06275094747853
828447,1,7,6,8.868377623935691
828485,1,7,9,14.52092265424544
828487,0,7,0,0.011837885093900173
828497,1,7,10,5.259931304306937
828510,1,7,10,15.582954350053122
828519,1,7,8,7.000691084409379
828540,1,7,9,23.860476726535378
828541,1,7,6,17.204272798804098
828549,1,7,9,25.52940665575365
828555,1,7,10,20.977925333217424
828580,1,7,7,1.2123445500055734
828585,1,7,2,12.631498225622408
828602,1,7,8,3.189253677708296
828608,1,7,5,0.3586789934097332
828615,1,7,9,15.274780478213835
828633,1,7,4,0.3586790108976326
828636,1,7,4,0.3586790108976326
828640,1,7,8,11.730974157643825
828651,1,7,4,0.358679009087165
828655,0,7,0,0.011909764134017677
828665,1,7,6,13.10550110038045
828686,1,7,6,23.470003684585397
828690,1,7,5,0.3586789934097332
828701,1,7,8,19.846435151371292
828712,1,7,4,0.3586790108976326
828715,1,7,5,0.3586789934097332
828731,1,7,1,6.723752217347744
828733,1,7,9,17.097634415924574
828749,0,7,0,0.013093519447210024
828763,1,7,9,24.198089052006967
828771,1,7,4,0.3586790108976326
828773,1,7,10,16.714360025170308
828778,0,7,0,0.024215066311179888
828779,1,7,8,3.3536002362000237
828783,1,7,5,0.3586789934097332
828786,1,7,8,7.566523510356526
828797,1,7,5,0.3586789934097332
828799,1,7,8,17.663800054607254
828802,1,7,10,19.47591261588174
828838,1,7,8,14.28998946495567
828879,0,7,0,0.031997849052790156
828881,0,7,0,0.3527374269115463
828882,1,7,6,8.961965379216787
828886,1,7,2,9.302264614087614
828907,1,7,8,12.884244485638447
828911,1,7,9,9.32027080502412
828917,1,7,6,19.895790336802186
828926,0,7,0,0.012469568419466585
828937,1,7,8,27.38605849189453
828944,1,7,9,17.50431257742798
828953,1,7,10,21.1807606542274
828955,1,7,8,9.999763128628352
828957,1,7,8,19.700742064739956
828959,1,7,9,14.671350808477854
828962,1,7,2,3.674839976739301
829001,1,7,9,8.632206933545904
829007,1,7,6,9.211479113423541
829039,1,7,7,2.543731213120257
829040,1,7,9,8.15095818597895
829065,1,7,1,12.04955575821972
829073,1,7,4,0.3586790108976326
829082,1,7,6,11.679874152641341
829086,0,7,0,0.02084223452983557
829087,1,7,9,21.199341331798326
829094,1,7,1,22.03445029532778
829100,1,7,5,0.3586789934097332
829105,1,7,4,0.3586790108976326
829124,1,7,6,8.296350388397856
829125,1,7,10,21.23529237740298
829161,1,7,3,2.4578166901279315
829170,1,7,8,17.596148985947302
829179,1,7,4,0.3586790108976326
829180,1,7,4,0.3586790108976326
829183,1,7,5,0.3586789934097332
829187,1,7,9,20.21837093380285
829190,1,7,2,8.038665187125101
829194,1,7,1,12.350807565333037
829202,1,7,5,0.3586789934097332
829221,0,7,0,0.015765138073637996
829224,1,7,3,2.339912747820264
829226,1,7,4,0.3586790108976326
829244,1,7,7,1.7571070637226953
829267,1,7,9,15.777484503639261
829275,1,7,7,3.6927292497747017
829285,1,7,4,0.3586790108976326
829299,1,7,4,0.3586790108976326
829316,1,7,3,1.7418734826765996
829317,1,7,4,0.3586790108976326
829322,1,7,10,21.129981789963516
829325,1,7,6,12.265112546166872
829330,1,7,2,11.394958003662772
829337,1,7,5,0.3586789934097332
829344,1,7,8,13.889751472979885
829349,1,7,2,9.89511893901514
829355,1,7,9,24.78627139497669
829362,1,7,8,22.27288861886574
829365,1,7,9,17.598918360816622
829403,1,7,6,17.85366115980252
829432,1,7,8,23.990991459169997
829435,1,7,8,2.674124185635469
829444,1,7,1,22.058804954023454
829452,1,7,10,18.784800707776714
829463,1,7,2,5.499568060004682
829482,1,7,4,0.3586790108976326
829486,1,7,6,9.308364602495068
829487,1,7,8,13.394578228407623
829495,1,7,6,19.517676431292408
829500,1,7,10,21.156494865218587
829504,1,7,8,14.073576287030678
829508,1,7,9,11.796236642245127
829513,1,7,2,8.488788230995212
829536,1,7,9,10.202261492854404
829542,1,7,8,15.578773306871579
829556,1,7,9,5.009564827563763
829559,1,7,4,0.358679009087165
829592,1,7,2,8.503145709607379
829614,1,7,9,25.59962970356444
829622,1,7,5,0.3586789934097332
829652,0,7,0,0.016030377421459702
829654,1,7,9,11.752526369214918
829674,1,7,8,22.628372410138798
829684,1,7,4,0.3586790108976326
829711,1,7,5,0.3586789934097332
829714,1,7,1,12.156338636580147
829721,1,7,8,2.1114493663784883
829726,1,7,5,0.3586789934097332
829732,1,7,5,0.3586789934097332
829738,1,7,6,20.128882057580817
829748,1,7,8,23.039830512522485
829749,1,7,7,4.635381424102872
829750,1,7,8,12.744585614703979
829754,1,7,10,21.233554630373245
829757,1,7,4,0.3586790108976326
829768,1,7,10,4.3498665051194685
829769,1,7,10,5.614829555345163
829772,1,7,4,0.3586790108976326
829783,1,7,10,19.220736080348644
829798,1,7,6,21.99105962774864
829804,1,7,6,19.163709590095262
829810,1,7,7,4.54454472561046
829828,1,7,8,13.60881461318592
829834,1,7,4,0.3586790108976326
829844,1,7,9,20.876443674247096
829846,1,7,5,0.3586789934097332
829871,1,7,9,16.918137610292337
829887,1,7,7,2.3375332142148415
829891,1,7,3,2.3459407195679085
829918,1,7,5,0.3586789934097332
829954,1,7,9,22.058803780808454
829955,1,7,8,14.704969042768722
829962,1,7,8,19.26161209781286
829964,0,7,0,0.2649402349359484
829977,1,7,8,26.314525895471583
829983,1,7,8,6.071976877287251
829993,1,7,6,22.060804886544634
829995,1,7,8,20.11161201410352
830004,1,7,6,13.822021001740902
830024,1,7,4,0.3586790108976326
830046,0,7,0,0.015844474564008792
830049,1,7,8,20.258648725884406
830057,1,7,8,13.67104715975216
830078,1,7,6,7.8078806564150245
830108,1,7,1,22.6959359868391
830117,1,7,6,15.279960410818498
830137,1,7,6,6.248624376628259
830143,1,7,9,4.1856276933057694
830151,1,7,3,2.3944753029829218
830167,1,7,9,12.185832940362515
830197,1,7,1,6.834857380821092
830215,1,7,5,0.3586789934097332
830220,1,7,4,0.3586790108976326
830224,1,7,6,13.512467261334118
830228,0,7,0,0.017271262953231326
830251,1,7,10,9.709436406718295
830276,1,7,3,1.6280008742453793
830284,1,7,9,11.167600857313088
830306,1,7,9,24.27202799606715
830309,1,7,1,5.497625279126086
830327,1,7,9,18.72976963516055
830340,1,7,5,0.3586789934097332
830345,1,7,1,7.140111741603407
830360,1,7,8,24.058446864769863
830377,1,7,6,9.103127719424547
830388,1,7,8,14.417388147345568
830389,1,7,5,0.3586789934097332
830399,1,7,8,11.21604951890758
830409,1,7,3,2.2881885629291783
830422,1,7,5,0.3586789934097332
830441,1,7,4,0.3586790108976326
830449,1,7,7,4.447914235205901
830459,1,7,6,13.30553880706705
830477,1,7,4,0.3586790108976326
830482,1,7,5,0.3586789934097332
830503,1,7,3,2.288816316087013
830507,1,7,4,0.3586790108976326
830529,1,7,10,3.9098729192144983
830547,1,7,4,0.3586790108976326
830549,1,7,1,18.61769380787907
830555,1,7,9,16.199668562371667
830566,1,7,6,7.329547000640464
830567,1,7,9,22.607052840782117
830581,0,7,0,0.021992097739361713
830616,1,7,8,5.372498054839553
830622,1,7,10,9.750018783640744
830624,1,7,5,0.3586789934097332
830639,1,7,4,0.3586790108976326
830643,1,7,4,0.3586790108976326
830652,1,7,9,5.999531041281229
830659,1,7,8,14.578181235333352
830664,1,7,4,0.358679009087165
830666,1,7,6,11.455221221760823
830670,1,7,4,0.3586790108976326
830672,1,7,8,28.095530211188464
830677,1,7,10,14.855626605720204
830681,1,7,6,11.077788988891246
830689,1,7,5,0.3586789934097332
830716,1,7,6,12.8591129930356
830736,1,7,10,14.390716138485201
830778,1,7,6,16.93855504355149
830789,1,7,4,0.3586790108976326
830800,1,7,5,0.3586789934097332
830803,1,7,9,15.577369707607314
830816,1,7,10,12.248644075371477
830824,1,7,6,14.957830346031196
830837,1,7,7,0.7731818309195035
830838,1,7,6,14.084995236665502
830867,1,7,5,0.3586789934097332
830870,1,7,4,0.3586790108976326
830872,1,7,4,0.3586790108976326
830873,1,7,1,6.567475731206001
830874,1,7,4,0.3586790108976326
830885,0,7,0,0.012255559922898526
830886,1,7,3,0.8015415493361151
830893,1,7,7,1.6131354477176996
830906,1,7,10,20.577484861887836
830924,1,7,5,0.3586789934097332
830926,1,7,8,19.593752440691134
830956,1,7,3,2.2060732575256967
830976,1,7,8,10.654747465205274
830982,1,7,9,16.325879270646464
830989,1,7,4,0.3586790108976326
831003,1,7,3,1.7783727883871667
831012,1,7,5,0.3586789949470627
831016,1,7,8,14.831504667748751
831019,1,7,4,0.3586790108976326
831032,1,7,10,11.743496393678983
831061,1,7,10,18.76583556452431
831066,1,7,10,20.618535201378545
831072,1,7,5,0.3586789934097332
831074,1,7,8,15.188717470152557
831079,1,7,4,0.3586790108976326
831080,0,7,0,0.01399500300348293
831089,1,7,8,22.094819065869235
831091,1,7,10,11.365803990592207
831114,1,7,4,0.3586790108976326
831119,1,7,6,9.381328553948494
831144,1,7,6,14.383679546411964
831174,1,7,10,15.218482744894386
831176,1,7,6,13.568734967716262
831177,1,7,9,25.468777051505676
831195,1,7,8,7.4381454216956095
831208,1,7,4,0.3586790108976326
831218,1,7,4,0.3586790108976326
831225,1,7,10,18.94636897786185
831246,1,7,6,14.19329121949183
831251,1,7,1,19.183532136500663
831268,1,7,8,6.142231564529955
831296,1,7,9,18.212727420997247
831298,1,7,8,17.105651634886705
831314,1,7,2,5.644928737967948
831317,1,7,9,25.953768185754463
831326,1,7,10,6.036531544529354
831327,1,7,9,4.750869096818054
831335,1,7,4,0.358679009087165
831360,0,7,0,0.022362722603815832
831383,1,7,5,0.3586789934097332
831394,1,7,6,13.566507900631427
831406,1,7,6,23.02765087169265
831412,1,7,8,6.359574579028398
831414,1,7,9,25.934515688184128
831430,1,7,1,19.356430684564632
831434,1,7,7,3.810167142225574
831440,0,7,0,0.014793060907382395
831441,1,7,1,9.336724039999869
831444,1,7,9,22.556198795131312
831469,0,7,0,0.022365497083369042
831477,1,7,5,0.3586789934097332
831490,1,7,1,19.338630997584808
831523,1,7,6,14.648675022149748
831528,1,7,9,4.555339945817889
831533,1,7,5,0.3586789934097332
831546,1,7,9,25.90253376537377
831558,1,7,9,24.62621161092737
831577,1,7,6,10.420436422950555
831578,1,7,7,2.5347090865165596
831593,1,7,6,13.459721149936863
831595,1,7,1,12.902326384271614
831605,1,7,4,0.3586790108976326
831607,1,7,6,15.096358180218305
831611,1,7,10,15.8149359409971
831627,1,7,5,0.3586789934097332
831632,1,7,9,9.12217491070658
831645,1,7,4,0.3586790108976326
831648,0,7,0,0.013799762478049782
831675,1,7,9,16.61142641771465
831688,1,7,9,16.713332139012653
831709,1,7,4,0.358679009087165
831745,1,7,9,17.8810585944012
831757,1,7,9,19.845962240059023
831761,1,7,9,23.447200209729907
831764,1,7,10,21.241861696621466
831773,1,7,5,0.3586789934097332
831774,1,7,10,9.774083328579069
831785,1,7,6,15.501012408409586
831804,1,7,8,22.307654423154492
831805,1,7,1,5.148860726331235
831809,1,7,4,0.3586790108976326
831815,1,7,9,25.31685660200192
831845,1,7,6,18.352512163970644
831863,1,7,6,13.88687243151532
831876,1,7,9,24.645652972559766
831878,1,7,9,14.920873910974223
831893,1,7,9,6.996986754740359
831899,1,7,5,0.3586789934097332
831901,1,7,4,0.3586790108976326
831914,1,7,8,14.988048516134668
831950,1,7,9,16.648084356154353
831983,1,7,10,19.475765345578047
831988,1,7,4,0.3586790108976326
831989,1,7,5,0.3586789934097332
832004,1,7,5,0.3586789934097332
832019,1,7,9,5.753932401830811
832021,1,7,1,14.762884662913308
832026,1,7,5,0.3586789934097332
832028,1,7,9,23.199882999448704
832042,0,7,0,0.02929650721748407
832057,1,7,4,0.3586790108976326
832079,1,7,8,11.22293940918859
832082,1,7,6,12.073320992263099
832101,1,7,8,20.46711416416945
832117,1,7,9,16.965045056281916
832118,1,7,10,16.48391694557991
832125,1,7,10,12.888763625530991
832129,1,7,5,0.3586789934097332
832178,1,7,5,0.3586789934097332
832189,1,7,2,5.396189517621778
832191,1,7,8,20.33557369021254
832194,1,7,7,4.611607566861044
832207,1,7,9,3.486116631759425
832211,1,7,5,0.3586789934097332
832214,1,7,5,0.3586789934097332
832247,1,7,1,12.35434555669311
832250,1,7,6,18.257057129577245
832257,1,7,9,9.824992999172862
832261,1,7,4,0.3586790108976326
832268,1,7,6,22.909692710286482
832279,1,7,9,6.259307627740627
832280,1,7,6,9.863566315231331
832286,1,7,6,11.578014083266662
832291,1,7,6,6.672624523456018
832315,1,7,2,13.806072864175183
832321,1,7,6,12.979024993455262
832324,1,7,6,9.608680376070527
832331,1,7,4,0.3586790108976326
832350,1,7,8,14.88731713313701
832351,1,7,5,0.3586789934097332
832366,1,7,9,8.621637333059777
832379,1,7,5,0.3586789934097332
832388,1,7,7,0.966357949211194
832393,1,7,10,13.32675529340843
832405,1,7,10,9.421005945523005
832411,1,7,10,21.13418947532169
832412,1,7,6,5.464441209437607
832422,1,7,5,0.3586789934097332
832437,1,7,9,26.10656276749313
832443,1,7,4,0.3586790108976326
832457,1,7,3,2.4368279788932954
832460,1,7,8,15.92602558078268
832463,1,7,5,0.3586789934097332
832464,1,7,1,10.774151165091002
832466,1,7,2,7.299350199259869
832476,1,7,7,2.3043601327460075
832478,1,7,8,25.753851852106987
832497,1,7,5,0.3586789934097332
832498,1,7,5,0.3586789934097332
832505,1,7,1,6.620908289882218
832516,1,7,10,20.59318925444747
832535,1,7,8,15.043797226399798
832544,1,7,8,5.737470394247581
832548,1,7,8,19.367251940077907
832561,1,7,3,2.284874841127393
832570,1,7,5,0.3586789934097332
832572,1,7,5,0.3586789934097332
832579,1,7,2,11.27517501351976
832585,1,7,4,0.3586790108976326
832590,1,7,1,7.904025751906299
832600,1,7,6,9.792983210917454
832608,1,7,5,0.3586789934097332
832638,1,7,6,16.28724645004369
832645,1,7,9,16.443296288243417
832647,1,7,7,0.7591795368176859
832660,1,7,3,1.369465948198719
832665,1,7,4,0.358679009087165
832668,1,7,6,23.19622660537164
832673,0,7,0,0.05537726853768489
832677,0,7,0,0.025563053071819226
832683,1,7,6,5.048469682482495
832699,1,7,9,7.301155365601583
832711,1,7,10,14.977081337267048
832712,1,7,1,18.17032949125437
832715,1,7,6,22.76703154617953
832716,1,7,5,0.3586789934097332
832720,1,7,9,24.709935570914933
832733,1,7,9,21.57328141960493
832736,1,7,6,10.016079877628089
832740,1,7,8,6.04140505086745
832741,1,7,8,18.51806205924951
832762,1,7,9,24.742184025681937
832770,1,7,4,0.3586790108976326
832793,1,7,6,9.85613813286327
832813,1,7,6,14.232019841242874
832815,1,7,3,2.3816452065157483
832834,1,7,7,2.5332449390308414
832838,1,7,6,23.61590210499854
832853,1,7,6,7.793200283175074
832856,1,7,10,18.327342796039762
832868,1,7,9,24.480682341082463
832870,1,7,9,18.879035919852726
832871,1,7,1,12.656867437582772
832887,1,7,9,26.115125072211107
832904,1,7,1,12.449028806384845
832911,1,7,8,16.569709786538944
832913,1,7,6,8.123808519279796
832915,1,7,5,0.3586789949470627
832928,1,7,6,11.763935357833635
832936,1,7,9,25.52295816527254
832937,1,7,4,0.3586790108976326
832940,1,7,2,11.190426761979413
832942,1,7,6,23.42225958617695
832946,1,7,3,2.422846117204432
832959,1,7,4,0.3586790108976326
832960,1,7,5,0.3586789934097332
832972,1,7,10,6.078642745450074
832986,1,7,8,20.581987777501112
832993,1,7,5,0.3586789934097332
833003,0,7,0,0.024643314110678386
833008,1,7,5,0.3586789934097332
833020,1,7,7,0.9105007696467751
833030,1,7,6,17.826643732244538
833033,1,7,10,10.392877132170687
833034,1,7,2,11.158888068414521
833037,1,7,9,24.813064733968766
833038,1,7,9,25.130487962756906
833059,1,7,4,0.3586790108976326
833060,1,7,8,26.273890889151605
833065,1,7,9,16.63004227909905
833093,1,7,6,15.026898116969388
833097,1,7,8,14.675221496994263
833103,1,7,9,19.013603612358548
833120,0,7,0,0.015223044906339654
833123,1,7,1,11.205078216748277
833127,1,7,8,25.29137608068914
833136,1,7,8,13.037766339455521
833138,1,7,7,2.44671184986515
833149,1,7,5,0.3586789934097332
833158,1,7,3,1.043208070590083
833165,1,7,5,0.3586789949470627
833188,1,7,6,22.845582259430614
833193,1,7,1,15.521597661571393
833199,1,7,6,23.043983803630415
833227,1,7,9,18.98801530589536
833229,1,7,9,12.006218261356654
833237,1,7,4,0.3586790108976326
833249,1,7,7,0.36147622362255294
833258,1,7,5,0.3586789934097332
833259,1,7,5,0.3586789934097332
833261,1,7,10,12.426670375347788
833284,1,7,9,5.061116770811752
833299,1,7,9,9.518498540614189
833301,1,7,10,9.04584792058426
833337,1,7,2,10.030394093128606
833349,1,7,6,7.08130691260798
833359,1,7,8,23.102135247613806
833375,1,7,4,0.3586790108976326
833379,1,7,8,15.020195222634573
833404,1,7,6,7.420367427913114
833423,1,7,6,10.20038951564947
833429,1,7,4,0.3586790108976326
833443,1,7,6,14.671549194974846
833452,1,7,6,13.707786456046335
833457,1,7,5,0.3586789934097332
833459,1,7,7,3.5681300222974333
833460,1,7,7,2.228506285527479
833462,1,7,6,21.607432995176776
833464,1,7,6,13.127855748014206
833467,1,7,9,23.81487502114804
833468,1,7,5,0.3586789934097332
833480,1,7,7,0.8539132293270887
833495,1,7,8,14.466430620433865
833496,1,7,6,18.19582520926115
833508,1,7,4,0.3586790108976326
833513,1,7,8,27.84975937005129
833517,1,7,9,14.858129501992316
833520,1,7,9,9.546226040139368
833524,1,7,6,5.322765048885789
833528,1,7,1,20.251225114277045
833541,1,7,6,21.735013445964963
833545,1,7,9,14.912240443311301
833550,1,7,4,0.3586790108976326
833556,1,7,9,18.98337933564897
833558,1,7,10,8.428567149127943
833570,1,7,2,6.937310646334183
833577,1,7,9,16.17813936292199
833582,1,7,5,0.3586789934097332
833600,1,7,8,24.698687453166464
833610,1,7,5,0.3586789934097332
833631,1,7,9,26.291657891608587
833644,1,7,6,17.90412919885798
833652,1,7,9,19.541917754854982
833661,1,7,4,0.3586790108976326
833664,1,7,5,0.3586789934097332
833666,1,7,8,22.306207913587254
833673,0,7,0,0.1459821338314885
833676,1,7,5,0.3586789934097332
833687,1,7,9,8.352843206212846
833694,1,7,9,24.303347461463723
833728,1,7,9,23.365095029325875
833746,0,7,0,0.01847286361289668
833757,1,7,6,19.132287496245457
833763,1,7,9,12.559066138597883
833770,1,7,3,2.240404203564267
833774,1,7,8,28.52751139487863
833783,1,7,7,4.127148949536568
833797,1,7,5,0.3586789934097332
833798,1,7,2,5.6526128602511045
833809,1,7,10,11.076371943375923
833812,1,7,10,15.268986171045057
833825,1,7,10,12.439884478273408
833871,1,7,5,0.3586789934097332
833873,1,7,6,14.543070985962727
833883,1,7,10,11.189866120750944
833885,1,7,5,0.3586789934097332
833891,1,7,5,0.3586789934097332
833892,1,7,6,14.272465666251117
833893,1,7,9,24.321786095270888
833899,1,7,4,0.3586790108976326
833908,0,7,0,0.14489212998187098
833909,1,7,7,3.905080968390113
833910,1,7,6,22.130708635172933
833923,1,7,8,24.62920452329173
833941,1,7,5,0.3586789934097332
833952,1,7,6,10.194316086947204
833962,1,7,10,12.382644908035301
833975,1,7,10,10.322349274620226
833991,1,7,7,3.5813392687682004
833998,1,7,8,27.65235415703526
834022,1,7,6,13.821433690249988
834048,0,7,0,0.021903172050792407
834057,1,7,1,14.829961145745493
834058,1,7,6,12.354438188038188
834063,1,7,6,15.04217228321411
834064,1,7,8,12.451307046621423
834079,1,7,8,14.097995571227887
834085,1,7,8,22.68863562359503
834119,1,7,6,22.390873604125055
834140,1,7,8,21.772188804351075
834162,1,7,8,13.643798798786852
834182,1,7,8,20.571957271239903
834193,0,7,0,0.011994656424955489
834194,1,7,6,16.517918375204463
834196,1,7,7,2.1579875127371273
834199,1,7,9,6.568977040460877
834220,1,7,6,23.23367307450598
834226,1,7,9,20.585482721709006
834230,1,7,5,0.3586789934097332
834232,1,7,7,2.5861221865859854
834233,1,7,2,13.936216579621265
834243,1,7,1,11.239015445624359
834253,0,7,0,0.0665653015639968
834257,1,7,10,7.1039748205968385
834277,1,7,2,1.591082091737323
834288,1,7,5,0.3586789934097332
834293,1,7,6,13.242316975551873
834310,1,7,5,0.3586789934097332
834354,1,7,9,6.098132175684151
834384,1,7,5,0.3586789934097332
834399,1,7,10,11.250233938266058
834406,1,7,9,23.30904933749787
834409,1,7,1,12.761524608455053
834421,1,7,1,5.367758431869897
834453,1,7,4,0.3586790108976326
834490,1,7,5,0.3586789934097332
834495,1,7,9,25.848483368307765
834500,1,7,8,28.094926166972463
834512,1,7,9,18.373938944448636
834513,1,7,6,23.28296780938225
834516,1,7,4,0.3586790108976326
834528,1,7,4,0.3586790108976326
834529,1,7,10,10.635410748125135
834531,1,7,1,10.180271841771747
834538,1,7,9,12.36184103031508
834553,1,7,5,0.3586789934097332
834555,1,7,7,4.482903517826886
834557,1,7,4,0.3586790108976326
834558,1,7,1,13.477044844293614
834586,1,7,6,6.08565510422371
834617,1,7,9,15.42066840871104
834638,1,7,4,0.3586790108976326
834639,1,7,1,18.042382390552213
834642,1,7,5,0.3586789934097332
834645,1,7,5,0.3586789934097332
834649,1,7,9,12.46530849702482
834674,1,7,6,16.00256065206517
834676,1,7,9,26.21651310716
834692,1,7,6,14.194823646537984
834712,1,7,4,0.3586790108976326
834714,1,7,8,20.184546659782644
834715,1,7,2,9.146712165902299
834762,1,7,8,21.832790691454154
834770,1,7,5,0.3586789934097332
834799,1,7,4,0.3586790108976326
834809,1,7,9,20.1991478118352
834819,1,7,10,12.645644865666256
834822,1,7,9,15.168385248782519
834823,1,7,10,19.65765889793268
834831,1,7,4,0.358679009087165
834850,1,7,1,17.135754861468076
834856,1,7,8,15.282068253944015
834866,1,7,6,12.417614290232393
834871,1,7,4,0.3586790108976326
834877,0,7,0,0.026246339969700015
834885,1,7,5,0.3586789934097332
834904,1,7,10,12.770508754032884
834912,1,7,10,19.563064384637958
834920,1,7,8,19.85772944587312
834924,1,7,4,0.3586790108976326
834925,1,7,10,17.609803796446673
834933,1,7,4,0.3586790108976326
834937,1,7,5,0.3586789934097332
834955,1,7,1,21.4973736283966
834963,1,7,5,0.3586789934097332
834967,1,7,4,0.3586790108976326
834969,1,7,9,16.586083203810237
834971,1,7,7,2.5895570710733073
834984,1,7,5,0.3586789934097332
834991,1,7,10,5.166139334864617
834992,1,7,10,17.369292432572305
835012,1,7,6,18.359405507129303
835034,1,7,6,12.18955386336602
835040,1,7,1,18.89870756333424
835052,1,7,8,22.85991111160294
835053,0,7,0,0.026457975078346813
835087,1,7,8,27.83116966577195
835091,1,7,10,7.446844124352986
835097,0,7,0,0.01544600685519893
835101,1,7,9,25.88680224290718
835108,1,7,6,21.06684012363146
835111,0,7,0,0.01373415526168282
835128,1,7,8,19.070032387395553
835139,1,7,2,4.8169843922968445
835141,1,7,9,5.21826692402592
835145,1,7,6,21.830504822500096
835154,1,7,3,2.3587230454960757
835163,1,7,3,2.3755342253881997
835173,1,7,7,4.254307559724551
835175,1,7,3,1.8917433781900812
835179,1,7,9,12.69591296207123
835183,1,7,5,0.3586789934097332
835184,1,7,10,7.300396558280039
835190,0,7,0,0.048858337668884956
835194,1,7,8,11.151472093666928
835222,1,7,6,17.026829020265286
835223,1,7,2,11.135926241046905
835228,1,7,10,7.9527608052020735
835232,1,7,6,14.419538354346475
835249,1,7,6,23.981175295732307
835260,1,7,1,13.427895753068809
835267,1,7,8,15.281443088768924
835279,1,7,1,13.847828749382657
835300,1,7,1,21.448933828303193
835301,0,7,0,0.012457247812041
835308,1,7,6,8.49258083765886
835310,1,7,8,25.290481390240775
835327,1,7,8,24.74849750316584
835338,1,7,3,2.3357824343977565
835340,1,7,8,8.008812387496238
835353,1,7,4,0.3586790108976326
835359,1,7,9,7.121218345724612
835368,1,7,8,14.63788528613312
835372,1,7,6,23.261724733623907
835375,1,7,4,0.358679009087165
835383,1,7,4,0.3586790108976326
835389,1,7,9,26.337662581741366
835390,1,7,1,10.066615883176294
835394,1,7,3,2.4160463143302087
835398,1,7,3,1.3328229506827522
835416,1,7,3,2.3387643503062723
835418,1,7,9,16.554250707325668
835427,1,7,9,10.361989643760982
835430,1,7,5,0.3586789934097332
835438,1,7,4,0.3586790108976326
835473,1,7,5,0.3586789934097332
835490,1,7,8,20.216017807706947
835501,1,7,6,23.74731166088017
835518,1,7,10,20.012712363232293
835536,1,7,10,3.059662690631904
835562,1,7,9,26.172955096423138
835573,1,7,4,0.3586790108976326
835582,1,7,8,7.613650523533518
835584,1,7,7,4.316044556044031
835590,1,7,9,15.628863547628184
835606,1,7,8,15.351915222651847
835618,1,7,2,7.504353794412476
835670,1,7,9,6.8774816474033535
835679,1,7,5,0.3586789934097332
835681,1,7,8,6.683398722042777
835693,1,7,7,1.2740342828705193
835694,1,7,8,18.681210031187323
835702,1,7,8,17.304655299998323
835711,1,7,5,0.3586789934097332
835715,1,7,8,21.739325508956796
835731,1,7,6,13.697699062317618
835737,1,7,10,7.147057435801115
835749,1,7,4,0.3586790108976326
835765,1,7,6,11.649520098166713
835772,1,7,10,16.45421321429199
835816,1,7,8,14.598680779153701
835819,1,7,8,21.771681372722703
835843,1,7,4,0.3586790108976326
835845,1,7,10,21.079919169355044
835849,1,7,7,3.5272307550731496
835855,1,7,1,15.384460290189377
835858,1,7,5,0.3586789934097332
835872,1,7,4,0.3586790108976326
835895,1,7,5,0.3586789934097332
835899,1,7,1,10.025135965748888
835904,1,7,10,4.992722435988774
835917,1,7,7,2.46326572349447
835927,1,7,6,20.964923395070272
835932,1,7,6,14.85877959585806
835941,1,7,8,13.562295021360672
835943,1,7,9,16.40683109010554
835946,1,7,8,24.035681946507374
835947,1,7,10,8.562400079471619
835962,1,7,6,19.90322781534587
835964,1,7,6,11.76273023183853
835970,1,7,9,23.235001929015148
835975,1,7,7,4.4416318269064226
835977,1,7,7,4.121248451638254
835980,1,7,4,0.3586790108976326
835982,1,7,4,0.3586790108976326
836013,0,7,0,0.026641127035675227
836016,1,7,9,2.6726493992262492
836023,1,7,9,4.186253071352754
836032,1,7,5,0.3586789949470627
836035,1,7,9,26.09003996761782
836060,1,7,6,11.363644255250126
836061,0,7,0,0.022999681186297128
836063,1,7,7,1.5338301015238043
836064,1,7,6,23.569627916972163
836072,1,7,9,14.383333453225964
836075,1,7,5,0.3586789934097332
836076,1,7,9,10.700644356469816
836081,1,7,10,9.446607306807595
836116,1,7,9,24.767175875691102
836121,1,7,7,2.2899809677213896
836129,1,7,9,23.021567278329595
836158,1,7,9,22.905791757607066
836175,1,7,8,20.309799945661062
836177,1,7,4,0.3586790108976326
836178,1,7,8,28.494630664273704
836179,1,7,8,27.908487289106915
836193,1,7,7,2.6864991024521983
836200,1,7,3,2.3607505491869474
836209,1,7,8,27.11462944411244
836213,1,7,4,0.3586790108976326
836217,1,7,9,25.87712256698159
836227,1,7,4,0.3586790108976326
836238,1,7,9,9.41045063523571
836242,1,7,10,12.814006050386645
836244,1,7,6,12.001230970222153
836248,1,7,8,23.666662340198023
836252,0,7,0,0.019188484587413835
836267,1,7,9,25.720992854750758
836269,1,7,1,5.183303373567798
836279,1,7,9,14.30679497044313
836283,1,7,9,8.910254768722833
836285,1,7,6,20.028451746019826
836287,1,7,3,1.1561830310288785
836329,1,7,8,5.578042069525284
836335,0,7,0,0.07659918143588415
836339,1,7,9,25.642026528235135
836348,1,7,1,14.988193833528499
836367,1,7,8,26.518926473998487
836373,1,7,5,0.3586789934097332
836393,1,7,5,0.3586789934097332
836399,1,7,9,16.018154220360433
836403,1,7,10,18.46788212174561
836411,1,7,8,26.292559804000526
836419,1,7,5,0.3586789934097332
836426,1,7,9,22.19361552014181
836427,1,7,10,7.104604385010162
836430,1,7,1,17.84592195202507
836431,1,7,9,22.915832009092508
836436,1,7,10,18.518079696747858
836440,1,7,8,15.448785846848757
836443,1,7,10,5.135214247570938
836446,1,7,6,15.949270720291159
836474,1,7,9,18.40575508140636
836493,1,7,6,13.500678513745033
836546,1,7,9,6.870154156269003
836549,1,7,7,4.191697288606154
836550,1,7,3,2.1058861663573625
836552,1,7,2,9.103819949058149
836567,1,7,6,21.63565037195326
836573,1,7,4,0.3586790108976326
836595,1,7,9,10.700938776085481
836623,1,7,2,9.768996919493876
836624,0,7,0,0.0547797139596738
836636,1,7,9,26.159912780391068
836639,1,7,8,21.877684394405637
836648,1,7,2,12.89041063420622
836653,1,7,4,0.3586790108976326
836654,1,7,8,13.10517679433212
836660,1,7,6,23.05524081769072
836665,1,7,5,0.3586789934097332
836671,1,7,6,15.764157113457543
836682,1,7,5,0.3586789934097332
836683,1,7,9,17.01860693957952
836685,1,7,7,1.1340471248562047
836707,1,7,9,26.38656378715033
836729,1,7,7,4.500861366775282
836736,1,7,6,18.361484973930153
836756,1,7,8,12.416330875246528
836761,1,7,2,13.039536534978465
836770,1,7,2,8.441678613897306
836772,0,7,0,0.04909305987074822
836805,1,7,6,9.539519238538317
836806,1,7,4,0.3586790108976326
836813,1,7,2,5.7083067716481635
836823,1,7,7,3.3215846823008737
836825,1,7,10,13.286511187133122
836833,1,7,10,21.241099658726636
836836,1,7,2,11.14729247691498
836846,1,7,10,12.380103901729923
836847,1,7,6,7.071795667441699
836851,1,7,9,23.364521089839474
836852,1,7,6,8.724403130696428
836853,1,7,5,0.3586789934097332
836871,1,7,10,19.523420397295382
836879,1,7,3,2.382708205933375
836880,1,7,9,11.824329398597326
836888,1,7,2,8.482404709157894
836907,1,7,5,0.3586789934097332
836913,1,7,6,12.946360390398373
836914,1,7,5,0.3586789934097332
836923,1,7,8,21.37423872974031
836929,1,7,10,21.125741553182944
836941,1,7,6,18.515846558950344
836945,1,7,4,0.3586790108976326
836957,1,7,9,25.615990772326576
836968,1,7,6,13.215374697624119
836975,1,7,6,17.599034632908683
836976,1,7,10,11.492655164588982
836977,1,7,10,20.16253100549663
836997,1,7,8,19.332343978273798
837001,1,7,10,17.893185579560782
837010,1,7,8,8.61952437130426
837019,1,7,5,0.3586789934097332
837025,1,7,9,12.583995005572174
837026,1,7,8,23.28222424226988
837027,1,7,8,19.839408337869987
837036,1,7,10,9.705406124884997
837043,1,7,9,16.483613683655246
837044,1,7,10,14.989207438919927
837048,1,7,9,18.42988416546926
837049,0,7,0,0.022941562205197823
837050,1,7,4,0.3586790108976326
837054,1,7,6,9.435442025934126
837056,1,7,8,8.70332768738466
837074,1,7,9,12.351628046184317
837084,1,7,9,7.615665355889419
837089,1,7,6,14.006805995373915
837090,1,7,3,2.134010692500488
837093,0,7,0,0.18339678309367394
837100,1,7,10,15.381467812628758
837101,1,7,10,20.510513168900008
837102,1,7,8,18.01644954119713
837104,1,7,6,9.027059983786978
837113,1,7,4,0.3586790108976326
837134,1,7,6,13.677371069821662
837145,1,7,4,0.3586790108976326
837154,1,7,5,0.3586789934097332
837157,1,7,5,0.3586789934097332
837159,1,7,8,19.001470142253705
837160,1,7,6,23.190706222089723
837173,1,7,6,13.416194086767108
837177,1,7,6,9.308113500870855
837183,1,7,4,0.3586790108976326
837191,1,7,8,14.629048110253322
837202,1,7,8,27.508060508902368
837209,1,7,6,16.695656704717802
837212,1,7,5,0.3586789934097332
837216,0,7,0,0.025587711444098087
837237,1,7,8,5.651819388041128
837256,1,7,8,12.38961062054736
837276,1,7,7,1.4749852929932734
837280,1,7,6,8.09570049415177
837287,1,7,9,22.065207531287392
837295,1,7,10,11.496676918850193
837307,1,7,8,8.308190396047518
837324,1,7,10,17.128649000686412
837331,1,7,4,0.3586790108976326
837335,1,7,1,23.050376060283188
837341,1,7,8,3.739686681192715
837367,1,7,10,6.040057140390355
837371,1,7,9,21.256387893256754
837377,1,7,7,1.2496749495549282
837427,1,7,4,0.3586790108976326
837431,1,7,10,20.78167409867608
837432,1,7,3,1.9836183037211317
837437,1,7,9,15.17887857698729
837442,1,7,8,17.33869237036316
837446,1,7,4,0.3586790108976326
837452,1,7,10,12.49741962014374
837471,1,7,8,5.885409108587291
837472,1,7,2,5.677965270426825
837509,1,7,3,0.947855161086363
837511,1,7,5,0.3586789934097332
837531,1,7,2,6.822250634089306
837543,1,7,1,10.98015942344455
837546,1,7,8,6.008602159571623
837552,1,7,7,4.271013785832975
837567,0,7,0,0.20214809913287674
837568,1,7,9,25.024814579923472
837590,1,7,2,3.1464485479453637
837592,1,7,8,8.270993625897983
837616,1,7,4,0.3586790108976326
837627,1,7,6,22.85473294935026
837648,1,7,8,22.167094327094315
837660,1,7,8,17.168586880769045
837667,1,7,6,8.712015095527384
837669,1,7,5,0.3586789934097332
837673,1,7,5,0.3586789934097332
837678,1,7,6,21.285576038732597
837680,1,7,9,15.25336843176046
837683,1,7,6,23.82256191819906
837688,1,7,9,13.889122036073342
837699,1,7,6,9.220377467884605
837701,1,7,9,25.5378232317914
837702,1,7,8,20.6150679344216
837706,1,7,9,15.664672212139052
837711,1,7,6,16.8910697065539
837716,1,7,5,0.3586789934097332
837731,1,7,8,11.409335338757913
837740,1,7,9,24.56069552279479
837752,1,7,9,23.701717293669084
837758,1,7,9,9.540194734767386
837764,1,7,5,0.3586789934097332
837789,0,7,0,0.2143815639907922
837795,1,7,10,15.083107967974694
837797,1,7,5,0.3586789934097332
837824,1,7,9,8.2685427859987
837838,1,7,9,25.583540982779894
837883,1,7,8,19.661144268500948
837901,1,7,4,0.3586790108976326
837906,1,7,6,14.59539824257694
837912,0,7,0,0.1873728751553133
837913,0,7,0,0.008915030385487428
837928,1,7,5,0.3586789934097332
837940,1,7,4,0.3586790108976326
837956,1,7,5,0.3586789934097332
837961,1,7,6,20.310202103412863
837968,1,7,9,14.462244394446135
837969,1,7,9,24.449379141358737
837987,1,7,9,13.075273627542286
837997,1,7,6,22.808532910798917
838002,1,7,6,21.99876689913396
838004,1,7,9,26.082423469130312
838017,1,7,10,12.395488611575656
838019,1,7,10,16.862650052497294
838020,0,7,0,0.24389309317272354
838024,1,7,7,2.2769724583511985
838029,1,7,9,13.130413113752276
838030,1,7,7,2.583029817612568
838035,0,7,0,0.033774258263844614
838037,1,7,1,12.06797825636969
838053,1,7,5,0.3586789934097332
838062,1,7,5,0.3586789934097332
838074,0,7,0,0.025529303615620502
838075,1,7,5,0.3586789934097332
838085,1,7,8,22.363463250652302
838086,1,7,3,2.0271871045853964
838099,1,7,6,8.651111998100523
838101,1,7,6,18.069498960824387
838110,1,7,4,0.3586790108976326
838120,1,7,9,25.65611159858915
838131,1,7,2,4.09768361313656
838138,1,7,8,25.76573399848435
838154,1,7,9,17.668693679668923
838162,1,7,8,25.99002464146845
838179,1,7,4,0.3586790108976326
838180,1,7,9,21.267820310675983
838197,1,7,4,0.3586790108976326
838201,1,7,6,12.431628702373038
838206,1,7,3,1.9850843614241804
838219,1,7,2,13.869089035095428
838227,1,7,5,0.3586789934097332
838249,1,7,8,3.240136056709278
838250,1,7,9,14.265024225909936
838258,1,7,1,11.030805649637013
838261,1,7,1,8.29430240600798
838267,1,7,2,2.683451441042418
838273,1,7,4,0.3586790108976326
838294,1,7,8,12.96369203397256
838300,1,7,9,11.652050670610496
838301,1,7,7,2.0879882212196317
838319,1,7,6,5.742367051448958
838334,1,7,7,2.7494000234413374
838416,1,7,4,0.3586790108976326
838430,1,7,8,15.442790327013482
838460,1,7,7,0.9786011686289041
838473,0,7,0,0.01700124866445106
838474,1,7,9,10.615138406170121
838483,1,7,3,1.7320733484075843
838484,1,7,10,11.374946383456614
838486,1,7,6,14.983576473941767
838502,1,7,6,23.210471907288422
838504,1,7,4,0.3586790108976326
838506,1,7,9,11.833624262015483
838518,1,7,8,12.358014099847429
838525,1,7,8,28.43449214475885
838527,1,7,1,19.904847345435435
838528,1,7,4,0.3586790108976326
838534,1,7,6,5.42849763083944
838538,1,7,7,4.49962894964333
838552,1,7,5,0.3586789934097332
838556,1,7,9,16.555630131475137
838562,1,7,9,15.067317596099441
838576,1,7,9,23.113956125827027
838577,1,7,4,0.3586790108976326
838578,1,7,6,23.040610843256445
838581,1,7,5,0.3586789949470627
838585,1,7,10,14.74339153448892
838592,1,7,9,20.836547826813927
838594,1,7,5,0.3586789934097332
838597,1,7,2,4.925114488136884
838600,1,7,2,6.600453235925007
838618,1,7,9,6.527383469429456
838619,1,7,4,0.3586790108976326
838628,1,7,8,20.328936653211706
838648,1,7,4,0.3586790108976326
838663,1,7,9,23.470943837297867
838672,1,7,9,22.978868304997924
838704,0,7,0,0.027702823785626437
838727,1,7,5,0.3586789934097332
838759,1,7,6,14.666515269509338
838760,1,7,6,20.843647162027878
838769,1,7,4,0.3586790108976326
838774,1,7,5,0.3586789934097332
838777,1,7,6,22.9789272039162
838782,0,7,0,0.015957552141009346
838801,1,7,6,14.952408850812697
838814,1,7,4,0.3586790108976326
838816,1,7,9,16.40147704191649
838832,1,7,3,0.7737305610242123
838833,1,7,5,0.3586789934097332
838838,1,7,8,15.026549651305936
838843,1,7,6,23.343875011320257
838848,1,7,10,8.588613348524254
838872,1,7,9,12.339929677331517
838879,1,7,6,14.81635541784793
838898,1,7,4,0.3586790108976326
838899,1,7,2,13.354229507581167
838909,1,7,4,0.358679009087165
838912,0,7,0,0.021126021368802102
838915,0,7,0,0.013759360669083112
838931,1,7,4,0.3586790108976326
838932,1,7,8,15.018738292498247
838961,1,7,6,10.755813970681336
838976,1,7,9,6.840880858129611
838988,1,7,5,0.3586789934097332
838993,1,7,4,0.3586790108976326
839018,1,7,4,0.3586790108976326
839033,0,7,0,0.01730991069136933
839041,1,7,9,10.686082447029115
839057,1,7,9,3.54938497699432
839076,1,7,7,0.8977191869108955
839078,1,7,4,0.3586790108976326
839082,1,7,5,0.3586789934097332
839084,1,7,5,0.3586789934097332
839088,1,7,8,12.262654138943006
839097,0,7,0,0.018320208934943863
839102,1,7,6,15.50910541725362
839112,1,7,8,24.263510317580593
839122,1,7,10,6.011094632461337
839141,1,7,10,15.769540646154283
839145,1,7,3,1.9255201109551012
839150,1,7,5,0.3586789934097332
839166,1,7,8,26.77699310661186
839167,1,7,8,17.576796782912243
839179,1,7,6,15.113215587675457
839200,1,7,2,7.60183833128309
839211,1,7,2,1.146859584094262
839220,1,7,5,0.3586789934097332
839224,1,7,4,0.358679009087165
839236,1,7,9,9.016459434198243
839242,1,7,1,10.725695658648457
839255,1,7,5,0.3586789934097332
839256,1,7,5,0.3586789934097332
839266,1,7,4,0.3586790108976326
839288,1,7,4,0.3586790108976326
839290,1,7,8,6.6413741443659795
839295,1,7,8,14.038511710647704
839296,1,7,5,0.3586789934097332
839298,1,7,5,0.3586789934097332
839299,1,7,9,13.733082881311251
839305,1,7,8,24.92823785150076
839311,1,7,9,22.371884727118037
839315,1,7,4,0.3586790108976326
839334,1,7,6,11.839903968610727
839338,1,7,9,23.570802386935743
839342,1,7,4,0.3586790108976326
839363,1,7,8,17.372011877138384
839368,1,7,5,0.3586789934097332
839376,1,7,8,21.677302157553132
839378,1,7,9,8.582663603612907
839383,1,7,10,12.01647272654793
839385,1,7,9,9.648604816702179
839392,1,7,9,19.517380942186705
839397,0,7,0,0.01744971499037576
839401,1,7,9,14.827273830186156
839407,1,7,1,15.712447536658908
839408,1,7,8,23.296093562756262
839431,1,7,4,0.3586790108976326
839467,1,7,1,17.494829573694805
839488,1,7,4,0.3586790108976326
839492,1,7,10,9.209596048982482
839499,1,7,4,0.358679009087165
839505,1,7,9,25.028668667897907
839531,1,7,5,0.3586789934097332
839534,0,7,0,0.042833438472651905
839538,1,7,8,18.083353057397005
839547,1,7,4,0.3586790108976326
839551,1,7,9,9.304924343696007
839557,1,7,9,22.53250780541451
839560,1,7,4,0.3586790108976326
839574,1,7,9,8.212572420101514
839605,1,7,1,11.694713434502887
839612,1,7,9,25.81381301946883
839625,1,7,6,14.685793760742854
839631,1,7,5,0.3586789934097332
839639,1,7,4,0.3586790108976326
839640,1,7,8,27.08020536392806
839646,1,7,9,13.592471366122647
839647,1,7,2,1.0585949032694615
839651,1,7,9,18.247538217749966
839656,1,7,2,11.930237775439599
839667,1,7,5,0.3586789934097332
839671,1,7,9,15.24169892344386
839689,1,7,5,0.3586789934097332
839698,0,7,0,0.012195887646393127
839701,1,7,7,2.107595057530608
839703,1,7,5,0.3586789934097332
839706,1,7,7,1.5528341355884607
839708,1,7,9,22.95415459158309
839731,1,7,2,10.921910329055036
839734,1,7,1,14.428895223838799
839749,1,7,8,10.760111945056252
839750,1,7,9,19.076214789615157
839783,1,7,7,1.3519082587906401
839792,1,7,10,5.403320046067363
839796,1,7,6,15.108884707913559
839801,1,7,9,25.53499126318035
839803,1,7,6,12.427965298989644
839820,1,7,4,0.3586790108976326
839830,1,7,6,18.19067126114256
839837,1,7,9,15.993158202434955
839861,0,7,0,0.03150991830051572
839865,1,7,9,18.115378954927902
839893,1,7,9,15.240617699326005
839914,1,7,1,9.526349941560321
839937,1,7,5,0.3586789934097332
839939,1,7,5,0.3586789934097332
839940,1,7,6,15.834135712702095
839961,1,7,9,23.197583734398997
839963,1,7,8,23.113667902728732
839972,1,7,5,0.3586789934097332
839992,1,7,4,0.3586790108976326
839995,1,7,1,5.633631348882697
839996,1,7,6,23.759593920918842
840005,1,7,10,4.6412670882735165
840015,1,7,8,26.285480600804277
840018,1,7,8,7.820324913501943
840024,1,7,6,6.413555853683862
840027,1,7,6,14.283437290081912
840034,1,7,6,5.905403494626634
840044,1,7,10,19.028317306402496
840048,1,7,9,21.078368437483995
840077,0,7,0,0.013896482447206147
840090,1,7,6,22.936056501616584
840106,1,7,5,0.3586789949470627
840107,1,7,5,0.3586789949470627
840122,0,7,0,0.029716660192281755
840128,1,7,9,24.749662703619503
840132,1,7,5,0.3586789934097332
840139,1,7,4,0.3586790108976326
840141,1,7,9,25.15368400585246
840159,1,7,4,0.3586790108976326
840173,1,7,6,16.50234183984724
840174,1,7,8,15.045156334491388
840186,1,7,4,0.3586790108976326
840193,1,7,2,1.874402877299351
840194,0,7,0,0.12189224964413696
840199,1,7,4,0.3586790108976326
840210,1,7,10,21.18885217980759
840234,1,7,2,1.3897344301468781
840239,1,7,8,14.82306196606497
840276,1,7,1,22.918305768184194
840297,1,7,4,0.3586790108976326
840322,1,7,5,0.3586789934097332
840343,1,7,5,0.3586789934097332
840345,1,7,5,0.3586789934097332
840350,1,7,6,8.192598023578311
840358,1,7,9,24.468446504476137
840380,1,7,3,2.349884219127028
840388,1,7,7,2.487626815501206
840424,1,7,6,12.133835200050088
840429,1,7,4,0.3586790108976326
840449,1,7,3,2.3537629215744507
840452,1,7,1,15.007451872543742
840455,1,7,5,0.3586789934097332
840459,0,7,0,0.025367473739067312
840467,1,7,1,16.156251121393563
840497,1,7,8,7.023719202190246
840512,1,7,6,15.870268408975704
840514,1,7,4,0.3586790108976326
840529,1,7,5,0.3586789934097332
840551,1,7,4,0.3586790108976326
840572,1,7,8,24.5888166927376
840581,1,7,10,19.144645828081302
840583,1,7,8,9.558094466047788
840595,1,7,2,9.619521153568863
840610,1,7,9,22.42985385431685
840611,1,7,1,22.251755750277276
840616,1,7,9,25.90741985915492
840630,1,7,8,25.554704167345086
840657,1,7,4,0.3586790108976326
840658,1,7,3,0.7918845713231129
840675,1,7,6,10.374369028048534
840696,1,7,4,0.3586790108976326
840700,1,7,4,0.3586790108976326
840702,1,7,8,13.36331269339946
840705,1,7,1,21.195712280550612
840706,0,7,0,0.027837462850270823
840747,1,7,4,0.3586790108976326
840758,1,7,5,0.3586789934097332
840771,1,7,5,0.3586789934097332
840775,1,7,4,0.3586790108976326
840813,1,7,5,0.3586789934097332
840817,1,7,4,0.3586790108976326
840830,1,7,4,0.3586790108976326
840840,1,7,1,19.815217903412147
840849,1,7,8,23.10940153147636
840853,1,7,8,26.536853523626167
840861,1,7,10,20.64288063028897
840862,1,7,8,21.629501871364265
840863,1,7,3,1.5549219316180392
840869,1,7,9,8.540813376090089
840882,1,7,4,0.3586790108976326
840890,1,7,9,22.968631343966837
840904,1,7,2,3.9335072308841452
840905,1,7,6,19.324499168336853
840929,1,7,4,0.3586790108976326
840936,1,7,2,8.723822134883783
840937,1,7,8,16.661980053085486
840953,1,7,4,0.3586790108976326
840960,1,7,8,22.00617513226511
840964,1,7,9,21.137054644462925
840969,1,7,3,2.1324023553015894
840972,1,7,9,24.37254354635871
840981,1,7,9,2.6914321833702712
840984,1,7,3,2.2401309386883272
840999,1,7,4,0.3586790108976326
841008,1,7,9,23.699747895513344
841016,1,7,6,14.978451834267167
841028,1,7,6,23.14085976025073
841041,1,7,10,7.1889301418067575
841051,1,7,8,20.888743279893287
841067,1,7,4,0.3586790108976326
841071,1,7,4,0.3586790108976326
841077,1,7,10,20.999291088450075
841078,1,7,6,19.173966949001493
841095,1,7,1,13.01250477434562
841100,1,7,5,0.3586789934097332
841102,1,7,9,11.103242458132321
841128,1,7,4,0.3586790108976326
841131,1,7,8,27.86076358495158
841141,1,7,1,7.601270068052153
841168,1,7,6,12.098247210972307
841181,1,7,10,12.38091258100424
841185,1,7,6,7.044489730277615
841187,1,7,3,2.3451095351620124
841191,1,7,4,0.3586790108976326
841194,1,7,2,11.996863141172817
841204,1,7,6,9.54341038806295
841214,1,7,1,22.16740621195673
841227,1,7,3,1.4437554858506862
841230,1,7,5,0.3586789934097332
841244,1,7,7,2.353329014849142
841262,1,7,5,0.3586789934097332
841266,1,7,3,1.771601483488514
841272,1,7,5,0.3586789934097332
841278,1,7,4,0.3586790108976326
841282,1,7,5,0.3586789934097332
841291,0,7,0,0.17036133766052652
841293,1,7,6,23.035565055906744
841297,1,7,8,11.907585993342751
841301,1,7,9,16.688279470748956
841320,1,7,6,15.025335254167645
841324,1,7,1,20.13251424872509
841325,1,7,6,4.900895645865716
841365,1,7,2,8.45195803404767
841371,1,7,10,8.072264355630178
841372,1,7,8,4.755000110827061
841373,1,7,9,16.350888277047865
841374,1,7,8,19.732544361451847
841396,1,7,4,0.3586790108976326
841403,1,7,6,19.05175278377232
841406,1,7,6,23.369837344223825
841423,1,7,10,3.859039588320454
841428,0,7,0,0.0663302422815166
841455,1,7,5,0.3586789934097332
841461,1,7,8,10.95211798960546
841467,1,7,5,0.3586789934097332
841468,1,7,5,0.3586789934097332
841469,1,7,4,0.3586790108976326
841480,1,7,6,22.193438098384885
841496,1,7,3,2.3811359015984412
841499,1,7,8,24.015640582606185
841500,1,7,8,11.351699935367884
841503,1,7,6,10.721935374543467
841504,0,7,0,0.030096072424500363
841535,1,7,3,2.185185438279493
841567,1,7,1,17.45997406835335
841572,1,7,6,11.618593725023777
841576,1,7,4,0.3586790108976326
841577,1,7,6,14.608053751407686
841594,1,7,5,0.3586789934097332
841624,1,7,5,0.3586789934097332
841636,1,7,6,23.72439687016468
841656,1,7,9,22.43592203392972
841659,1,7,8,6.720858510025073
841671,1,7,9,14.2506642620285
841676,1,7,8,25.757357308851525
841679,1,7,8,8.210526218776643
841703,1,7,8,14.39227039293024
841705,1,7,5,0.3586789934097332
841709,1,7,5,0.3586789934097332
841729,1,7,2,12.746493886681725
841761,1,7,6,15.563543718228036
841767,1,7,4,0.358679009087165
841769,1,7,9,16.472879793802047
841770,1,7,4,0.3586790108976326
841785,0,7,0,0.012439930308484691
841796,1,7,3,1.8451136546760465
841804,1,7,2,11.232745992419533
841805,1,7,4,0.3586790108976326
841821,1,7,4,0.3586790108976326
841826,1,7,9,14.485110911605805
841846,1,7,8,14.125651016856452
841851,0,7,0,0.025102591533677034
841853,1,7,5,0.3586789934097332
841863,1,7,4,0.3586790108976326
841866,0,7,0,0.22325055661154744
841886,1,7,4,0.3586790108976326
841892,1,7,8,11.500694917915224
841893,1,7,10,11.281031619140832
841899,1,7,6,12.271528559858647
841906,1,7,8,23.036231007047732
841908,1,7,7,4.080108506975146
841923,1,7,9,23.47408490540543
841924,1,7,3,2.4191728893208015
841931,1,7,9,26.204176745963224
841940,1,7,1,7.471019574561136
841943,1,7,6,13.69124525284587
841951,1,7,9,23.28582533562937
841969,1,7,10,18.473911809761926
841980,1,7,5,0.3586789934097332
841993,1,7,1,23.187095229035354
841997,1,7,2,8.49592588831374
842003,1,7,9,14.569754628640093
842008,1,7,1,14.069914625732865
842037,1,7,6,6.854351924998732
842039,1,7,4,0.358679009087165
842046,1,7,10,17.840716528566045
842064,1,7,9,18.901596524442997
842069,1,7,8,18.930646887902807
842071,1,7,1,13.609242791825427
842073,1,7,8,15.890831739839644
842090,1,7,8,22.016972339142416
842103,0,7,0,0.22549215158266236
842121,1,7,8,23.108316643005562
842124,1,7,5,0.3586789934097332
842153,1,7,8,24.82064581982299
842155,1,7,7,0.6730151539738036
842164,1,7,8,17.74443495241563
842167,1,7,5,0.3586789934097332
842184,1,7,6,12.223350107017913
842201,1,7,5,0.3586789934097332
842202,1,7,5,0.3586789934097332
842211,1,7,3,0.9480478454283536
842239,1,7,5,0.3586789934097332
842240,1,7,6,23.248312461570457
842242,1,7,9,15.985347748414442
842248,1,7,5,0.3586789934097332
842249,1,7,5,0.3586789934097332
842252,1,7,10,9.727618919070496
842267,1,7,7,0.8826982866295982
842269,1,7,6,20.07708072768523
842284,0,7,0,0.028572407445537705
842292,1,7,8,19.36219513361959
842293,1,7,5,0.3586789934097332
842300,1,7,7,3.259067396153549
842305,1,7,5,0.3586789934097332
842306,1,7,9,25.49077421594313
842314,1,7,5,0.3586789949470627
842320,1,7,6,16.508879491056643
842324,0,7,0,0.021442504140463874
842330,1,7,9,6.959095799655121
842355,1,7,8,11.970701888065989
842362,1,7,4,0.3586790108976326
842365,1,7,7,4.485944706925741
842376,1,7,7,3.357650332205454
842381,1,7,5,0.3586789934097332
842398,1,7,5,0.3586789934097332
842400,1,7,4,0.3586790108976326
842442,1,7,8,10.332567142926438
842445,1,7,8,22.711457070462274
842447,1,7,6,15.765503840297
842454,1,7,9,21.760991591411038
842468,1,7,10,12.402875907331312
842469,1,7,10,8.197732025254986
842470,1,7,9,24.360459903162948
842512,1,7,5,0.3586789934097332
842515,1,7,4,0.3586790108976326
842520,1,7,9,20.61316160074202
842525,1,7,4,0.3586790108976326
842547,1,7,5,0.3586789934097332
842548,1,7,7,0.8485726316507112
842577,1,7,1,11.542234606548186
842580,1,7,6,19.847762570157546
842588,1,7,6,20.295431891637765
842592,1,7,9,16.731824969835422
842594,1,7,9,15.355604521279199
842605,1,7,8,21.567876657002206
842607,1,7,7,1.9885099566196756
842619,1,7,1,22.784669840923446
842642,1,7,9,25.58714768034877
842646,1,7,9,24.70862428791225
842652,1,7,10,5.028805988699363
842653,1,7,8,14.90613770490283
842661,1,7,6,15.869530202371084
842670,1,7,2,10.912515403211879
842671,1,7,5,0.3586789934097332
842679,1,7,4,0.3586790108976326
842681,1,7,1,14.798823951399282
842684,1,7,9,15.553675234616533
842691,1,7,8,8.134343605443332
842697,1,7,4,0.3586790108976326
842702,1,7,6,13.36873144748108
842708,1,7,2,6.139244244831289
842710,1,7,4,0.3586790108976326
842713,1,7,5,0.3586789934097332
842719,1,7,6,11.829905573176548
842776,1,7,9,11.022821833787336
842779,1,7,4,0.3586790108976326
842797,1,7,4,0.3586790108976326
842800,1,7,4,0.3586790108976326
842810,1,7,4,0.3586790108976326
842820,1,7,8,3.182911570314477
842821,1,7,7,3.6977796968944543
842827,1,7,5,0.3586789934097332
842838,1,7,1,21.785252446919174
842843,1,7,5,0.3586789934097332
842859,1,7,10,17.72346856791427
842877,1,7,5,0.3586789934097332
842901,1,7,9,13.01111543129014
842924,1,7,8,16.252260498205978
842938,1,7,10,4.315533890064478
842944,1,7,1,14.769882761067322
842956,1,7,1,20.385495603173027
842971,1,7,6,19.04709206770871
842990,1,7,9,13.055419396954255
842996,1,7,9,25.77332551108343
843004,1,7,6,17.2134293247461
843013,1,7,6,9.595711182837135
843019,1,7,7,2.584505347066035
843022,1,7,9,22.287057656020977
843029,1,7,9,23.902914770324305
843036,1,7,5,0.3586789934097332
843038,1,7,4,0.3586790108976326
843040,1,7,6,23.031590076842303
843044,1,7,5,0.3586789934097332
843052,1,7,5,0.3586789934097332
843054,1,7,10,9.197068802852643
843060,1,7,4,0.3586790108976326
843062,1,7,7,4.191202953849946
843067,1,7,5,0.3586789934097332
843078,1,7,10,21.226072946250788
843081,1,7,10,12.54529253206014
843087,1,7,9,17.95746650177132
843096,1,7,2,5.399699298172782
843116,1,7,4,0.3586790108976326
843118,0,7,0,0.026394732100247356
843144,1,7,10,5.554867533803454
843157,1,7,5,0.3586789934097332
843167,1,7,4,0.3586790108976326
843168,1,7,8,9.249616697670923
843216,1,7,3,2.1761448471468254
843222,0,7,0,0.03257930547579344
843223,1,7,8,16.786651401129074
843228,1,7,8,12.556729235644493
843230,1,7,5,0.3586789934097332
843237,1,7,8,11.23746121227486
843238,1,7,4,0.3586790108976326
843254,1,7,8,22.500248028496113
843280,1,7,5,0.3586789934097332
843298,1,7,10,12.778588463360741
843311,1,7,9,9.478470441917748
843321,1,7,6,19.391933600495165
843328,1,7,8,9.74567738043124
843342,1,7,9,6.3590742786170615
843345,0,7,0,0.030329613158084755
843359,1,7,10,11.092275150958125
843378,1,7,6,14.167572709004542
843390,1,7,1,3.909439457347699
843400,1,7,5,0.3586789934097332
843408,1,7,1,20.25878182096967
843411,1,7,3,2.3521942594352576
843456,1,7,3,2.138427259459761
843461,1,7,8,14.246830911386615
843468,1,7,5,0.3586789934097332
843489,1,7,5,0.3586789934097332
843511,1,7,4,0.3586790108976326
843514,1,7,6,7.186551973243709
843517,1,7,9,25.47364709382785
843532,1,7,3,2.2180966673104447
843534,1,7,1,6.351708529684542
843537,1,7,5,0.3586789934097332
843570,1,7,9,21.781954689380125
843590,1,7,8,28.541578698304154
843595,0,7,0,0.0270192706634812
843614,0,7,0,0.02452140723284768
843618,1,7,7,1.6194170700316008
843631,1,7,9,12.914715606638065
843643,1,7,7,4.294843043553229
843668,1,7,9,20.376692536102794
843669,1,7,5,0.3586789934097332
843683,1,7,10,9.649712002792805
843702,1,7,3,0.77878408784441
843707,1,7,6,23.604738927366682
843721,1,7,1,23.21775418813201
843722,1,7,8,9.387521701913755
843742,1,7,7,4.067585290635634
843746,1,7,6,12.090467242271309
843754,1,7,2,3.5828631434305893
843768,1,7,7,2.974931104220679
843801,1,7,9,8.331384867723944
843807,1,7,6,11.37108772936554
843809,1,7,6,23.630606740606805
843810,1,7,10,14.098660882619061
843817,1,7,9,17.099656437200945
843819,1,7,5,0.3586789934097332
843823,1,7,4,0.3586790108976326
843846,1,7,5,0.3586789934097332
843850,1,7,9,23.423299082249784
843868,1,7,5,0.3586789934097332
843875,1,7,9,16.568054649970996
843885,1,7,6,3.945534378339765
843889,1,7,5,0.3586789934097332
843900,1,7,6,23.738152861278095
843903,1,7,10,18.516959474091234
843909,1,7,9,22.8025157700241
843918,1,7,10,9.016964729905894
843930,1,7,6,14.571815539489196
843941,1,7,9,25.541029168568617
843954,1,7,3,2.3161447458154947
843959,1,7,9,17.748932852312656
843960,1,7,5,0.3586789934097332
844004,1,7,6,23.24053641187338
844009,1,7,8,9.083233941813482
844013,1,7,9,18.601165117384866
844055,1,7,6,24.06469657898929
844060,1,7,1,3.8209810704814666
844086,1,7,5,0.3586789934097332
844089,1,7,10,18.377739527902907
844101,1,7,6,23.48128487920021
844122,1,7,2,7.570411308247575
844126,1,7,10,11.757169496800877
844129,1,7,1,7.044877104693848
844130,1,7,2,4.260712483411677
844134,1,7,9,24.259982278354816
844151,1,7,9,21.71978401835226
844164,1,7,1,6.356779273925357
844186,1,7,6,20.845894886952106
844189,0,7,0,0.017006945222779634
844191,1,7,9,19.40828146155977
844193,1,7,4,0.3586790108976326
844198,1,7,4,0.3586790108976326
844208,1,7,6,23.966039520710265
844216,1,7,3,0.7916190591983396
844233,1,7,8,20.882325237420442
844245,1,7,4,0.3586790108976326
844247,1,7,4,0.3586790108976326
844255,1,7,9,20.14972887424093
844263,1,7,7,2.7803743406476595
844277,1,7,8,12.215002933382365
844294,1,7,9,10.547785204382055
844307,1,7,5,0.3586789934097332
844309,1,7,4,0.3586790108976326
844328,1,7,6,12.638803945718706
844331,1,7,9,17.90265786570688
844355,1,7,9,24.116704625721784
844367,1,7,9,10.29917805948141
844397,1,7,9,15.36827819255634
844398,1,7,9,24.703235384755544
844403,1,7,9,15.36369185746165
844417,1,7,8,10.303045763452714
844422,0,7,0,0.018915524602677296
844426,1,7,10,6.92120316343319
844443,1,7,6,8.515815810202227
844465,1,7,6,23.189940178545257
844477,0,7,0,0.026802317131963523
844480,1,7,5,0.3586789934097332
844488,1,7,9,23.420560824708645
844503,1,7,8,5.893003436010046
844520,1,7,6,10.589293183942685
844540,1,7,9,22.981840524307938
844543,1,7,4,0.3586790108976326
844551,1,7,1,17.593935934698578
844568,1,7,9,26.49932845146581
844569,1,7,10,3.08387494437376
844572,1,7,5,0.3586789934097332
844583,1,7,10,4.466169730315264
844584,1,7,8,13.44492689065523
844600,1,7,6,6.654504176849826
844630,0,7,0,0.021571033207764642
844645,1,7,1,16.126518603045994
844678,1,7,8,10.120520384349726
844710,1,7,2,7.258279866457885
844718,1,7,1,10.414998474732174
844723,1,7,1,23.091475659210513
844736,1,7,4,0.3586790108976326
844737,1,7,1,7.989180672030027
844759,1,7,8,18.60891575740803
844764,0,7,0,0.02041135773013345
844775,1,7,6,23.053120090345455
844778,1,7,9,19.490388825018552
844779,1,7,9,13.216004406966105
844781,1,7,3,1.3666392691546343
844791,1,7,8,4.545600831999956
844801,1,7,8,2.7531635253526927
844802,1,7,9,15.251277146927052
844829,1,7,10,12.661612513791331
844833,1,7,9,16.529189410918942
844835,1,7,9,14.601686672473155
844851,1,7,9,26.442423780903727
844857,1,7,1,22.84578017642303
844859,1,7,5,0.3586789934097332
844870,1,7,4,0.3586790108976326
844883,0,7,0,0.015764176291189366
844885,1,7,8,3.764004194321319
844893,1,7,9,10.697989897519857
844898,1,7,6,14.368117553662797
844903,0,7,0,0.026000104677499615
844906,1,7,9,8.790624615883925
844914,1,7,4,0.3586790108976326
844934,1,7,3,1.5375940185432575
844939,1,7,6,19.39926561493635
844940,1,7,2,4.0418778573498635
844963,1,7,4,0.358679009087165
844968,1,7,1,3.6750420088826616
844977,1,7,3,1.978649353419144
844984,1,7,6,23.51914186689778
844989,1,7,3,1.581090415558404
845005,1,7,8,28.543969097330944
845015,1,7,1,20.91732687551833
845028,1,7,7,4.370508177829376
845029,1,7,1,5.917001411747015
845035,1,7,9,11.572089989591774
845058,1,7,5,0.3586789934097332
845067,0,7,0,0.022938427537543767
845072,1,7,9,13.381533430413551
845073,1,7,9,11.144974710715676
845074,1,7,7,2.544177221364616
845084,1,7,6,11.431737726611972
845086,1,7,8,8.270750354076021
845135,1,7,9,11.409942085945522
845144,1,7,6,21.605676813172693
845147,1,7,8,15.090188096985974
845169,0,7,0,0.016552435152824875
845203,1,7,10,21.186783594664483
845218,1,7,4,0.3586790108976326
845221,1,7,5,0.3586789934097332
845222,1,7,4,0.3586790108976326
845230,1,7,2,1.9170987246872904
845233,1,7,6,23.11995593787097
845237,1,7,8,23.710956750822977
845292,1,7,8,17.89641017044108
845294,1,7,2,13.881186778747207
845302,1,7,5,0.3586789934097332
845319,1,7,5,0.3586789934097332
845342,1,7,6,23.16931665176577
845355,1,7,5,0.3586789949470627
845356,1,7,9,13.74774576090848
845360,0,7,0,0.015303429362663929
845364,1,7,10,18.865183618363982
845385,1,7,9,26.371494769996296
845394,1,7,2,10.958033214728424
845408,1,7,10,11.251230595347153
845421,1,7,4,0.3586790108976326
845428,1,7,9,15.101184671168243
845460,1,7,5,0.3586789934097332
845472,1,7,10,20.03069198834707
845514,1,7,6,23.401841101196364
845515,1,7,5,0.3586789934097332
845518,1,7,8,5.798406807647595
845528,1,7,5,0.3586789934097332
845545,1,7,6,14.531472177976257
845546,1,7,5,0.3586789934097332
845575,1,7,8,6.439105640618359
845601,1,7,5,0.3586789934097332
845627,1,7,9,16.230371824534064
845651,1,7,6,23.140192005304446
845652,1,7,8,28.08639688354118
845658,1,7,4,0.3586790108976326
845664,1,7,9,3.4954405679292098
845667,1,7,1,18.839501074613338
845678,1,7,6,13.670130504001486
845700,1,7,6,23.048698598468594
845705,1,7,5,0.3586789934097332
845712,1,7,7,3.7642613147518746
845713,1,7,4,0.3586790108976326
845719,1,7,9,14.868565168996735
845726,1,7,9,21.77194247154296
845727,1,7,6,14.818056988245127
845731,1,7,6,9.19478657251151
845736,1,7,9,22.601340754519892
845742,1,7,8,25.68332295435122
845747,0,7,0,0.025737236583794464
845751,1,7,1,17.49715853503414
845755,1,7,6,16.69767102311065
845761,1,7,9,13.38132293497106
845766,1,7,4,0.3586790108976326
845774,1,7,8,18.896947373883258
845779,1,7,6,21.319827649225267
845799,1,7,1,11.329975523992125
845801,1,7,9,17.467918929162323
845802,1,7,8,27.54338465891729
845806,1,7,3,2.371526723854567
845817,1,7,8,10.454894728985904
845821,0,7,0,0.023171678587062455
845842,1,7,8,21.711325416384497
845846,1,7,10,15.251384648181679
845852,1,7,6,13.010208640838904
845860,1,7,5,0.3586789934097332
845861,1,7,10,20.431387409120195
845867,1,7,7,4.604532117081948
845885,1,7,6,12.348197784447263
845892,1,7,10,18.75320038437425
845906,1,7,1,8.930147408473834
845918,1,7,10,10.339744336518676
845940,0,7,0,0.015781596125705188
845952,1,7,1,16.593667466529556
845954,1,7,9,21.090637635085073
845965,1,7,6,15.18343954617366
845972,1,7,10,21.28066766345087
845989,1,7,6,14.013330245869938
845991,1,7,9,18.275740900651577
846003,1,7,8,27.09196550002732
846024,1,7,2,12.822290642092913
846030,0,7,0,0.022974077990140677
846064,1,7,4,0.3586790108976326
846073,1,7,4,0.3586790108976326
846079,1,7,10,20.57766113770079
846084,1,7,8,19.02875343543201
846094,1,7,8,11.92064178932447
846112,1,7,9,3.362693343669869
846157,0,7,0,0.015829306498916982
846173,1,7,8,9.959059327022864
846177,1,7,9,15.05968937800419
846183,1,7,4,0.3586790108976326
846195,1,7,9,26.434676635579194
846207,1,7,4,0.3586790108976326
846210,1,7,5,0.3586789934097332
846215,1,7,3,2.4173995021232155
846225,1,7,7,2.5279149767379425
846226,1,7,9,19.534541555366864
846228,1,7,8,18.1939928818738
846239,1,7,8,15.27293963505125
846244,1,7,7,4.306250620124052
846252,1,7,4,0.3586790108976326
846265,1,7,9,16.688234257367466
846278,1,7,5,0.3586789934097332
846279,1,7,6,18.590964424392457
846287,0,7,0,0.02983816873880667
846303,1,7,8,12.375275744215505
846316,1,7,8,22.196823527372704
846321,1,7,6,23.337483832024603
846322,1,7,9,19.19334408471643
846338,1,7,9,2.686871286090773
846352,1,7,5,0.3586789934097332
846354,1,7,8,9.225280115815739
846357,1,7,6,12.071391758617633
846369,1,7,5,0.3586789934097332
846370,1,7,9,21.174163878542796
846392,1,7,9,21.797107878215208
846393,1,7,10,19.917361671865034
846397,1,7,6,20.997689689534376
846410,1,7,6,21.884709609713177
846415,1,7,5,0.3586789934097332
846419,1,7,9,10.713263377576697
846442,1,7,1,22.393584119943224
846450,1,7,10,9.74534778434496
846464,1,7,5,0.3586789934097332
846478,1,7,4,0.3586790108976326
846480,1,7,1,17.646157785881314
846483,1,7,10,9.976826478894427
846510,1,7,6,16.561990897396367
846541,0,7,0,0.11055765221139571
846544,0,7,0,0.02386543710296188
846545,1,7,10,12.419957370470955
846556,1,7,5,0.3586789934097332
846560,1,7,6,21.36008843475974
846585,1,7,8,19.657149814074778
846590,1,7,5,0.3586789934097332
846591,1,7,2,7.165784840902443
846593,1,7,4,0.3586790108976326
846610,1,7,8,24.60104133391744
846612,1,7,5,0.3586789934097332
846613,1,7,5,0.3586789949470627
846618,1,7,4,0.358679009087165
846626,1,7,4,0.3586790108976326
846655,1,7,10,20.25049509878246
846657,1,7,10,18.129420102755656
846667,1,7,6,13.23048322391382
846673,1,7,6,15.414337237799476
846691,1,7,7,1.5955542670751248
846704,1,7,4,0.3586790108976326
846707,1,7,8,24.062562592694853
846721,1,7,5,0.3586789934097332
846724,1,7,9,19.776414519978285
846728,1,7,3,2.1532785307861584
846734,1,7,6,9.983029458914805
846748,1,7,5,0.3586789934097332
846753,1,7,10,3.6900669245415414
846766,1,7,4,0.3586790108976326
846778,1,7,5,0.3586789934097332
846783,1,7,4,0.3586790108976326
846792,1,7,7,2.4746491541132225
846809,1,7,5,0.3586789934097332
846813,1,7,1,19.511081682543036
846815,1,7,9,9.33028868057337
846821,1,7,1,15.194240409797168
846838,0,7,0,0.026305158717898475
846843,1,7,6,13.505084707383428
846871,1,7,6,19.60144846805199
846872,1,7,10,10.079814464805368
846884,1,7,8,19.22118497366872
846888,1,7,5,0.3586789934097332
846897,1,7,5,0.3586789934097332
846908,1,7,6,11.995399592709877
846910,1,7,7,2.5130673625239788
846922,1,7,7,3.524936327524498
846923,1,7,8,4.7651047238827235
846962,1,7,9,24.55394369115799
846971,1,7,9,24.419134943365766
846973,1,7,10,6.382474126343994
846983,1,7,1,23.023375991279234
846984,1,7,5,0.3586789934097332
846997,1,7,8,19.14949243785643
847000,1,7,7,2.5675952299854843
847017,1,7,5,0.3586789934097332
847038,1,7,10,10.68286761224774
847049,1,7,8,28.35057896178604
847060,1,7,10,10.40929071669743
847072,1,7,6,22.93996224658769
847081,1,7,4,0.3586790108976326
847089,0,7,0,0.028527902709957694
847119,1,7,4,0.3586790108976326
847134,1,7,6,17.825987980082726
847159,1,7,9,24.192063774010208
847161,1,7,9,22.43331177418663
847165,1,7,10,13.190189614750004
847171,1,7,8,15.022465349284797
847176,1,7,6,14.19560473020263
847186,1,7,2,3.3456073413435816
847193,1,7,3,2.2249345820542135
847195,1,7,4,0.3586790108976326
847208,1,7,1,12.655687632954916
847221,1,7,9,8.929644961213631
847240,1,7,4,0.3586790108976326
847243,1,7,6,18.50557640094922
847246,1,7,5,0.3586789934097332
847248,1,7,4,0.358679009087165
847256,1,7,1,22.972775044222416
847268,1,7,8,28.103277463575914
847282,1,7,4,0.3586790108976326
847300,1,7,8,19.523421977980306
847334,1,7,6,21.31769904354939
847348,1,7,9,24.899972044314396
847362,1,7,6,23.01605993347298
847365,1,7,9,15.342306442920336
847370,1,7,1,21.808038624004656
847372,1,7,5,0.3586789934097332
847373,1,7,6,23.245138523248013
847377,1,7,8,20.999626878986714
847388,1,7,4,0.3586790108976326
847413,1,7,8,25.74906849134357
847416,1,7,6,12.297086439864627
847419,1,7,1,10.13060353996156
847436,1,7,4,0.3586790108976326
847438,1,7,5,0.3586789934097332
847457,1,7,5,0.3586789934097332
847464,1,7,9,16.2590444008488
847466,1,7,7,4.217137608134885
847472,1,7,9,23.476124931999216
847485,1,7,5,0.3586789934097332
847488,1,7,6,22.177176105717248
847498,1,7,9,15.01711445348558
847503,1,7,6,20.51915970673205
847505,1,7,7,1.1850845680636777
847525,1,7,10,17.49619031531536
847530,1,7,5,0.3586789934097332
847534,1,7,9,17.65964123739452
847539,1,7,9,21.826867811152177
847549,1,7,5,0.3586789949470627
847565,1,7,8,28.130420145474762
847567,1,7,9,20.71227641800932
847620,1,7,8,10.760200285311123
847630,1,7,1,16.85515892421909
847637,1,7,9,9.36708070704422
847650,1,7,4,0.3586790108976326
847663,1,7,5,0.3586789934097332
847667,1,7,7,4.477721838475071
847677,1,7,7,4.036712562332588
847713,1,7,6,13.223628344524782
847745,1,7,5,0.3586789934097332
847775,1,7,10,21.120324538465628
847784,1,7,10,14.112896798008327
847795,1,7,8,23.003137257064076
847825,1,7,4,0.3586790108976326
847838,1,7,4,0.3586790108976326
847855,0,7,0,0.013302859994137823
847856,1,7,5,0.3586789934097332
847873,1,7,10,12.662943917702787
847874,1,7,9,25.153047168755453
847884,1,7,5,0.3586789934097332
847885,1,7,3,1.4689845905598364
847890,1,7,9,22.801299397037173
847959,0,7,0,0.022641292340086657
847973,1,7,6,18.216020966745155
847976,1,7,4,0.3586790108976326
847984,1,7,8,7.56495258106402
847995,1,7,5,0.3586789934097332
847997,1,7,8,28.15969622910087
848013,1,7,2,12.928598890677886
848016,1,7,6,9.434955678880522
848017,0,7,0,0.0266833812836281
848022,1,7,7,3.186604260043066
848027,1,7,1,14.842562477925325
848045,1,7,5,0.3586789934097332
848054,1,7,1,12.078587933650835
848059,1,7,9,8.206821277400369
848063,1,7,9,25.671911924109025
848065,1,7,6,10.235367954414231
848073,1,7,5,0.3586789934097332
848075,1,7,10,12.396474384585249
848079,1,7,4,0.3586790108976326
848087,1,7,8,9.172521804216633
848094,1,7,10,12.374483685861819
848123,1,7,9,3.8137209258879072
848124,1,7,5,0.3586789934097332
848136,1,7,5,0.3586789934097332
848137,1,7,9,12.928068812444309
848170,0,7,0,0.0246059991244207
848176,1,7,8,2.054221000130476
848189,1,7,8,13.898402205989518
848190,1,7,2,5.394000099867236
848196,1,7,4,0.3586790108976326
848204,1,7,10,5.690420986198801
848224,1,7,2,7.9259791064395
848225,1,7,5,0.3586789934097332
848238,1,7,10,4.68440953547996
848247,1,7,4,0.3586790108976326
848267,1,7,5,0.3586789934097332
848293,1,7,4,0.3586790108976326
848303,1,7,6,11.250116379820524
848307,1,7,5,0.3586789934097332
848308,1,7,8,11.511329521080711
848322,1,7,4,0.358679009087165
848329,1,7,7,3.6584162532332516
848372,1,7,9,20.786719231025206
848373,1,7,4,0.3586790108976326
848376,1,7,7,4.3741078444532535
848381,1,7,9,25.484996867680426
848404,1,7,9,23.717432131006646
848419,1,7,7,3.7663633608127163
848423,1,7,4,0.3586790108976326
848424,1,7,4,0.3586790108976326
848429,1,7,9,15.506969298552082
848438,1,7,9,6.681306516410524
848444,1,7,9,18.75156384160074
848446,1,7,3,2.397788148584093
848454,1,7,7,3.3412543350212074
848468,1,7,9,22.538010079977624
848474,1,7,4,0.3586790108976326
848477,1,7,4,0.3586790108976326
848480,1,7,10,20.61358227399037
848489,1,7,6,12.648068558155725
848499,1,7,1,17.18076317478086
848511,1,7,8,23.76453851808576
848522,1,7,1,19.3778943036039
848536,1,7,10,4.14556809354061
848549,1,7,8,5.97910230546326
848562,1,7,5,0.3586789934097332
848577,1,7,9,16.486330933479042
848583,1,7,1,14.144780399451275
848597,1,7,7,3.9090004601752018
848601,1,7,8,20.22663120823394
848609,1,7,4,0.3586790108976326
848620,1,7,8,21.241229985358956
848646,1,7,8,16.558298896741263
848654,1,7,7,4.519308243662791
848675,1,7,8,19.95764722524103
848676,0,7,0,0.02453044652841365
848677,1,7,7,3.6960736475249045
848689,1,7,9,26.21001506815727
848712,1,7,4,0.3586790108976326
848713,1,7,6,13.185499267110721
848735,1,7,1,11.40184255101891
848745,1,7,4,0.3586790108976326
848767,1,7,9,19.049153426835158
848803,1,7,8,18.952934711178994
848826,1,7,9,13.429777818489045
848828,1,7,9,12.544031217793803
848830,1,7,5,0.3586789934097332
848833,1,7,10,8.404457456730501
848837,1,7,8,15.880250995489513
848846,1,7,6,22.945498870625674
848854,1,7,9,16.757808994200097
848860,1,7,6,16.057498988646948
848867,0,7,0,0.025593896462312332
848884,1,7,4,0.3586790108976326
848902,1,7,3,2.19803839963132
848933,1,7,7,1.8704519339249372
848941,1,7,8,27.114870018328475
848947,1,7,10,9.185440401967757
848965,1,7,6,20.591471777936285
848970,1,7,10,7.162432613947338
848971,1,7,10,5.436151239303812
848996,1,7,5,0.3586789934097332
848997,1,7,9,2.8543067905833857
849010,1,7,8,23.40400474486326
849013,1,7,5,0.3586789949470627
849016,1,7,6,12.196724207760392
849055,1,7,4,0.3586790108976326
849091,1,7,8,10.902450017721034
849112,0,7,0,0.016202224855612762
849113,1,7,8,23.11122799373421
849134,1,7,6,14.102359924082688
849143,1,7,10,8.495662848608111
849144,1,7,5,0.3586789934097332
849166,1,7,2,13.426635207622686
849182,1,7,9,15.145022256840333
849183,1,7,8,6.264200486982767
849207,1,7,3,1.6000163707564374
849211,1,7,8,26.236031944993083
849230,1,7,1,9.098087310506004
849232,1,7,7,1.0952338987852042
849237,1,7,10,16.885590957920797
849252,1,7,5,0.3586789934097332
849260,1,7,10,19.595005867103538
849275,1,7,5,0.3586789934097332
849280,1,7,6,15.568614036885357
849291,1,7,4,0.3586790108976326
849296,1,7,6,17.21062092810343
849306,1,7,3,2.3862406369673375
849308,1,7,9,16.748565565504496
849314,1,7,8,2.847562429876676
849315,1,7,8,25.040010900616622
849359,1,7,8,12.239005274501519
849390,1,7,10,11.963365417673254
849391,1,7,6,13.339506422916307
849406,1,7,5,0.3586789934097332
849409,1,7,6,22.204073925310812
849445,1,7,4,0.358679009087165
849446,1,7,9,6.577258286521039
849454,1,7,9,13.420845753260926
849456,1,7,6,14.10573117123167
849461,1,7,4,0.3586790108976326
849466,1,7,8,17.517463599366856
849471,1,7,6,18.232958116487374
849473,1,7,2,13.267395146848889
849492,1,7,8,2.4716850077117627
849495,1,7,8,13.005804092307855
849500,1,7,9,21.346185151978123
849526,1,7,6,22.997432989102997
849559,1,7,9,18.944340219657953
849562,1,7,9,25.469893754088215
849563,1,7,1,4.214036307845192
849567,1,7,5,0.3586789934097332
849571,1,7,4,0.3586790108976326
849574,1,7,2,9.636195269590521
849577,1,7,1,9.262138396437331
849580,1,7,9,7.5962928317705325
849598,1,7,10,7.375573943962826
849606,1,7,9,10.818153027628268
849607,1,7,5,0.3586789934097332
849608,1,7,4,0.3586790108976326
849611,1,7,1,19.962394701161735
849656,1,7,2,5.485267667075883
849665,1,7,5,0.3586789934097332
849677,1,7,8,3.4197567760374055
849702,1,7,9,26.230038824456635
849710,1,7,4,0.3586790108976326
849752,1,7,10,21.22581799416417
849758,1,7,7,2.683482831902817
849765,1,7,9,26.35949947909194
849769,1,7,5,0.3586789949470627
849779,1,7,10,19.041838071335995
849787,1,7,8,21.82492270961013
849806,1,7,6,17.37580381566591
849808,1,7,10,18.36235980154175
849815,1,7,5,0.3586789934097332
849823,1,7,6,14.724346467491054
849829,1,7,6,23.049289828803122
849841,0,7,0,0.02470839878101307
849842,1,7,10,11.57963722437811
849843,1,7,5,0.3586789934097332
849860,1,7,5,0.3586789934097332
849872,1,7,10,12.31773871580914
849874,1,7,9,10.555938215895402
849885,1,7,9,5.843322755050258
849927,1,7,3,2.425072315467991
849930,1,7,10,18.414458714609303
849935,1,7,6,23.301186597960484
849936,1,7,6,12.344133371644276
849961,1,7,9,24.200075245285337
849963,1,7,6,18.134764744296948
849964,1,7,10,20.55976245795814
849965,1,7,6,9.572448199716472
849993,1,7,9,24.59034506658925
849997,1,7,9,14.413523183690991
850009,1,7,7,2.0409827477805274
850016,1,7,10,20.73581186631958
850020,1,7,10,20.72172357241762
850037,1,7,3,2.3976756770855765
850067,1,7,4,0.3586790108976326
850087,1,7,6,21.879544597867305
850098,1,7,9,13.322575649967488
850119,1,7,10,11.744363261969138
850132,1,7,5,0.3586789934097332
850135,1,7,3,1.6401418583748986
850136,1,7,5,0.3586789934097332
850162,1,7,3,2.41170707485033
850176,1,7,6,22.021563987580922
850182,1,7,8,12.211077876851746
850185,1,7,5,0.3586789934097332
850186,1,7,1,15.469354954236925
850202,1,7,9,10.335501367031878
850205,1,7,7,2.309018930845194
850213,1,7,9,16.59342101047795
850224,1,7,3,2.0891059206674805
850225,1,7,8,7.523325310288349
850229,1,7,4,0.3586790108976326
850235,1,7,1,22.95737661408054
850238,1,7,8,18.393736076779913
850242,1,7,9,25.424747698846105
850245,1,7,4,0.3586790108976326
850256,1,7,6,22.387770573465776
850266,1,7,10,18.924624173240634
850271,1,7,10,4.384249412662111
850298,1,7,9,25.77283925506129
850303,1,7,9,11.374589473017167
850307,1,7,9,24.94434937109149
850321,1,7,6,6.010048350122819
850327,1,7,5,0.3586789934097332
850334,1,7,6,17.05551115253644
850337,1,7,4,0.3586790108976326
850349,1,7,3,2.258584497805575
850388,1,7,8,24.282028965800823
850394,1,7,2,8.631036825871153
850408,1,7,9,26.079860169413767
850412,1,7,6,19.280350870786997
850418,1,7,6,7.767134100354411
850433,0,7,0,0.0515291172148623
850434,1,7,9,10.461785300637038
850438,1,7,1,8.525118564050128
850439,1,7,8,18.179478056866312
850440,0,7,0,0.03481934135785565
850446,1,7,4,0.3586790108976326
850447,1,7,8,24.604459734206415
850459,1,7,4,0.3586790108976326
850477,1,7,9,3.8465377181793245
850480,1,7,8,21.379844989318794
850511,1,7,7,0.7180006825136184
850520,1,7,10,15.390267453697058
850552,0,7,0,0.014579391783679108
850581,1,7,9,11.022431014776426
850583,1,7,9,19.07523432413801
850595,0,7,0,0.20587042430111716
850596,1,7,4,0.3586790108976326
850602,1,7,7,1.2210570506209897
850609,0,7,0,0.01593706329794515
850623,1,7,10,11.060719076352383
850648,1,7,3,2.414679552164805
850651,1,7,6,11.85074848265702
850660,1,7,3,2.373947531399718
850663,1,7,5,0.3586789934097332
850670,1,7,5,0.3586789934097332
850682,1,7,4,0.3586790108976326
850697,1,7,2,8.897266981654983
850702,1,7,4,0.3586790108976326
850711,1,7,4,0.358679009087165
850754,1,7,5,0.3586789949470627
850756,1,7,1,12.264540023716972
850767,1,7,4,0.3586790108976326
850787,1,7,6,23.778642179913472
850790,1,7,10,14.78800039251096
850791,1,7,2,10.232814808986285
850797,0,7,0,0.013695125443157255
850802,1,7,8,9.440673290546933
850805,1,7,9,24.386292778990892
850823,1,7,9,19.012224288338892
850824,1,7,10,14.515362421665635
850844,1,7,5,0.3586789934097332
850854,1,7,9,24.105382142196166
850870,1,7,6,19.17882465903703
850875,1,7,4,0.3586790108976326
850898,1,7,9,12.466260479652322
850907,1,7,8,12.009139763754664
850912,1,7,2,14.005462204009865
850918,1,7,8,28.53464283875653
850935,1,7,9,18.137236889897626
850947,1,7,4,0.3586790108976326
850954,1,7,5,0.3586789934097332
850963,1,7,8,6.502228294475387
850970,1,7,2,13.928240068627808
850973,1,7,3,1.7386598493120295
850993,1,7,9,14.266334189189072
851012,1,7,9,12.459634556282893
851019,1,7,6,19.9459056943089
851035,1,7,5,0.3586789934097332
851042,1,7,7,4.422549434084463
851083,1,7,5,0.3586789934097332
851095,1,7,6,23.64615077265794
851098,1,7,8,17.590793055809804
851100,0,7,0,0.014936591711308358
851135,1,7,6,21.09426826266251
851146,1,7,8,25.823711990591498
851152,1,7,8,18.9610816080615
851158,1,7,6,18.592071564547034
851161,1,7,9,14.987321907371188
851180,1,7,8,4.429951592170549
851194,1,7,7,4.492186704019469
851198,1,7,5,0.3586789934097332
851206,1,7,1,5.684989549868989
851214,1,7,10,6.958919784313119
851227,1,7,4,0.3586790108976326
851250,1,7,8,14.406222723879209
851264,1,7,6,14.725065105966667
851266,1,7,10,21.192884458056735
851267,1,7,1,16.131550104379034
851270,1,7,9,14.237493830785963
851276,1,7,4,0.3586790108976326
851280,1,7,6,18.824241856876295
851281,1,7,4,0.3586790108976326
851291,1,7,8,25.909789384269132
851294,0,7,0,0.018203960547811482
851299,0,7,0,0.026106486686437003
851317,1,7,8,15.622122058014783
851327,1,7,9,20.628011288663057
851335,1,7,5,0.3586789934097332
851336,1,7,8,12.496171426337579
851345,1,7,7,1.1891709242330992
851350,1,7,3,2.256449968798481
851352,1,7,6,22.586890046071385
851362,1,7,4,0.358679009087165
851371,1,7,9,3.872792831508239
851377,1,7,8,20.7833141229277
851381,1,7,8,17.086982905974995
851387,1,7,8,18.407998307146098
851393,1,7,5,0.3586789934097332
851400,1,7,8,8.860044484813432
851401,1,7,5,0.3586789934097332
851418,1,7,1,13.038604589939684
851423,1,7,4,0.3586790108976326
851425,1,7,4,0.3586790108976326
851426,1,7,6,13.215968942114277
851428,0,7,0,0.03126430376069818
851431,1,7,6,22.9317928393733
851434,1,7,9,3.6342359008246836
851441,1,7,7,2.020234206676032
851444,1,7,5,0.3586789934097332
851450,1,7,10,11.768010866051526
851454,1,7,10,14.508153875107574
851455,1,7,7,1.2473981648130035
851470,1,7,8,21.301899776841218
851484,1,7,9,9.745585954589767
851491,1,7,9,12.893271985424143
851505,1,7,9,22.391941284102487
851518,1,7,8,21.598513395284435
851520,1,7,10,6.046600748788194
851525,1,7,8,27.821058758844533
851526,0,7,0,0.017816089937131338
851532,1,7,9,23.69328454201229
851541,1,7,4,0.3586790108976326
851545,1,7,9,16.27497807739415
851555,1,7,9,26.237436979395806
851562,0,7,0,0.017216402990621375
851565,1,7,9,25.20714334515332
851575,1,7,1,16.564210499020348
851588,1,7,9,25.944358584343252
851591,1,7,8,26.332324110859957
851600,1,7,4,0.3586790108976326
851623,1,7,5,0.3586789934097332
851664,1,7,5,0.3586789934097332
851677,1,7,3,2.2846333082060117
851681,0,7,0,0.02880669376891369
851697,1,7,9,8.302288947292245
851699,1,7,8,12.611190809888692
851700,1,7,9,5.2143793891435735
851705,1,7,8,24.193042431234073
851734,1,7,8,2.4023547165162817
851744,1,7,9,16.399292707875098
851765,1,7,3,2.361377445309274
851775,1,7,1,15.517923751874951
851781,1,7,4,0.3586790108976326
851800,1,7,9,24.433446513956955
851815,1,7,6,22.92477274535278
851823,1,7,9,25.815734652373763
851834,1,7,6,13.726510878778702
851838,0,7,0,0.025260602705592123
851844,1,7,7,1.4992075284812942
851845,0,7,0,0.023338121965506643
851846,1,7,8,28.528436686219408
851849,1,7,6,11.790636510514794
851854,1,7,5,0.3586789934097332
851861,1,7,8,12.051844261019326
851862,1,7,1,8.881874766811578
851868,1,7,8,21.65461010949433
851879,1,7,7,4.593242438162268
851891,1,7,4,0.358679009087165
851899,1,7,5,0.3586789934097332
851906,1,7,1,10.848674068143582
851915,1,7,1,19.965275904546143
851929,1,7,4,0.3586790108976326
851931,1,7,9,23.308225746407903
851942,1,7,10,8.852274262025354
851943,1,7,9,11.34863935497389
851951,1,7,4,0.3586790108976326
851956,1,7,6,22.76458984039837
851961,1,7,9,15.267138218733455
851966,1,7,9,21.683570249722695
851976,1,7,1,14.541282414479909
851978,1,7,1,15.82859469374552
851992,1,7,10,8.89363278446557
852024,1,7,3,1.7519263041843711
852034,1,7,10,5.310189764215489
852039,1,7,10,12.77565005152286
852042,1,7,9,22.651502449045225
852046,1,7,4,0.3586790108976326
852056,1,7,6,23.989636279925282
852064,1,7,8,22.38750641881672
852088,1,7,8,18.56811902933483
852100,1,7,1,13.48079026347207
852104,1,7,5,0.3586789934097332
852111,1,7,5,0.3586789934097332
852119,1,7,7,1.3200655380745605
852142,1,7,6,17.477701667927715
852147,1,7,5,0.3586789934097332
852194,1,7,5,0.3586789934097332
852195,1,7,9,11.80060870656469
852203,1,7,9,26.135497813923255
852231,1,7,5,0.3586789949470627
852241,1,7,9,22.596557631506798
852248,1,7,8,27.50464542897613
852270,1,7,4,0.3586790108976326
852313,1,7,1,11.084012396494929
852319,1,7,5,0.3586789934097332
852320,1,7,9,25.5116045073599
852336,1,7,6,15.031085854958802
852341,1,7,9,26.33466419093107
852365,1,7,4,0.3586790108976326
852375,1,7,9,14.805476144228097
852381,1,7,5,0.3586789934097332
852428,1,7,5,0.3586789934097332
852439,1,7,10,19.682880340671755
852449,1,7,10,8.119655401918166
852457,1,7,1,16.657449787280367
852460,1,7,8,13.70933630876383
852494,0,7,0,0.014927621584502632
852496,1,7,7,3.8370658792623886
852499,1,7,5,0.3586789934097332
852505,1,7,7,2.9288843282047936
852507,1,7,8,14.278735586254731
852518,1,7,5,0.3586789934097332
852535,1,7,8,19.733361494142038
852537,1,7,9,14.160708593726508
852544,1,7,8,28.23800356204394
852558,1,7,1,18.275209173180773
852559,1,7,4,0.3586790108976326
852584,1,7,10,12.397038311056209
852585,1,7,9,18.36345995788458
852589,1,7,7,1.5430556427515973
852593,1,7,3,2.232337922280875
852597,1,7,5,0.3586789949470627
852606,1,7,6,7.328957096964538
852614,1,7,5,0.3586789934097332
852621,1,7,5,0.3586789934097332
852630,1,7,6,5.390990485414465
852646,0,7,0,0.01833507949695575
852647,1,7,8,19.8519132636605
852655,0,7,0,0.02699398414023034
852666,1,7,9,2.5395654391018314
852678,1,7,1,13.64478768022384
852684,1,7,5,0.3586789934097332
852691,1,7,9,14.262929194551717
852694,1,7,5,0.3586789934097332
852697,1,7,9,24.3098765575282
852708,1,7,1,8.740144580060747
852711,1,7,1,9.094343225222783
852724,1,7,8,5.692238484751693
852726,1,7,9,12.027801286079372
852750,1,7,6,20.75023191773597
852754,1,7,9,23.338185388334825
852764,1,7,9,4.418329971081908
852766,1,7,9,23.7832215206466
852804,1,7,8,21.359373856741225
852806,1,7,2,13.459802310945081
852807,1,7,8,16.347636154830965
852822,1,7,6,18.02087654932682
852823,1,7,5,0.3586789934097332
852838,1,7,8,26.257206015028537
852867,1,7,4,0.3586790108976326
852877,1,7,5,0.3586789934097332
852886,1,7,9,19.61440025488277
852894,1,7,5,0.3586789949470627
852898,1,7,5,0.3586789949470627
852908,1,7,9,25.795736701699976
852911,1,7,4,0.3586790108976326
852918,1,7,8,16.5747018594542
852923,1,7,8,22.23354567500962
852926,1,7,7,1.0181520176710097
852929,1,7,9,26.37042731897397
852941,1,7,5,0.3586789934097332
852973,1,7,5,0.3586789934097332
852991,1,7,1,15.607452625079342
852998,1,7,4,0.3586790108976326
853003,1,7,8,2.4549769554592427
853037,1,7,2,6.321880288445177
853044,1,7,5,0.3586789934097332
853069,1,7,5,0.3586789934097332
853113,1,7,6,13.071482723525062
853117,1,7,8,17.415944979782445
853124,1,7,9,19.127290957192496
853130,1,7,10,20.05489541416163
853140,1,7,3,2.4025617755644664
853145,1,7,9,17.358944717182666
853156,1,7,4,0.3586790108976326
853185,1,7,1,17.65264634063412
853205,1,7,4,0.3586790108976326
853219,1,7,6,18.886831263528972
853221,1,7,9,16.398190985699557
853229,1,7,8,19.817833415476485
853241,1,7,10,4.165135686446787
853249,1,7,4,0.3586790108976326
853251,1,7,9,16.10183697257692
853260,1,7,6,21.3463355123541
853273,1,7,8,11.393634888633843
853281,1,7,4,0.358679009087165
853308,1,7,8,14.472472099811906
853311,0,7,0,0.014344660483775758
853314,1,7,5,0.3586789934097332
853317,1,7,8,21.666857346017572
853368,1,7,6,18.126239942628544
853393,1,7,9,21.84993611106649
853400,1,7,7,4.3761227592046055
853410,1,7,8,5.258811491953551
853427,1,7,9,24.20898478822372
853430,0,7,0,0.0236492725070581
853467,1,7,10,10.839524367814738
853470,1,7,6,12.695326453925402
853508,1,7,6,8.440892868618947
853513,1,7,6,10.137774403608383
853516,1,7,7,3.344561499959502
853517,0,7,0,0.017047569666282212
853518,1,7,5,0.3586789934097332
853521,1,7,9,5.0155331560285585
853523,1,7,4,0.3586790108976326
853528,1,7,6,14.224440225329417
853530,1,7,1,15.359376956625276
853548,1,7,4,0.3586790108976326
853554,1,7,10,18.228335926607034
853557,1,7,10,10.624311289511953
853593,0,7,0,0.027822807584933267
853605,1,7,8,27.82830599967223
853636,1,7,8,13.117875217524437
853638,1,7,6,10.201593926962046
853643,1,7,4,0.3586790108976326
853652,1,7,3,2.278108777603758
853655,1,7,6,22.770515131626514
853666,1,7,8,11.72490787715381
853700,1,7,6,5.336425774852277
853710,1,7,10,8.5336198784176
853784,1,7,1,11.4959342530852
853786,1,7,9,25.579903137664783
853789,0,7,0,0.01734439030747467
853795,1,7,9,26.273076944726267
853823,1,7,10,10.70982335037851
853837,0,7,0,0.015594959895879824
853855,1,7,4,0.3586790108976326
853861,1,7,10,15.903251381055389
853862,1,7,10,14.88810860283008
853868,1,7,4,0.3586790108976326
853886,1,7,2,11.390214718485236
853896,1,7,7,1.6782766136612435
853898,1,7,10,21.12867076991265
853904,1,7,6,15.312686586964743
853920,1,7,4,0.3586790108976326
853938,1,7,4,0.3586790108976326
853940,1,7,9,12.262705296410012
853943,0,7,0,0.021201659119615957
853945,1,7,1,13.165855928732766
853948,1,7,9,10.272792817225344
853965,1,7,3,2.38592329843872
853972,1,7,6,10.744861004498373
854008,1,7,8,8.813442584459493
854016,1,7,5,0.3586789934097332
854019,1,7,9,11.013634387869319
854027,1,7,8,16.14459165965177
854061,1,7,2,6.241774028246966
854065,1,7,4,0.3586790108976326
854073,1,7,5,0.3586789949470627
854074,1,7,9,21.501427911824617
854085,1,7,5,0.3586789934097332
854113,1,7,1,21.927478991767444
854118,1,7,7,0.8487591902318328
854129,1,7,6,17.500369277422827
854146,1,7,8,27.84461072746775
854166,1,7,6,14.798804014522561
854170,1,7,3,2.3909302111382393
854175,1,7,9,17.794706042650628
854182,1,7,6,20.059802259492105
854201,1,7,5,0.3586789934097332
854209,1,7,9,22.171710289531333
854215,1,7,4,0.3586790108976326
854222,1,7,8,16.038443425435627
854228,1,7,8,25.818454434955367
854250,1,7,9,25.955640265502357
854257,1,7,7,1.846642762907197
854264,1,7,7,2.163986790196427
854277,1,7,9,3.176983372321017
854303,1,7,9,11.278037815593839
854334,1,7,2,5.086292525779848
854335,1,7,5,0.3586789934097332
854349,1,7,6,8.87098103527125
854362,1,7,9,19.746206542049368
854365,0,7,0,0.021946620761065308
854372,1,7,6,7.558479667525544
854391,1,7,1,17.909089080562033
854394,0,7,0,0.027552968889874463
854408,1,7,8,13.234259802994268
854422,1,7,8,23.937522997466385
854424,0,7,0,0.017727045223441075
854431,1,7,1,22.506432161149558
854433,1,7,8,22.86195626780208
854446,1,7,7,2.126783798335012
854466,0,7,0,0.02598975310589519
854493,1,7,6,19.29687108839822
854496,1,7,10,8.872220414563222
854531,1,7,5,0.3586789934097332
854552,0,7,0,0.015494111146824335
854567,1,7,6,9.803661337711903
854578,1,7,9,22.924783752736897
854601,1,7,7,2.053856941560992
854608,1,7,8,25.125482292961962
854634,1,7,6,15.75748592015773
854649,1,7,10,7.775729735840193
854661,1,7,10,16.83079570943698
854682,1,7,9,14.860055087817846
854691,1,7,8,25.65768210290806
854696,1,7,2,12.663720529033252
854709,1,7,6,9.06389639527704
854718,1,7,9,14.483562305415685
854752,1,7,10,14.52688279693452
854756,1,7,6,24.007322570007883
854759,1,7,1,15.004443899978156
854773,1,7,2,12.835643317312535
854787,1,7,6,20.4363391675257
854792,1,7,5,0.3586789934097332
854813,1,7,3,1.6219518442158072
854826,1,7,9,14.549737578051184
854831,1,7,4,0.3586790108976326
854832,1,7,9,23.610914738040265
854839,1,7,8,15.16919674270996
854843,1,7,7,3.787003820349162
854846,1,7,4,0.358679009087165
854858,1,7,10,6.067046249577275
854861,0,7,0,0.02968469412404142
854884,1,7,9,23.064512461815266
854886,1,7,6,23.349786640559255
854887,1,7,1,18.117644690521658
854899,1,7,10,12.350266882887398
854920,1,7,7,3.1687908690635003
854928,1,7,5,0.3586789934097332
854931,1,7,7,3.6538588185883984
854951,1,7,1,12.85850624771579
854953,1,7,5,0.3586789934097332
854957,1,7,9,24.098000778012583
854975,1,7,5,0.3586789934097332
854992,1,7,6,18.330122984510652
854996,1,7,10,9.336419282975926
855003,1,7,9,25.967496057766205
855011,1,7,5,0.3586789934097332
855016,1,7,7,3.3423739308082583
855018,1,7,8,13.005765981666022
855033,1,7,6,23.010814536574564
855041,1,7,10,11.69919487027005
855045,1,7,9,14.068585351904426
855047,1,7,10,11.810050999088487
855050,1,7,6,20.070524148765156
855081,1,7,4,0.3586790108976326
855090,1,7,9,11.485117799166577
855106,1,7,2,1.9263804055403217
855107,1,7,9,16.333411385863112
855131,1,7,9,12.19835282757384
855132,1,7,9,24.08182699575966
855142,1,7,5,0.3586789934097332
855154,1,7,8,22.629507047606378
855160,1,7,5,0.3586789949470627
855172,1,7,8,14.411912347213645
855173,1,7,8,18.920137239293602
855180,1,7,8,24.021432298415537
855187,1,7,4,0.3586790108976326
855190,0,7,0,0.0200229380593634
855208,1,7,10,4.960578963998669
855217,1,7,10,18.155392291746153
855220,1,7,4,0.3586790108976326
855224,1,7,6,20.10330904341487
855233,1,7,10,2.9520844883372472
855265,1,7,9,18.678120567271883
855270,1,7,9,13.392436808961673
855274,1,7,2,10.801373073049868
855277,1,7,9,20.665691947982705
855284,1,7,6,5.551341762134323
855288,1,7,1,12.794459355614853
855291,1,7,9,4.485794539497781
855293,1,7,4,0.3586790108976326
855309,1,7,9,19.701536757516088
855331,1,7,10,7.322667066342825
855337,1,7,6,11.112921712183812
855340,1,7,10,11.410908713381394
855350,1,7,6,11.692830248794648
855353,1,7,6,18.54333159246391
855374,1,7,9,21.108046672027626
855379,1,7,2,13.764293400989343
855384,1,7,6,10.947838768898729
855386,1,7,5,0.3586789934097332
855407,1,7,6,11.573000071699322
855423,1,7,8,23.717392441780774
855438,1,7,5,0.3586789949470627
855446,1,7,8,6.761341788554093
855449,1,7,6,18.835547991646866
855458,1,7,10,20.175028861912747
855461,1,7,4,0.3586790108976326
855466,1,7,10,14.162280878431714
855473,0,7,0,0.025977969696899764
855478,1,7,3,1.3491242668441594
855488,1,7,9,26.231166823002212
855500,1,7,6,18.99233987592267
855505,1,7,4,0.3586790108976326
855509,0,7,0,0.014238382443033305
855527,1,7,1,20.88915758411253
855534,1,7,4,0.3586790108976326
855546,0,7,0,0.015741538670282884
855563,1,7,5,0.3586789934097332
855564,1,7,10,20.802103972247583
855569,1,7,9,15.342730676743834
855573,1,7,8,15.336580536145684
855585,1,7,9,10.88603167140721
855622,1,7,9,15.677804035478689
855647,1,7,9,16.73941270392648
855649,1,7,7,3.5427154875581084
855672,1,7,8,20.786512609109618
855673,1,7,4,0.3586790108976326
855674,1,7,10,9.90111164917116
855679,1,7,8,27.696598435798048
855699,1,7,9,21.403196044351255
855703,1,7,9,12.76703090234477
855705,1,7,2,6.118882840115484
855711,1,7,8,15.15277783987566
855715,1,7,1,6.906849156719608
855731,1,7,8,4.512614893477241
855733,1,7,9,16.26855687781451
855737,1,7,5,0.3586789934097332
855738,1,7,6,23.022588409315894
855785,1,7,8,26.186951793456508
855810,1,7,8,28.001566763472486
855817,1,7,8,24.586429291408624
855819,1,7,6,11.12702171504772
855828,1,7,8,5.635183373535095
855834,1,7,4,0.3586790108976326
855841,1,7,9,12.345296868590772
855845,1,7,6,11.035631108809552
855854,1,7,7,1.6877952360061828
855864,1,7,9,3.85660802673677
855871,1,7,7,2.5972969096175547
855883,1,7,10,9.647896839064158
855895,1,7,5,0.3586789934097332
855922,1,7,9,20.189081813918566
855937,1,7,4,0.3586790108976326
855959,1,7,9,25.74287492392538
855973,1,7,8,19.65644041714037
855989,1,7,9,21.93539441862102
855991,0,7,0,0.015624461954716392
856001,1,7,6,14.919380048413164
856005,1,7,1,13.122414907407947
856024,1,7,10,8.16007272661735
856033,1,7,8,9.529948206381574
856045,1,7,5,0.3586789934097332
856047,1,7,10,18.015192139267615
856048,1,7,5,0.3586789934097332
856058,1,7,9,25.59221145580361
856077,1,7,8,10.731657818956892
856085,1,7,5,0.3586789949470627
856091,1,7,5,0.3586789949470627
856095,1,7,8,7.334603879444788
856112,1,7,5,0.3586789934097332
856147,1,7,5,0.3586789934097332
856159,1,7,9,13.199254829842548
856168,1,7,1,14.881048179215902
856173,0,7,0,0.018987695998241325
856180,1,7,5,0.3586789934097332
856186,1,7,9,10.808768279641667
856188,1,7,8,10.806336412924537
856204,1,7,8,15.552933081025662
856227,1,7,6,9.326494471869708
856240,1,7,6,21.921409155063053
856258,1,7,6,14.667332680763844
856263,1,7,4,0.3586790108976326
856268,1,7,9,14.920795979212086
856278,1,7,9,24.42643683582438
856309,1,7,1,7.749537937488015
856330,1,7,9,11.892570422821864
856340,1,7,5,0.3586789934097332
856343,1,7,5,0.3586789934097332
856362,1,7,10,18.225223462814956
856367,0,7,0,0.011955851625276964
856380,1,7,9,25.089614461605585
856381,1,7,7,4.154473128499158
856389,1,7,6,9.574565577332368
856396,1,7,4,0.3586790108976326
856407,1,7,8,11.860426225334432
856411,1,7,1,15.136403890127426
856418,1,7,1,19.813251862281206
856449,0,7,0,0.016658561361089834
856459,1,7,1,17.812180104387558
856460,1,7,10,4.1195720988349676
856466,1,7,1,10.948386151090059
856490,1,7,6,20.16088117832055
856491,1,7,10,9.512035750232089
856500,1,7,7,3.269684225610078
856505,1,7,5,0.3586789934097332
856513,0,7,0,0.013442990367720776
856535,1,7,1,13.846988933401166
856540,1,7,9,6.374225402268471
856552,1,7,7,2.4883876127882325
856563,1,7,5,0.3586789934097332
856581,1,7,9,16.830197470327708
856582,1,7,5,0.3586789934097332
856592,1,7,1,14.48382525845634
856596,1,7,8,23.62321375744749
856602,1,7,4,0.3586790108976326
856604,1,7,10,20.87134048578379
856611,1,7,9,24.200147447409865
856626,1,7,10,4.750664124528378
856630,1,7,9,23.8016152819648
856632,1,7,8,13.31730398147008
856633,1,7,7,1.005208422560846
856654,1,7,9,26.22570418715766
856676,1,7,9,25.839728684996196
856690,1,7,5,0.3586789934097332
856691,1,7,4,0.3586790108976326
856698,1,7,6,23.959919427728316
856729,1,7,4,0.3586790108976326
856739,1,7,4,0.3586790108976326
856742,1,7,5,0.3586789934097332
856747,1,7,2,4.147434221333809
856763,1,7,8,20.75313572324449
856770,1,7,10,10.15123768644457
856786,1,7,2,5.085923364586964
856793,1,7,8,16.75239257127323
856806,1,7,4,0.3586790108976326
856814,1,7,9,26.40035867164068
856817,1,7,5,0.3586789934097332
856822,0,7,0,0.016628142755909334
856831,1,7,8,21.74656343413585
856837,1,7,1,12.003013182409815
856838,1,7,5,0.3586789934097332
856840,1,7,6,19.977789942268203
856841,1,7,1,18.38536983434861
856851,1,7,4,0.3586790108976326
856857,1,7,10,7.30430634018088
856867,1,7,9,23.771248567025868
856869,1,7,6,22.205755802254245
856876,1,7,9,8.983170948755737
856881,1,7,5,0.3586789934097332
856899,1,7,8,26.709700993619546
856904,1,7,6,11.771989993088479
856913,0,7,0,0.20101552758853913
856919,1,7,9,12.221430708852123
856923,1,7,1,6.018367289629632
856942,1,7,6,22.746756552132947
856949,1,7,1,16.38440132737398
856959,1,7,9,16.726089835652104
856971,1,7,10,10.966606309974802
857003,1,7,9,18.496461908911115
857005,1,7,6,18.946435526702587
857009,1,7,9,5.666240541437851
857015,1,7,2,4.146505152803621
857024,1,7,10,13.259714141517506
857038,1,7,5,0.3586789949470627
857046,1,7,9,16.646288852414212
857060,1,7,5,0.3586789934097332
857065,1,7,6,23.495229038473227
857066,1,7,9,15.246277374035326
857077,1,7,1,20.82353875186511
857080,1,7,6,22.977011367290377
857120,1,7,4,0.3586790108976326
857126,0,7,0,0.014298768835257717
857128,1,7,8,26.509156205312884
857142,1,7,9,17.511655879416736
857147,1,7,5,0.3586789934097332
857159,1,7,8,15.90634961132094
857165,1,7,9,23.28149924512469
857179,1,7,9,25.466602466176692
857190,1,7,5,0.3586789934097332
857191,1,7,1,15.304949950311617
857196,1,7,10,11.203119802225617
857203,1,7,8,18.975126456074214
857207,1,7,6,17.83629235620795
857210,1,7,9,18.977486249200318
857216,1,7,8,25.398165809607583
857230,1,7,2,10.118034323623748
857238,0,7,0,0.01713999971237449
857246,1,7,10,5.108179738367724
857258,1,7,1,22.30564936790842
857264,1,7,5,0.3586789934097332
857266,1,7,6,23.359519389291712
857272,1,7,4,0.3586790108976326
857273,1,7,6,23.200110409042864
857278,1,7,8,7.96028761128699
857279,1,7,7,1.4744760840804814
857289,1,7,8,8.66740763228114
857290,1,7,6,18.021994512997317
857313,1,7,9,24.410035246857625
857325,1,7,9,26.448262935223852
857352,1,7,6,5.664360907402045
857372,1,7,8,23.660969352670474
857398,1,7,4,0.3586790108976326
857399,1,7,10,9.391701298056018
857401,1,7,7,3.9361495598570637
857406,1,7,8,13.2618867488524
857410,1,7,1,8.971155861863483
857425,1,7,5,0.3586789934097332
857438,1,7,8,26.704555249971673
857442,1,7,10,11.670921998908852
857447,1,7,8,19.66338729389739
857449,1,7,5,0.3586789934097332
857470,1,7,8,11.20310424032097
857521,0,7,0,0.031518253920011396
857534,1,7,3,2.476161463737558
857539,1,7,8,26.437463461007816
857542,1,7,9,14.737109783451766
857559,1,7,9,23.515496146442388
857574,1,7,10,10.059973771444907
857581,1,7,1,5.329177951526056
857583,1,7,5,0.3586789934097332
857589,1,7,9,22.372151209816664
857603,1,7,8,12.215638381890086
857609,1,7,8,11.908652110601956
857639,1,7,2,12.846335802731263
857641,1,7,5,0.3586789934097332
857651,1,7,5,0.3586789934097332
857671,1,7,4,0.358679009087165
857677,1,7,4,0.358679009087165
857679,1,7,3,1.2407674511443176
857698,1,7,6,13.281179574290654
857714,1,7,5,0.3586789934097332
857715,1,7,9,25.025482501973855
857724,1,7,6,7.477750642556527
857729,1,7,5,0.3586789934097332
857741,1,7,9,24.518849373931783
857742,1,7,9,24.058244993567637
857769,1,7,6,15.019678574697359
857789,1,7,10,19.670936797627586
857807,1,7,8,17.00095622938896
857810,1,7,10,9.654803181378332
857828,1,7,9,12.66371628300874
857831,1,7,6,7.831899489523283
857836,1,7,9,10.088255783633214
857841,1,7,7,4.391578598210165
857851,1,7,6,23.16505110185103
857871,1,7,8,27.286392123698395
857875,1,7,7,1.566645349454128
857879,1,7,1,14.228263849295463
857880,1,7,8,12.325066021023101
857925,1,7,2,1.2772600187839638
857928,1,7,4,0.3586790108976326
857958,1,7,4,0.3586790108976326
857961,1,7,6,9.71556325922189
857985,0,7,0,0.09332357249086644
857990,1,7,1,12.214302124630889
857998,1,7,5,0.3586789934097332
858014,1,7,8,9.41497395285195
858021,1,7,5,0.3586789934097332
858039,1,7,9,21.08061451470183
858043,1,7,6,23.84002220602866
858061,1,7,5,0.3586789934097332
858062,1,7,5,0.3586789934097332
858071,1,7,6,6.168812604717665
858080,1,7,1,9.133221827124054
858081,1,7,8,18.202781905469433
858084,1,7,4,0.3586790108976326
858100,1,7,6,11.767621404815827
858101,1,7,5,0.3586789934097332
858102,1,7,9,14.26491345855492
858126,1,7,8,27.76742781561913
858154,1,7,10,12.01858922438097
858157,1,7,8,24.701734014890615
858175,1,7,10,19.704336096541198
858177,1,7,2,12.688848181147915
858179,1,7,5,0.3586789934097332
858181,1,7,4,0.3586790108976326
858182,1,7,8,23.35478295874586
858184,1,7,9,14.88561594015312
858187,1,7,9,18.99795131180821
858191,1,7,10,4.952980635026931
858201,1,7,5,0.3586789934097332
858220,1,7,10,20.464215363240896
858223,1,7,2,6.682602260053244
858227,1,7,5,0.3586789934097332
858228,0,7,0,0.02076275422502232
858233,1,7,6,13.344632411219296
858258,1,7,1,17.38501392645864
858263,1,7,5,0.3586789934097332
858270,1,7,1,6.63754866067591
858273,0,7,0,0.013972064966129218
858274,1,7,8,17.11470683513076
858275,1,7,6,17.631120620010012
858277,1,7,5,0.3586789934097332
858280,1,7,10,3.7939119291628294
858282,1,7,6,23.37832570067892
858302,1,7,10,10.540170079369387
858321,1,7,4,0.3586790108976326
858322,1,7,5,0.3586789934097332
858324,1,7,6,13.154905453793853
858338,1,7,9,8.929131016591063
858344,1,7,7,4.3038046531543355
858345,1,7,1,17.135150430404895
858363,1,7,6,7.7569318527896405
858372,1,7,9,16.326724290147926
858388,1,7,3,2.411574123205403
858404,1,7,5,0.3586789934097332
858427,1,7,4,0.3586790108976326
858431,1,7,10,21.291154614560316
858433,1,7,5,0.3586789934097332
858439,1,7,7,3.3145106063734384
858455,1,7,4,0.3586790108976326
858459,1,7,8,17.431710315818663
858478,1,7,3,2.3547119840607493
858490,1,7,9,9.274528325836114
858518,1,7,4,0.3586790108976326
858525,1,7,7,3.9959788208119917
858529,1,7,8,26.540929895567658
858530,1,7,10,8.079535851515663
858547,1,7,9,11.729910181040854
858589,1,7,10,16.581411583847817
858599,1,7,5,0.3586789934097332
858608,0,7,0,0.01206295758781009
858619,1,7,4,0.358679009087165
858625,1,7,7,1.0529480837027032
858650,1,7,8,23.975450298939613
858654,1,7,4,0.3586790108976326
858675,1,7,9,26.432845727954927
858682,0,7,0,0.027242637239260462
858684,1,7,10,4.495223623611194
858696,1,7,10,7.433841651304351
858744,1,7,6,16.676471105079735
858750,1,7,4,0.3586790108976326
858755,1,7,5,0.3586789934097332
858758,1,7,1,20.61169554238376
858793,1,7,5,0.3586789934097332
858825,1,7,8,20.270818408028596
858828,1,7,8,13.269082693764611
858837,1,7,5,0.3586789934097332
858838,0,7,0,0.024082959076334082
858859,1,7,9,23.059407543448536
858862,1,7,10,4.141208895792382
858903,1,7,4,0.3586790108976326
858921,1,7,9,15.248573143967608
858936,1,7,1,21.91971162836668
858937,1,7,7,1.2902095977033785
858939,1,7,7,4.311095359976115
858941,1,7,8,7.769006403671693
858946,1,7,1,6.445268523775153
858960,1,7,5,0.3586789934097332
858968,1,7,5,0.3586789934097332
858973,1,7,4,0.3586790108976326
858978,1,7,10,17.910312751182442
858985,1,7,4,0.3586790108976326
858992,1,7,6,9.152727225479584
858999,1,7,6,3.7298175424250983
859024,1,7,9,21.860846818128792
859037,1,7,9,19.41395017531938
859049,1,7,5,0.3586789934097332
859052,1,7,1,7.231536238300582
859083,1,7,5,0.3586789934097332
859093,1,7,3,0.7588563713949612
859099,1,7,7,3.735766174112516
859107,1,7,7,3.2971337094951
859110,1,7,4,0.3586790108976326
859115,1,7,10,5.252643745251131
859119,1,7,9,25.68437497764451
859120,1,7,10,19.963863057735534
859135,1,7,9,14.784575970306545
859136,1,7,5,0.3586789934097332
859138,1,7,9,20.214399636341696
859140,1,7,5,0.3586789934097332
859147,1,7,9,21.22018273360979
859149,1,7,9,10.904476996146629
859150,1,7,10,5.586883372062468
859178,1,7,1,3.7037443611095493
859207,1,7,4,0.3586790108976326
859215,1,7,6,13.705212718299894
859219,1,7,8,11.954189969073635
859230,1,7,1,14.106546728477868
859238,1,7,9,23.492395437709504
859246,1,7,6,11.51737634768792
859252,1,7,2,6.545836163177854
859254,1,7,6,15.069479763973687
859256,1,7,10,21.11963319183951
859272,1,7,5,0.3586789934097332
859275,1,7,9,6.0591151152488845
859287,1,7,6,21.31253917257071
859290,1,7,3,2.3097462285641592
859295,1,7,9,22.27983449003291
859302,1,7,10,9.386787188099765
859315,1,7,9,23.436210956857547
859318,1,7,1,15.905778164224284
859320,1,7,8,13.204845746201206
859328,1,7,4,0.3586790108976326
859329,1,7,8,24.031291557136182
859333,1,7,6,17.229915796769564
859348,1,7,4,0.3586790108976326
859354,1,7,8,3.1695971455734466
859361,1,7,9,16.62774793946856
859368,1,7,8,9.729266932936483
859386,1,7,8,12.422800487953412
859393,1,7,4,0.3586790108976326
859394,1,7,9,16.81232365498443
859397,1,7,9,26.049655061992244
859398,1,7,8,14.621945984960083
859401,1,7,7,1.29608607129145
859407,1,7,9,17.12009175552871
859409,1,7,5,0.3586789934097332
859413,0,7,0,0.01771755169209517
859415,1,7,1,5.864629620043564
859418,1,7,10,18.848644849199047
859419,1,7,4,0.3586790108976326
859425,1,7,4,0.3586790108976326
859435,1,7,7,2.610740642955832
859436,1,7,8,3.1474572077561023
859444,1,7,9,14.22229699151164
859447,1,7,9,9.158460593990137
859458,1,7,2,1.4501300795551066
859469,1,7,9,25.817221268245433
859481,1,7,6,12.307418195841747
859510,1,7,5,0.3586789934097332
859528,1,7,10,5.641445251729009
859543,1,7,1,16.938725070910355
859552,1,7,7,3.5298790514120477
859573,1,7,6,6.354335769271871
859576,1,7,5,0.3586789934097332
859607,1,7,7,3.8084776390115063
859611,1,7,4,0.3586790108976326
859616,1,7,6,18.444077677472496
859639,1,7,7,3.796162094831442
859655,1,7,9,3.2644769984669417
859669,1,7,6,20.417739865929597
859678,1,7,6,21.51155175531616
859703,1,7,9,17.315728840438045
859722,1,7,9,12.674587331352901
859730,1,7,9,26.025883827590217
859732,1,7,10,9.161037792015676
859738,1,7,9,24.147892634918524
859739,1,7,1,9.184385675322257
859746,1,7,5,0.3586789934097332
859752,1,7,6,11.857500425772505
859754,1,7,9,14.962189645007523
859756,1,7,9,9.810209659941124
859767,1,7,9,25.983706639569778
859769,1,7,9,9.278757945209412
859771,1,7,4,0.3586790108976326
859772,1,7,5,0.3586789934097332
859773,0,7,0,0.03325618936887074
859776,1,7,9,24.44942275212165
859777,1,7,3,1.720764864873125
859779,1,7,10,12.7672739791691
859790,1,7,10,19.976060948030927
859796,1,7,10,10.993152179300205
859800,1,7,1,12.811616480211775
859801,1,7,6,8.637838334141053
859811,0,7,0,0.02905003275693599
859815,1,7,5,0.3586789934097332
859818,1,7,4,0.3586790108976326
859831,1,7,9,26.42821008052988
859844,1,7,4,0.3586790108976326
859858,1,7,10,18.741243608232814
859860,1,7,10,17.279458926331863
859874,0,7,0,0.013819596290875648
859882,0,7,0,0.010324516270592289
859901,1,7,1,21.899037378456462
859905,0,7,0,0.019971590969682543
859916,1,7,9,26.158685353518628
859922,1,7,3,2.3678828749627785
859925,1,7,9,19.47308274593368
859940,1,7,5,0.3586789934097332
859946,1,7,8,15.035377483225748
859950,1,7,10,14.945145567175507
859969,1,7,8,14.14780703971099
859974,1,7,9,26.068987686889677
859976,0,7,0,0.013137374135945627
859981,1,7,9,16.281348649519405
859988,1,7,10,12.318929591051711
859991,1,7,5,0.3586789934097332
860001,1,7,10,12.406727523977866
860002,1,7,10,4.853985193241703
860008,1,7,2,3.8420292161754537
860022,1,7,8,21.89887906225039
860058,1,7,8,3.1059985707899487
860091,1,7,8,14.237355509050131
860097,1,7,7,0.980307369823051
860099,1,7,8,22.528441453118745
860104,1,7,10,21.173672249345675
860136,1,7,9,23.263302831981427
860139,1,7,9,14.643435134744339
860142,1,7,10,13.952632433055602
860153,1,7,8,28.357590218466296
860161,1,7,5,0.3586789934097332
860210,1,7,2,2.1475314510278207
860212,1,7,9,9.711380187449627
860215,1,7,4,0.3586790108976326
860222,1,7,4,0.3586790108976326
860238,1,7,9,19.588453900516424
860248,1,7,1,12.391579917324101
860250,1,7,9,8.545959524322106
860253,1,7,2,9.958264686641433
860261,1,7,10,19.14315760870884
860268,1,7,9,10.261128147119832
860269,1,7,2,11.99249582952916
860302,1,7,10,8.264082140384852
860309,1,7,8,22.56960376771464
860330,1,7,6,5.644276804955038
860338,1,7,8,15.355819131883333
860342,1,7,4,0.3586790108976326
860380,0,7,0,0.025206612978186715
860382,1,7,5,0.3586789934097332
860389,1,7,8,21.503127895056757
860416,1,7,3,2.32410065726502
860450,1,7,8,9.022332215867143
860457,1,7,6,21.01880452028967
860464,1,7,5,0.3586789949470627
860473,0,7,0,0.019076366367166697
860496,1,7,1,17.49951727307113
860520,0,7,0,0.016405485085391833
860527,0,7,0,0.020456162841444026
860531,1,7,8,8.46685589629202
860534,1,7,1,21.432179238112454
860536,1,7,9,12.50246055379973
860545,1,7,9,3.837945007893318
860555,1,7,5,0.3586789934097332
860557,1,7,10,19.965305280948318
860572,1,7,8,15.596768219798545
860582,1,7,1,17.501363600732002
860583,1,7,3,0.6151966918795189
860587,1,7,5,0.3586789934097332
860597,1,7,9,22.823151879630622
860600,1,7,5,0.3586789934097332
860602,1,7,4,0.3586790108976326
860622,1,7,9,8.174988704347944
860625,1,7,8,8.493946354647372
860631,1,7,9,17.108644041268278
860636,1,7,6,22.93143372072046
860639,1,7,9,13.377454758381356
860654,1,7,9,10.742010537705399
860665,1,7,10,19.53220742594377
860679,1,7,9,24.126252304468554
860692,1,7,8,5.833225305796429
860695,1,7,4,0.3586790108976326
860697,1,7,5,0.3586789934097332
860705,1,7,9,14.600786824622626
860731,1,7,6,14.07714463847304
860738,1,7,6,18.85524371260292
860760,1,7,5,0.3586789949470627
860768,1,7,1,10.517242098751453
860773,1,7,3,1.5431475095448826
860776,1,7,9,22.22490715430332
860795,1,7,10,14.502093501221447
860817,1,7,6,14.468656940751304
860826,1,7,9,22.115276280174324
860841,1,7,8,12.872029454860757
860846,1,7,1,10.889850969693809
860858,1,7,3,2.0034905326703307
860865,1,7,4,0.3586790108976326
860875,1,7,8,6.558077302999359
860883,1,7,10,12.18881302571983
860885,1,7,1,6.81143255940603
860897,1,7,8,25.562811517716824
860907,1,7,9,5.471368038651715
860935,1,7,5,0.3586789934097332
860938,1,7,6,22.8362878238283
860940,1,7,10,21.27737513013278
860945,1,7,4,0.3586790108976326
860950,1,7,5,0.3586789960869295
860964,1,7,8,14.50332654759215
861007,1,7,1,17.952903150907062
