Indice,Maligno,Dispositivo,TipologiaAttacco,RMSE:
2,1,1,9,521.4856188940342
5,1,1,1,230.72731818120698
14,1,1,9,286.6874690929311
15,1,1,4,0.42645458358136
29,1,1,6,540.8068511023731
33,1,1,6,782.400341307301
40,1,1,4,0.42645458358136
51,1,1,2,278.03031781408566
66,0,1,0,0.10371342995793115
80,1,1,2,389.50595923309135
86,1,1,4,0.42645458358136
90,1,1,8,724.8491830187796
114,1,1,9,33.90367317438621
118,1,1,9,557.7665451573257
123,1,1,7,99.61053465490743
128,1,1,4,0.42645458358136
138,1,1,4,0.42645458358136
141,1,1,4,0.42645458358136
145,1,1,1,652.7389988096733
148,1,1,8,357.73023124928494
157,1,1,5,0.42645457969393247
159,1,1,1,560.4341159247848
173,1,1,6,370.6208240953652
191,1,1,4,0.42645458358136
215,1,1,8,169.4102366471709
237,1,1,9,795.3521033446048
257,1,1,3,89.30247052249123
267,1,1,10,456.00709475459627
268,1,1,5,0.42645457969393247
271,1,1,10,720.1491036195331
289,1,1,4,0.4264545919581291
342,1,1,9,754.4318205533168
359,1,1,10,435.69549917503946
369,1,1,8,402.3249762017099
389,1,1,2,330.05355845442506
416,1,1,5,0.42645457969393247
443,1,1,3,72.27981972735081
447,1,1,6,545.9540489815759
452,1,1,4,0.42645458358136
472,1,1,9,836.8575551688199
484,1,1,4,0.42645458358136
487,1,1,9,812.8920308606926
498,1,1,5,0.42645457969393247
507,1,1,5,0.42645457969393247
514,1,1,4,0.42645458358136
517,1,1,8,749.9488235075873
524,1,1,9,152.98040457697607
532,1,1,4,0.42645458358136
554,1,1,4,0.42645458358136
558,1,1,4,0.42645458358136
564,1,1,8,332.98022550497234
567,1,1,9,494.2733330783718
569,1,1,3,86.05225902680513
571,1,1,6,487.4198167238121
573,1,1,6,747.2350237909723
596,1,1,4,0.42645458358136
625,1,1,9,860.8914772775472
628,1,1,9,323.4296366901527
644,1,1,9,632.2290289038739
657,1,1,4,0.42645458358136
658,1,1,5,0.42645457969393247
659,1,1,5,0.42645457969393247
665,1,1,7,89.51550234340826
666,1,1,6,644.7794696218127
669,1,1,8,367.5914021132509
679,1,1,9,26.362873424711335
686,1,1,1,666.4053870626092
696,1,1,10,493.26960662418514
700,1,1,8,196.00945217921034
711,1,1,4,0.42645458358136
713,1,1,10,650.2603426889539
717,1,1,5,0.42645457969393247
725,1,1,8,794.0643521536988
733,1,1,10,333.6022376733553
748,1,1,5,0.42645457969393247
762,1,1,5,0.42645457969393247
790,1,1,9,780.2979137691411
791,1,1,7,104.33269893007498
795,1,1,9,609.8541698766265
818,1,1,8,734.5563444982037
825,1,1,4,0.42645458358136
827,1,1,9,427.0343912122711
829,1,1,7,80.2772554691554
834,1,1,7,86.19419369444401
841,1,1,2,486.29195367775475
845,1,1,8,720.2734306187228
884,1,1,8,670.2734897815288
899,0,1,0,0.24736474873041914
906,1,1,2,160.28086236590593
915,1,1,9,454.35657523969616
919,1,1,5,0.42645457969393247
920,1,1,6,304.2803176049924
924,1,1,5,0.42645457969393247
938,1,1,6,511.7803003327765
943,1,1,6,326.5774536367676
951,1,1,5,0.42645456789925423
958,1,1,1,743.0031654626384
970,1,1,9,203.2093201950144
992,1,1,5,0.42645457969393247
1023,1,1,9,515.3330177958613
1033,1,1,7,144.77297121047732
1037,1,1,8,726.7921931564798
1039,1,1,1,157.3594696393863
1075,1,1,9,495.593256895719
1076,1,1,7,65.3865650649503
1087,1,1,9,401.86111021802196
1089,1,1,1,732.8790992377491
1105,1,1,8,384.6153305530703
1106,1,1,5,0.42645457969393247
1107,1,1,10,141.01333969015013
1118,1,1,9,809.8681120224151
1125,1,1,7,71.67634800831395
1140,1,1,9,500.9657830653519
1150,1,1,6,487.74939054736575
1155,1,1,8,536.4661867898279
1174,1,1,9,854.0131295591493
1177,1,1,5,0.42645457969393247
1179,1,1,10,546.8101676546214
1181,1,1,9,402.10770638819446
1186,1,1,6,731.2323832663219
1208,1,1,5,0.42645457969393247
1216,1,1,7,89.63818749669363
1221,1,1,8,237.38256882441698
1229,1,1,5,0.42645457969393247
1232,1,1,8,388.38333745928423
1234,1,1,10,633.2567169697627
1256,1,1,9,856.7787840920668
1258,1,1,6,501.3056712341292
1260,1,1,7,161.63588772553263
1278,1,1,5,0.42645457969393247
1280,1,1,9,515.9482794668335
1298,1,1,6,458.8920835292803
1302,1,1,4,0.42645458358136
1308,1,1,7,80.48227112494429
1328,1,1,8,312.28375723664846
1349,1,1,4,0.42645458358136
1350,1,1,6,635.5839321161823
1366,1,1,4,0.42645457969393247
1371,1,1,5,0.42645457969393247
1377,1,1,2,79.21386789513734
1408,1,1,8,813.3009154182678
1410,1,1,10,291.53710983041543
1416,1,1,2,319.9941494384136
1430,1,1,5,0.42645457969393247
1434,1,1,5,0.42645457969393247
1439,1,1,4,0.42645458358136
1467,1,1,4,0.42645458358136
1474,1,1,4,0.42645458358136
1478,1,1,10,459.6527067556793
1480,1,1,6,211.91480673662093
1491,1,1,9,885.9978364497152
1498,1,1,8,548.9794069461175
1523,1,1,10,257.1725801063326
1528,1,1,1,628.4316396412992
1538,1,1,9,610.9666924667599
1543,1,1,2,368.09220263972435
1552,1,1,6,735.5496663391846
1570,1,1,9,359.5532934942301
1573,1,1,5,0.42645456789925423
1582,1,1,8,717.5283943411996
1586,1,1,4,0.42645458358136
1598,1,1,1,406.9369755682756
1613,1,1,4,0.42645458358136
1615,1,1,6,671.5231257937885
1639,1,1,6,265.9450826092421
1640,1,1,2,330.1089009791271
1656,1,1,4,0.42645458358136
1671,1,1,1,224.9945843799021
1673,1,1,4,0.42645458358136
1674,1,1,8,707.8407522693794
1680,1,1,9,566.6904220082398
1688,1,1,7,170.54583845203862
1701,1,1,5,0.42645457969393247
1706,1,1,6,799.1724795067447
1712,1,1,6,591.0223738280907
1719,1,1,1,337.06685686473105
1754,1,1,1,450.17738089191
1763,1,1,5,0.42645457969393247
1764,1,1,7,74.3151505231983
1766,1,1,8,511.2334301868284
1777,1,1,3,92.00140302512143
1800,1,1,9,357.8441205304882
1802,1,1,5,0.42645457969393247
1816,1,1,9,652.4569706587383
1830,1,1,10,460.91462452203217
1834,1,1,3,78.88427598035058
1846,1,1,2,336.5641277763502
1857,1,1,1,493.5110736459543
1859,1,1,10,385.1144306435723
1866,1,1,8,586.2838981082064
1867,1,1,10,408.6738804549935
1871,1,1,10,522.5179293775828
1887,1,1,1,747.4518992468043
1899,0,1,0,0.1085894425556371
1904,1,1,7,85.6277036856778
1908,1,1,1,429.601034414425
1911,1,1,9,540.8801655463888
1935,1,1,4,0.42645458358136
1943,1,1,10,445.15243174854675
1979,1,1,4,0.42645458358136
1986,1,1,8,766.8041984344485
2005,1,1,8,202.52460042666885
2006,1,1,1,716.060505128891
2009,1,1,9,583.1204818892003
2036,1,1,4,0.42645458358136
2037,1,1,10,300.6179534384681
2044,1,1,1,741.2796896741568
2059,1,1,9,866.3606055884384
2065,1,1,6,172.19232547581532
2072,1,1,6,471.5076482268612
2076,1,1,8,796.7727857229164
2078,1,1,6,511.43950204610934
2097,1,1,5,0.42645457969393247
2101,1,1,4,0.42645458358136
2102,1,1,6,511.45555975287584
2103,1,1,9,170.30891025492116
2105,1,1,5,0.42645457969393247
2128,1,1,6,234.38369369812608
2152,1,1,3,84.87439456533485
2154,1,1,9,340.66139019267473
2189,1,1,4,0.42645458358136
2215,1,1,5,0.42645457969393247
2221,1,1,7,146.43158746069497
2223,1,1,9,471.02595480790626
2224,1,1,5,0.42645457969393247
2233,1,1,7,95.57517251036504
2249,1,1,9,812.7958457756151
2253,1,1,4,0.42645458358136
2271,1,1,7,101.15336484131223
2290,1,1,5,0.42645457969393247
2291,1,1,8,443.44444948275145
2312,1,1,8,885.5719340518417
2313,1,1,9,792.3119052534454
2316,1,1,5,0.42645457969393247
2326,1,1,6,518.3516848738819
2341,1,1,9,663.8838563741865
2351,1,1,6,678.4395849378257
2360,1,1,8,565.9603002037492
2362,1,1,5,0.42645457969393247
2366,1,1,9,806.4897559949804
2377,1,1,6,640.1049111215254
2389,1,1,5,0.42645457969393247
2400,1,1,3,90.24029908818085
2403,1,1,2,389.68591128109847
2411,1,1,7,38.58113758380187
2427,1,1,5,0.42645457969393247
2451,1,1,10,680.4670256278595
2452,1,1,1,324.197989732999
2464,1,1,4,0.42645458358136
2467,1,1,5,0.42645457969393247
2480,1,1,10,462.96435203888245
2481,1,1,9,49.54896606355888
2493,1,1,4,0.42645458358136
2495,1,1,10,195.75908180158993
2500,1,1,3,70.31987626710921
2519,1,1,4,0.4264545919581291
2520,1,1,4,0.42645458358136
2535,1,1,6,418.7015300680615
2549,1,1,5,0.42645457969393247
2551,1,1,8,360.2358990000739
2554,1,1,5,0.42645457969393247
2565,1,1,6,476.9877332146812
2567,1,1,4,0.42645458358136
2576,1,1,8,655.9380044613845
2578,1,1,9,302.34247197210317
2590,1,1,2,392.0967850679659
2599,1,1,6,733.7489918172929
2608,1,1,9,271.55776542957125
2624,1,1,10,269.0432445382309
2634,1,1,1,534.9149752814241
2641,1,1,8,790.7555763743926
2643,1,1,8,474.1782011796432
2657,1,1,9,812.9766984752297
2660,1,1,5,0.42645457969393247
2673,1,1,9,836.4947878151543
2680,1,1,2,367.8071685080572
2691,1,1,7,0.4216020109043442
2695,1,1,9,607.0738119514174
2702,1,1,9,845.0490574313349
2704,1,1,6,272.2067128056499
2706,1,1,10,340.2370801845274
2713,1,1,10,180.16327162751222
2716,1,1,6,673.3997455226839
2732,1,1,10,589.1790046162034
2733,1,1,3,89.33096889113509
2736,1,1,1,641.0152357006588
2738,1,1,9,673.6322236768486
2741,1,1,5,0.42645456789925423
2751,1,1,9,722.939107300722
2760,1,1,6,511.5217049624681
2761,1,1,5,0.42645457969393247
2787,1,1,5,0.42645457969393247
2801,1,1,9,885.549315201599
2808,1,1,10,517.6162866687952
2818,1,1,6,210.2957878250379
2823,1,1,3,60.74033390276818
2824,1,1,8,881.0182647503431
2826,1,1,5,0.42645457969393247
2851,1,1,6,430.2561654157551
2852,1,1,6,780.3121953105455
2856,1,1,10,246.5688128000704
2859,1,1,1,559.9300750164357
2870,1,1,7,139.2753469982556
2876,1,1,9,711.3003734519511
2895,1,1,8,306.8369065576108
2898,1,1,10,637.503887334022
2924,1,1,8,615.7245129456626
2933,1,1,8,587.9841604961382
2936,1,1,8,822.7699094413297
2940,1,1,10,456.9286897825891
2983,1,1,7,94.16254406714408
2989,1,1,9,332.9286422250053
2991,1,1,6,554.9553637709191
3000,1,1,2,342.17457191412063
3002,1,1,9,826.2055316035795
3010,1,1,8,865.4622989983628
3016,1,1,9,561.574495238493
3039,1,1,10,720.1951802637047
3047,1,1,8,196.2357596734103
3055,1,1,4,0.4264545919581291
3057,1,1,8,445.3411952606472
3062,1,1,9,857.0777334095421
3078,1,1,1,188.32573139328753
3090,1,1,7,54.1589893485905
3092,1,1,6,735.5778460147451
3096,1,1,9,293.75238664355095
3105,1,1,7,73.8292685983989
3107,1,1,8,595.1704595664974
3113,1,1,9,362.24541986460457
3119,1,1,1,413.1794302856475
3129,1,1,7,83.93404188038211
3150,1,1,9,765.253590045702
3153,1,1,2,489.38077343011463
3154,1,1,4,0.42645458358136
3163,1,1,5,0.42645457969393247
3169,1,1,9,685.7451099892364
3172,1,1,6,540.221727337734
3181,1,1,6,207.05460460726343
3190,1,1,8,631.9722414516438
3205,1,1,9,49.88328381227434
3230,1,1,9,314.12262640964366
3258,1,1,6,456.9457275290003
3276,1,1,7,142.778778320515
3284,1,1,8,403.9813017852507
3288,1,1,8,781.7171339066883
3297,1,1,3,90.19984445766637
3299,1,1,1,425.89266273658785
3328,1,1,1,405.079408404863
3339,1,1,4,0.42645458358136
3341,1,1,8,202.5990053994478
3349,1,1,9,878.9065475290156
3352,1,1,6,153.82179590500348
3361,1,1,10,434.5133091632081
3371,1,1,10,503.1943865764664
3376,1,1,6,584.0614713108267
3386,1,1,3,55.03138646143431
3390,1,1,5,0.42645457969393247
3415,1,1,7,97.11641371619973
3424,1,1,8,393.0026784125577
3425,1,1,5,0.42645457969393247
3426,1,1,8,557.2971145566512
3440,1,1,6,144.9563092216162
3445,1,1,9,90.92931149913828
3451,1,1,9,305.19605013273
3459,1,1,5,0.42645457969393247
3460,1,1,10,401.7451779592427
3480,1,1,10,126.1743810872419
3494,1,1,4,0.42645458358136
3505,1,1,5,0.42645457969393247
3545,1,1,9,892.0596291614861
3556,1,1,9,356.124798676876
3565,1,1,4,0.42645458358136
3574,1,1,8,471.47537598785016
3583,1,1,9,237.79625166704108
3593,1,1,5,0.42645457969393247
3595,1,1,8,568.2621942133026
3601,1,1,2,334.98507279172475
3609,1,1,7,173.84828328629328
3622,1,1,10,286.0499883430719
3637,1,1,4,0.42645458358136
3644,1,1,2,152.4602144186683
3647,1,1,10,428.49131175288227
3652,1,1,8,289.81158734634874
3653,1,1,6,779.114555647172
3663,1,1,4,0.42645458358136
3691,1,1,5,0.42645457969393247
3692,1,1,6,529.5124031331874
3693,1,1,6,178.69669386888194
3695,1,1,10,443.1448803552503
3703,1,1,5,0.42645457969393247
3719,1,1,2,168.7788800937952
3720,1,1,9,578.4764191222563
3722,1,1,10,491.2773956252022
3729,1,1,3,82.73317692233404
3741,1,1,10,600.0672462742608
3780,1,1,5,0.42645457969393247
3788,1,1,7,95.18177198436321
3798,1,1,2,306.5584421877757
3828,1,1,9,511.39200694219306
3830,1,1,10,458.1952687846951
3856,1,1,6,614.6734608585223
3864,1,1,7,172.27850228653645
3869,1,1,4,0.42645458358136
3884,1,1,5,0.42645457969393247
3888,1,1,8,297.186938144683
3903,1,1,8,474.8918007233244
3924,1,1,4,0.42645458358136
3966,1,1,9,576.2908015540805
3974,1,1,9,245.36648647275447
3975,1,1,5,0.42645457969393247
3987,1,1,9,809.4027521102166
3991,0,1,0,0.139524243630508
3994,1,1,5,0.42645457969393247
3997,0,1,0,0.13269226087606337
3998,1,1,10,460.55605746105425
4011,1,1,8,793.585935947712
4033,1,1,6,775.8139381707731
4041,1,1,6,629.102487480934
4047,1,1,10,331.9064754306528
4058,1,1,6,556.3047897500289
4065,1,1,6,339.74123239141664
4071,1,1,1,743.1250974714161
4091,1,1,5,0.42645457969393247
4095,1,1,9,865.6133331046054
4100,1,1,5,0.42645457969393247
4105,1,1,6,459.6759854087974
4107,1,1,2,468.5023384072835
4128,0,1,0,0.11209274315794732
4133,1,1,8,253.30604041907787
4135,1,1,4,0.42645458358136
4145,1,1,6,188.41562077185247
4146,1,1,5,0.42645457969393247
4164,1,1,4,0.42645458358136
4192,1,1,10,720.9629782195431
4196,1,1,10,608.3957094332187
4197,1,1,1,657.4917496370855
4201,1,1,3,83.50485974566995
4202,1,1,6,287.9506458522397
4208,1,1,7,124.00938987711896
4214,1,1,4,0.42645458358136
4228,1,1,9,548.1169787821813
4233,1,1,5,0.42645457969393247
4234,1,1,9,544.0986275502116
4241,1,1,3,90.7750492639846
4249,1,1,9,652.365456835685
4282,1,1,9,818.1584899108896
4290,1,1,5,0.42645456789925423
4302,1,1,8,763.3891793177438
4335,1,1,4,0.42645458358136
4337,1,1,10,567.8287574757817
4348,1,1,9,169.54052382861676
4366,1,1,9,115.00447402379883
4368,1,1,9,723.4808138991938
4370,1,1,9,879.2742857289337
4374,1,1,10,332.106000180798
4410,1,1,9,866.1399526986004
4427,1,1,4,0.42645458358136
4435,1,1,9,720.6194022294212
4449,1,1,5,0.42645457969393247
4464,1,1,2,379.8655073680549
4502,1,1,5,0.42645457969393247
4531,1,1,8,410.30204654973596
4536,1,1,8,588.0226509385283
4541,1,1,5,0.42645457969393247
4548,1,1,8,244.36065900452903
4551,1,1,6,789.1588530200218
4567,0,1,0,0.18921842752607965
4569,1,1,6,710.9274812800913
4598,1,1,1,264.64691231358063
4602,1,1,6,186.00352370882817
4604,1,1,4,0.42645458358136
4606,1,1,10,269.6923411921808
4627,1,1,8,629.1927885772554
4641,1,1,9,860.7499607860119
4643,1,1,9,762.2286868605995
4667,1,1,9,535.9020402555669
4670,1,1,9,409.4967601421135
4672,1,1,4,0.42645458358136
4679,1,1,2,298.20133949868256
4680,1,1,5,0.42645456789925423
4698,1,1,6,681.5212286641244
4701,1,1,5,0.42645457969393247
4702,1,1,9,348.3431773596898
4736,1,1,4,0.42645458358136
4759,1,1,5,0.42645457969393247
4762,1,1,5,0.42645457969393247
4781,1,1,4,0.42645458358136
4818,1,1,7,124.13722984764047
4824,1,1,8,437.643146706494
4837,1,1,5,0.42645457969393247
4838,1,1,4,0.42645458358136
4844,1,1,5,0.42645457969393247
4846,1,1,8,522.2484226590286
4856,1,1,8,464.12641719201065
4857,1,1,9,552.7270253771333
4873,1,1,4,0.42645457969393247
4883,1,1,8,777.2869712007592
4887,1,1,3,88.55359818070741
4892,1,1,5,0.42645457969393247
4897,1,1,8,380.685430288898
4904,1,1,9,887.0708852997611
4917,1,1,3,70.00915767313899
4984,1,1,8,303.8179505337615
4987,1,1,9,229.94000358329328
4992,1,1,6,641.4197557187244
4994,1,1,6,557.442223954862
5016,1,1,8,408.25206525318805
5031,1,1,10,425.7747980202013
5040,1,1,7,36.163827509072995
5044,1,1,9,622.3084796052065
5048,1,1,9,778.5519701776009
5074,1,1,4,0.4264545919581291
5075,1,1,6,532.2733915133086
5080,1,1,1,549.0232739986343
5083,1,1,9,808.1637131846835
5098,1,1,3,92.12454256321516
5117,1,1,2,142.13245035808652
5119,1,1,9,592.5971565197377
5145,1,1,6,542.0594010569187
5148,1,1,1,620.478542580382
5154,1,1,6,734.2957232685013
5155,1,1,8,697.0446706140721
5158,1,1,1,605.5672021238287
5160,1,1,4,0.42645458358136
5177,1,1,7,156.77411893044783
5181,1,1,7,159.61988924492354
5210,1,1,10,460.0654728677766
5218,1,1,9,707.9733058075388
5225,1,1,6,716.5791604476933
5265,1,1,8,267.33318073167976
5268,1,1,6,444.49551167918
5282,1,1,8,861.5263019282581
5284,1,1,10,669.5019430209179
5290,1,1,5,0.42645457969393247
5294,1,1,4,0.42645457969393247
5297,1,1,8,452.0048200113174
5308,1,1,9,701.2509182146869
5317,1,1,4,0.42645458358136
5322,1,1,6,665.1987954199576
5323,1,1,6,236.3641910844362
5324,1,1,8,396.93808396375897
5326,1,1,6,110.98426906497677
5336,1,1,5,0.42645456789925423
5367,1,1,4,0.4264545919581291
5371,1,1,8,833.8230945443869
5377,1,1,1,294.70574936833566
5386,1,1,6,702.196889937187
5405,1,1,9,667.0446725354227
5407,1,1,6,464.13157516058993
5411,1,1,9,319.5793045518081
5426,1,1,5,0.42645457969393247
5428,1,1,3,90.9123310606335
5445,1,1,8,462.8184300457972
5449,1,1,9,437.2656183112335
5463,1,1,5,0.42645457969393247
5467,1,1,3,87.20853006920377
5473,1,1,7,64.43693304288222
5490,1,1,2,391.71259580226183
5491,1,1,6,350.03542073416287
5493,1,1,6,738.442486865474
5509,1,1,9,677.302464191952
5514,1,1,3,90.45981921406847
5516,1,1,8,555.0470386444114
5519,1,1,9,166.23718988722777
5543,1,1,9,590.8307212193665
5553,1,1,6,769.7373800564981
5559,1,1,4,0.42645458358136
5563,1,1,8,542.3067752374382
5564,1,1,9,863.1316918539835
5580,1,1,9,383.108946762689
5586,1,1,10,670.054723298586
5597,1,1,5,0.42645457969393247
5599,1,1,1,563.388481526763
5633,1,1,6,773.6181804125962
5652,1,1,10,721.658949366624
5658,1,1,9,776.2449615312677
5670,1,1,7,138.99566225220192
5684,1,1,9,525.1836290278015
5697,1,1,6,315.6661849249567
5699,1,1,8,554.7042726246124
5700,1,1,8,854.1094238017231
5704,1,1,8,683.5945711773857
5710,1,1,8,799.3870720275457
5715,1,1,3,92.14669402642124
5720,1,1,9,501.091774367821
5727,1,1,10,678.4175796404719
5737,1,1,9,857.1743554241806
5771,1,1,7,7.011991837873598
5777,1,1,9,272.5653724117086
5780,1,1,10,339.86340814627215
5782,1,1,6,809.128219871295
5784,1,1,5,0.42645457969393247
5794,1,1,8,890.2031244414003
5796,1,1,1,664.011951674372
5798,1,1,4,0.42645458358136
5811,1,1,7,165.62640726266474
5818,1,1,6,286.09115756143166
5822,0,1,0,0.1486984914717294
5824,1,1,4,0.42645458358136
5832,1,1,5,0.42645457969393247
5833,1,1,1,418.61958583874474
5836,1,1,4,0.42645458358136
5838,1,1,9,758.2337568882731
5861,1,1,8,717.4615227613085
5865,1,1,8,734.2692776954171
5912,1,1,4,0.42645458358136
5915,1,1,6,747.2892133621708
5920,1,1,6,671.38660127021
5921,1,1,2,461.99620810071417
5934,1,1,5,0.42645457969393247
5936,1,1,2,289.5191763748163
5965,1,1,8,524.3229503434994
5974,1,1,6,184.55510709821837
5980,1,1,10,718.916786026373
5981,1,1,4,0.42645458358136
5988,1,1,10,546.5493826102938
6006,1,1,4,0.42645458358136
6017,1,1,9,788.9542042150213
6077,1,1,3,60.91204985189797
6079,1,1,4,0.42645458358136
6081,1,1,8,918.894283801778
6122,1,1,1,608.5792094422413
6156,1,1,2,431.2225040001731
6158,1,1,8,839.6298839053184
6162,1,1,8,650.7356800669879
6165,1,1,5,0.42645457969393247
6168,1,1,4,0.42645458358136
6183,1,1,5,0.42645457969393247
6195,1,1,8,334.11729528954737
6211,1,1,9,860.0978454598188
6222,1,1,10,721.8406438040495
6225,1,1,4,0.42645458358136
6233,1,1,6,157.07554927530438
6246,1,1,5,0.42645457969393247
6273,1,1,4,0.42645458358136
6278,1,1,8,658.244366733701
6281,1,1,6,347.4978849879552
6295,1,1,5,0.42645457969393247
6298,1,1,6,665.9042523279782
6334,1,1,2,363.85811171105337
6340,1,1,9,873.8132140929652
6348,1,1,3,85.79869993992469
6362,1,1,9,874.1543299424699
6382,1,1,6,236.41992343006208
6386,1,1,9,883.0654359971971
6396,1,1,10,442.29724235480984
6401,1,1,6,747.0501003069121
6411,1,1,5,0.42645457969393247
6441,1,1,2,382.2177572816601
6443,1,1,9,802.7078750445428
6444,1,1,7,161.59901326853696
6446,1,1,9,497.0098561105614
6472,1,1,8,497.5012874744754
6476,1,1,6,375.5425778527206
6504,1,1,5,0.42645457969393247
6512,1,1,10,667.9511926564917
6515,1,1,4,0.42645458358136
6541,1,1,9,240.6231813805233
6548,1,1,9,734.985964985411
6574,1,1,5,0.42645457969393247
6589,1,1,1,760.2320016008937
6594,1,1,9,878.3931913168541
6596,1,1,3,91.79224681182288
6599,1,1,5,0.42645457969393247
6605,1,1,9,282.23696690545415
6629,1,1,8,861.7481959043232
6657,1,1,6,323.20564815755785
6691,1,1,4,0.42645458358136
6695,1,1,1,291.810708263157
6698,1,1,1,283.97133726942917
6699,1,1,9,617.0023466456969
6704,1,1,9,322.8687650403881
6709,1,1,9,882.9756924709517
6712,1,1,4,0.42645458358136
6734,1,1,9,720.5641182436218
6763,1,1,2,301.904076367855
6789,1,1,4,0.42645458358136
6803,1,1,6,777.6467748805502
6820,1,1,4,0.42645458358136
6826,1,1,10,426.73472246009214
6828,1,1,1,219.7251097569722
6835,1,1,9,728.9200632367116
6851,1,1,9,814.3007595947822
6853,1,1,8,618.5377129667237
6916,1,1,4,0.42645458358136
6925,1,1,10,150.58454609960785
6932,1,1,5,0.42645457969393247
6941,1,1,5,0.42645457969393247
6973,1,1,6,382.8782883474464
6983,1,1,9,484.2255418220005
6986,1,1,6,555.4621499908067
6989,1,1,10,123.76740642607761
6991,1,1,10,633.4656162088331
7005,1,1,4,0.42645458358136
7008,1,1,9,532.2164828754715
7009,1,1,6,456.538447642524
7015,1,1,7,82.93572091408832
7017,1,1,1,540.2890323135556
7024,1,1,9,154.8995598225944
7058,1,1,6,368.1320089106253
7074,1,1,9,764.6265964355596
7079,1,1,5,0.42645457969393247
7083,1,1,4,0.4264545919581291
7103,1,1,3,70.04593138348335
7115,1,1,9,616.2312130855477
7118,1,1,9,233.61929272600153
7134,1,1,9,636.8344626057096
7145,1,1,6,352.85195305428374
7148,1,1,6,808.0592724037075
7150,1,1,8,559.9869876937627
7156,1,1,4,0.42645458358136
7159,1,1,4,0.42645458358136
7169,1,1,5,0.42645457969393247
7170,1,1,9,133.86886077451675
7202,1,1,5,0.42645457969393247
7211,0,1,0,0.11731639138646922
7229,1,1,4,0.42645458358136
7239,1,1,6,394.8572430558968
7246,1,1,9,788.4344932738148
7259,1,1,1,633.6278971200695
7277,1,1,8,604.7484972879931
7280,1,1,3,83.82266513913585
7291,1,1,4,0.42645458358136
7315,1,1,9,811.6619410261476
7316,1,1,1,480.4916058007091
7342,1,1,4,0.42645458358136
7349,1,1,8,667.074313495445
7351,1,1,9,251.431699009394
7363,1,1,5,0.42645457969393247
7374,1,1,8,625.9447096760091
7379,1,1,9,243.80528226000288
7384,1,1,1,564.0082765702073
7391,1,1,9,831.0164993203789
7401,1,1,1,515.2847035796859
7431,1,1,8,810.9683829485177
7439,1,1,9,849.4090909102985
7457,1,1,8,826.073594779797
7458,1,1,6,748.8708363444995
7465,1,1,5,0.42645457969393247
7469,1,1,5,0.42645457969393247
7471,1,1,4,0.42645458358136
7481,1,1,8,946.347173077171
7507,1,1,1,425.06411060247234
7510,1,1,2,480.0314808971365
7516,1,1,6,486.36788651929345
7519,1,1,3,85.85653044742077
7522,1,1,4,0.42645458358136
7529,1,1,6,793.6186982146675
7533,1,1,10,519.3907082015841
7539,1,1,8,837.7207592177881
7545,1,1,6,235.1618825851926
7547,0,1,0,0.1036390996183679
7569,1,1,5,0.42645457969393247
7571,1,1,6,569.865808381083
7573,1,1,5,0.42645457969393247
7580,1,1,6,453.2868762344283
7591,1,1,2,196.7352635351957
7593,1,1,5,0.42645457969393247
7603,1,1,4,0.42645458358136
7625,1,1,2,398.54816694691
7649,1,1,10,669.6670254079497
7651,1,1,1,249.30533655373583
7661,1,1,2,450.4830447281631
7686,1,1,7,16.007096302858677
7699,1,1,6,619.3337227030212
7706,1,1,6,511.67511338213916
7711,1,1,8,569.036745008206
7719,1,1,8,813.2663210586818
7745,1,1,9,200.9966964577455
7755,1,1,10,123.28842103399491
7772,1,1,5,0.42645457969393247
7781,1,1,5,0.42645457969393247
7787,1,1,4,0.42645458358136
7801,1,1,4,0.42645458358136
7821,1,1,5,0.42645457969393247
7841,1,1,10,236.87945149958261
7843,1,1,7,64.25212707403762
7844,1,1,9,288.7663085888706
7848,1,1,8,329.4192015663702
7849,1,1,9,830.907918286789
7855,1,1,5,0.42645457969393247
7861,1,1,9,193.25737442946104
7872,1,1,7,145.1322459128663
7878,1,1,6,679.5444546023133
7879,1,1,5,0.42645457969393247
7880,1,1,6,550.4721894813989
7897,1,1,4,0.42645458358136
7901,1,1,1,303.985939543672
7903,1,1,4,0.42645458358136
7904,1,1,4,0.42645458358136
7914,1,1,7,134.42029023599034
7916,1,1,1,609.3546600418459
7921,1,1,9,222.2739290996151
7927,1,1,6,598.9207483519397
7945,1,1,5,0.42645457969393247
7946,1,1,8,385.46563724588515
7950,1,1,4,0.42645458358136
7959,1,1,4,0.42645458358136
7976,1,1,5,0.42645456789925423
7984,1,1,8,746.8743844325352
7989,1,1,10,337.7043388112233
7994,1,1,8,540.8526424897846
7995,1,1,6,616.2321896500978
8002,1,1,8,871.2120931005488
8011,1,1,5,0.42645457969393247
8027,1,1,9,868.1042407575318
8042,1,1,1,286.1270894605823
8044,1,1,4,0.42645458358136
8045,1,1,4,0.42645458358136
8052,1,1,8,810.8210406764008
8063,1,1,6,384.2366108573967
8065,1,1,5,0.42645457969393247
8077,1,1,1,530.4895419440172
8083,1,1,10,661.0608220275756
8107,1,1,4,0.42645458358136
8112,1,1,5,0.42645457969393247
8120,1,1,1,236.91752718753918
8127,1,1,4,0.42645458358136
8128,0,1,0,0.13206654547355293
8129,1,1,6,787.4608855020183
8130,1,1,6,373.5382416595349
8131,1,1,4,0.42645458358136
8133,1,1,4,0.42645458358136
8135,1,1,1,492.29615674082464
8149,1,1,4,0.42645458358136
8158,0,1,0,0.11178983410183702
8170,1,1,9,742.6211824470629
8172,1,1,5,0.42645457969393247
8187,1,1,3,81.46266340066187
8190,1,1,10,227.70075104238444
8195,1,1,1,642.009072437802
8198,1,1,6,343.78796201719484
8214,1,1,8,617.7971382230797
8227,1,1,5,0.42645457969393247
8231,1,1,7,55.21245212448776
8237,1,1,7,169.26367845278287
8257,1,1,5,0.42645457969393247
8272,1,1,8,495.4845107485629
8273,1,1,7,101.18915869105281
8292,1,1,8,732.1849868933167
8320,1,1,9,520.381251287728
8321,1,1,8,443.0951426134375
8322,1,1,9,621.076650182194
8351,1,1,5,0.42645457969393247
8359,1,1,4,0.42645458358136
8367,1,1,5,0.42645457969393247
8414,1,1,1,271.28294285645813
8423,1,1,5,0.42645457969393247
8429,1,1,8,577.2100097685809
8430,1,1,6,809.9337896592878
8450,1,1,7,146.49504717463367
8454,1,1,7,148.55178614981799
8465,1,1,1,628.7617109109307
8466,1,1,8,458.23954359085195
8476,1,1,2,87.26252114081016
8477,1,1,9,499.46249894360693
8484,1,1,6,628.5026939959531
8486,1,1,10,633.3716593235735
8494,1,1,7,29.545028278720228
8506,1,1,6,790.8397490425267
8519,1,1,6,252.10207636452827
8541,1,1,8,365.1216614317695
8549,1,1,6,422.2804578688647
8552,1,1,9,638.1853514454642
8580,1,1,6,532.3886953996517
8585,1,1,10,659.5161593076147
8599,1,1,9,699.8361493067702
8602,1,1,6,581.05303071638
8608,1,1,10,721.8462145402635
8614,1,1,2,454.0231023896835
8634,1,1,10,377.9563298986408
8655,1,1,1,169.16635460824216
8669,1,1,3,89.92890132072964
8684,1,1,9,391.34018893609596
8699,1,1,9,765.2510264484982
8710,1,1,8,712.0720852644873
8720,1,1,8,617.6567534078484
8723,1,1,9,407.94367383064196
8728,1,1,6,271.0810723560068
8731,1,1,4,0.42645458358136
8737,1,1,3,41.25034272394474
8742,1,1,6,784.9001939610764
8758,1,1,5,0.42645457969393247
8768,1,1,5,0.42645457969393247
8772,1,1,9,664.6646448766676
8773,1,1,9,450.41923329933456
8776,1,1,4,0.42645458358136
8777,1,1,8,381.45146253320644
8779,1,1,10,720.6943620648816
8783,1,1,9,464.4048663187206
8797,1,1,8,798.6068976429017
8807,1,1,4,0.42645458358136
8815,1,1,7,163.07713717100208
8821,1,1,10,378.89139312329365
8826,1,1,3,37.00357570446184
8829,1,1,5,0.42645456789925423
8840,1,1,8,606.3331643895876
8850,1,1,5,0.42645457969393247
8910,1,1,9,850.211521809247
8922,1,1,7,162.14442328458145
8928,1,1,3,92.24408093067636
8930,1,1,8,684.715225714806
8938,1,1,6,547.4064941212038
8949,1,1,7,120.00001573267994
8951,1,1,1,439.73433391548775
8953,1,1,9,787.8277853009671
8965,1,1,9,728.9800640647801
8967,1,1,4,0.42645458358136
8970,1,1,8,770.7882195383788
9007,1,1,8,390.4450256033127
9011,1,1,9,769.6908251981861
9019,0,1,0,0.12797625126805925
9031,1,1,9,481.4410138853874
9033,1,1,4,0.42645458358136
9040,1,1,8,622.1062382763482
9047,1,1,7,75.6741153029055
9048,1,1,10,718.0508363526667
9059,1,1,5,0.42645457969393247
9063,1,1,8,177.06408443384834
9069,1,1,7,152.59227357334265
9071,1,1,5,0.42645457969393247
9075,1,1,10,288.60895029976393
9100,1,1,9,803.0998537411155
9102,1,1,6,781.5275907906681
9106,1,1,5,0.42645457969393247
9115,1,1,8,861.6055242207881
9127,1,1,10,399.26985018807653
9158,1,1,5,0.42645456789925423
9197,1,1,1,590.172735738402
9217,1,1,9,378.22503914326455
9224,1,1,9,823.469239410552
9229,1,1,3,90.83455537305824
9237,1,1,5,0.42645457969393247
9248,1,1,5,0.42645457969393247
9253,0,1,0,0.09810591447497402
9259,1,1,10,294.5912201006253
9267,1,1,5,0.42645457969393247
9272,1,1,10,635.0997877919492
9285,1,1,1,600.2479680377713
9289,1,1,10,457.0783936792586
9298,1,1,10,449.2488992112764
9321,1,1,9,578.6323428045994
9326,1,1,6,803.2803196583345
9333,1,1,10,709.9376880460819
9334,1,1,1,665.0274202452231
9349,1,1,6,563.0739904156867
9351,1,1,6,720.928642208726
9359,1,1,9,602.0661370286844
9362,1,1,9,87.93535729707361
9366,1,1,8,311.71706937272137
9382,1,1,6,493.2904677509239
9391,1,1,4,0.42645458358136
9392,1,1,3,92.01695436379872
9398,1,1,5,0.42645457969393247
9426,1,1,9,642.3556602505222
9428,1,1,5,0.42645457969393247
9440,1,1,1,355.04930205186275
9450,1,1,8,688.0463121776829
9459,1,1,5,0.42645456789925423
9467,1,1,4,0.4264545919581291
9495,1,1,6,777.8907812292875
9499,1,1,7,61.174012813769856
9504,1,1,5,0.42645457969393247
9506,1,1,9,407.4975289983641
9507,1,1,3,47.43152377278656
9516,1,1,6,574.2007304212239
9528,1,1,9,837.4266023404983
9548,1,1,9,713.541470080955
9554,1,1,9,200.87980331541513
9561,1,1,8,828.1591772745169
9565,1,1,3,48.868825763671175
9571,1,1,2,243.7830794780199
9580,1,1,10,720.7050155131496
9585,1,1,8,866.1464296788107
9615,1,1,5,0.42645457969393247
9616,1,1,2,479.4943560650611
9640,1,1,10,339.1184696644547
9663,1,1,2,257.0900930488909
9666,1,1,5,0.42645457969393247
9669,1,1,10,441.17837862607115
9683,1,1,10,583.5399799043656
9689,1,1,10,555.6281957247893
9699,1,1,5,0.42645457969393247
9706,1,1,8,200.51354595145327
9711,1,1,9,244.85595103039162
9714,1,1,10,415.95347807201455
9715,1,1,5,0.42645457969393247
9719,1,1,6,731.6903861483044
9736,1,1,10,722.5845600489183
9748,1,1,2,170.84001311862326
9754,1,1,10,137.56794962936405
9760,1,1,3,92.0885902686992
9808,1,1,5,0.42645457969393247
9818,1,1,8,766.3115153716234
9823,1,1,9,470.50549036258207
9879,1,1,9,583.6160213406338
9902,1,1,4,0.42645458358136
9906,1,1,9,814.3335371420565
9927,1,1,10,524.5289607946398
9930,1,1,1,629.7190491697303
9932,1,1,6,731.0921394595515
9934,1,1,8,782.7828078076694
9952,1,1,6,507.79361413960623
9962,1,1,8,340.9866948388531
9996,1,1,2,366.5858975355566
10017,1,1,1,409.9470016608001
10020,1,1,7,110.86214936167364
10029,1,1,6,675.3710525369487
10049,1,1,4,0.42645458358136
10053,1,1,9,286.3579926514014
10059,1,1,5,0.42645457969393247
10061,1,1,5,0.42645457969393247
10085,1,1,6,809.9292970459251
10094,1,1,10,408.42951830575413
10099,1,1,4,0.42645458358136
10112,1,1,6,191.68879956228955
10132,1,1,10,414.13744987168474
10133,1,1,2,474.6301935373843
10144,1,1,8,474.9349045811751
10173,1,1,10,445.48944582686113
10182,1,1,5,0.42645457969393247
10211,1,1,5,0.42645457969393247
10216,1,1,9,861.057721417612
10233,1,1,10,661.0394714406316
10235,1,1,5,0.42645457969393247
10242,1,1,7,170.70157268964456
10247,1,1,4,0.42645458358136
10290,1,1,4,0.42645458358136
10296,1,1,5,0.42645457969393247
10307,1,1,7,97.2312656181375
10333,1,1,5,0.42645457969393247
10346,1,1,5,0.42645457969393247
10352,1,1,8,887.94426402213
10358,1,1,4,0.42645458358136
10366,1,1,5,0.42645457969393247
10373,1,1,9,250.81580406186438
10377,1,1,2,333.0664984497174
10379,1,1,8,605.7438178902718
10382,1,1,9,634.1997764182094
10385,1,1,1,729.697044006141
10391,1,1,5,0.42645457969393247
10398,1,1,6,451.4959400526793
10412,1,1,4,0.42645458358136
10418,1,1,10,583.1076208000966
10436,1,1,9,397.85592860421104
10440,1,1,1,692.4351434394767
10450,1,1,6,764.0662911805942
10457,1,1,4,0.42645458358136
10460,1,1,5,0.42645457969393247
10473,1,1,8,262.95442067123
10474,1,1,10,639.1789652240582
10480,1,1,7,53.11512960700239
10486,1,1,4,0.42645458358136
10498,1,1,8,919.9913702470584
10511,1,1,6,541.7138563409396
10515,1,1,9,513.1097438416765
10519,1,1,3,65.59285248202443
10522,1,1,10,605.4097060606238
10535,1,1,5,0.42645457969393247
10543,1,1,9,814.7366889746326
10549,1,1,8,862.7667131514498
10555,1,1,9,478.0577438782269
10602,1,1,9,285.79240236636105
10608,1,1,8,900.5309234675815
10612,1,1,8,840.621961236168
10614,1,1,3,77.74129905249222
10619,1,1,10,678.0116188259416
10621,1,1,9,587.5185389741334
10629,1,1,8,617.1275420831712
10633,1,1,5,0.42645457969393247
10634,1,1,10,398.8041383501872
10642,1,1,6,456.47432982427785
10649,1,1,8,911.8007827774579
10670,1,1,1,207.9167755955579
10673,1,1,5,0.42645457969393247
10677,1,1,9,832.0130806229474
10683,1,1,4,0.42645458358136
10692,1,1,9,557.4292442883577
10702,1,1,10,193.9054738824168
10716,1,1,7,108.68472285329761
10726,1,1,9,462.46954390115474
10760,1,1,5,0.42645457969393247
10774,1,1,8,876.4678015717213
10816,1,1,7,108.64917307694846
10828,1,1,5,0.42645457969393247
10833,1,1,5,0.42645457969393247
10834,1,1,9,23.424781462624274
10876,1,1,6,539.2560686696588
10894,1,1,6,750.8755636798904
10897,1,1,6,451.5912037691392
10906,1,1,4,0.42645458358136
10910,1,1,4,0.42645458358136
10912,1,1,9,891.1337414811202
10927,1,1,2,192.68040404023324
10928,1,1,4,0.42645457969393247
10934,1,1,5,0.42645457969393247
10971,1,1,6,797.427765596781
10995,1,1,6,515.2051716614895
11001,1,1,9,612.2528803455418
11002,1,1,9,787.8663802900701
11009,1,1,10,193.7703264471617
11025,1,1,7,125.86536685790816
11031,1,1,9,573.194139024469
11036,1,1,5,0.42645457969393247
11040,1,1,10,709.689281222462
11052,1,1,8,772.9259438952545
11053,1,1,6,556.1389907037388
11057,1,1,10,560.9390363205474
11060,1,1,8,682.2316920086657
11068,1,1,4,0.42645458358136
11078,1,1,10,719.454451939454
11089,1,1,5,0.42645457969393247
11109,1,1,2,405.3079703534769
11127,1,1,1,164.8556014546526
11132,0,1,0,0.16495460391753802
11156,1,1,4,0.42645458358136
11163,1,1,4,0.42645458358136
11195,1,1,8,510.43312058579494
11198,1,1,5,0.42645456789925423
11202,1,1,9,734.9002024702183
11242,1,1,4,0.42645458358136
11267,1,1,2,97.98571745649548
11270,1,1,6,245.57241387526793
11271,1,1,8,535.3398137620247
11274,1,1,4,0.42645458358136
11291,1,1,10,370.83449795232565
11302,1,1,5,0.42645457969393247
11310,1,1,5,0.42645457969393247
11313,1,1,9,612.5477229794603
11317,1,1,10,526.9247490716094
11333,1,1,6,766.9492775447901
11340,1,1,8,491.444461256463
11360,1,1,2,461.9149862044353
11394,1,1,9,380.87834354767193
11408,1,1,8,944.6985165788769
11409,1,1,4,0.42645458358136
11421,1,1,8,718.674632722467
11440,1,1,9,542.4886848866831
11473,1,1,3,78.85162058045425
11479,1,1,2,481.9309479871913
11483,1,1,10,408.8191025007117
11506,1,1,4,0.42645458358136
11525,1,1,9,607.0466389037159
11557,1,1,9,634.9029925619052
11574,1,1,5,0.42645457969393247
11582,1,1,1,729.1189328212931
11612,1,1,9,614.4005695128949
11625,1,1,8,782.079815043372
11644,1,1,9,85.4907447963322
11653,1,1,6,498.5700755887648
11666,1,1,6,776.6961747154915
11673,1,1,4,0.4264545919581291
11692,1,1,5,0.42645457969393247
11706,1,1,8,461.43053514076416
11715,1,1,9,525.2680046828793
11747,1,1,1,711.095552341443
11754,1,1,9,853.1408607366842
11755,1,1,3,63.5246373620499
11768,1,1,8,728.4105667888759
11785,1,1,5,0.42645457969393247
11787,1,1,8,540.1395010362759
11796,1,1,7,56.870987481575256
11815,1,1,6,505.66758052844483
11816,1,1,8,630.313380273689
11834,1,1,7,155.4851400347292
11838,1,1,9,495.21810129115454
11851,1,1,10,338.9179093453917
11858,1,1,4,0.42645458358136
11874,1,1,4,0.42645458358136
11877,1,1,7,149.16858460637133
11881,1,1,8,943.3440231787168
11890,1,1,6,577.0007001081328
11905,1,1,3,55.794771322793274
11912,1,1,1,253.60271012552195
11914,1,1,6,573.7868586754539
11918,1,1,9,390.32648332323106
11931,1,1,4,0.42645458358136
11933,1,1,4,0.42645458358136
11937,1,1,5,0.42645457969393247
11943,1,1,9,840.5800199834132
11973,1,1,1,614.4836418338655
11990,1,1,8,572.6261002782097
12011,1,1,9,182.99950107324
12030,1,1,8,723.0289939350325
12034,1,1,7,91.1686022019412
12037,1,1,4,0.42645458358136
12060,1,1,10,679.4627028984243
12085,1,1,9,854.7963304965953
12108,1,1,4,0.42645458358136
12130,1,1,4,0.42645458358136
12148,1,1,1,648.3190224974687
12152,1,1,4,0.42645458358136
12165,1,1,4,0.42645458358136
12182,1,1,1,660.0878882184683
12183,1,1,5,0.42645457969393247
12186,1,1,9,490.6820197235191
12197,1,1,10,503.45696144972305
12216,1,1,4,0.42645458358136
12217,1,1,5,0.42645457969393247
12231,1,1,4,0.42645458358136
12239,1,1,5,0.42645457969393247
12248,1,1,6,722.0081337074533
12255,1,1,9,884.1305176299738
12267,1,1,9,512.5367652191466
12270,1,1,1,164.3002290301543
12271,1,1,10,638.7679233121389
12288,1,1,8,477.9227209880158
12289,1,1,9,802.1843163892773
12290,1,1,4,0.42645458358136
12315,1,1,10,634.3667000508043
12318,1,1,2,465.4537628600231
12347,1,1,9,863.8949687242987
12368,1,1,9,607.3601873823732
12400,1,1,9,880.3098888601945
12412,1,1,9,474.57104541567566
12421,1,1,9,359.91040669066876
12425,1,1,6,448.93165052081395
12426,1,1,1,318.04787572818935
12446,1,1,4,0.42645458358136
12458,0,1,0,0.061499859325754434
12475,1,1,10,722.1020618036242
12500,1,1,6,720.1748331810791
12502,1,1,1,241.25162620069605
12521,1,1,7,91.46425006604743
12533,1,1,5,0.42645457969393247
12544,1,1,8,893.8183230834799
12546,1,1,4,0.42645458358136
12552,1,1,8,914.9264342601118
12553,1,1,9,880.0991571555682
12555,1,1,4,0.42645458358136
12556,1,1,8,373.47097406907847
12568,1,1,4,0.42645458358136
12581,1,1,4,0.42645458358136
12608,1,1,6,604.6855900570082
12610,1,1,4,0.42645458358136
12616,1,1,4,0.42645458358136
12622,1,1,6,723.2462064385173
12623,1,1,9,828.6167982637639
12626,1,1,9,761.9912876445436
12630,1,1,5,0.42645457969393247
12635,1,1,5,0.42645457969393247
12640,1,1,5,0.42645457969393247
12679,1,1,6,467.1770297354449
12681,1,1,1,739.7759206668138
12687,1,1,9,885.1513444433633
12715,1,1,8,633.518943752459
12722,1,1,9,812.383953409783
12745,1,1,10,321.81242613117024
12757,1,1,5,0.42645457969393247
12777,1,1,4,0.42645458358136
12786,1,1,9,810.9262066841608
12789,1,1,5,0.42645457969393247
12799,1,1,8,458.47644888902084
12803,1,1,8,764.5378098997131
12818,1,1,6,797.0470724233052
12819,1,1,8,306.54408686996686
12828,1,1,8,388.2415452979548
12837,1,1,9,405.156374618014
12862,1,1,8,543.9480815961151
12866,1,1,8,644.5258996745041
12868,1,1,8,305.92999819618865
12896,1,1,8,595.1773843761574
12905,1,1,8,341.9990076496227
12913,1,1,6,643.4426805586924
12923,1,1,9,692.6516607695185
12942,1,1,9,583.1582573792663
12961,1,1,6,379.97650085567403
12963,1,1,1,458.0875251517321
12964,1,1,5,0.42645457969393247
12969,1,1,10,669.8925897458167
12999,1,1,6,514.0385105444334
13010,1,1,8,756.290627665287
13022,1,1,9,825.1218193279256
13037,1,1,5,0.42645457969393247
13056,1,1,6,353.86829253004873
13084,1,1,6,347.9808986235913
13087,1,1,1,708.4184359541587
13096,1,1,7,81.20547873650338
13100,1,1,9,195.29144515686028
13105,1,1,8,356.42698735999005
13114,1,1,9,889.8372808462572
13126,1,1,9,544.6138925832116
13151,1,1,10,509.32087435801435
13163,1,1,10,717.5068981733164
13172,1,1,9,414.6994970993512
13174,1,1,8,405.1554828192687
13195,1,1,6,784.3121636037553
13222,1,1,8,164.38228841697435
13235,1,1,10,163.81191110759087
13249,1,1,6,734.2421988986462
13253,1,1,4,0.42645458358136
13261,1,1,6,721.2941048976402
13291,1,1,6,461.30915360748946
13294,1,1,6,331.7931366200588
13312,1,1,10,307.8990036867896
13315,1,1,6,702.9993332177704
13339,1,1,8,137.52429444654504
13347,1,1,2,129.94908831822138
13361,1,1,10,722.8533935248735
13369,1,1,9,571.9950260660838
13372,1,1,3,74.9438607044537
13377,1,1,8,792.7936860249072
13382,1,1,9,711.50624922756
13394,1,1,5,0.42645457969393247
13406,1,1,10,451.8259616281821
13415,1,1,8,925.5343793040026
13422,1,1,6,635.9693802804001
13438,1,1,9,382.27878235512486
13446,1,1,1,580.2032670377906
13458,1,1,6,756.0895361122231
13473,1,1,6,698.4325124068733
13487,1,1,5,0.42645456789925423
13508,1,1,8,560.6182393084505
13511,1,1,9,380.7527632376941
13515,1,1,9,769.6288937837758
13540,1,1,8,612.6890488712677
13573,1,1,10,269.51949935483145
13583,1,1,8,299.72542852254594
13592,1,1,6,597.8103741857162
13597,1,1,9,558.296280832558
13613,1,1,8,704.8301454215512
13616,1,1,5,0.42645457969393247
13618,1,1,8,721.3164690674635
13628,1,1,4,0.42645458358136
13640,1,1,6,557.886173696047
13643,1,1,7,138.59116926769352
13646,1,1,4,0.42645458358136
13650,1,1,10,397.39361676984487
13655,1,1,10,357.29256658162194
13657,1,1,7,129.93657936022993
13659,1,1,8,885.425477389968
13680,1,1,4,0.42645458358136
13681,1,1,9,436.51310105767135
13702,1,1,10,444.1514260008485
13703,1,1,6,369.0427659645069
13729,1,1,9,860.135121845928
13739,1,1,2,400.7533337738614
13740,1,1,2,272.2096314704059
13767,1,1,10,618.1822067771869
13770,1,1,1,511.4594596539785
13797,1,1,9,176.79895154356117
13812,1,1,2,207.572287728655
13836,1,1,4,0.4264545919581291
13853,1,1,6,770.469024996028
13860,1,1,9,592.7525657412463
13870,1,1,9,795.2104232145097
13874,1,1,4,0.42645458358136
13880,1,1,4,0.42645458358136
13915,1,1,2,470.00258118343163
13923,1,1,10,653.6293482345515
13928,1,1,9,594.1254326297706
13937,1,1,8,497.9094477038136
13946,1,1,7,171.91145561905236
13958,1,1,4,0.42645458358136
13962,1,1,4,0.42645458358136
13963,1,1,9,886.243090003054
13964,1,1,10,291.62861823469126
13980,1,1,8,421.35879743896
13996,1,1,9,807.3463410549246
14012,1,1,9,194.16590596798986
14028,1,1,9,789.0737232941672
14031,1,1,1,668.4802927142814
14052,1,1,7,172.97914376607696
14071,1,1,4,0.42645458358136
14075,1,1,7,168.35339320247894
14079,1,1,7,127.58399432768553
14087,1,1,5,0.42645457969393247
14109,1,1,8,697.3979897208399
14111,1,1,9,788.0572357999073
14113,1,1,5,0.42645457969393247
14117,1,1,4,0.42645458358136
14122,1,1,10,440.27614102167837
14126,1,1,4,0.42645458358136
14127,1,1,3,92.82423961281353
14128,1,1,4,0.4264545919581291
14131,1,1,8,781.0844019432207
14144,1,1,6,737.696211589689
14168,1,1,5,0.42645457969393247
14187,1,1,9,383.840745567035
14190,1,1,6,532.1118898172374
14195,1,1,9,612.5502182934671
14203,0,1,0,0.06261887285674994
14213,1,1,6,297.7384492980067
14215,1,1,9,814.3206347910289
14228,1,1,5,0.42645457969393247
14230,1,1,3,74.08732883527483
14237,1,1,4,0.42645458358136
14248,1,1,8,943.2318720294185
14256,1,1,5,0.42645457969393247
14259,1,1,8,203.08505369907604
14270,1,1,10,181.56134809913513
14279,1,1,6,647.8469779234537
14296,1,1,10,379.92298442101577
14298,1,1,6,217.74364064537903
14301,1,1,4,0.42645458358136
14306,1,1,6,322.3469227237537
14328,1,1,9,304.57626194887223
14334,1,1,8,556.4089577577155
14343,1,1,4,0.42645458358136
14344,1,1,7,132.63759194854651
14346,1,1,6,721.7344058368467
14368,1,1,2,435.03759120685373
14372,1,1,10,244.5438413432523
14381,1,1,10,251.53131316496598
14407,1,1,6,615.2638270021959
14416,1,1,1,235.1065288637146
14443,1,1,8,158.32941098954092
14449,1,1,7,60.290654773723205
14458,1,1,8,520.2488507951099
14459,1,1,5,0.42645457969393247
14463,1,1,1,461.49440922207714
14465,1,1,5,0.42645457969393247
14466,1,1,6,721.135879124617
14474,1,1,9,717.3449979407088
14498,1,1,9,826.2041965163261
14526,1,1,8,517.8855754787517
14527,1,1,2,407.06909006475826
14533,1,1,9,360.29449171844703
14545,1,1,5,0.42645457969393247
14565,1,1,6,716.721748839344
14569,1,1,9,523.5503018512188
14589,1,1,6,789.3281620893283
14590,1,1,4,0.42645458358136
14593,1,1,9,875.7226873073234
14598,1,1,9,234.55744524268366
14624,1,1,10,421.91342942766653
14629,1,1,9,553.1090489019664
14639,1,1,4,0.42645458358136
14641,1,1,8,302.5681132190926
14648,1,1,1,258.73938073162066
14654,1,1,5,0.42645457969393247
14671,1,1,8,753.6487489659759
14691,1,1,9,761.7057613618326
14714,1,1,10,720.6440521536994
14715,1,1,5,0.42645457969393247
14716,1,1,9,160.99320724984872
14726,1,1,6,189.29613742719945
14730,1,1,6,702.5037068314139
14740,1,1,4,0.4264545919581291
14747,1,1,9,470.55244981798063
14750,1,1,1,588.8342796352824
14754,1,1,6,557.9981375934933
14782,1,1,9,536.508233027516
14786,1,1,9,483.3851285238061
14795,1,1,10,649.4825066431433
14815,1,1,6,416.3639103905835
14822,1,1,9,47.407946179810295
14830,1,1,3,92.51497090043969
14853,1,1,4,0.42645458358136
14866,1,1,7,55.0292958322465
14872,1,1,9,720.8335974744532
14874,1,1,8,662.2162363871095
14899,1,1,7,172.81355954826415
14918,1,1,6,762.7127881268295
14926,1,1,6,778.1479417775698
14938,1,1,10,438.96744324919126
14942,1,1,7,76.93259553178433
14949,1,1,4,0.42645458358136
14954,1,1,8,864.4975185451386
14968,1,1,8,392.1070396182034
14981,1,1,6,752.4273038879348
14982,1,1,4,0.42645458358136
15006,1,1,3,89.17978779807987
15014,1,1,6,798.3131156553071
15032,1,1,1,560.4351390824428
15044,1,1,9,253.03302490930497
15045,1,1,5,0.42645457969393247
15048,1,1,4,0.42645458358136
15049,1,1,6,655.2091021602323
15077,1,1,2,488.10532551580656
15090,1,1,10,270.31220700987575
15108,1,1,9,135.2483152817137
15127,0,1,0,0.12153401835871272
15138,1,1,8,891.8154284333503
15143,1,1,1,286.3829187075894
15144,1,1,5,0.42645457969393247
15151,1,1,6,428.44498711835973
15157,1,1,6,684.2311026514718
15159,1,1,10,408.159507729909
15163,1,1,6,794.5512360056434
15174,1,1,6,483.8269931393146
15198,1,1,9,693.298719622861
15218,1,1,6,627.6783988701893
15220,1,1,4,0.42645458358136
15261,1,1,8,735.7567679422532
15266,1,1,8,303.1683269213362
15275,1,1,8,568.7175270366414
15291,1,1,1,364.15967450447835
15305,1,1,9,448.92095749223506
15308,1,1,6,805.6139157741875
15317,1,1,9,562.7451286840934
15327,1,1,6,720.9453909065538
15332,1,1,2,92.0078488622547
15341,1,1,4,0.42645458358136
15357,1,1,6,643.2457375774596
15377,1,1,10,449.32071849762275
15389,1,1,1,237.44500639996048
15398,1,1,8,741.3391858309868
15405,1,1,5,0.42645457969393247
15412,1,1,9,306.1362267297266
15416,1,1,1,261.5234189297552
15418,1,1,6,483.1894929776076
15419,1,1,9,701.2234279140447
15430,1,1,5,0.42645456789925423
15439,1,1,10,235.5575344176355
15440,1,1,5,0.42645457969393247
15444,1,1,6,610.6840339074677
15448,1,1,10,253.6734610028611
15481,1,1,9,593.3634791022895
15482,1,1,1,500.3992058089452
15495,1,1,6,737.6570325854511
15499,1,1,2,252.15062042345616
15509,1,1,8,211.557607659328
15515,1,1,8,185.1709662728959
15535,1,1,5,0.42645457969393247
15544,1,1,1,230.87730560204412
15549,1,1,5,0.42645457969393247
15563,1,1,9,803.979307629755
15564,1,1,6,761.9686587650298
15565,1,1,5,0.42645457969393247
15571,1,1,10,112.9162852688977
15585,1,1,4,0.42645458358136
15602,1,1,10,176.5332641354361
15668,1,1,10,283.74294620314663
15673,1,1,8,385.3033235304656
15705,1,1,8,506.74541094140915
15708,1,1,1,492.7352589315492
15711,1,1,3,74.36122153885361
15746,1,1,7,123.57407624931405
15750,1,1,9,807.9989542130824
15779,1,1,10,333.62012443775035
15780,1,1,4,0.42645458358136
15797,1,1,5,0.42645457969393247
15812,1,1,6,794.4218300768642
15813,1,1,10,614.5223604815908
15839,1,1,4,0.4264545919581291
15845,1,1,6,620.289920402385
15847,1,1,5,0.42645457969393247
15849,1,1,10,360.8687721284178
15875,1,1,5,0.42645457969393247
15877,1,1,6,616.9549032907075
15888,1,1,4,0.42645458358136
15894,1,1,7,122.86532745823366
15912,1,1,7,148.90238454892713
15917,1,1,5,0.42645457969393247
15924,1,1,1,518.3978127490363
15933,1,1,10,614.628363625197
15946,1,1,2,366.81658057616545
15952,1,1,9,630.1942036456163
15962,1,1,10,524.1383449946695
15970,1,1,1,396.9856580299181
16019,1,1,4,0.42645458358136
16020,1,1,9,559.7087502503007
16030,1,1,9,382.6407863497814
16033,1,1,4,0.42645458358136
16055,1,1,10,445.6635094981018
16059,1,1,5,0.42645457969393247
16115,1,1,5,0.42645457969393247
16124,1,1,4,0.42645458358136
16135,1,1,6,769.3656587729627
16169,1,1,6,811.3567316742856
16177,1,1,5,0.42645457969393247
16182,1,1,1,632.3808169129268
16189,1,1,4,0.42645458358136
16191,1,1,2,407.1443786688852
16193,1,1,1,271.10893865360555
16232,1,1,6,313.00961135755006
16237,1,1,8,808.6997902792796
16239,1,1,9,473.1799295927314
16241,1,1,9,854.3660399283006
16243,1,1,9,539.0792406807974
16249,1,1,10,501.66633068101766
16251,1,1,3,92.259262527541
16257,0,1,0,0.11597073240064447
16261,1,1,6,731.5509868418349
16264,1,1,8,560.6328652156872
16281,1,1,4,0.42645458358136
16307,1,1,7,157.76433913165639
16316,1,1,7,117.66036927136294
16321,1,1,4,0.42645458358136
16323,1,1,6,544.7456368007385
16329,1,1,6,382.9500748417654
16330,1,1,1,497.99279538133584
16378,1,1,8,389.55565765049647
16384,1,1,9,872.4677120541666
16387,1,1,3,84.17900432011155
16396,1,1,9,478.68029837598846
16417,1,1,5,0.42645457969393247
16428,1,1,5,0.42645457969393247
16432,1,1,6,379.4426726728285
16435,1,1,9,513.2755143240821
16468,1,1,9,614.761101936122
16484,1,1,4,0.42645458358136
16489,1,1,8,902.7237292353406
16512,1,1,9,340.8036211874635
16521,1,1,4,0.42645458358136
16526,1,1,9,404.319902388383
16527,1,1,5,0.42645457969393247
16530,1,1,6,764.545147154501
16534,1,1,7,83.42659094249555
16547,1,1,9,823.0235618049974
16568,1,1,5,0.42645457969393247
16585,1,1,10,498.50357731194504
16586,1,1,6,772.7190960023985
16591,1,1,5,0.42645457969393247
16610,1,1,6,524.9874534622746
16626,1,1,9,792.1180023673329
16632,1,1,8,582.0723415246547
16642,1,1,8,595.6271861077271
16644,1,1,4,0.42645458358136
16659,1,1,1,429.7582061413007
16664,1,1,5,0.42645457969393247
16672,1,1,10,272.8669383698289
16678,1,1,3,90.8699632175794
16691,1,1,5,0.42645457969393247
16712,1,1,4,0.42645458358136
16715,1,1,5,0.42645457969393247
16727,1,1,6,136.97938995924792
16729,1,1,9,884.3459490229
16748,1,1,9,825.6926976236792
16771,1,1,9,860.0641896505382
16785,1,1,5,0.42645457969393247
16808,1,1,6,748.4477461843328
16810,1,1,10,589.2627993443351
16811,1,1,10,560.940425698911
16815,1,1,10,308.35025414801856
16817,1,1,6,375.0726849455546
16818,1,1,1,508.56005621936544
16822,1,1,10,449.10842980098175
16828,1,1,6,786.3757212013817
16831,1,1,4,0.4264545919581291
16837,1,1,2,201.55383300084176
16839,1,1,6,785.9864958001582
16846,1,1,8,590.8440838258321
16849,1,1,1,264.4953289185733
16864,1,1,8,457.03166107534656
16874,1,1,6,619.7668996213229
16877,1,1,5,0.42645457969393247
16884,1,1,6,452.58465046185546
16890,1,1,7,108.00392229653617
16906,1,1,8,346.53064340745414
16924,1,1,6,545.5139585027508
16949,1,1,9,497.99177626674395
16958,1,1,7,161.27185018863742
16968,1,1,10,651.3376674795544
16972,1,1,5,0.42645457969393247
16973,1,1,4,0.42645458358136
16991,1,1,6,237.51410941036335
16999,1,1,5,0.42645457969393247
17003,1,1,5,0.42645457969393247
17006,1,1,6,777.6137937773274
17015,1,1,9,653.602478892078
17021,1,1,4,0.42645458358136
17029,1,1,10,653.5690631335204
17036,1,1,9,848.3921141779067
17044,1,1,6,725.8324208989126
17050,1,1,9,387.341706528455
17054,1,1,8,336.1479437845847
17087,1,1,10,333.25493159600006
17090,1,1,2,467.6873250625225
17092,1,1,4,0.42645458358136
17093,1,1,8,324.8177801084676
17094,1,1,4,0.4264545919581291
17103,1,1,5,0.42645456789925423
17120,1,1,8,589.1339743720536
17123,1,1,10,719.6937308791437
17142,1,1,6,306.16039429669524
17148,1,1,4,0.42645458358136
17151,1,1,8,498.16126779058817
17158,1,1,9,824.689224887571
17166,1,1,4,0.42645458358136
17170,1,1,6,684.0371130969268
17175,1,1,5,0.42645457969393247
17183,1,1,10,682.9588189724403
17188,1,1,9,729.1788734040962
17191,1,1,10,376.5619909744893
17204,1,1,1,349.59843892099406
17221,1,1,9,851.0824014001213
17223,1,1,8,761.2055710788567
17233,1,1,3,90.96211419249377
17251,1,1,10,559.9990568127474
17265,1,1,10,228.5204836282338
17266,1,1,4,0.42645458358136
17267,1,1,9,866.9533561198413
17278,1,1,4,0.42645458358136
17279,1,1,5,0.42645457969393247
17292,1,1,3,50.11060526498006
17293,1,1,10,374.32621199063874
17298,1,1,5,0.42645457969393247
17316,1,1,8,312.5316916003812
17351,1,1,9,635.9202062249724
17371,1,1,6,721.9869071113376
17372,1,1,9,566.0169078271679
17384,1,1,8,525.9065816722975
17387,1,1,7,107.15547004722674
17395,1,1,6,793.8016480375595
17403,1,1,7,158.7648569433822
17407,1,1,6,448.8720164974445
17408,1,1,10,312.1542318217197
17413,1,1,4,0.42645458358136
17419,1,1,10,184.39104034303315
17452,1,1,6,401.08907614047155
17456,1,1,4,0.42645458358136
17459,1,1,2,463.0482581367577
17465,1,1,6,741.9480820764961
17480,1,1,6,791.5016108348293
17481,1,1,8,387.451266232439
17489,1,1,10,376.3033204493672
17493,1,1,8,183.09786921189357
17498,1,1,2,311.18498666617415
17499,1,1,6,595.6094744666464
17514,1,1,4,0.42645458358136
17516,1,1,10,357.8947476691053
17541,1,1,9,71.67346880358701
17548,1,1,7,169.4753212597708
17549,1,1,9,366.3414600286274
17559,1,1,4,0.42645458358136
17568,1,1,8,787.3484686479712
17569,1,1,10,254.56447644000752
17571,1,1,10,441.0443662878138
17577,0,1,0,0.14514981189234205
17589,1,1,4,0.42645458358136
17604,1,1,8,930.9593865205923
17611,1,1,10,462.6863936004153
17612,1,1,10,647.0346231714317
17645,1,1,8,141.13712063133113
17651,1,1,6,535.3597200222811
17652,1,1,6,516.5529436761145
17654,1,1,6,783.6017471325449
17660,1,1,5,0.42645457969393247
17678,0,1,0,0.11039418407445883
17692,1,1,4,0.42645458358136
17705,1,1,1,747.7266887288073
17726,1,1,9,697.529532540383
17735,1,1,5,0.42645457969393247
17742,1,1,8,754.3959537936968
17750,1,1,9,365.31012105955637
17756,1,1,5,0.42645457969393247
17758,1,1,4,0.42645458358136
17760,1,1,10,674.6662894117295
17773,1,1,10,721.0005759885314
17778,1,1,6,443.2039696531614
17779,1,1,9,204.59568352428514
17796,1,1,6,289.7618253388623
17886,1,1,5,0.42645457969393247
17890,1,1,9,602.6080526912489
17898,1,1,5,0.42645457969393247
17925,1,1,10,598.3149488111508
17931,1,1,1,268.22370734532365
17936,1,1,6,450.63089074127043
17940,1,1,3,47.736032548323074
17962,1,1,10,719.7935891485367
17996,1,1,6,581.2293090643894
17997,1,1,9,553.1522719395455
18021,1,1,10,666.5045866224248
18023,1,1,8,454.4351759788835
18024,1,1,9,810.0647872773283
18029,1,1,1,540.5161592378525
18040,1,1,4,0.4264545919581291
18062,1,1,5,0.42645456789925423
18071,1,1,9,706.8660444535108
18072,1,1,9,634.4177834363927
18080,1,1,9,859.9000441664134
18084,1,1,8,791.269871277416
18116,1,1,3,90.11346236981383
18121,1,1,5,0.42645457969393247
18122,1,1,6,561.9376340191625
18131,1,1,5,0.42645457969393247
18135,1,1,5,0.42645457969393247
18140,1,1,5,0.42645457969393247
18158,1,1,10,719.300932109463
18160,1,1,5,0.42645457969393247
18168,1,1,5,0.42645457969393247
18169,1,1,8,793.5049630828981
18181,1,1,4,0.42645458358136
18185,1,1,9,645.0954859864792
18204,1,1,10,143.86718991967626
18208,1,1,9,530.3333342092227
18234,1,1,9,124.57446718520491
18245,1,1,4,0.42645458358136
18252,1,1,6,783.449135506239
18277,1,1,9,876.7375858071098
18282,1,1,4,0.42645458358136
18286,1,1,9,732.3524929301467
18297,1,1,9,887.411556351226
18300,1,1,5,0.42645457969393247
18310,1,1,4,0.42645458358136
18331,1,1,4,0.42645458358136
18341,1,1,5,0.42645457969393247
18396,1,1,5,0.42645457969393247
18415,1,1,7,159.902535208482
18419,1,1,9,126.89379268432135
18420,1,1,6,320.7912097286242
18422,1,1,9,658.353841278582
18426,1,1,8,520.5366278342034
18440,1,1,5,0.42645457969393247
18443,1,1,10,449.02721931535575
18448,1,1,10,523.4382625306113
18465,1,1,10,641.9504357580092
18467,1,1,6,508.511026304704
18472,1,1,5,0.42645457969393247
18497,1,1,6,534.0996671193305
18508,1,1,8,416.19790237896154
18509,1,1,10,154.78914907014916
18526,1,1,6,780.9251689319485
18537,1,1,9,734.5073981914584
18544,1,1,10,702.8722381163617
18558,1,1,5,0.42645457969393247
18566,1,1,7,102.20353384256069
18576,1,1,1,378.78435438858077
18579,1,1,5,0.42645457969393247
18584,1,1,8,555.0704672526199
18590,1,1,5,0.42645457969393247
18593,1,1,6,663.2852260512848
18599,1,1,9,582.8761384081516
18600,1,1,4,0.42645458358136
18602,1,1,9,818.2557531036562
18605,1,1,9,591.4787041178439
18607,1,1,10,718.2025746470703
18608,1,1,8,589.8672112666723
18624,1,1,6,258.32164795484107
18649,1,1,6,699.6978330101149
18676,1,1,9,845.2054401319089
18680,1,1,6,607.9011113547267
18713,1,1,8,503.58194222349783
18723,1,1,6,773.0316680224249
18728,1,1,6,676.5763510041777
18734,1,1,4,0.42645458358136
18743,1,1,9,761.6066668273173
18752,1,1,9,879.8020031320615
18776,1,1,9,761.3514020017774
18786,1,1,10,413.4101873038241
18808,1,1,1,416.3074607760655
18823,1,1,7,102.63979812355029
18839,1,1,9,746.0265374261245
18840,1,1,3,87.78156956476262
18857,1,1,10,721.6338777448142
18873,1,1,2,114.24423570589991
18877,1,1,5,0.42645457969393247
18913,1,1,10,558.9380584627836
18920,1,1,4,0.42645458358136
18932,1,1,8,498.42929738943525
18938,1,1,9,785.0087402666724
18952,1,1,7,137.89437744950934
18953,1,1,8,421.21484451706243
18966,1,1,7,120.28387342272681
18970,1,1,9,879.6921414234596
18972,1,1,4,0.42645458358136
18974,1,1,5,0.42645457969393247
18985,1,1,4,0.42645458358136
19007,1,1,2,227.5682129818415
19012,1,1,8,521.2691278828397
19062,0,1,0,0.10287891372859022
19069,1,1,1,388.67794599521034
19077,1,1,5,0.42645456789925423
19086,1,1,8,652.5641700819106
19112,1,1,10,388.56807099519585
19116,1,1,10,97.86782523396933
19122,1,1,9,210.590272431918
19134,1,1,9,885.2022770772153
19138,1,1,6,745.8049505871098
19139,1,1,9,59.14345809300779
19140,1,1,10,443.6905317889054
19147,1,1,2,452.2783250705221
19149,1,1,6,207.9266398687391
19153,1,1,3,84.12700270387904
19155,1,1,9,611.7485733915239
19157,1,1,7,137.65486909182397
19172,1,1,6,809.7411005153508
19187,1,1,5,0.42645457969393247
19198,1,1,7,2.7589928392524055
19210,1,1,4,0.42645458358136
19235,1,1,6,764.0951276426607
19238,1,1,4,0.42645458358136
19252,1,1,3,91.8660600597026
19259,1,1,8,912.7108282923922
19263,1,1,9,615.7894177784523
19283,1,1,1,743.4137611267232
19313,1,1,4,0.42645458358136
19320,1,1,9,861.1612118644548
19322,1,1,7,141.7035266767905
19327,1,1,6,401.74737246561006
19336,1,1,1,161.7962707515163
19355,1,1,9,883.5264928591165
19366,1,1,9,845.7836110196519
19380,1,1,4,0.42645458358136
19391,1,1,6,806.593542163561
19408,1,1,4,0.4264545919581291
19414,1,1,5,0.42645457969393247
19417,1,1,6,369.53010529148065
19423,1,1,6,316.5972963422247
19428,1,1,3,40.75606177503158
19432,1,1,8,461.397929894824
19453,1,1,7,135.46312505837747
19456,1,1,6,558.3528676132681
19461,1,1,5,0.42645457969393247
19462,1,1,8,314.16804871435926
19475,1,1,8,578.7238218902202
19481,1,1,9,280.43298829177706
19488,1,1,8,949.7609461502603
19489,0,1,0,0.11097038678678331
19490,1,1,4,0.42645458358136
19495,1,1,10,243.84428381014564
19508,1,1,8,811.308242355
19511,1,1,8,712.3880794029666
19521,1,1,4,0.42645458358136
19534,1,1,6,534.8268537518313
19556,1,1,4,0.42645458358136
19565,1,1,1,488.88104400928097
19566,1,1,2,460.3714774950737
19567,1,1,1,449.45781510847735
19573,1,1,4,0.42645458358136
19592,1,1,9,204.27578311471964
19601,1,1,6,521.6505262086863
19610,1,1,6,198.02081302356467
19612,1,1,9,675.0071793476347
19614,1,1,5,0.42645457969393247
19623,1,1,9,619.5911928356634
19629,1,1,9,431.21897648506854
19640,1,1,5,0.42645456789925423
19652,1,1,6,537.2057200528292
19658,1,1,9,865.7188789582472
19671,1,1,6,779.931392280879
19704,1,1,9,577.1816746591107
19707,1,1,6,487.4177758062593
19748,1,1,6,211.97890355541003
19763,1,1,6,791.5108787701331
19776,1,1,10,711.6077624334545
19787,1,1,7,132.6565404667866
19811,1,1,6,549.3530149835938
19812,1,1,4,0.42645458358136
19829,1,1,4,0.42645458358136
19834,1,1,1,493.2215602748364
19840,1,1,4,0.42645458358136
19849,1,1,8,591.3965648175927
19860,1,1,9,664.8698578046727
19865,1,1,10,397.48854768648846
19873,1,1,6,478.3436444822079
19875,1,1,6,552.0235135040456
19884,1,1,9,421.3844321551335
19895,1,1,8,377.56618856722764
19900,1,1,3,79.46817857796644
19901,1,1,4,0.42645458358136
19904,1,1,6,487.45467927241805
19915,1,1,5,0.42645457969393247
19917,1,1,1,330.63293585088013
19919,1,1,8,279.481117925411
19940,1,1,10,219.82757176767325
19953,1,1,5,0.42645457969393247
19956,1,1,10,125.4587341476774
19958,1,1,6,781.5731518388511
19967,1,1,6,214.71798683294907
19978,1,1,4,0.42645458358136
19986,1,1,9,612.9713774260141
19999,1,1,1,170.3559903087509
20001,1,1,9,404.8332515731411
20005,1,1,6,769.8501915560746
20012,1,1,3,85.66974495401843
20024,1,1,4,0.42645458358136
20042,1,1,5,0.42645457969393247
20048,1,1,9,135.70050410325143
20064,1,1,10,659.5402820468128
20068,1,1,5,0.42645457969393247
20083,1,1,4,0.42645458358136
20084,1,1,1,675.5856488131649
20106,1,1,8,293.20106433167615
20120,1,1,4,0.42645458358136
20129,1,1,6,722.0469590010626
20135,1,1,5,0.42645457969393247
20164,1,1,8,528.0218622169726
20177,1,1,6,532.4521934999954
20178,1,1,4,0.42645458358136
20191,1,1,8,497.9365369140916
20202,1,1,1,743.4343825508944
20205,1,1,8,258.4068464979448
20206,1,1,9,729.7744815272571
20210,1,1,5,0.42645457969393247
20215,1,1,10,449.4928358608042
20227,1,1,4,0.42645458358136
20231,1,1,6,424.63297387611334
20277,1,1,5,0.42645457969393247
20283,1,1,8,200.39217982179764
20291,1,1,9,373.4550312004757
20292,1,1,5,0.42645456789925423
20307,1,1,9,369.94596610489833
20315,1,1,8,252.10137149623677
20333,0,1,0,0.15746825959977256
20345,1,1,8,484.422796524343
20355,1,1,5,0.42645457969393247
20365,1,1,5,0.42645457969393247
20371,1,1,7,169.5473795950494
20384,1,1,6,185.10724345126917
20397,1,1,9,617.8413808689791
20399,1,1,6,372.5740036758894
20400,1,1,6,762.150225550732
20402,1,1,9,156.32537785739657
20425,1,1,10,711.4773666561911
20439,1,1,10,333.7217780099453
20446,1,1,1,608.7100508968041
20453,1,1,8,496.0294648210067
20456,1,1,9,315.8239568078387
20458,1,1,5,0.42645457969393247
20469,1,1,4,0.42645458358136
20470,1,1,6,538.2144320014298
20476,1,1,4,0.42645458358136
20481,1,1,8,697.5289617144082
20497,1,1,1,603.2420637854794
20500,1,1,6,562.1996269581157
20504,1,1,4,0.42645458358136
20524,1,1,7,82.76333054545064
20540,1,1,6,806.4528528922662
20549,1,1,5,0.42645457969393247
20553,1,1,3,70.73223595500244
20557,1,1,8,752.2845126674936
20559,1,1,4,0.4264545919581291
20565,1,1,5,0.42645456789925423
20568,1,1,8,884.3997903956563
20569,1,1,6,784.795488730448
20574,0,1,0,0.11706291566042065
20584,1,1,6,522.6180208607797
20613,1,1,4,0.42645458358136
20629,1,1,4,0.42645458358136
20639,1,1,9,363.6611376815367
20643,1,1,9,828.9414293412818
20653,1,1,4,0.42645458358136
20654,1,1,8,674.2920583362647
20657,1,1,9,497.3297401345526
20659,1,1,5,0.42645457969393247
20660,1,1,8,332.8271758356333
20668,1,1,9,689.395812923119
20727,1,1,10,434.17241652855364
20759,1,1,9,117.97800647935377
20765,1,1,6,773.3826350102867
20781,1,1,8,318.2868948840271
20803,1,1,5,0.42645457969393247
20823,1,1,9,509.45344316511466
20826,1,1,9,826.3276176609645
20828,1,1,9,383.4418491799644
20855,1,1,3,38.064091340541516
20867,1,1,4,0.42645458358136
20870,1,1,8,296.55323103834723
20871,1,1,9,523.4521132938642
20873,1,1,7,156.79752580857448
20877,1,1,4,0.42645458358136
20889,1,1,1,719.3931111076141
20891,1,1,10,460.5174502063128
20893,1,1,9,801.1674575744512
20914,1,1,8,511.4907108762891
20915,1,1,6,479.757234013676
20929,1,1,4,0.42645458358136
20944,1,1,8,554.8257334602239
20961,1,1,6,798.29546731643
20989,1,1,10,566.2102021416193
20990,1,1,8,667.1556124838513
20992,1,1,10,256.0224211295782
20993,1,1,6,421.21226461079203
20999,1,1,1,675.6303506662455
21007,1,1,9,278.02024605940875
21023,1,1,9,891.159488004841
21026,1,1,6,743.3957823227607
21030,1,1,9,659.4702648970673
21040,1,1,8,571.7989983852281
21043,1,1,3,61.11064582912167
21055,1,1,10,510.25735439535606
21056,1,1,6,329.89143948256014
21059,1,1,6,336.17477908440884
21063,1,1,2,380.92643635311566
21069,1,1,3,91.38409637282733
21085,1,1,6,759.4520905284961
21099,1,1,4,0.42645458358136
21104,1,1,9,154.15731944438042
21105,1,1,5,0.42645457969393247
21108,1,1,10,716.4648822352552
21148,1,1,1,325.4347920290864
21189,1,1,8,309.6167816930483
21193,1,1,2,390.0461497510964
21202,1,1,9,298.22055490222704
21209,1,1,3,75.36123056638988
21222,1,1,8,837.4126194780954
21227,1,1,8,557.7251100558871
21234,1,1,4,0.42645458358136
21236,1,1,4,0.42645458358136
21238,1,1,3,91.82920869281686
21249,1,1,3,93.59493590429257
21261,1,1,8,426.53329795047404
21265,1,1,3,91.84130413393714
21273,1,1,2,476.43607087696574
21274,1,1,9,386.67613672850854
21277,1,1,2,243.43728774976827
21285,1,1,9,861.8099745346792
21307,1,1,8,781.0648075012033
21313,1,1,2,426.8369298531802
21324,1,1,6,706.7775360784022
21328,1,1,5,0.42645457969393247
21358,1,1,2,251.25222229990496
21360,1,1,2,455.82143722712755
21383,1,1,7,95.26207174587562
21391,1,1,9,763.279374856551
21395,1,1,4,0.42645458358136
21400,1,1,9,284.77992020280334
21407,1,1,9,572.3469420327472
21410,1,1,9,361.03761506669673
21445,1,1,9,456.1498196616873
21446,1,1,9,834.4805941018313
21447,1,1,5,0.42645457969393247
21453,1,1,7,155.37853114192052
21463,1,1,4,0.42645458358136
21464,1,1,4,0.42645458358136
21468,1,1,8,472.2331135308617
21471,1,1,6,330.90857577971957
21475,1,1,6,663.381440062939
21482,1,1,1,311.0840130868279
21484,1,1,8,142.0094741813463
21515,1,1,8,362.02080798368877
21535,1,1,7,148.64972433243628
21539,1,1,9,212.17926325770068
21567,1,1,6,745.3598468540324
21568,1,1,9,344.4097435379139
21576,1,1,7,69.14358327716553
21584,1,1,9,621.3333791949623
21589,1,1,8,233.2348862529141
21611,1,1,5,0.42645457969393247
21656,1,1,2,69.64760816313769
21665,1,1,6,628.8042206187737
21667,1,1,8,870.7204261958727
21670,1,1,10,500.8301942377706
21679,1,1,9,296.48958269914783
21682,1,1,5,0.42645457969393247
21699,1,1,6,684.4856277305478
21701,1,1,9,588.1285337508335
21724,1,1,3,83.82154346958993
21728,1,1,9,339.98883972901666
21729,1,1,10,711.4562434137001
21732,1,1,9,609.2879298238563
21733,1,1,8,808.7419083761474
21753,1,1,8,618.1529983363431
21765,1,1,8,535.1450113350195
21794,1,1,10,368.55472254866936
21807,1,1,9,589.8638155971845
21812,1,1,9,700.3951532819574
21815,1,1,2,163.2318973751598
21824,1,1,9,298.9558780787307
21836,1,1,1,758.195899769483
21849,1,1,6,658.9848339851666
21850,1,1,6,357.44955568173066
21851,1,1,8,820.2100712674893
21856,1,1,6,550.0131185846232
21861,1,1,9,890.5989096519252
21869,0,1,0,0.09429906262153577
21875,1,1,9,304.7383982145386
21879,1,1,1,371.5267036972555
21881,1,1,9,802.4188598320346
21900,1,1,5,0.42645457969393247
21919,1,1,5,0.42645457969393247
21921,1,1,10,168.51582548873031
21925,1,1,3,40.72788652498792
21926,1,1,9,884.393296159026
21930,1,1,8,188.96937603657432
21945,1,1,8,690.0405875899409
21947,1,1,6,744.7252187775234
21949,1,1,3,86.74859117586735
21951,1,1,5,0.42645457969393247
21952,1,1,9,544.6897713974963
21958,1,1,10,461.2495573001346
21964,1,1,1,291.7176906022574
21985,1,1,5,0.42645457969393247
21986,1,1,2,476.1552258278389
21993,1,1,8,870.3775676964908
22002,1,1,7,112.63137930799198
22004,1,1,8,273.18604776301254
22013,1,1,6,401.1891984289635
22024,1,1,5,0.42645457969393247
22031,1,1,10,679.2668941100469
22042,1,1,5,0.42645457969393247
22061,1,1,8,523.8394449499345
22065,1,1,4,0.4264545919581291
22105,1,1,4,0.42645458358136
22109,1,1,9,360.59686837218
22115,1,1,9,735.3936503939849
22142,1,1,5,0.42645457969393247
22160,1,1,4,0.42645458358136
22161,1,1,9,583.1814897932794
22177,1,1,8,350.5529579338256
22185,1,1,4,0.42645458358136
22186,1,1,8,775.729824147919
22188,0,1,0,0.1791066932536499
22196,1,1,8,569.0729584929278
22212,1,1,1,558.2710223703849
22217,1,1,6,651.9224823945725
22237,1,1,10,720.0565540026813
22242,1,1,5,0.42645457969393247
22256,1,1,9,645.1534948084027
22283,1,1,9,746.9177829283965
22298,1,1,4,0.42645458358136
22305,1,1,4,0.42645458358136
22340,1,1,4,0.42645458358136
22341,1,1,9,802.2091667229106
22352,1,1,5,0.42645457969393247
22368,1,1,10,723.0459526607417
22370,1,1,5,0.42645457969393247
22379,1,1,9,208.79527342583597
22391,1,1,9,750.5287942664781
22397,1,1,10,659.1303178334592
22414,1,1,9,472.08813287511333
22429,1,1,1,693.6367727588372
22433,1,1,8,810.7064971858756
22437,1,1,8,430.31896823313235
22452,1,1,10,720.3269089697094
22455,1,1,9,429.66045448934744
22462,1,1,5,0.42645457969393247
22463,1,1,9,136.28361169816014
22470,1,1,9,854.027513668594
22472,1,1,9,809.848836220105
22473,1,1,4,0.42645458358136
22528,1,1,5,0.42645457969393247
22535,1,1,8,885.7446096503038
22536,1,1,2,396.5458149425697
22540,1,1,6,388.33192486882376
22541,1,1,8,616.1350403543742
22550,1,1,9,516.3731270027329
22566,1,1,9,360.73238527749044
22569,1,1,6,599.0375746256942
22574,1,1,9,109.86619223618592
22585,1,1,9,621.1757686875076
22593,1,1,9,341.2051914766124
22595,1,1,3,91.58603482358953
22609,1,1,8,638.5000248942326
22630,1,1,4,0.42645458358136
22633,1,1,9,483.37127963554804
22637,1,1,7,107.78399359628833
22640,1,1,4,0.42645458358136
22642,1,1,6,634.08194398718
22680,1,1,7,173.43114917023658
22693,1,1,6,445.48404808877854
22697,1,1,6,286.6649061307348
22699,1,1,8,730.580063719002
22712,1,1,6,502.36154648270747
22734,1,1,8,251.5895858663113
22747,1,1,1,755.6643495354323
22760,1,1,5,0.42645456789925423
22767,1,1,10,693.5610984108187
22781,1,1,10,508.4369288573486
22788,1,1,9,638.6603297285983
22797,1,1,9,826.8741293929713
22810,0,1,0,0.08648450955170206
22817,1,1,5,0.42645457969393247
22819,1,1,5,0.42645457969393247
22822,1,1,9,715.4229714754717
22825,1,1,8,414.13671440499087
22826,1,1,7,164.88145731303354
22844,1,1,3,90.71617692491199
22848,1,1,4,0.42645458358136
22849,1,1,6,475.20850264474365
22855,1,1,9,505.5448001322851
22865,1,1,9,340.61380714602285
22880,1,1,9,701.0783991827054
22881,1,1,4,0.42645458358136
22889,1,1,9,848.6099173411334
22892,1,1,8,325.59455168431566
22894,1,1,6,738.4743424012266
22897,1,1,9,343.56529636124395
22903,1,1,3,92.16965391512369
22911,1,1,8,197.27097377400767
22917,1,1,10,721.0503580549454
22946,1,1,2,185.76980887915119
22971,1,1,6,390.712219519478
23003,1,1,7,70.98536518260096
23026,1,1,5,0.42645457969393247
23028,1,1,6,549.9784379298515
23031,1,1,8,143.5042888345359
23055,1,1,1,274.45128381867676
23070,1,1,4,0.4264545919581291
23082,1,1,9,503.0364027696067
23088,1,1,9,865.0252723877455
23091,1,1,8,853.758074121723
23092,1,1,9,226.78090463459117
23095,1,1,3,69.6849023065355
23102,1,1,10,421.1164183440537
23106,1,1,4,0.42645458358136
23107,1,1,10,134.63147328245856
23109,1,1,8,829.2057804563988
23124,1,1,1,230.66035644337305
23127,1,1,8,593.941956718885
23157,1,1,4,0.42645458358136
23173,1,1,7,98.88189606242332
23199,1,1,10,425.0276369186885
23212,1,1,4,0.42645458358136
23221,1,1,1,249.17621289524405
23223,1,1,1,469.3464087697304
23235,1,1,9,288.42297873174965
23245,1,1,8,380.16632987487884
23258,1,1,8,320.03408891882765
23261,1,1,1,701.6857931740922
23266,1,1,7,141.63348016370946
23270,1,1,3,76.6295832126791
23274,1,1,9,409.22833501909923
23284,1,1,1,593.4752043585006
23302,1,1,7,131.84624874762594
23308,1,1,6,503.01480798873575
23312,1,1,9,540.4261817905694
23315,1,1,8,632.574108790048
23323,1,1,4,0.42645458358136
23340,1,1,8,557.0609026464857
23346,1,1,10,675.9774451927927
23364,1,1,2,99.95652021352069
23368,1,1,4,0.42645458358136
23381,1,1,4,0.42645458358136
23384,1,1,10,394.8687310810506
23396,1,1,9,761.3580807713649
23412,1,1,4,0.42645458358136
23423,1,1,5,0.42645457969393247
23427,1,1,6,783.1802908033065
23432,1,1,4,0.42645458358136
23454,1,1,6,699.0419778294884
23457,1,1,9,455.838204289575
23465,1,1,6,339.78433198879134
23469,1,1,2,237.36304249123498
23479,1,1,7,130.480439793949
23482,1,1,10,460.4842847586032
23485,1,1,5,0.42645457969393247
23499,1,1,6,664.3187494484097
23509,1,1,7,82.05974474643745
23522,1,1,5,0.42645457969393247
23535,1,1,6,678.2503416468106
23544,1,1,6,781.081941766067
23557,1,1,9,878.8147262369098
23564,1,1,6,641.2376671257593
23572,1,1,2,376.54922430992724
23577,1,1,2,233.16359007270214
23586,1,1,10,376.16885610126457
23588,1,1,9,76.50845050419674
23602,1,1,5,0.42645457969393247
23608,1,1,5,0.42645457969393247
23620,1,1,10,344.66171205607054
23626,1,1,4,0.4264545919581291
23629,1,1,9,459.60664147183894
23630,1,1,4,0.42645458358136
23632,1,1,5,0.42645457969393247
23638,1,1,9,654.9326658741358
23644,1,1,6,545.3552776542609
23646,1,1,8,795.4935307614511
23674,1,1,9,404.3620065351671
23684,1,1,6,312.8772560178202
23707,1,1,5,0.42645457969393247
23716,1,1,8,762.6320974830817
23731,1,1,5,0.42645457969393247
23748,1,1,10,238.10696967000044
23755,1,1,9,714.142059846524
23761,1,1,6,730.2007074221584
23775,1,1,4,0.42645458358136
23801,1,1,1,383.77326612588604
23803,1,1,9,313.28095015072324
23811,1,1,8,495.7632633483884
23832,1,1,10,721.6728580617585
23857,1,1,6,729.0167348715845
23892,1,1,9,269.2432976581682
23896,1,1,9,863.8257660086365
23897,1,1,8,510.94948660977855
23919,1,1,8,418.53047057324045
23922,1,1,5,0.42645457969393247
23924,1,1,6,588.2295672838002
23936,1,1,10,705.6024159376356
23937,1,1,6,453.16323089557
23946,1,1,7,86.70669812220096
23958,1,1,8,661.8216443312134
23961,1,1,4,0.42645458358136
23967,1,1,1,601.5996072803654
23972,1,1,7,144.34777215767366
24023,1,1,1,414.538445525192
24036,1,1,4,0.42645458358136
24055,1,1,10,419.6329844006595
24056,1,1,1,195.6992025793763
24059,1,1,4,0.42645458358136
24063,1,1,5,0.42645457969393247
24064,1,1,6,560.6315095879314
24069,1,1,9,765.3507329109289
24073,1,1,5,0.42645457969393247
24093,1,1,6,510.54578473378643
24116,1,1,10,698.4691129085356
24131,1,1,6,279.88558611083516
24154,1,1,10,430.62343249995644
24176,1,1,3,85.77081275357227
24193,1,1,8,151.20338560450648
24205,1,1,10,720.60780720173
24225,1,1,10,130.3068536852907
24237,1,1,5,0.42645457969393247
24257,1,1,5,0.42645457969393247
24268,1,1,9,229.71779502672672
24280,1,1,6,258.924395058825
24283,1,1,5,0.42645457969393247
24287,1,1,8,720.5934650330233
24289,1,1,3,83.66438151692918
24290,1,1,8,281.3368224021791
24295,1,1,4,0.42645458358136
24302,1,1,1,598.0872418757318
24311,1,1,1,648.249882527504
24312,1,1,9,454.2671049616127
24315,1,1,10,224.62667864918285
24322,1,1,6,716.0706444352743
24334,1,1,4,0.4264545919581291
24336,1,1,9,809.8171080793264
24350,1,1,4,0.42645458358136
24364,1,1,6,152.73841940776072
24373,1,1,8,778.5057084499732
24378,1,1,3,92.30406751741347
24389,1,1,1,417.8962504822462
24415,1,1,5,0.42645457969393247
24416,1,1,6,516.1043314373268
24422,1,1,6,704.6062260973487
24427,1,1,1,434.9671046416202
24430,1,1,5,0.42645457969393247
24444,1,1,9,769.7423644396472
24464,1,1,10,397.3637499049159
24469,1,1,5,0.42645457969393247
24476,1,1,9,814.9159706726153
24485,1,1,9,875.9323100117402
24495,1,1,1,474.50849481146
24504,1,1,10,716.935095362714
24555,1,1,9,700.0966646603297
24556,1,1,8,288.30326461515267
24565,1,1,8,272.0043683789402
24579,1,1,7,120.4058946649882
24602,1,1,4,0.42645458358136
24608,1,1,7,22.6325663577428
24654,1,1,6,336.75028030524027
24655,1,1,9,597.5993440537328
24658,1,1,8,495.38174615325363
24661,1,1,8,839.8712398220163
24662,1,1,5,0.42645457969393247
24674,1,1,8,708.8187308401217
24679,1,1,5,0.42645456789925423
24704,1,1,4,0.4264545919581291
24718,1,1,9,277.0023841598645
24734,1,1,6,735.7337751900321
24738,1,1,1,696.531593018242
24744,1,1,9,271.62491049193943
24784,1,1,2,327.5616285076734
24802,1,1,9,594.0990283368642
24824,1,1,4,0.42645458358136
24831,1,1,8,513.4774006019759
24846,1,1,10,716.9971554140866
24847,1,1,1,589.0574649866421
24900,1,1,5,0.42645457969393247
24932,1,1,1,447.49043771599327
24946,1,1,4,0.42645458358136
24982,1,1,6,781.2874430111439
25007,1,1,8,626.1221578638601
25012,1,1,1,174.88369959217
25036,1,1,6,782.6189384661694
25042,1,1,10,487.59019300809587
25044,1,1,8,918.1724706725962
25066,1,1,6,616.3787931713524
25067,1,1,2,348.5164259229628
25076,1,1,4,0.42645458358136
25079,1,1,5,0.42645457969393247
25100,1,1,8,159.64369793829695
25126,1,1,7,38.413894537894265
25149,1,1,5,0.42645457969393247
25154,1,1,1,577.8916157195107
25159,1,1,10,705.9228045563109
25170,1,1,10,541.4208899935404
25175,1,1,9,820.4722885801948
25181,1,1,8,747.6121211165249
25192,1,1,9,885.9616896792736
25207,1,1,1,655.8208888690386
25209,1,1,9,576.8004820628521
25212,1,1,6,386.30126744081707
25227,1,1,3,46.2263191211816
25234,1,1,4,0.42645458358136
25248,1,1,8,900.1856100911987
25255,1,1,6,543.1078263445019
25268,1,1,6,766.2364617636049
25281,1,1,5,0.42645457969393247
25286,1,1,6,714.7785186338746
25309,1,1,3,90.19424292055128
25328,1,1,10,638.5884062477478
25330,1,1,10,718.7361547810443
25338,1,1,6,762.4412390587373
25355,1,1,8,761.4537545202099
25356,1,1,6,650.8304618396004
25366,1,1,8,419.9721171867059
25371,1,1,8,502.7641415241286
25372,1,1,6,650.137887075386
25390,1,1,9,814.3410290701253
25417,0,1,0,0.12769701046089357
25422,1,1,6,805.80387477804
25423,1,1,10,720.2966071861958
25440,1,1,2,251.17420182146938
25465,1,1,8,801.0398043091536
25466,1,1,6,546.9886467367259
25468,1,1,6,470.9937355717613
25484,1,1,10,458.37358809533947
25487,1,1,5,0.42645457969393247
25491,1,1,7,155.83468856858366
25503,1,1,9,819.8708751649212
25526,1,1,7,140.17118907929125
25532,1,1,5,0.42645457969393247
25533,1,1,7,163.80930162745028
25562,1,1,9,209.03438386124625
25564,1,1,10,257.23838832697874
25570,1,1,1,682.4136554572526
25574,1,1,5,0.42645457969393247
25588,1,1,10,108.29396589886714
25591,1,1,7,28.781288688139
25598,1,1,6,496.2645401376722
25603,1,1,7,159.06047635423892
25612,1,1,4,0.42645458358136
25622,1,1,7,107.34130083310006
25627,1,1,8,871.1086922203075
25630,1,1,1,235.16222426011257
25637,1,1,6,335.6262164004062
25693,1,1,6,577.7935452131621
25709,1,1,2,163.32439736950536
25718,1,1,3,92.84175155747894
25723,1,1,6,548.0950792422176
25725,1,1,5,0.42645457969393247
25736,1,1,2,465.6744868972098
25745,1,1,5,0.42645457969393247
25748,1,1,8,565.4254940580624
25759,1,1,10,158.93128472062972
25766,1,1,10,662.5503698489096
25768,1,1,10,279.9067409737799
25785,1,1,1,712.0596924974872
25788,1,1,4,0.42645458358136
25790,1,1,1,238.741572091773
25803,1,1,7,60.12152853026201
25828,1,1,9,387.64791419359074
25867,1,1,2,390.07533363772063
25872,1,1,9,79.16159138917405
25878,1,1,1,600.3471883146909
25889,1,1,1,695.4959880610811
25896,1,1,3,92.21275268918822
25901,1,1,9,461.1552785476225
25936,1,1,7,126.99710089769198
25962,1,1,5,0.42645457969393247
25966,1,1,3,83.53185137143787
25967,1,1,1,567.953513382345
25973,1,1,3,93.51412327310284
25995,1,1,10,677.8857153633912
25999,1,1,9,545.2053103846631
26003,1,1,4,0.42645458358136
26009,1,1,7,73.7414116390699
26036,1,1,1,428.8434223805949
26047,1,1,6,733.8159278227181
26056,1,1,9,192.87691403606186
26082,1,1,10,459.6774512847255
26111,0,1,0,0.1610314553441519
26113,1,1,2,103.45862436296201
26124,1,1,1,490.5259022083975
26131,1,1,5,0.42645457969393247
26132,1,1,1,394.3336673895579
26139,1,1,4,0.42645458358136
26140,1,1,8,559.9248846947745
26142,1,1,8,498.3010278579674
26148,0,1,0,0.17037468723397212
26150,1,1,5,0.42645457969393247
26163,1,1,6,534.3901462926942
26164,1,1,8,649.194369291587
26179,1,1,6,629.2610009889901
26187,1,1,6,511.72129281728644
26189,1,1,8,862.7624822385399
26199,1,1,10,636.9111711902805
26207,1,1,4,0.42645458358136
26210,1,1,8,754.7710711315707
26224,1,1,5,0.42645457969393247
26255,1,1,4,0.42645458358136
26257,1,1,10,637.4892170965988
26273,1,1,5,0.42645457969393247
26276,1,1,9,566.7982865555042
26277,1,1,9,600.5217604403186
26281,1,1,8,576.3854834984918
26282,1,1,4,0.42645458358136
26283,1,1,9,825.6268181847009
26290,1,1,9,118.7729213771346
26295,1,1,8,409.44802362905125
26305,1,1,2,72.60297460244703
26307,1,1,3,92.51715903975203
26335,0,1,0,0.09814449106799374
26342,1,1,8,170.59922698552907
26347,1,1,3,91.9232434810665
26352,1,1,10,455.8995751294881
26354,1,1,6,406.8253351593534
26366,1,1,3,90.18189805860447
26367,1,1,9,667.7689192867703
26380,1,1,5,0.42645457969393247
26383,1,1,7,167.15016410058848
26395,1,1,8,219.818015600154
26398,1,1,1,582.4169499964673
26404,1,1,8,613.8940169193284
26415,1,1,7,45.587439537575044
26420,1,1,5,0.42645456789925423
26428,1,1,6,731.3871656170247
26433,1,1,1,696.1972953539253
26449,1,1,4,0.42645458358136
26451,1,1,9,771.4804080259183
26454,1,1,5,0.42645457969393247
26455,1,1,7,162.83864474528525
26482,1,1,4,0.42645458358136
26483,1,1,1,660.9351217464807
26485,1,1,6,636.4200648860713
26492,1,1,8,484.49528344107233
26502,1,1,6,355.83272598491544
26530,1,1,6,319.7820921930713
26550,1,1,10,668.4547494304333
26556,1,1,3,75.5702290584257
26566,1,1,2,312.9822873654549
26572,1,1,9,515.226813067195
26586,1,1,5,0.42645457969393247
26588,1,1,6,720.31665929762
26594,1,1,5,0.42645457969393247
26599,1,1,6,533.0537331787242
26605,1,1,7,77.26872692602124
26653,1,1,4,0.42645458358136
26656,1,1,7,119.15850202029237
26674,1,1,7,47.372605167548166
26675,1,1,8,697.5813240608734
26676,1,1,4,0.42645458358136
26690,1,1,10,288.3219256238403
26701,1,1,3,91.31003641827495
26710,1,1,5,0.42645457969393247
26771,1,1,4,0.42645458358136
26777,0,1,0,0.11317998702160947
26787,1,1,9,608.1477131837363
26795,1,1,9,738.1111558287955
26810,1,1,8,756.6847284502292
26818,1,1,4,0.42645458358136
26834,1,1,1,734.0180697388452
26836,1,1,9,889.8112313572019
26843,1,1,4,0.42645458358136
26844,1,1,4,0.42645458358136
26859,0,1,0,0.24994665752851433
26874,1,1,7,106.11115541468278
26901,1,1,8,822.7157583373082
26913,1,1,1,657.5512779874128
26916,1,1,2,202.62924361995988
26917,1,1,4,0.42645458358136
26920,1,1,9,455.2632178741757
26924,1,1,2,259.1846537491228
26953,1,1,7,151.10043681228976
26958,1,1,9,263.3386265205337
26960,1,1,8,456.76165868755857
26999,1,1,7,143.49256224286898
27006,1,1,4,0.42645458358136
27013,1,1,4,0.42645458358136
27018,1,1,9,582.747408014577
27029,1,1,4,0.42645458358136
27030,1,1,10,490.64866295701825
27031,1,1,5,0.42645457969393247
27053,1,1,4,0.42645458358136
27054,1,1,6,702.60175439482
27064,1,1,2,371.96255504847926
27070,1,1,9,516.374522267548
27098,1,1,1,472.45122803840735
27108,1,1,5,0.42645457969393247
27122,0,1,0,0.10467431457615485
27128,1,1,8,245.48210063130284
27129,1,1,9,786.8952741528674
27148,1,1,9,810.2383359747749
27152,1,1,8,689.1295830423165
27180,1,1,8,899.7521305044928
27191,1,1,2,441.1597104680212
27195,1,1,8,114.67219296658085
27200,1,1,10,660.9765724077049
27226,1,1,1,219.72837047213375
27230,1,1,4,0.42645458358136
27232,1,1,8,504.9645112341233
27234,1,1,8,730.6108381480515
27240,1,1,7,65.10817768098975
27242,1,1,9,382.4350652818716
27243,1,1,6,157.51466448556332
27260,1,1,9,861.7892001776939
27271,1,1,1,595.9669726080126
27274,1,1,5,0.42645457969393247
27279,1,1,4,0.42645458358136
27280,1,1,7,33.97172782359791
27286,1,1,1,584.5374495630315
27295,1,1,9,448.24101856770847
27306,1,1,9,620.9625984949179
27312,1,1,5,0.42645457969393247
27317,1,1,8,732.1701896554667
27333,1,1,4,0.42645458358136
27335,1,1,9,295.9546881130661
27337,1,1,8,485.50486440181595
27353,1,1,1,759.051795415154
27356,1,1,9,418.58357791548315
27375,1,1,1,678.2654028445387
27382,1,1,8,857.2059694557624
27394,1,1,1,595.899434425554
27398,1,1,9,710.1041147052931
27399,1,1,8,585.4297951247364
27410,1,1,8,714.7605835194939
27416,0,1,0,0.18481716379953578
27431,1,1,9,498.29386620149586
27463,1,1,4,0.42645458358136
27510,1,1,10,188.32664728359856
27513,1,1,1,424.94227088135636
27527,1,1,8,430.1944777245022
27529,1,1,5,0.42645457969393247
27548,1,1,1,706.3181838381682
27549,1,1,2,330.0928362825032
27550,1,1,9,885.6837257878942
27563,1,1,8,337.56935824614123
27564,1,1,8,516.7780198146238
27583,1,1,1,662.1707445167016
27603,1,1,6,782.640347376813
27618,1,1,5,0.42645457969393247
27625,1,1,1,598.7559075627164
27628,1,1,9,277.9014773452498
27636,1,1,6,746.8696340662661
27655,1,1,6,801.8236726745832
27667,1,1,8,319.5207486521874
27676,1,1,8,280.2306675652599
27684,1,1,5,0.42645457969393247
27687,1,1,5,0.42645457969393247
27690,1,1,10,427.5784395104118
27694,1,1,9,700.7820673102507
27700,1,1,9,711.4668072190262
27722,1,1,5,0.42645457969393247
27730,1,1,5,0.42645456789925423
27734,1,1,9,825.326114762568
27747,1,1,9,511.9589201554909
27753,1,1,6,764.5901696990398
27768,1,1,2,338.91163485512567
27775,1,1,9,532.8782358956031
27777,1,1,4,0.42645458358136
27783,1,1,9,577.4232793959999
27790,1,1,8,749.4384181182954
27792,1,1,6,317.18354886384446
27825,1,1,5,0.42645457969393247
27845,1,1,9,582.6788554350536
27854,1,1,6,453.5242192053843
27877,1,1,8,567.1915569205997
27882,1,1,7,72.42683020525675
27884,1,1,9,602.0479585390226
27887,1,1,4,0.42645458358136
27899,1,1,8,590.3109074902901
27905,1,1,4,0.42645458358136
27922,1,1,10,305.01886901638454
27929,1,1,5,0.42645457969393247
27952,1,1,8,137.73667155455232
27960,1,1,4,0.42645458358136
27971,1,1,10,168.38547503974618
27982,1,1,9,862.7981185623222
27991,1,1,9,418.3256881259835
28000,1,1,5,0.42645457969393247
28025,1,1,5,0.42645457969393247
28027,1,1,7,161.81514093700503
28032,1,1,5,0.42645457969393247
28049,1,1,4,0.42645458358136
28063,1,1,8,780.8746670405325
28080,1,1,10,186.6173910237287
28103,1,1,4,0.4264545919581291
28118,1,1,9,179.941472877276
28120,1,1,9,611.3671669852115
28131,1,1,10,165.03564458085745
28137,1,1,6,797.3790993727112
28169,1,1,10,533.589973373906
28173,1,1,5,0.42645457969393247
28179,1,1,8,547.9043627993597
28190,1,1,10,661.2692635557295
28195,1,1,10,459.7996430338344
28196,1,1,10,324.15300947126275
28197,1,1,6,559.4229002389376
28198,1,1,10,638.5070386523784
28211,1,1,4,0.42645458358136
28213,1,1,7,171.65734409978998
28228,1,1,5,0.42645457969393247
28230,1,1,6,792.0119977646247
28240,1,1,4,0.42645458358136
28257,1,1,2,394.72235179366953
28258,1,1,10,630.729723693871
28305,1,1,5,0.42645457969393247
28307,1,1,9,99.03504058034599
28330,1,1,5,0.42645457969393247
28344,1,1,6,658.6674305602932
28346,1,1,8,832.8360210090987
28363,1,1,10,437.2698328495818
28381,1,1,4,0.42645458358136
28391,1,1,7,51.950505605552976
28394,1,1,7,174.28167082050948
28406,1,1,6,652.8856533017445
28465,1,1,4,0.42645458358136
28486,1,1,9,763.1624460836429
28533,1,1,8,313.59443395923364
28557,1,1,4,0.42645458358136
28567,1,1,6,772.1711384906519
28568,1,1,8,500.13106998116945
28571,1,1,3,79.73358795478487
28573,1,1,9,76.69203207535683
28587,1,1,5,0.42645457969393247
28592,1,1,8,831.7180106367862
28606,1,1,5,0.42645457969393247
28613,1,1,10,451.94111576703654
28618,1,1,8,432.139338418496
28650,1,1,5,0.42645457969393247
28657,1,1,8,657.4903630273792
28661,1,1,2,480.3038670195113
28663,1,1,10,597.4187336738636
28668,1,1,6,721.701529174914
28679,0,1,0,0.1685617994309175
28697,1,1,7,58.22663454072763
28701,1,1,9,624.200320543761
28703,1,1,7,63.68592184664346
28711,1,1,7,59.236126892874466
28717,1,1,8,834.1600277829733
28730,1,1,9,272.3530228156083
28732,1,1,9,701.3716285057479
28745,1,1,1,554.6555569024758
28756,1,1,6,506.5349470505897
28759,0,1,0,0.10744195230562163
28769,1,1,4,0.42645458358136
28795,1,1,5,0.42645457969393247
28797,1,1,6,729.2883543486869
28821,1,1,5,0.42645457969393247
28837,1,1,8,820.148182085437
28840,1,1,5,0.42645456789925423
28858,1,1,9,50.381717371561344
28864,1,1,8,644.387825688416
28867,1,1,6,740.5288808991254
28871,1,1,1,302.2010400659218
28872,1,1,9,798.6756611767001
28887,1,1,8,279.7627606008101
28889,1,1,1,408.22268586124943
28898,1,1,4,0.42645458358136
28899,1,1,7,168.6316141337291
28905,1,1,2,341.64653092536923
28918,1,1,10,435.5607402842071
28939,1,1,6,798.2277185839189
28958,1,1,3,91.65635852283478
28966,1,1,9,512.2569912157536
28969,1,1,6,713.7356874769815
28975,1,1,9,844.9056812967209
28980,1,1,6,808.0427791921961
29004,1,1,9,792.2883772973504
29020,1,1,8,835.5584175631456
29028,1,1,10,285.89818964690977
29073,1,1,2,172.96116675396905
29077,1,1,1,333.621550111528
29083,1,1,5,0.42645457969393247
29089,1,1,8,584.1189687441819
29092,1,1,9,263.27277833687396
29100,1,1,8,585.9449900669028
29108,1,1,7,112.6191005641902
29129,1,1,6,328.7501104061722
29141,1,1,6,285.03223664083356
29183,1,1,10,631.6210804433613
29198,1,1,5,0.42645456789925423
29217,1,1,1,486.3594122571151
29228,1,1,6,778.0882585519319
29229,1,1,1,759.6012287147406
29231,1,1,9,92.0517999019724
29233,1,1,9,891.3377131554097
29235,1,1,8,813.3439840788152
29240,1,1,4,0.42645458358136
29248,1,1,6,541.6038992699225
29249,1,1,4,0.42645458358136
29257,1,1,8,591.9855394787612
29260,1,1,6,678.5021291810035
29298,1,1,6,505.87337733739446
29301,1,1,10,557.6999827677183
29303,1,1,5,0.42645457969393247
29313,1,1,6,751.7220228099103
29322,1,1,6,592.8062892885624
29323,1,1,8,830.2825861320533
29324,1,1,6,266.50459027007935
29332,1,1,4,0.42645458358136
29337,1,1,5,0.42645457969393247
29351,1,1,9,890.4450546986275
29359,1,1,10,292.319679730343
29362,1,1,9,436.74967156514737
29367,1,1,6,500.7116107160711
29377,1,1,6,510.3435776044869
29389,1,1,3,75.56425518671057
29413,1,1,4,0.42645458358136
29438,1,1,8,660.3035133034745
29449,1,1,8,360.6391598252208
29481,1,1,8,643.1739223310236
29486,1,1,9,865.673600767537
29492,1,1,8,942.931160343489
29510,1,1,8,588.9896816651745
29514,1,1,4,0.42645458358136
29519,1,1,5,0.42645457969393247
29555,1,1,2,144.7459650693549
29557,1,1,8,258.3683070644374
29579,1,1,4,0.42645458358136
29584,1,1,6,406.841076980188
29593,1,1,5,0.42645457969393247
29604,1,1,2,311.4068553781966
29610,1,1,7,147.5079963849933
29615,1,1,9,798.3574011869948
29618,1,1,1,170.80805482633798
29636,1,1,9,839.5467045792801
29649,1,1,8,362.08362820165956
29672,1,1,5,0.42645457969393247
29682,1,1,6,444.88511007813327
29693,1,1,4,0.42645458358136
29697,1,1,5,0.42645457969393247
29732,1,1,5,0.42645457969393247
29735,1,1,8,705.1035560455522
29740,1,1,5,0.42645457969393247
29759,1,1,1,545.8706826332437
29765,1,1,8,464.74128641369555
29771,1,1,6,722.4117314234093
29778,1,1,10,341.8582064785865
29791,1,1,6,781.9970317005688
29801,1,1,10,388.6893359268585
29806,1,1,3,58.7771052317978
29832,1,1,8,495.1154877940885
29835,1,1,5,0.42645457969393247
29846,1,1,2,390.31342703957114
29848,1,1,10,633.1869811755633
29869,1,1,9,474.4920838104326
29876,1,1,9,448.0615282512131
29879,1,1,9,757.5585228374176
29901,1,1,2,382.41962647354484
29908,1,1,9,455.8174333760638
29913,1,1,3,92.20423862519814
29916,1,1,8,228.1063511367981
29920,1,1,5,0.42645457969393247
29922,1,1,10,637.4667582545054
29956,1,1,9,600.3670821435305
29978,1,1,9,778.2970593662718
29981,1,1,4,0.42645458358136
29984,1,1,8,886.8077520098011
29987,1,1,9,577.497566332556
29993,1,1,3,92.25891387043809
30010,1,1,8,762.5070057551399
30017,1,1,7,74.17185886045915
30020,1,1,10,717.7869442199421
30021,1,1,6,239.12927141800918
30037,1,1,9,819.463379287557
30039,1,1,1,664.5296295678602
30049,1,1,8,865.0910305146704
30057,1,1,9,875.8372400525714
30065,1,1,8,916.891389349194
30087,1,1,3,57.98984835249589
30098,1,1,5,0.42645457969393247
30115,1,1,1,717.7119130859985
30116,1,1,8,436.2752915953315
30126,1,1,3,92.09892978245793
30133,1,1,10,573.1823377594114
30134,1,1,10,533.2102687064952
30139,1,1,10,400.2242571173095
30145,1,1,8,947.5274392423319
30198,1,1,9,722.9293215425361
30201,1,1,1,306.3909600841832
30225,1,1,9,649.3945053021486
30229,1,1,5,0.42645457969393247
30241,1,1,5,0.42645457969393247
30256,1,1,1,465.85213067025796
30258,1,1,9,80.03440017259591
30262,1,1,6,806.1366238504935
30280,1,1,5,0.42645457969393247
30307,1,1,8,885.6805490682998
30315,1,1,10,502.2625926725308
30325,1,1,8,870.562597247631
30329,1,1,9,645.6498814458267
30346,1,1,1,603.1550398644071
30350,1,1,4,0.42645458358136
30353,1,1,9,82.374064391873
30359,1,1,10,390.61500726156066
30369,1,1,9,762.6566577809566
30373,1,1,5,0.42645457969393247
30375,1,1,9,269.90322623828547
30384,1,1,10,591.2620253041264
30386,1,1,9,825.8672190821583
30389,1,1,6,594.8459813366203
30392,1,1,9,757.2047420143755
30400,1,1,4,0.42645458358136
30412,1,1,5,0.42645457969393247
30415,1,1,10,144.6325009502266
30433,1,1,6,799.8425961504511
30440,1,1,8,387.3612769379981
30445,1,1,7,168.63023361942547
30452,1,1,8,704.1614805312918
30454,1,1,6,450.50566011067906
30459,1,1,9,814.9522316281808
30475,1,1,5,0.42645457969393247
30490,1,1,6,509.3694827163063
30503,1,1,6,510.4811448812245
30505,1,1,5,0.42645457969393247
30528,1,1,7,37.34361171523951
30532,1,1,5,0.42645457969393247
30544,1,1,5,0.42645457969393247
30545,1,1,4,0.42645458358136
30574,1,1,9,530.209363140598
30585,1,1,8,555.9790186062496
30591,1,1,3,91.93157948795049
30629,1,1,9,815.9328279393065
30639,1,1,9,408.1501930105931
30640,1,1,5,0.42645457969393247
30645,1,1,5,0.42645457969393247
30655,1,1,8,616.8948453851922
30659,1,1,7,4.5279486321682
30667,1,1,8,337.3021254995451
30676,1,1,3,39.67717376461227
30677,1,1,6,360.08231282644886
30679,1,1,5,0.42645457969393247
30685,1,1,10,668.6198565246666
30688,1,1,9,602.67261523717
30696,1,1,9,672.9307354464036
30697,1,1,10,468.80850756255387
30701,1,1,1,655.7118736700191
30703,1,1,9,387.4192629420808
30706,1,1,1,474.89042172785196
30714,1,1,10,598.3478197122589
30730,1,1,3,89.20535189603052
30731,1,1,3,90.79872355925936
30735,1,1,10,679.5550204271773
30740,1,1,6,446.7077741074784
30754,1,1,10,313.2157981433527
30766,1,1,2,373.8352839981106
30807,1,1,8,455.5641860903997
30825,1,1,9,442.8027681792561
30830,1,1,6,744.796888260666
30832,1,1,8,770.1016335883967
30852,1,1,5,0.42645457969393247
30853,1,1,9,593.707753072858
30869,1,1,9,850.8693995092837
30883,1,1,5,0.42645457969393247
30890,1,1,6,300.61356583050167
30904,1,1,4,0.42645458358136
30906,1,1,10,301.55148172598797
30909,1,1,9,332.92055453489104
30940,1,1,9,787.8928134089111
30946,1,1,7,166.44688492438758
30948,1,1,9,733.7805986038064
30952,1,1,1,287.1126193199733
31001,1,1,9,599.396785013527
31012,1,1,10,519.2688624431032
31019,1,1,8,462.2157456835328
31027,1,1,10,632.6858265512993
31030,1,1,10,722.1743243989307
31036,1,1,4,0.42645458358136
31041,1,1,6,326.5623540345044
31065,1,1,9,883.6512352786674
31067,1,1,4,0.42645458358136
31070,1,1,8,417.6811222293052
31077,1,1,9,645.6831848401665
31078,1,1,4,0.4264545919581291
31083,1,1,6,672.1986029327137
31105,1,1,1,390.23851236368625
31114,1,1,1,339.98482437241313
31132,1,1,4,0.42645458358136
31133,1,1,6,301.36117619416837
31137,1,1,8,853.9281275609417
31146,1,1,7,170.522824667142
31148,1,1,9,775.7281539669141
31150,1,1,6,245.74031091159995
31151,1,1,8,213.79037923418744
31195,1,1,6,595.2879949575341
31209,1,1,9,522.3603273787738
31210,1,1,4,0.42645458358136
31217,1,1,10,434.55272616408126
31240,1,1,7,86.42410263587622
31264,1,1,6,715.3228865841203
31271,1,1,5,0.42645457969393247
31289,1,1,6,345.68951701340825
31293,1,1,6,765.3545065534797
31301,1,1,4,0.42645458358136
31310,1,1,8,694.8292908652705
31327,1,1,10,381.045094491273
31329,1,1,5,0.42645457969393247
31346,1,1,8,449.99635672169177
31352,1,1,10,417.8206700488476
31355,1,1,9,418.08302242944376
31360,1,1,7,123.7029404994422
31366,1,1,6,419.49131207576926
31372,1,1,5,0.42645457969393247
31373,1,1,10,717.0038547984293
31376,1,1,6,713.8728004930362
31381,1,1,4,0.4264545919581291
31394,1,1,8,201.86700200830043
31396,1,1,6,722.3147637986051
31404,1,1,6,615.8098947551978
31415,1,1,5,0.42645457969393247
31421,1,1,10,534.493313170017
31438,1,1,8,797.5744619332517
31439,1,1,6,414.81533673878886
31440,1,1,8,543.5491302635968
31466,1,1,9,845.1430520728235
31480,1,1,10,526.9612699211718
31481,1,1,1,612.1054222115044
31489,1,1,9,557.6361732366674
31500,1,1,9,771.8597423579382
31502,1,1,8,271.00595798332785
31515,1,1,5,0.42645457969393247
31523,1,1,2,398.5892614472735
31527,1,1,6,804.7068469339508
31530,1,1,2,217.6247122847282
31538,1,1,1,659.8457540491806
31540,0,1,0,0.11627041116559034
31546,1,1,7,152.2057082169902
31559,1,1,9,793.2568302173185
31586,1,1,8,753.8020821720086
31601,1,1,6,649.9276365459114
31604,1,1,9,809.9381704327416
31607,1,1,4,0.42645458358136
31624,1,1,9,825.3891436200901
31626,1,1,5,0.42645457969393247
31634,1,1,4,0.42645458358136
31643,1,1,4,0.42645458358136
31661,1,1,5,0.42645456789925423
31679,1,1,1,303.85898041297713
31689,1,1,1,620.4523209783475
31695,1,1,5,0.42645457969393247
31709,1,1,7,104.07189316044936
31710,1,1,4,0.42645458358136
31734,1,1,8,838.633843704555
31737,1,1,2,402.00022516793535
31741,1,1,10,712.3616871238225
31753,1,1,8,420.8122027926681
31765,1,1,4,0.42645458358136
31776,1,1,6,253.19313299191273
31784,1,1,10,718.0538364832178
31786,1,1,5,0.42645457969393247
31789,1,1,9,285.59257628355454
31793,1,1,10,338.56571057995745
31820,1,1,9,484.34116180975735
31827,1,1,5,0.42645457969393247
31832,1,1,4,0.42645458358136
31834,1,1,3,74.51610730892041
31854,1,1,4,0.42645458358136
31856,1,1,6,123.79230068880481
31858,1,1,1,742.3061553526204
31859,1,1,10,550.6618365154783
31870,1,1,5,0.42645457969393247
31871,1,1,8,929.8009637380587
31881,1,1,8,569.6778421651527
31884,1,1,6,286.3957847422969
31897,1,1,10,478.78835343940494
31909,1,1,3,69.44347650963678
31927,1,1,8,803.5035089641342
31928,1,1,5,0.42645457969393247
31933,1,1,10,299.0724608816044
31954,1,1,6,719.8951485739464
31958,1,1,4,0.42645458358136
31974,1,1,8,596.9423399785655
31990,1,1,6,246.85988370144733
31996,1,1,1,606.5812144619192
32016,1,1,9,538.4599445156194
32019,1,1,7,158.25728878497324
32020,1,1,9,472.471359059597
32030,1,1,8,158.08913787539967
32039,1,1,4,0.42645458358136
32043,1,1,9,788.2149668989967
32047,1,1,9,837.7782512380852
32048,1,1,8,853.4296913211567
32051,1,1,5,0.42645457969393247
32093,1,1,9,866.3005054828409
32095,1,1,10,502.86312247728335
32112,1,1,9,152.83643769602384
32132,1,1,10,504.52728821937524
32136,1,1,9,863.9599782531535
32140,1,1,10,673.9205268417106
32146,1,1,3,84.20502063195686
32162,1,1,1,459.02980188894827
32171,1,1,6,748.66511056209
32184,1,1,5,0.42645457969393247
32200,1,1,6,348.6397227015378
32220,1,1,4,0.42645458358136
32222,1,1,4,0.42645458358136
32227,1,1,10,388.9489517919638
32231,1,1,6,518.132227841884
32276,0,1,0,0.17739548438745892
32291,1,1,10,657.6233740632732
32304,1,1,10,259.1630144450533
32311,1,1,9,252.09413456275234
32321,1,1,6,513.0961419123327
32340,1,1,2,148.6358328861465
32342,1,1,10,715.9931883357582
32359,1,1,6,714.856586458611
32368,1,1,7,175.12356389264315
32371,1,1,5,0.42645457969393247
32375,1,1,1,604.6052979522796
32383,1,1,6,386.20309820217426
32390,1,1,5,0.42645457969393247
32400,1,1,9,312.9487292440841
32401,1,1,8,354.6797417013552
32434,1,1,5,0.42645457969393247
32439,1,1,5,0.42645457969393247
32452,1,1,1,739.0896432012296
32458,1,1,6,469.34800390694437
32460,1,1,8,502.58477561689574
32467,1,1,3,47.79268401584284
32470,1,1,5,0.42645457969393247
32474,1,1,9,816.2717092436939
32545,1,1,4,0.42645458358136
32549,1,1,5,0.42645457969393247
32556,1,1,8,152.19780608968847
32561,1,1,6,614.3424635215617
32562,1,1,5,0.42645457969393247
32568,1,1,1,706.5786382277487
32574,1,1,4,0.42645458358136
32575,1,1,8,442.1785781139143
32576,1,1,8,507.8998629098723
32579,1,1,10,138.56437293056322
32603,1,1,4,0.42645458358136
32605,1,1,5,0.42645456789925423
32610,1,1,9,605.0599632244956
32622,1,1,10,545.1032588945632
32623,1,1,6,625.6842527916922
32644,1,1,10,719.6021295566353
32659,1,1,8,777.7328731154169
32670,1,1,7,86.76733145384463
32674,1,1,10,186.43418200237647
32697,1,1,2,109.4352906737713
32699,1,1,4,0.42645458358136
32704,1,1,6,654.292474941927
32744,1,1,9,51.343413063878224
32745,1,1,9,782.2979299491147
32747,1,1,9,806.5692805548015
32753,1,1,7,121.85371943543637
32769,1,1,5,0.42645457969393247
32772,1,1,5,0.42645457969393247
32789,1,1,9,258.0230689790343
32810,1,1,8,470.387404683448
32832,1,1,8,604.4765337678189
32847,1,1,9,307.83197772696906
32851,1,1,9,824.9220255924798
32857,0,1,0,0.13254942678193476
32892,1,1,10,699.9613937799929
32906,1,1,5,0.42645457969393247
32920,1,1,9,747.3624102811808
32962,1,1,5,0.42645457969393247
32966,1,1,6,778.624784076862
32967,1,1,5,0.42645457969393247
32974,1,1,4,0.42645458358136
32978,1,1,9,721.9259163675304
32984,1,1,10,720.2606268476433
32993,1,1,5,0.42645456789925423
32999,1,1,1,399.8213212614849
33007,1,1,5,0.42645457969393247
33030,1,1,8,612.1931129304883
33049,1,1,6,438.206341322141
33064,1,1,1,236.8647971335839
33066,0,1,0,0.07222293917604206
33076,0,1,0,0.11807121403843132
33096,1,1,6,786.1815474454967
33104,1,1,7,147.72161869710175
33113,1,1,9,488.4691079473645
33129,1,1,9,466.7312345628436
33131,1,1,4,0.42645458358136
33146,1,1,10,123.19358575366597
33152,1,1,2,226.0250523527555
33157,1,1,9,863.6372538220392
33160,1,1,4,0.42645458358136
33162,1,1,10,149.66369328570875
33175,1,1,8,312.49058302864853
33180,1,1,6,528.1875690648707
33189,1,1,8,793.5761307575242
33195,1,1,4,0.42645458358136
33218,1,1,4,0.42645458358136
33224,1,1,5,0.42645457969393247
33230,1,1,8,524.2814215780271
33239,1,1,4,0.42645458358136
33245,1,1,4,0.42645458358136
33257,1,1,9,635.3421841438447
33267,1,1,7,158.5765832845311
33286,1,1,5,0.42645457969393247
33316,1,1,8,651.8180669067689
33325,1,1,4,0.42645458358136
33343,1,1,6,654.763756691938
33355,1,1,9,455.0805173422747
33364,1,1,6,408.3702130681713
33391,1,1,7,162.4367592731929
33423,1,1,10,458.9629300216806
33427,1,1,2,234.40906791159378
33434,1,1,2,468.1175514095389
33435,1,1,10,686.77835282635
33446,1,1,10,273.2040728209974
33448,1,1,4,0.42645458358136
33481,1,1,7,100.5537903048668
33484,1,1,4,0.42645458358136
33500,1,1,6,511.3299003387707
33503,1,1,9,115.24235827849336
33510,1,1,6,543.0901545160978
33511,1,1,9,554.8206504799324
33537,1,1,4,0.42645458358136
33539,1,1,10,148.0108512016309
33543,1,1,5,0.42645457969393247
33550,1,1,5,0.42645457969393247
33564,1,1,9,686.2908706919467
33603,1,1,2,71.7481888206615
33608,1,1,9,726.9212596324447
33618,1,1,3,91.18532732344
33627,1,1,9,791.1848109485554
33635,1,1,2,152.08358454998915
33641,1,1,5,0.42645457969393247
33652,1,1,3,70.42896905030197
33665,1,1,4,0.42645458358136
33675,1,1,8,896.3600192524696
33702,1,1,5,0.42645457969393247
33718,1,1,6,772.4387127719242
33727,1,1,6,782.4890209772541
33749,1,1,8,413.1079986191325
33753,1,1,2,75.81814330030691
33776,1,1,7,22.33810579254676
33801,1,1,9,538.707195907396
33814,1,1,7,86.44189218786536
33833,1,1,8,480.0295469287616
33844,1,1,9,430.7246705607426
33873,1,1,4,0.42645458358136
33884,1,1,5,0.42645457969393247
33892,1,1,1,693.2987180939253
33899,1,1,6,509.32733616054634
33928,1,1,8,646.0200424329627
33931,1,1,8,786.0581477038294
33944,1,1,7,40.949884827385326
33948,1,1,9,792.3321986615308
33951,1,1,5,0.42645457969393247
33954,1,1,9,813.6633427713268
33963,1,1,1,465.0492079135991
33976,1,1,6,362.25741281995437
33977,0,1,0,0.1303712980758843
34004,1,1,9,344.25427487115076
34010,1,1,6,558.916186646736
34029,1,1,10,705.8957227675263
34036,1,1,5,0.42645457969393247
34045,1,1,6,246.5952373370184
34051,1,1,8,238.5346960768283
34074,1,1,6,309.4184798168434
34097,1,1,6,778.5514073466301
34100,1,1,10,272.4395977091
34114,0,1,0,0.1078278191570555
34128,1,1,5,0.42645457969393247
34140,1,1,1,347.9843340101986
34157,1,1,9,125.87022659276857
34166,1,1,8,727.9841458129041
34183,1,1,7,122.66897675992215
34194,1,1,9,867.8435263145842
34196,1,1,9,845.3311392509065
34199,1,1,6,786.3944651301045
34210,1,1,10,711.7527925460075
34217,1,1,6,453.40907473620206
34218,1,1,5,0.42645457969393247
34227,1,1,9,890.5042660308613
34260,1,1,8,817.9907738612357
34266,1,1,8,711.1671130098882
34277,1,1,8,693.2336950662091
34280,1,1,10,197.70322396917655
34282,1,1,5,0.42645457969393247
34285,1,1,1,667.9404443499728
34287,1,1,8,204.01701132604111
34297,1,1,8,834.1254976151032
34305,1,1,4,0.42645458358136
34309,1,1,8,721.4216036317268
34317,1,1,1,487.34164893810913
34318,1,1,6,259.3589388249439
34328,1,1,9,169.14683034451346
34342,1,1,4,0.42645458358136
34359,1,1,5,0.42645457969393247
34367,1,1,6,769.116599901135
34376,1,1,6,774.7045541475989
34380,1,1,4,0.42645458358136
34383,1,1,9,104.68044634307688
34398,1,1,6,798.8461745122262
34428,1,1,10,467.6308903899531
34435,1,1,10,719.0141902364653
34443,1,1,9,314.203103244285
34474,1,1,6,776.6374934792913
34475,1,1,8,478.5941460859771
34478,1,1,6,384.45620402977914
34482,1,1,8,247.017563333737
34501,1,1,3,90.31680744676277
34505,1,1,3,92.69313324366928
34509,1,1,1,391.52186931827515
34521,1,1,10,419.7029417733999
34529,1,1,10,462.7717710536727
34540,1,1,6,332.8328424462875
34553,1,1,9,583.7726881547862
34555,1,1,9,511.32881423559456
34556,1,1,4,0.42645458358136
34562,0,1,0,0.11853789139680196
34585,1,1,9,87.30586499870414
34590,1,1,3,37.86303654303523
34606,1,1,4,0.42645458358136
34608,1,1,6,721.1584353909071
34613,1,1,9,589.8228020339737
34615,1,1,8,945.5645075409454
34623,1,1,1,621.406298045083
34645,1,1,6,527.387502398603
34662,1,1,8,191.3861465790108
34663,1,1,9,386.9762957877223
34674,1,1,3,90.14043111714636
34682,1,1,9,821.7043085591804
34688,1,1,6,281.5289486633727
34701,1,1,9,747.0493554900299
34712,1,1,9,764.3632897637738
34728,1,1,9,828.8861522823266
34733,1,1,1,295.8525512298518
34735,1,1,6,770.2786642991284
34736,1,1,5,0.42645457969393247
34739,1,1,5,0.42645457969393247
34746,1,1,10,197.53071187817125
34748,1,1,8,448.73160913306265
34759,1,1,5,0.42645457969393247
34763,1,1,4,0.42645458358136
34768,1,1,4,0.42645458358136
34776,1,1,9,594.7516492752329
34786,1,1,9,592.156449611708
34822,1,1,10,721.1983700169393
34827,1,1,6,683.2623089017591
34833,1,1,1,221.73080353958773
34835,1,1,1,463.62741838893396
34839,1,1,8,765.0985012179723
34852,1,1,1,175.92152784680658
34864,1,1,6,259.82370000084074
34866,0,1,0,0.15196332638455354
34874,1,1,4,0.42645458358136
34879,1,1,4,0.42645458358136
34888,1,1,5,0.42645457969393247
34889,1,1,7,55.24126083503976
34893,1,1,9,63.20362618343838
34894,1,1,4,0.42645458358136
34901,1,1,4,0.42645458358136
34906,1,1,8,915.0356019169855
34924,1,1,2,467.93991715797654
34927,1,1,9,478.42569024741834
34932,1,1,6,379.90855655353255
34960,1,1,4,0.42645458358136
34968,1,1,6,671.9825184310959
34977,1,1,5,0.42645456789925423
34986,1,1,5,0.42645456789925423
34988,1,1,4,0.42645458358136
34994,1,1,1,542.5868086908647
34999,1,1,9,671.4099517508745
35017,1,1,9,69.89364703752594
35018,1,1,7,143.22256469399542
35019,1,1,10,179.46521864811504
35020,1,1,5,0.42645457969393247
35021,1,1,6,801.8513491048936
35039,1,1,8,810.2180876407359
35065,1,1,4,0.42645458358136
35072,1,1,5,0.42645457969393247
35092,1,1,5,0.42645457969393247
35097,1,1,5,0.42645457969393247
35100,1,1,7,84.90246005051327
35102,1,1,9,484.7891876035332
35103,1,1,8,779.8227618130203
35131,1,1,8,888.7620438667722
35168,1,1,1,656.8832717864178
35171,1,1,10,285.86076925042636
35179,1,1,6,571.241016366416
35219,1,1,6,468.5635688623117
35229,1,1,1,278.80548515483963
35254,1,1,6,169.8158819786137
35256,1,1,9,543.1719607413464
35267,1,1,5,0.42645457969393247
35288,1,1,2,402.1457884742683
35303,1,1,10,481.0662654613023
35319,1,1,6,560.0284244081863
35320,1,1,9,546.7706895398617
35323,1,1,10,270.8013544501554
35328,1,1,9,879.2492652868234
35338,1,1,8,325.4790447011447
35345,1,1,3,45.222850405971535
35355,1,1,6,617.8511274972013
35360,1,1,5,0.42645457969393247
35371,1,1,4,0.42645458358136
35389,1,1,10,466.427028841543
35392,1,1,9,24.17931414543668
35397,1,1,1,397.3384220614055
35426,1,1,9,590.567023481266
35427,1,1,6,776.4953734635777
35428,1,1,9,634.2158137265403
35435,1,1,8,667.369928534105
35442,1,1,10,722.7983908862551
35451,1,1,9,807.9940663538553
35462,1,1,5,0.42645457969393247
35463,1,1,9,603.0036299409693
35482,1,1,8,817.3385522531449
35491,1,1,8,835.4463391841302
35524,1,1,10,679.1967868236475
35548,1,1,6,233.06171830469546
35550,1,1,4,0.42645458358136
35568,1,1,5,0.42645457969393247
35577,1,1,1,626.284410428671
35588,1,1,9,792.0900151778719
35596,1,1,9,349.4307193553336
35597,1,1,3,88.8551361680901
35632,1,1,9,217.98579937759746
35635,1,1,3,92.10333544598224
35636,1,1,9,576.3974132303324
35657,1,1,7,95.19417257477613
35680,1,1,9,844.6931634373827
35695,1,1,10,700.6620160241085
35718,1,1,10,459.3981671547387
35719,1,1,8,770.3951378637852
35736,1,1,6,624.4498619992357
35738,1,1,9,875.3497127866694
35742,1,1,9,299.18217253767756
35752,1,1,5,0.42645457969393247
35760,1,1,6,360.68702579473717
35764,1,1,10,619.0386380981074
35778,1,1,9,735.0209156721911
35780,1,1,9,509.4973671717667
35791,1,1,1,413.2329308332654
35837,1,1,6,361.5809084090347
35844,1,1,4,0.42645458358136
35845,1,1,10,128.9734586443209
35848,1,1,7,90.41469027319165
35852,1,1,3,47.71044860683255
35855,1,1,3,80.12629742233032
35863,1,1,4,0.42645458358136
35865,1,1,9,559.8839426731852
35869,1,1,9,869.1404524158131
35897,1,1,6,779.3853297296295
35920,1,1,7,173.34691245962946
35923,1,1,4,0.42645458358136
35924,1,1,8,738.8543168929554
35925,1,1,6,422.8027124936494
35931,1,1,5,0.42645457969393247
35933,1,1,4,0.42645458358136
35938,1,1,9,786.5463764673274
35944,1,1,4,0.42645458358136
35968,1,1,9,830.6226556238911
35978,1,1,6,369.46454132168554
35980,1,1,9,587.8306178292625
35998,1,1,9,443.21559899597133
36006,1,1,5,0.42645457969393247
36014,1,1,6,752.2869229575709
36024,1,1,6,799.1303355743538
36033,1,1,2,260.10246025039135
36039,1,1,3,89.42024860507598
36042,1,1,6,806.4541552953734
36056,1,1,6,386.53704526620743
36073,1,1,4,0.42645458358136
36075,1,1,1,402.4130893823776
36079,1,1,10,313.85441922881034
36084,1,1,9,277.10508515105613
36109,1,1,8,919.6928358343821
36113,1,1,5,0.42645457969393247
36134,1,1,10,150.26598813317136
36138,1,1,1,718.9808030233356
36148,1,1,1,716.8271468664987
36161,0,1,0,0.17579340912470892
36165,1,1,8,448.6493078941939
36171,1,1,4,0.42645458358136
36175,1,1,4,0.42645458358136
36191,1,1,4,0.42645458358136
36240,1,1,5,0.42645457969393247
36257,1,1,8,810.5590161467561
36261,1,1,9,392.95727035543325
36284,1,1,10,563.2551029851165
36295,1,1,9,806.4169154707457
36298,1,1,4,0.42645458358136
36309,1,1,4,0.42645458358136
36314,1,1,4,0.42645458358136
36316,1,1,3,83.94738628983862
36341,1,1,8,811.6467570044883
36353,1,1,7,150.80757987691518
36357,1,1,9,838.1205071736603
36371,1,1,8,113.94462379039979
36378,1,1,10,379.4656433177204
36385,1,1,9,875.8850291647724
36390,1,1,8,944.6998426904773
36397,1,1,9,577.0215260484505
36398,1,1,8,780.3986136244148
36399,1,1,9,341.1657952228809
36406,1,1,9,854.8883918330566
36413,1,1,5,0.42645457969393247
36431,1,1,8,506.9330615381315
36464,1,1,3,65.64673331980755
36472,1,1,6,585.4263732202999
36475,1,1,7,55.91045000009055
36484,1,1,5,0.42645457969393247
36491,1,1,4,0.42645458358136
36495,1,1,7,78.2026949509097
36504,1,1,4,0.42645458358136
36514,1,1,10,135.85931837593517
36534,1,1,5,0.42645457969393247
36538,1,1,8,405.06616958915146
36544,1,1,5,0.42645457969393247
36570,1,1,9,671.8793574781494
36575,0,1,0,0.12990180975116417
36579,1,1,9,117.88708393736461
36597,1,1,4,0.42645458358136
36605,1,1,10,486.2298150133519
36617,1,1,8,642.2183160178294
36638,1,1,8,315.3315396337711
36651,1,1,4,0.42645458358136
36661,1,1,6,720.6243517360406
36663,1,1,4,0.4264545919581291
36665,1,1,2,435.05450430171226
36669,1,1,4,0.42645458358136
36683,1,1,6,539.6983138376577
36689,1,1,4,0.42645458358136
36705,1,1,4,0.42645458358136
36712,1,1,6,577.450838119643
36773,1,1,9,265.7641924596536
36787,1,1,9,761.4601139575343
36827,1,1,9,865.307061606912
36843,1,1,9,737.8893899367274
36875,1,1,6,530.2552547303636
36877,1,1,4,0.42645458358136
36879,1,1,8,520.3528606249894
36884,1,1,7,62.58986175472925
36894,1,1,9,813.3766959970765
36914,1,1,8,429.19725596012887
36918,1,1,8,657.2043394257672
36925,1,1,4,0.42645458358136
36932,1,1,8,573.5683567155819
36940,1,1,9,788.126275441037
36952,1,1,8,449.6583168950053
36962,1,1,6,702.5868077897884
36968,1,1,8,381.2488307105933
36971,1,1,5,0.42645457969393247
36980,1,1,4,0.42645458358136
36986,1,1,8,262.51945519912385
36989,1,1,9,660.0940003064118
36998,1,1,5,0.42645457969393247
37007,1,1,4,0.42645458358136
37018,1,1,7,15.588950530942121
37032,1,1,8,763.3490474365584
37033,1,1,8,332.4417337455942
37054,1,1,10,509.97144562348444
37057,1,1,4,0.42645458358136
37068,1,1,8,840.5197466441538
37070,1,1,8,595.1268863549636
37072,1,1,6,319.7784914500776
37078,1,1,6,714.4559502182192
37081,1,1,9,592.9514999114994
37083,1,1,4,0.42645458358136
37086,1,1,10,573.774134515437
37094,1,1,8,731.7470495407426
37108,1,1,9,868.522738868294
37112,1,1,9,189.8153370944507
37124,1,1,5,0.42645457969393247
37130,1,1,7,98.61341694791268
37139,1,1,10,614.9224842159874
37159,1,1,6,471.8815806626706
37165,1,1,9,492.1342097017656
37202,1,1,6,697.9750606342659
37203,1,1,5,0.42645457969393247
37205,1,1,4,0.42645458358136
37242,1,1,6,655.2339579172736
37260,1,1,4,0.42645458358136
37299,1,1,7,73.68500226887438
37312,1,1,9,557.5689029473174
37327,1,1,8,530.9915250936194
37343,1,1,5,0.42645457969393247
37362,1,1,9,52.77024574431994
37367,1,1,10,604.219379912838
37384,1,1,10,170.2430896033239
37386,1,1,8,669.2245947236612
37400,1,1,6,455.2982225919261
37409,1,1,6,783.5646449077007
37447,1,1,10,238.9106061173352
37450,1,1,9,384.2944772387706
37461,1,1,5,0.42645457969393247
37464,1,1,7,171.28023665597678
37483,1,1,9,832.3357840329068
37485,1,1,9,876.1778310163356
37490,1,1,10,462.9863790086889
37499,1,1,7,162.74475699157742
37501,1,1,8,942.9010541418388
37503,1,1,9,673.757209177137
37506,1,1,8,595.9160202531497
37509,1,1,2,320.28806469407044
37519,1,1,10,685.1378653174926
37526,1,1,4,0.42645458358136
37543,1,1,10,524.6276393414158
37600,1,1,1,357.9879110972982
37606,1,1,9,869.0800693575245
37607,1,1,6,518.5408776357554
37610,1,1,9,883.9344213263461
37629,1,1,6,790.4893827791591
37639,1,1,8,190.9730096820505
37641,1,1,9,621.7882334525036
37674,1,1,10,455.19178195459773
37677,1,1,2,364.0533534760325
37679,1,1,5,0.42645457969393247
37701,1,1,3,38.602451908566415
37703,1,1,2,474.7168554494289
37718,1,1,1,643.2931792396629
37727,1,1,8,179.96105325339178
37730,1,1,1,666.4763965584602
37735,1,1,9,554.0651793793858
37741,1,1,9,450.53440850178947
37750,1,1,9,583.5741153123439
37755,1,1,4,0.42645458358136
37757,1,1,10,399.8331329127656
37764,1,1,6,510.9823104602137
37773,1,1,1,422.8417358065998
37776,1,1,5,0.42645457969393247
37781,1,1,1,487.5385384568302
37789,1,1,8,522.1987671459493
37790,1,1,5,0.42645457969393247
37793,1,1,6,325.5314340034749
37794,1,1,5,0.42645457969393247
37796,1,1,10,415.2916195058346
37800,1,1,10,423.59535169434196
37804,1,1,5,0.42645457969393247
37809,1,1,6,405.74987777630827
37816,1,1,8,596.7121323013135
37825,1,1,10,607.3980568949944
37837,1,1,7,170.85394319731614
37840,1,1,9,814.4344928010984
37847,1,1,6,574.3023703901054
37848,0,1,0,0.1186877719624951
37859,1,1,1,739.5093181891859
37869,1,1,9,880.555018850796
37886,1,1,4,0.42645458358136
37898,1,1,6,367.7088203672918
37920,1,1,7,57.96505235640973
37929,1,1,9,849.0689584829164
37941,1,1,9,332.312634351824
37943,1,1,4,0.42645458358136
37945,1,1,2,289.18509988867663
37946,1,1,6,639.5049776180825
37964,1,1,9,571.1467139119017
37982,1,1,8,523.9982129215965
37983,1,1,8,363.12420621249544
37995,1,1,8,834.383672573408
37996,1,1,5,0.42645457969393247
38000,1,1,9,726.7489835643896
38020,1,1,6,561.5451431011073
38034,1,1,9,861.7148870939785
38054,1,1,6,262.6569657330513
38055,1,1,6,787.4522405650215
38091,1,1,10,717.3317962920449
38103,1,1,10,439.7988017042914
38111,1,1,8,545.1421507383616
38127,0,1,0,0.08556754841406959
38133,1,1,9,850.6383071221807
38155,1,1,6,449.444054345272
38170,1,1,10,717.2734197285981
38188,1,1,6,356.136939536216
38191,1,1,10,708.6463067572295
38196,1,1,4,0.42645458358136
38197,1,1,10,521.8549033742224
38228,1,1,8,444.29690298473463
38240,1,1,8,540.8527133775099
38246,1,1,5,0.42645457969393247
38276,1,1,6,714.3118627945936
38294,1,1,3,74.40309586792168
38302,1,1,4,0.42645458358136
38309,1,1,8,631.3736266705395
38324,1,1,5,0.42645457969393247
38330,1,1,4,0.42645458358136
38343,1,1,9,73.04618426510538
38351,1,1,8,834.9162749109112
38358,1,1,1,331.4010710368314
38367,1,1,5,0.42645457969393247
38374,1,1,6,567.5344296266279
38386,1,1,7,96.73827924681494
38427,1,1,5,0.42645457969393247
38435,1,1,9,757.2491669029603
38452,1,1,6,667.4788299802486
38462,1,1,10,269.8138317484458
38463,1,1,6,697.4447206805384
38488,1,1,7,49.19389534886487
38491,1,1,9,414.09457798860456
38498,1,1,6,362.44556808908885
38507,1,1,1,357.1752357661869
38510,1,1,10,517.8279363538373
38513,1,1,10,373.3195113216632
38530,1,1,5,0.42645457969393247
38536,1,1,9,876.83027400011
38552,1,1,5,0.42645457969393247
38564,1,1,9,426.6650392789701
38566,1,1,6,688.7793152813506
38576,1,1,6,750.448144762236
38588,1,1,1,296.043229985886
38594,1,1,9,366.6151457677214
38603,1,1,8,616.8687462827769
38610,1,1,6,491.60188198821214
38617,1,1,9,892.1519552262582
38626,1,1,1,412.31287824737
38635,1,1,9,342.25015614825895
38643,1,1,7,68.42899526793593
38645,1,1,4,0.42645458358136
38654,1,1,10,583.7812584574764
38690,1,1,7,153.3874648743914
38707,1,1,8,497.9327552631299
38714,1,1,10,540.8289894215878
38719,1,1,5,0.42645457969393247
38726,1,1,10,181.65833118750078
38733,1,1,4,0.42645458358136
38742,1,1,8,520.634035767418
38762,1,1,9,161.11650681257262
38769,1,1,9,759.9577189718347
38782,1,1,5,0.42645457969393247
38793,1,1,8,785.3793739830543
38807,1,1,5,0.42645457969393247
38808,1,1,1,404.9645013456438
38811,1,1,2,124.76482838622887
38815,1,1,10,662.0271004803263
38819,1,1,6,496.2341531233307
38832,1,1,9,184.56870540846876
38840,1,1,4,0.42645458358136
38856,1,1,8,571.3079264564291
38861,1,1,10,364.4615450214812
38863,1,1,9,814.3914134246684
38876,1,1,1,370.91431357431526
38881,1,1,6,607.0779804056992
38904,1,1,4,0.42645458358136
38917,1,1,10,716.7733675446071
38920,1,1,10,134.2459770566656
38930,0,1,0,0.0970854530791923
38934,1,1,8,901.2416800498838
38937,1,1,5,0.42645457969393247
38941,1,1,5,0.42645457969393247
38956,1,1,9,431.4642484767409
38968,1,1,9,300.53870006471595
38976,1,1,8,436.5504019372352
38992,1,1,5,0.42645456789925423
38995,1,1,4,0.42645458358136
39006,1,1,5,0.42645457969393247
39014,1,1,6,775.8374597015188
39021,1,1,4,0.42645458358136
39031,1,1,3,83.48707104896219
39035,1,1,10,512.7987959422396
39050,1,1,6,232.94598855547562
39054,1,1,4,0.42645458358136
39064,1,1,6,735.687341762988
39075,1,1,5,0.42645457969393247
39078,1,1,7,53.20633244723128
39082,1,1,3,84.07377769677102
39090,1,1,2,464.841000063469
39093,1,1,6,740.5901571715018
39100,1,1,4,0.42645458358136
39112,1,1,5,0.42645457969393247
39113,1,1,2,343.0476585146438
39134,1,1,10,721.164850956053
39139,1,1,7,56.371243254420854
39157,1,1,10,637.6088335587402
39164,1,1,7,109.94038021903393
39175,1,1,4,0.42645458358136
39178,1,1,6,453.6563684704844
39190,1,1,1,371.39622266248404
39198,1,1,9,760.9815861162875
39208,1,1,1,223.91346738337086
39234,1,1,4,0.42645458358136
39244,1,1,4,0.42645458358136
39257,1,1,9,138.58483227636484
39260,1,1,5,0.42645457969393247
39267,1,1,9,788.0659749452294
39278,1,1,10,601.0577093925651
39289,1,1,10,108.37034313347826
39290,1,1,4,0.42645458358136
39314,1,1,8,800.8279912422433
39330,1,1,8,412.3730069035286
39332,1,1,6,744.7444099484069
39342,1,1,7,161.77073497996793
39374,1,1,8,527.4962118338282
39391,1,1,9,796.3520834497999
39401,1,1,4,0.42645458358136
39403,1,1,6,504.8091687317259
39413,1,1,4,0.42645458358136
39418,1,1,9,877.7288296482377
39423,1,1,10,397.2414727663497
39449,1,1,10,507.4129977365454
39466,1,1,8,716.4095797765077
39468,1,1,9,768.8654068544512
39477,1,1,6,390.3967544739235
39508,1,1,9,512.8363295091041
39527,1,1,9,531.2481018422122
39552,1,1,7,157.8956015174833
39560,1,1,5,0.42645457969393247
39579,1,1,5,0.42645457969393247
39585,1,1,10,204.87529632048006
39593,1,1,6,270.73416226133224
39598,1,1,7,151.30574452993437
39626,1,1,9,39.987685026945776
39630,1,1,4,0.42645458358136
39647,1,1,6,337.6477663734383
39649,1,1,9,853.2223971351547
39662,1,1,6,551.6815625047416
39665,1,1,6,453.08053238107635
39687,1,1,8,868.8643419424806
39689,1,1,10,632.9974844823367
39691,1,1,8,380.1148878412825
39692,1,1,2,387.3859004801241
39698,1,1,5,0.42645457969393247
39703,1,1,6,810.3967877572742
39707,1,1,3,91.95940123850659
39709,1,1,8,785.2582092071781
39722,1,1,6,321.09095758585914
39728,1,1,5,0.42645457969393247
39732,1,1,5,0.42645457969393247
39734,1,1,9,416.5462513695464
39754,1,1,4,0.42645458358136
39780,1,1,7,156.1467061161693
39782,1,1,10,430.72765154255734
39798,1,1,5,0.42645457969393247
39808,1,1,2,447.649780309
39811,1,1,8,867.9385191811633
39816,1,1,3,72.95753357637497
39822,1,1,10,420.8522531682468
39828,1,1,8,518.6841199629671
39833,1,1,9,860.9779222977122
39870,1,1,7,131.59146966259453
39891,1,1,4,0.42645458358136
39892,1,1,4,0.42645458358136
39896,1,1,5,0.42645457969393247
39907,1,1,5,0.42645457969393247
39908,1,1,5,0.42645457969393247
39922,1,1,8,608.252945096954
39927,1,1,8,706.8167390285465
39935,1,1,4,0.42645458358136
39937,1,1,10,408.1628468565098
39943,1,1,2,88.55895973293602
39952,1,1,6,264.4857788214592
39954,1,1,8,359.6238252615626
39956,1,1,8,488.84182364958804
39957,1,1,3,63.57427219926927
39964,1,1,6,642.8141054547593
39971,1,1,5,0.42645457969393247
39978,1,1,9,687.6005138798527
39979,1,1,6,574.2618343180394
39980,1,1,1,461.03478981371444
39993,1,1,8,733.0717061162375
39994,1,1,9,708.0391358544637
40041,1,1,4,0.42645458358136
40055,1,1,2,305.5617020395921
40056,1,1,5,0.42645457969393247
40067,1,1,6,312.5576748208651
40079,1,1,1,543.317458021033
40086,1,1,5,0.42645457969393247
40114,1,1,10,253.5298536244247
40138,1,1,1,639.6894253657532
40141,1,1,10,711.906322195911
40145,1,1,4,0.42645458358136
40148,1,1,6,472.6511158117586
40164,1,1,10,244.25783705390188
40171,1,1,9,342.8403874966271
40177,1,1,9,834.871955807788
40184,1,1,9,770.3421079960234
40186,1,1,10,183.7251768259222
40192,1,1,8,493.88635730560776
40195,1,1,5,0.42645457969393247
40200,1,1,3,90.74123308778007
40201,1,1,9,637.8793534384558
40209,1,1,8,326.557852470888
40211,1,1,8,402.5105686243024
40217,1,1,5,0.42645457969393247
40222,1,1,9,829.262862008119
40238,1,1,9,394.4048052708803
40257,1,1,9,383.9639988126822
40272,1,1,6,360.7732029383408
40298,1,1,1,727.1351990532416
40307,1,1,10,474.18071781319105
40311,1,1,8,288.20279243352843
40315,1,1,5,0.42645457969393247
40317,1,1,4,0.42645458358136
40337,1,1,9,876.9066034699034
40339,1,1,8,493.6010035640168
40340,1,1,6,233.37227199184716
40350,1,1,6,623.9110362301327
40380,1,1,9,587.7727823966378
40385,1,1,6,584.8002951444979
40391,1,1,9,872.0802263857796
40403,1,1,10,293.9678089249217
40414,1,1,8,781.298904098206
40423,1,1,4,0.42645458358136
40425,1,1,9,166.35490294775315
40443,1,1,4,0.42645458358136
40444,1,1,10,604.2842472957627
40445,1,1,5,0.42645457969393247
40470,1,1,4,0.42645458358136
40482,1,1,4,0.42645458358136
40486,1,1,9,754.6378756602408
40502,1,1,9,478.1942655582936
40512,1,1,4,0.42645458358136
40519,1,1,1,347.2844236256023
40534,1,1,1,510.0435434372677
40536,1,1,9,654.9188291992128
40582,1,1,6,163.95488069449004
40593,1,1,8,557.1869146230808
40605,0,1,0,0.08933466915797152
40617,1,1,1,676.7341544938433
40621,1,1,7,98.14431746634578
40623,1,1,6,641.3171863402682
40629,1,1,4,0.42645458358136
40631,1,1,9,797.5496240217204
40634,1,1,9,735.0069485594696
40648,1,1,6,251.87103857039122
40650,1,1,4,0.42645458358136
40656,1,1,10,364.5185744350027
40685,1,1,7,148.62066278169974
40696,1,1,5,0.42645457969393247
40701,1,1,9,705.7355680282474
40719,1,1,10,590.9460628654264
40726,1,1,6,330.032438001616
40749,1,1,5,0.42645457969393247
40750,1,1,5,0.42645457969393247
40777,1,1,2,197.19219836063513
40786,1,1,2,306.34069123196264
40806,1,1,5,0.42645457969393247
40812,1,1,9,862.2360688175696
40818,1,1,4,0.42645458358136
40829,1,1,9,587.4164377509608
40849,1,1,4,0.42645458358136
40865,1,1,4,0.42645458358136
40877,1,1,5,0.42645457969393247
40878,1,1,1,582.8899423689821
40887,1,1,8,597.3153119328101
40900,1,1,7,88.56778690441413
40907,1,1,7,173.9724489832727
40910,1,1,5,0.42645457969393247
40912,1,1,10,609.4505970770994
40915,1,1,8,651.165676660927
40925,1,1,6,404.6368501872512
40931,1,1,4,0.42645458358136
40938,1,1,5,0.42645457969393247
40945,1,1,10,517.8385587409541
40957,1,1,10,338.7202345022343
40971,1,1,6,428.49748637021423
40992,1,1,8,218.1799566101119
40997,1,1,9,693.2551479055765
41034,1,1,6,195.64155701009213
41042,1,1,6,774.7808285206313
41046,1,1,2,89.54708229530772
41054,1,1,8,444.862152644966
41055,1,1,9,624.933743398044
41061,1,1,6,459.98367929525944
41067,1,1,8,357.6838793871732
41070,1,1,10,706.145729123753
41078,1,1,9,533.5940292202204
41091,1,1,5,0.42645457969393247
41092,1,1,3,88.27890712058858
41108,1,1,9,831.4475063749637
41117,1,1,6,530.2493750012213
41125,1,1,7,137.58523529786342
41130,1,1,10,296.94802658965773
41146,1,1,6,610.224626683761
41159,1,1,7,133.03207151048719
41161,1,1,5,0.42645457969393247
41168,1,1,6,614.5192484769066
41176,1,1,8,376.95491076898065
41187,1,1,8,476.0408403876375
41196,1,1,8,923.8880129057042
41204,1,1,1,670.2559080630964
41262,1,1,9,427.3590904349615
41305,1,1,9,211.17051376247875
41307,1,1,7,67.76667797768984
41318,1,1,7,169.90559101885992
41321,1,1,1,318.35720268544975
41331,1,1,10,533.5532911429384
41340,1,1,5,0.42645457969393247
41369,1,1,5,0.42645457969393247
41370,1,1,8,146.236986131203
41401,1,1,9,506.66184143759205
41414,1,1,9,415.02296547432115
41421,1,1,6,549.2126821481783
41425,1,1,1,604.0206265969977
41439,1,1,9,498.1446639877992
41486,1,1,10,561.6625757676289
41500,1,1,6,481.5055286906584
41507,1,1,5,0.42645457969393247
41515,1,1,10,396.31902456824054
41519,1,1,5,0.42645457969393247
41525,1,1,9,541.0481111634871
41529,1,1,9,886.3096983103416
41542,1,1,9,890.4188604668406
41553,1,1,6,277.56899646717585
41554,1,1,4,0.42645458358136
41561,1,1,6,806.3912621200736
41568,1,1,8,592.0892959888757
41577,1,1,8,661.6030678690977
41579,1,1,2,101.13352145459481
41584,1,1,1,602.3193888300872
41619,1,1,7,76.38538741505671
41624,1,1,8,527.589062278059
41627,1,1,5,0.42645457969393247
41629,1,1,5,0.42645457969393247
41644,1,1,3,92.36549615019182
41654,1,1,9,788.1369209873011
41659,1,1,8,321.5895475495667
41662,1,1,2,152.47957148626193
41677,1,1,4,0.42645458358136
41686,1,1,4,0.42645458358136
41688,1,1,1,427.1207044128889
41693,1,1,9,412.52178150459946
41702,1,1,10,638.8941589159566
41708,1,1,3,88.63640873028477
41722,1,1,3,54.24767095155491
41725,1,1,5,0.42645457969393247
41738,1,1,5,0.42645457969393247
41740,1,1,8,862.3338344522177
41761,1,1,7,152.13476410654246
41766,1,1,10,154.2283475201342
41775,1,1,9,565.7067866727351
41790,1,1,9,748.0044639241148
41801,1,1,9,875.5204962651743
41802,1,1,1,696.4805262718598
41809,1,1,9,786.9192297514539
41813,1,1,1,214.63984900117117
41822,0,1,0,0.2402876375765123
41827,1,1,9,778.3573524252198
41835,1,1,6,368.42586293694785
41839,1,1,9,892.999355385722
41855,1,1,9,889.3772167177822
41862,1,1,1,451.48237435375165
41869,1,1,6,772.4151270076588
41873,1,1,1,430.09367864047437
41875,1,1,5,0.42645457969393247
41884,1,1,8,152.25611350047373
41885,1,1,9,743.107808955301
41894,1,1,4,0.42645458358136
41903,1,1,9,860.7062893872114
41912,1,1,6,791.5917731327261
41922,1,1,10,442.9813650210509
41923,1,1,9,200.63830048616535
41934,1,1,9,785.1967308094271
41935,1,1,5,0.42645457969393247
41941,1,1,2,68.54464967632897
41943,1,1,9,876.8196224395556
41944,1,1,10,625.9062385362839
41949,1,1,4,0.42645458358136
41956,1,1,5,0.42645457969393247
41966,1,1,6,538.1183616435713
41972,1,1,4,0.42645458358136
41997,1,1,9,571.535405038372
42002,1,1,1,577.0317818214511
42013,1,1,1,247.35683551308372
42017,1,1,4,0.42645458358136
42023,1,1,1,755.2519804466955
42040,1,1,8,612.7311605769911
42050,1,1,8,421.4343411812995
42069,1,1,10,660.7418063044325
42078,1,1,8,778.7242475145827
42081,1,1,2,394.59253430273884
42089,1,1,9,868.3766878626187
42092,1,1,5,0.42645456789925423
42096,1,1,4,0.4264545919581291
42102,1,1,6,801.0155328709752
42143,1,1,9,663.9409345897197
42148,1,1,9,565.747709488672
42152,1,1,10,656.1639777501587
42162,1,1,6,683.7620777217097
42182,1,1,9,309.110209142806
42191,1,1,1,242.63144497412526
42229,1,1,4,0.42645458358136
42233,1,1,5,0.42645457969393247
42254,1,1,4,0.42645458358136
42256,1,1,5,0.42645457969393247
42261,1,1,1,107.77977563355742
42263,1,1,8,763.1540571580255
42265,1,1,9,135.46449928437804
42274,1,1,3,54.83221756075073
42276,1,1,4,0.42645457969393247
42281,1,1,5,0.42645457969393247
42283,1,1,6,364.34699842929956
42285,1,1,5,0.42645457969393247
42315,1,1,9,578.5804176038735
42318,1,1,4,0.42645458358136
42325,1,1,9,885.6604762312033
42326,1,1,5,0.42645457969393247
42347,1,1,9,657.7660149655587
42351,1,1,9,157.55674742004567
42356,1,1,9,319.842655648085
42365,1,1,4,0.42645458358136
42371,1,1,4,0.42645458358136
42379,1,1,4,0.42645458358136
42380,1,1,7,11.625223899494241
42386,1,1,6,481.1419304622309
42398,1,1,3,89.2235615975854
42404,1,1,7,48.155270100405474
42436,1,1,3,91.96819890296987
42445,1,1,4,0.42645458358136
42446,1,1,2,212.55604806255184
42460,1,1,1,545.8928021461801
42481,1,1,3,47.9626924096788
42487,1,1,4,0.42645458358136
42493,1,1,10,479.84864405715297
42503,1,1,9,503.47628410351814
42504,1,1,4,0.42645458358136
42511,1,1,9,791.0441780252866
42520,1,1,9,488.78042067066184
42531,1,1,9,576.9556378991883
42532,1,1,8,689.3092976519412
42533,1,1,2,375.6029157576811
42565,1,1,4,0.42645458358136
42570,1,1,9,830.0592816448182
42574,1,1,9,590.5921798392626
42596,1,1,6,268.32745500765185
42610,1,1,6,787.8829549036795
42613,1,1,2,378.84819072896056
42633,1,1,8,149.78780757509918
42644,1,1,8,633.9859296383297
42646,1,1,9,615.2973625730688
42649,1,1,10,720.0451134553633
42666,1,1,1,232.36327902722522
42667,1,1,6,688.6972854991706
42679,1,1,5,0.42645457969393247
42681,1,1,9,486.26215309365745
42686,1,1,10,659.5522929006872
42692,0,1,0,0.14829028029097413
42719,1,1,4,0.4264545919581291
42747,1,1,9,664.3630480586961
42754,1,1,10,696.8143517012581
42755,1,1,8,777.7203650068186
42756,1,1,5,0.42645457969393247
42769,1,1,6,785.9490602866352
42785,1,1,9,488.80696622659747
42806,1,1,4,0.42645458358136
42807,1,1,9,510.3216209429929
42824,1,1,5,0.42645457969393247
42828,1,1,1,357.85150496292204
42829,1,1,5,0.42645457969393247
42837,1,1,7,55.20265106087079
42844,1,1,5,0.42645457969393247
42850,1,1,5,0.42645457969393247
42852,1,1,9,438.8388853625428
42859,1,1,5,0.42645457969393247
42883,1,1,10,591.1346897653038
42910,1,1,1,470.548211122393
42916,1,1,8,684.5864381255057
42929,1,1,8,866.9253580990314
42943,1,1,1,543.2644174692488
42946,1,1,9,420.281295114658
42959,1,1,4,0.42645458358136
42965,1,1,1,650.251220057673
42969,1,1,2,121.26860155500026
42973,1,1,10,638.7213952737806
42981,1,1,9,563.3699020386382
42987,1,1,8,515.0718843072092
42989,1,1,8,465.080798370265
42995,1,1,9,218.80015665203024
43019,1,1,4,0.4264545919581291
43023,1,1,6,511.2576617161234
43028,1,1,10,264.80122190215604
43038,1,1,6,616.2376415923435
43046,1,1,9,878.8702660660674
43064,1,1,5,0.42645457969393247
43075,1,1,5,0.42645457969393247
43085,0,1,0,0.1141691101514665
43092,1,1,6,803.4758417908859
43121,1,1,1,160.56865729060087
43135,1,1,3,72.10826133929577
43139,1,1,5,0.42645457969393247
43141,1,1,5,0.42645457969393247
43152,1,1,5,0.42645457969393247
43153,1,1,8,163.6827109152986
43160,1,1,2,361.56494806923223
43161,1,1,8,214.2266101788163
43172,1,1,7,130.08130046421806
43175,1,1,9,302.9572405526199
43191,1,1,6,544.0195338497368
43205,1,1,9,447.0379470678512
43207,1,1,5,0.42645457969393247
43217,1,1,9,590.4166891021781
43219,1,1,1,406.8483778261818
43239,1,1,9,158.7393826971983
43242,1,1,8,404.24478865090373
43252,1,1,6,123.63841404844815
43256,1,1,6,782.1633024406152
43257,1,1,9,788.3450982581392
43260,1,1,9,222.8961803664458
43269,1,1,6,721.4214138793037
43279,1,1,9,457.4418827083414
43284,1,1,10,567.92205154231
43287,1,1,9,757.8319909174626
43290,1,1,10,619.0275888388006
43297,1,1,9,222.07340531303333
43298,1,1,6,744.2091760415077
43303,1,1,1,316.59793748328656
43312,1,1,10,722.4315759961322
43336,1,1,8,506.8194431949586
43338,1,1,10,200.29478817458886
43343,1,1,7,169.07610612385264
43345,1,1,9,806.7695454683172
43346,1,1,4,0.42645458358136
43350,1,1,8,457.98607024707945
43354,1,1,3,54.90376632875153
43370,1,1,6,215.5934374854992
43379,1,1,5,0.42645457969393247
43415,1,1,5,0.42645457969393247
43418,1,1,10,632.5813360547068
43423,1,1,8,321.01664793180527
43424,1,1,8,284.6017779879811
43441,1,1,10,459.4119876177438
43456,1,1,6,510.62279304400573
43460,1,1,5,0.42645457969393247
43464,1,1,9,393.6318062877657
43468,1,1,8,772.1479872531451
43473,1,1,7,81.44059102382099
43487,1,1,6,357.61325944310613
43496,1,1,6,246.98872495796684
43497,1,1,2,208.53061246290363
43502,1,1,10,351.34438697738796
43504,1,1,2,442.2691844195606
43509,1,1,4,0.42645458358136
43530,1,1,2,293.9909692860952
43546,1,1,10,438.7893575883053
43555,1,1,4,0.42645458358136
43556,1,1,1,203.84930887378124
43560,1,1,7,85.92501778995403
43566,1,1,6,514.4350396880324
43573,1,1,8,759.9919822522621
43586,1,1,5,0.42645457969393247
43596,1,1,8,592.1723948818609
43598,1,1,5,0.42645457969393247
43602,1,1,4,0.42645458358136
43613,1,1,4,0.42645458358136
43619,1,1,5,0.42645457969393247
43669,1,1,5,0.42645457969393247
43683,1,1,2,383.6260400759935
43690,1,1,5,0.42645457969393247
43702,1,1,6,762.8947942163375
43723,1,1,6,480.54892040285125
43726,1,1,9,873.0605731216556
43741,1,1,6,790.195003713496
43742,1,1,5,0.42645457969393247
43757,1,1,10,709.2413533730498
43760,1,1,5,0.42645457969393247
43795,1,1,2,263.9834142121425
43811,1,1,10,373.4047838161554
43822,1,1,8,941.7281649915177
43823,1,1,4,0.42645458358136
43847,1,1,9,345.97434048948253
43851,1,1,10,678.123627015794
43855,1,1,8,366.17319519251555
43862,1,1,4,0.42645458358136
43868,1,1,5,0.42645457969393247
43889,1,1,10,566.2545632634871
43898,1,1,4,0.4264545919581291
43919,1,1,3,89.98775908509008
43956,1,1,4,0.42645458358136
43957,1,1,9,580.1743907304133
43965,1,1,6,526.6907018100554
43974,1,1,10,172.85620663467714
43978,1,1,6,189.4964075923358
43989,1,1,7,151.69766417892268
43993,1,1,10,682.0779593192066
44014,1,1,10,244.13007668652327
44017,1,1,2,150.42135174280017
44022,1,1,9,231.8649372327641
44031,1,1,8,229.49786680554678
44034,1,1,6,279.4188677047773
44050,1,1,10,717.9526400620848
44053,1,1,1,451.7350035312992
44056,1,1,6,728.8492260989036
44067,1,1,5,0.42645457969393247
44088,1,1,6,201.38374305478348
44089,1,1,6,606.5087096442646
44095,1,1,4,0.42645458358136
44112,0,1,0,0.10815409107262575
44114,1,1,4,0.42645458358136
44115,1,1,2,246.95974405083552
44121,1,1,1,424.9974076903234
44122,1,1,6,491.69918825989834
44138,1,1,9,582.1022917105945
44141,1,1,10,711.7850799676738
44149,1,1,5,0.42645457969393247
44156,1,1,9,538.5977658651478
44168,1,1,10,417.9170757974463
44189,1,1,8,360.0102162020654
44203,1,1,10,717.3911852224309
44208,1,1,5,0.42645457969393247
44224,1,1,6,556.9689899417089
44232,1,1,3,92.79394701008361
44233,1,1,8,654.6821725304493
44236,1,1,8,638.9027598822713
44249,1,1,8,281.30179760334585
44253,1,1,10,577.8084585084812
44262,1,1,5,0.42645457969393247
44264,1,1,5,0.42645457969393247
44268,1,1,5,0.42645457969393247
44274,1,1,3,87.51735753101023
44291,1,1,10,135.86672091182427
44296,1,1,9,36.96966772280393
44301,1,1,5,0.42645457969393247
44308,1,1,6,776.5573388377702
44333,1,1,7,48.690641942621475
44334,1,1,9,595.6410520221979
44339,0,1,0,0.0982141022262187
44348,1,1,5,0.42645457969393247
44361,1,1,9,885.0191321269308
44372,1,1,5,0.42645457969393247
44398,1,1,6,464.23767038662197
44401,1,1,8,829.7724063574831
44425,1,1,6,469.814183432156
44428,1,1,7,118.64877555242225
44431,0,1,0,0.14613910257358304
44433,1,1,10,198.1020462200495
44434,1,1,5,0.42645457969393247
44436,1,1,8,666.1783498228431
44453,1,1,9,381.8980374194628
44465,1,1,3,75.79382614294576
44472,1,1,9,162.46798362264158
44473,1,1,2,339.08662792986814
44484,1,1,10,696.4639179089829
44496,1,1,8,791.605897784684
44508,1,1,5,0.42645457969393247
44516,1,1,7,57.384647077199446
44517,1,1,9,652.3865991896498
44519,1,1,4,0.42645458358136
44526,1,1,8,751.8152167737768
44537,1,1,5,0.42645457969393247
44558,1,1,6,392.24988534309745
44576,1,1,7,161.50620414830416
44577,1,1,3,87.0662755709566
44582,1,1,5,0.42645457969393247
44585,1,1,10,150.12801305662052
44589,1,1,10,695.1989184053639
44592,1,1,4,0.42645458358136
44594,1,1,4,0.42645458358136
44595,1,1,8,840.6472052607523
44598,1,1,9,238.80840139874573
44638,1,1,6,801.0418835286895
44640,1,1,2,467.25504354158926
44662,1,1,10,312.87411710107574
44665,1,1,9,781.4763488633147
44692,1,1,4,0.42645458358136
44695,1,1,8,276.45936221197064
44701,1,1,7,17.592102170074877
44702,1,1,7,103.36095010443131
44726,1,1,8,145.0506810198767
44729,0,1,0,0.11422138290134921
44750,1,1,8,636.7224394021797
44761,1,1,4,0.4264545919581291
44770,1,1,6,459.1990272499964
44774,1,1,7,66.80652406420143
44786,1,1,4,0.42645458358136
44793,1,1,8,781.6177203854447
44794,1,1,5,0.42645457969393247
44803,1,1,10,163.63999745227852
44806,1,1,8,557.39086524333
44809,1,1,6,692.6701736859171
44819,1,1,8,336.3929539720173
44822,1,1,9,55.790789189530464
44832,1,1,9,862.3237954730761
44835,1,1,5,0.42645457969393247
44850,1,1,10,374.2951523854327
44856,1,1,1,379.7372381968864
44866,1,1,8,394.7286450293233
44871,1,1,9,485.25695031255833
44875,1,1,6,264.46876273272284
44876,1,1,7,136.6382067996508
44884,1,1,6,539.1756494629703
44886,1,1,6,767.5746849002368
44896,1,1,10,721.2354973910013
44899,1,1,5,0.42645457969393247
44903,1,1,9,673.927977851286
44905,1,1,3,71.6821473520671
44912,1,1,8,812.527392810823
44918,1,1,6,209.8809995290588
44934,1,1,8,763.0680638355435
44946,1,1,4,0.42645458358136
44953,1,1,6,709.0277221641777
44960,1,1,1,616.8912597035425
44977,1,1,5,0.42645457969393247
44980,1,1,10,583.5896346153038
44985,1,1,9,385.1365852223651
44997,1,1,5,0.42645457969393247
45002,1,1,10,690.3623376824922
45007,1,1,6,675.2858945724074
45017,1,1,10,223.80946280114557
45018,1,1,9,194.7158440003327
45058,1,1,4,0.42645458358136
45059,1,1,5,0.42645457969393247
45069,1,1,4,0.42645458358136
45073,1,1,1,322.41154323931517
45075,1,1,7,69.94775244607192
45078,1,1,4,0.42645458358136
45089,1,1,5,0.42645457969393247
45094,1,1,3,92.343697645458
45105,1,1,4,0.42645458358136
45108,1,1,9,700.4738162669829
45112,1,1,2,483.8415884825511
45125,1,1,8,606.2477621687575
45134,1,1,4,0.42645458358136
45142,1,1,8,826.1881826078794
45143,1,1,8,440.5052520540772
45157,1,1,9,798.8197359746518
45170,1,1,9,699.7536855406875
45172,1,1,5,0.42645457969393247
45178,1,1,8,781.0947253902941
45191,1,1,9,646.573642777322
45199,1,1,4,0.42645458358136
45207,1,1,7,121.8118902365126
45214,1,1,8,198.52240355691265
45222,1,1,4,0.42645458358136
45226,1,1,5,0.42645457969393247
45229,1,1,9,737.6213954918375
45231,1,1,10,720.449628468533
45244,1,1,6,112.60716770680163
45246,1,1,9,797.1615921457807
45291,1,1,7,170.3160166348157
45294,1,1,5,0.42645457969393247
45296,1,1,10,501.7047227990678
45333,1,1,9,99.62457789372671
45343,1,1,8,751.7781399752611
45378,1,1,5,0.42645457969393247
45387,1,1,10,214.78786250775963
45391,1,1,6,222.3193166066007
45431,1,1,10,167.63703855370497
45444,1,1,8,762.254809699412
45454,1,1,9,381.3214356334078
45482,1,1,5,0.42645457969393247
45489,1,1,6,543.6816203101433
45496,1,1,9,538.3679358633811
45503,1,1,8,501.0453157704597
45526,1,1,6,176.12665544293128
45558,1,1,7,118.88799913361918
45561,1,1,5,0.42645457969393247
45594,1,1,6,471.5491531547799
45597,1,1,10,439.39363370079707
45599,1,1,9,569.713319051829
45602,1,1,2,301.62029143799236
45620,1,1,1,604.4940011832632
45628,1,1,9,48.829508143282794
45634,1,1,5,0.42645457969393247
45635,1,1,8,540.1452176573706
45639,1,1,5,0.42645457969393247
45642,1,1,6,542.3749014852252
45656,1,1,5,0.42645456789925423
45666,1,1,8,667.8072151842767
45682,1,1,1,505.21863971073833
45706,1,1,5,0.42645457969393247
45728,1,1,5,0.42645457969393247
45730,1,1,7,57.59903987933018
45734,1,1,7,14.458193796636415
45755,1,1,9,642.0813499135048
45760,1,1,8,457.7158930899316
45763,1,1,6,427.53236930558256
45764,1,1,4,0.42645458358136
45784,1,1,1,702.5911394909532
45789,1,1,7,88.91841020104701
45799,1,1,9,775.0025129533619
45810,1,1,5,0.42645457969393247
45812,1,1,8,503.16478116614735
45815,1,1,8,797.3784634692181
45837,1,1,9,314.04240362269167
45843,0,1,0,0.09223548843072873
45853,1,1,8,665.8918678978978
45857,1,1,9,133.50426881254748
45859,1,1,5,0.42645457969393247
45867,1,1,6,765.9459781913212
45912,0,1,0,0.1447231653305769
45919,1,1,5,0.42645457969393247
45945,1,1,10,276.2603293123814
45948,1,1,6,793.8624414375353
45961,1,1,8,643.6260078203043
45962,1,1,5,0.42645457969393247
45968,1,1,9,721.2860386261739
45973,1,1,6,672.5994561733795
45977,1,1,5,0.42645457969393247
46006,1,1,6,731.9328569795316
46014,1,1,8,788.3373883313856
46030,1,1,3,90.93596303725259
46040,1,1,10,594.8950255370902
46056,1,1,6,809.7280979720723
46068,1,1,4,0.42645458358136
46080,1,1,8,839.9396296106393
46089,1,1,9,782.2235204021227
46090,1,1,3,92.14563175640163
46096,1,1,10,501.34222161580834
46122,1,1,4,0.42645458358136
46134,1,1,5,0.42645457969393247
46146,1,1,7,40.93849314149342
46152,1,1,10,719.643648110384
46154,1,1,6,364.41241516702297
46180,1,1,8,912.8877791931444
46199,1,1,1,723.8960893460599
46211,1,1,4,0.42645458358136
46215,1,1,9,484.71690032914825
46230,1,1,4,0.42645458358136
46237,1,1,9,834.7518019719256
46240,1,1,9,208.1306220036839
46253,1,1,8,265.56065870874505
46276,1,1,9,233.40353416399952
46281,1,1,1,716.75799113283
46292,1,1,4,0.42645458358136
46314,1,1,9,822.2900100695562
46317,1,1,5,0.42645457969393247
46325,1,1,5,0.42645457969393247
46329,1,1,9,445.50372083779325
46347,1,1,4,0.42645458358136
46359,1,1,8,809.6391415385568
46361,1,1,4,0.4264545919581291
46363,1,1,6,277.5752033503776
46368,1,1,10,507.2499256297856
46369,1,1,2,125.48508595256864
46379,1,1,9,409.43490256688466
46384,1,1,6,238.5561157534792
46397,1,1,5,0.42645457969393247
46405,1,1,10,722.2637904381045
46408,1,1,10,291.712983059063
46418,1,1,4,0.42645458358136
46421,1,1,9,645.2940041403139
46423,1,1,8,792.0380287268157
46476,1,1,8,506.68777686483367
46483,1,1,1,560.7935316750076
46517,1,1,7,55.282281369279154
46519,1,1,10,333.95393681971484
46524,1,1,9,717.0394237413722
46553,1,1,9,564.9529871940384
46566,1,1,9,20.751707638933475
46605,1,1,9,783.1594235930796
46615,1,1,5,0.42645457969393247
46616,1,1,5,0.42645457969393247
46624,1,1,4,0.42645458358136
46636,1,1,9,779.0458889657868
46644,1,1,8,406.696262011037
46648,1,1,8,757.2080705594209
46658,1,1,8,408.91943535363293
46674,1,1,2,133.25370702465383
46687,1,1,9,855.0393336670901
46690,1,1,1,492.85692728554886
46712,1,1,9,551.587891150959
46717,1,1,9,565.7605147803242
46718,1,1,1,563.3670189483406
46745,1,1,8,450.34817801813807
46785,1,1,10,626.4819497747218
46807,1,1,5,0.42645457969393247
46815,1,1,8,381.7607540996475
46821,1,1,9,208.26532119159427
46823,1,1,5,0.42645457969393247
46831,1,1,8,200.9661073079343
46846,1,1,10,273.89333623102516
46848,1,1,7,151.26816679295288
46852,1,1,10,720.75249089939
46864,1,1,8,197.2427250520257
46886,1,1,8,872.0605103271921
46889,1,1,5,0.42645457969393247
46899,1,1,9,142.68048383513795
46901,1,1,1,377.74492495658944
46911,1,1,8,753.5401919967027
46918,1,1,1,604.6649823928722
46928,1,1,3,37.51185954034276
46930,1,1,9,720.2310305894716
46932,1,1,6,763.74364192086
46938,1,1,3,90.63272512400293
46954,1,1,5,0.42645457969393247
46967,1,1,5,0.42645457969393247
46969,1,1,5,0.42645457969393247
46971,1,1,8,438.47211120210744
46974,1,1,9,609.9518482608063
46984,1,1,9,890.2551514182439
46985,1,1,8,905.1247309018019
46993,1,1,9,723.2447497123266
47002,1,1,8,932.1381246268521
47007,1,1,9,549.773034194838
47013,1,1,9,665.9528717072843
47021,1,1,5,0.42645456789925423
47049,1,1,10,418.32534360984516
47056,1,1,5,0.42645457969393247
47059,1,1,8,631.9075362682403
47071,1,1,9,867.1750486273662
47086,1,1,6,381.022939424248
47091,1,1,7,94.44083374949714
47093,1,1,9,111.08436119780791
47099,1,1,8,640.1760085725192
47102,1,1,9,576.3172124366522
47128,1,1,8,675.121978350646
47157,1,1,1,682.342520708431
47160,1,1,5,0.42645457969393247
47174,1,1,7,84.9402801734784
47178,1,1,2,476.45272230812776
47182,1,1,10,627.1357145133403
47186,1,1,8,207.04055836841485
47191,1,1,10,143.38104904961375
47195,1,1,2,474.997057110075
47213,1,1,10,463.93418796308583
47231,1,1,7,162.47504811217996
47234,1,1,1,640.4895990303709
47255,1,1,9,586.0822590878663
47257,1,1,7,107.27175546527212
47269,1,1,2,396.16688420088155
47276,1,1,5,0.42645457969393247
47284,1,1,6,671.5402130140141
47285,1,1,10,289.42335016620706
47286,1,1,1,283.8730645074236
47308,1,1,1,275.13059063741264
47329,1,1,9,663.8556377242707
47343,1,1,6,684.4151234582896
47363,1,1,4,0.4264545919581291
47364,1,1,2,474.5888786207973
47367,1,1,9,447.620489020689
47369,1,1,10,685.0880084938201
47373,1,1,6,628.8078459923009
47375,1,1,4,0.42645458358136
47382,1,1,6,321.5235200220818
47391,1,1,9,621.8443262139326
47398,1,1,8,428.1304857898934
47404,1,1,8,302.44385832149317
47410,1,1,4,0.42645458358136
47412,1,1,8,363.675755583625
47423,1,1,3,89.45118963011436
47440,1,1,6,665.4313272164005
47442,1,1,8,634.9909338193339
47446,1,1,2,289.5230349899085
47468,1,1,7,49.41378863202361
47473,1,1,1,707.9781688370605
47490,1,1,8,516.9935155731379
47496,1,1,10,460.56651995761547
47505,1,1,2,396.1510958665437
47511,1,1,1,499.7697345395445
47515,1,1,4,0.42645458358136
47518,1,1,10,719.4836933760843
47520,1,1,10,408.6606007420445
47523,0,1,0,0.08442931145900937
47536,1,1,10,534.6550272978022
47558,1,1,9,620.4855744695919
47570,1,1,5,0.42645457969393247
47573,1,1,6,451.6884658004589
47578,1,1,6,541.7784888324759
47581,1,1,2,368.433148100013
47629,1,1,6,396.88149805673777
47646,1,1,9,600.0025865684765
47660,1,1,1,547.8573378993373
47661,1,1,4,0.42645458358136
47666,1,1,5,0.42645457969393247
47676,1,1,3,89.6411967309026
47687,1,1,4,0.42645458358136
47702,1,1,9,684.4245782187793
47728,1,1,10,519.5663214284859
47736,1,1,10,336.3550078192251
47749,1,1,7,52.93246528492342
47758,1,1,6,718.8961145718401
47759,1,1,3,85.30060537349655
47764,1,1,9,745.5186283428436
47772,1,1,5,0.42645457969393247
47776,1,1,10,291.9656912655471
47792,1,1,8,714.8541930967712
47832,1,1,5,0.42645457969393247
47844,1,1,5,0.42645457969393247
47869,1,1,10,722.1231534721165
47880,1,1,4,0.42645458358136
47883,1,1,7,150.39182697758295
47887,1,1,9,189.7518277821786
47888,1,1,5,0.42645457969393247
47895,1,1,8,169.93961372310943
47916,1,1,4,0.42645458358136
47940,1,1,9,845.6657001767392
47980,1,1,5,0.42645457969393247
47984,1,1,4,0.42645458358136
47985,1,1,6,749.0819445523259
47993,1,1,4,0.42645458358136
48000,1,1,2,228.60141065422718
48001,1,1,8,532.6774901046299
48006,1,1,2,413.47864607437833
48010,1,1,10,341.5324789386914
48014,1,1,8,274.03045206019164
48024,1,1,4,0.42645458358136
48032,1,1,4,0.42645458358136
48033,1,1,4,0.42645458358136
48036,1,1,5,0.42645457969393247
48037,1,1,6,555.8118857616107
48045,1,1,5,0.42645457969393247
48054,1,1,8,666.4688956371898
48058,1,1,6,659.2204818600849
48061,1,1,5,0.42645457969393247
48093,1,1,5,0.42645457969393247
48111,1,1,4,0.42645458358136
48114,1,1,5,0.42645457969393247
48123,1,1,9,715.4766957745345
48138,1,1,9,534.4510599413209
48151,1,1,4,0.42645458358136
48162,1,1,1,223.84371434192772
48179,1,1,10,416.4080458642163
48190,1,1,3,93.71055779117063
48194,1,1,9,540.016164686638
48203,0,1,0,0.1127629275157445
48206,1,1,1,608.6697193863326
48213,1,1,1,690.2700499346479
48233,1,1,4,0.42645458358136
48238,1,1,10,563.025714021102
48239,1,1,10,698.5729711208535
48261,1,1,7,87.55839103432439
48280,1,1,8,455.7783623665747
48293,1,1,10,317.383080433949
48296,1,1,9,226.11544637984142
48305,1,1,5,0.42645457969393247
48337,1,1,8,765.9434065991722
48346,1,1,1,577.5697688350543
48353,1,1,5,0.42645457969393247
48381,1,1,3,72.3210942127919
48385,1,1,6,757.5946969795652
48391,1,1,6,430.27559369189026
48417,1,1,9,293.91221197529205
48431,1,1,9,812.4268871244292
48448,1,1,6,732.2992215709854
48470,1,1,6,495.68940363461365
48471,1,1,10,720.556544794336
48472,1,1,7,117.9127195700007
48482,1,1,4,0.42645458358136
48483,1,1,7,148.8516589140378
48484,1,1,1,637.3931483657859
48504,1,1,2,418.8002674405181
48506,1,1,10,639.1302571423937
48525,1,1,7,88.6019878436176
48527,1,1,6,713.2374553940083
48540,0,1,0,0.13200802921126956
48541,1,1,4,0.42645458358136
48542,1,1,10,459.38441498561866
48549,1,1,9,152.2878151549812
48566,1,1,9,33.36505539163755
48568,1,1,8,596.0204195454822
48578,1,1,4,0.42645458358136
48582,1,1,4,0.42645458358136
48590,1,1,6,199.8964201332259
48601,1,1,6,810.4612003571659
48604,1,1,7,163.28782491329773
48605,1,1,10,513.3471068872353
48607,1,1,10,433.11737698756383
48612,1,1,9,189.20119830089365
48617,1,1,9,797.2799962401002
48637,1,1,6,500.0699144348576
48661,1,1,8,523.8738674743896
48663,1,1,5,0.42645457969393247
48666,1,1,9,834.8356274244096
48668,1,1,5,0.42645457969393247
48693,1,1,8,739.7458609564711
48723,1,1,8,674.6850257384527
48728,1,1,8,556.3705423678873
48729,1,1,9,886.7084721519514
48744,1,1,8,523.1725648455146
48748,1,1,9,801.6627296129136
48755,1,1,4,0.42645458358136
48760,1,1,4,0.42645458358136
48780,1,1,2,242.90098439214543
48781,1,1,1,577.4928150679915
48811,1,1,1,756.902245517635
48826,1,1,1,270.39513742776126
48830,1,1,4,0.42645458358136
48849,1,1,8,459.9900984305798
48850,1,1,4,0.42645458358136
48855,1,1,6,453.54478115382955
48862,1,1,8,426.3899076300928
48869,1,1,9,557.0344981661042
48898,1,1,9,712.4891780739946
48908,1,1,1,389.5051188617526
48909,1,1,6,797.4263942356071
48910,1,1,6,783.260515522613
48917,1,1,8,808.1876522310712
48925,1,1,7,93.41378895967111
48950,1,1,6,775.4184944334245
48961,1,1,9,722.4732880839993
49004,1,1,9,830.3910753408145
49046,1,1,5,0.42645457969393247
49060,1,1,9,599.4934430717019
49065,1,1,8,503.1426111358258
49094,0,1,0,0.11987429501370347
49097,1,1,4,0.42645458358136
49114,1,1,8,940.979249388552
49115,1,1,1,696.2862484829881
49124,1,1,9,870.903505742551
49134,1,1,2,399.14909637759115
49144,1,1,9,601.3443184647658
49155,1,1,5,0.42645457969393247
49157,1,1,10,200.44068781979885
49159,1,1,9,625.8832278184101
49167,1,1,5,0.42645457969393247
49186,1,1,8,375.3941074034562
49188,1,1,10,721.236894147897
49192,1,1,9,614.8688037042431
49217,1,1,7,167.1054405065385
49218,1,1,6,772.4845587117821
49246,1,1,4,0.42645458358136
49247,1,1,10,574.4880510148697
49248,1,1,6,735.6632964784985
49253,1,1,9,622.8350866637464
49255,1,1,5,0.42645457969393247
49259,1,1,8,833.90922818571
49264,1,1,9,404.4425866547886
49289,1,1,7,35.912493449216434
49306,1,1,5,0.42645456789925423
49310,1,1,2,267.56402053715533
49317,1,1,5,0.42645457969393247
49325,1,1,9,32.421480572309434
49358,1,1,4,0.42645458358136
49367,1,1,1,447.4140163102268
49375,1,1,10,274.7523436995374
49378,1,1,6,731.736750965296
49381,1,1,7,57.19607097062008
49384,1,1,6,510.6791802757557
49388,1,1,6,778.9646812722219
49415,1,1,10,334.78550308831115
49421,1,1,5,0.42645457969393247
49429,1,1,9,672.2498400747568
49431,1,1,4,0.42645458358136
49443,1,1,1,426.8033599941416
49466,1,1,9,607.3320945543669
49469,1,1,5,0.42645457969393247
49477,1,1,2,376.610441879109
49489,1,1,3,68.85321763523703
49508,1,1,4,0.42645458358136
49536,1,1,9,835.6902530067331
49541,1,1,6,324.5603514011646
49559,1,1,10,429.7911583798406
49566,1,1,7,143.87839543869353
49568,1,1,9,873.959227443707
49571,1,1,6,775.0489764568115
49575,1,1,1,215.1963075483354
49589,1,1,3,81.57361071198503
49604,1,1,2,306.3110367467847
49615,1,1,1,419.1129336247474
49632,1,1,4,0.42645458358136
49634,1,1,8,312.5767149837817
49651,1,1,4,0.4264545919581291
49658,1,1,6,703.0601782191667
49669,1,1,9,864.9027587142409
49676,1,1,10,630.3227585685786
49688,1,1,5,0.42645457969393247
49716,1,1,6,282.6965212928456
49725,1,1,6,704.0760740507392
49730,1,1,9,526.0802913784804
49732,1,1,7,132.7332712260162
49749,1,1,9,527.0769400424405
49762,1,1,4,0.42645458358136
49773,1,1,10,707.9521144042199
49778,1,1,8,500.0679783289855
49818,1,1,6,492.0431345199919
49820,1,1,10,429.7984427081717
49838,1,1,7,65.6267206434231
49862,1,1,9,876.4373126425592
49883,1,1,8,791.5556729043211
49894,1,1,9,672.8337275516064
49899,1,1,10,416.62119560566754
49924,1,1,6,724.2924440704359
49934,1,1,3,84.66025760588136
49952,1,1,8,756.9096975793816
49954,1,1,5,0.42645457969393247
49955,1,1,6,778.2529482178998
49990,1,1,1,560.3488391654058
50024,1,1,9,866.4948239114321
50029,1,1,8,760.7817565032746
50037,1,1,5,0.42645457969393247
50041,1,1,8,415.0661322138283
50071,1,1,9,225.22834121169805
50073,1,1,9,815.9310890585454
50075,1,1,4,0.4264545919581291
50087,1,1,9,682.8336080905957
50088,1,1,10,681.0981174730917
50091,1,1,6,431.0223432589763
50093,1,1,5,0.42645457969393247
50132,1,1,1,437.7393762887462
50134,1,1,5,0.42645457969393247
50140,1,1,10,115.2559561143985
50144,1,1,9,882.3723557187745
50148,1,1,8,869.3120024802541
50156,1,1,6,395.5564812272961
50162,1,1,4,0.42645458358136
50173,1,1,5,0.42645457969393247
50176,1,1,9,696.3821854055749
50203,1,1,4,0.42645458358136
50214,1,1,6,476.5871960585019
50224,1,1,4,0.42645458358136
50229,1,1,9,612.2648598530568
50243,1,1,6,364.2454933880039
50269,1,1,6,580.1619618079629
50273,1,1,5,0.42645457969393247
50286,1,1,2,434.9985667301637
50294,1,1,4,0.42645458358136
50298,1,1,4,0.42645458358136
50301,1,1,6,767.7691192297306
50304,1,1,1,468.66784619768583
50306,1,1,8,378.87443224676366
50313,1,1,4,0.42645458358136
50342,1,1,9,295.0720834117062
50356,1,1,4,0.42645458358136
50369,1,1,1,551.0389661726302
50371,1,1,7,9.688701127005144
50385,1,1,4,0.4264545919581291
50392,1,1,10,705.941086077922
50395,1,1,1,426.318581510798
50398,1,1,3,83.14276761420537
50418,1,1,5,0.42645457969393247
50425,1,1,9,526.9078556713789
50431,1,1,1,400.68386756887816
50444,1,1,9,891.3910201437131
50448,1,1,9,340.29790587231093
50456,1,1,8,888.2025190670042
50459,1,1,10,482.70218984427913
50471,1,1,10,437.56405940640485
50472,1,1,9,737.5250835595652
50489,1,1,5,0.42645457969393247
50490,1,1,5,0.42645457969393247
50505,1,1,7,85.37508810865224
50507,1,1,2,284.01044109483934
50508,1,1,10,567.8571688192433
50510,1,1,4,0.42645458358136
50522,1,1,10,156.42403907458475
50523,1,1,9,64.54635210184313
50546,1,1,8,820.8931761158566
50549,1,1,3,84.06206586366217
50552,1,1,6,273.82362724419903
50559,1,1,6,778.1951599268958
50572,1,1,9,58.33817164160455
50582,1,1,5,0.42645457969393247
50606,1,1,8,791.68768238285
50607,1,1,10,212.27760776112854
50622,1,1,2,433.80749910228184
50627,1,1,9,870.40632812843
50628,1,1,9,704.462703076272
50655,1,1,9,160.86378501572938
50658,1,1,6,232.08482546330433
50659,1,1,8,885.4728322464687
50660,1,1,10,188.56972717567874
50730,1,1,9,868.6499338257674
50732,1,1,9,842.941821539793
50736,1,1,6,523.3514003704889
50764,1,1,6,746.8231265479842
50791,1,1,7,90.87928581551051
50793,1,1,2,73.25478272094952
50797,1,1,7,32.349573356730446
50799,1,1,5,0.42645457969393247
50801,1,1,8,721.1808634519055
50809,1,1,9,576.1263056315407
50815,1,1,10,536.6271691504361
50840,1,1,2,111.34600983083354
50862,1,1,5,0.42645457969393247
50867,1,1,7,108.46813352077939
50875,1,1,4,0.42645458358136
50892,1,1,4,0.42645458358136
50897,1,1,10,422.0916898889528
50898,1,1,9,792.269488005986
50909,1,1,5,0.42645457969393247
50910,1,1,8,141.5710359199332
50912,1,1,9,582.3824661843901
50914,1,1,9,849.0606481118004
50924,1,1,3,39.70683776995117
50928,0,1,0,0.11549850082672042
50931,1,1,10,718.2423141416493
50949,1,1,7,171.30993996044805
50961,1,1,9,888.5906677624492
50976,1,1,6,786.9629845888708
50978,1,1,10,419.2373609086116
50988,1,1,9,460.0528203650805
50990,1,1,8,227.02197276888177
50991,1,1,9,825.3853169990417
50994,1,1,7,169.8724095681558
51005,1,1,1,363.35628018763526
51006,0,1,0,0.11007905261837653
51017,1,1,10,630.780624030971
51020,1,1,9,573.6220362890483
51029,1,1,10,651.4716268392311
51044,1,1,10,225.26339822339045
51047,1,1,6,744.485349565071
51062,1,1,9,171.0204201968976
51068,1,1,4,0.42645458358136
51075,1,1,10,625.8336855522527
51077,1,1,5,0.42645457969393247
51093,1,1,1,456.33430256536866
51110,1,1,7,90.1673356803807
51119,1,1,8,811.7148472685245
51132,1,1,5,0.42645457969393247
51146,1,1,3,86.30536473877258
51148,1,1,9,616.9653200010812
51160,1,1,8,819.9288175376198
51187,1,1,2,378.96354307139217
51215,1,1,2,390.8156251214461
51223,1,1,7,56.41836583866702
51227,1,1,10,639.1546690131909
51252,1,1,2,103.91667436506486
51255,1,1,5,0.42645457969393247
51263,1,1,6,540.8407236848705
51287,1,1,4,0.42645458358136
51300,1,1,5,0.42645456789925423
51301,1,1,5,0.42645456789925423
51302,1,1,4,0.42645458358136
51306,1,1,6,428.35538883571877
51313,1,1,7,117.13008666609669
51314,1,1,9,443.0622020707997
51321,1,1,9,209.8623841671426
51333,1,1,7,78.2214282313952
51334,1,1,1,550.3340856658847
51342,1,1,10,408.6917078867433
51347,1,1,5,0.42645457969393247
51369,1,1,5,0.42645457969393247
51379,1,1,5,0.42645457969393247
51386,1,1,4,0.42645458358136
51390,1,1,4,0.42645458358136
51411,1,1,5,0.42645457969393247
51433,1,1,8,555.0519476367677
51438,1,1,5,0.42645457969393247
51443,1,1,6,721.2026403950717
51448,0,1,0,0.11288398741821647
51459,1,1,6,444.5702476824461
51491,1,1,6,660.010089580451
51514,1,1,1,398.7997382231029
51523,1,1,6,778.5982768833543
51549,1,1,4,0.42645458358136
51550,1,1,6,180.12530046437382
51551,1,1,9,212.1152273301803
51566,1,1,6,677.2186274221237
51570,1,1,5,0.42645457969393247
51586,1,1,10,196.05883508729875
51616,1,1,8,938.0247582864178
51623,1,1,4,0.42645458358136
51643,1,1,5,0.42645456789925423
51650,1,1,6,772.0963179331723
51652,1,1,5,0.42645457969393247
51656,1,1,4,0.42645458358136
51674,1,1,9,678.9111498135284
51680,1,1,2,191.54379595702747
51684,1,1,9,872.8610269567934
51696,1,1,8,799.8628966170494
51703,1,1,8,589.7860441374137
51706,1,1,4,0.42645458358136
51707,1,1,6,783.122522649567
51719,1,1,10,132.14780523852886
51727,1,1,8,606.5987087726049
51729,1,1,10,321.97371551111416
51730,1,1,9,272.47208660999877
51738,1,1,9,855.9105578998337
51740,1,1,8,325.64491794649376
51775,1,1,9,381.583646122403
51786,1,1,1,587.1007992446029
51800,1,1,9,882.4370113236004
51821,1,1,3,53.927301681568
51830,1,1,10,458.68188004596107
51843,1,1,6,732.442505924328
51849,1,1,8,667.7178389153237
51863,1,1,4,0.42645458358136
51866,1,1,10,408.6834200583613
51892,1,1,9,872.3373194561033
51897,1,1,4,0.42645458358136
51909,1,1,3,87.33623144145683
51918,1,1,1,214.20902909463751
51922,1,1,4,0.42645458358136
51950,1,1,4,0.42645458358136
51966,1,1,2,304.5831976156459
51989,1,1,9,685.5492663214849
51990,1,1,4,0.42645458358136
52000,1,1,6,530.2460801376944
52009,1,1,9,298.85935799315916
52016,1,1,9,675.8902777792033
52023,1,1,6,675.4989387001299
52043,1,1,10,440.9646846124211
52044,1,1,9,115.07436829969862
52051,1,1,10,533.7181351351118
52052,1,1,6,721.8229422545492
52055,1,1,6,253.8470187933606
52063,1,1,1,605.2032096695544
52070,1,1,9,448.95169179259847
52075,1,1,9,565.937122610759
52079,0,1,0,0.1427822176667664
52103,1,1,5,0.42645457969393247
52106,1,1,6,264.7389639272743
52113,1,1,4,0.42645458358136
52119,1,1,3,90.50378240343792
52134,1,1,2,267.0941793381796
52144,1,1,8,270.94623927161115
52160,1,1,10,717.2867627696384
52170,1,1,6,671.2732723547226
52174,1,1,5,0.42645457969393247
52183,1,1,9,483.6773246224012
52189,1,1,7,122.9772772718327
52213,1,1,1,574.932047546921
52228,1,1,2,305.88015903013
52242,1,1,10,355.2647539312081
52245,1,1,8,746.3086809490185
52250,1,1,9,824.163703950556
52257,1,1,4,0.4264545919581291
52268,1,1,6,516.7218749473986
52273,1,1,8,478.6359198225211
52290,1,1,3,89.30221570340414
52297,1,1,8,682.1244222295556
52307,1,1,6,607.4518332564579
52314,1,1,10,286.69740715621
52320,1,1,4,0.42645458358136
52323,1,1,10,648.7020244561131
52326,1,1,3,85.5128411109781
52333,1,1,3,82.64260463926138
52369,1,1,6,783.5022230188533
52371,1,1,7,171.25999892756906
52377,1,1,4,0.42645458358136
52378,1,1,6,232.25136568723914
52379,1,1,6,721.6365208513733
52384,1,1,8,781.8047817285235
52392,1,1,9,581.5915746289425
52434,1,1,9,647.1222259385211
52437,1,1,5,0.42645457969393247
52442,1,1,4,0.42645458358136
52475,1,1,9,814.4978138787595
52482,1,1,2,325.5068152982368
52488,1,1,9,427.14132787586647
52491,1,1,6,562.7821795682609
52511,1,1,5,0.42645457969393247
52520,1,1,10,457.46738623481343
52521,1,1,6,609.4225500729582
52539,1,1,4,0.42645458358136
52556,1,1,9,305.66840176628875
52560,1,1,7,94.23568043030892
52579,1,1,1,690.4378313140448
52580,1,1,5,0.42645456789925423
52608,1,1,4,0.4264545919581291
52629,1,1,2,151.86954054021504
52640,1,1,7,143.2346543748887
52653,1,1,8,690.8891250201209
52676,1,1,10,490.2984918103871
52690,1,1,2,178.91232984348775
52691,1,1,8,450.09403522961514
52692,1,1,9,775.6782086189904
52703,1,1,9,541.5874134782166
52737,1,1,5,0.42645457969393247
52740,1,1,5,0.42645457969393247
52745,1,1,8,797.1572366656903
52751,1,1,4,0.42645458358136
52768,1,1,4,0.42645458358136
52788,1,1,4,0.42645458358136
52804,1,1,4,0.42645458358136
52806,1,1,5,0.42645457969393247
52809,1,1,1,741.5455869932714
52816,1,1,8,913.1315832764468
52817,1,1,6,635.0941549136734
52818,1,1,9,676.3630537195635
52822,1,1,5,0.42645457969393247
52836,1,1,4,0.42645458358136
52844,1,1,6,428.5477154612759
52871,1,1,9,283.9095773370435
52872,1,1,6,421.12701621522723
52877,1,1,7,103.02648003741335
52882,1,1,5,0.42645457969393247
52891,1,1,6,475.4714249642328
52902,1,1,6,448.6442347262633
52911,1,1,9,788.4181518362425
52917,1,1,6,688.6183241306128
52921,1,1,9,380.98949222233983
52943,1,1,9,581.6139063339292
52957,1,1,6,0.6937185400806634
52958,1,1,1,264.71450007296085
52962,1,1,8,717.322047134971
52968,1,1,5,0.42645457969393247
52997,1,1,5,0.42645457969393247
53015,1,1,5,0.42645457969393247
53030,1,1,1,518.7091812952409
53056,1,1,8,262.2792003025289
53090,1,1,8,890.9260135207169
53091,1,1,9,864.7713389353939
53102,1,1,9,744.8942316336916
53105,1,1,10,275.9649766535041
53107,1,1,10,282.2211247572438
53120,1,1,4,0.42645458358136
53124,1,1,10,86.48875903436607
53136,1,1,2,289.313624212064
53139,1,1,9,334.15109600818806
53150,1,1,8,426.74731485272554
53151,1,1,10,460.01421867148866
53155,1,1,6,778.5443656833108
53158,1,1,6,519.4851530741348
53183,1,1,8,196.38070313788467
53184,1,1,1,310.83172246274313
53190,1,1,9,525.5876427777852
53215,1,1,4,0.42645458358136
53231,1,1,8,574.8967368166406
53247,1,1,1,256.2821723060795
53248,1,1,9,514.7443454199442
53252,1,1,1,429.78822337065293
53258,1,1,10,460.5523305195908
53265,1,1,3,62.42587041502201
53277,1,1,8,882.5954811635378
53299,1,1,8,278.3587993251632
53301,1,1,9,277.9796192032935
53302,1,1,5,0.42645457969393247
53307,1,1,6,797.1989686744647
53308,1,1,8,535.8445818427919
53319,1,1,3,91.00780238744555
53336,1,1,4,0.42645458358136
53338,1,1,6,473.9628382516084
53343,1,1,9,493.07593567553226
53357,1,1,9,856.874696874366
53359,1,1,10,647.9894293137129
53366,1,1,6,543.8185838926233
53374,1,1,9,425.352223193076
53388,1,1,10,687.9034978691386
53396,1,1,6,372.3942581292488
53406,1,1,10,289.3695912164555
53430,1,1,8,717.0707428717204
53439,1,1,6,534.9936327499245
53450,1,1,9,592.0902291000632
53471,1,1,4,0.42645458358136
53484,1,1,8,400.48261491347284
53497,1,1,8,391.8475424613486
53503,1,1,1,242.86018577025138
53509,1,1,7,142.15595688135375
53529,1,1,4,0.42645458358136
53530,1,1,6,697.5224535106862
53532,1,1,9,810.2997479928076
53535,1,1,9,557.1717421815831
53536,1,1,1,568.5777476526971
53545,1,1,4,0.4264545919581291
53548,1,1,2,252.30648761120926
53560,1,1,7,160.71315702380997
53607,1,1,4,0.42645458358136
53618,1,1,4,0.42645458358136
53625,1,1,4,0.42645458358136
53630,1,1,1,242.27371319321816
53632,1,1,6,573.8041024529466
53645,1,1,4,0.42645458358136
53661,1,1,6,158.13188514449303
53696,1,1,5,0.42645457969393247
53713,1,1,6,435.7932739449805
53719,1,1,7,32.49448672141011
53759,1,1,4,0.42645458358136
53768,1,1,9,474.5855923030362
53775,1,1,10,533.4263374270869
53784,1,1,2,465.7644121620386
53789,1,1,8,870.2181932907142
53840,1,1,7,151.78541601171858
53847,1,1,6,618.4302721203728
53855,1,1,6,784.1617759570248
53880,1,1,4,0.42645458358136
53887,0,1,0,0.09700194605978356
53905,1,1,4,0.42645458358136
53910,1,1,3,50.4989955894462
53918,1,1,1,197.26304478048706
53922,1,1,5,0.42645457969393247
53925,1,1,9,526.4873945742557
53927,1,1,8,858.3122033036335
53949,1,1,6,448.7458310591556
53955,1,1,1,603.3385683981128
53961,1,1,5,0.42645457969393247
53970,1,1,5,0.42645456789925423
53971,1,1,9,506.3325321886109
53980,1,1,6,803.3359742275666
53983,1,1,10,397.45167084759595
53987,1,1,9,777.4907544037355
54002,1,1,9,578.3585632692383
54004,1,1,1,358.9157664710844
54008,1,1,5,0.42645457969393247
54012,1,1,9,614.2295380502223
54020,1,1,6,661.834601877556
54029,1,1,8,328.26924264089195
54036,1,1,6,628.8258844527118
54052,1,1,10,397.71961805624153
54056,1,1,8,707.371824341044
54059,1,1,2,376.7591269372229
54063,1,1,2,348.99437430660936
54081,1,1,10,376.35187939877017
54094,1,1,8,741.0920817544343
54127,1,1,9,243.22068634055552
54128,1,1,6,737.9861045666765
54150,1,1,5,0.42645457969393247
54154,1,1,6,591.6425643450003
54155,1,1,2,403.6899726113408
54161,1,1,9,592.7088058719668
54186,1,1,10,665.0325293493257
54196,1,1,5,0.42645457969393247
54200,1,1,6,252.40928225426254
54233,1,1,8,885.0413904486184
54238,1,1,9,721.7774337254004
54240,1,1,9,837.0792097797178
54261,1,1,2,244.7757915228464
54268,1,1,9,542.1507415089835
54276,1,1,9,512.4441531051357
54287,1,1,5,0.42645456789925423
54310,1,1,10,302.3600336872311
54319,1,1,9,566.2583918674817
54322,1,1,3,88.29209843541324
54324,1,1,10,712.0046482630049
54332,1,1,9,769.2118845371305
54340,1,1,1,683.906181135788
54365,1,1,9,209.10094424208174
54387,1,1,9,888.7658320969119
54390,1,1,4,0.42645458358136
54393,1,1,8,536.496323673762
54403,1,1,7,151.69542191066654
54405,1,1,8,293.7225177791423
54412,1,1,8,786.9727512503899
54427,1,1,6,382.9796692642199
54430,1,1,10,592.115350175765
54448,1,1,9,478.45340677257565
54454,1,1,5,0.42645457969393247
54480,1,1,9,782.316007347056
54496,1,1,5,0.42645457969393247
54533,1,1,5,0.42645457969393247
54534,1,1,9,560.8758995971032
54541,1,1,10,502.120576159051
54543,1,1,8,593.339040504343
54557,1,1,2,185.58243453548073
54562,1,1,9,443.19749925352653
54568,1,1,6,321.2624045516442
54573,1,1,9,686.8981147199997
54576,1,1,8,658.4661467090343
54577,1,1,10,434.19800222400124
54581,1,1,1,499.57982480841065
54603,1,1,10,194.1991134794716
54609,1,1,9,501.7158711056066
54614,1,1,7,64.342681664573
54629,1,1,9,252.69927524014994
54632,1,1,10,458.91376962053346
54646,1,1,9,282.5273834576048
54662,1,1,2,469.60530361341074
54666,1,1,3,79.81145753715026
54675,1,1,10,479.241243425321
54684,1,1,7,135.59354164352837
54695,1,1,8,793.687573545141
54709,1,1,8,350.7707463449174
54713,1,1,9,659.0530333613356
54719,1,1,5,0.42645457969393247
54739,1,1,9,692.3563688597229
54744,1,1,8,944.3912948913869
54746,1,1,8,547.1719784994033
54761,1,1,8,732.0314945040537
54762,1,1,6,396.7096059941542
54767,1,1,3,84.02242121716488
54772,1,1,9,884.3861265938436
54779,1,1,5,0.42645457969393247
54782,1,1,9,508.21403963063506
54816,1,1,10,719.7745083540005
54823,1,1,7,152.5113206721299
54837,1,1,6,417.6254367958932
54845,1,1,8,158.3395679052025
54858,1,1,9,800.910148577049
54863,1,1,7,108.69555025037766
54871,1,1,2,468.3238947330376
54899,1,1,4,0.42645458358136
54920,1,1,6,354.5652707893054
54923,1,1,4,0.4264545919581291
54927,1,1,4,0.4264545919581291
54958,1,1,7,157.2169868408223
54962,1,1,8,381.4322684359875
54984,1,1,4,0.42645458358136
54990,1,1,4,0.42645458358136
54994,1,1,5,0.42645457969393247
54997,1,1,8,329.12195441414707
55015,1,1,4,0.42645458358136
55046,1,1,5,0.42645457969393247
55059,1,1,9,810.2833093294892
55072,1,1,8,417.14287933736364
55078,1,1,9,358.65706184518723
55088,1,1,6,282.9589629523156
55094,1,1,6,409.95037821116324
55109,1,1,7,141.9271857450155
55114,1,1,7,160.6536760855495
55125,1,1,9,156.49997106880792
55137,1,1,5,0.42645457969393247
55149,1,1,2,296.75606830603317
55155,1,1,5,0.42645457969393247
55168,1,1,10,187.39608915342208
55190,1,1,6,515.6679245293412
55196,1,1,9,546.9412654720427
55198,1,1,7,171.53586031993896
55204,1,1,9,787.3552656817382
55215,1,1,8,780.8142106164149
55219,1,1,5,0.42645457969393247
55230,1,1,10,385.3111925690139
55238,1,1,9,845.1066323956886
55242,1,1,6,493.5109988647789
55246,1,1,3,85.67864444118405
55262,1,1,5,0.42645456789925423
55265,1,1,5,0.42645456789925423
55267,1,1,7,50.758643552017
55268,1,1,8,888.1693340311816
55277,1,1,9,427.4810912331333
55293,1,1,7,28.282671879085132
55294,1,1,6,515.3337561770993
55313,1,1,2,432.1319700659671
55337,1,1,4,0.42645458358136
55348,1,1,5,0.42645457969393247
55356,1,1,7,78.49730530665336
55376,1,1,8,648.3224126510182
55379,1,1,8,471.25160673167215
55380,1,1,10,541.2674671468175
55385,1,1,9,349.4750684811157
55401,1,1,9,815.3663472405658
55409,1,1,1,721.1545690627848
55412,1,1,8,373.67085963053546
55414,1,1,6,741.4928470005015
55428,1,1,9,525.5361325448906
55444,1,1,10,107.16505664896256
55456,1,1,6,425.3449255873713
55465,1,1,8,947.1181658910028
55470,1,1,4,0.42645458358136
55479,1,1,8,647.3181191294578
55483,1,1,7,144.30978342908173
55495,1,1,6,484.51493908674684
55501,1,1,9,866.4513994801995
55518,1,1,6,317.2498283579037
55533,1,1,5,0.42645457969393247
55535,1,1,10,723.7716359795835
55543,1,1,9,586.2292299387427
55545,1,1,2,244.73655030968052
55547,1,1,7,171.49967809025938
55556,1,1,10,716.9682585272511
55581,1,1,3,48.841746135429
55586,1,1,3,40.17805729338766
55591,1,1,7,98.55610861052644
55613,1,1,6,408.99565731058095
55640,1,1,4,0.42645458358136
55644,1,1,2,471.6387904535377
55647,1,1,8,823.1647518002885
55652,1,1,9,825.1652396993629
55662,1,1,7,101.91971730849724
55665,1,1,8,206.24373974902394
55669,1,1,10,450.35474435996093
55679,1,1,7,111.01178476194877
55684,1,1,9,347.6208380143173
55711,1,1,8,592.4531485092709
55719,1,1,5,0.42645457969393247
55738,1,1,4,0.42645458358136
55761,1,1,7,146.2006797852334
55764,1,1,5,0.42645457969393247
55765,1,1,9,48.87822761549808
55773,1,1,7,83.80360386907839
55782,1,1,10,379.8598019196703
55795,1,1,2,313.9531499174016
55798,1,1,6,214.95794568236323
55828,1,1,4,0.42645458358136
55831,1,1,1,719.9032198788944
55834,1,1,8,933.8877486659212
55837,1,1,8,378.3718843374779
55843,1,1,5,0.42645457969393247
55856,1,1,6,186.21192228863913
55860,1,1,4,0.4264545919581291
55873,1,1,10,337.13419275116684
55875,1,1,8,577.4101851479958
55879,1,1,4,0.42645458358136
55885,1,1,6,233.13320927057012
55886,1,1,6,777.2147315926992
55887,1,1,6,659.2018705164204
55904,1,1,5,0.42645457969393247
55957,1,1,4,0.42645458358136
55965,1,1,9,394.0430688324327
55968,1,1,6,195.43682068625753
55976,1,1,2,488.68390273175726
55988,1,1,4,0.42645458358136
56026,1,1,6,484.44058751418527
56036,1,1,8,865.7165081230188
56039,1,1,3,88.11833408892355
56042,1,1,8,167.70095081667992
56050,1,1,7,15.74670200619136
56054,1,1,10,655.8216201615678
56066,1,1,8,743.4234787930832
56077,1,1,6,542.096701085572
56082,1,1,2,322.71783969648357
56095,1,1,4,0.42645458358136
56099,1,1,9,414.87608385474095
56104,1,1,5,0.42645457969393247
56108,1,1,9,210.85106804834177
56118,1,1,6,564.399628208041
56123,1,1,1,543.7021966486291
56124,1,1,8,534.8284704100636
56141,1,1,9,486.8519339625819
56149,1,1,6,605.7386288460684
56175,1,1,6,786.2705244513044
56176,1,1,9,565.0417807286091
56186,1,1,9,769.5670225237143
56193,1,1,8,666.1118925970712
56213,1,1,6,755.5241612922387
56232,1,1,8,196.82320278475828
56236,1,1,6,341.0853294056003
56240,1,1,2,466.36116771993335
56241,1,1,4,0.42645458358136
56244,1,1,5,0.42645457969393247
56252,1,1,4,0.42645458358136
56262,1,1,6,489.6191224300906
56265,1,1,4,0.42645458358136
56280,1,1,9,887.5504012517468
56291,1,1,6,386.32449252669727
56294,1,1,1,709.2740933890432
56304,1,1,9,624.1737546483768
56309,1,1,10,558.7193276543162
56310,1,1,4,0.42645458358136
56313,1,1,10,399.7419823248404
56324,1,1,3,79.62145314888623
56328,1,1,7,135.26663711352958
56358,1,1,4,0.42645458358136
56366,1,1,8,900.5249391724201
56371,1,1,4,0.42645458358136
56372,1,1,2,451.5165834370499
56401,1,1,6,798.8986327622185
56406,1,1,8,341.25304137430595
56413,1,1,5,0.42645457969393247
56416,1,1,8,312.2317639789108
56418,1,1,9,706.6768773649148
56425,1,1,7,123.03864058193936
56431,1,1,8,198.48262684493523
56438,1,1,8,401.8636509068524
56446,1,1,3,91.76388071793284
56454,1,1,1,507.2347766420347
56471,1,1,2,276.8868402930618
56475,0,1,0,0.1654620118676712
56488,1,1,8,850.6300802863382
56495,1,1,8,707.5326183526602
56508,1,1,8,194.97501547326684
56531,1,1,5,0.42645457969393247
56535,1,1,5,0.42645457969393247
56537,1,1,9,502.0822081202672
56550,1,1,9,615.532132936166
56595,1,1,6,318.35428107219144
56597,1,1,5,0.42645457969393247
56658,1,1,4,0.42645458358136
56666,1,1,9,413.9350138055712
56667,1,1,6,564.3272274208869
56700,1,1,8,572.3091388904351
56705,1,1,10,459.60424665853003
56725,1,1,9,299.70577648049664
56734,1,1,2,149.14367217245334
56739,1,1,4,0.42645458358136
56747,1,1,9,45.92342184541597
56750,1,1,8,495.558845443297
56758,1,1,10,589.8680075829113
56763,1,1,4,0.42645458358136
56765,1,1,8,839.770941168875
56767,1,1,9,345.9871843214977
56776,1,1,9,814.4393734825527
56779,1,1,5,0.42645457969393247
56786,1,1,7,88.49175691675221
56807,1,1,5,0.42645457969393247
56811,1,1,7,122.5955700338862
56815,1,1,9,118.09008692142501
56845,1,1,9,271.17722925453637
56875,1,1,6,680.6809209654361
56877,1,1,8,853.8800090383755
56878,1,1,10,720.1931666706369
56880,1,1,8,588.4122179330584
56884,1,1,3,89.7153681652659
56891,1,1,5,0.42645457969393247
56897,1,1,3,80.7584493007001
56907,1,1,7,153.94386573160736
56928,1,1,9,269.18667419551156
56936,1,1,6,693.413208612106
56938,1,1,9,631.7327445202501
56962,1,1,8,459.01904032138583
56973,1,1,1,642.2984785147256
56974,1,1,2,230.552069853706
56976,1,1,3,86.14735985529897
56991,1,1,9,570.2166154420394
56994,1,1,6,390.1868725235434
56996,1,1,8,535.0582737300881
57008,1,1,9,332.7414926486561
57014,1,1,10,458.83882843929393
57017,1,1,9,576.004921284069
57030,1,1,5,0.42645457969393247
57034,1,1,5,0.42645457969393247
57041,1,1,10,401.59037594202175
57047,1,1,10,708.6627888930701
57054,1,1,9,244.64910071623606
57058,1,1,8,717.6143641483783
57060,1,1,7,154.88064681486796
57072,1,1,4,0.42645458358136
57076,1,1,6,756.4085821657513
57094,1,1,1,312.4069076235831
57099,1,1,7,73.87899823953096
57107,1,1,6,332.4013728455474
57135,1,1,9,863.8906257386402
57138,1,1,5,0.42645457969393247
57172,1,1,6,139.9003979396412
57185,1,1,10,256.714194939863
57187,1,1,7,151.2124819476044
57197,1,1,4,0.42645458358136
57208,1,1,4,0.42645458358136
57218,1,1,8,809.6885271784198
57222,1,1,9,627.7009622868236
57233,1,1,10,719.8559669485217
57235,1,1,4,0.42645458358136
57257,1,1,6,429.46152625576
57302,1,1,8,163.12663299454815
57310,1,1,7,31.52866710515568
57314,1,1,9,420.62849972441296
57337,1,1,1,489.1708498414803
57350,1,1,9,771.870647053186
57351,1,1,6,704.2054704485761
57355,1,1,9,408.7930496034041
57397,1,1,7,111.49399348479255
57403,1,1,8,574.1253599603664
57409,1,1,9,547.1669532433843
57413,1,1,1,435.71031745394373
57419,1,1,7,161.53753062314846
57436,1,1,5,0.42645457969393247
57446,1,1,1,426.69557798199787
57473,1,1,6,805.9003396296921
57476,1,1,9,600.4083424028432
57479,1,1,9,491.634438618038
57483,1,1,5,0.42645456789925423
57495,1,1,1,762.2743349366087
57504,1,1,6,518.7494607414362
57511,1,1,9,128.63820124655183
57516,1,1,8,906.1365124671097
57517,1,1,4,0.42645458358136
57523,1,1,4,0.42645458358136
57542,1,1,1,513.1495705073286
57559,1,1,9,702.4790835639902
57575,1,1,2,63.17194193521304
57578,1,1,6,252.37224120698096
57580,1,1,10,177.77809088674744
57589,1,1,9,553.0477425186256
57594,1,1,10,680.5850374038249
57597,1,1,8,555.9300418553648
57598,1,1,7,156.023686658529
57623,1,1,9,822.364291801264
57645,1,1,9,862.6733052431098
57654,1,1,6,797.4578766448668
57663,1,1,8,563.7405966579437
57666,1,1,7,156.281433057513
57675,1,1,1,630.3531669174225
57733,1,1,6,559.5707935969822
57748,1,1,8,535.0099497725886
57759,1,1,4,0.42645458358136
57769,1,1,3,75.07786473056424
57770,1,1,9,544.1624064380768
57771,1,1,9,82.92133812909495
57786,1,1,5,0.42645457969393247
57788,1,1,8,786.7566523514112
57795,1,1,9,633.3938393853626
57799,1,1,7,146.66478102503143
57800,1,1,7,158.9312333921705
57814,1,1,3,83.53690490450138
57816,1,1,3,58.95533521921897
57846,1,1,5,0.42645457969393247
57855,1,1,5,0.42645457969393247
57888,1,1,9,381.0719111721972
57902,1,1,6,373.575818918511
57913,1,1,9,448.04223014896434
57933,1,1,8,813.187226090105
57941,1,1,3,92.75271558119883
57971,1,1,4,0.42645458358136
57980,1,1,10,459.616861814187
58002,1,1,3,90.61295485937481
58003,1,1,6,797.9081207805149
58029,1,1,4,0.42645458358136
58031,1,1,8,547.1878176691074
58035,1,1,9,856.3958707200404
58055,1,1,4,0.42645458358136
58066,1,1,9,489.9485025575741
58072,1,1,1,734.388711813582
58074,1,1,6,779.2069320051334
58076,1,1,9,872.3112729225886
58103,1,1,5,0.42645457969393247
58104,1,1,4,0.42645458358136
58112,1,1,4,0.42645458358136
58118,1,1,9,785.3677698807297
58133,1,1,9,840.2100444981319
58159,1,1,5,0.42645457969393247
58162,1,1,9,603.286540297734
58171,1,1,10,720.5723114722915
58198,1,1,3,92.56606944303138
58204,1,1,6,549.412811328969
58205,1,1,3,82.14952277067914
58207,1,1,9,792.622079805469
58210,1,1,10,524.108625283624
58215,1,1,10,373.3180866380187
58220,1,1,4,0.42645458358136
58233,1,1,5,0.42645457969393247
58244,1,1,10,196.12622665354203
58248,1,1,6,783.2002155079098
58251,1,1,5,0.42645457969393247
58255,1,1,2,373.0688963014928
58262,1,1,6,155.62155299894138
58265,1,1,9,510.3516438301074
58268,1,1,8,519.2275383261627
58276,1,1,5,0.42645457969393247
58305,1,1,1,241.48248583424288
58308,0,1,0,0.1259458555365942
58319,1,1,3,92.37939967749664
58320,1,1,6,200.04500487789767
58323,1,1,3,56.439020376045924
58327,1,1,1,449.0283617387968
58331,1,1,9,607.8598917862844
58334,1,1,7,12.47793006189599
58336,1,1,1,388.08477587575914
58341,0,1,0,0.1526855870510492
58360,1,1,8,837.1343568541171
58365,1,1,10,442.894166981919
58372,1,1,8,633.1493279994386
58377,1,1,9,700.8535725991088
58380,1,1,6,386.4748943725357
58383,1,1,8,171.8998509447654
58394,1,1,8,293.53115184726687
58424,1,1,8,431.2269194864552
58428,1,1,6,338.98851627924597
58435,1,1,3,89.8121218112805
58445,1,1,4,0.42645458358136
58451,1,1,8,549.8433922821276
58464,0,1,0,0.1332272842049227
58465,1,1,8,829.7287618748928
58475,1,1,10,607.7254735356317
58479,1,1,1,605.9532380881195
58499,1,1,10,720.5844046645404
58512,1,1,6,300.93740854980695
58515,1,1,9,735.283464688196
58523,1,1,10,112.89686566709248
58544,1,1,7,164.17017427438242
58556,1,1,6,550.4886075801854
58576,1,1,10,243.60652178410544
58598,1,1,5,0.42645457969393247
58609,1,1,5,0.42645457969393247
58616,1,1,1,449.0334155691907
58620,1,1,5,0.42645457969393247
58639,1,1,9,481.24444113226946
58649,1,1,7,163.9350942691521
58657,1,1,7,27.89565368512375
58660,1,1,10,719.4923876195458
58662,1,1,5,0.42645457969393247
58670,1,1,10,524.4208403708421
58671,1,1,9,642.778573780337
58675,1,1,4,0.42645458358136
58684,1,1,4,0.42645458358136
58688,1,1,5,0.42645457969393247
58692,1,1,8,572.8297434321267
58698,1,1,10,411.39087963723733
58709,1,1,9,866.5332566987919
58715,1,1,5,0.42645456789925423
58723,1,1,5,0.42645457969393247
58727,1,1,9,614.3118224628821
58731,1,1,4,0.42645458358136
58738,1,1,5,0.42645457969393247
58745,1,1,1,665.0717106484776
58768,1,1,4,0.42645458358136
58781,1,1,1,709.0981898367975
58791,1,1,4,0.42645458358136
58802,1,1,9,249.2476337003909
58817,1,1,10,719.7988742931194
58821,1,1,9,865.2426801150485
58836,1,1,2,206.87944725459943
58839,1,1,9,873.6210444754925
58852,1,1,9,342.4316356334792
58881,1,1,6,659.4328096688205
58885,1,1,10,236.9587236387264
58888,1,1,5,0.42645457969393247
58892,1,1,6,256.2840999671123
58893,1,1,5,0.42645457969393247
58894,1,1,4,0.42645458358136
58907,1,1,5,0.42645457969393247
58930,1,1,3,78.08333708547998
58932,1,1,8,874.2984466758716
58933,1,1,5,0.42645457969393247
58937,1,1,4,0.42645458358136
58941,1,1,9,354.93907352631913
58949,1,1,6,549.1405935521724
58957,1,1,6,459.27007627569037
58977,1,1,5,0.42645457969393247
58985,1,1,10,655.9681172810203
58998,1,1,9,682.2410369203548
59004,1,1,6,374.70176956167296
59039,1,1,1,297.0120319590448
59040,1,1,7,157.23283440025838
59043,1,1,7,18.407420837705
59048,0,1,0,0.11595497155455631
59060,1,1,6,792.8909778666745
59080,1,1,5,0.42645457969393247
59094,1,1,4,0.42645458358136
59114,1,1,8,697.2841032194374
59120,1,1,4,0.42645458358136
59158,1,1,4,0.42645458358136
59178,1,1,1,494.66855265642556
59183,1,1,4,0.42645458358136
59187,1,1,4,0.42645458358136
59191,1,1,4,0.42645458358136
59192,1,1,6,692.6699307519725
59205,1,1,8,902.031710087706
59210,1,1,4,0.42645458358136
59224,1,1,4,0.42645458358136
59229,1,1,9,642.7508322633299
59233,1,1,2,418.77845137472667
59235,1,1,1,287.87157027324383
59245,1,1,10,517.9621929942123
59247,1,1,6,581.0608494272824
59251,1,1,9,464.87183298834225
59252,1,1,3,67.42691048623139
59263,1,1,9,72.65754215155758
59267,1,1,5,0.42645457969393247
59268,1,1,6,486.36753945811756
59276,1,1,1,694.6539788952141
59279,1,1,9,489.26936216115024
59280,1,1,5,0.42645456789925423
59290,1,1,10,722.1003178929772
59291,1,1,8,788.9931194789568
59314,1,1,4,0.42645458358136
59318,1,1,5,0.42645457969393247
59347,1,1,4,0.42645458358136
59365,1,1,4,0.42645458358136
59366,1,1,6,742.2367833338175
59377,1,1,8,497.9158569776577
59397,1,1,5,0.42645457969393247
59406,1,1,3,91.46755523598141
59412,1,1,9,810.7722530260182
59426,1,1,9,602.6486043769877
59437,1,1,8,777.9715574869537
59445,1,1,9,227.36661444554247
59453,1,1,5,0.42645457969393247
59461,1,1,7,1.0841149869196376
59463,1,1,10,717.0531705594019
59476,1,1,6,612.0349719577699
59484,1,1,4,0.42645458358136
59495,1,1,10,284.88522519441574
59512,1,1,8,605.0025268970181
59521,1,1,7,95.63384579082658
59526,1,1,3,92.53487602056839
59533,1,1,6,797.7960606416103
59534,1,1,3,89.48793987813745
59543,1,1,4,0.42645458358136
59544,1,1,9,715.4355146501154
59553,1,1,8,162.72450638041843
59572,1,1,10,391.60495522725546
59575,1,1,9,511.771958285071
59577,1,1,9,888.9276541796087
59597,1,1,10,348.3912246220048
59602,1,1,10,190.46609062870328
59609,1,1,7,163.95004630803442
59610,1,1,1,540.7913480057879
59614,1,1,10,207.4772306802895
59618,1,1,9,529.3758493777098
59627,1,1,5,0.42645457969393247
59652,1,1,9,456.89257975831794
59654,1,1,10,647.9053617873832
59660,1,1,4,0.42645458358136
59686,1,1,1,742.7993213067457
59687,1,1,4,0.42645458358136
59695,1,1,10,692.0463571612971
59717,1,1,6,632.1281705579005
59721,1,1,9,536.7849080711819
59732,1,1,2,228.9893372387473
59743,1,1,8,345.46584144068726
59749,1,1,6,539.4051970906232
59770,1,1,9,872.8560978214123
59778,1,1,9,538.5349997032996
59780,1,1,6,406.32689472822153
59807,1,1,5,0.42645457969393247
59817,1,1,6,239.96343073854828
59823,1,1,5,0.42645457969393247
59838,1,1,1,701.6701491173108
59840,1,1,9,455.3602977183927
59843,1,1,4,0.42645458358136
59846,1,1,5,0.42645457969393247
59848,1,1,6,706.1937176024662
59859,1,1,7,146.88722164524458
59864,1,1,9,606.7037932056091
59867,1,1,9,367.2901040488611
59871,1,1,9,590.2529299584288
59883,1,1,6,766.5881046090504
59885,1,1,6,732.5027181537911
59894,1,1,2,449.98289050298376
59898,1,1,2,143.36193688862537
59907,1,1,7,79.46828869857605
59931,1,1,4,0.42645458358136
59944,1,1,8,947.3450396768279
59964,1,1,9,812.8046208399362
59977,1,1,8,498.4113228562737
59981,1,1,1,710.5086184824493
59989,1,1,6,391.214759117785
60003,1,1,9,115.15511414613648
60007,1,1,9,813.3620719773677
60008,1,1,2,390.05638219346883
60013,1,1,4,0.42645458358136
60015,1,1,5,0.42645457969393247
60023,1,1,10,523.8536357105635
60027,1,1,6,522.2791569836655
60044,1,1,10,718.8765075298545
60047,1,1,6,369.3780716257134
60048,1,1,9,750.8056601360133
60074,1,1,7,65.48019012119384
60089,1,1,9,516.5037087182216
60112,1,1,4,0.42645458358136
60127,1,1,9,720.6021127759326
60133,1,1,9,426.67532911725556
60137,1,1,8,376.9701696531035
60139,1,1,1,379.7789670823499
60159,1,1,7,166.90262149867567
60160,1,1,8,729.0206267816935
60167,1,1,9,524.3044716144993
60171,1,1,8,130.83589212115183
60195,1,1,5,0.42645456789925423
60226,1,1,6,386.12239446585625
60231,1,1,10,615.9964443832691
60234,1,1,8,343.03644383852173
60236,1,1,6,372.51106261853135
60237,1,1,5,0.42645457969393247
60255,1,1,5,0.42645457969393247
60293,1,1,8,242.9344073973241
60309,1,1,5,0.42645457969393247
60336,1,1,2,408.3876524653042
60337,1,1,8,212.1041882436499
60343,1,1,9,794.4588759915968
60351,1,1,8,672.2937054396236
60360,1,1,4,0.42645458358136
60370,1,1,2,319.81927910485336
60388,1,1,6,513.4965287046134
60389,1,1,6,492.82955316739196
60393,1,1,7,168.6384134852974
60424,1,1,9,707.328090278434
60427,1,1,6,543.0599493840311
60431,1,1,5,0.42645457969393247
60452,1,1,9,754.6106765178894
60471,1,1,8,843.1237559671317
60476,1,1,9,607.2348585726374
60481,1,1,7,64.26114283557193
60493,1,1,10,659.8310595577726
60500,1,1,6,162.05225181643092
60517,1,1,1,714.914577662786
60580,1,1,6,669.4566392506008
60582,1,1,9,696.3553094424531
60583,1,1,4,0.42645458358136
60590,1,1,6,541.9748561778913
60596,1,1,4,0.4264545919581291
60597,1,1,1,441.92280007436904
60605,1,1,4,0.42645458358136
60608,1,1,8,630.5376105105714
60621,1,1,9,372.23056087297766
60627,1,1,6,644.7049237446928
60634,1,1,4,0.42645458358136
60639,1,1,10,460.84066483316303
60651,1,1,6,788.8988183376815
60657,1,1,6,787.6998882397684
60690,1,1,9,600.4418126433171
60693,1,1,6,485.6030939206451
60701,1,1,9,162.45705870056995
60717,1,1,5,0.42645457969393247
60732,1,1,2,459.8703935349483
60735,1,1,8,610.6544840414697
60750,1,1,6,714.2056595843495
60762,1,1,1,606.7042773371812
60775,1,1,5,0.42645457969393247
60787,1,1,5,0.42645457969393247
60799,1,1,8,944.2990100326282
60822,1,1,4,0.42645458358136
60834,1,1,9,271.86738586922064
60837,1,1,5,0.42645457969393247
60841,1,1,8,457.2500435654576
60865,1,1,5,0.42645457969393247
60873,1,1,6,660.4701215833732
60879,1,1,9,638.0058434761867
60880,1,1,8,449.7731638991233
60886,1,1,4,0.42645458358136
60897,1,1,3,71.20792365048044
60906,1,1,5,0.42645456789925423
60919,1,1,6,522.2339333884655
60922,1,1,4,0.42645458358136
60924,1,1,10,285.81576214267056
60928,1,1,10,574.2904748742804
60932,1,1,9,811.7729674660267
60933,1,1,9,541.340431243828
60936,1,1,8,879.2512900701197
60949,1,1,4,0.42645458358136
60960,1,1,9,372.48968247771563
60971,1,1,5,0.42645457969393247
60977,1,1,1,556.2955730922939
61000,1,1,5,0.42645457969393247
61010,1,1,5,0.42645457969393247
61012,1,1,5,0.42645457969393247
61020,1,1,10,378.4235000070193
61022,1,1,9,818.2296024525741
61023,1,1,6,519.3836100147895
61031,0,1,0,0.24112188964606726
61032,1,1,4,0.42645458358136
61034,1,1,8,211.1609137863134
61045,1,1,6,408.1244337737217
61046,1,1,9,643.2058351794166
61085,1,1,1,564.7212987280055
61087,1,1,6,319.4414347267599
61089,1,1,6,577.4900833733577
61128,1,1,9,865.1314944269496
61148,1,1,9,378.27760888566996
61158,1,1,9,686.2976743042718
61160,1,1,4,0.42645458358136
61194,1,1,5,0.42645457969393247
61208,1,1,1,561.4111428741602
61225,1,1,4,0.4264545919581291
61226,1,1,7,129.8359768350719
61229,1,1,9,860.3041479975
61235,1,1,9,486.2488592025645
61248,1,1,7,84.82153057997654
61294,1,1,5,0.42645457969393247
61303,1,1,7,55.76749230225344
61307,1,1,7,78.48642620212283
61311,1,1,6,689.3660216040854
61327,1,1,6,790.64189217708
61331,1,1,2,194.9895491110845
61348,1,1,5,0.42645457969393247
61354,1,1,4,0.42645458358136
61357,1,1,9,703.2592762336576
61359,1,1,8,610.4827619904056
61360,1,1,6,603.098605334802
61361,1,1,6,443.54728482624523
61410,1,1,10,719.3588131090519
61413,1,1,10,389.1766113565068
61422,1,1,6,364.7180963485902
61431,1,1,9,800.6118181681965
61433,1,1,5,0.42645457969393247
61447,1,1,2,215.46801560576125
61465,1,1,9,819.7237713158275
61466,1,1,5,0.42645457969393247
61470,1,1,9,763.5901244010248
61480,1,1,9,328.5048402197787
61491,1,1,4,0.42645458358136
61492,1,1,9,563.5824858875646
61500,1,1,4,0.42645458358136
61502,1,1,6,756.4848094107988
61504,1,1,8,192.81268289189822
61518,1,1,3,76.72706987641017
61528,1,1,1,219.56992159069705
61539,1,1,8,627.5835639660087
61547,1,1,6,792.431113586199
61574,1,1,4,0.42645458358136
61584,1,1,1,490.7399576067035
61587,1,1,9,850.7610742519532
61598,1,1,10,448.9131292947766
61611,1,1,7,154.15149594954465
61620,1,1,9,57.8214164713892
61639,1,1,1,504.6382751857481
61656,1,1,5,0.42645457969393247
61664,1,1,9,734.1218425308535
61668,1,1,2,464.7951336178276
61672,1,1,5,0.42645457969393247
61687,1,1,8,516.4628103295221
61688,1,1,8,778.7280964534555
61691,1,1,7,157.37568618935717
61698,1,1,8,683.9411265628057
61701,1,1,5,0.42645457969393247
61703,1,1,10,718.7702539615229
61722,1,1,2,405.2508142136691
61724,1,1,6,611.0876741667688
61732,1,1,9,881.0093367308637
61750,1,1,3,84.36653792122563
61757,1,1,5,0.42645457969393247
61758,1,1,8,809.0067254564042
61782,1,1,9,489.3898549855629
61783,1,1,3,79.34448459752063
61808,1,1,4,0.42645458358136
61856,1,1,6,642.1603361440092
61858,1,1,9,780.0777653410493
61861,1,1,5,0.42645456789925423
61872,1,1,1,273.0280844000079
61873,1,1,5,0.42645457969393247
61880,1,1,9,728.6873174217808
61881,1,1,6,745.9171839996376
61890,1,1,10,504.8772100701981
61894,1,1,4,0.42645458358136
61895,1,1,9,600.3408236031037
61899,1,1,2,190.2185614584504
61903,1,1,6,640.7083386946315
61904,1,1,8,210.34070121025874
61913,1,1,9,853.6721864200592
61915,1,1,2,311.9734984367542
61916,1,1,6,345.47951537795757
61937,1,1,4,0.42645458358136
61951,1,1,8,373.60114321628924
61958,1,1,4,0.42645458358136
61969,1,1,9,278.55264159372945
61970,1,1,9,766.2991393539997
61971,1,1,8,311.84668311900725
61975,1,1,8,947.7304818262874
61987,1,1,10,589.6278292854723
61999,1,1,9,554.7539422776221
62003,1,1,9,441.5843437602512
62005,1,1,9,845.4572389221221
62006,1,1,10,337.1676514732634
62012,1,1,5,0.42645457969393247
62030,1,1,6,221.74671489928528
62039,0,1,0,0.11968671884401977
62050,1,1,5,0.42645457969393247
62085,1,1,4,0.42645458358136
62100,0,1,0,0.13933803614683005
62101,1,1,9,787.19307792905
62126,1,1,5,0.42645456789925423
62127,1,1,8,156.86083204126035
62129,1,1,8,504.7215179818046
62134,1,1,10,660.475032475785
62136,1,1,9,618.6189957907688
62145,1,1,3,89.8963338051377
62156,1,1,2,457.21184190504744
62166,1,1,8,448.9325138420101
62171,1,1,9,275.7901810744851
62172,1,1,5,0.42645457969393247
62184,1,1,4,0.42645458358136
62192,1,1,6,790.5233828510687
62196,1,1,8,616.8970348438711
62201,1,1,9,196.4725987831089
62211,1,1,6,762.8829521102979
62237,1,1,1,378.23271782745115
62239,1,1,5,0.42645457969393247
62249,1,1,1,154.4321278017214
62271,1,1,7,101.02637526744604
62282,1,1,7,136.89450886506293
62289,1,1,5,0.42645457969393247
62291,1,1,4,0.42645458358136
62306,1,1,6,783.1105642539122
62308,1,1,9,564.9687937406355
62352,1,1,9,711.2160202396507
62356,1,1,6,461.0529307961786
62368,1,1,9,796.036307637437
62380,1,1,5,0.42645457969393247
62386,1,1,6,785.0879531569338
62387,1,1,9,865.5961958821335
62400,1,1,9,865.8610383356151
62409,1,1,5,0.42645456789925423
62412,0,1,0,0.12242544614163108
62414,1,1,6,556.3631741114424
62418,1,1,10,193.9485527180772
62419,1,1,9,860.1560775602811
62422,1,1,1,295.752822075152
62432,1,1,9,582.7234748845782
62435,1,1,5,0.42645457969393247
62444,1,1,5,0.42645457969393247
62445,0,1,0,0.1188175305609746
62449,1,1,8,228.25549931240616
62457,1,1,2,317.39150865118813
62459,1,1,5,0.42645457969393247
62474,1,1,5,0.42645457969393247
62477,1,1,4,0.42645458358136
62479,1,1,4,0.42645458358136
62480,1,1,4,0.42645458358136
62492,1,1,4,0.42645458358136
62511,1,1,1,653.9474202601518
62523,1,1,10,717.9897600345934
62584,1,1,9,520.4855924118477
62601,1,1,9,823.6557770042679
62602,1,1,4,0.42645458358136
62639,1,1,1,734.5610006704404
62657,1,1,4,0.42645458358136
62669,1,1,5,0.42645457969393247
62673,1,1,5,0.42645457969393247
62682,1,1,1,690.9029095310046
62703,1,1,6,205.05782191638045
62704,1,1,10,438.8348822470087
62717,1,1,8,489.756183370146
62723,1,1,7,64.5770074296627
62727,1,1,9,831.6281143836097
62735,1,1,2,123.4361586115589
62773,1,1,10,720.2549668451072
62781,1,1,2,355.5091056581596
62789,1,1,5,0.42645457969393247
62813,1,1,9,566.0168211232229
62838,1,1,9,860.802136630694
62847,1,1,4,0.42645458358136
62850,1,1,1,300.6255707765315
62858,1,1,5,0.42645457969393247
62863,1,1,9,354.5798342737339
62876,1,1,10,626.3308958094949
62883,1,1,5,0.42645457969393247
62893,1,1,6,130.89355955422158
62899,1,1,8,793.6306920177841
62906,1,1,6,545.4849465782585
62911,1,1,5,0.42645457969393247
62913,1,1,6,771.9083343918937
62923,1,1,9,700.2927212681121
62930,1,1,6,522.6996985493483
62941,1,1,9,508.9626152078421
62956,1,1,5,0.42645457969393247
62962,1,1,2,85.83436390537261
62965,1,1,10,159.727226460867
62976,1,1,8,928.3670225169641
62980,1,1,9,797.0962761612193
62983,1,1,8,798.9624522751144
62984,1,1,10,663.387715599185
62988,1,1,6,246.7329283925981
63011,1,1,8,866.0339976946237
63013,1,1,8,327.14490990572205
63040,1,1,10,376.4832686337391
63043,1,1,8,711.4036727624439
63064,1,1,7,31.94179354199491
63112,1,1,7,103.84640270319804
63127,1,1,6,216.53057938700098
63130,1,1,8,344.0483571610608
63184,1,1,1,198.8226318621157
63198,1,1,8,443.5716465645099
63204,1,1,7,67.52194029944047
63227,1,1,8,658.133355000698
63246,1,1,4,0.42645458358136
63249,1,1,7,70.38234906057667
63252,1,1,7,88.82715980532606
63253,1,1,9,777.3503639148822
63254,1,1,8,491.79509094751296
63257,1,1,1,662.044030921789
63262,1,1,6,542.1629988364118
63264,1,1,9,686.0273480167411
63275,1,1,4,0.42645458358136
63280,0,1,0,0.11484462319988342
63281,1,1,5,0.42645457969393247
63285,1,1,9,541.8822873488422
63293,1,1,3,87.66018027324932
63302,1,1,9,133.883419366288
63304,1,1,7,155.30925080920034
63308,1,1,5,0.42645457969393247
63309,1,1,8,556.3074285809346
63323,1,1,8,554.6124748366811
63326,1,1,4,0.42645458358136
63348,1,1,6,376.87800771972053
63361,1,1,8,361.74098903000237
63374,1,1,6,778.9138926124567
63397,1,1,7,142.76768967046442
63399,1,1,6,562.7865532588906
63422,1,1,8,369.76176178494234
63424,1,1,6,466.4199088239927
63442,1,1,8,471.68957707571855
63451,1,1,10,589.5759762236307
63481,1,1,10,662.7369978359096
63494,1,1,2,152.6092293291498
63504,1,1,8,835.6355340047361
63521,1,1,9,373.17937515845836
63523,1,1,5,0.42645457969393247
63533,1,1,8,832.7519151675674
63537,1,1,6,506.6220045374464
63540,1,1,6,672.0928285154578
63543,1,1,6,785.713433547411
63564,1,1,10,531.0157511386556
63566,1,1,5,0.42645457969393247
63572,1,1,8,235.08708945560787
63576,1,1,7,102.44279031301666
63577,1,1,9,785.440011467005
63587,1,1,2,485.7570708617632
63591,1,1,7,82.25123407895043
63617,1,1,10,546.74570887294
63625,1,1,6,447.3198403133223
63637,1,1,8,767.4237995903458
63641,0,1,0,0.24310124099733874
63645,1,1,5,0.42645457969393247
63649,1,1,7,165.04101742960896
63652,1,1,9,878.6993143273029
63654,1,1,1,480.7362279406254
63664,1,1,1,571.189976301297
63668,1,1,5,0.42645457969393247
63674,1,1,4,0.42645458358136
63682,1,1,7,38.35088682906879
63694,1,1,3,63.13931796262094
63707,1,1,4,0.42645458358136
63709,1,1,5,0.42645457969393247
63711,1,1,3,90.43328751096924
63726,1,1,6,409.5274623271275
63749,1,1,8,448.5035436595216
63770,1,1,10,724.1220222089496
63774,1,1,1,645.6848805884268
63781,1,1,9,300.01104694402204
63787,1,1,9,195.4107461376484
63794,1,1,4,0.42645458358136
63798,1,1,8,835.8441464834049
63818,1,1,6,721.4592919232272
63822,1,1,2,88.31316428999591
63835,1,1,3,90.77917126172775
63836,1,1,5,0.42645457969393247
63837,1,1,8,526.0484103103056
63846,1,1,6,414.4893790197725
63848,1,1,3,88.39341253236111
63893,1,1,10,400.38390198444915
63918,1,1,9,640.9724592795128
63919,1,1,4,0.42645458358136
63927,1,1,2,98.55805284532923
63929,1,1,9,659.0732852726982
63933,1,1,9,828.0132380307798
63934,1,1,9,584.1853272017008
63956,1,1,1,506.22429447282013
63958,1,1,7,138.86043339074294
63988,1,1,9,263.5640843434727
63998,1,1,5,0.42645457969393247
64010,1,1,7,155.44790403029774
64038,1,1,6,715.0961742885947
64068,1,1,5,0.42645456789925423
64076,1,1,9,594.5963104954133
64078,1,1,6,803.3441805183263
64098,1,1,1,306.434414282253
64103,1,1,7,133.9544268060708
64106,1,1,8,310.88894202122157
64110,1,1,6,783.214810172789
64115,1,1,2,487.59289912219896
64125,1,1,2,191.95816224695224
64129,1,1,10,218.65160190352717
64138,1,1,4,0.42645458358136
64143,1,1,9,504.76439170013873
64146,1,1,7,170.39589821535145
64149,1,1,6,616.6410126969676
64158,1,1,6,643.0445821653148
64163,1,1,5,0.42645457969393247
64174,1,1,4,0.42645458358136
64178,1,1,8,184.57789736863407
64193,1,1,4,0.42645458358136
64219,1,1,6,781.7662853063727
64251,1,1,10,668.9473803415177
64254,1,1,4,0.42645458358136
64275,1,1,8,791.9468778897249
64303,1,1,10,463.01407047017005
64312,1,1,9,762.6967846847723
64355,1,1,4,0.42645458358136
64362,1,1,10,679.9558460887715
64392,1,1,8,692.3777737089557
64401,1,1,8,458.8282459036362
64403,1,1,7,112.26411249570096
64406,1,1,6,710.7093734165779
64409,1,1,9,862.0641981862301
64419,1,1,6,427.78442658406664
64426,1,1,1,164.9441881219711
64448,1,1,8,642.547166553429
64476,0,1,0,0.10185548008662627
64501,1,1,9,719.6273967330225
64507,1,1,8,618.3366011815185
64521,1,1,8,556.0267002809112
64544,1,1,8,900.7644994186497
64551,1,1,9,561.9685723672916
64554,1,1,9,221.29278740211222
64583,1,1,6,285.182262361456
64588,1,1,5,0.42645457969393247
64604,1,1,6,616.9217150263333
64609,1,1,5,0.42645457969393247
64623,1,1,9,322.30528583414514
64637,1,1,3,92.89368464992238
64647,1,1,9,668.696465783675
64652,1,1,2,143.05171952763754
64654,1,1,7,68.50600086373818
64667,1,1,4,0.42645458358136
64670,1,1,5,0.42645457969393247
64682,1,1,9,537.1208624815795
64687,1,1,8,111.30930328811208
64730,1,1,5,0.42645457969393247
64735,1,1,1,469.1741902040493
64746,1,1,4,0.42645458358136
64748,1,1,2,68.70055960988627
64761,1,1,1,578.3219532609797
64764,1,1,5,0.42645457969393247
64785,1,1,5,0.42645457969393247
64809,1,1,4,0.42645458358136
64813,1,1,4,0.4264545919581291
64814,1,1,4,0.4264545919581291
64818,1,1,9,543.1163025752186
64824,1,1,9,827.2518622498313
64831,1,1,1,604.0895990812594
64835,1,1,10,154.89870009821507
64843,1,1,9,617.0217743060247
64848,1,1,10,201.3218594341245
64873,1,1,6,529.3235931390295
64908,1,1,4,0.42645458358136
64915,1,1,9,440.91299767401836
64929,1,1,3,71.05077740124695
64941,1,1,9,812.2467443779971
64953,1,1,4,0.42645458358136
64954,1,1,3,76.4493111987352
64985,1,1,10,460.8562511582673
64986,1,1,4,0.42645458358136
64998,1,1,6,446.49044843604827
65003,1,1,10,467.34239872158406
65008,1,1,6,550.1787635743482
65019,1,1,3,89.50385524870487
65021,1,1,8,294.19224980813823
65028,1,1,9,874.5037461450165
65067,1,1,8,317.7895946870528
65068,1,1,4,0.42645458358136
65079,1,1,6,1.2288735997515001
65083,1,1,8,265.09242955921894
65093,1,1,10,720.2391995083894
65104,1,1,7,156.0810117574078
65111,1,1,8,871.2879570650413
65116,1,1,4,0.42645458358136
65129,1,1,9,503.26717665347684
65131,1,1,5,0.42645456789925423
65141,1,1,9,561.9215772879727
65148,1,1,5,0.42645457969393247
65163,1,1,5,0.42645457969393247
65165,1,1,6,780.7496100065907
65192,1,1,5,0.42645457969393247
65194,1,1,10,311.67790778631945
65197,1,1,9,406.3222392111837
65203,1,1,9,343.646693608117
65216,1,1,9,487.74114895117646
65233,1,1,5,0.42645457969393247
65239,1,1,7,122.54386045430137
65241,1,1,8,422.5089273081491
65250,1,1,10,432.10705324627384
65261,1,1,7,130.40355433111012
65266,1,1,1,236.97016319325363
65286,1,1,8,364.6298773971711
65287,1,1,9,881.4637275447132
65288,1,1,1,313.6424549841241
65290,1,1,5,0.42645457969393247
65316,0,1,0,0.11992582668637376
65349,1,1,8,388.5786929619804
65353,1,1,4,0.42645458358136
65354,1,1,6,476.9777620403293
65361,1,1,4,0.42645458358136
65374,1,1,4,0.42645458358136
65382,1,1,9,300.1860277211355
65392,1,1,7,168.94949647707023
65424,1,1,10,232.44852144773245
65431,0,1,0,0.11526830322502915
65442,1,1,9,379.365565670723
65445,1,1,5,0.42645457969393247
65459,1,1,10,678.5862156665033
65469,1,1,8,484.3322447512314
65484,1,1,8,453.28522085578044
65491,1,1,6,400.93185121493315
65531,1,1,10,250.55078335810282
65535,1,1,4,0.42645458358136
65553,1,1,4,0.42645458358136
65575,1,1,9,673.7821708449615
65593,1,1,1,398.9598133338892
65603,1,1,5,0.42645457969393247
65610,1,1,5,0.42645457969393247
65613,1,1,4,0.42645458358136
65619,1,1,10,633.3451014122347
65631,1,1,9,545.4566989389291
65649,1,1,5,0.42645457969393247
65667,1,1,5,0.42645457969393247
65681,1,1,5,0.42645457969393247
65690,1,1,6,543.1886738242495
65693,1,1,4,0.42645457969393247
65718,1,1,1,371.8923718721529
65729,1,1,8,498.21133527865425
65749,1,1,6,441.7731516854657
65767,1,1,8,216.91469940200403
65794,1,1,5,0.42645457969393247
65802,1,1,10,719.3288342407327
65815,1,1,5,0.42645457969393247
65819,1,1,10,717.9146439050854
65831,1,1,8,362.88362094226306
65835,1,1,9,842.4657515449009
65849,1,1,8,758.2019380941493
65886,1,1,9,614.9328016240889
65892,1,1,5,0.42645457969393247
65893,1,1,4,0.4264545919581291
65924,1,1,7,18.875323612610828
65931,1,1,6,666.3240380743624
65932,1,1,9,460.18683272902183
65934,1,1,7,99.68109645653483
65936,1,1,4,0.42645458358136
65939,1,1,8,908.069668787223
65945,1,1,5,0.42645457969393247
65964,1,1,9,871.1309553739899
65978,1,1,4,0.42645458358136
65979,1,1,5,0.42645457969393247
65995,1,1,6,587.5512296968884
65999,1,1,10,460.2001157918
66009,1,1,4,0.42645458358136
66011,1,1,8,485.43369724138137
66044,1,1,4,0.42645458358136
66062,1,1,9,851.1087186098241
66074,1,1,2,467.2598701781256
66078,1,1,10,349.3907738605809
66088,1,1,1,509.07275390044225
66106,1,1,7,17.344427193524215
66121,1,1,8,715.6669127184657
66128,1,1,5,0.42645457969393247
66130,1,1,4,0.42645458358136
66166,1,1,8,293.6842515556027
66171,1,1,5,0.42645457969393247
66182,1,1,3,34.44953110509667
66190,1,1,5,0.42645457969393247
66198,1,1,3,38.476667419685704
66202,1,1,10,538.0892915450165
66205,1,1,1,293.9783570377631
66211,1,1,10,548.404968983324
66214,1,1,4,0.4264545919581291
66218,1,1,9,881.981306204319
66235,1,1,9,875.1068512661651
66237,1,1,8,896.4411338449338
66279,1,1,7,159.45742904332698
66289,1,1,2,99.68558773729602
66290,1,1,1,624.3177639049418
66295,1,1,10,427.16624445640696
66300,1,1,10,661.8427916628964
66315,1,1,8,704.5298592155983
66316,1,1,6,764.2310810795366
66327,1,1,9,348.89364278080853
66330,1,1,6,613.2679702063708
66333,1,1,8,491.3418661304813
66339,1,1,8,870.7718222285575
66375,1,1,4,0.42645458358136
66394,1,1,1,759.5316548923807
66397,1,1,4,0.42645458358136
66404,1,1,5,0.42645457969393247
66419,1,1,9,473.9629568933643
66427,1,1,7,23.228784784058426
66430,1,1,5,0.42645457969393247
66445,1,1,8,862.4414028794545
66456,1,1,4,0.42645458358136
66481,1,1,6,801.0154713200285
66485,1,1,8,656.0087523625916
66497,1,1,9,820.8853501438109
66528,1,1,1,706.873305829201
66539,1,1,4,0.42645458358136
66551,1,1,9,798.6784305053183
66556,1,1,10,177.5121936434995
66561,1,1,8,871.2788103518582
66562,1,1,2,235.7125913036004
66567,1,1,8,272.79949815512134
66596,1,1,1,166.3319735764482
66614,1,1,3,69.30385861198847
66619,1,1,9,610.9094009284693
66628,1,1,9,577.662850265719
66631,1,1,9,575.2826806578597
66644,1,1,8,143.36137059321567
66649,1,1,2,377.16931463764064
66660,1,1,8,643.6944848223908
66667,1,1,6,483.9910076887293
66702,1,1,9,592.1768155586461
66706,1,1,6,184.07808936407702
66709,1,1,1,249.37383029701797
66713,1,1,5,0.42645457969393247
66717,1,1,10,442.5183680511351
66730,1,1,9,817.6504184666015
66739,1,1,9,221.64679668955853
66750,1,1,4,0.42645458358136
66752,1,1,9,704.408921292735
66762,1,1,2,387.02377364073465
66766,1,1,8,419.58837139589514
66787,1,1,4,0.42645458358136
66791,1,1,10,526.3076125304066
66793,1,1,5,0.42645457969393247
66824,1,1,1,231.6355134035858
66843,1,1,6,361.98398060941753
66844,1,1,10,345.8983979647102
66852,1,1,4,0.42645458358136
66862,1,1,2,462.199131881469
66881,1,1,10,456.6803761971639
66885,1,1,6,296.0418206887415
66887,1,1,10,659.3644225950605
66917,1,1,5,0.42645456789925423
66941,1,1,2,463.7311746282206
66942,1,1,5,0.42645457969393247
66945,1,1,1,311.3017004748738
66988,1,1,6,711.1815881365618
66990,1,1,8,356.5901174391844
66992,1,1,9,613.1363529023953
66994,1,1,5,0.42645457969393247
67000,1,1,8,637.4079575748602
67005,1,1,6,205.44614368156604
67006,1,1,4,0.42645458358136
67010,1,1,8,909.1489810238966
67013,1,1,10,453.4186530237127
67024,1,1,8,598.3258095615822
67027,1,1,4,0.42645458358136
67029,1,1,10,621.621844663825
67055,1,1,8,668.7233689610075
67060,1,1,8,159.61558547214466
67068,1,1,4,0.42645458358136
67086,1,1,4,0.42645458358136
67087,1,1,4,0.42645458358136
67091,1,1,9,798.4892674536937
67093,1,1,4,0.42645458358136
67097,1,1,8,471.05100458658234
67103,1,1,9,359.1612973233319
67109,1,1,2,223.66063445082435
67113,1,1,4,0.42645458358136
67118,1,1,9,385.7733779675201
67130,1,1,6,410.2981139631751
67157,1,1,10,301.81042657842085
67171,1,1,8,176.61693697256348
67176,1,1,10,604.80478167737
67193,1,1,8,389.0982071292825
67251,1,1,9,780.5857664795374
67292,1,1,6,777.6279619054924
67293,1,1,6,773.3820179767457
67301,1,1,4,0.42645458358136
67340,1,1,8,503.15047098180247
67347,1,1,6,406.5359301675911
67357,1,1,10,572.8958848678523
67376,1,1,6,558.4179901886906
67380,1,1,10,468.8375174838037
67403,1,1,10,485.6710675982448
67408,1,1,6,716.5013843142539
67410,1,1,4,0.42645458358136
67411,1,1,6,809.9234752841467
67414,1,1,10,661.4458377390006
67421,1,1,6,759.9480994664475
67422,1,1,9,879.6157445945181
67444,1,1,10,228.58434220783315
67461,1,1,3,57.23754588900249
67470,1,1,9,371.4988659186939
67472,1,1,4,0.42645458358136
67509,1,1,6,269.1328476753387
67526,1,1,8,268.0323479528255
67527,1,1,9,221.9081190975313
67534,1,1,1,629.7507431525091
67542,1,1,7,79.4017237934624
67556,1,1,8,904.5070050834066
67561,1,1,9,399.85299694834964
67564,1,1,10,291.22959861467706
67575,1,1,4,0.42645458358136
67576,1,1,6,754.7780047671479
67591,1,1,4,0.4264545919581291
67598,1,1,9,509.9576517105483
67600,1,1,9,443.62375474723683
67616,1,1,9,836.8905280699075
67628,1,1,8,650.8467477918391
67638,1,1,6,485.4556111959626
67646,1,1,4,0.42645458358136
67667,1,1,8,720.6771534117634
67686,1,1,6,326.64713694651994
67701,1,1,9,879.2090367967924
67707,1,1,8,366.2700439526032
67713,1,1,10,547.337735446622
67738,1,1,8,591.9328375865485
67752,0,1,0,0.12393504465956284
67758,1,1,8,731.8349049752399
67770,1,1,9,824.7221938222938
67779,1,1,6,784.2060606062373
67783,1,1,4,0.42645458358136
67785,1,1,3,39.20627579772686
67794,1,1,6,182.84682524978172
67798,1,1,8,523.5584510992994
67806,1,1,10,260.4468667375472
67810,1,1,9,207.936135911065
67813,1,1,9,665.3853762014379
67818,1,1,6,616.0461390989036
67824,1,1,6,709.9934823964478
67835,1,1,6,416.65621037485704
67844,1,1,9,824.4279410536599
67847,1,1,7,22.18012091985043
67858,0,1,0,0.11231665740353446
67872,1,1,2,354.02425753850474
67873,1,1,8,331.98276564262096
67882,1,1,4,0.4264545919581291
67886,1,1,8,564.133221929493
67893,1,1,6,406.2008804816252
67898,1,1,5,0.42645457969393247
67901,1,1,8,698.3149772937667
67910,1,1,8,596.11220507288
67916,1,1,1,460.29144645992983
67955,1,1,10,720.0951445509044
67956,1,1,5,0.42645457969393247
67957,1,1,9,630.9525892465875
67960,1,1,8,812.891450637885
67968,1,1,6,229.89464972652314
67981,1,1,6,781.2970391511833
67991,1,1,8,834.9266223071452
68006,1,1,8,532.0424704074536
68024,1,1,6,604.1413922189844
68029,1,1,8,840.7209928000194
68041,1,1,6,208.17221987157248
68050,1,1,5,0.42645457969393247
68052,1,1,9,565.3580863063581
68056,1,1,4,0.42645458358136
68063,1,1,9,871.3984409135246
68070,1,1,7,64.37795741788409
68071,1,1,8,532.5262218251576
68091,1,1,10,651.3770818465658
68101,1,1,8,252.0146483766935
68108,1,1,6,801.5053860884383
68124,1,1,8,600.3771477616142
68127,1,1,1,494.7961354340089
68128,1,1,6,497.9192916691333
68137,1,1,9,536.2242028969818
68146,1,1,9,538.0034092985602
68149,1,1,4,0.4264545919581291
68163,1,1,8,520.9715487478517
68181,1,1,9,343.91140207591326
68195,1,1,10,260.03921320398996
68214,1,1,1,162.15160019357654
68240,1,1,7,163.41221383947195
68243,1,1,9,233.2859075037182
68251,1,1,8,857.4251510479077
68258,1,1,10,125.87559912375089
68260,1,1,5,0.42645457969393247
68264,1,1,6,777.3013310793424
68273,1,1,4,0.42645458358136
68275,1,1,6,748.9091610446943
68279,1,1,5,0.42645457969393247
68281,1,1,4,0.42645458358136
68299,1,1,10,267.3359428570027
68306,1,1,6,548.3199475015399
68314,1,1,5,0.42645457969393247
68326,1,1,1,725.1356397302656
68330,1,1,7,77.36798885221735
68336,1,1,10,259.8999438330578
68338,1,1,8,804.3795553832425
68343,1,1,10,364.4038430240437
68347,1,1,5,0.42645457969393247
68352,1,1,5,0.42645457969393247
68357,1,1,8,765.6725876313399
68371,1,1,3,79.44534602897818
68374,1,1,5,0.42645457969393247
68382,1,1,1,375.8793193980613
68393,1,1,5,0.42645457969393247
68404,1,1,1,763.3918649856487
68407,1,1,3,88.93102598678064
68426,1,1,9,864.180617415892
68440,1,1,8,469.74490192600877
68459,1,1,1,676.1695660187298
68464,1,1,8,342.84257350735095
68466,1,1,8,674.2649289756313
68489,1,1,1,657.6106443191253
68492,1,1,8,756.1950990503999
68514,1,1,5,0.42645457969393247
68526,1,1,2,207.60262727483746
68533,1,1,8,437.748065601111
68539,1,1,8,605.3552950860573
68540,1,1,9,514.6499621630134
68559,1,1,5,0.42645457969393247
68566,1,1,5,0.42645457969393247
68571,1,1,1,407.6812421710326
68590,1,1,2,428.19874400163627
68591,1,1,10,477.6475939777067
68612,1,1,4,0.42645458358136
68616,1,1,4,0.42645458358136
68618,1,1,6,534.9275063685793
68620,1,1,8,769.9894420942977
68621,1,1,9,537.7224132049942
68638,1,1,6,423.7833327285292
68648,1,1,5,0.42645457969393247
68660,1,1,9,878.1733454534295
68661,1,1,1,372.46228201952516
68680,1,1,9,231.9875079372587
68706,1,1,6,323.14639849164485
68708,1,1,5,0.42645457969393247
68712,1,1,4,0.42645458358136
68725,1,1,4,0.42645458358136
68726,1,1,8,458.49211850389634
68735,1,1,5,0.42645456789925423
68736,1,1,2,338.65507282819556
68741,1,1,6,175.76583887825456
68743,1,1,1,564.6419949370617
68752,1,1,3,90.37415348098492
68768,1,1,7,147.82481219515648
68776,1,1,5,0.42645457969393247
68786,1,1,5,0.42645457969393247
68808,1,1,4,0.42645458358136
68812,1,1,5,0.42645457969393247
68819,1,1,4,0.42645458358136
68824,1,1,7,64.40797646551292
68828,1,1,6,448.7764437325612
68831,1,1,4,0.42645458358136
68838,1,1,8,307.99862095780566
68844,1,1,9,566.7714616336567
68846,1,1,5,0.42645457969393247
68847,1,1,9,866.5060985212518
68853,1,1,4,0.42645458358136
68876,1,1,4,0.42645458358136
68910,1,1,5,0.42645457969393247
68917,1,1,5,0.42645457969393247
68935,1,1,5,0.42645457969393247
68936,1,1,6,409.9819573806954
68939,1,1,7,142.05486498498433
68940,1,1,8,495.55213153568485
68945,1,1,9,723.0163522456916
68974,1,1,8,618.280195403437
68976,1,1,1,673.231711044851
68983,1,1,5,0.42645457969393247
68985,1,1,9,743.4554511411073
68992,1,1,6,333.08922788015275
68999,1,1,4,0.4264545919581291
69034,1,1,8,612.5210990605109
69039,1,1,6,735.9052849928131
69052,1,1,9,355.53226416488235
69083,1,1,2,354.63803440404183
69089,1,1,10,458.6159857549047
69093,1,1,1,190.03798451040177
69100,0,1,0,0.10879114509679302
69101,1,1,9,881.9609678984256
69108,1,1,8,674.6676534301909
69113,1,1,6,515.3107942470899
69137,1,1,7,44.70741449638201
69142,1,1,6,206.99808506353705
69149,1,1,8,711.2422523555493
69154,1,1,3,46.85683079146506
69156,1,1,4,0.42645458358136
69160,1,1,9,675.6446854064011
69179,1,1,6,326.20495853907454
69183,1,1,8,563.1553221917196
69190,1,1,8,666.2832055213507
69191,1,1,9,375.4409287311173
69216,1,1,6,476.92372285652664
69229,1,1,6,537.0538168953283
69233,0,1,0,0.12833256635285648
69242,1,1,5,0.42645457969393247
69243,1,1,6,557.627961801663
69254,1,1,8,885.8391354341825
69268,1,1,9,665.7817656287597
69278,1,1,5,0.42645457969393247
69283,1,1,2,161.24560492512015
69294,1,1,10,504.75058050867517
69299,1,1,10,417.9062501726455
69307,1,1,10,415.8882386018132
69313,1,1,9,488.8896022280182
69314,1,1,9,152.68687185962742
69320,1,1,5,0.42645457969393247
69324,1,1,6,157.33298641996006
69334,1,1,6,300.8857388832141
69341,1,1,3,75.0668968299125
69350,1,1,6,469.9177402060189
69359,1,1,8,890.6567891166762
69385,1,1,7,118.20912862124787
69411,1,1,4,0.42645458358136
69412,1,1,9,657.2284512775116
69461,1,1,5,0.42645457969393247
69466,1,1,8,927.9675363475253
69474,0,1,0,0.15376416770305118
69489,1,1,6,507.9657452124064
69494,1,1,8,405.2497133819197
69518,1,1,10,400.52895583795424
69522,1,1,1,228.24893324536436
69533,1,1,4,0.42645458358136
69560,1,1,10,693.4133036412296
69573,1,1,5,0.42645457969393247
69583,1,1,6,775.77393027104
69586,1,1,9,508.9458380979735
69596,1,1,5,0.42645457969393247
69598,1,1,6,373.4266986307441
69625,1,1,9,530.1280880988697
69633,1,1,5,0.42645457969393247
69640,1,1,7,126.5108534570443
69652,1,1,9,552.5012930408811
69653,1,1,6,749.4350829566895
69657,1,1,5,0.42645457969393247
69665,1,1,8,531.3758139012599
69684,1,1,4,0.4264545919581291
69702,1,1,4,0.42645458358136
69703,1,1,8,473.8221424611384
69719,1,1,9,608.2026488735748
69725,1,1,10,479.81010437932065
69729,1,1,5,0.42645457969393247
69734,1,1,6,193.80484323285384
69738,1,1,9,294.48485852777213
69740,1,1,9,318.34649129410457
69742,1,1,8,488.9186874615857
69744,1,1,4,0.42645458358136
69757,1,1,9,403.6997117324647
69762,1,1,1,605.3568040789577
69777,1,1,10,415.74731558946706
69789,1,1,9,809.7196755804497
69793,1,1,9,768.2656847228326
69804,1,1,5,0.42645457969393247
69806,1,1,4,0.42645458358136
69812,1,1,5,0.42645457969393247
69818,1,1,9,808.6533102586804
69831,1,1,5,0.42645457969393247
69841,1,1,4,0.42645458358136
69850,1,1,6,463.9701061362236
69851,1,1,5,0.42645457969393247
69855,1,1,10,719.6383699350127
69875,1,1,10,422.0020860169948
69878,1,1,1,362.3892866907558
69879,1,1,4,0.42645458358136
69889,1,1,2,469.14897036307605
69914,1,1,8,424.97271454242093
69918,1,1,10,719.8597309818107
69921,1,1,6,757.5825253526149
69925,1,1,9,860.748129157059
69945,1,1,9,874.2899350473512
69957,1,1,9,556.9700505663042
69967,1,1,1,746.4872465488615
69992,1,1,3,71.87524600757808
69993,1,1,9,855.1308050029362
69994,1,1,1,603.8984320095728
69996,1,1,7,75.67357643234831
69997,1,1,1,323.5544318424186
69999,1,1,6,542.2637457041167
70000,1,1,6,198.86543097929706
70012,1,1,10,626.769228841883
70024,1,1,6,791.5427078630673
70033,1,1,8,924.2660129377497
70036,1,1,4,0.42645458358136
70057,1,1,6,783.6479177972503
70065,1,1,6,629.0404709231387
70071,1,1,7,35.34111446630649
70083,1,1,1,249.19179825563674
70096,1,1,9,656.550954817382
70106,1,1,4,0.42645458358136
70119,1,1,5,0.42645457969393247
70124,1,1,10,180.7796761779686
70130,1,1,10,415.77921153972704
70131,1,1,6,744.3862853585633
70132,1,1,8,634.6989745874521
70133,1,1,8,809.1517663383787
70134,1,1,6,615.2856125743128
70167,1,1,4,0.42645458358136
70169,1,1,9,254.47489277149396
70172,1,1,9,244.318740428227
70175,1,1,8,885.6360129372355
70185,1,1,9,84.95364303227124
70204,1,1,5,0.42645457969393247
70208,1,1,5,0.42645457969393247
70215,1,1,9,539.5317986285542
70216,1,1,9,687.5967713291168
70217,1,1,9,860.960940320127
70218,1,1,8,202.77416970633126
70225,1,1,7,130.20254935887095
70242,1,1,9,696.1693688771362
70246,1,1,3,56.541649284196424
70251,1,1,6,311.4357056948871
70258,1,1,4,0.42645458358136
70265,1,1,9,722.8330841078658
70267,1,1,6,779.1163537534243
70274,1,1,9,883.7921785461423
70282,1,1,9,652.2017305058229
70286,1,1,4,0.42645458358136
70290,1,1,9,545.8049488212155
70292,1,1,5,0.42645457969393247
70300,1,1,5,0.42645457969393247
70303,1,1,1,509.0698105386835
70321,1,1,10,384.69287983639487
70350,1,1,6,495.30898333299405
70355,1,1,8,505.0332838916253
70363,1,1,4,0.42645458358136
70377,0,1,0,0.11987643200606174
70383,1,1,7,123.64515608672976
70386,1,1,8,899.379839829587
70388,1,1,1,444.65161825126887
70399,1,1,8,902.0240696907869
70402,1,1,9,829.5376839019502
70416,1,1,10,162.79184114023872
70441,1,1,7,83.48892701931327
70448,1,1,9,564.304844045752
70449,1,1,5,0.42645457969393247
70452,1,1,6,784.1489112954512
70455,1,1,10,380.095212165474
70470,1,1,10,350.3906219743059
70473,1,1,5,0.42645457969393247
70476,1,1,8,762.6609283881987
70481,1,1,1,411.34102993785444
70497,1,1,8,613.7445115675866
70513,1,1,8,209.8060063617906
70516,1,1,10,460.3558268498322
70531,1,1,10,651.7519283279655
70548,1,1,9,196.86166971400846
70554,1,1,6,741.177127989521
70560,1,1,9,576.6627000764013
70561,1,1,5,0.42645457969393247
70574,1,1,10,419.93610093481095
70579,1,1,4,0.42645458358136
70584,1,1,6,223.14499689852443
70592,1,1,4,0.42645458358136
70598,1,1,10,185.6952451218341
70607,1,1,9,512.6253642810805
70610,0,1,0,0.10958598169704814
70641,1,1,1,262.61922849473865
70646,1,1,8,254.54750040065778
70652,1,1,9,516.5896741556305
70659,1,1,5,0.42645457969393247
70667,1,1,5,0.42645457969393247
70692,1,1,5,0.42645457969393247
70708,1,1,4,0.42645458358136
70716,1,1,5,0.42645456789925423
70720,1,1,5,0.42645456789925423
70757,1,1,10,414.40459047672744
70759,1,1,5,0.42645457969393247
70760,1,1,10,719.8016031788392
70761,1,1,3,88.2685370962246
70764,1,1,7,134.78693709828568
70769,1,1,5,0.42645457969393247
70775,1,1,5,0.42645457969393247
70779,1,1,9,270.2499927514856
70793,1,1,6,247.9231590724232
70804,1,1,8,461.02285234467485
70816,1,1,8,514.2372043380412
70825,1,1,5,0.42645457969393247
70829,1,1,7,84.75077355375515
70839,1,1,8,773.8973652678296
70840,1,1,6,735.7497359250209
70851,1,1,6,373.9166025218268
70856,1,1,8,690.1587822827352
70874,1,1,9,247.8884115376333
70882,1,1,9,295.22707032592024
70892,1,1,4,0.42645458358136
70905,1,1,10,267.0599900254742
70906,1,1,2,277.8421546335051
70908,1,1,9,619.915032613298
70910,1,1,9,304.71704521483514
70912,1,1,10,723.2047857841162
70929,1,1,8,893.7877520740014
70931,1,1,9,514.5382585634857
70939,1,1,9,867.2626101184667
70947,1,1,10,199.0995562974634
70950,1,1,3,46.110600807490705
70953,1,1,8,474.0706438869566
70955,1,1,6,379.0168874553052
70956,1,1,10,412.09463372106245
70958,1,1,4,0.42645458358136
70967,1,1,9,815.356207328345
70980,1,1,7,165.93414794573894
70992,1,1,1,518.1395029446087
70996,1,1,6,541.3129301543833
70997,1,1,6,729.1502212872662
71004,1,1,1,223.75805342105687
71007,1,1,2,398.882531667573
71008,1,1,6,442.20178304094344
71047,1,1,5,0.42645457969393247
71050,1,1,6,787.6935244346238
71054,1,1,2,74.7343000133509
71071,1,1,1,529.9522101285322
71080,1,1,8,894.249033318839
71084,1,1,8,773.538598628081
71092,1,1,9,276.75690608495177
71096,1,1,8,194.31647538431378
71108,1,1,4,0.42645458358136
71130,1,1,7,121.50636954945338
71132,1,1,5,0.42645457969393247
71139,1,1,4,0.42645458358136
71142,1,1,8,523.2398489633475
71150,1,1,2,190.72350058221684
71164,1,1,4,0.42645458358136
71166,1,1,6,574.4115210710397
71174,1,1,9,366.25239377478994
71186,1,1,5,0.42645457969393247
71190,1,1,8,636.694740713764
71216,1,1,10,456.34312144954396
71218,1,1,10,389.0201356655626
71246,1,1,10,718.353386241138
71249,1,1,9,659.9371083217865
71258,1,1,6,262.05255246768735
71274,1,1,2,422.1378298094941
71276,1,1,1,407.765518949055
71277,1,1,4,0.42645458358136
71280,1,1,9,797.4233897848044
71304,1,1,5,0.42645457969393247
71305,1,1,10,378.30075274809565
71316,1,1,8,798.2633507136972
71322,1,1,6,195.63540437752727
71329,1,1,5,0.42645457969393247
71333,1,1,8,905.5051848301597
71339,1,1,5,0.42645457969393247
71354,1,1,3,92.43432092508334
71360,1,1,1,676.1440478222673
71362,1,1,9,166.49106704426254
71363,1,1,9,821.9844326734683
71364,1,1,6,624.8821280954082
71365,1,1,10,457.3680420036716
71367,1,1,8,268.8494061436807
71369,1,1,10,384.366224228055
71387,1,1,6,716.049028551684
71432,1,1,8,630.0711255481289
71434,1,1,6,493.9958475453338
71455,1,1,9,782.4214021763878
71480,1,1,5,0.42645457969393247
71487,1,1,8,914.2828554446827
71494,1,1,3,82.51950300610882
71511,1,1,9,248.2760583337054
71522,1,1,9,450.8799036758624
71527,1,1,7,160.21536422493966
71568,1,1,10,219.74820591750318
71571,1,1,9,830.9782081576258
71577,1,1,5,0.42645457969393247
71578,1,1,9,21.557288253396013
71581,1,1,6,668.7050423543537
71584,1,1,8,793.9460234319432
71585,1,1,4,0.42645458358136
71608,0,1,0,0.24626239851697393
71616,1,1,1,726.6509258142163
71622,1,1,9,508.6865845561011
71639,1,1,1,438.512142152691
71643,1,1,4,0.42645458358136
71651,1,1,9,622.6700794246448
71658,1,1,9,633.8921341734313
71666,1,1,8,780.9389968069701
71685,1,1,9,881.6988882969689
71688,1,1,8,680.7657007548618
71700,1,1,6,477.11068112133967
71727,1,1,5,0.42645457969393247
71745,1,1,5,0.42645457969393247
71760,1,1,4,0.42645458358136
71762,1,1,8,458.8588542223936
71765,1,1,1,318.2333021891678
71772,1,1,5,0.42645457969393247
71778,1,1,4,0.42645458358136
71824,1,1,1,707.2662728542974
71826,1,1,5,0.42645457969393247
71828,1,1,6,543.1202727469915
71842,1,1,4,0.42645458358136
71846,1,1,6,507.1798750427733
71860,1,1,8,523.4998317871257
71862,1,1,8,196.52369701444667
71870,1,1,3,33.86959303404739
71875,1,1,10,619.8722204798723
71888,1,1,8,886.2292267654111
71895,1,1,5,0.42645457969393247
71897,1,1,5,0.42645457969393247
71903,1,1,6,628.9263712566282
71917,1,1,5,0.42645457969393247
71966,1,1,9,314.7209563484208
71972,1,1,3,93.86593873376025
71973,1,1,8,625.5347807055543
71977,1,1,3,91.99958536071838
71983,1,1,7,117.88035397179493
71985,1,1,8,564.4635958025488
71994,1,1,10,703.1027613090126
71995,1,1,9,761.4705460750673
72000,1,1,4,0.42645458358136
72012,0,1,0,0.2439024375675326
72020,1,1,7,167.34582181562496
72021,1,1,4,0.42645458358136
72027,1,1,9,858.5146059569787
72030,1,1,4,0.42645458358136
72035,1,1,8,626.8601548269837
72036,1,1,9,833.2877884932334
72055,1,1,4,0.42645458358136
72056,1,1,4,0.42645458358136
72059,1,1,8,749.466746653035
72064,1,1,10,683.3112649170101
72090,1,1,3,68.96272112381203
72097,1,1,3,91.31778686597188
72100,1,1,9,876.474331555395
72122,1,1,8,303.9520476985165
72171,1,1,8,299.67151301270144
72172,1,1,5,0.42645456789925423
72181,1,1,6,778.9118794379865
72182,0,1,0,0.1280140290846776
72193,1,1,9,607.8644083895177
72207,1,1,9,458.9114562270553
72208,1,1,5,0.42645457969393247
72209,1,1,10,193.8857019418641
72226,1,1,5,0.42645457969393247
72230,1,1,4,0.42645458358136
72248,1,1,1,653.6974725819055
72258,1,1,7,163.23790557766307
72259,1,1,8,758.0964854481381
72284,1,1,6,339.94253969963967
72293,1,1,1,605.3669952171849
72319,1,1,4,0.42645458358136
72327,1,1,6,714.2566821594223
72329,1,1,1,718.0621550150341
72348,1,1,4,0.42645458358136
72373,1,1,8,512.613851054918
72385,1,1,9,853.1911607703342
72388,1,1,4,0.42645458358136
72404,1,1,10,722.5587923654807
72407,1,1,6,660.1215520217963
72418,1,1,9,874.660847016118
72425,1,1,6,605.5088039149956
72443,1,1,6,769.8353835540639
72449,1,1,1,639.1505975077228
72462,1,1,1,425.87620865965386
72500,1,1,7,172.98598912661652
72508,1,1,1,470.18097959940076
72509,1,1,8,378.5639485007776
72515,1,1,9,565.8923950410347
72516,1,1,10,288.9582760966447
72522,1,1,6,448.58930414774585
72538,1,1,7,144.96283948928996
72542,1,1,5,0.42645457969393247
72575,1,1,9,405.0224157746324
72590,1,1,4,0.42645458358136
72595,1,1,4,0.42645458358136
72599,1,1,9,362.25385260750215
72612,1,1,8,267.28765241372537
72619,1,1,8,782.1069985750777
72629,1,1,9,582.8435637205132
72638,1,1,4,0.42645458358136
72648,1,1,2,471.4564512785479
72653,1,1,4,0.42645458358136
72657,1,1,9,338.48572351634607
72692,1,1,8,812.8547265133235
72721,1,1,9,829.0278040273997
72733,1,1,6,673.0130634839015
72741,1,1,9,762.7139947156477
72744,1,1,5,0.42645457969393247
72756,1,1,8,732.1767626761745
72758,1,1,9,744.1816688139995
72762,1,1,6,787.7764302002705
72770,1,1,10,155.2531151139795
72773,1,1,9,84.69794218069471
72787,1,1,6,529.8361877661027
72791,1,1,9,739.8266223269871
72793,1,1,9,758.0224743369738
72796,1,1,4,0.42645458358136
72799,1,1,5,0.42645457969393247
72813,1,1,8,923.7743267029815
72824,1,1,5,0.42645456789925423
72835,1,1,4,0.4264545919581291
72837,1,1,8,617.9746556597412
72842,1,1,5,0.42645457969393247
72847,1,1,6,547.0355786443334
72848,1,1,8,395.4614298420248
72853,1,1,9,51.19424117487917
72855,1,1,8,152.87046279531293
72865,1,1,7,148.27167766229044
72909,1,1,6,379.35194240560804
72912,1,1,9,144.66800667409592
72916,1,1,6,797.6884094000028
72925,1,1,4,0.42645458358136
72927,1,1,1,682.6581376747945
72947,1,1,3,42.902972509584544
72948,1,1,4,0.42645458358136
72951,1,1,8,669.0147760202047
72954,1,1,6,755.5070617251511
72980,1,1,10,285.81740495895855
72981,1,1,9,330.3839423663759
73007,1,1,1,610.3470940972849
73015,1,1,9,739.3706766526172
73026,1,1,2,215.97635410207326
73055,1,1,8,306.50624144586874
73057,1,1,9,486.149484822778
73072,1,1,9,707.8188442330534
73083,1,1,2,338.39622621811407
73084,1,1,5,0.42645457969393247
73085,1,1,4,0.42645457969393247
73086,1,1,8,733.6146121230465
73087,1,1,10,340.89106422538634
73091,1,1,7,164.18539660517882
73138,1,1,8,387.34154053037935
73143,1,1,3,45.88345145684032
73147,1,1,5,0.42645457969393247
73167,1,1,9,226.4202705068129
73171,1,1,1,746.149111667177
73177,1,1,6,509.766087282166
73178,1,1,6,504.40541167316456
73182,1,1,1,201.24914340771525
73199,1,1,9,763.1401981807853
73203,1,1,9,812.9834192348158
73205,1,1,6,186.04140649312626
73206,1,1,5,0.42645457969393247
73215,1,1,5,0.42645457969393247
73218,1,1,10,342.87894696136914
73228,1,1,5,0.42645457969393247
73237,1,1,5,0.42645457969393247
73250,1,1,2,212.3458893972493
73260,1,1,9,583.9702079000514
73313,1,1,6,464.3696479342816
73317,1,1,2,379.46905159843817
73327,1,1,8,443.8166048766671
73335,1,1,5,0.42645457969393247
73354,1,1,2,358.9785756082865
73370,1,1,4,0.42645458358136
73371,1,1,5,0.42645457969393247
73402,1,1,8,466.8960244194396
73404,1,1,8,619.483112429998
73413,1,1,10,722.833825836275
73420,1,1,7,47.75597748777717
73422,1,1,10,653.2259743006312
73424,1,1,5,0.42645457969393247
73438,1,1,5,0.42645457969393247
73441,1,1,1,461.99570591184926
73459,1,1,7,164.65089803480504
73477,1,1,9,810.6046673734286
73492,1,1,10,641.5868806825978
73494,1,1,5,0.42645457969393247
73498,1,1,5,0.42645457969393247
73522,1,1,1,625.7826440796707
73533,1,1,6,503.01790063041864
73559,1,1,9,799.5745421879311
73564,1,1,9,401.34192617082
73567,1,1,7,96.92659785796522
73580,1,1,9,168.54182259884854
73583,1,1,8,760.9843078020825
73587,1,1,3,90.52657609464227
73591,1,1,7,168.7776009302214
73612,1,1,5,0.42645457969393247
73647,1,1,8,781.0926241583974
73657,1,1,5,0.42645457969393247
73671,1,1,10,677.2083958516256
73686,1,1,9,870.6731044777298
73709,1,1,7,166.74884176671299
73711,1,1,1,663.3107761873531
73725,1,1,10,698.1831529157446
73739,1,1,9,482.27007218536477
73748,1,1,3,34.071637902402685
73753,1,1,9,831.3968746870253
73757,1,1,1,747.2602271007623
73775,1,1,9,803.7986336616763
73780,1,1,9,514.4609744959465
73782,1,1,8,873.6930233960558
73785,1,1,9,446.9345298511442
73791,1,1,9,752.2251702013522
73801,1,1,10,659.4612638124181
73821,1,1,8,547.9999968982592
73822,1,1,9,620.691370515135
73823,1,1,9,837.2908203520332
73852,1,1,4,0.42645458358136
73855,1,1,9,740.4670983930789
73856,1,1,10,215.54561729326716
73865,1,1,9,739.1825831025982
73871,1,1,5,0.42645457969393247
73880,1,1,3,88.54725996242436
73901,1,1,5,0.42645457969393247
73909,1,1,4,0.42645458358136
73916,1,1,10,534.3873219609658
73920,1,1,9,815.5102059746391
73923,1,1,2,165.82404336917097
73926,1,1,5,0.42645457969393247
73933,1,1,8,644.2698868990951
73952,1,1,5,0.42645457969393247
73953,1,1,3,82.42408839867915
73980,1,1,8,473.5991073047147
73998,1,1,9,558.0112625364742
74001,1,1,4,0.42645458358136
74011,1,1,5,0.42645457969393247
74014,1,1,9,702.2607828644465
74035,1,1,8,394.4840664909143
74041,1,1,8,841.6632017117652
74055,1,1,4,0.42645458358136
74057,1,1,9,468.85929109200816
74063,1,1,8,331.8720119979799
74074,1,1,1,669.1510949610638
74076,1,1,10,184.78403794798598
74077,1,1,1,492.0393676987285
74085,1,1,9,192.04141366391875
74087,1,1,4,0.4264545919581291
74093,1,1,4,0.42645458358136
74120,1,1,8,388.84953949024185
74123,1,1,9,786.0214273436115
74135,1,1,4,0.42645458358136
74143,1,1,9,717.4372475751305
74159,1,1,5,0.42645457969393247
74175,1,1,5,0.42645457969393247
74182,1,1,10,567.4504888859389
74189,1,1,10,561.1001197864591
74214,1,1,10,401.87098605729676
74221,1,1,6,458.71052442460035
74239,1,1,10,649.9812514613038
74261,1,1,10,367.0720876371882
74262,1,1,7,61.74121379256295
74271,1,1,5,0.42645457969393247
74294,1,1,6,780.5611855145357
74301,1,1,5,0.42645457969393247
74303,1,1,4,0.42645458358136
74312,1,1,1,763.4350411000123
74320,1,1,1,551.3059259043653
74322,1,1,6,796.811202885572
74335,1,1,3,71.4316914048215
74344,1,1,1,161.73412802055236
74346,1,1,7,69.40143655323766
74357,1,1,6,689.3546345835965
74360,1,1,1,722.1928041480151
74371,1,1,9,831.4982740691663
74383,1,1,3,93.65607738082447
74395,1,1,7,68.82031203585974
74401,1,1,6,181.94265371350355
74425,1,1,4,0.4264545919581291
74434,1,1,6,620.5286277088337
74435,1,1,2,425.198346783959
74439,1,1,7,66.83489983078681
74440,1,1,9,325.3651165579357
74443,1,1,8,200.75005736538643
74454,1,1,6,804.335929585403
74459,1,1,5,0.42645457969393247
74473,1,1,8,211.6979468172941
74490,1,1,8,503.25195833814263
74498,1,1,9,33.79634720252912
74504,1,1,5,0.42645457969393247
74506,1,1,9,872.0747790012754
74520,1,1,6,517.35583174282
74526,1,1,6,513.2338242105749
74540,1,1,6,364.84520064312227
74541,1,1,9,781.0757854337514
74559,1,1,6,784.4298482800518
74592,1,1,10,651.473430128248
74593,1,1,4,0.42645458358136
74599,0,1,0,0.11066046996300116
74602,1,1,6,420.92114961713435
74633,1,1,8,927.842796755332
74635,1,1,4,0.42645458358136
74638,1,1,4,0.42645458358136
74639,1,1,6,262.14080107538695
74643,1,1,5,0.42645457969393247
74658,1,1,4,0.42645458358136
74672,1,1,1,299.10653869918974
74696,1,1,10,399.3407370555687
74697,1,1,10,718.9751375173366
74704,1,1,4,0.42645458358136
74705,1,1,8,557.5034791889838
74712,1,1,5,0.42645456789925423
74724,1,1,6,554.2625281454931
74746,1,1,8,697.5541206217833
74748,1,1,5,0.42645457969393247
74769,1,1,5,0.42645457969393247
74774,1,1,6,165.46575741459338
74781,1,1,1,656.2874531674938
74792,1,1,5,0.42645457969393247
74795,1,1,10,490.9110588801319
74804,1,1,9,385.2326201258643
74805,1,1,9,558.8219149425323
74836,1,1,4,0.42645458358136
74844,1,1,9,874.8140387713721
74852,1,1,9,876.6992780313415
74860,1,1,5,0.42645457969393247
74863,1,1,10,460.1482266955666
74879,1,1,5,0.42645457969393247
74881,1,1,8,609.9724756797501
74890,1,1,4,0.42645458358136
74896,1,1,5,0.42645457969393247
74917,1,1,10,721.9336950317842
74938,1,1,4,0.42645458358136
74942,1,1,8,317.9333848376473
74947,1,1,8,211.62526659213196
74957,1,1,5,0.42645457969393247
74958,1,1,3,91.06094602601017
74982,1,1,9,875.2601032511618
74984,1,1,4,0.42645458358136
74997,1,1,1,278.76789283013323
74999,1,1,9,551.0012804133786
75007,1,1,4,0.42645458358136
75011,1,1,9,362.22178772246866
75054,1,1,6,731.1936782157724
75059,1,1,4,0.42645458358136
75061,1,1,5,0.42645457969393247
75069,0,1,0,0.10893298617877178
75070,1,1,6,420.8596856201495
75074,1,1,2,389.36066167171896
75083,1,1,5,0.42645457969393247
75085,1,1,9,347.50282773602993
75089,1,1,8,543.8285742361769
75118,1,1,6,781.2160548127277
75125,1,1,7,91.39868638964646
75131,1,1,9,591.4511257644059
75135,1,1,6,752.1886988486655
75145,1,1,10,537.2562003110709
75164,1,1,6,614.8105710511097
75197,1,1,9,875.2739057516441
75224,1,1,6,773.5464832353466
75232,1,1,8,754.2747807618963
75290,1,1,3,88.78457490603661
75291,1,1,5,0.42645457969393247
75308,1,1,9,662.7578801800961
75311,1,1,8,869.2765532560251
75322,1,1,4,0.42645458358136
75325,1,1,6,324.97563631093766
75333,1,1,4,0.42645458358136
75348,1,1,10,338.5464205292033
75349,1,1,4,0.42645458358136
75360,1,1,10,256.877278680601
75368,1,1,8,622.2572298122316
75372,1,1,10,394.82279818294427
75373,1,1,5,0.42645457969393247
75379,1,1,10,719.5104631812907
75403,0,1,0,0.165359384697897
75405,1,1,10,688.9729753405171
75426,1,1,1,463.77361379353425
75439,1,1,2,416.0778243909379
75453,1,1,1,191.13261641181037
75476,1,1,7,25.448091957461692
75478,1,1,6,361.65179229355863
75480,1,1,6,541.8215667640902
75481,1,1,8,256.79942185704397
75482,1,1,8,502.9162296012386
75502,1,1,10,634.5716364243877
75552,1,1,10,416.1955347391912
75557,1,1,7,164.04281579484686
75560,1,1,6,160.48715714323876
75578,1,1,3,75.09874249153513
75594,1,1,4,0.42645458358136
75603,1,1,6,805.9642391573284
75612,1,1,5,0.42645457969393247
75627,1,1,9,171.22107089314676
75629,1,1,6,734.2534336611701
75642,1,1,6,348.7763553526746
75654,1,1,9,411.5331309939909
75657,1,1,5,0.42645457969393247
75677,1,1,10,718.6077524468122
75700,1,1,9,788.3281504600227
75702,1,1,6,401.4438529900238
75708,1,1,4,0.42645458358136
75718,1,1,5,0.42645457969393247
75723,1,1,4,0.42645458358136
75741,1,1,6,556.2205152709562
75746,1,1,2,475.14709714555187
75750,1,1,1,232.1201825578397
75761,1,1,6,451.17762899033875
75769,1,1,4,0.42645458358136
75770,1,1,7,93.54799462105937
75772,1,1,6,744.7505447992249
75785,1,1,9,850.0716778956123
75800,1,1,9,323.4186158823846
75816,1,1,1,625.5147199387702
75826,1,1,6,282.3132689025185
75841,1,1,8,768.8780105498724
75846,1,1,8,489.00046048038615
75880,1,1,6,586.2749768458397
75884,1,1,6,491.0910795156352
75885,1,1,7,127.5302572767124
75890,1,1,1,192.1364022985882
75891,1,1,9,412.2854778278946
75892,1,1,7,123.41710036964652
75894,1,1,8,589.6966230763792
75899,1,1,9,406.4871143023496
75903,1,1,9,894.1656607908973
75905,1,1,10,720.2190393740461
75916,1,1,8,493.27754395192204
75920,1,1,6,606.1566481321482
75921,1,1,9,737.2837337321673
75923,1,1,1,468.4421984740994
75937,1,1,4,0.42645458358136
75947,1,1,6,348.53837519143775
75960,1,1,4,0.42645458358136
75973,1,1,4,0.42645458358136
75987,1,1,5,0.42645457969393247
76004,1,1,8,637.2693693215572
76022,1,1,1,604.9144868199658
76047,1,1,9,601.6551386345972
76051,1,1,4,0.4264545919581291
76060,1,1,8,388.4133826771742
76066,1,1,8,389.8674615298467
76074,1,1,10,326.3028909095755
76086,1,1,8,365.0178924246271
76092,1,1,6,199.30693054986546
76106,1,1,9,277.70025908967455
76109,1,1,9,561.6136098878435
76115,1,1,5,0.42645457969393247
76116,1,1,4,0.42645458358136
76119,1,1,6,438.00964196718047
76123,1,1,2,474.8133899233057
76134,1,1,8,388.45771391524084
76136,1,1,6,781.4238003800706
76149,1,1,9,302.9707917065396
76154,1,1,9,252.5510399343351
76179,1,1,8,940.1621168594265
76181,1,1,10,421.83126088171707
76191,1,1,9,770.9139736968693
76193,1,1,10,299.47672192814713
76205,1,1,4,0.42645458358136
76217,1,1,8,817.7539575770892
76231,1,1,6,535.0874778597771
76258,1,1,9,633.0327074389631
76293,1,1,10,721.0022038976608
76297,1,1,9,433.98854070314854
76323,1,1,10,408.1792745138381
76325,1,1,7,162.1762050164163
76368,1,1,6,794.1901708555082
76374,1,1,9,716.1461935454824
76382,1,1,5,0.42645457969393247
76387,1,1,4,0.4264545919581291
76398,1,1,6,548.0170127449423
76404,1,1,7,88.9547387681966
76411,1,1,9,565.4483021358134
76418,1,1,9,611.4021618633853
76432,1,1,6,299.3399797504272
76436,1,1,8,319.9151266689879
76439,1,1,9,777.6477813051587
76469,1,1,9,581.7436898585889
76481,1,1,4,0.42645458358136
76484,1,1,4,0.42645458358136
76496,1,1,8,389.04031607929534
76501,1,1,9,393.3196793838061
76502,1,1,8,520.7211989763293
76507,1,1,3,86.31344348191686
76508,1,1,4,0.42645458358136
76509,1,1,9,602.4814473781585
76529,1,1,10,456.0980524317552
76531,1,1,4,0.42645458358136
76541,1,1,5,0.42645457969393247
76543,1,1,6,793.3895801761889
76552,1,1,6,230.42045359920778
76575,1,1,1,305.0375495051277
76577,1,1,6,620.207810640494
76595,1,1,9,398.86469074723095
76599,1,1,8,495.36828800964594
76604,1,1,4,0.42645458358136
76623,1,1,8,249.24160425869317
76640,1,1,9,687.0215423297891
76645,1,1,5,0.42645457969393247
76647,1,1,9,759.7367898247821
76660,1,1,7,69.10057347048757
76661,1,1,5,0.42645456789925423
76679,1,1,10,560.3794749896782
76691,1,1,5,0.42645457969393247
76692,1,1,9,478.5374959926132
76697,1,1,2,471.24693145378126
76720,1,1,7,98.90478142783628
76731,1,1,8,533.2295509536706
76740,1,1,8,861.1504779357484
76761,1,1,4,0.42645458358136
76777,1,1,1,153.36347559013072
76778,1,1,6,466.6158056352803
76779,1,1,5,0.42645457969393247
76784,1,1,9,842.6359518210745
76786,1,1,5,0.42645457969393247
76793,1,1,4,0.42645458358136
76799,1,1,5,0.42645457969393247
76803,1,1,3,92.46892088114525
76812,1,1,6,681.9536337585477
76813,1,1,6,775.5410371532139
76851,1,1,5,0.42645457969393247
76856,1,1,9,824.8464550275912
76880,1,1,10,545.8690986136277
76881,1,1,6,315.7632958998667
76894,1,1,2,152.73673547042793
76908,1,1,8,391.8575132178452
76911,1,1,2,86.54833251702016
76939,1,1,5,0.42645457969393247
76966,1,1,6,543.4177449675112
76976,1,1,1,155.43534625318884
76984,1,1,9,386.23797226478433
77010,1,1,5,0.42645457969393247
77011,1,1,6,332.907566983723
77042,1,1,1,726.2825609047335
77050,1,1,7,113.63823006773647
77056,1,1,9,601.5632457447712
77067,1,1,5,0.42645457969393247
77076,1,1,6,630.7638760105478
77092,1,1,5,0.42645457969393247
77095,1,1,5,0.42645457969393247
77105,1,1,8,722.6982353224186
77108,1,1,10,376.6143723564475
77130,1,1,7,99.52897356877932
77131,1,1,1,241.99970528382377
77140,1,1,1,299.69777926265334
77162,1,1,4,0.42645458358136
77163,1,1,6,720.8991749831721
77169,0,1,0,0.13607804781744082
77176,1,1,8,296.3508331541682
77186,1,1,5,0.42645457969393247
77190,1,1,9,596.6787010534266
77198,1,1,7,120.07098978192131
77207,1,1,9,774.2348818293478
77220,1,1,6,797.4292600676214
77230,1,1,9,338.609788294046
77233,1,1,6,650.1652144164074
77236,1,1,8,612.7265526878919
77242,1,1,2,375.9501298240196
77243,1,1,8,551.6541224822321
77247,1,1,10,446.4641454543956
77268,1,1,1,607.6036232793379
77280,1,1,8,885.6362150151053
77296,1,1,5,0.42645457969393247
77307,1,1,9,610.566730707335
77312,1,1,5,0.42645457969393247
77343,1,1,7,158.18754025487752
77355,1,1,3,89.46570713313173
77366,1,1,10,238.81146268730717
77384,1,1,4,0.42645458358136
77388,1,1,6,724.0310017689983
77396,1,1,7,81.46974196423615
77431,1,1,10,417.27746189432946
77437,1,1,4,0.42645458358136
77441,1,1,6,235.0791703996104
77460,1,1,9,867.9291138487137
77479,1,1,6,766.5227838131449
77482,1,1,9,509.38117536538226
77486,1,1,8,290.6558771456946
77487,1,1,8,258.60523360230724
77494,1,1,5,0.42645457969393247
77495,1,1,8,560.0182004293031
77561,1,1,6,798.6576766742371
77578,1,1,7,133.53084697612033
77586,1,1,6,409.04035595920436
77590,1,1,7,171.13325824398453
77607,1,1,6,509.1615990974733
77616,1,1,3,69.31779072868889
77634,1,1,9,426.0150628412404
77656,1,1,4,0.42645458358136
77657,1,1,4,0.42645458358136
77658,1,1,5,0.42645457969393247
77667,1,1,5,0.42645457969393247
77683,1,1,6,656.1485406374921
77688,1,1,5,0.42645457969393247
77692,1,1,7,105.78625030615567
77701,1,1,6,625.7702928785333
77703,1,1,10,674.6466055230895
77704,1,1,1,557.5194160425348
77717,1,1,8,635.033071664998
77722,1,1,5,0.42645457969393247
77727,1,1,9,606.9120666401724
77746,1,1,4,0.42645458358136
77758,1,1,5,0.42645457969393247
77772,1,1,1,704.7271278683932
77779,1,1,6,793.4667688431854
77786,1,1,5,0.42645457969393247
77788,1,1,4,0.42645458358136
77794,1,1,10,132.94491211566353
77798,1,1,4,0.42645458358136
77802,1,1,6,809.1116889918404
77808,1,1,3,83.85496974414046
77818,1,1,4,0.42645458358136
77828,1,1,3,92.62104647256918
77855,1,1,10,136.59034690852425
77857,1,1,9,234.59304072849062
77863,1,1,6,783.5858999857436
77870,1,1,9,810.3737868480291
77871,1,1,4,0.42645458358136
77883,1,1,6,757.8768588892658
77888,1,1,5,0.42645457969393247
77899,1,1,6,292.2049535702383
77911,1,1,4,0.42645458358136
77917,1,1,6,649.9784169014339
77944,1,1,9,821.9610724297293
77972,1,1,4,0.42645458358136
77987,1,1,6,748.8996484515429
77992,1,1,10,400.51941352538785
78002,1,1,10,294.455775196312
78009,1,1,5,0.42645457969393247
78025,1,1,6,642.0387262817361
78026,1,1,1,263.48388525894154
78031,1,1,9,844.6241298213704
78034,1,1,10,263.7225453546041
78043,1,1,6,180.84926415459458
78050,1,1,7,22.435514578466556
78056,1,1,7,74.74330642613509
78069,1,1,10,291.61831821370515
78070,1,1,8,910.9982865855251
78078,1,1,6,568.677918122811
78084,1,1,1,428.9423302829868
78103,1,1,8,721.6836918870854
78130,1,1,6,672.0166308848217
78140,1,1,4,0.42645458358136
78147,1,1,6,554.1449351505141
78165,1,1,6,626.2379006127815
78185,1,1,8,123.34693462142644
78203,1,1,6,386.18165237953525
78207,1,1,3,83.7907774104938
78222,1,1,6,491.5359984078049
78234,1,1,5,0.42645457969393247
78248,1,1,2,268.07610583527304
78249,1,1,7,110.69727933061849
78271,1,1,6,326.2523249237072
78276,1,1,4,0.42645458358136
78285,1,1,3,89.36755078127082
78301,1,1,4,0.42645458358136
78307,1,1,5,0.42645457969393247
78312,1,1,9,815.2826309400075
78315,1,1,8,586.103226281751
78320,1,1,9,757.9310792041234
78326,1,1,8,684.3976881216774
78328,1,1,10,203.91388299894675
78340,1,1,6,620.2107509645106
78341,1,1,9,744.2001751405908
78383,1,1,6,244.2087298148451
78397,1,1,9,471.4665173177843
78421,1,1,10,437.838143579769
78430,1,1,5,0.42645457969393247
78442,1,1,8,503.2061338331829
78454,1,1,8,724.9866239382569
78475,1,1,6,372.3534359166805
78487,1,1,8,767.9218557671287
78498,1,1,7,103.2563934289881
78503,1,1,9,709.376842400988
78523,1,1,6,651.7956223698548
78526,1,1,9,378.353403356175
78530,1,1,8,278.40752602862915
78536,1,1,6,784.1443424428667
78539,1,1,4,0.42645458358136
78543,1,1,4,0.42645458358136
78545,1,1,4,0.42645458358136
78553,1,1,9,569.3461810138834
78561,1,1,8,540.1788932749851
78567,1,1,6,586.9303514403682
78568,1,1,1,229.86322283622502
78592,1,1,8,835.2148320199356
78594,1,1,8,411.71820075854987
78602,1,1,4,0.42645458358136
78604,1,1,6,787.4134898718578
78611,1,1,4,0.42645458358136
78614,1,1,8,449.6140096584232
78615,1,1,4,0.42645458358136
78632,1,1,6,542.8836736129327
78644,1,1,7,120.09358211397122
78647,1,1,4,0.4264545919581291
78660,1,1,8,585.5744849996423
78674,1,1,9,525.7329330013375
78688,1,1,5,0.42645457969393247
78691,1,1,8,793.6527729114747
78696,1,1,5,0.42645457969393247
78724,1,1,9,556.451845112565
78764,1,1,8,402.34445014442525
78775,1,1,10,624.9865418477798
78783,1,1,6,597.6441617801294
78785,1,1,9,643.7322406035381
78802,1,1,5,0.42645457969393247
78813,1,1,7,57.12673763045814
78827,1,1,10,128.99264751424838
78830,1,1,8,644.6583459316809
78837,1,1,8,337.4576693276796
78844,1,1,5,0.42645457969393247
78862,1,1,6,588.6681138990867
78866,1,1,9,209.41822467923137
78886,1,1,4,0.42645458358136
78887,1,1,6,205.30272318870703
78939,1,1,9,440.670929195542
78943,1,1,7,93.37782898463932
78957,1,1,6,606.6653257158407
78962,1,1,5,0.42645457969393247
78978,0,1,0,0.13941718077134496
78987,1,1,2,366.1395314911786
79001,1,1,1,671.6997563877133
79049,1,1,10,639.5014626879145
79050,1,1,4,0.42645458358136
79067,1,1,7,143.98297048848696
79077,1,1,6,1.1252112251705746
79078,1,1,9,441.19447179411674
79099,1,1,8,900.0389547738166
79102,1,1,10,195.32283869091242
79104,0,1,0,0.14160410535213908
79109,1,1,9,700.3935674124249
79123,1,1,10,170.8655305709208
79193,1,1,6,383.7945241928949
79197,1,1,2,338.62531247908237
79198,1,1,9,327.91823762826033
79211,1,1,3,94.04236648562619
79215,1,1,8,591.7393264432599
79216,1,1,9,585.7240693211646
79236,1,1,5,0.42645457969393247
79237,1,1,8,607.3651333884584
79240,1,1,1,640.2313226865332
79254,1,1,5,0.42645457969393247
79255,1,1,4,0.42645458358136
79264,1,1,10,722.5100010117928
79268,1,1,5,0.42645457969393247
79269,1,1,8,654.552322404334
79272,1,1,1,674.3732127755449
79291,1,1,7,165.94497298077204
79298,1,1,10,460.3287047917794
79302,1,1,8,555.7352576793395
79314,1,1,9,634.9217957819475
79327,1,1,6,592.1512772624662
79332,1,1,4,0.42645458358136
79340,1,1,4,0.42645458358136
79354,1,1,8,224.94976337114838
79355,1,1,8,554.2367313008391
79356,1,1,1,640.5288411894385
79376,1,1,5,0.42645456789925423
79385,1,1,6,334.26714473746046
79388,1,1,9,344.23913745616437
79390,1,1,10,557.8707205401989
79422,1,1,5,0.42645457969393247
79423,1,1,10,129.76799597606967
79433,1,1,9,495.5749147241048
79463,1,1,8,923.4062053492429
79473,1,1,2,365.20630453608896
79475,1,1,7,138.26790122615117
79496,1,1,6,518.3766358363472
79500,1,1,8,900.5560283806986
79506,1,1,7,101.87591842674776
79508,1,1,7,13.181844549492663
79520,1,1,4,0.42645458358136
79535,1,1,6,618.1962678957043
79542,1,1,4,0.42645458358136
79571,1,1,3,41.05350659436751
79572,1,1,5,0.42645457969393247
79576,1,1,7,59.831744913409025
79577,1,1,6,180.13979507904847
79595,1,1,8,141.22365935171285
79620,1,1,1,324.2416064749378
79641,1,1,10,402.39313110567787
79664,1,1,7,68.9889091904811
79667,1,1,10,172.0106212983255
79673,1,1,10,220.22845190167658
79675,1,1,8,887.9733168909667
79678,1,1,4,0.42645458358136
79683,1,1,8,235.29047632473282
79685,1,1,4,0.42645458358136
79695,1,1,9,449.3372284215115
79698,1,1,8,522.6821383015175
79709,1,1,5,0.42645456789925423
79716,1,1,6,276.39166691604146
79723,1,1,5,0.42645457969393247
79728,1,1,10,183.99957375639974
79742,1,1,9,610.6329365539683
79750,1,1,6,782.8908550709388
79753,1,1,9,616.094638936435
79763,1,1,5,0.42645457969393247
79774,1,1,6,629.6069482917987
79788,1,1,6,721.9051146228339
79792,1,1,9,602.1639978929311
79809,1,1,10,329.7396424100665
79841,1,1,5,0.42645457969393247
79850,1,1,6,523.6107239143385
79869,1,1,1,479.1897355686937
79872,1,1,9,284.14772076816
79877,1,1,6,248.35537809043237
79884,1,1,6,738.3864755926436
79929,1,1,9,759.4374754091197
79935,1,1,9,795.0295754372214
79945,1,1,5,0.42645457969393247
79951,1,1,8,657.9594191362281
79954,1,1,3,83.39903893405766
79965,1,1,6,632.2557349218985
79966,1,1,8,430.6286235394178
79968,1,1,6,638.697925586309
79976,1,1,10,632.7482425772071
79989,1,1,6,253.97586309325607
79999,1,1,5,0.42645457969393247
80023,1,1,8,492.0119701534685
80029,1,1,8,911.675151230646
80043,1,1,1,522.1956382984215
80055,1,1,9,577.4805797649599
80069,1,1,7,160.51189247072367
80089,1,1,10,301.30296750566947
80098,1,1,6,791.2976221004668
80101,1,1,5,0.42645457969393247
80117,1,1,4,0.42645458358136
80149,1,1,6,235.53566268532563
80161,1,1,6,672.3155701422218
80187,1,1,9,378.7354665725325
80188,1,1,6,444.6384507354535
80193,1,1,4,0.42645458358136
80203,1,1,4,0.42645458358136
80205,1,1,5,0.42645457969393247
80208,1,1,6,642.2253433845931
80217,1,1,5,0.42645457969393247
80242,1,1,8,534.9698935652146
80269,1,1,9,494.5859885102136
80272,1,1,4,0.42645458358136
80283,1,1,4,0.42645458358136
80284,1,1,10,435.6963873789164
80293,1,1,1,762.9900649605227
80303,1,1,4,0.42645458358136
80307,1,1,7,168.1574278107814
80316,1,1,8,439.431944579263
80317,1,1,9,237.64581089641456
80335,1,1,9,848.5205182108331
80337,1,1,6,731.8670340698014
80338,1,1,10,441.88629948323126
80340,1,1,9,59.253981261721194
80348,1,1,1,763.779871342492
80353,1,1,8,886.7319635795384
80358,1,1,6,744.653340799603
80365,1,1,8,782.1342263879186
80378,1,1,6,186.9916763360091
80396,1,1,10,720.7997265776379
80413,1,1,5,0.42645457969393247
80422,1,1,3,92.6442912038039
80439,1,1,9,552.2893201391673
80468,1,1,9,235.9114375704555
80469,1,1,9,830.8242725994292
80470,1,1,10,699.1433881120151
80475,1,1,6,466.91391758865785
80479,1,1,1,448.9566775672795
80502,1,1,10,651.4407888860701
80504,1,1,4,0.42645458358136
80506,1,1,1,444.422711204597
80514,1,1,4,0.42645458358136
80515,1,1,10,181.4658623582655
80516,1,1,10,651.4644588823141
80546,1,1,4,0.42645458358136
80549,1,1,5,0.42645457969393247
80550,1,1,5,0.42645457969393247
80553,1,1,6,789.8193549112973
80563,1,1,10,194.8708511695754
80564,1,1,6,510.28797503465796
80565,1,1,5,0.42645457969393247
80573,1,1,5,0.42645457969393247
80574,1,1,7,171.74220175938942
80579,1,1,6,518.5088471515377
80587,1,1,4,0.42645458358136
80590,1,1,4,0.42645458358136
80592,1,1,7,61.91638866122778
80616,1,1,8,382.03638116057857
80618,1,1,9,512.4855267594951
80621,1,1,5,0.42645456789925423
80624,1,1,8,797.1837984474512
80629,1,1,6,659.5010548704186
80665,1,1,5,0.42645457969393247
80688,1,1,4,0.42645458358136
80696,1,1,8,811.3045170397573
80701,1,1,6,535.3771303846885
80737,1,1,10,143.88989961837305
80742,1,1,9,658.8773910211623
80746,1,1,5,0.42645457969393247
80762,1,1,7,13.646576743143259
80764,1,1,6,786.0675118704946
80791,1,1,4,0.42645458358136
80804,1,1,1,438.0038613068181
80833,1,1,9,881.3041164315019
80871,1,1,4,0.42645458358136
80873,1,1,8,735.9682737995365
80874,1,1,5,0.42645457969393247
80879,1,1,6,542.3170147094454
80895,1,1,10,458.1186445076292
80910,1,1,5,0.42645457969393247
80919,1,1,2,147.2322847488648
80920,1,1,1,388.9632506529631
80928,1,1,1,603.700846346736
80931,1,1,2,481.45037715836924
80932,1,1,7,65.09290227839517
80955,1,1,8,834.3189801541555
80958,1,1,1,344.6105239219727
80973,1,1,8,681.6988913107605
80977,1,1,3,79.5012417550287
80984,1,1,1,706.0745982800134
80987,1,1,2,290.83209466621946
81001,1,1,5,0.42645456789925423
81004,1,1,6,555.9094706799559
81010,1,1,6,648.6442958032309
81011,1,1,9,643.0954893566911
81041,1,1,6,561.7709770383211
81044,1,1,8,502.8677462739858
81045,1,1,6,483.8512686973342
81055,1,1,1,354.85474919745525
81078,1,1,7,16.1288965859569
81079,1,1,7,77.33740169722925
81083,1,1,9,837.5718208186177
81085,1,1,4,0.42645458358136
81100,1,1,9,844.8280946361164
81109,1,1,4,0.42645458358136
81133,1,1,9,543.7440368121441
81137,1,1,1,506.3802016207421
81139,1,1,4,0.42645458358136
81151,1,1,1,350.76946172330935
81159,1,1,8,810.891479510266
81162,1,1,4,0.42645458358136
81165,1,1,6,437.6239274114728
81169,1,1,8,457.94570584088297
81171,1,1,7,128.09229059386976
81175,1,1,6,790.2673048616341
81186,0,1,0,0.12783326897694652
81187,1,1,8,456.6534174393762
81208,1,1,5,0.42645457969393247
81219,1,1,1,686.3108395434587
81225,1,1,6,785.6816204164946
81229,1,1,5,0.42645457969393247
81232,1,1,1,728.1186968847544
81235,1,1,9,853.576163719659
81259,1,1,10,556.4635576815278
81285,1,1,7,55.656653478851645
81302,1,1,10,391.2824529706591
81309,1,1,5,0.42645457969393247
81328,1,1,8,424.72216903272306
81346,1,1,9,778.8948351383615
81391,1,1,6,693.3852908239863
81409,1,1,1,364.3795069690525
81414,1,1,6,574.8344724854976
81437,1,1,4,0.42645458358136
81440,1,1,6,534.7311598332261
81441,1,1,7,98.49795923981502
81444,1,1,8,782.0951618142941
81461,1,1,5,0.42645457969393247
81464,1,1,8,340.2242596818324
81477,1,1,9,820.7969120889319
81494,1,1,1,714.6853447369926
81515,1,1,9,876.9342493325737
81517,1,1,6,167.56626136384963
81521,1,1,2,379.58291737330524
81522,1,1,9,702.3059247726766
81526,1,1,10,561.3355227080699
81533,1,1,5,0.42645457969393247
81539,1,1,10,142.44958755279617
81540,1,1,8,253.22682993647322
81562,1,1,5,0.42645457969393247
81567,1,1,4,0.42645458358136
81568,1,1,8,752.8344560761224
81573,1,1,6,609.6820972093572
81577,1,1,10,354.80287615716657
81582,1,1,2,290.68994498195747
81586,1,1,4,0.4264545919581291
81591,1,1,8,535.5276821860085
81605,1,1,6,642.8830839476891
81620,1,1,9,462.4954144745556
81625,1,1,7,165.57118905846804
81645,1,1,8,777.9636854001366
81662,1,1,9,869.6375193278678
81663,1,1,5,0.42645457969393247
81672,1,1,10,263.123683735403
81674,1,1,4,0.42645458358136
81675,0,1,0,0.0593450747526243
81681,1,1,5,0.42645457969393247
81700,1,1,10,406.65630583470056
81703,1,1,5,0.42645457969393247
81704,1,1,6,554.7971846284777
81747,1,1,6,772.4730270854726
81755,1,1,6,382.514457234415
81759,1,1,3,64.935630291425
81773,1,1,7,70.60408387156237
81782,1,1,4,0.42645458358136
81785,1,1,6,468.2455601863834
81792,1,1,1,634.6362189990974
81807,1,1,4,0.42645458358136
81810,1,1,9,464.50201703408896
81817,1,1,8,772.1971987778734
81818,1,1,10,409.0098853847066
81826,1,1,9,767.9797609751073
81834,1,1,4,0.42645458358136
81836,1,1,10,637.011528569578
81838,1,1,9,844.4553606892289
81842,1,1,6,591.9265392044051
81857,1,1,9,572.3927520652348
81858,1,1,5,0.42645456789925423
81865,1,1,9,724.5165563975463
81876,1,1,8,582.7694756877665
81887,1,1,9,78.60108040536919
81889,1,1,7,85.56978451459851
81901,1,1,6,751.3187629675384
81905,1,1,3,91.77966494353694
81909,1,1,6,672.272217773163
81915,1,1,10,572.4260284167792
81917,1,1,1,698.0472718737069
81922,1,1,7,72.95821235647867
81926,1,1,8,603.8873649779302
81941,1,1,2,416.6788770598352
81948,1,1,4,0.42645458358136
81950,1,1,8,852.9400981027627
81952,1,1,2,330.06825815287567
81958,1,1,6,541.7551913757928
81959,1,1,1,299.8703051217798
81963,1,1,8,698.2550655556156
81976,1,1,10,720.212422612077
81981,1,1,10,619.54951974248
81985,1,1,2,395.5232178147954
82004,1,1,8,247.40860231811234
82017,1,1,1,410.2220532135522
82049,0,1,0,0.11310298217997033
82061,1,1,9,590.5398628016155
82066,1,1,1,625.7029119240483
82071,1,1,2,424.0295855983063
82075,1,1,6,466.98276154702296
82103,1,1,10,614.1988863379918
82106,1,1,2,384.43039151983436
82110,1,1,2,426.2051965510862
82130,1,1,5,0.42645456789925423
82138,1,1,1,286.06612155708143
82140,1,1,6,545.5086181322841
82147,1,1,8,218.36899926600535
82149,1,1,9,462.45991435789495
82158,1,1,8,885.3046655300245
82164,1,1,9,865.7558395245396
82183,1,1,8,481.472068289565
82193,1,1,5,0.42645457969393247
82198,1,1,5,0.42645457969393247
82202,1,1,10,437.68196546520164
82205,1,1,6,665.6073207046384
82232,1,1,7,46.16059402338022
82237,1,1,10,136.8527554049089
82243,1,1,7,124.53381183324305
82270,1,1,6,617.9695089549135
82276,1,1,3,83.53945802320654
82279,1,1,9,418.6659176859081
82284,1,1,1,560.1224575087808
82291,1,1,5,0.42645457969393247
82292,1,1,8,700.6856737722446
82360,1,1,4,0.42645458358136
82368,1,1,2,331.7300329950793
82376,1,1,5,0.42645457969393247
82390,1,1,6,758.1661412100001
82391,1,1,2,284.587147391709
82399,1,1,7,155.3035381032718
82404,1,1,5,0.42645457969393247
82408,1,1,8,719.1657551847785
82432,1,1,8,591.8335189989039
82435,1,1,9,110.19950699185259
82442,1,1,8,838.6032080028951
82459,1,1,9,381.0026896256692
82471,1,1,1,212.051958673583
82472,1,1,8,920.4017821739325
82497,1,1,9,829.1246164130912
82530,1,1,6,774.2684895742185
82532,1,1,4,0.42645458358136
82542,1,1,6,466.0056300972236
82553,1,1,5,0.42645457969393247
82566,1,1,5,0.42645457969393247
82570,1,1,6,811.7653378730831
82575,1,1,9,285.1538083450348
82578,1,1,6,608.035791194902
82596,1,1,6,460.44627102169767
82601,1,1,8,678.4033311706713
82602,1,1,9,365.5103965856587
82603,1,1,6,770.4401772852179
82613,1,1,9,863.4122579686883
82616,1,1,9,311.7405100777784
82621,1,1,10,626.3396888472118
82624,1,1,9,740.2585916421388
82638,1,1,6,647.8400327294532
82642,1,1,1,671.843938363352
82651,1,1,9,557.7496398998431
82657,1,1,7,103.50773270485426
82662,1,1,6,556.8133265240449
82696,1,1,9,153.00964451441016
82707,1,1,10,313.1952924535035
82717,1,1,8,151.3825509212633
82723,1,1,9,515.7572132101508
82738,1,1,10,434.93169105638856
82744,1,1,4,0.42645458358136
82771,1,1,9,751.5995204767614
82778,1,1,3,70.145950346765
82791,0,1,0,0.2521122191917071
82821,1,1,4,0.42645458358136
82831,1,1,7,160.33057987798855
82832,1,1,8,500.95255498967805
82856,1,1,6,523.9974491203958
82873,1,1,4,0.42645458358136
82887,1,1,10,433.2928272095125
82888,1,1,1,567.1816415012371
82892,1,1,6,372.4026913515952
82893,1,1,9,794.3069234558191
82900,1,1,4,0.42645458358136
82911,1,1,9,615.6335792276661
82921,1,1,9,542.7556035604563
82922,1,1,8,315.6921738052413
82923,1,1,3,71.68425817465747
82934,1,1,5,0.42645457969393247
82937,1,1,7,129.0584159221527
82938,1,1,3,84.6318437431938
82941,1,1,1,251.79235215516312
82959,1,1,4,0.42645458358136
82973,1,1,5,0.42645457969393247
82988,1,1,9,277.0986646731667
83000,1,1,6,806.7663692401683
83014,1,1,6,696.8845997461459
83024,1,1,2,328.63677031759676
83034,1,1,6,540.902655724654
83035,1,1,6,731.2519576801543
83054,1,1,5,0.42645457969393247
83084,1,1,8,366.3994037119028
83086,1,1,5,0.42645457969393247
83092,1,1,9,553.2865692372378
83095,1,1,9,297.94924235072784
83099,1,1,5,0.42645456789925423
83103,1,1,2,383.4383198239442
83107,1,1,1,578.2177192393674
83110,1,1,8,440.1117969347731
83113,1,1,1,327.4229160951673
83160,1,1,2,380.7353222045059
83167,1,1,10,105.72287602067588
83176,1,1,7,156.7474792907666
83179,1,1,9,276.9538504299305
83180,1,1,9,285.4990886982033
83192,1,1,6,757.6072046367399
83194,1,1,9,813.3811785041456
83200,1,1,5,0.42645457969393247
83204,0,1,0,0.11727853285030967
83210,1,1,8,908.6525347528079
83214,1,1,8,281.5779283107544
83225,1,1,5,0.42645457969393247
83275,0,1,0,0.12574013170502138
83279,1,1,1,491.64375348545326
83284,1,1,10,336.6457389059655
83311,1,1,4,0.42645458358136
83325,1,1,6,291.3890799231864
83336,1,1,2,399.4843231692045
83343,1,1,9,606.8748489197251
83354,1,1,5,0.42645457969393247
83360,1,1,6,522.061283698169
83367,1,1,6,519.0861963647433
83369,1,1,3,64.63456111631689
83370,1,1,9,850.9078534401098
83374,1,1,7,164.0691967192062
83386,1,1,1,567.2008764336025
83388,1,1,9,235.56524470926317
83395,1,1,6,724.0186427532382
83414,1,1,9,856.8590421055023
83417,1,1,3,87.40350755896206
83420,1,1,7,84.46561727743752
83425,1,1,5,0.42645457969393247
83448,1,1,9,509.7933130332233
83455,1,1,9,527.1459894614138
83462,1,1,5,0.42645457969393247
83470,1,1,5,0.42645457969393247
83484,1,1,6,453.6662361402003
83502,1,1,9,492.79492495928116
83503,1,1,10,674.8781526917484
83517,1,1,9,561.9717138382141
83519,1,1,2,295.37397159586067
83524,1,1,10,137.2461811994782
83525,1,1,8,716.6044659443538
83543,1,1,9,831.6829939309295
83565,1,1,4,0.42645458358136
83567,1,1,5,0.42645457969393247
83571,1,1,9,735.57844517082
83573,1,1,5,0.42645457969393247
83576,0,1,0,0.13995269724718118
83592,1,1,4,0.42645458358136
83618,1,1,4,0.42645458358136
83620,1,1,2,413.37562800667695
83625,1,1,6,617.2606522259383
83633,1,1,8,569.7862445118171
83642,1,1,9,205.4177314588027
83645,1,1,10,153.2885516749126
83673,1,1,10,625.8612514312545
83678,1,1,8,524.2538130490253
83685,1,1,5,0.42645456789925423
83704,1,1,10,639.5082555803561
83712,0,1,0,0.11020098591856105
83718,1,1,8,513.8063064111947
83724,1,1,4,0.42645458358136
83732,1,1,5,0.42645457969393247
83735,1,1,8,435.36501053335945
83747,1,1,6,777.6676027870463
83749,1,1,8,854.9531155218036
83758,1,1,9,784.5888507595564
83765,1,1,1,240.34858923045908
83777,1,1,1,169.8238012355753
83778,1,1,5,0.42645457969393247
83807,1,1,6,556.0379845696854
83813,1,1,4,0.42645458358136
83823,1,1,7,163.24223887749616
83832,1,1,6,394.44921449837346
83843,1,1,8,548.14717268501
83849,1,1,3,90.55313675209582
83851,1,1,4,0.42645458358136
83856,1,1,9,447.61724809293713
83867,1,1,6,282.4230348976991
83868,1,1,9,22.32114926059173
83882,1,1,1,700.1535568905474
83890,1,1,9,279.1543995810534
83893,1,1,6,138.82130660686184
83902,1,1,8,361.5584585359387
83903,1,1,5,0.42645457969393247
83912,1,1,5,0.42645457969393247
83921,1,1,10,459.7478139468189
83927,1,1,9,608.2635336963938
83941,1,1,4,0.42645458358136
83970,1,1,8,316.5765010036011
83972,0,1,0,0.24899631948329543
83976,1,1,10,655.1592337170724
83985,1,1,6,799.0529026299891
83996,1,1,8,321.49591085577947
84003,1,1,9,511.8509233089162
84017,1,1,9,405.0624316539438
84020,1,1,5,0.42645457969393247
84029,1,1,5,0.42645457969393247
84030,1,1,4,0.42645458358136
84034,1,1,9,351.0396722401869
84040,1,1,5,0.42645457969393247
84042,1,1,7,110.31181458247082
84055,1,1,2,398.90623257637
84059,1,1,9,362.7668368450104
84066,1,1,7,125.98930759904593
84067,1,1,6,315.7163750024841
84069,1,1,1,166.5994223658069
84071,1,1,4,0.42645458358136
84075,1,1,1,609.6314326080128
84086,1,1,6,606.5441167058776
84125,1,1,6,360.61303913242324
84131,1,1,9,785.5417324542918
84142,1,1,1,415.5498960889256
84163,1,1,9,652.44300648598
84165,1,1,6,779.0317126611
84195,1,1,4,0.42645458358136
84199,1,1,8,760.990767555055
84201,1,1,9,727.2976718865351
84213,1,1,4,0.42645458358136
84219,1,1,5,0.42645457969393247
84231,1,1,8,657.7391319313552
84256,1,1,9,496.5421935504396
84269,1,1,9,408.9960058909463
84283,1,1,8,887.0141881984289
84294,1,1,5,0.42645457969393247
84310,1,1,4,0.42645458358136
84316,1,1,4,0.42645457969393247
84336,1,1,9,279.5330891485481
84352,1,1,8,211.55237578668843
84359,1,1,8,388.830815084044
84381,1,1,4,0.42645458358136
84388,1,1,5,0.42645457969393247
84393,1,1,9,835.0854523637585
84399,1,1,9,817.6995157000568
84410,1,1,8,549.601029250087
84415,1,1,8,219.6395430974853
84443,1,1,4,0.42645458358136
84457,1,1,4,0.42645458358136
84460,1,1,9,270.2896289973908
84463,1,1,9,117.23969669347427
84464,1,1,1,235.47415065000996
84485,1,1,5,0.42645457969393247
84486,1,1,6,333.13008299003275
84491,1,1,3,64.37878580886805
84498,1,1,9,837.4724271617449
84499,1,1,5,0.42645457969393247
84517,1,1,5,0.42645457969393247
84542,1,1,4,0.42645458358136
84565,1,1,8,542.6927076905183
84571,1,1,4,0.42645458358136
84573,1,1,9,151.5080243937705
84583,1,1,5,0.42645457969393247
84588,1,1,5,0.42645457969393247
84590,1,1,5,0.42645456789925423
84598,1,1,10,329.17547489948834
84606,1,1,6,736.6570615086389
84609,1,1,8,598.4175950346392
84619,1,1,9,878.8860128281225
84626,1,1,6,802.8800795966507
84642,1,1,6,751.536403005205
84646,1,1,3,51.8653290976085
84649,1,1,7,94.22351007276197
84652,1,1,5,0.42645457969393247
84658,1,1,10,269.81348516171846
84672,1,1,10,426.16055903937513
84690,1,1,5,0.42645457969393247
84701,1,1,9,434.6297030480395
84711,1,1,10,384.12351309656043
84712,1,1,5,0.42645457969393247
84713,1,1,9,419.76375723663045
84715,1,1,5,0.42645457969393247
84724,1,1,8,394.23232663666687
84745,1,1,7,59.22942777920565
84749,1,1,8,643.4086121911853
84751,1,1,4,0.42645458358136
84753,0,1,0,0.24160464985736052
84758,1,1,3,47.19393961255387
84760,1,1,5,0.42645457969393247
84768,1,1,4,0.42645458358136
84781,1,1,6,229.91961019741706
84785,1,1,9,514.9496897082321
84786,1,1,2,159.8052908982995
84804,1,1,1,598.4324283513598
84806,1,1,9,327.10325637144257
84815,1,1,6,519.8802095744661
84821,1,1,9,151.42219720170283
84826,1,1,9,300.7496526386466
84833,1,1,4,0.42645458358136
84834,1,1,1,189.07434824807666
84843,1,1,6,535.7801019845073
84845,1,1,9,58.96394982888645
84848,1,1,1,616.7283482719446
84866,1,1,9,573.3668364172715
84883,1,1,4,0.42645458358136
84888,1,1,6,506.78603948216187
84902,1,1,10,397.05373060056814
84911,1,1,7,70.22814860364602
84923,1,1,9,370.07153061296856
84924,1,1,6,253.67992736806173
84941,1,1,9,151.31037846765426
84956,1,1,6,789.438779090507
84957,0,1,0,0.10834164577957486
84962,1,1,8,811.1576337229134
84964,1,1,8,548.2169494227314
84968,1,1,1,356.05328401571563
84981,1,1,5,0.42645457969393247
84983,1,1,1,206.70876802974345
84986,1,1,1,494.9448265390274
85007,1,1,2,403.5770366347852
85047,0,1,0,0.12171857826447598
85051,1,1,6,782.0287381130934
85052,1,1,9,592.9733473420661
85062,1,1,9,607.1107940283672
85065,1,1,8,113.91042686805224
85068,1,1,5,0.42645457969393247
85069,1,1,9,501.34537896751624
85102,1,1,6,260.09029727254483
85104,1,1,6,663.0713591824228
85128,1,1,9,863.0495202906027
85131,1,1,6,611.5460311013959
85147,1,1,9,888.8917722257937
85149,1,1,8,707.29735738938
85158,1,1,10,302.3281480309264
85216,1,1,4,0.42645458358136
85222,1,1,10,721.724614327252
85224,1,1,9,580.8525652078566
85225,1,1,6,615.8768315401588
85230,1,1,6,383.8841281989569
85250,1,1,5,0.42645457969393247
85253,1,1,9,293.3850179510445
85259,1,1,5,0.42645457969393247
85264,1,1,6,560.3237193263998
85270,1,1,10,502.53362747567127
85291,1,1,9,782.1111420901788
85310,1,1,10,487.1653377353342
85326,1,1,1,158.56120564256216
85366,1,1,4,0.42645458358136
85386,1,1,8,384.7091080567854
85390,1,1,5,0.42645457969393247
85391,1,1,7,60.8249491127104
85399,1,1,6,586.6349896298946
85409,1,1,1,280.5982819657629
85411,1,1,9,166.16669972082875
85417,1,1,8,572.285158057899
85429,1,1,8,457.4830530926839
85447,1,1,9,781.9479239500436
85455,1,1,7,35.585534852506186
85468,1,1,9,741.955428259134
85498,1,1,8,181.54299102966314
85506,1,1,1,589.0652724046588
85516,1,1,8,581.4579933128572
85536,1,1,5,0.42645457969393247
85553,1,1,5,0.42645457969393247
85554,1,1,8,416.4172991890959
85557,1,1,7,30.494909342245894
85559,1,1,3,90.43465773279627
85563,1,1,4,0.42645458358136
85573,1,1,9,404.255596363127
85575,1,1,8,193.50671003664442
85576,1,1,9,346.9728246821907
85578,1,1,6,229.72562562459066
85600,1,1,10,720.127533750405
85635,1,1,9,559.4946847716147
85657,1,1,9,540.0275987217489
85687,1,1,6,460.8540430753325
85714,1,1,8,170.88258208799522
85715,1,1,10,721.8582981421922
85724,1,1,3,92.06763261515096
85726,1,1,1,640.9595407029008
85738,1,1,9,343.82550408084296
85757,1,1,10,718.4231760126777
85758,1,1,6,568.9727157725916
85767,1,1,1,676.0483756396044
85774,1,1,1,341.25661973036296
85777,1,1,4,0.42645458358136
85787,1,1,8,943.0730680024066
85801,1,1,9,390.9676157293416
85807,1,1,8,535.1402523954026
85816,1,1,10,125.3508327051517
85857,1,1,9,164.53450451818404
85865,0,1,0,0.18540808139693238
85868,1,1,10,600.3720374962345
85885,1,1,3,53.35052992708527
85894,1,1,1,538.3982532148044
85903,1,1,9,210.46992663124098
85912,1,1,9,745.0201598103599
85915,1,1,1,616.4699044199767
85917,1,1,8,618.7863167824299
85919,1,1,8,596.6217823202843
85921,1,1,4,0.42645458358136
85922,1,1,5,0.42645457969393247
85935,1,1,5,0.42645457969393247
85946,1,1,8,947.0861269437787
85969,1,1,2,466.10926649092687
85991,1,1,8,596.9542425143582
85995,1,1,8,893.7863173105033
86014,1,1,5,0.42645457969393247
86015,1,1,4,0.42645458358136
86022,1,1,8,531.0146020143759
86042,1,1,6,225.2116487866714
86066,1,1,6,385.15521878775627
86069,1,1,9,793.4700588597753
86070,1,1,8,578.8411947059774
86090,1,1,5,0.42645457969393247
86091,1,1,4,0.42645458358136
86097,1,1,8,391.58003372046437
86098,1,1,7,54.14532702459033
86100,1,1,10,661.933997403637
86111,1,1,1,532.1866585430313
86115,1,1,6,719.2637634132793
86124,1,1,4,0.42645458358136
86161,1,1,7,111.43346937646716
86166,1,1,6,762.5647454973417
86181,1,1,9,715.5618705384143
86194,1,1,4,0.4264545919581291
86205,1,1,4,0.42645458358136
86208,1,1,9,599.2989701038238
86213,1,1,1,557.9375616182198
86222,1,1,8,545.6783451772196
86228,1,1,9,380.86175802173057
86232,1,1,4,0.42645458358136
86248,1,1,5,0.42645457969393247
86261,1,1,10,426.7518445916443
86263,1,1,5,0.42645457969393247
86287,1,1,9,799.8076879137733
86291,1,1,2,393.77211626018885
86306,1,1,4,0.42645458358136
86325,1,1,2,303.5043121766456
86346,1,1,5,0.42645457969393247
86364,1,1,6,270.30765946071944
86370,1,1,3,90.8309904796171
86401,1,1,8,656.9364531805678
86406,1,1,4,0.42645458358136
86419,1,1,7,42.366632079156865
86434,1,1,10,462.8249085266005
86441,1,1,5,0.42645457969393247
86449,1,1,9,580.1544152814643
86458,1,1,4,0.42645458358136
86461,1,1,9,515.942873259524
86467,1,1,10,664.474440279354
86476,1,1,6,496.02269281505727
86477,1,1,9,836.761270300249
86479,1,1,8,157.97761945083158
86522,1,1,9,163.1731999181597
86525,1,1,6,751.7959156964006
86529,1,1,6,588.4085974980428
86557,1,1,1,269.2659840141851
86558,1,1,6,333.70334105185924
86561,1,1,4,0.42645458358136
86563,1,1,6,398.83264514309695
86597,1,1,5,0.42645457969393247
86630,1,1,6,802.2139131924217
86643,1,1,6,804.9896835143012
86650,1,1,8,739.7432580407404
86680,1,1,10,424.407405651388
86730,1,1,6,810.2053442401821
86733,1,1,6,744.3924476801994
86734,1,1,5,0.42645457969393247
86741,1,1,10,604.3809912124289
86749,1,1,8,459.13952832348457
86768,1,1,3,37.32566929739944
86778,1,1,9,774.7888823407313
86780,1,1,4,0.42645458358136
86800,1,1,8,172.94887674153443
86809,1,1,8,812.5499868037685
86810,1,1,4,0.42645458358136
86828,1,1,5,0.42645457969393247
86854,1,1,8,555.1940254487857
86861,1,1,5,0.42645457969393247
86866,1,1,7,95.68957343386278
86867,1,1,6,690.2059846099102
86870,1,1,5,0.42645457969393247
86887,1,1,4,0.42645458358136
86894,1,1,5,0.42645457969393247
86895,1,1,10,232.1284151114048
86897,1,1,8,302.44222258283037
86907,1,1,1,534.8528280099887
86908,1,1,7,172.82434138711582
86911,1,1,6,800.2900352490776
86920,1,1,9,875.7943365924964
86948,1,1,9,829.7041997743733
86976,1,1,4,0.42645458358136
86984,1,1,5,0.42645457969393247
86990,1,1,6,730.7909321201791
86999,1,1,9,712.9120457429507
87014,1,1,9,865.8770936811799
87041,1,1,3,53.31565195065277
87045,1,1,9,211.6990867907421
87054,1,1,4,0.42645458358136
87085,1,1,1,543.2861374332468
87088,1,1,8,388.64646742713035
87089,1,1,6,486.6258892009218
87090,1,1,8,309.7310396712011
87091,1,1,8,757.3567157153923
87097,1,1,8,353.0354297750232
87105,1,1,6,726.8601957654893
87111,1,1,10,444.0591242152724
87118,1,1,5,0.42645457969393247
87121,1,1,10,657.5926140572388
87137,1,1,1,740.3840686981439
87151,1,1,4,0.42645458358136
87157,1,1,1,605.8623619762889
87159,1,1,9,866.2231896467135
87180,1,1,5,0.42645457969393247
87181,1,1,4,0.42645458358136
87191,1,1,7,111.58455531044571
87200,1,1,6,783.5313523939972
87209,1,1,9,566.2963688636595
87223,1,1,8,589.7955131814743
87225,1,1,9,809.8046411565215
87231,1,1,8,529.8541464201888
87252,1,1,10,284.5444293741134
87265,1,1,9,615.8009633244534
87267,1,1,8,582.3547142559352
87271,1,1,9,820.9631237339373
87286,1,1,9,404.06177549597714
87290,1,1,4,0.42645458358136
87296,1,1,4,0.42645458358136
87301,1,1,6,481.2236773072461
87306,1,1,8,417.9534945688699
87322,1,1,6,244.9829644733639
87325,1,1,6,780.7225361610386
87329,1,1,1,703.5747324952644
87357,1,1,10,360.8662348633351
87361,1,1,9,116.03388465925914
87370,1,1,5,0.42645457969393247
87375,1,1,3,71.58451221563223
87376,1,1,10,498.5082104972696
87378,1,1,5,0.42645457969393247
87392,1,1,1,510.06181778931807
87398,1,1,6,557.2946419701883
87399,1,1,6,476.79038866393216
87425,1,1,4,0.42645458358136
87435,1,1,9,565.7767813513366
87453,1,1,9,652.6342491325099
87463,1,1,6,787.8109208800907
87474,1,1,6,517.1206985918697
87481,1,1,3,90.66313113081932
87485,1,1,5,0.42645457969393247
87489,1,1,2,191.86057116887872
87494,1,1,9,798.2950771047418
87513,1,1,6,757.8530741245851
87530,1,1,10,388.53663925929857
87538,1,1,9,500.52045030429707
87548,1,1,4,0.42645458358136
87569,1,1,5,0.42645457969393247
87580,1,1,7,94.14232428170097
87583,1,1,8,419.81859483110475
87613,1,1,6,508.7325277204469
87619,1,1,10,541.5825861698537
87637,1,1,9,286.6380041573831
87640,1,1,1,323.3304168064439
87653,1,1,9,664.9594004987212
87659,1,1,9,871.4424375068425
87676,1,1,8,611.836188511668
87678,1,1,4,0.42645458358136
87683,1,1,4,0.42645458358136
87690,1,1,4,0.42645458358136
87716,1,1,4,0.42645458358136
87717,1,1,9,642.2577824355403
87724,1,1,5,0.42645457969393247
87738,1,1,7,100.72933494390146
87749,1,1,8,555.9882552082933
87759,1,1,9,401.557786961096
87767,1,1,2,473.19960902468586
87772,1,1,9,400.7822477522835
87788,1,1,2,218.50285861078606
87793,1,1,10,639.8098533851688
87802,1,1,9,486.3571174492418
87812,1,1,9,832.3915409135938
87819,1,1,8,893.0601744132306
87828,1,1,9,793.9938856791349
87832,1,1,2,105.31871548851896
87845,1,1,4,0.4264545919581291
87849,1,1,7,53.03238879083206
87853,1,1,1,476.35296222838696
87860,1,1,1,722.1033360960655
87874,1,1,5,0.42645457969393247
87877,1,1,8,585.344327668498
87882,1,1,4,0.42645458358136
87898,1,1,8,885.6862936748469
87904,1,1,5,0.42645457969393247
87954,1,1,4,0.42645458358136
87966,1,1,9,749.0680574577094
87987,1,1,9,804.2624599102841
87998,1,1,6,745.9541874040419
88019,1,1,1,508.70189646632923
88032,1,1,5,0.42645457969393247
88036,1,1,8,284.4306428565691
88043,1,1,6,538.9936381225288
88049,1,1,9,864.3662483708032
88070,1,1,10,413.64980685519976
88071,1,1,3,92.75157800029413
88073,1,1,8,280.3308084574435
88088,1,1,8,557.0920471241707
88100,1,1,4,0.42645458358136
88110,1,1,9,530.031417256388
88114,1,1,10,413.4397591059702
88116,1,1,7,44.067457079760466
88117,1,1,1,200.6352075969881
88118,1,1,9,62.283253923730946
88155,1,1,9,342.711432852828
88158,1,1,1,496.6576107996103
88160,1,1,5,0.42645457969393247
88178,1,1,8,322.1178655967403
88182,1,1,9,343.5213750648621
88192,1,1,10,438.77676702853165
88223,1,1,1,287.439312410849
88226,1,1,7,76.44628595352796
88234,1,1,5,0.42645457969393247
88241,1,1,1,691.0930718260747
88256,1,1,8,765.417401960284
88262,1,1,4,0.42645458358136
88285,1,1,5,0.42645457969393247
88307,1,1,6,484.1100687631059
88313,0,1,0,0.2411434834706594
88318,1,1,6,321.277174992683
88333,1,1,5,0.42645457969393247
88336,1,1,4,0.42645458358136
88341,1,1,10,328.74540980533993
88352,1,1,4,0.42645458358136
88368,1,1,7,50.40505950656834
88370,1,1,8,942.4693503887086
88371,1,1,4,0.42645458358136
88384,1,1,6,482.42035773240804
88385,1,1,4,0.42645458358136
88397,1,1,5,0.42645457969393247
88419,1,1,9,602.5971708361287
88434,1,1,6,783.6160434657015
88448,1,1,4,0.42645458358136
88461,1,1,9,711.4467348830032
88468,1,1,9,750.726334828798
88474,1,1,8,893.8141117508737
88478,1,1,1,358.95152200731076
88482,1,1,8,364.2258394397962
88483,1,1,9,761.9172284085929
88486,1,1,9,314.9886278929272
88488,1,1,2,318.71515582096123
88495,1,1,2,422.3169882527207
88496,1,1,6,500.0912911921594
88515,1,1,4,0.42645458358136
88517,1,1,8,287.80642457362876
88520,1,1,8,518.2845871856779
88533,1,1,9,592.3642200515526
88547,1,1,9,544.1214956969048
88554,1,1,5,0.42645457969393247
88587,1,1,7,152.1827520321337
88596,1,1,10,694.7864691571541
88606,1,1,9,186.9198623816326
88611,1,1,9,864.5626143153519
88629,1,1,10,718.7081055553558
88635,1,1,9,116.89512536105342
88674,1,1,7,140.96887866824773
88677,1,1,4,0.42645458358136
88710,1,1,4,0.42645458358136
88722,1,1,4,0.42645458358136
88728,1,1,9,179.61667573956953
88734,1,1,7,53.539391285887774
88747,1,1,3,92.73627156242802
88775,1,1,4,0.42645458358136
88778,1,1,1,732.1242794399145
88783,1,1,9,636.1977779015115
88806,1,1,10,577.7590780582435
88813,1,1,6,118.93882071041266
88824,1,1,4,0.42645458358136
88826,1,1,2,217.18569610505455
88837,1,1,9,871.1704081484836
88854,1,1,4,0.42645458358136
88857,1,1,7,115.89319057372028
88876,1,1,6,721.008737961368
88880,1,1,9,809.149665480894
88882,1,1,5,0.42645457969393247
88883,1,1,8,638.2086827229449
88893,1,1,5,0.42645457969393247
88898,1,1,4,0.42645458358136
88920,1,1,9,74.30309476102671
88924,1,1,9,734.0627703876901
88931,1,1,5,0.42645457969393247
88935,1,1,9,434.9652792215843
88960,1,1,4,0.42645458358136
88964,1,1,6,390.43175199238215
89000,1,1,5,0.42645457969393247
89010,1,1,5,0.42645457969393247
89019,1,1,5,0.42645457969393247
89023,1,1,6,541.8391697629438
89041,1,1,9,639.5876995231981
89093,1,1,9,425.94142561238334
89114,1,1,2,249.95525429724415
89117,1,1,4,0.42645458358136
89121,1,1,8,442.37197951130315
89130,1,1,4,0.42645458358136
89134,1,1,6,408.91832134993166
89136,1,1,5,0.42645457969393247
89159,1,1,2,362.53345013309354
89163,1,1,5,0.42645457969393247
89171,1,1,3,92.42238357684498
89173,1,1,4,0.42645458358136
89179,1,1,6,646.9052990432234
89184,1,1,8,629.1933015209655
89201,1,1,9,117.41965818290939
89255,1,1,9,760.5605655773073
89268,1,1,6,246.58481331053704
89272,1,1,8,638.2699569325963
89280,1,1,9,889.4526938691423
89303,1,1,9,236.11656710572097
89314,1,1,8,704.7062117649751
89334,1,1,1,698.024858225282
89340,1,1,4,0.42645458358136
89384,1,1,10,453.4512267701677
89388,1,1,10,696.996343429694
89410,1,1,5,0.42645457969393247
89417,1,1,6,382.38294608810935
89429,1,1,4,0.42645458358136
89434,1,1,9,360.10725148037363
89438,1,1,1,486.5080400273084
89486,1,1,5,0.42645457969393247
89492,1,1,3,33.63574291893558
89500,1,1,9,450.54518593665586
89524,1,1,9,437.20951023784886
89526,1,1,8,876.8804427188317
89536,1,1,9,501.71457739640533
89549,1,1,4,0.42645458358136
89555,1,1,5,0.42645457969393247
89560,1,1,9,210.3660871705538
89564,1,1,4,0.42645458358136
89574,1,1,1,498.85511094139525
89575,1,1,10,88.27529216534109
89576,1,1,4,0.42645458358136
89584,1,1,8,526.0646533897178
89586,1,1,6,548.7917849774024
89588,1,1,8,591.6292670260854
89604,1,1,6,544.0071142864654
89615,1,1,8,902.5655019659397
89620,1,1,9,606.3764492297466
89621,1,1,6,790.5307299027609
89637,1,1,6,279.92855496689316
89639,1,1,7,76.08097915970498
89650,1,1,6,728.6908702995042
89651,1,1,6,639.8222534438223
89652,1,1,9,510.22200709881554
89659,1,1,8,369.81046281120126
89692,1,1,9,422.2080824784441
89703,1,1,4,0.42645458358136
89719,1,1,9,853.9605924183772
89720,1,1,9,678.9147118069301
89733,1,1,5,0.42645457969393247
89735,1,1,7,173.6258466211338
89744,1,1,9,515.9973753840972
89751,1,1,5,0.42645457969393247
89760,1,1,10,419.7811958015937
89766,1,1,10,608.3564832369974
89767,1,1,1,729.4678585285093
89805,1,1,6,493.8054812214096
89806,1,1,5,0.42645457969393247
89824,1,1,9,321.80080627029804
89830,1,1,8,780.4577023645293
89852,1,1,2,386.93960901931314
89869,1,1,6,675.3532520548632
89882,1,1,2,145.35151211802417
89893,1,1,5,0.42645457969393247
89897,1,1,3,80.8134344841412
89898,1,1,10,456.1870075278462
89900,1,1,8,395.6524605894823
89916,1,1,5,0.42645457969393247
89924,1,1,6,529.0796857390501
89927,1,1,8,422.81517660190354
89951,1,1,9,726.591988858447
89954,1,1,8,458.0871581541822
89982,1,1,4,0.42645458358136
89987,1,1,1,409.52121588111163
89990,1,1,10,443.13485532072406
90005,1,1,3,37.16176778199071
90008,1,1,5,0.42645457969393247
90009,1,1,9,553.0364483816712
90022,1,1,5,0.42645457969393247
90031,1,1,10,313.8702181203616
90035,1,1,7,77.21442044220963
90040,1,1,9,460.0720411435679
90051,1,1,3,90.36025578606852
90065,1,1,5,0.42645457969393247
90071,1,1,2,124.5561178319456
90073,1,1,6,235.39713683701905
90075,1,1,1,494.2669859342552
90085,1,1,5,0.42645457969393247
90087,1,1,9,638.8820988997493
90102,1,1,6,539.6546743301507
90105,1,1,8,317.453472890802
90106,1,1,5,0.42645457969393247
90111,1,1,8,652.5670452479537
90118,1,1,6,671.7238436821243
90128,1,1,10,363.5763259038564
90134,1,1,4,0.42645458358136
90149,1,1,8,588.1672630361918
90159,0,1,0,0.16199685212095408
90177,1,1,4,0.42645458358136
90183,1,1,6,354.45582105692523
90236,1,1,6,508.06951422504545
90266,1,1,8,442.3544382807255
90271,1,1,4,0.4264545919581291
90275,1,1,2,433.39703676533134
90277,1,1,4,0.42645458358136
90279,1,1,6,720.8588060626275
90285,1,1,10,144.53681686612495
90304,1,1,1,656.0228159860004
90318,1,1,9,275.365291737334
90325,1,1,9,258.02349183621834
90338,1,1,9,370.1353201749494
90342,1,1,6,795.2366527474564
90344,1,1,1,252.36694962741774
90351,1,1,3,66.59101694068605
90360,1,1,4,0.42645458358136
90365,1,1,10,292.6620094118833
90378,1,1,4,0.42645458358136
90380,1,1,4,0.42645458358136
90409,1,1,3,88.41038713712757
90413,1,1,9,603.7607819554248
90419,1,1,5,0.42645457969393247
90425,1,1,5,0.42645457969393247
90437,1,1,8,241.4647080306839
90445,1,1,5,0.42645457969393247
90457,1,1,4,0.42645458358136
90485,1,1,10,322.26800854447276
90489,1,1,4,0.42645458358136
90490,1,1,4,0.42645457969393247
90491,1,1,2,157.99457482840873
90493,1,1,6,803.5901812928813
90495,1,1,10,611.9150928698551
90497,1,1,6,801.3191244822638
90516,1,1,4,0.42645458358136
90523,1,1,5,0.42645456789925423
90525,1,1,2,218.23076176234252
90530,1,1,6,423.2378553047933
90535,1,1,6,800.1151310766285
90565,1,1,6,652.2020284636267
90581,1,1,10,677.6197878167993
90587,1,1,4,0.42645458358136
90599,1,1,6,312.8033194285601
90612,1,1,6,668.4761256679604
90616,1,1,10,382.3465414348403
90620,1,1,1,409.613340999986
90628,1,1,8,419.0751039626228
90629,1,1,8,529.8556061964117
90649,1,1,5,0.42645457969393247
90653,1,1,6,698.6554152840123
90662,1,1,2,383.9786507625026
90670,1,1,6,497.18222976221875
90674,1,1,10,158.40557116135412
90676,1,1,9,313.64676047278135
90688,1,1,5,0.42645457969393247
90693,1,1,10,259.9600514565832
90702,1,1,5,0.42645457969393247
90703,1,1,6,479.38536872631016
90707,1,1,9,645.610551912058
90709,1,1,5,0.42645457969393247
90717,1,1,10,289.76453873101246
90720,1,1,9,293.08767117108545
90723,1,1,8,763.2102598761826
90730,1,1,5,0.42645457969393247
90742,1,1,6,187.17111934021864
90763,1,1,6,329.53824756368374
90775,1,1,6,609.3784593253444
90778,1,1,5,0.42645456789925423
90782,1,1,5,0.42645456789925423
90796,1,1,8,567.8825765003826
90798,1,1,7,137.61197515398132
90810,1,1,4,0.42645458358136
90815,1,1,4,0.42645458358136
90826,1,1,4,0.42645458358136
90836,1,1,1,686.4177240701729
90841,1,1,10,295.7093349666908
90852,1,1,6,471.65522793193315
90857,1,1,1,692.20248121089
90889,1,1,9,25.854071494723414
90890,1,1,7,100.9244617415958
90896,1,1,10,304.75117809308006
90897,1,1,6,539.8740278925034
90900,1,1,10,219.62042808783764
90908,1,1,10,684.6181785548304
90914,1,1,8,411.45318179758414
90926,1,1,6,468.13570654168973
90944,1,1,3,67.12851558345926
90950,1,1,9,707.3865484003692
90956,1,1,5,0.42645457969393247
90970,1,1,2,383.99800233849385
90987,1,1,8,606.5557232789453
91007,1,1,6,794.5740422673526
91019,1,1,9,524.6699270264063
91061,1,1,9,618.0268449662899
91063,1,1,9,142.6356605284758
91068,1,1,8,885.6674957722238
91069,1,1,2,200.23014296368018
91074,1,1,5,0.42645457969393247
91087,1,1,1,580.1752415399936
91090,1,1,9,795.1313950654686
91092,1,1,1,532.4654246333339
91121,1,1,10,92.58204622015327
91124,1,1,9,100.42890459026349
91150,1,1,7,130.52818512478873
91153,1,1,9,711.6873490439931
91158,1,1,4,0.42645458358136
91160,1,1,7,109.03906011720457
91163,1,1,10,599.8782003213319
91169,1,1,8,604.7072041312073
91173,1,1,7,88.43742708798436
91205,1,1,4,0.42645458358136
91208,1,1,10,164.0623590501376
91209,1,1,10,686.5873804791055
91210,1,1,10,480.11766009566554
91219,0,1,0,0.11372860147116705
91238,1,1,9,619.9950497640307
91239,1,1,7,158.45761479659657
91244,1,1,9,762.7032184295819
91246,1,1,8,505.0692535485184
91346,1,1,8,201.1486584690896
91349,1,1,2,363.2961018993359
91357,1,1,9,471.33517396605885
91358,1,1,2,234.51101818305804
91361,1,1,6,728.8669848010678
91367,1,1,9,209.28483577882804
91378,1,1,6,772.5578066593114
91380,1,1,8,632.6545644296307
91383,1,1,8,396.7571179905141
91413,1,1,7,127.60169721155658
91416,1,1,7,52.42339154591702
91423,1,1,5,0.42645457969393247
91428,1,1,8,639.723425381372
91429,1,1,10,655.234489469522
91430,1,1,6,641.5714894538922
91438,1,1,8,362.07476393543686
91454,1,1,7,59.3143706410585
91457,1,1,6,434.57804360996414
91473,1,1,3,94.0151336351489
91487,1,1,9,405.3206429471431
91499,1,1,8,655.9082176336794
91501,1,1,9,858.0351990457361
91504,1,1,9,853.1253463028291
91512,1,1,9,866.7624015684013
91518,1,1,9,707.8812904533947
91533,1,1,9,830.6807414245434
91539,1,1,10,506.42875947389376
91576,1,1,4,0.42645458358136
91578,1,1,5,0.42645457969393247
91599,1,1,10,348.6410840358227
91604,1,1,10,353.7644103414673
91605,1,1,1,215.8564824201199
91606,1,1,9,209.31640259319443
91609,1,1,3,48.40162802572588
91620,1,1,6,405.8818538505901
91629,1,1,5,0.42645457969393247
91648,1,1,2,232.14287418280801
91689,1,1,9,478.0555104175181
91699,1,1,5,0.42645457969393247
91701,1,1,8,495.1938221880296
91713,1,1,4,0.42645458358136
91717,1,1,9,32.98133563853978
91744,1,1,8,278.73861559871193
91759,1,1,6,786.4628191670977
91773,1,1,9,602.1930793055202
91786,1,1,7,67.02338017494019
91793,1,1,9,520.4833222271982
91796,1,1,9,521.7841872163409
91798,1,1,2,390.8365635736433
91821,1,1,6,660.0860089782609
91826,1,1,9,709.591978613461
91828,1,1,9,388.18990522589064
91831,1,1,10,175.77700960209242
91833,0,1,0,0.13751911551490067
91859,1,1,1,605.3449009879528
91863,1,1,10,460.36228523418396
91867,1,1,9,597.5105019352667
91879,1,1,10,328.15295685271946
91895,1,1,9,292.54045145476545
91901,0,1,0,0.24919935885697184
91906,1,1,2,268.2833108036376
91909,1,1,3,90.59770813241099
91919,1,1,8,530.2947115302302
91929,1,1,1,478.0236959661256
91957,1,1,8,569.185630968229
91971,1,1,9,639.1677647917919
92010,1,1,1,738.7176812202648
92013,1,1,10,416.3496413128578
92080,1,1,6,764.2582012990902
92094,1,1,4,0.42645458358136
92104,1,1,5,0.42645457969393247
92116,1,1,6,164.56794075832278
92119,1,1,6,620.0239764037943
92141,0,1,0,0.12476909737230095
92147,1,1,6,643.0887331569069
92159,1,1,10,460.4773818102605
92164,1,1,9,698.38931345223
92167,1,1,8,233.1899430761087
92173,1,1,9,469.7612879685891
92186,1,1,10,338.0475642589051
92196,1,1,10,256.9425278373112
92200,1,1,10,412.24622386553665
92202,1,1,8,243.54169505414734
92220,1,1,5,0.42645457969393247
92248,1,1,4,0.42645458358136
92264,1,1,1,713.6225166087896
92265,1,1,5,0.42645457969393247
92278,1,1,9,605.4839662975259
92284,1,1,6,232.74690570666917
92291,1,1,9,469.27755947522184
92295,1,1,9,520.857938623126
92309,1,1,8,508.4574809875556
92334,1,1,9,836.6715283644977
92344,1,1,9,422.455127369899
92347,1,1,4,0.42645458358136
92348,1,1,6,772.4438578112291
92350,1,1,6,396.3785299283269
92352,1,1,10,378.2580979115618
92357,1,1,8,138.25345566161718
92366,1,1,4,0.42645458358136
92371,1,1,6,734.818395930343
92381,1,1,4,0.42645458358136
92396,1,1,8,471.3314008643557
92409,1,1,6,421.4613206842124
92421,1,1,8,586.1956147807809
92471,1,1,6,544.6784578975546
92473,0,1,0,0.24672462565548198
92480,1,1,5,0.42645457969393247
92510,1,1,9,659.4681056625213
92518,1,1,8,364.17919997613757
92536,1,1,7,164.73188407239488
92542,1,1,10,669.1059277707582
92544,1,1,8,247.08947095555953
92557,1,1,9,676.8966789453162
92569,1,1,9,861.7880064658999
92578,1,1,1,305.7689311784436
92586,1,1,3,92.22386424254864
92587,1,1,8,740.9900797033227
92590,1,1,7,150.4758832405303
92592,1,1,9,242.93417885699398
92603,0,1,0,0.1138226724182402
92605,1,1,4,0.42645458358136
92632,1,1,8,722.4916366244175
92640,1,1,7,16.12992799255627
92673,1,1,9,565.6372720574358
92683,1,1,9,720.8412365880591
92684,1,1,3,87.36794027869449
92693,1,1,4,0.42645458358136
92710,0,1,0,0.11322714112096996
92712,1,1,6,406.0800121093359
92721,1,1,8,353.05871471315805
92738,1,1,6,806.8197047323868
92747,1,1,9,72.67244265681714
92794,1,1,6,489.82148448164503
92795,1,1,5,0.42645457969393247
92798,1,1,2,255.08178069663848
92804,1,1,8,171.15634785439585
92808,1,1,7,90.56981232577522
92833,1,1,10,513.2325688956828
92841,1,1,10,437.4579541276805
92842,1,1,6,784.3227394378365
92850,1,1,10,200.56104013476693
92878,1,1,5,0.42645457969393247
92884,1,1,4,0.42645458358136
92892,1,1,6,398.3807530406174
92909,1,1,9,476.5773263377395
92922,1,1,10,449.3284483688622
92944,1,1,5,0.42645457969393247
92979,1,1,2,55.415677307901824
92983,1,1,6,438.4188000576879
92988,1,1,1,618.9382184750774
92991,1,1,9,839.6678069755457
93001,1,1,8,202.4949002922951
93009,1,1,9,338.60320828274735
93014,1,1,6,442.8151898676836
93017,1,1,5,0.42645457969393247
93041,1,1,6,464.2816153417049
93052,1,1,10,244.43969970259167
93055,1,1,5,0.42645457969393247
93056,1,1,6,721.4137966216974
93061,1,1,7,113.99116032969636
93062,1,1,2,247.80475644700493
93069,1,1,9,582.8097341670251
93070,1,1,5,0.42645457969393247
93082,1,1,5,0.42645457969393247
93098,1,1,4,0.42645458358136
93104,1,1,6,784.7437613209387
93125,1,1,8,687.6712187365099
93164,1,1,8,758.924423287298
93168,1,1,3,82.54456316056473
93180,1,1,10,359.54617839688933
93188,1,1,5,0.42645457969393247
93194,1,1,9,514.9628642926317
93195,1,1,4,0.4264545919581291
93200,1,1,10,126.37115237440365
93204,1,1,5,0.42645457969393247
93209,1,1,3,76.28154966968322
93226,1,1,10,187.39120096644965
93230,1,1,6,802.5883040171569
93232,1,1,5,0.42645457969393247
93243,1,1,7,122.38584227068881
93246,1,1,9,816.0952070164573
93253,1,1,10,621.1896042552835
93290,1,1,6,797.3232490672648
93301,1,1,4,0.42645458358136
93324,1,1,5,0.42645457969393247
93333,1,1,10,586.5385900350374
93340,1,1,2,62.26510006030566
93345,1,1,6,499.2475299626036
93355,1,1,8,356.9242048605915
93356,1,1,5,0.42645457969393247
93360,1,1,1,191.62353828123756
93368,1,1,8,780.9742190006694
93406,1,1,9,269.26765565485584
93428,1,1,10,506.68406378006074
93431,1,1,6,254.94063313431226
93444,1,1,8,658.8486527856044
93446,1,1,10,659.4137654771995
93449,1,1,8,749.8641912981593
93459,1,1,5,0.42645457969393247
93478,1,1,5,0.42645457969393247
93489,1,1,10,706.0207779571089
93498,1,1,8,617.8282154672555
93501,1,1,9,336.22811186917033
93528,1,1,8,517.1537253540424
93533,1,1,6,384.3910254181702
93537,1,1,10,325.65640834648
93545,1,1,10,507.0527596810273
93549,1,1,6,721.6701987473386
93557,1,1,7,129.51121337229748
93562,1,1,9,491.5913757193324
93569,1,1,9,888.6893184067532
93588,1,1,6,322.5524017864727
93616,1,1,5,0.42645457969393247
93623,1,1,6,659.3694086681439
93639,1,1,8,355.74483275955953
93656,1,1,8,828.730991248779
93670,1,1,10,460.6071996939727
93691,1,1,9,463.3309587118053
93708,1,1,8,815.6339198512485
93716,1,1,8,312.03929033271527
93726,1,1,2,454.6972687859876
93740,1,1,4,0.42645458358136
93746,1,1,6,803.0640221778358
93766,1,1,4,0.42645458358136
93776,1,1,1,756.9153236603764
93777,1,1,1,750.3607764834179
93794,0,1,0,0.106937536231898
93796,1,1,8,369.50484466428776
93800,1,1,4,0.42645458358136
93810,1,1,2,464.2233847146882
93823,1,1,6,437.01049916794915
93838,1,1,5,0.42645457969393247
93842,1,1,10,324.3415562474948
93846,1,1,10,372.30991742611394
93859,1,1,1,722.3003584252069
93861,1,1,9,686.9647015878603
93865,1,1,6,680.6883043980082
93883,1,1,8,726.7999508267746
93892,1,1,1,691.1335366745601
93897,1,1,6,809.7253085991681
93901,1,1,5,0.42645457969393247
93902,1,1,9,673.1135528184133
93907,1,1,4,0.42645457969393247
93915,1,1,9,884.8588569273961
93924,1,1,2,461.8509919197463
93941,1,1,9,599.2354668860337
93945,1,1,4,0.42645458358136
93953,1,1,6,247.22777395821345
93965,1,1,8,690.1462053601001
93970,1,1,10,502.93804091279645
93972,1,1,6,281.3428111335848
93978,1,1,1,343.70297431167904
93997,1,1,8,568.5534087273601
93998,1,1,9,550.1444223145196
94019,1,1,4,0.42645458358136
94022,1,1,10,695.2339063365699
94026,1,1,9,563.8916832628806
94036,1,1,10,436.04344287689975
94042,1,1,9,749.0424005438717
94055,1,1,9,275.69914996091853
94064,1,1,5,0.42645457969393247
94071,1,1,8,184.21125846272025
94074,1,1,9,782.1973130511718
94080,1,1,4,0.42645458358136
94083,1,1,4,0.42645458358136
94101,1,1,2,374.77489774375476
94106,1,1,9,414.9164138845181
94113,1,1,3,89.70226708074702
94129,1,1,7,160.74591172904746
94132,1,1,5,0.42645457969393247
94162,1,1,8,688.8165760633336
94163,0,1,0,0.1450382225898396
94208,0,1,0,0.12623547400067306
94221,1,1,7,84.24327132411463
94229,1,1,6,153.8956592113665
94234,1,1,5,0.42645457969393247
94253,1,1,5,0.42645457969393247
94255,1,1,8,659.3248129804805
94256,1,1,10,575.4003358507783
94258,1,1,1,680.0174378040156
94260,1,1,7,103.4996307362627
94280,1,1,9,405.5481568938604
94309,1,1,8,830.073670434505
94340,1,1,6,781.4883691436697
94353,1,1,9,592.0097732524667
94356,1,1,9,503.1900477783474
94373,1,1,1,326.2094590103478
94399,1,1,8,643.4066531932128
94401,1,1,8,767.9747345590323
94402,1,1,1,584.5926629526242
94411,1,1,3,56.71520095367184
94420,1,1,6,768.1284157258922
94422,1,1,10,546.7327190905789
94439,1,1,6,553.0517157988675
94459,1,1,7,98.40220494105283
94463,1,1,4,0.42645457969393247
94504,1,1,6,343.73169247679357
94512,1,1,9,803.1635923830846
94515,1,1,9,300.62765164697504
94517,1,1,6,737.5733131045649
94543,1,1,4,0.4264545919581291
94553,1,1,9,548.783350792921
94558,1,1,6,718.0176610290187
94564,0,1,0,0.12589661801034205
94583,1,1,5,0.42645457969393247
94585,1,1,5,0.42645457969393247
94613,1,1,8,188.56069179786567
94621,1,1,6,343.02882086240743
94633,1,1,6,526.3678454485636
94636,1,1,1,631.6561358539244
94640,1,1,5,0.42645457969393247
94652,1,1,6,282.24137920984646
94671,1,1,9,390.8661332291588
94683,1,1,4,0.42645458358136
94708,1,1,1,416.5277260646114
94712,1,1,2,207.51810947644879
94713,1,1,9,888.327598392261
94715,1,1,8,170.8166858703283
94717,1,1,6,713.2190031121172
94726,1,1,8,281.23565953123074
94729,1,1,9,426.9474205137657
94738,1,1,1,315.57456436182724
94739,1,1,6,368.13367089505846
94752,1,1,6,737.9059431191952
94753,1,1,8,345.75849547134567
94761,1,1,4,0.42645458358136
94764,1,1,4,0.42645458358136
94766,1,1,4,0.42645458358136
94781,1,1,8,497.95331051022123
94782,1,1,5,0.42645457969393247
94801,1,1,5,0.42645457969393247
94812,1,1,8,882.8557621545048
94823,1,1,7,141.36699199094804
94826,1,1,6,556.1910682850969
94829,1,1,9,884.3967833726291
94842,1,1,1,633.1731920992587
94846,1,1,1,489.6160693119896
94849,1,1,9,632.2259786090232
94858,1,1,9,590.9724220527066
94859,1,1,10,157.32213392441912
94872,1,1,9,667.8302981006519
94879,1,1,9,859.206377738495
94889,1,1,10,721.3757385672482
94913,1,1,4,0.42645458358136
94920,1,1,3,64.67734163447112
94935,1,1,8,818.9233074583607
94949,1,1,4,0.42645458358136
94968,1,1,8,817.2996246438802
94993,1,1,2,389.62542619891866
95004,1,1,6,764.1284251586073
95023,1,1,8,743.3182295157965
95031,1,1,5,0.42645457969393247
95043,1,1,7,148.3183998250565
95045,1,1,8,910.6395082357017
95048,1,1,5,0.42645457969393247
95054,1,1,9,42.21037445196583
95061,1,1,9,571.4702408907906
95097,1,1,6,807.5724276585831
95102,1,1,9,711.2164065126522
95109,1,1,5,0.42645457969393247
95120,1,1,8,762.3279253530126
95122,1,1,6,649.6891399118713
95131,1,1,6,456.48579696310804
95140,1,1,5,0.42645456789925423
95143,1,1,1,514.2160456885564
95154,1,1,5,0.42645457969393247
95156,1,1,10,200.96753135205458
95168,1,1,4,0.42645458358136
95176,1,1,4,0.42645458358136
95185,1,1,5,0.42645457969393247
95188,1,1,5,0.42645457969393247
95191,1,1,1,224.26965398318208
95193,1,1,6,699.5687313216482
95200,1,1,9,762.2213911030145
95229,1,1,4,0.42645458358136
95231,1,1,6,805.7176906154456
95238,1,1,5,0.42645457969393247
95240,1,1,5,0.42645457969393247
95251,1,1,1,517.6124862426059
95265,1,1,5,0.42645457969393247
95271,1,1,7,162.95942924840816
95272,1,1,9,853.5696820053364
95284,1,1,7,89.2359559975387
95306,1,1,8,543.3222508143136
95321,1,1,7,142.26394452366176
95322,1,1,5,0.42645457969393247
95330,1,1,9,653.4739796257176
95334,1,1,10,455.4663174840266
95344,1,1,9,722.6199704653005
95345,1,1,6,614.030680141119
95356,1,1,5,0.42645457969393247
95390,1,1,9,865.2294238398488
95395,1,1,1,518.5874105481225
95401,1,1,10,253.2804206071238
95402,1,1,9,510.27667320551546
95412,1,1,6,379.84426484657445
95414,1,1,6,178.58492484513945
95430,1,1,8,530.0852416894519
95432,1,1,9,515.4108009284548
95435,0,1,0,0.16790714879132956
95440,1,1,2,60.79268844474224
95443,1,1,8,595.419682954891
95450,1,1,9,300.50037923284924
95491,1,1,10,510.53241960616197
95501,1,1,5,0.42645457969393247
95514,1,1,10,263.4422420033594
95573,1,1,5,0.42645457969393247
95574,1,1,6,245.42557921085935
95585,1,1,10,722.8047796643763
95608,1,1,4,0.42645458358136
95636,1,1,6,804.823259291977
95641,1,1,10,719.3547344102491
95648,1,1,6,714.1379088863437
95655,1,1,4,0.42645458358136
95657,1,1,9,582.0056939495653
95658,1,1,7,157.52034851756133
95660,1,1,10,712.4665881651064
95673,1,1,4,0.42645458358136
95679,1,1,8,801.0979682287233
95682,1,1,2,390.29789314208426
95688,1,1,10,101.3290205720202
95690,1,1,8,388.18357531108876
95692,1,1,8,324.6980164448104
95700,1,1,4,0.42645458358136
95703,1,1,2,58.65165967051454
95705,1,1,9,753.359250729739
95711,1,1,6,502.86162190056774
95722,1,1,9,151.03779353435658
95726,1,1,9,873.1069555757447
95732,1,1,4,0.42645458358136
95747,1,1,8,457.1619048007459
95773,1,1,9,386.1895547235372
95790,1,1,6,372.762820303419
95802,1,1,8,797.7469477753629
95803,1,1,4,0.42645458358136
95811,1,1,9,837.9262256822333
95832,1,1,7,121.24357811569394
95847,1,1,8,690.9158617011792
95871,1,1,8,465.3982777495389
95879,1,1,10,420.07979842578493
95891,1,1,7,128.6475690990645
95895,1,1,8,254.3531461554913
95898,1,1,9,866.4369028264251
95900,1,1,5,0.42645457969393247
95905,1,1,7,77.13883326174644
95910,1,1,8,321.83884943158546
95920,1,1,9,599.2504745632829
95921,1,1,1,619.0382967953494
95923,1,1,9,777.930555045723
95946,1,1,1,366.165671612122
95949,1,1,9,510.1229525096204
95967,1,1,9,135.40868207721766
95972,1,1,8,433.1194968908238
95987,1,1,9,700.142076781734
95998,1,1,5,0.42645457969393247
96005,1,1,10,462.1027551006248
96015,1,1,6,485.82427959496084
96019,1,1,9,774.5229868280392
96024,1,1,9,766.0783738417842
96027,1,1,8,192.23766833056925
96028,1,1,9,498.9153570333321
96038,1,1,7,132.45705840603364
96048,1,1,2,279.88573700448336
96054,1,1,5,0.42645457969393247
96080,0,1,0,0.14113301924870303
96087,1,1,9,538.1694832397927
96091,1,1,5,0.42645457969393247
96095,1,1,4,0.42645458358136
96096,1,1,9,198.55266108125986
96122,1,1,6,771.4699552183087
96123,1,1,10,477.1608244184315
96132,1,1,8,887.5017971585202
96140,1,1,1,546.1309497969352
96161,1,1,1,686.010615755726
96162,1,1,6,146.33940346581
96165,1,1,1,221.23584544729408
96168,1,1,4,0.42645458358136
96170,1,1,5,0.42645457969393247
96171,1,1,9,659.286352122469
96184,1,1,8,680.0207334504945
96199,1,1,8,897.7178134630918
96222,1,1,1,759.0616596581946
96225,1,1,6,723.4544628181875
96242,1,1,4,0.42645458358136
96260,1,1,3,60.330366964660286
96261,1,1,4,0.42645458358136
96285,1,1,6,558.281680888996
96311,1,1,8,518.9103683483974
96313,1,1,5,0.42645457969393247
96327,1,1,7,153.31238620254376
96332,1,1,7,72.54999527674083
96334,1,1,8,834.0348183433003
96344,1,1,9,579.7539393532791
96356,1,1,2,209.6773675623502
96358,1,1,8,788.1312296547305
96363,1,1,5,0.42645457969393247
96371,1,1,5,0.42645457969393247
96381,1,1,1,554.561411865221
96397,1,1,7,53.65256439660293
96404,1,1,9,485.7283220820402
96414,1,1,6,798.0111176579121
96418,1,1,5,0.42645457969393247
96421,1,1,9,818.3913579500756
96444,1,1,4,0.42645458358136
96447,1,1,5,0.42645457969393247
96454,1,1,6,406.8445228394369
96459,1,1,6,712.3669443752601
96470,1,1,4,0.42645458358136
96482,1,1,4,0.42645458358136
96486,1,1,5,0.42645457969393247
96487,1,1,7,139.33190477276085
96514,1,1,3,40.650120982913066
96521,1,1,8,870.8351249515689
96537,1,1,1,678.1404943223412
96563,1,1,7,59.00235084797383
96566,1,1,3,53.22037859897397
96568,1,1,1,229.84158112074059
96569,1,1,7,77.58357942658778
96592,1,1,4,0.42645458358136
96597,1,1,2,342.72729090628934
96599,1,1,6,643.0717053669985
96615,1,1,5,0.42645457969393247
96616,1,1,8,263.721902103718
96642,1,1,4,0.4264545919581291
96644,1,1,9,566.9943308785708
96645,1,1,4,0.42645458358136
96647,1,1,6,704.915695420677
96662,1,1,1,195.0659185682404
96673,1,1,8,595.8157521090903
96683,1,1,10,663.5327026541663
96687,1,1,6,298.7070451718969
96693,1,1,8,477.8480026681736
96695,1,1,10,172.28751836400386
96697,1,1,5,0.42645457969393247
96699,1,1,6,480.69500270973316
96723,1,1,6,561.2128877008813
96751,0,1,0,0.1893090426774001
96756,1,1,6,679.7460914518214
96759,1,1,10,382.412984855234
96765,1,1,8,871.0092329952463
96780,1,1,9,568.8734229942626
96783,1,1,8,614.1261107518169
96785,1,1,1,469.99625450384247
96797,1,1,10,534.7994915707084
96809,1,1,5,0.42645457969393247
96810,1,1,4,0.42645458358136
96821,1,1,3,92.7887958556567
96825,1,1,6,326.57302652490216
96827,1,1,1,671.8421435978546
96833,1,1,4,0.42645458358136
96837,1,1,10,720.1749052979743
96859,1,1,9,801.8467062832652
96863,1,1,6,688.4695774384652
96879,1,1,10,389.91549477255444
96880,1,1,9,476.7577903814945
96894,1,1,3,81.31979202790184
96945,1,1,1,244.14457583639685
96959,1,1,9,801.2198179163973
96971,1,1,8,412.71629237754934
96972,1,1,9,816.0899754350286
96980,1,1,9,598.087146546382
96984,1,1,10,443.02842030131296
96986,1,1,8,511.38944810212985
96991,1,1,4,0.42645458358136
96995,1,1,8,852.7265169795243
96999,1,1,9,92.00836485855802
97003,1,1,8,638.8738549939466
97029,1,1,4,0.42645458358136
97032,1,1,4,0.42645458358136
97048,1,1,7,155.49637290124446
97050,1,1,6,752.1381634517516
97056,1,1,8,896.2434742253151
97063,1,1,7,131.65740408985388
97070,1,1,4,0.42645458358136
97074,1,1,2,53.361007692084016
97092,1,1,4,0.42645458358136
97106,1,1,4,0.42645458358136
97107,1,1,10,409.7509363668786
97108,1,1,8,942.425220990977
97121,1,1,8,467.1773955027065
97122,1,1,5,0.42645457969393247
97134,1,1,2,247.23104248829463
97135,1,1,1,492.46784330198426
97144,1,1,5,0.42645457969393247
97148,1,1,6,622.6907636255052
97151,1,1,5,0.42645457969393247
97166,1,1,1,365.3864584277306
97191,1,1,3,88.58744316032295
97202,1,1,5,0.42645456789925423
97206,1,1,2,396.9419600011283
97226,1,1,5,0.42645457969393247
97228,1,1,1,727.5624052299596
97237,1,1,8,202.53461392662578
97255,1,1,9,34.022957888041134
97264,1,1,4,0.42645458358136
97273,1,1,9,592.9883689094017
97286,1,1,4,0.42645458358136
97295,1,1,10,434.23406438270564
97309,1,1,10,294.37897410227
97319,1,1,9,879.1574862304598
97335,1,1,8,684.1523350501835
97375,1,1,9,648.8339101654111
97381,1,1,2,182.5824157010346
97401,1,1,5,0.42645457969393247
97424,1,1,6,631.1632809821499
97428,1,1,8,697.6283595109287
97432,1,1,4,0.42645458358136
97450,1,1,8,374.3530094860053
97451,1,1,3,86.62088111494946
97464,1,1,8,247.21512932233878
97465,1,1,10,662.0112282674085
97467,1,1,1,382.7620898662051
97494,1,1,8,606.2553639644722
97513,1,1,6,453.48329367773914
97527,1,1,4,0.42645458358136
97533,1,1,4,0.42645458358136
97540,0,1,0,0.11676458806492789
97554,1,1,5,0.42645457969393247
97555,1,1,6,697.231985783495
97556,1,1,9,472.03023987069037
97567,1,1,9,332.7993677635221
97573,1,1,5,0.42645457969393247
97575,1,1,8,778.3598699556911
97584,1,1,8,870.8935832196471
97591,1,1,1,721.6064122766512
97592,1,1,6,658.4064739860345
97599,1,1,6,581.404448289997
97606,1,1,9,259.718462984779
97609,1,1,4,0.42645458358136
97616,1,1,7,90.38849804395952
97618,1,1,1,677.2725683274637
97621,1,1,2,223.2922825940793
97644,0,1,0,0.1325335966467422
97650,1,1,10,280.7584236959466
97651,1,1,5,0.42645457969393247
97652,1,1,1,497.49491683700575
97662,1,1,9,823.2707688694029
97683,1,1,7,133.3417439681088
97710,1,1,9,245.32364105661273
97730,1,1,8,502.82143792726225
97808,1,1,6,567.7036559382162
97812,1,1,6,497.1878438782126
97814,1,1,10,439.36480003146227
97821,1,1,10,676.2108539192578
97824,1,1,10,374.5021193325439
97830,1,1,5,0.42645457969393247
97861,1,1,10,198.42325154646582
97863,1,1,10,99.92595334605568
97867,1,1,4,0.42645458358136
97879,1,1,1,230.6635004214712
97884,1,1,10,180.75214672474905
97885,1,1,5,0.42645456789925423
97896,1,1,9,99.14997558224806
97898,1,1,5,0.42645457969393247
97900,1,1,4,0.42645458358136
97913,1,1,4,0.42645458358136
97935,1,1,9,870.3289416526156
97946,1,1,10,545.6950374975569
97947,1,1,9,212.49251287224686
97963,1,1,1,219.9328984815706
98004,1,1,9,740.5327314286244
98026,1,1,6,628.7752731303212
98038,1,1,2,312.4073012045572
98041,1,1,6,783.986241486019
98049,1,1,5,0.42645457969393247
98052,1,1,10,455.4775906526745
98064,1,1,9,570.4206086579002
98068,1,1,2,219.90302677085256
98080,1,1,8,304.4031847875994
98095,1,1,5,0.42645457969393247
98097,1,1,6,182.6920137296054
98103,1,1,6,800.1487137762808
98139,1,1,6,515.9132621668857
98145,1,1,4,0.42645458358136
98150,1,1,1,603.7982572374253
98155,1,1,6,419.7494918987065
98156,1,1,9,297.2732875977135
98158,1,1,8,592.742422342272
98161,1,1,10,626.5091813463423
98163,1,1,5,0.42645457969393247
98174,1,1,1,252.81543559123378
98179,1,1,1,663.2256592204895
98182,1,1,4,0.42645458358136
98188,1,1,5,0.42645456789925423
98189,1,1,6,643.4915976074413
98200,1,1,8,885.4005496512705
98204,1,1,8,498.90791440164764
98207,1,1,5,0.42645457969393247
98209,1,1,6,766.3696567507675
98233,1,1,8,122.42786246215945
98241,1,1,5,0.42645457969393247
98253,1,1,5,0.42645457969393247
98254,1,1,1,643.5898613415159
98264,1,1,5,0.42645457969393247
98271,1,1,8,690.7915365639955
98276,1,1,9,744.5595928659282
98300,1,1,5,0.42645457969393247
98303,1,1,9,126.82717499303875
98326,1,1,8,463.59284124940575
98346,1,1,8,572.4061382063619
98351,1,1,8,445.2240026317191
98371,1,1,2,299.07639655903915
98377,1,1,5,0.42645457969393247
98385,1,1,4,0.42645458358136
98393,1,1,6,522.8861651364164
98402,1,1,10,486.36450056971404
98406,1,1,4,0.42645458358136
98408,1,1,10,238.2058401505849
98410,1,1,6,616.4607164096616
98415,1,1,7,56.9686504236448
98425,1,1,4,0.42645458358136
98455,1,1,10,643.5015007446452
98466,1,1,8,825.9424196228837
98477,1,1,4,0.42645458358136
98485,1,1,1,604.5251061168685
98487,1,1,6,496.44933534785645
98497,1,1,9,589.7441561583919
98505,1,1,4,0.42645458358136
98510,1,1,6,491.14672315526605
98526,1,1,5,0.42645457969393247
98541,1,1,9,614.8585484531493
98559,1,1,9,669.8371148152329
98560,1,1,9,496.0320103708399
98573,1,1,10,402.5450467234641
98586,1,1,6,787.7225402921174
98595,1,1,10,653.4223831187969
98599,1,1,8,138.74227216016737
98605,1,1,8,722.4680023853302
98639,1,1,5,0.42645457969393247
98661,1,1,9,22.980716721235446
98669,1,1,5,0.42645457969393247
98670,1,1,10,200.27609664653332
98673,1,1,5,0.42645457969393247
98679,1,1,8,605.5404818906658
98683,1,1,9,865.8425675425694
98688,1,1,5,0.42645457969393247
98697,1,1,9,615.5293912678054
98713,1,1,10,122.91222197213864
98737,1,1,4,0.42645458358136
98738,1,1,1,708.2464065941224
98757,1,1,2,63.27953808939415
98759,1,1,9,603.2164711345358
98760,1,1,3,71.34399289244942
98763,1,1,1,708.7935170886557
98774,1,1,8,557.4019022735475
98788,1,1,8,630.5717105452653
98795,1,1,5,0.42645457969393247
98796,1,1,5,0.42645456789925423
98817,1,1,9,540.8956305285309
98819,1,1,1,596.6089899746861
98825,1,1,8,571.6035396443295
98845,1,1,10,123.75856201748257
98851,1,1,6,337.5399239111021
98855,1,1,3,90.02175656621007
98858,1,1,8,869.5498658198295
98863,1,1,4,0.42645458358136
98866,1,1,5,0.42645457969393247
98873,1,1,10,460.74676167790807
98876,1,1,8,243.45582615428123
98888,1,1,2,399.40797673350863
98895,1,1,4,0.42645458358136
98908,1,1,4,0.42645458358136
98924,1,1,2,143.90175884636884
98931,1,1,9,341.22848391465305
98955,1,1,3,87.8905423284633
98957,1,1,8,684.3424576845563
98959,1,1,5,0.42645457969393247
98969,1,1,6,470.67238296269005
98978,1,1,4,0.42645458358136
99011,1,1,3,64.54091172544214
99021,1,1,8,268.5812090268197
99032,1,1,5,0.42645457969393247
99068,1,1,9,509.30287313124774
99071,1,1,1,537.3366744124106
99084,1,1,5,0.42645457969393247
99109,1,1,6,574.6581365777048
99110,1,1,4,0.42645458358136
99128,1,1,9,162.01099354997598
99132,1,1,1,655.5627599460128
99208,1,1,6,331.87776707450564
99217,1,1,10,578.9758962980885
99227,1,1,4,0.42645458358136
99236,1,1,6,415.53154175355974
99244,1,1,1,475.1029423198148
99255,1,1,10,291.5880249596142
99257,1,1,5,0.42645457969393247
99275,1,1,10,409.2152645420403
99294,1,1,9,427.22249083220146
99305,1,1,8,536.7718815948068
99329,1,1,9,422.4317502501957
99332,1,1,5,0.42645457969393247
99338,1,1,7,126.6877576779802
99358,1,1,4,0.42645458358136
99363,1,1,5,0.42645457969393247
99365,1,1,9,608.2377077427634
99372,1,1,2,392.31105940989545
99384,0,1,0,0.10550536616795397
99401,1,1,10,695.1392853174443
99409,1,1,4,0.42645458358136
99414,1,1,4,0.42645458358136
99423,1,1,4,0.42645458358136
99449,1,1,9,378.68216633795726
99451,1,1,10,448.40428950461825
99454,1,1,5,0.42645457969393247
99469,1,1,8,784.2930337728388
99499,1,1,6,408.26310451960813
99501,1,1,4,0.42645458358136
99502,1,1,8,454.69195756567336
99503,1,1,10,619.6693471603242
99525,1,1,8,661.9302444692796
99529,1,1,3,89.04355655232504
99532,1,1,6,556.1143439130286
99538,1,1,1,730.2506937065541
99542,1,1,9,217.60692628688224
99544,1,1,8,626.817029338396
99551,1,1,1,713.9923383906349
99566,1,1,5,0.42645457969393247
99571,1,1,5,0.42645457969393247
99605,1,1,9,871.9086124061087
99607,1,1,9,822.6921770517584
99619,1,1,9,834.6446126650598
99623,1,1,5,0.42645457969393247
99632,1,1,10,590.5838126525063
99635,1,1,4,0.42645458358136
99644,1,1,5,0.5701425056893805
99645,1,1,8,285.93562287624565
99651,1,1,8,554.987279803144
99659,1,1,10,453.03485908443724
99660,1,1,5,0.42645457969393247
99682,1,1,6,388.8036188264162
99691,1,1,9,404.4007150002841
99700,1,1,9,212.02690924246727
99718,1,1,4,0.42645458358136
99726,1,1,2,374.6704585836696
99731,1,1,5,0.42645457969393247
99751,1,1,7,83.44120686916692
99764,1,1,8,680.6048968052243
99765,1,1,8,596.5540717456664
99785,1,1,5,0.42645457969393247
99796,1,1,10,720.8659508955814
99800,1,1,10,399.2466367763633
99810,1,1,9,771.422321208819
99818,1,1,6,466.7227939373711
99819,1,1,10,391.3895721261117
99834,1,1,1,621.6186604985496
99838,1,1,5,0.42645457969393247
99845,1,1,9,487.01389305574554
99861,1,1,6,404.52605499591357
99877,1,1,6,404.68860620655755
99888,1,1,9,261.5317768203322
99897,1,1,9,781.857071423725
99901,1,1,9,691.1443871909454
99907,1,1,6,129.41207611486413
99922,1,1,4,0.42645458358136
99943,0,1,0,0.1217182979345336
99945,1,1,8,947.5131032098661
99957,1,1,5,0.42645457969393247
99964,1,1,9,539.3569562709258
99973,1,1,9,476.30083577721444
100013,1,1,8,790.4786509565488
100014,1,1,6,772.7386165988478
100021,1,1,6,755.443862746469
100028,1,1,6,545.772597337316
100051,1,1,6,617.3782173512321
100053,1,1,8,271.5085408023327
100061,1,1,8,743.2049880364588
100067,1,1,8,596.499133220427
100088,1,1,4,0.42645458358136
100104,1,1,6,117.99014916561244
100115,1,1,1,290.63299551996835
100126,1,1,5,0.42645457969393247
100130,1,1,9,569.3052821461022
100136,1,1,3,63.83243740075565
100152,1,1,8,343.9542077411877
100153,1,1,7,96.5743178849985
100159,1,1,4,0.4264545919581291
100172,1,1,10,717.031481890164
100179,1,1,9,860.0626419516311
100190,1,1,10,440.4670765510795
100215,1,1,6,405.9197164360908
100216,0,1,0,0.08584237435424576
100224,1,1,1,183.7245648650551
100226,1,1,8,834.1389804266427
100240,1,1,5,0.42645457969393247
100251,1,1,6,548.1086950804173
100259,1,1,6,401.93952285595776
100271,1,1,10,263.6693181157975
100296,1,1,7,92.1743859798374
100302,1,1,4,0.42645458358136
100309,1,1,6,792.9992719038339
100316,1,1,5,0.42645457969393247
100319,1,1,6,380.0021467657338
100321,1,1,8,534.9374993944587
100336,1,1,10,721.0849914652122
100348,1,1,1,166.91607834958768
100350,1,1,5,0.42645457969393247
100354,1,1,6,453.7544543324573
100357,1,1,5,0.42645457969393247
100368,1,1,9,769.2450551652042
100385,1,1,10,625.8715997040413
100389,1,1,1,278.5725518948084
100397,1,1,2,464.85260125259015
100418,1,1,9,820.3543868174039
100427,1,1,7,59.05097554181141
100434,1,1,1,618.4647766094882
100456,1,1,4,0.42645458358136
100462,1,1,5,0.42645457969393247
100478,1,1,5,0.42645456789925423
100485,1,1,10,214.73605647996607
100500,0,1,0,0.09158244870477032
100503,1,1,4,0.42645458358136
100504,1,1,9,115.85497995072697
100507,1,1,9,834.3302779596868
100513,1,1,10,461.81499684373944
100520,1,1,2,310.0635375681439
100533,1,1,6,434.0879521235141
100534,1,1,9,590.1915253798235
100552,1,1,5,0.42645457969393247
100553,1,1,10,181.73276529471545
100561,1,1,5,0.42645457969393247
100567,1,1,1,169.9322635142813
100578,1,1,6,532.5501654666216
100581,1,1,8,177.5235329655352
100591,1,1,5,0.42645457969393247
100593,1,1,4,0.42645458358136
100596,1,1,8,228.43949230310278
100597,1,1,10,624.7352371990911
100600,1,1,4,0.42645458358136
100606,1,1,4,0.42645458358136
100637,1,1,9,605.0308003892264
100638,1,1,10,254.56549820279784
100658,1,1,1,265.39611149028536
100670,1,1,9,294.45655902196404
100697,1,1,6,537.5591871237006
100711,1,1,7,125.35510031079343
100715,1,1,6,174.78795366523042
100744,1,1,5,0.42645457969393247
100772,1,1,6,272.5725360412706
100785,1,1,6,777.2299545786373
100790,1,1,4,0.4264545919581291
100815,1,1,5,0.42645456789925423
100825,1,1,8,555.6011044603094
100831,1,1,4,0.42645458358136
100845,1,1,3,82.00045681040966
100861,1,1,10,466.5416661507607
100866,1,1,9,536.1783108992
100886,1,1,4,0.42645458358136
100919,1,1,8,667.0634024433472
100935,1,1,8,290.6319281006558
100940,1,1,5,0.42645457969393247
100942,1,1,5,0.42645457969393247
100954,1,1,5,0.42645457969393247
100955,1,1,9,252.677937588135
100961,1,1,5,0.42645457969393247
100976,1,1,6,389.0961657911989
100979,1,1,5,0.42645457969393247
100990,1,1,8,856.0904805791598
100993,1,1,6,784.6569657007643
100996,1,1,8,195.8853668513178
100999,1,1,6,427.0796615620559
101005,1,1,1,610.195647020883
101009,1,1,10,360.8154777471002
101012,1,1,10,219.55624518932936
101015,1,1,6,354.77305603520045
101016,1,1,4,0.42645458358136
101041,1,1,9,381.4951062184462
101071,1,1,9,600.72879709337
101079,1,1,1,531.7649831344893
101089,1,1,4,0.42645458358136
101092,1,1,5,0.42645457969393247
101123,1,1,5,0.42645457969393247
101134,1,1,8,637.370909486959
101140,1,1,8,745.0962886341275
101149,1,1,3,85.98483232457325
101151,1,1,4,0.42645458358136
101152,1,1,10,460.97617811034826
101224,1,1,2,459.54551354667547
101256,1,1,6,173.79471223378002
101279,1,1,8,937.7849106537385
101283,1,1,9,642.4172614698771
101285,1,1,8,669.3827036142136
101290,1,1,9,35.66793673937016
101312,1,1,8,662.1320246130092
101316,1,1,6,307.7142591305869
101325,1,1,10,470.1308833298746
101339,1,1,8,641.9403679634476
101340,1,1,5,0.42645457969393247
101350,1,1,5,0.42645457969393247
101356,1,1,6,793.86160733433
101362,1,1,6,430.40784319968134
101365,1,1,10,335.8287172556228
101367,1,1,5,0.42645457969393247
101373,1,1,9,708.1221030205072
101376,1,1,6,380.6269334852303
101390,1,1,8,782.8014950772226
101392,1,1,10,499.4026583524068
101394,1,1,5,0.42645457969393247
101416,1,1,9,328.823228575391
101428,1,1,9,665.9566755422917
101430,1,1,6,750.9718409310855
101431,1,1,6,574.0720430678889
101445,1,1,8,547.3597430371025
101457,1,1,8,929.7300016961943
101463,1,1,4,0.4264545919581291
101488,1,1,9,823.4557449055523
101501,1,1,6,277.55675504686565
101509,1,1,5,0.42645457969393247
101510,1,1,10,506.08899598957055
101531,1,1,2,244.64931084902557
101535,1,1,8,412.3365424148232
101550,1,1,4,0.42645458358136
101556,1,1,6,783.0787980431996
101561,1,1,6,585.5054907351331
101564,1,1,8,214.0609009681537
101567,1,1,8,704.7414438218665
101569,1,1,4,0.42645458358136
101573,1,1,5,0.42645457969393247
101586,1,1,2,215.42949048482808
101596,1,1,9,355.0168554129831
101597,1,1,4,0.42645458358136
101600,1,1,3,55.622134856942004
101601,1,1,4,0.42645458358136
101608,1,1,5,0.42645457969393247
101632,1,1,9,698.7518665344519
101681,1,1,1,266.08496126123913
101682,1,1,8,409.26343855343003
101699,1,1,9,714.9688456802113
101721,1,1,9,889.6294509436245
101730,1,1,6,555.8287862888835
101738,1,1,9,797.2254817171745
101739,1,1,1,442.1012107825363
101749,1,1,3,48.26611263544254
101756,1,1,8,459.68602484874043
101763,1,1,9,159.86770936236698
101804,1,1,8,791.5508143997585
101812,1,1,4,0.4264545919581291
101815,1,1,9,614.7982326843647
101820,1,1,4,0.42645458358136
101827,1,1,5,0.42645457969393247
101832,1,1,5,0.42645457969393247
101876,1,1,4,0.42645458358136
101878,1,1,1,376.18613465291844
101919,1,1,9,715.7019685872868
101938,1,1,5,0.42645457969393247
101962,1,1,8,532.6419710345658
101971,1,1,8,810.9918003845114
101985,1,1,3,90.72610120462798
101995,1,1,9,759.8669261202025
101996,1,1,10,709.5594856305462
102050,1,1,6,480.6110062966821
102058,1,1,2,297.8166148223991
102074,1,1,8,644.4966376925282
102081,1,1,6,767.8555610493826
102087,1,1,6,487.0132979149482
102102,1,1,6,200.07623999731393
102114,1,1,8,360.9634895584477
102121,1,1,5,0.42645457969393247
102141,1,1,1,657.3811303670527
102145,1,1,5,0.42645457969393247
102147,1,1,4,0.42645458358136
102163,1,1,5,0.42645457969393247
102173,1,1,10,179.56616953537227
102202,1,1,9,566.6586607024294
102214,1,1,7,144.4048200244417
102227,1,1,9,606.8633908539804
102228,1,1,10,546.3118326058532
102235,1,1,10,263.26296279727427
102259,1,1,10,389.6917546310782
102262,1,1,3,90.10768407755468
102265,1,1,1,695.6392165844525
102282,1,1,10,668.623757005853
102289,1,1,5,0.42645457969393247
102302,1,1,1,528.3232745340787
102311,1,1,4,0.42645458358136
102317,1,1,3,81.48597103563618
102318,1,1,3,69.71672291434497
102350,1,1,9,874.1956185603781
102357,1,1,9,656.3963971495428
102368,1,1,7,91.89467772324505
102373,1,1,6,379.79789419089695
102383,1,1,2,80.71486021261758
102391,1,1,9,565.0747465323341
102440,1,1,8,889.7696440664754
102443,1,1,8,555.3473298575998
102445,1,1,9,861.0263657120554
102448,1,1,5,0.42645457969393247
102455,1,1,9,645.1166328613551
102460,1,1,3,60.972001075648116
102465,1,1,10,197.77264081868253
102467,1,1,2,390.8525051388158
102471,1,1,4,0.42645458358136
102478,1,1,8,559.8180386530811
102482,1,1,4,0.42645458358136
102492,1,1,4,0.42645458358136
102494,1,1,5,0.42645457969393247
102496,1,1,6,343.8568943746813
102503,1,1,10,319.4330554537952
102516,1,1,9,787.9849384000412
102519,1,1,8,429.0412227178676
102532,0,1,0,0.12103231030534993
102552,1,1,8,408.34318894108645
102556,1,1,4,0.42645458358136
102558,1,1,9,399.4636600542301
102568,1,1,9,825.574886555891
102571,1,1,3,81.07149104635785
102581,1,1,6,790.5101776060158
102607,1,1,2,54.274249778068814
102628,1,1,8,897.2684701910276
102639,1,1,6,386.8148958305425
102640,1,1,6,564.842659269342
102642,1,1,5,0.42645457969393247
102643,1,1,6,783.9310315286617
102647,1,1,7,56.80710393532408
102672,1,1,9,777.2914360318298
102681,1,1,8,444.0093762621055
102708,1,1,9,108.76530609426528
102719,1,1,3,91.31006561858744
102738,1,1,7,15.745583058220872
102760,1,1,6,721.7385565414088
102778,1,1,10,167.77969142703424
102783,1,1,4,0.42645458358136
102790,1,1,8,649.308851214342
102792,1,1,6,605.8207165080869
102797,1,1,8,612.1050035095798
102809,1,1,2,416.56337471862395
102816,1,1,4,0.42645458358136
102821,1,1,1,614.3356406880596
102830,1,1,8,867.7282471926554
102847,1,1,6,540.8863760158163
102865,1,1,9,395.78279347114966
102873,1,1,5,0.42645457969393247
102877,1,1,5,0.42645456789925423
102896,1,1,10,721.1862397188
102898,1,1,10,626.016374326743
102900,1,1,5,0.42645457969393247
102920,1,1,6,485.486460025404
102937,1,1,9,545.3566308457848
102942,1,1,5,0.42645457969393247
102951,1,1,7,73.851590943546
102953,1,1,1,188.9395833882732
102957,1,1,9,843.2860292565298
102960,1,1,5,0.42645457969393247
102965,1,1,8,124.66585215673328
102977,1,1,4,0.42645458358136
102978,1,1,9,446.9524663267788
102984,1,1,1,238.34893733218152
103008,1,1,8,701.0564965939176
103011,1,1,7,64.68464607076311
103026,1,1,10,398.67236056637915
103029,1,1,6,293.723006925393
103031,1,1,10,133.4775027311047
103050,1,1,3,91.97843069408232
103060,1,1,1,221.6089607378189
103067,1,1,7,92.22689298661703
103091,1,1,8,345.92400975781675
103092,1,1,5,0.42645457969393247
103110,1,1,10,426.3872030468939
103130,1,1,4,0.42645458358136
103132,1,1,9,577.6132188061074
103145,1,1,9,775.4608745452854
103149,1,1,6,544.1518935684121
103157,1,1,6,212.75237420562337
103159,1,1,7,99.55202026284938
103161,1,1,8,817.1645771521962
103170,1,1,3,66.60581900034587
103185,1,1,6,711.0138054206066
103196,1,1,6,430.6375412966117
103228,1,1,3,88.10079408769994
103229,1,1,5,0.42645457969393247
103230,1,1,5,0.42645457969393247
103232,1,1,5,0.42645457969393247
103236,1,1,5,0.42645457969393247
103259,1,1,5,0.42645457969393247
103262,1,1,4,0.42645458358136
103270,1,1,4,0.42645458358136
103279,1,1,9,248.92875274954187
103280,1,1,5,0.42645457969393247
103288,1,1,9,755.309201732223
103304,1,1,4,0.42645458358136
103308,1,1,9,643.1983351704037
103315,1,1,6,372.969400950358
103357,0,1,0,0.11434587866962669
103358,1,1,5,0.42645457969393247
103364,1,1,8,321.4230738589019
103370,1,1,9,579.0379189968722
103415,1,1,7,89.55086510689735
103426,1,1,8,386.37460333596135
103433,1,1,2,487.47734008673524
103439,1,1,4,0.42645458358136
103454,1,1,6,523.9416641016179
103480,1,1,7,173.99135665332122
103493,1,1,8,689.608649530462
103521,1,1,9,333.03390383844004
103537,0,1,0,0.215126298454358
103560,1,1,8,732.6112671353233
103571,1,1,9,666.7677406590208
103574,1,1,8,817.6341993112977
103593,1,1,4,0.42645458358136
103596,1,1,9,569.0273314494306
103601,1,1,1,292.582378571751
103607,1,1,6,531.9349095276253
103619,1,1,8,226.21402932829733
103631,1,1,4,0.42645458358136
103642,1,1,2,349.9935395782771
103669,1,1,2,167.56099244928598
103685,1,1,4,0.42645458358136
103695,1,1,6,372.07811379535445
103700,1,1,9,485.2914907716686
103710,1,1,9,571.4277889278511
103722,1,1,6,641.7369621280787
103750,1,1,6,303.567503831186
103764,1,1,8,134.1947096268479
103792,1,1,8,704.418766228325
103825,1,1,4,0.42645458358136
103834,1,1,5,0.42645457969393247
103847,1,1,6,791.6552058950718
103848,1,1,1,653.7294795977806
103873,1,1,8,604.2730611640623
103874,1,1,6,800.0910426289245
103880,1,1,8,601.9718251384742
103885,1,1,4,0.42645458358136
103887,1,1,4,0.42645458358136
103890,1,1,9,788.8218554363496
103912,1,1,10,414.50026196227094
103928,1,1,8,354.75163923637854
103940,1,1,4,0.42645458358136
103953,1,1,8,361.1930513637068
103957,1,1,8,819.7639873276614
103965,1,1,2,54.50247924334771
103966,1,1,9,880.8797867550286
103969,1,1,9,859.8758689421627
103981,1,1,5,0.42645457969393247
103986,1,1,7,56.74518634389931
103987,1,1,9,545.0626228431428
103991,1,1,5,0.42645457969393247
104003,1,1,6,279.14213044384087
104006,1,1,8,299.94406129240497
104008,1,1,7,95.3521517534595
104009,1,1,5,0.42645457969393247
104010,1,1,8,686.5933656605389
104013,1,1,6,511.27907252202056
104014,1,1,4,0.42645458358136
104027,1,1,1,223.6465037669628
104028,1,1,1,518.8044577106376
104048,1,1,2,236.8014183253535
104062,1,1,10,195.0738359227189
104065,1,1,9,771.4458222538182
104084,1,1,10,411.3155291710935
104087,1,1,9,624.8339417163
104093,1,1,9,562.454637619922
104106,1,1,6,530.4577415438343
104112,1,1,8,616.5571539614385
104117,1,1,8,298.58570647702004
104128,1,1,6,395.26697029617554
104141,1,1,9,467.6618217643509
104144,1,1,7,104.8089672503085
104152,1,1,8,722.7374285608174
104153,1,1,5,0.42645457969393247
104162,1,1,8,732.5009927922594
104183,1,1,2,261.01233302413954
104184,1,1,9,784.8327224312253
104196,1,1,6,779.3239548308427
104198,1,1,10,329.2654827586539
104214,1,1,1,633.6837556338924
104239,1,1,7,146.63415793031663
104246,1,1,2,175.62407279406906
104269,1,1,10,650.8191482357515
104271,1,1,2,401.9741063985767
104274,1,1,4,0.42645458358136
104276,1,1,4,0.42645458358136
104290,1,1,6,253.67583795350635
104292,1,1,5,0.42645457969393247
104299,1,1,10,332.06587789245197
104304,1,1,1,606.6349275453724
104315,1,1,3,56.735439372395696
104318,1,1,6,468.93017250901437
104322,1,1,6,782.8853370702928
104324,1,1,9,866.861343254639
104330,1,1,9,518.4698386903333
104338,1,1,9,600.4499640458449
104360,1,1,9,409.4166577273734
104362,1,1,5,0.42645457969393247
104365,1,1,9,329.4615361834171
104366,1,1,8,863.9291872778095
104379,1,1,6,666.958287938278
104381,1,1,5,0.42645457969393247
104386,1,1,8,777.0758789605967
104390,0,1,0,0.11030537267586767
104397,1,1,2,386.47006273710974
104407,1,1,6,655.1619326397723
104459,1,1,8,516.7221406403344
104477,1,1,9,598.345695636014
104489,1,1,7,9.81727319238434
104498,1,1,2,234.68341215612057
104501,1,1,10,391.4029450742131
104503,1,1,6,682.6950689921613
104517,1,1,9,394.7037007483573
104519,1,1,9,720.7425319657167
104536,1,1,9,273.35074086511054
104557,1,1,9,828.133106363079
104569,1,1,8,661.5361007568843
104575,1,1,6,333.2923251077595
104581,1,1,9,515.1292844181728
104589,1,1,5,0.42645457969393247
104597,1,1,10,669.6363162790458
104601,1,1,8,781.5219986786196
104605,1,1,4,0.42645458358136
104617,1,1,3,58.24414088167968
104621,1,1,4,0.42645458358136
104627,1,1,8,812.7729289450018
104643,1,1,4,0.42645458358136
104654,1,1,9,615.1940802410135
104663,1,1,2,379.10584438095754
104706,1,1,8,661.7879618533117
104707,1,1,4,0.42645458358136
104709,1,1,4,0.42645458358136
104711,1,1,8,421.3930853711806
104721,1,1,1,256.2347700780177
104727,1,1,8,799.7201709013518
104738,1,1,7,141.94579844690358
104744,1,1,3,89.52965662066379
104745,1,1,5,0.42645457969393247
104753,1,1,5,0.42645457969393247
104770,1,1,9,608.085009902418
104776,1,1,8,900.7412919129346
104788,1,1,1,464.7705892647663
104793,1,1,1,706.1211887734676
104796,1,1,9,814.5160811127677
104800,1,1,8,520.5598154809311
104825,1,1,6,654.3613663864703
104826,1,1,1,301.83215495412054
104830,1,1,9,130.3479786498072
104847,1,1,5,0.42645457969393247
104854,1,1,10,605.547044854868
104921,1,1,4,0.42645458358136
104931,1,1,10,169.99585628261528
104941,1,1,4,0.42645458358136
104945,1,1,9,634.883205622932
104948,1,1,2,351.8689616788066
104968,1,1,10,400.66003935865444
105001,1,1,9,885.2617623733823
105011,1,1,6,157.43994441399053
105021,1,1,2,339.1223164356029
105027,1,1,9,795.0347806886418
105029,1,1,9,554.0975165397052
105034,1,1,5,0.42645457969393247
105036,1,1,9,358.4647129236426
105045,1,1,8,902.8588786511151
105048,1,1,7,119.3567340236814
105060,1,1,9,566.1091612434541
105074,1,1,4,0.42645458358136
105082,1,1,6,632.4387960328346
105085,1,1,5,0.42645457969393247
105099,1,1,10,322.2518638729038
105101,1,1,6,665.8763549399767
105108,1,1,4,0.4264545919581291
105115,1,1,3,88.9870795845606
105118,1,1,8,887.9710189192427
105123,1,1,8,291.7888652568565
105141,1,1,8,294.40251845931306
105142,1,1,6,806.8718964485178
105173,1,1,5,0.28017667178655237
105191,1,1,6,547.8672392733769
105195,1,1,10,721.5245384237614
105197,1,1,5,0.42645457969393247
105203,1,1,5,0.42645457969393247
105220,1,1,3,92.83542280628227
105233,1,1,9,395.0309097783902
105268,1,1,4,0.42645458358136
105269,1,1,5,0.42645457969393247
105286,1,1,1,727.6638601815835
105293,1,1,5,0.42645457969393247
105296,1,1,1,719.5344704510336
105306,1,1,8,884.2123469918196
105309,1,1,5,0.42645457969393247
105315,1,1,8,565.4712108516711
105373,1,1,9,739.3901042345087
105374,1,1,6,125.36738291754253
105398,1,1,2,461.77710278094423
105419,1,1,8,216.79975284537795
105421,1,1,8,925.881314488618
105428,1,1,9,441.7786290901333
105444,1,1,4,0.42645458358136
105448,1,1,8,807.171117779705
105454,1,1,9,394.90437944036046
105465,1,1,4,0.42645458358136
105494,1,1,2,125.30183568348181
105509,1,1,5,0.42645456789925423
105518,1,1,7,107.73919443045
105521,1,1,7,133.53590973080122
105523,1,1,4,0.42645458358136
105524,1,1,1,412.28023316112444
105545,1,1,2,289.1605419007872
105565,1,1,8,729.9598892787732
105582,1,1,4,0.42645458358136
105604,1,1,1,218.06880537849537
105609,1,1,8,902.8267054816076
105617,1,1,10,602.5973654594106
105622,1,1,5,0.42645457969393247
105624,1,1,6,804.6149518351157
105628,1,1,6,289.7421595702207
105630,1,1,8,680.3385272951095
105635,1,1,10,440.0023209855245
105648,1,1,8,480.564523361413
105663,1,1,7,119.83177117963515
105695,1,1,10,461.59775398014625
105722,1,1,9,721.1383144929658
105726,1,1,4,0.42645458358136
105729,1,1,10,198.90720342736984
105749,1,1,1,672.3409070731738
105759,1,1,10,709.751266370117
105771,1,1,9,714.4232327384225
105780,1,1,6,548.3267062522882
105784,1,1,2,363.95404853916085
105803,1,1,4,0.42645458358136
105815,1,1,6,511.99901663050525
105827,1,1,9,615.9041171403361
105829,1,1,7,89.41578006934934
105844,1,1,10,125.98309733980153
105850,1,1,10,269.35783690390684
105857,1,1,6,429.4938212419737
105858,1,1,8,855.9651374664911
105865,1,1,3,92.23987937771415
105874,1,1,4,0.42645458358136
105881,1,1,6,463.9891504167803
105894,1,1,1,197.16609914508547
105907,1,1,6,522.3363416456394
105910,1,1,10,575.416025979141
105912,1,1,8,605.175519622241
105915,1,1,9,881.1589067248032
105923,1,1,8,465.0676871298765
105933,1,1,10,720.7390192789795
105934,1,1,2,453.16737998018203
105958,1,1,10,424.74490098047244
105960,1,1,7,94.76887687067197
105961,1,1,4,0.42645458358136
105965,1,1,5,0.42645457969393247
105980,1,1,9,745.62146946725
105990,1,1,2,474.47393760956857
105993,1,1,9,635.7007871557236
106005,1,1,5,0.42645457969393247
106025,1,1,1,600.638033625474
106030,1,1,8,503.2517514998849
106049,1,1,6,357.1277698236511
106054,1,1,7,126.16236366197583
106057,1,1,9,693.4728247961823
106059,1,1,10,446.95830576378927
106065,1,1,6,523.0768575029235
106070,1,1,2,488.9769579123504
106072,1,1,4,0.42645458358136
106081,1,1,6,215.22655851144228
106102,1,1,9,420.24137016041266
106106,1,1,4,0.4264545919581291
106113,1,1,8,836.205976715099
106118,1,1,6,740.8964656782625
106122,1,1,9,832.2218966287005
106123,1,1,8,664.5650480739321
106126,1,1,9,312.77109942353917
106127,1,1,4,0.42645458358136
106137,1,1,7,64.84991936287528
106140,1,1,10,457.66205891333794
106143,1,1,9,830.1974771267511
106173,1,1,6,558.9857980563103
106178,1,1,9,765.6973386861572
106192,1,1,6,700.0485259825011
106194,1,1,10,394.10888014220563
106201,1,1,5,0.42645457969393247
106204,1,1,9,885.2410005900293
106209,1,1,10,583.6798246808604
106220,1,1,4,0.42645458358136
106223,1,1,8,720.5555854507066
106235,1,1,6,549.3692633880602
106237,1,1,8,674.6909422555735
106242,1,1,9,813.9611355088683
106277,1,1,1,692.6489172057504
106282,1,1,10,165.54625491248066
106302,1,1,7,71.23525687949513
106309,1,1,8,770.6230040263765
106312,1,1,5,0.42645457969393247
106317,1,1,6,793.5804251767875
106323,1,1,8,729.4749439612015
106335,1,1,1,186.39500122191419
106337,1,1,6,479.7398510776477
106347,1,1,4,0.4264545919581291
106348,1,1,8,111.18962602270754
106371,1,1,3,77.44079916828822
106385,1,1,4,0.42645458358136
106405,1,1,10,469.7923851342011
106406,1,1,9,719.3730915005466
106424,1,1,5,0.42645457969393247
106434,1,1,7,141.6282365898357
106444,1,1,6,416.07412370548184
106462,1,1,8,684.841871079357
106468,1,1,10,510.4439991698966
106489,1,1,10,676.8358477389493
106490,1,1,8,530.4204471127701
106498,1,1,5,0.42645457969393247
106518,1,1,9,679.6370475182165
106521,1,1,8,616.9434082529235
106526,1,1,6,775.8833103524547
106529,1,1,4,0.42645458358136
106543,1,1,6,556.4714394374462
106553,1,1,8,358.8502241746981
106557,1,1,5,0.42645457969393247
106562,1,1,9,292.85047506399445
106563,1,1,4,0.42645458358136
106580,1,1,10,240.0893006707792
106590,1,1,4,0.42645458358136
106594,1,1,5,0.42645457969393247
106599,1,1,9,540.1593048970744
106605,1,1,5,0.42645457969393247
106616,1,1,2,356.4618422994357
106624,1,1,7,65.3743973686767
106625,1,1,10,399.35736164281633
106633,1,1,6,534.5730796652623
106637,1,1,6,157.42987415277602
106638,1,1,8,113.57160231617597
106641,1,1,3,80.27132668374762
106654,1,1,1,645.5150996354042
106657,1,1,10,351.96650701243595
106660,1,1,8,843.3793631820237
106664,1,1,4,0.42645458358136
106668,1,1,9,597.8093271351703
106678,1,1,4,0.42645458358136
106693,1,1,1,610.5032785962061
106699,1,1,4,0.42645458358136
106742,1,1,6,587.8025358701997
106743,1,1,4,0.42645458358136
106748,1,1,8,605.4959924383484
106754,1,1,5,0.42645457969393247
106755,1,1,1,516.5396929900255
106768,1,1,4,0.42645458358136
106774,1,1,6,467.1346675160803
106798,1,1,1,163.21581924192108
106806,1,1,8,383.8845908529017
106807,1,1,5,0.42645457969393247
106812,1,1,9,854.5676425595485
106823,1,1,9,605.0323679312512
106860,1,1,9,609.8906972063667
106873,1,1,10,328.5175047372781
106899,1,1,6,782.6804105377705
106900,1,1,3,73.20790031843264
106924,1,1,6,803.8354664631703
106925,1,1,1,271.7854163827174
106931,1,1,3,54.083706911925574
106951,1,1,9,735.3414142355878
106962,1,1,6,543.8554006329496
107008,1,1,10,648.4857771116106
107010,1,1,9,119.23518659067616
107020,1,1,8,574.8876474678075
107029,1,1,7,29.642670036372465
107039,1,1,8,555.6787345188292
107043,1,1,1,543.3513186528683
107044,1,1,3,85.8834656792298
107077,1,1,5,0.42645457969393247
107084,1,1,9,492.1023879039239
107086,1,1,9,527.4301040070121
107089,1,1,10,668.9675896209498
107096,1,1,4,0.42645458358136
107102,1,1,8,384.1773815417182
107105,1,1,6,586.9820376049055
107114,1,1,6,612.297928233791
107127,1,1,9,184.85607649182086
107171,1,1,7,74.30604526818914
107175,1,1,1,605.8936035430296
107176,1,1,5,0.42645457969393247
107180,1,1,8,656.3972190643733
107182,1,1,1,598.9930325097455
107185,1,1,3,89.10619676939444
107193,1,1,8,764.9894437791567
107195,1,1,8,620.5706641373116
107197,1,1,4,0.42645458358136
107199,1,1,1,756.5053615098917
107231,1,1,5,0.42645457969393247
107241,1,1,9,625.8437650762821
107247,1,1,9,457.4338919616027
107257,1,1,6,798.6604104612993
107260,1,1,6,780.9732418617746
107264,1,1,9,326.5486752226272
107271,1,1,6,543.4768984219061
107280,1,1,5,0.42645456789925423
107296,1,1,9,546.0060001014749
107306,1,1,5,0.42645457969393247
107316,1,1,5,0.42645457969393247
107323,1,1,7,165.59749813427936
107336,1,1,9,484.4056725597354
107357,1,1,2,243.15524209123907
107362,1,1,9,465.1107008436235
107375,1,1,8,247.23248969717736
107389,1,1,7,59.58486847692797
107393,1,1,3,92.49275378059689
107407,1,1,10,499.5078006825564
107411,1,1,2,441.32546212163663
107413,1,1,7,98.5232504670419
107415,1,1,8,716.3004663810585
107433,1,1,8,149.89715069935633
107445,1,1,5,0.42645457969393247
107459,1,1,4,0.42645458358136
107460,1,1,10,270.62546784284655
107465,1,1,3,47.176146197377854
107471,1,1,10,379.8808255434058
107483,1,1,10,500.6665581064988
107488,1,1,4,0.42645458358136
107494,1,1,6,183.02855134525097
107517,1,1,1,304.9483391569335
107530,1,1,2,234.46012793611337
107542,1,1,5,0.42645457969393247
107548,1,1,8,170.92963519716542
107561,1,1,10,433.92055838576283
107568,1,1,1,231.62696423932394
107576,1,1,8,869.1618233621666
107578,1,1,8,324.82668046608774
107616,1,1,3,88.77867399868407
107629,1,1,9,369.9666789357625
107632,1,1,9,868.3537887323834
107639,1,1,5,0.42645457969393247
107641,1,1,8,510.51139151899497
107649,1,1,4,0.42645458358136
107687,1,1,8,774.5108152092673
107689,1,1,9,295.3759422854008
107766,1,1,4,0.42645458358136
107774,1,1,10,276.01420417363954
107777,1,1,8,829.6783617200467
107791,1,1,4,0.42645458358136
107801,1,1,6,214.09550096447086
107806,1,1,8,514.1762351789089
107812,1,1,7,67.35689500367565
107814,1,1,10,674.3671112054835
107821,1,1,10,144.30837533344734
107822,1,1,9,472.00146501575074
107858,1,1,9,80.42237884811392
107859,1,1,9,760.155887869161
107867,1,1,8,196.9571937818137
107896,0,1,0,0.15882796939048632
107899,0,1,0,0.09574100206624078
107908,1,1,2,204.98370615036663
107909,1,1,4,0.42645458358136
107911,1,1,5,0.42645457969393247
107915,1,1,9,720.9992944472322
107919,1,1,8,688.5346559006842
107928,1,1,6,660.0540162852892
107930,1,1,9,528.1586660887099
107933,1,1,2,178.51833709685482
107934,1,1,7,77.1431138918829
107945,1,1,5,0.42645456789925423
107957,1,1,4,0.42645458358136
107960,1,1,4,0.42645458358136
107969,1,1,6,147.15612757081422
107973,1,1,2,412.6486647581514
107977,1,1,4,0.42645458358136
107979,1,1,7,129.89253522249524
107992,1,1,8,505.9029377289039
107994,1,1,5,0.42645457969393247
108005,1,1,6,790.8427869804631
108006,1,1,6,779.0138739669859
108016,1,1,1,365.01038359848025
108025,1,1,4,0.42645458358136
108048,1,1,8,238.69519366085984
108060,1,1,9,161.37803167034514
108097,1,1,10,458.29853645972037
108115,1,1,9,730.6656772494631
108121,1,1,4,0.42645457969393247
108127,1,1,8,811.2353573421537
108131,1,1,8,689.8740350392164
108142,1,1,9,416.73640109206804
108149,1,1,6,803.1137730403356
108151,1,1,8,475.3512014746623
108175,1,1,5,0.42645457969393247
108183,1,1,5,0.42645457969393247
108186,1,1,5,0.42645457969393247
108188,1,1,7,62.773884425912854
108199,1,1,5,0.42645457969393247
108203,1,1,10,622.0772831760672
108204,1,1,9,525.0329122720899
108212,1,1,9,481.60616333253535
108233,1,1,9,367.4194471833634
108256,1,1,1,342.10765753137173
108286,1,1,3,47.15052230560622
108288,1,1,4,0.42645458358136
108290,1,1,4,0.42645458358136
108292,1,1,4,0.42645458358136
108300,1,1,10,600.4234862648698
108311,1,1,6,535.3994912068092
108322,1,1,6,642.8675541405154
108330,1,1,8,848.8297485512604
108337,1,1,8,836.0235903709712
108376,1,1,8,157.66437550341735
108396,1,1,6,801.284651894944
108407,1,1,4,0.42645458358136
108415,1,1,10,495.3207075564136
108416,1,1,5,0.42645457969393247
108450,1,1,7,62.16170894757608
108451,1,1,9,161.65321698160585
108457,1,1,9,574.6246868720435
108487,1,1,9,338.68266668031714
108489,1,1,1,343.4060903585636
108496,1,1,8,635.0113343800683
108509,1,1,1,223.9254731069557
108518,1,1,6,155.04326384683466
108522,1,1,9,89.47694784911687
108544,1,1,9,545.8259820971452
108551,1,1,8,870.4757161784244
108552,1,1,10,641.2770086908035
108557,1,1,9,305.7645998299506
108565,1,1,4,0.42645458358136
108567,1,1,10,460.057248630406
108572,1,1,6,802.1639620198133
108601,1,1,9,786.8013208668177
108618,1,1,7,72.5833385298645
108628,1,1,9,509.8381028302001
108636,1,1,9,565.29500202239
108645,1,1,1,665.5897398256642
108649,1,1,4,0.42645458358136
108671,1,1,1,696.3065880127384
108672,1,1,9,341.86215081212725
108685,1,1,10,180.9934150320215
108723,1,1,9,806.659966709005
108727,1,1,8,303.04120206993537
108737,1,1,10,446.3091295735527
108738,1,1,9,723.1244299277478
108741,1,1,10,264.06382276270756
108764,1,1,10,329.81175103764275
108770,1,1,6,728.5536374173886
108771,1,1,8,718.932057916655
108782,1,1,1,605.7534157089542
108789,1,1,5,0.42645457969393247
108791,1,1,9,427.94005656237783
108797,1,1,6,784.8897238981328
108804,1,1,2,374.012191867308
108812,1,1,9,313.47952389015757
108820,1,1,7,77.57280222520914
108847,1,1,9,699.8593481532527
108848,1,1,7,45.50535522391225
108866,1,1,10,442.21978598583763
108887,1,1,4,0.42645458358136
108894,1,1,6,235.94523918323154
108915,0,1,0,0.11059914015740911
108939,1,1,9,682.6861362149082
108990,1,1,9,448.16837104151074
108991,1,1,6,595.410043533266
109011,1,1,5,0.42645456789925423
109063,1,1,5,0.42645457969393247
109069,1,1,5,0.42645457969393247
109098,1,1,5,0.42645457969393247
109112,1,1,10,711.4517688827902
109114,1,1,9,302.6655638784115
109124,1,1,4,0.42645458358136
109134,1,1,9,792.1299493386352
109144,1,1,1,546.3190773499001
109180,1,1,4,0.42645458358136
109186,1,1,5,0.42645457969393247
109194,1,1,2,191.39554230135252
109195,1,1,9,447.9675628557444
109206,1,1,10,659.4209686920498
109209,1,1,8,290.6565472316726
109210,1,1,10,231.75981594189216
109211,1,1,9,739.2761138740033
109222,1,1,10,372.611689830054
109234,1,1,7,73.52561192115694
109236,1,1,6,696.7167811917285
109240,1,1,10,305.37312388373124
109253,1,1,4,0.42645458358136
109275,1,1,5,0.42645457969393247
109299,1,1,8,734.6191859352766
109316,1,1,8,799.5863981683117
109329,1,1,7,24.396721148288627
109341,1,1,5,0.42645457969393247
109346,1,1,9,244.7896068670062
109364,0,1,0,0.13254763414443302
109367,1,1,8,813.8508591310992
109373,1,1,2,389.9775063740431
109374,1,1,1,179.03101018884493
109376,1,1,4,0.4264545919581291
109393,1,1,10,719.6441700747336
109410,1,1,4,0.42645458358136
109418,1,1,9,595.73434833965
109421,1,1,10,717.0109584924752
109430,1,1,10,296.8400613298995
109432,1,1,8,913.7698628868378
109450,1,1,6,363.3570522160444
109455,1,1,3,89.58252695236622
109471,1,1,4,0.42645458358136
109486,1,1,9,580.0004618245761
109495,1,1,6,167.53825003121113
109498,1,1,9,91.76906779034208
109503,1,1,9,855.1947437045059
109521,1,1,9,320.03687394268576
109528,1,1,10,664.9765214265885
109538,1,1,6,324.9583699567633
109552,1,1,1,702.5509980810009
109575,1,1,5,0.42645457969393247
109577,0,1,0,0.12196928406837089
109582,1,1,10,459.4107502994773
109586,1,1,9,887.5080894431053
109591,1,1,10,626.7292496485645
109606,1,1,6,744.7616153171078
109622,1,1,4,0.42645458358136
109623,1,1,9,156.34474175490286
109630,1,1,4,0.42645458358136
109634,1,1,3,62.33267204743624
109660,1,1,9,551.2073085470598
109673,1,1,8,443.88664722605176
109680,1,1,9,690.9880794071836
109688,1,1,1,643.3891047357441
109694,1,1,4,0.4264545919581291
109696,1,1,7,71.02587207584286
109712,1,1,8,488.5390258500846
109744,1,1,4,0.42645458358136
109755,1,1,8,739.4215416638988
109766,1,1,7,165.02410352129965
109774,1,1,6,412.89772128704334
109794,1,1,2,242.86806198604282
109804,1,1,4,0.42645458358136
109808,1,1,6,162.47667019225736
109815,1,1,2,377.47514093043503
109823,1,1,8,729.8430473999396
109845,1,1,10,721.9967777787947
109854,1,1,4,0.42645458358136
109868,1,1,9,694.6973511769711
109875,1,1,1,354.0116591807299
109886,1,1,9,739.1963378952171
109888,1,1,8,394.6346445299094
109899,1,1,3,47.10665477347547
109926,1,1,9,385.4471014218831
109930,1,1,2,334.1191312146711
109937,1,1,4,0.42645458358136
109945,1,1,3,89.64143280161196
109963,1,1,9,759.4799580536251
110016,1,1,8,670.2419349065448
110020,1,1,6,659.341995267564
110038,1,1,10,276.65772514774017
110041,1,1,8,359.732311506489
110043,1,1,9,863.9560985140049
110052,1,1,1,687.1938505567715
110062,1,1,8,242.91920335251268
110063,1,1,6,425.6372873555169
110065,1,1,5,0.42645456789925423
110078,1,1,7,170.48619420434224
110082,1,1,4,0.42645458358136
110088,1,1,1,552.8607853312584
110095,1,1,1,731.2661762778906
110103,1,1,2,474.5418425530195
110115,1,1,1,237.37876511379122
110133,1,1,9,258.5270305012955
110142,1,1,5,0.42645457969393247
110144,1,1,4,0.42645458358136
110173,1,1,5,0.42645457969393247
110182,1,1,5,0.42645457969393247
110189,1,1,5,0.42645457969393247
110202,1,1,8,761.0695896543948
110211,1,1,9,469.0758171895448
110212,1,1,4,0.42645458358136
110214,1,1,8,443.6101179496448
110215,1,1,4,0.42645458358136
110224,1,1,9,423.7178040411352
110236,1,1,1,503.9823329265593
110243,1,1,10,430.691969215538
110277,1,1,9,323.5156899336923
110294,1,1,4,0.42645458358136
110300,1,1,8,589.9820185119254
110317,1,1,10,456.66911557306406
110327,1,1,4,0.42645457969393247
110332,1,1,9,439.2674368671622
110334,1,1,10,720.3301477676506
110342,1,1,5,0.42645457969393247
110359,1,1,5,0.42645457969393247
110370,1,1,9,97.27778120114218
110401,1,1,5,0.42645456789925423
110414,1,1,8,516.5611883769656
110424,1,1,9,868.9244839386618
110425,1,1,10,283.0628185563036
110433,1,1,9,819.8714864067908
110440,1,1,9,526.7550052391082
110443,1,1,4,0.42645458358136
110453,1,1,9,592.3992732466869
110458,1,1,6,720.427727389947
110480,1,1,8,616.1079637592003
110485,1,1,6,733.2181960424452
110492,1,1,6,254.53701310309424
110501,1,1,6,627.0606743923438
110511,1,1,2,471.4592372765232
110515,1,1,4,0.42645458358136
110526,1,1,7,161.35512297281704
110530,1,1,9,513.6026783541273
110549,1,1,6,779.1938951969853
110551,1,1,6,785.9990722086083
110553,1,1,4,0.42645458358136
110555,1,1,10,513.0445934325899
110569,1,1,4,0.42645458358136
110582,1,1,5,0.42645457969393247
110587,1,1,8,630.3038569214712
110588,1,1,2,407.25622797759183
110591,1,1,10,637.0452476724887
110594,1,1,4,0.42645458358136
110602,1,1,2,489.7145602755964
110614,1,1,6,604.7091276471582
110616,1,1,4,0.42645458358136
110618,1,1,7,143.4045700910718
110624,1,1,1,376.0223993352142
110639,1,1,8,591.6485189911109
110647,1,1,9,498.23790010926854
110657,1,1,4,0.42645458358136
110694,1,1,1,537.674196938668
110695,1,1,8,265.70491410880805
110713,1,1,10,661.4730935234751
110739,1,1,6,505.72400311406375
110745,1,1,8,666.8057070643412
110777,1,1,4,0.42645458358136
110788,1,1,1,648.7973666340704
110821,1,1,10,718.6794547684053
110825,1,1,9,391.71123948621573
110856,1,1,7,169.77316036127138
110877,1,1,4,0.42645458358136
110882,1,1,10,558.3263587833046
110902,1,1,5,0.42645457969393247
110917,1,1,6,764.5451330562381
110925,1,1,10,449.3590686672003
110927,1,1,8,888.7245405258
110937,1,1,1,480.39765535502386
110938,1,1,4,0.42645458358136
110963,1,1,8,196.1041378942054
110968,1,1,6,577.9008301831435
110978,1,1,8,593.4478566030708
110983,1,1,4,0.42645458358136
110996,1,1,7,143.6991545555693
111000,1,1,4,0.42645457969393247
111002,1,1,10,629.2064762980226
111012,1,1,5,0.42645457969393247
111013,1,1,10,408.02736888436317
111020,1,1,10,499.3373802118381
111024,1,1,1,526.0188056853311
111029,1,1,5,0.42645456789925423
111034,1,1,4,0.42645456789925423
111060,1,1,10,536.0749629224665
111084,1,1,2,50.05950773873175
111092,1,1,9,793.3831083545555
111095,1,1,3,86.43853670599628
111100,1,1,9,381.42200094091623
111110,1,1,10,244.6060770373413
111118,1,1,2,341.48978391118123
111128,1,1,6,556.953360177358
111145,1,1,8,723.2061333854072
111150,1,1,8,303.750559844645
111164,1,1,10,254.24704655943327
111167,1,1,4,0.42645458358136
111181,1,1,2,241.32745346236763
111184,1,1,7,143.40407153914256
111199,1,1,10,247.75120096454282
111201,1,1,9,816.1526119187192
111205,1,1,4,0.42645458358136
111217,1,1,5,0.42645457969393247
111219,1,1,1,184.8912642198365
111232,1,1,5,0.42645457969393247
111242,1,1,6,783.4793103552133
111246,1,1,5,0.42645457969393247
111259,1,1,10,665.2851592134742
111263,1,1,4,0.42645458358136
111270,1,1,5,0.42645457969393247
111274,1,1,6,754.252470324371
111290,1,1,8,861.489119430659
111312,1,1,8,909.6525341152465
111328,1,1,10,368.24364226038495
111334,1,1,8,722.7089040197679
111338,1,1,8,947.5398704184912
111339,1,1,6,337.36106335239475
111349,1,1,5,0.42645457969393247
111362,1,1,4,0.42645458358136
111371,1,1,4,0.42645458358136
111373,1,1,5,0.42645457969393247
111387,1,1,5,0.42645457969393247
111412,1,1,4,0.42645458358136
111414,1,1,9,174.63023798336548
111431,1,1,5,0.42645457969393247
111436,1,1,5,0.42645457969393247
111442,1,1,3,83.730997390408
111443,1,1,9,427.0714905388389
111490,1,1,1,228.43140688756353
111503,1,1,3,60.92545321769403
111505,1,1,1,655.9208006810446
111510,1,1,7,60.71221956393414
111511,1,1,9,604.7501352814472
111515,1,1,8,220.466319435711
111524,1,1,5,0.42645457969393247
111542,1,1,9,868.9470128105652
111543,1,1,1,476.45718456075593
111549,1,1,5,0.42645457969393247
111552,1,1,6,237.62825724565798
111560,1,1,5,0.42645457969393247
111561,1,1,2,269.1813132435203
111582,1,1,4,0.42645458358136
111616,1,1,1,527.6968988590961
111626,1,1,1,303.7005714680972
111627,1,1,6,396.19043487068956
111636,1,1,6,246.6217612682138
111639,0,1,0,0.13984590328435023
111650,1,1,7,166.8931888323364
111664,1,1,10,284.8471560104175
111672,1,1,6,624.2748388287497
111676,1,1,5,0.42645457969393247
111713,1,1,7,130.28674854692756
111714,1,1,5,0.42645457969393247
111717,1,1,1,356.1393711851196
111748,1,1,6,802.0962832647458
111752,1,1,1,571.2664537170988
111757,1,1,7,81.4963341271461
111784,1,1,5,0.42645457969393247
111798,1,1,5,0.42645457969393247
111810,1,1,7,127.16053969733242
111820,1,1,8,593.6335485098301
111825,1,1,7,173.46651801836592
111827,1,1,8,855.7741683986654
111830,1,1,9,414.48115827376256
111834,1,1,4,0.42645458358136
111842,1,1,9,502.60142992850575
111850,1,1,10,451.2057862514374
111853,1,1,5,0.42645457969393247
111862,1,1,6,810.2517143992657
111868,1,1,7,136.05426230312864
111875,1,1,4,0.42645458358136
111876,1,1,9,814.7994825465732
111877,1,1,8,845.5651522920001
111882,1,1,8,312.31980898495465
111889,1,1,1,609.1212659263331
111905,1,1,6,549.5411503294904
111908,1,1,6,152.47905694557758
111911,1,1,7,93.1237500834049
111921,1,1,8,149.7272903231977
111930,1,1,6,616.5799545836786
111942,1,1,9,869.7842654970168
111950,1,1,4,0.42645458358136
111955,1,1,9,288.2596111185616
111967,1,1,8,487.1458374197229
111971,1,1,4,0.42645458358136
111996,1,1,1,758.8514564585657
112000,1,1,5,0.42645457969393247
112002,1,1,8,800.3238810855653
112009,1,1,1,599.4346806688354
112027,1,1,9,395.3312588519373
112040,1,1,8,166.48195588774146
112049,1,1,4,0.42645458358136
112052,1,1,4,0.42645458358136
112065,1,1,5,0.42645457969393247
112069,1,1,6,138.6540854941086
112071,1,1,10,590.9742800512388
112079,1,1,4,0.42645458358136
112086,1,1,2,390.32970056828475
112094,1,1,10,427.8447147564225
112102,1,1,6,617.8900123361911
112103,1,1,8,516.9654241801869
112110,1,1,8,942.6074139228061
112119,1,1,5,0.42645457969393247
112133,1,1,9,810.8372300100741
112155,1,1,4,0.42645458358136
112165,1,1,8,798.0855806995861
112171,1,1,8,485.2646328366303
112174,1,1,4,0.42645458358136
112183,1,1,9,594.4616982551411
112198,1,1,6,563.4438943923811
112229,1,1,9,94.88891724503993
112238,1,1,6,611.0667565047685
112265,1,1,8,557.94060707767
112270,1,1,5,0.42645457969393247
112287,1,1,4,0.42645458358136
112288,1,1,5,0.42645457969393247
112303,1,1,5,0.42645457969393247
112314,1,1,10,450.35913395201135
112342,1,1,7,173.20345475375603
112344,1,1,5,0.42645457969393247
112372,1,1,3,90.26137586215111
112382,1,1,10,532.6700927289955
112407,1,1,7,166.107750503822
112411,1,1,5,0.42645457969393247
112425,1,1,8,904.7000415622107
112436,1,1,9,590.92922205412
112441,1,1,6,514.2290661203434
112448,1,1,6,553.114666022944
112449,1,1,2,285.9836434017794
112457,1,1,9,450.91180174891105
112474,1,1,9,459.11935195499456
112482,1,1,1,401.0804757636548
112496,0,1,0,0.10941442531952636
112506,1,1,1,760.3096825208646
112507,1,1,10,678.6541132728644
112511,1,1,2,380.2355796555567
112523,1,1,8,850.7207925626034
112524,1,1,9,597.7172345306257
112537,1,1,8,578.4899870914345
112548,1,1,2,414.17962581771695
112550,1,1,7,78.8012974614568
112573,1,1,8,849.5640995759024
112579,1,1,8,226.03672302899366
112584,1,1,6,806.7122561130702
112602,1,1,6,381.057706336819
112608,1,1,7,100.88101185312226
112624,1,1,3,90.3601272611934
112625,1,1,8,633.6610187517467
112628,1,1,5,0.42645457969393247
112631,1,1,4,0.42645458358136
112648,1,1,3,81.26896561812852
112657,1,1,9,865.9219296001017
112684,1,1,9,101.09446720630324
112686,1,1,8,852.8298912767272
112689,1,1,1,342.65812517037494
112710,1,1,5,0.42645457969393247
112720,1,1,5,0.42645457969393247
112732,1,1,10,372.20162192961453
112744,1,1,10,425.92108657497613
112756,1,1,7,95.93523551416197
112761,1,1,6,693.9796360007829
112769,1,1,8,680.0584901288488
112776,0,1,0,0.2915591374307895
112790,1,1,5,0.42645457969393247
112800,1,1,3,77.88490797022399
112804,1,1,7,126.1191931524504
112812,1,1,6,540.908925268367
112823,1,1,10,440.52378635459763
112838,1,1,9,617.3713911054299
112841,1,1,9,808.4728711207159
112862,1,1,2,355.80055704283427
112884,1,1,5,0.42645457969393247
112903,1,1,6,720.935248486044
112906,1,1,8,667.3572919558637
112936,1,1,1,747.5857703071945
112953,1,1,2,421.2501751817181
112981,1,1,6,486.00654544776825
112986,1,1,8,338.079156942426
112993,1,1,4,0.42645458358136
112996,1,1,6,373.3100727785275
113015,1,1,4,0.42645458358136
113023,1,1,4,0.42645458358136
113031,1,1,10,455.9025988383635
113032,1,1,4,0.42645458358136
113042,1,1,1,231.67828671518825
113048,1,1,10,461.3291865899663
113077,1,1,6,350.88046982098666
113089,1,1,7,89.76124184680049
113099,1,1,6,434.5932169317096
113126,1,1,7,154.77327174732747
113139,1,1,9,299.74515731309015
113157,1,1,5,0.42645457969393247
113158,1,1,2,136.37488124203833
113160,1,1,6,437.3487324170734
113178,1,1,3,75.08612371295709
113182,1,1,7,161.79970482088277
113190,1,1,6,306.1288507395441
113201,1,1,4,0.42645458358136
113219,1,1,8,896.9256525967781
113246,1,1,3,81.86037611475345
113258,1,1,7,154.4821047562299
113273,1,1,8,612.7753319109545
113274,1,1,4,0.42645458358136
113276,1,1,2,364.72625105198745
113280,1,1,8,361.51243845730374
113309,1,1,9,830.2083587888251
113311,1,1,5,0.42645457969393247
113316,1,1,9,642.6117217053692
113331,1,1,4,0.4264545919581291
113336,1,1,6,507.4098605493844
113343,1,1,1,303.8206733310044
113344,1,1,6,741.058401881662
113351,1,1,6,539.9758464523036
113362,1,1,6,325.12184170561096
113373,1,1,8,912.9471493201386
113426,1,1,10,415.9608286662193
113427,1,1,4,0.42645458358136
113432,1,1,9,494.0595058906173
113441,1,1,7,82.84394548893886
113443,1,1,9,523.2907276097748
113449,1,1,9,868.4508059445089
113457,1,1,8,723.2429788944188
113464,1,1,9,423.4611382084083
113507,1,1,8,177.22101833417204
113533,1,1,8,592.36051362744
113578,1,1,9,248.32847486163564
113593,1,1,4,0.42645458358136
113626,1,1,6,332.34007082313525
113647,1,1,7,53.79386194317272
113653,1,1,9,54.23665884920612
113657,1,1,4,0.42645458358136
113667,1,1,5,0.42645457969393247
113677,1,1,6,234.47014452084434
113678,1,1,4,0.42645458358136
113688,1,1,9,636.3805457724409
113690,1,1,5,0.42645457969393247
113696,1,1,1,167.24778957063734
113699,1,1,5,0.42645457969393247
113716,1,1,10,214.8263876206196
113751,1,1,10,569.0728846174259
113758,1,1,5,0.42645456789925423
113802,1,1,4,0.42645458358136
113808,1,1,5,0.42645457969393247
113814,1,1,7,65.33904161946636
113844,1,1,4,0.42645458358136
113850,1,1,7,51.07933181547764
113851,1,1,2,411.55390155301956
113857,1,1,6,314.5618234454416
113875,1,1,8,902.7453963091385
113876,1,1,4,0.42645458358136
113892,1,1,5,0.42645457969393247
113934,1,1,6,445.01322092605653
113946,1,1,1,533.3672429788867
113947,1,1,8,605.0654573758833
113953,1,1,4,0.42645458358136
113959,1,1,10,711.4384386072909
113962,1,1,4,0.42645458358136
113978,1,1,4,0.42645458358136
113979,1,1,4,0.42645458358136
113994,1,1,5,0.42645457969393247
113997,1,1,4,0.42645458358136
114001,1,1,5,0.42645457969393247
114021,1,1,5,0.42645457969393247
114026,1,1,6,556.1699370537492
114037,1,1,1,331.52297977529196
114038,1,1,10,515.7996492660048
114053,1,1,5,0.42645457969393247
114060,1,1,9,722.5656652467333
114080,1,1,5,0.42645457969393247
114087,1,1,2,408.3228723571851
114136,1,1,4,0.42645458358136
114138,1,1,9,61.88733221439062
114142,1,1,3,83.15611942946975
114143,1,1,4,0.42645458358136
114147,1,1,5,0.42645457969393247
114153,1,1,7,86.53801279494526
114162,1,1,5,0.42645457969393247
114174,1,1,7,91.87986005954211
114177,1,1,5,0.42645457969393247
114180,1,1,6,797.63321480318
114189,1,1,10,356.15463058294523
114204,1,1,9,99.85056227342614
114212,1,1,9,493.03796135487477
114221,1,1,9,871.4781676327788
114227,1,1,5,0.42645457969393247
114237,1,1,1,219.42068281727944
114241,1,1,4,0.42645458358136
114245,1,1,8,787.2524866627426
114246,1,1,6,792.4949550503527
114265,1,1,9,564.5861374561015
114266,1,1,6,779.7769507048464
114297,1,1,9,573.3348054047281
114305,1,1,5,0.42645457969393247
114312,1,1,3,90.6879877196081
114319,1,1,2,418.4366984867229
114323,1,1,9,871.635956060807
114326,1,1,9,601.6218542770579
114327,1,1,8,661.8372792897329
114328,1,1,8,449.5504387353298
114341,1,1,8,444.4957625768468
114345,1,1,5,0.42645457969393247
114347,1,1,6,672.2377920001956
114358,1,1,10,590.6928107205011
114359,1,1,10,653.6062291577174
114378,1,1,10,119.99743763525309
114385,1,1,5,0.42645457969393247
114392,1,1,9,512.8820284006547
114405,1,1,9,738.7925000284835
114410,1,1,10,252.44623531380404
114416,1,1,1,637.39135692959
114419,1,1,10,274.66046609541985
114422,1,1,7,76.67229798233092
114423,1,1,3,80.20530204151649
114429,1,1,5,0.42645457969393247
114431,1,1,3,89.97181141172756
114433,0,1,0,0.1301093253089338
114435,1,1,4,0.42645458358136
114466,1,1,8,254.30018275253047
114468,1,1,8,187.88080205951064
114481,1,1,9,447.7121676094488
114483,1,1,1,347.1124704504958
114495,1,1,7,161.90638806064385
114518,1,1,9,541.7627874733123
114538,1,1,5,0.42645457969393247
114550,1,1,8,837.7248605224107
114560,1,1,1,160.12823096446266
114576,1,1,3,77.97511171779347
114589,1,1,9,796.0018458860222
114594,1,1,2,276.69285812373573
114597,1,1,4,0.42645458358136
114601,1,1,4,0.42645458358136
114602,1,1,6,779.6601815526562
114615,1,1,1,706.8843163257325
114617,1,1,3,89.5434311375971
114621,1,1,6,544.6965371746473
114625,1,1,5,0.42645456789925423
114647,1,1,6,257.0712105888132
114652,1,1,6,422.09689654594655
114668,1,1,5,0.42645457969393247
114670,1,1,6,683.3352698451757
114680,1,1,5,0.42645457969393247
114689,1,1,10,535.2598075975106
114691,1,1,4,0.42645458358136
114697,1,1,8,342.5052251779604
114708,1,1,5,0.42645457969393247
114714,1,1,7,80.15906134763921
114715,1,1,9,666.1623864475471
114729,1,1,6,782.2338750856445
114731,1,1,10,417.5265674744207
114736,1,1,10,551.6162890529185
114740,1,1,9,757.8582867250808
114749,1,1,9,513.0164870819675
114762,1,1,5,0.42645457969393247
114789,1,1,4,0.42645458358136
114796,1,1,1,518.4698502471497
114810,1,1,8,419.20110739568037
114811,1,1,6,744.8880049389277
114812,1,1,5,0.42645457969393247
114813,1,1,4,0.42645458358136
114828,1,1,9,568.7990814465799
114837,1,1,8,797.4917668329053
114838,1,1,10,587.2219821928737
114844,1,1,4,0.42645458358136
114881,1,1,10,509.33385416361665
114894,1,1,1,533.3829415442545
114896,1,1,6,270.70699586769075
114908,1,1,1,455.8898354357319
114918,1,1,9,536.7348038593087
114925,1,1,8,151.3386057688585
114927,1,1,9,614.6263290794809
114946,1,1,1,394.6989730829797
114983,1,1,10,376.95384080108465
114986,1,1,7,94.19059909192706
115007,1,1,10,522.9305457905638
115014,1,1,9,788.1736451274254
115025,1,1,10,670.802465057157
115038,1,1,5,0.42645457969393247
115054,1,1,6,358.21767256341707
115094,1,1,8,267.7632013077864
115100,1,1,1,454.44870065105897
115101,1,1,6,319.90020457143714
115105,1,1,3,59.97190744208464
115120,1,1,9,316.336113698373
115134,1,1,9,787.9303922595398
115145,1,1,8,602.4942782611387
115160,1,1,6,523.3225523473764
115168,1,1,4,0.42645458358136
115177,1,1,4,0.42645458358136
115190,1,1,9,26.772430999837468
115205,1,1,9,863.9936672269005
115220,1,1,8,829.7344536377067
115242,1,1,6,773.9510166785942
115260,1,1,7,59.84501723663332
115271,1,1,8,870.9582732870654
115298,1,1,8,520.4692310710952
115304,1,1,6,545.1317164010903
115309,1,1,6,629.013187337719
115311,1,1,9,170.56396228372856
115339,1,1,1,703.8562695357846
115343,1,1,8,366.2614547271518
115347,1,1,3,87.13761981331281
115354,1,1,9,310.39465745806496
115379,1,1,8,425.0379381220147
115387,1,1,9,312.6075238904072
115389,1,1,9,824.7735012877212
115402,1,1,5,0.42645457969393247
115411,1,1,4,0.42645458358136
115423,1,1,8,313.5759639516987
115431,1,1,9,551.4724316496852
115445,1,1,6,632.1599015210902
115472,1,1,5,0.42645457969393247
115478,1,1,2,125.29728688844231
115483,1,1,9,886.8704628954636
115499,1,1,4,0.42645458358136
115522,1,1,10,111.59416391446376
115526,1,1,7,61.37774639936097
115540,1,1,9,359.1657800956482
115574,1,1,8,629.9157086410883
115578,1,1,9,502.0519709000574
115580,1,1,6,790.4654463354015
115582,1,1,4,0.42645458358136
115606,1,1,9,785.0139455462614
115634,1,1,1,263.08530475524617
115652,1,1,9,827.2444418935012
115653,1,1,8,607.0300106029983
115658,1,1,5,0.42645457969393247
115660,1,1,5,0.42645457969393247
115682,1,1,8,197.1151942017943
115686,1,1,5,0.42645457969393247
115690,1,1,1,341.8165099227888
115701,1,1,9,872.3246250516908
115704,1,1,6,279.09076603771194
115710,1,1,9,874.0920455844523
115711,1,1,9,447.3319944976027
115723,1,1,10,669.029847431485
115730,1,1,9,695.2460734342181
115732,1,1,6,790.3773510161199
115734,1,1,9,599.697221124272
115744,1,1,7,92.65021073530438
115768,1,1,7,161.573989377629
115792,1,1,1,523.9709517018862
115794,1,1,4,0.42645458358136
115806,1,1,9,700.2534463138738
115818,1,1,9,871.7925291915277
115820,1,1,6,394.37753109483646
115834,1,1,5,0.42645457969393247
115838,1,1,6,555.1117626970092
115866,1,1,2,397.2000168324787
115878,1,1,5,0.42645457969393247
115888,1,1,9,619.4963345617867
115890,1,1,10,452.6615770968895
115895,1,1,2,344.0709940842173
115913,1,1,10,452.04752118689333
115917,1,1,6,809.3292896904339
115929,1,1,10,660.1305915732867
115930,1,1,9,636.2977982233008
115933,1,1,10,399.8494912913508
115937,1,1,9,412.5248822293031
115948,1,1,8,352.0957194240026
115956,1,1,9,343.01505860721954
115959,1,1,2,274.31671735312455
115961,1,1,9,855.3779726506604
115968,1,1,4,0.42645458358136
116001,1,1,5,0.42645456789925423
116021,1,1,10,315.60236528912105
116022,1,1,5,0.42645457969393247
116031,1,1,10,303.6690507457915
116040,1,1,7,159.83816273402658
116065,1,1,8,761.7017837019321
116068,1,1,5,0.42645457969393247
116076,1,1,9,825.0354468669796
116080,1,1,9,719.965573958668
116081,1,1,1,606.2476093273027
116087,1,1,7,57.89937909449018
116091,1,1,9,764.8041724321253
116104,1,1,9,811.3715377769495
116125,1,1,4,0.42645458358136
116131,1,1,2,426.83826845838297
116137,1,1,8,532.1430741501925
116139,1,1,5,0.42645457969393247
116145,1,1,10,641.807049755951
116155,1,1,5,0.42645457969393247
116164,1,1,2,371.54161167790573
116179,1,1,3,90.83730976945712
116182,1,1,1,727.283600589755
116216,0,1,0,0.17137489581264395
116220,1,1,4,0.42645458358136
116233,1,1,1,340.01137966507395
116239,1,1,10,634.6682882963985
116250,1,1,10,275.70876273747086
116278,1,1,1,451.3959244823592
116279,1,1,7,78.05040740817984
116282,1,1,9,581.1417461718946
116284,1,1,1,696.6492676730406
116296,1,1,5,0.42645457969393247
116313,1,1,4,0.4264545919581291
116321,1,1,8,534.2675685811926
116328,1,1,5,0.42645457969393247
116330,1,1,9,520.2743020584071
116337,1,1,10,409.50298852460384
116341,1,1,9,754.454672381166
116347,1,1,9,79.6624086961449
116356,1,1,10,660.2947161782865
116361,1,1,6,791.0480715062226
116366,1,1,9,778.2555237602991
116376,1,1,6,361.6178074715003
116381,1,1,4,0.42645458358136
116395,1,1,4,0.42645458358136
116432,1,1,9,473.2419184270679
116433,1,1,6,555.9814431011239
116435,1,1,1,261.7955109700071
116455,1,1,5,0.42645457969393247
116456,1,1,9,786.0594521902844
116478,1,1,8,623.5162738630415
116494,1,1,6,564.0070490062884
116504,1,1,7,140.46069455940597
116513,1,1,4,0.42645458358136
116529,1,1,10,221.37725230855833
116531,1,1,9,831.5553332531317
116558,1,1,5,0.42645457969393247
116560,1,1,10,428.95695864940313
116566,1,1,6,229.023549514511
116570,1,1,7,77.1945720331324
116572,1,1,4,0.42645458358136
116577,1,1,6,573.3959824452124
116578,1,1,9,616.6309983752087
116598,1,1,5,0.42645457969393247
116599,1,1,6,793.2707671377954
116608,1,1,6,784.0632393616478
116615,1,1,4,0.42645458358136
116639,1,1,7,58.183513032778094
116640,1,1,8,135.43998929026546
116643,1,1,10,659.0826715880918
116645,1,1,7,95.59302125991256
116648,1,1,9,876.6917864735437
116650,1,1,9,243.72511838217807
116651,1,1,8,158.81099711478637
116652,1,1,9,39.1609843852248
116667,1,1,5,0.42645457969393247
116679,1,1,10,330.8639458149601
116681,1,1,4,0.42645458358136
116696,1,1,6,790.0156447878556
116698,1,1,4,0.42645458358136
116704,1,1,10,686.1037583414104
116707,1,1,9,464.70173279387393
116708,1,1,6,671.3289775332607
116718,1,1,1,543.0889001603357
116737,1,1,9,565.5677145279731
116753,1,1,6,801.6703651607479
116758,1,1,2,170.26298658091937
116765,1,1,4,0.42645458358136
116766,1,1,9,532.4177788111614
116769,1,1,9,134.6284138292134
116770,1,1,5,0.42645457969393247
116772,1,1,1,635.0311023407215
116774,1,1,5,0.42645457969393247
116776,1,1,6,745.4729374491998
116793,1,1,5,0.42645457969393247
116796,1,1,9,735.47638903664
116806,1,1,4,0.4264545919581291
116810,1,1,2,311.8759289112228
116820,1,1,2,134.40924679660677
116824,1,1,8,836.2210069831117
116833,1,1,4,0.42645458358136
116841,1,1,9,541.8726562389359
116842,1,1,4,0.42645458358136
116863,1,1,4,0.42645458358136
116876,1,1,5,0.42645457969393247
116884,1,1,8,206.59016880908302
116891,1,1,9,831.8216111841973
116894,1,1,10,661.8494160559892
116900,1,1,10,459.7472304631211
116911,1,1,9,278.6041022212846
116915,1,1,7,148.31953957814721
116917,1,1,8,530.0024052260434
116919,1,1,6,330.508621014464
116921,1,1,10,162.66893292152352
116925,1,1,10,495.82826833072636
116927,1,1,6,662.4244314116518
116936,1,1,9,590.2021360762938
116937,1,1,9,104.20193518976211
116947,1,1,10,459.91258045208434
116953,1,1,9,313.82387383644226
116968,1,1,8,255.05356505143237
116985,1,1,9,529.8268391211675
116988,1,1,7,119.14199094931357
117005,1,1,8,895.1755687664331
117022,1,1,5,0.42645457969393247
117028,1,1,10,375.21258507382856
117047,1,1,4,0.42645458358136
117081,1,1,7,136.33553437080369
117084,1,1,5,0.42645456789925423
117086,1,1,9,574.1468247159987
117092,1,1,9,487.605147871423
117094,1,1,9,743.433492454185
117108,1,1,9,98.73231281393822
117120,1,1,7,160.080729267847
117127,1,1,7,63.92175079282714
117141,1,1,9,267.86605580279263
117163,1,1,6,626.9206607835919
117181,1,1,6,335.38438320678534
117203,1,1,8,425.4988823194008
117208,1,1,9,569.2949607205799
117223,1,1,9,602.7400571633716
117229,1,1,9,107.10258499438623
117242,1,1,10,471.06271788447873
117246,1,1,9,605.3213985062482
117250,1,1,5,0.42645457969393247
117264,1,1,9,493.11541127745454
117274,1,1,9,492.043956421999
117282,1,1,9,836.8787583108896
117284,1,1,1,658.7493668552153
117286,1,1,4,0.42645458358136
117295,1,1,5,0.42645457969393247
117307,1,1,9,174.79676582634735
117312,1,1,4,0.42645458358136
117322,0,1,0,0.10146674629878177
117340,1,1,9,814.0778025590007
117352,1,1,5,0.42645457969393247
117365,1,1,8,578.7238509430974
117387,1,1,10,517.1399247302135
117390,1,1,1,480.89836054281557
117393,1,1,6,790.4129263661657
117406,1,1,2,462.4222113863687
117415,1,1,6,618.5674696817985
117417,1,1,10,499.6619655858737
117424,1,1,6,598.4009245735479
117437,1,1,5,0.42645457969393247
117446,1,1,9,355.824815758319
117447,1,1,5,0.42645457969393247
117463,1,1,7,62.83251979414298
117470,1,1,9,890.6923444554556
117479,1,1,10,656.5798513008735
117487,1,1,10,312.2451625430721
117488,1,1,10,669.4073418622705
117489,1,1,10,326.9671848380371
117496,1,1,8,809.1321847065329
117497,1,1,5,0.42645457969393247
117507,1,1,10,350.90309821538807
117519,1,1,5,0.42645457969393247
117528,1,1,6,720.6213259485069
117545,1,1,8,575.7593470498545
117546,1,1,10,455.7420264174245
117598,1,1,1,367.05002540521014
117599,1,1,8,399.1709341889521
117607,1,1,9,548.5964161151088
117632,1,1,8,412.73588576077384
117633,1,1,9,593.5586933738631
117658,1,1,1,547.0849998029495
117662,1,1,2,389.68658442966324
117665,1,1,6,777.8177828072693
117676,1,1,9,441.2565184139167
117680,1,1,3,91.98705586062653
117691,1,1,7,78.42041273005604
117692,1,1,6,627.6872283375719
117702,1,1,1,575.4006358131115
117705,1,1,10,698.8570687663118
117707,1,1,10,162.86809249735342
117709,1,1,6,455.886197577487
117716,1,1,4,0.42645458358136
117722,1,1,6,632.3304796580679
117735,1,1,1,609.8708268386655
117738,1,1,10,570.8684777144572
117776,1,1,8,701.7982685782978
117778,1,1,8,870.783482617434
117809,1,1,8,341.7242897252426
117824,1,1,2,48.14940745930273
117827,1,1,5,0.42645457969393247
117844,1,1,9,890.5152109783021
117845,1,1,10,416.7374012376873
117854,1,1,8,163.61740925784972
117856,1,1,5,0.42645457969393247
117868,1,1,5,0.42645457969393247
117871,1,1,5,0.42645457969393247
117876,1,1,6,474.5007083840671
117892,1,1,4,0.42645458358136
117900,1,1,4,0.42645458358136
117922,1,1,7,96.44107085585739
117929,1,1,1,387.8829939779779
117932,1,1,9,68.66521626348458
117936,1,1,8,894.5520016164872
117950,1,1,4,0.42645458358136
117954,1,1,9,873.9341421780919
117965,1,1,4,0.42645458358136
117992,0,1,0,0.1095594091147814
118008,1,1,8,781.5840783874489
118032,1,1,5,0.42645457969393247
118042,1,1,9,768.0988847522317
118044,1,1,4,0.4264545919581291
118048,1,1,2,427.1071082806624
118054,1,1,9,607.475895828195
118058,1,1,6,550.4066298220151
118064,1,1,10,720.6101767740789
118066,1,1,4,0.42645458358136
118075,1,1,9,850.002976063538
118091,1,1,10,711.7568770296485
118108,1,1,4,0.42645458358136
118110,1,1,5,0.42645457969393247
118127,1,1,8,697.2350959158517
118134,1,1,1,448.886077623611
118139,1,1,5,0.42645457969393247
118146,1,1,5,0.42645457969393247
118174,1,1,5,0.42645457969393247
118178,1,1,1,602.8224392230262
118188,1,1,4,0.42645458358136
118192,1,1,3,72.41732322084992
118197,1,1,1,357.96533109219797
118205,1,1,8,645.319559186013
118217,1,1,10,684.9106655462516
118222,1,1,4,0.42645458358136
118235,1,1,6,261.232319327972
118247,1,1,9,427.55951221795635
118251,1,1,1,634.3640307684835
118260,1,1,4,0.42645458358136
118265,1,1,4,0.42645458358136
118281,1,1,2,454.750427352265
118289,1,1,9,723.1072715156838
118297,1,1,9,883.1258737885229
118298,1,1,2,303.97695715298244
118315,1,1,4,0.4264545919581291
118317,1,1,9,875.2426972048302
118325,1,1,1,267.9329758331427
118331,1,1,10,415.6583047342883
118341,1,1,10,545.704301840232
118346,1,1,9,332.52742319925864
118353,1,1,9,529.8579239963063
118357,1,1,7,16.7871949224596
118363,1,1,10,507.0799337743622
118366,1,1,8,293.306621872673
118367,1,1,4,0.42645458358136
118395,1,1,5,0.42645457969393247
118398,1,1,9,327.83106563659874
118410,1,1,6,692.8715261724378
118411,1,1,6,542.3268147606952
118414,1,1,6,384.11689266019624
118483,1,1,6,410.43684977698086
118484,1,1,1,213.3028930438647
118488,0,1,0,0.15708023554687414
118489,1,1,9,350.94362743595053
118499,1,1,10,722.3590213733463
118505,1,1,5,0.42645457969393247
118518,1,1,3,91.73384339918093
118530,1,1,9,676.1676353264521
118552,1,1,9,235.01062171687533
118557,1,1,9,174.49686448145215
118560,1,1,4,0.42645458358136
118561,1,1,9,152.6454292880025
118569,1,1,1,605.4218931682485
118572,1,1,10,629.2709253634954
118594,1,1,8,560.0757801112028
118595,1,1,4,0.42645458358136
118612,1,1,5,0.42645456789925423
118617,1,1,9,837.4642033465207
118618,1,1,6,607.2903002405723
118627,1,1,6,552.5868452146013
118638,1,1,10,429.2980026529437
118647,1,1,9,825.7471172769475
118657,1,1,4,0.42645458358136
118658,1,1,6,245.1904739389965
118674,1,1,8,779.1383523377476
118675,1,1,3,80.17909536308926
118695,1,1,8,589.7025822892012
118699,1,1,7,76.20333612101564
118701,1,1,6,767.8851930092601
118705,1,1,10,460.2463145907794
118710,1,1,9,493.085920390535
118720,1,1,1,334.5451921421098
118724,1,1,6,794.3333410882889
118734,1,1,8,730.5247935310405
118735,1,1,1,436.67434793267626
118737,1,1,5,0.42645457969393247
118765,1,1,1,516.930563272675
118770,1,1,9,794.5236265630584
118775,1,1,6,483.8910283658454
118785,1,1,10,506.5032917680046
118791,1,1,6,446.8384185644062
118796,1,1,10,682.6467198827254
118804,1,1,3,53.99040791548922
118813,1,1,7,136.87586063403015
118815,1,1,8,172.74186067079975
118820,1,1,8,866.2916249649238
118862,1,1,6,493.8245853020954
118877,1,1,10,275.74937270780595
118883,1,1,4,0.4264545919581291
118896,1,1,5,0.42645456789925423
118901,1,1,8,635.7034930113203
118911,1,1,10,604.9082931729384
118912,1,1,10,541.1783075540512
118918,1,1,8,438.9129934404589
118920,1,1,7,122.33443380121128
118931,1,1,4,0.42645458358136
118939,1,1,10,722.5300039430866
118943,1,1,6,713.8903454089422
118952,1,1,7,70.27175368671135
118955,1,1,5,0.42645457969393247
118958,1,1,6,809.3274295965035
118986,1,1,4,0.42645458358136
118992,1,1,2,463.765508307618
118997,1,1,6,500.8479626870027
118999,1,1,10,265.6906551298804
119012,1,1,8,486.29001693328655
119018,1,1,6,219.03409000473854
119024,1,1,8,149.80922826173054
119040,1,1,8,556.6633817419108
119050,1,1,9,533.9173831342522
119057,1,1,8,593.791370984972
119068,1,1,6,305.4113708713313
119080,1,1,9,204.38757320269482
119084,1,1,10,373.8098670912062
119085,1,1,10,653.2647544638608
119097,1,1,5,0.42645457969393247
119102,1,1,9,887.2402801318964
119125,1,1,3,71.43289998629844
119142,1,1,2,190.7790748043419
119155,1,1,5,0.42645457969393247
119156,1,1,6,420.6271282812269
119166,1,1,10,719.8476637994667
119174,1,1,6,732.0567859391213
119184,1,1,1,492.3182292427501
119185,1,1,4,0.42645458358136
119190,1,1,3,92.22011384138332
119196,1,1,3,90.798745567296
119215,1,1,4,0.42645458358136
119226,1,1,8,150.22209999235287
119231,1,1,2,83.51634744525406
119232,1,1,10,128.13083604302514
119250,1,1,2,181.94319236217876
119263,1,1,5,0.42645457969393247
119264,1,1,9,673.8141159671704
119269,1,1,6,778.7934728860444
119271,1,1,10,460.573820111252
119273,1,1,4,0.42645458358136
119290,1,1,9,69.30434662045504
119292,1,1,1,628.4529621899082
119303,1,1,8,225.68621889805016
119308,1,1,9,785.0514146783279
119324,1,1,6,309.3200681916652
119330,1,1,8,723.4104493239661
119336,1,1,4,0.42645458358136
119339,1,1,8,893.1288270907651
119350,1,1,6,405.68414121028775
119351,1,1,8,474.8041007775756
119353,1,1,10,253.34991486307584
119355,1,1,9,492.63221918379486
119359,1,1,10,127.35444558238754
119360,1,1,5,0.42645457969393247
119376,1,1,5,0.42645457969393247
119395,1,1,9,767.7235106997321
119451,1,1,6,792.1575294435113
119459,1,1,5,0.42645457969393247
119463,1,1,1,503.6114128882358
119472,1,1,8,281.32675093765994
119477,1,1,9,419.560590468056
119480,1,1,8,642.1584966802776
119490,1,1,5,0.42645457969393247
119529,1,1,4,0.42645458358136
119533,1,1,6,516.9491444056282
119550,1,1,6,705.7845403630926
119561,1,1,4,0.42645458358136
119585,1,1,9,461.67897904161555
119588,1,1,9,552.3752598073809
119601,1,1,8,780.9331068606629
119616,1,1,2,70.49099255772677
119632,1,1,8,889.8843919074909
119669,1,1,9,47.0953126873757
119673,1,1,6,714.4430563751399
119683,1,1,10,677.0359622246566
119705,1,1,8,681.8578968174384
119707,1,1,4,0.42645458358136
119711,1,1,7,23.361365113968628
119712,1,1,6,479.9059448387271
119721,1,1,5,0.42645457969393247
119725,1,1,2,458.76009937389097
119748,1,1,8,592.7148294217146
119749,1,1,9,871.3852434138832
119762,1,1,9,636.4884253013499
119771,1,1,8,657.324062830081
119773,1,1,8,712.2767406790773
119783,1,1,4,0.42645458358136
119798,1,1,1,516.5753619072501
119815,1,1,8,781.6981491976877
119821,1,1,1,714.571180791015
119847,1,1,7,104.87097200601954
119872,1,1,2,235.46624085197652
119873,1,1,9,788.4414627480513
119875,1,1,9,421.7937153062338
119880,1,1,9,800.879552238473
119883,1,1,9,882.9176408689702
119885,1,1,9,77.69313818473496
119898,1,1,6,772.8306687522312
119905,1,1,5,0.42645457969393247
119912,1,1,10,459.6822358913628
119914,1,1,5,0.42645457969393247
119918,1,1,7,172.38067776116395
119935,1,1,8,860.1806337836293
119955,1,1,5,0.42645457969393247
119960,1,1,5,0.42645457969393247
119965,1,1,5,0.42645457969393247
119973,1,1,2,298.63958776111815
119980,1,1,9,249.60278026350375
119987,1,1,8,616.7189767364989
119991,1,1,9,401.46995688770414
120012,1,1,3,77.75797251875383
120018,1,1,3,92.73427557917645
120050,1,1,8,337.04788252146955
120086,1,1,8,701.9091994415996
120097,1,1,8,754.4801808196805
120113,1,1,7,113.34991239615226
120123,1,1,9,58.639777444459355
120125,1,1,4,0.42645458358136
120130,1,1,1,709.2624950473927
120148,1,1,9,459.7521890828172
120150,1,1,8,319.11442607947157
120153,1,1,6,269.98105910119386
120181,1,1,6,783.5620660833258
120192,1,1,9,43.0556864814594
120196,1,1,10,720.0037331716626
120198,1,1,8,193.7712300286765
120205,1,1,9,640.6943489025374
120206,1,1,6,528.4328922942749
120211,1,1,9,168.41308872984004
120224,1,1,7,174.06673307331192
120232,1,1,5,0.42645457969393247
120249,1,1,10,330.3198197933495
120253,1,1,9,202.164118128783
120262,1,1,2,457.0149728291702
120266,1,1,6,524.9070896424021
120272,1,1,6,390.5042841249729
120273,1,1,8,734.5108048904744
120289,1,1,10,622.7348420932306
120292,1,1,7,137.37750610848258
120308,1,1,1,672.277185774575
120325,1,1,4,0.42645458358136
120326,1,1,4,0.42645458358136
120332,1,1,9,722.9393713790788
120333,1,1,8,109.30011651883633
120343,1,1,6,647.5683586929515
120350,1,1,6,509.8070165267435
120353,1,1,5,0.42645457969393247
120361,1,1,9,274.53452247457255
120362,1,1,10,334.86528565873
120363,1,1,8,819.4117911481572
120371,1,1,4,0.42645458358136
120379,1,1,6,526.9990615757392
120380,1,1,10,243.72768535700033
120388,1,1,9,46.328181164032394
120403,1,1,9,862.8817690978304
120408,1,1,2,437.7111939803848
120415,1,1,4,0.42645458358136
120435,1,1,9,830.223492200176
120438,1,1,9,734.1612432505326
120439,1,1,4,0.42645458358136
120450,1,1,5,0.42645457969393247
120451,1,1,8,949.8588769569996
120458,1,1,9,688.7586739740198
120464,1,1,4,0.42645458358136
120473,1,1,10,164.06595202066032
120475,1,1,9,788.9931909525291
120484,1,1,9,513.9133264788538
120485,1,1,9,292.995306644146
120490,1,1,7,114.15890375039865
120503,1,1,9,643.9124349287504
120519,1,1,9,355.4372013936246
120522,1,1,9,578.386535736418
120525,1,1,1,198.22947271280424
120546,1,1,9,856.3884486319863
120547,1,1,8,617.5963853182138
120564,1,1,9,841.2711211355214
120571,1,1,10,202.83858316750204
120587,1,1,3,71.89685899807526
120610,1,1,8,256.95630034753873
120617,1,1,5,0.42645457969393247
120626,1,1,6,671.8690326476475
120635,1,1,10,723.2169489431845
120638,1,1,8,504.6063875726078
120640,1,1,1,224.9386448529782
120651,1,1,3,92.26057449624959
120665,1,1,10,645.1237936458558
120668,1,1,9,335.9202788030651
120670,1,1,4,0.42645458358136
120674,1,1,7,166.17015477161192
120676,1,1,5,0.42645457969393247
120689,1,1,9,38.55082358457248
120692,1,1,5,0.42645457969393247
120695,1,1,4,0.42645458358136
120718,1,1,9,753.3688186558859
120748,1,1,7,156.60870266712942
120755,1,1,4,0.42645458358136
120769,1,1,1,605.5002152083208
120771,1,1,6,560.3866380358771
120779,1,1,8,220.53262347794117
120788,1,1,9,593.843473853162
120799,1,1,9,361.30659713946056
120804,1,1,5,0.42645457969393247
120808,1,1,6,725.3185300235247
120827,1,1,1,713.8993223005509
120852,1,1,6,119.32973839260514
120864,1,1,10,381.73632687079123
120870,1,1,9,472.0684800618098
120873,1,1,4,0.42645458358136
120880,1,1,6,462.2679241626799
120883,1,1,5,0.42645457969393247
120894,1,1,9,501.25511327587316
120903,1,1,7,89.14968153265485
120908,1,1,8,848.3739457271492
120910,1,1,8,445.2997898858179
120938,1,1,8,556.8664318539796
120939,1,1,4,0.4264545919581291
120944,1,1,1,405.0038645530599
120948,1,1,6,746.1260553139565
120950,1,1,5,0.42645457969393247
120961,1,1,8,819.9127890878937
120992,1,1,1,311.4589957736887
120993,1,1,7,155.7408183142286
121030,1,1,8,473.2924131741496
121037,1,1,4,0.42645458358136
121053,1,1,4,0.42645458358136
121068,1,1,8,892.657991727184
121069,1,1,10,591.7110263052664
121071,1,1,5,0.42645457969393247
121096,1,1,5,0.42645457969393247
121100,1,1,5,0.42645457969393247
121119,1,1,4,0.42645458358136
121120,1,1,8,574.6999344426101
121132,1,1,4,0.42645458358136
121146,1,1,6,757.6124235679849
121149,1,1,6,594.443265833593
121166,1,1,6,457.1868765708234
121167,1,1,5,0.42645457969393247
121176,1,1,10,610.9572073848702
121213,1,1,5,0.42645457969393247
121214,1,1,1,615.0825712070128
121229,1,1,7,68.61714794402634
121246,1,1,9,403.0105971324905
121249,1,1,8,194.29950829151772
121257,1,1,9,750.247570361932
121260,1,1,6,728.6834893703623
121277,1,1,5,0.42645457969393247
121279,1,1,7,37.564610835104496
121286,1,1,7,100.06653872160689
121287,1,1,4,0.4264545919581291
121304,1,1,1,417.75562913768766
121306,1,1,9,617.8261166830588
121348,1,1,6,754.1601155696493
121362,1,1,4,0.42645458358136
121367,1,1,8,570.2711747104984
121372,1,1,4,0.42645458358136
121375,0,1,0,0.1457891628173788
121378,1,1,5,0.42645457969393247
121436,1,1,5,0.42645457969393247
121457,1,1,8,519.3081525406741
121491,0,1,0,0.08595460866971026
121506,1,1,6,543.3891661813509
121515,1,1,4,0.42645458358136
121542,1,1,9,201.09293810080376
121560,1,1,5,0.42645457969393247
121565,0,1,0,0.12109293339598817
121580,1,1,4,0.42645458358136
121593,1,1,9,517.107008550679
121597,1,1,8,537.1651117184103
121608,1,1,6,333.5759675712866
121622,1,1,8,473.20016912777726
121649,1,1,8,886.3955211253627
121650,1,1,5,0.42645457969393247
121657,1,1,6,254.23658395898744
121660,1,1,6,797.4471519575989
121663,1,1,1,672.3548351112709
121667,1,1,9,494.35094215196176
121670,1,1,7,153.35660062021623
121678,1,1,1,276.67931622942274
121688,1,1,8,599.474456418933
121701,1,1,4,0.4264545919581291
121716,1,1,6,430.54258127615986
121764,1,1,9,592.2677650663366
121796,1,1,6,226.31776696175058
121808,1,1,8,363.81291822237574
121816,1,1,9,654.8230059879858
121821,1,1,2,227.56306558933989
121826,1,1,8,811.0850932304853
121844,1,1,5,0.42645457969393247
121849,1,1,4,0.42645458358136
121866,1,1,8,567.7816928058638
121872,1,1,5,0.42645457969393247
121888,1,1,5,0.42645457969393247
121891,1,1,9,520.5484495879355
121894,1,1,10,562.3644184677478
121900,1,1,6,453.45235784871574
121901,1,1,4,0.42645458358136
121904,1,1,5,0.42645457969393247
121908,1,1,6,221.7990157221916
121911,1,1,1,169.2390637812467
121914,1,1,4,0.42645458358136
121922,1,1,9,718.04737993435
121927,1,1,1,190.49652248186896
121937,1,1,5,0.42645457969393247
121960,1,1,1,634.8553471671316
121984,1,1,9,359.2154733139121
121998,1,1,9,512.6534816934254
122008,1,1,4,0.42645458358136
122011,1,1,6,638.9332770514461
122017,1,1,4,0.42645458358136
122032,1,1,7,156.90383362603598
122033,1,1,8,561.2405320119367
122044,1,1,6,740.532793333441
122055,1,1,5,0.42645456789925423
122060,1,1,9,384.8929075288134
122062,1,1,7,77.41446731852122
122069,1,1,8,416.4709022774947
122080,1,1,5,0.42645457969393247
122084,1,1,5,0.42645457969393247
122090,1,1,9,755.0574206880059
122096,1,1,5,0.42645457969393247
122106,0,1,0,0.0696293097414798
122108,1,1,9,511.9490256883959
122114,1,1,2,377.0345337685102
122115,0,1,0,0.09256227360274408
122122,1,1,5,0.42645457969393247
122125,1,1,5,0.42645457969393247
122134,1,1,6,800.1022281935042
122149,1,1,4,0.42645458358136
122151,1,1,9,757.0306804355528
122154,1,1,9,90.42511119715674
122168,1,1,6,219.18867877023902
122177,1,1,9,864.8298746895729
122204,1,1,6,475.4717983288358
122213,1,1,4,0.42645458358136
122214,1,1,2,466.96770463297753
122232,1,1,7,132.2065793005587
122237,1,1,7,55.55677048477932
122240,1,1,9,455.9726704669333
122265,1,1,9,757.2231375577865
122269,1,1,9,491.86695024504735
122280,1,1,9,470.44106796254806
122295,1,1,10,583.4475003353159
122298,1,1,1,529.0113562276159
122300,1,1,5,0.42645456789925423
122313,1,1,3,87.0066059319875
122314,1,1,6,344.7772556231397
122317,1,1,9,242.43546810227173
122333,1,1,4,0.42645458358136
122334,1,1,5,0.42645457969393247
122342,1,1,5,0.42645457969393247
122353,1,1,5,0.42645457969393247
122365,1,1,8,151.05566049782897
122374,1,1,9,596.4871929423446
122377,1,1,9,621.5068063142689
122394,1,1,6,477.07966570358093
122402,1,1,5,0.42645457969393247
122411,1,1,1,543.5759038929706
122418,1,1,7,82.89045450183781
122423,1,1,6,792.4769327562485
122436,1,1,5,0.42645457969393247
122466,1,1,5,0.42645457969393247
122473,1,1,6,756.2496739067104
122481,1,1,8,406.6797763319368
122486,1,1,6,264.4316029649964
122502,1,1,9,289.96004361845024
122509,1,1,8,299.8876000412259
122511,0,1,0,0.13801064005645466
122556,1,1,5,0.42645457969393247
122567,1,1,4,0.42645458358136
122570,1,1,4,0.42645458358136
122571,1,1,4,0.42645458358136
122578,1,1,6,772.7106363405092
122579,1,1,9,361.42400996156016
122605,1,1,4,0.42645458358136
122619,1,1,7,55.91346787860599
122621,1,1,5,0.42645456789925423
122635,1,1,9,821.7940371510451
122638,1,1,9,715.4028900332834
122658,1,1,7,145.20930452054958
122660,1,1,9,876.9948628112968
122662,1,1,10,500.87140874597117
122663,1,1,5,0.42645457969393247
122665,1,1,9,615.7281400587445
122673,0,1,0,0.11755387653586556
122679,1,1,6,793.3001871284636
122693,1,1,6,519.1315954179777
122700,1,1,3,90.70977019451858
122704,1,1,5,0.42645457969393247
122720,1,1,6,451.8925954438264
122729,1,1,5,0.42645457969393247
122743,1,1,8,923.4606967022814
122750,1,1,10,557.9249366919128
122752,1,1,8,539.9788388691791
122757,1,1,10,459.3829089645614
122768,1,1,6,744.1953088246353
122778,0,1,0,0.11468491590109557
122782,1,1,1,504.39478916336355
122810,1,1,9,212.17882344662547
122813,1,1,8,642.2209111551763
122827,1,1,6,352.9257439980198
122834,1,1,1,743.1022317564758
122851,1,1,1,684.504233411344
122874,1,1,1,421.1867869739475
122881,1,1,4,0.42645458358136
122886,1,1,9,868.6819562041767
122895,1,1,5,0.42645457969393247
122905,1,1,2,86.1606596978049
122927,1,1,5,0.42645456789925423
122947,1,1,9,797.0901394031466
122970,1,1,5,0.42645457969393247
122975,1,1,9,823.936993904854
122977,1,1,8,614.2787926875774
122978,1,1,3,67.86582963478021
122986,1,1,8,606.5538924209296
122989,1,1,1,617.2726459563266
123013,1,1,5,0.42645457969393247
123018,1,1,1,484.0703695175128
123019,1,1,7,63.103488586830956
123022,1,1,6,778.1221570008425
123029,1,1,6,396.93795625927635
123032,1,1,6,779.1244800073434
123033,1,1,4,0.42645458358136
123034,1,1,8,751.7790205160367
123038,1,1,3,59.08841685407274
123045,1,1,4,0.42645458358136
123048,1,1,4,0.42645458358136
123051,1,1,6,382.0096444133091
123052,1,1,6,671.3104536916757
123054,1,1,10,612.261426698637
123083,1,1,5,0.42645457969393247
123094,1,1,8,777.5831561213296
123096,1,1,4,0.42645458358136
123108,1,1,3,88.98501853057219
123111,1,1,8,262.6449144416353
123117,1,1,5,0.42645457969393247
123132,1,1,5,0.42645457969393247
123158,1,1,9,620.8940839749204
123167,1,1,6,279.96130414385135
123168,1,1,3,37.67256912547581
123172,1,1,6,205.66502733234
123190,1,1,10,457.264255386617
123199,1,1,8,418.69532562085027
123204,1,1,8,820.3447684146054
123205,1,1,9,874.2727725397422
123209,1,1,10,189.68896385442144
123240,1,1,8,233.79274495397215
123255,1,1,3,80.82319977402824
123257,1,1,5,0.42645457969393247
123259,1,1,4,0.42645458358136
123262,1,1,9,780.7412280118687
123263,1,1,10,695.0362896438506
123265,1,1,9,658.9329480410473
123272,1,1,7,147.06100188914843
123283,1,1,9,596.6773191075187
123308,1,1,5,0.42645457969393247
123311,1,1,6,556.5740450702993
123314,1,1,9,576.5132293572484
123315,1,1,4,0.42645458358136
123317,1,1,8,319.46562427307447
123318,1,1,9,876.8031037590383
123328,1,1,4,0.42645458358136
123343,1,1,9,866.7241054490567
123376,1,1,10,313.70118715981545
123377,1,1,6,606.3861937234643
123381,1,1,3,79.36379221328981
123395,1,1,6,677.1226484940795
123396,1,1,10,303.61304606035213
123413,1,1,9,876.8466725722687
123436,1,1,6,511.5941854327937
123459,1,1,6,810.5497665539189
123468,1,1,9,566.3477415753739
123472,1,1,3,60.88652916952353
123487,1,1,6,197.41095693492935
123491,1,1,9,762.6146510557274
123493,1,1,8,613.7660367931702
123494,1,1,6,800.7983311589153
123498,1,1,6,347.8318587467208
123503,1,1,5,0.42645457969393247
123518,1,1,10,376.95719768795584
123522,1,1,10,255.08324054828452
123546,1,1,6,697.7477058067452
123549,1,1,9,875.270926812768
123564,1,1,8,502.90938897394426
123565,1,1,2,98.01957411239479
123568,1,1,10,162.95149177956972
123569,1,1,6,472.0225666052763
123572,1,1,9,820.5657118994042
123575,0,1,0,0.12310150069027179
123579,1,1,4,0.42645458358136
123580,1,1,8,275.14909669160187
123586,1,1,6,629.2073309592334
123591,1,1,10,408.15937545448213
123594,1,1,5,0.42645457969393247
123603,1,1,5,0.42645457969393247
123661,1,1,4,0.42645458358136
123669,1,1,10,458.3388975280119
123682,1,1,5,0.42645457969393247
123684,1,1,8,854.8539773877883
123722,1,1,8,623.6557185307656
123723,1,1,4,0.42645458358136
123726,1,1,5,0.42645457969393247
123759,1,1,9,607.1544085082422
123760,1,1,4,0.42645458358136
123761,1,1,8,312.31914874671287
123763,1,1,4,0.4264545919581291
123768,1,1,9,793.6178698164017
123770,1,1,1,603.5167804839689
123772,1,1,8,746.869868316865
123776,1,1,9,471.5048468700948
123791,1,1,2,381.6814935092052
123792,1,1,10,590.3627492425284
123794,1,1,9,446.72436235648604
123838,1,1,2,468.15147136572085
123866,1,1,10,421.8362155844477
123882,1,1,1,154.0913911297701
123884,1,1,5,0.42645457969393247
123893,1,1,4,0.42645458358136
123896,1,1,5,0.42645457969393247
123903,1,1,9,555.2769769647124
123912,1,1,9,256.72371569072595
123914,1,1,5,0.42645457969393247
123917,1,1,10,422.7485561711115
123957,1,1,5,0.42645457969393247
123972,0,1,0,0.11437905271375708
123973,1,1,1,558.3606997279539
123976,1,1,9,444.1843983430348
123979,1,1,9,566.4135598958906
123982,1,1,1,242.4651521870523
123984,1,1,10,462.2073384103097
123988,1,1,6,460.11874495118565
124016,1,1,4,0.42645458358136
124026,1,1,9,324.9859968547678
124043,1,1,7,70.40367256085976
124053,1,1,8,932.4168086680589
124065,1,1,6,620.4339568321018
124077,1,1,6,438.13968251034663
124078,1,1,5,0.42645456789925423
124080,1,1,7,92.12085848539735
124091,1,1,9,812.834262131534
124092,1,1,5,0.42645457969393247
124096,1,1,4,0.42645458358136
124107,1,1,6,407.48269331264333
124115,1,1,5,0.42645457969393247
124124,1,1,6,468.5749085088829
124131,1,1,9,861.5991646660763
124139,1,1,9,275.4676727628312
124140,1,1,9,76.09607682274523
124150,1,1,9,359.16396810460765
124153,1,1,9,572.8874643322138
124154,1,1,1,528.3840905671294
124167,1,1,3,73.39879866717361
124168,1,1,5,0.42645457969393247
124172,1,1,5,0.42645457969393247
124182,1,1,2,264.0535818114668
124185,1,1,5,0.42645457969393247
124203,1,1,7,18.89363208406953
124211,1,1,9,801.257160563387
124225,1,1,1,580.6461313525177
124235,1,1,6,278.82943714798694
124255,1,1,5,0.42645457969393247
124261,1,1,9,680.8998804108871
124265,1,1,4,0.42645458358136
124266,1,1,4,0.42645458358136
124283,1,1,1,229.76515467910522
124294,1,1,8,268.66161515325786
124300,1,1,5,0.42645457969393247
124310,1,1,8,899.4683489181776
124321,1,1,1,551.1482389951199
124355,1,1,4,0.4264545919581291
124367,1,1,6,494.14228349177284
124381,1,1,4,0.42645458358136
124385,1,1,8,337.04053942828955
124389,0,1,0,0.09102057302266726
124394,1,1,9,601.1811797642058
124404,1,1,10,286.6133796141861
124409,1,1,2,298.11443268617376
124426,1,1,9,790.6887376717633
124428,1,1,4,0.42645458358136
124431,1,1,9,882.2849018156337
124444,1,1,10,698.1485674839146
124456,1,1,6,718.367651205609
124458,1,1,10,465.8142846877479
124471,1,1,8,760.6699266656823
124488,1,1,8,142.27021751618216
124501,1,1,3,90.27533206016581
124503,1,1,8,756.8712481058118
124520,1,1,4,0.42645458358136
124526,1,1,7,33.83832441579497
124528,1,1,8,555.9797975615136
124532,1,1,9,320.12991364897573
124546,1,1,4,0.42645458358136
124549,1,1,1,295.8988306931509
124556,1,1,9,793.9301524274398
124577,1,1,4,0.42645458358136
124590,1,1,10,159.33729843706925
124591,1,1,10,338.7397632113924
124595,1,1,8,777.9671324368444
124597,1,1,7,134.15537416303303
124609,1,1,8,275.23150364360066
124614,1,1,9,698.3938068978765
124640,1,1,9,455.9128360281939
124656,1,1,4,0.42645458358136
124671,1,1,10,449.71948369991424
124672,1,1,5,0.42645457969393247
124690,1,1,3,46.37438844368407
124693,1,1,9,312.650025862248
124696,1,1,9,657.7541156647808
124711,1,1,7,79.62888937762385
124715,1,1,6,462.1030947324122
124750,1,1,4,0.42645458358136
124755,1,1,6,542.7022635474433
124757,1,1,6,421.1359808443995
124767,1,1,9,775.3895465688545
124769,1,1,4,0.42645458358136
124770,1,1,9,160.6856591347938
124785,1,1,8,413.1839124036058
124795,1,1,8,431.15439448756126
124803,1,1,1,237.29789062844196
124820,1,1,1,235.26313087259425
124836,1,1,5,0.42645457969393247
124847,1,1,10,558.9037002154786
124849,1,1,9,485.29636576347673
124851,1,1,10,96.6186344322762
124864,1,1,9,648.3672808288441
124867,1,1,7,167.6015595259691
124873,1,1,5,0.42645457969393247
124896,1,1,7,34.64628072044778
124905,1,1,8,540.3733202891684
124906,1,1,10,650.7916150220863
124911,1,1,4,0.42645458358136
124914,1,1,10,441.9801404226331
124924,1,1,6,735.7676075249949
124928,1,1,10,198.56735396210075
124930,1,1,4,0.42645458358136
124935,1,1,4,0.42645458358136
124941,1,1,6,537.0222286915719
124946,1,1,10,641.7797152987644
124948,1,1,9,429.210891938697
124971,1,1,6,187.62881787854147
125002,1,1,4,0.42645458358136
125007,1,1,6,131.237166832142
125012,1,1,1,347.31486373978726
125021,1,1,3,76.58218416024519
125024,1,1,1,339.81280138866947
125047,1,1,8,725.0449643931388
125060,1,1,9,269.4075802416711
125067,1,1,9,146.75637334009204
125081,1,1,6,472.1491972915777
125098,1,1,5,0.42645457969393247
125104,1,1,10,461.44717844924605
125106,1,1,4,0.42645458358136
125116,1,1,10,459.3314715509738
125119,1,1,5,0.42645457969393247
125125,1,1,9,57.173923105084576
125149,1,1,8,684.3852076579241
125159,1,1,10,109.09780530923292
125170,1,1,8,740.3948033707456
125181,1,1,7,126.83984581902182
125182,1,1,8,530.9978384848476
125183,1,1,5,0.42645457969393247
125209,1,1,7,115.43605584427043
125223,1,1,9,575.4576257612091
125246,1,1,7,75.07354251578744
125248,1,1,9,378.05528818117614
125251,1,1,9,415.42261140646764
125280,1,1,9,310.76749153675155
125286,1,1,1,285.667964931431
125287,1,1,5,0.42645457969393247
125296,1,1,7,59.24785769562454
125311,1,1,8,494.1468439169292
125320,1,1,9,886.5459234553562
125326,1,1,9,748.8033250995368
125328,1,1,1,702.5763311707349
125331,1,1,7,78.49227359732902
125349,1,1,8,783.1383727606375
125374,1,1,9,876.227496355812
125380,1,1,1,545.6498893250169
125395,1,1,5,0.42645457969393247
125409,1,1,7,52.53753657388118
125433,1,1,9,669.9609719139091
125441,1,1,2,297.96465475332434
125447,1,1,10,694.4524102261355
125463,1,1,8,792.1268799357755
125471,1,1,4,0.42645458358136
125491,1,1,2,375.6967338519102
125497,1,1,7,93.32909676052905
125500,1,1,4,0.42645458358136
125514,1,1,4,0.42645458358136
125525,1,1,4,0.42645458358136
125532,1,1,9,262.7920290487329
125535,1,1,10,430.8318201093107
125557,1,1,10,219.8299641248716
125559,1,1,7,126.0285008946835
125585,1,1,1,344.34238006728043
125591,1,1,4,0.42645458358136
125606,1,1,8,521.5367102657689
125620,1,1,6,780.5233963280001
125627,1,1,8,295.1144089490632
125646,1,1,6,792.099625635924
125650,1,1,9,431.85249017396217
125659,1,1,8,452.1786972305095
125669,1,1,2,321.28694415148175
125672,1,1,9,812.3299306731415
125683,1,1,8,578.9266297980827
125698,1,1,5,0.42645457969393247
125703,1,1,8,698.0218482103436
125705,1,1,1,497.9052746276392
125708,1,1,3,92.87598110411565
125723,1,1,4,0.42645458358136
125742,1,1,10,695.7482307053461
125755,1,1,8,868.5172281988183
125764,1,1,9,258.25165004731286
125770,1,1,10,417.818760969831
125778,1,1,1,465.40326146806757
125783,1,1,3,90.56500512905734
125785,1,1,9,775.8728851675692
125808,1,1,9,289.91654961664466
125829,1,1,6,559.1929970350086
125838,1,1,9,693.2721798763645
125867,1,1,4,0.42645457969393247
125875,1,1,8,470.56948889201544
125906,1,1,8,632.5867512639212
125916,1,1,6,276.9228545510154
125929,1,1,1,406.9765243716845
125934,1,1,9,772.4332342358373
125940,1,1,7,83.87569387729044
125947,1,1,9,831.3852735030694
125964,1,1,9,212.00190991024382
125975,1,1,4,0.4264545919581291
125999,1,1,6,632.360756221226
126008,1,1,4,0.42645458358136
126013,1,1,8,761.631152267548
126014,1,1,8,769.7281031753159
126028,1,1,10,200.5464985838822
126031,1,1,4,0.42645458358136
126035,1,1,10,618.5787995973147
126041,1,1,6,431.759634592442
126060,1,1,2,390.27096691729037
126061,1,1,3,70.87178064220751
126069,1,1,5,0.42645457969393247
126073,1,1,8,233.87953534920044
126101,1,1,4,0.42645458358136
126111,1,1,5,0.42645457969393247
126117,1,1,4,0.42645458358136
126118,1,1,2,226.20809768746727
126127,1,1,4,0.42645458358136
126145,1,1,4,0.42645458358136
126148,1,1,4,0.42645458358136
126161,1,1,10,451.0695188059283
126164,1,1,6,658.5475658550704
126168,1,1,6,738.1693008153657
126169,1,1,5,0.42645457969393247
126170,1,1,9,315.5874287450588
126175,1,1,7,94.04431721835108
126188,1,1,8,471.72417030955586
126190,1,1,5,0.42645457969393247
126195,1,1,9,119.69295272773263
126197,1,1,5,0.42645457969393247
126204,1,1,5,0.42645457969393247
126210,1,1,5,0.42645456789925423
126211,1,1,6,326.6760201338418
126214,1,1,5,0.42645457969393247
126220,1,1,4,0.42645458358136
126230,1,1,4,0.42645458358136
126233,1,1,10,326.3403563554098
126242,1,1,6,641.2337460704149
126259,1,1,9,603.1848510139847
126278,1,1,9,271.7522706526736
126285,1,1,3,66.97288407938588
126297,1,1,8,565.3914635512363
126315,1,1,10,696.8195327504981
126328,1,1,4,0.42645458358136
126329,1,1,5,0.42645457969393247
126343,1,1,6,317.12027401228175
126354,1,1,5,0.42645457969393247
126362,1,1,1,672.0175054013391
126375,1,1,4,0.42645458358136
126379,1,1,1,709.8142074831926
126391,1,1,4,0.42645458358136
126396,1,1,8,928.7501199927062
126403,1,1,8,634.0650024314708
126414,1,1,6,376.67951912395847
126422,1,1,10,563.7673802107863
126434,1,1,8,596.5582639208624
126439,1,1,5,0.42645457969393247
126442,1,1,4,0.42645458358136
126446,1,1,3,82.47455390305575
126450,1,1,5,0.42645457969393247
126451,1,1,8,498.37340508580996
126461,1,1,6,801.9966487656452
126468,1,1,2,259.57609373791513
126469,1,1,9,117.5370489800869
126483,1,1,10,264.8556614729458
126511,1,1,7,143.17766700836427
126516,1,1,5,0.42645457969393247
126517,1,1,2,52.44949686523524
126530,1,1,4,0.42645458358136
126531,1,1,6,210.09716400399506
126552,1,1,8,342.9198976936247
126560,1,1,10,422.9942178193445
126562,1,1,8,732.3075698092912
126565,1,1,10,718.3129253589286
126571,1,1,3,87.08539570315119
126576,1,1,6,699.7614880918665
126616,1,1,2,181.7413844442436
126630,1,1,10,232.237737939461
126638,1,1,6,360.6223642430657
126643,1,1,9,850.6907369087661
126646,1,1,4,0.42645458358136
126651,1,1,8,856.2162414878727
126691,1,1,10,203.2281721125436
126697,1,1,5,0.42645457969393247
126699,1,1,5,0.42645457969393247
126710,1,1,4,0.42645458358136
126719,1,1,5,0.42645457969393247
126727,1,1,10,720.3242485451804
126731,1,1,1,492.886256582621
126745,1,1,9,565.8960157772311
126753,1,1,9,618.1191381441857
126756,1,1,4,0.42645458358136
126773,1,1,5,0.42645457969393247
126781,1,1,6,809.580710212201
126795,1,1,2,378.3997414201037
126810,1,1,5,0.42645456789925423
126829,1,1,9,514.7974717741982
126848,1,1,9,474.75627950161055
126868,1,1,7,124.02551856229258
126875,1,1,6,465.9309901963186
126880,1,1,8,517.2300021645062
126887,1,1,6,216.35799857171642
126902,1,1,10,197.71792101527316
126904,1,1,9,524.1624684908688
126930,1,1,5,0.42645457969393247
126938,1,1,6,353.09398337345516
126942,1,1,6,419.67137857643405
126954,1,1,4,0.42645458358136
126955,1,1,3,93.10558695749684
126957,1,1,10,459.274021788977
126972,1,1,8,675.0015682548145
126975,1,1,6,782.874109668485
126976,1,1,8,381.2886652572932
126977,1,1,8,746.6611518965752
126983,1,1,1,480.75372269750386
126990,1,1,9,750.5329017963423
126992,1,1,8,649.2246955328889
126994,1,1,3,92.38998286942328
126996,1,1,6,367.0556755800582
127009,1,1,2,370.8763270107509
127012,1,1,5,0.42645457969393247
127017,1,1,5,0.42645457969393247
127021,1,1,5,0.42645457969393247
127027,1,1,5,0.42645457969393247
127032,1,1,2,375.16200245848904
127040,1,1,9,459.57204708914793
127049,1,1,7,13.24844648677413
127050,1,1,8,298.41818590754775
127067,1,1,8,476.04230966387314
127082,1,1,10,461.7693987311095
127086,1,1,6,484.26998516036144
127087,1,1,4,0.42645458358136
127109,1,1,5,0.42645457969393247
127169,1,1,6,767.6945910197827
127173,1,1,9,249.84078455393845
127177,1,1,5,0.42645457969393247
127195,1,1,4,0.42645458358136
127223,1,1,8,893.6319073911983
127228,1,1,8,480.60615634785944
127231,1,1,4,0.42645458358136
127235,1,1,1,293.55925166432365
127241,1,1,5,0.42645457969393247
127253,1,1,4,0.42645458358136
127255,1,1,2,419.5432203314488
127281,1,1,5,0.42645457969393247
127283,1,1,5,0.42645457969393247
127284,1,1,7,115.10368906454352
127287,1,1,5,0.42645457969393247
127298,1,1,4,0.42645458358136
127307,1,1,10,460.87815651966423
127309,1,1,4,0.42645458358136
127314,1,1,3,89.53778036266883
127317,1,1,9,515.7009788189841
127323,1,1,1,341.6236643877614
127325,1,1,6,517.024809179127
127340,1,1,8,419.3794430054769
127341,1,1,7,16.50315398914596
127348,1,1,8,639.6850660222585
127368,1,1,8,283.03507837185214
127384,1,1,1,390.5013486720802
127385,1,1,9,881.1224787710003
127386,1,1,4,0.42645458358136
127391,1,1,1,318.25449608310345
127400,1,1,8,148.06227541478003
127418,1,1,6,777.1808130681571
127449,1,1,9,794.33323405257
127456,1,1,4,0.42645458358136
127479,1,1,7,12.875574715211776
127482,1,1,6,276.4422617503143
127494,1,1,9,757.3474067610939
127495,1,1,8,923.7463685990235
127504,1,1,4,0.42645458358136
127505,1,1,4,0.42645458358136
127507,1,1,1,181.69067398143
127515,1,1,8,491.3280082747164
127523,1,1,9,22.287859025860946
127536,1,1,7,152.786051744556
127538,1,1,5,0.42645457969393247
127550,1,1,5,0.42645457969393247
127560,1,1,7,98.49112123336536
127563,1,1,10,719.8967548821189
127567,1,1,5,0.42645457969393247
127570,1,1,6,408.5437226581186
127572,1,1,1,250.1631023746383
127599,1,1,6,804.7663190550668
127600,1,1,1,222.13200547189192
127606,1,1,5,0.42645457969393247
127615,1,1,9,810.896210844282
127622,1,1,1,236.29538266268176
127631,1,1,9,775.0666704252154
127640,1,1,9,673.326169059846
127643,1,1,10,384.60056692595305
127652,1,1,10,432.7831450797312
127660,1,1,5,0.42645457969393247
127661,1,1,6,619.741036530222
127666,1,1,5,0.42645457969393247
127678,1,1,9,607.4461969980935
127729,1,1,10,669.5028895014614
127750,1,1,4,0.42645458358136
127754,1,1,10,110.02314712221296
127775,1,1,5,0.42645457969393247
127782,1,1,6,459.5636466544056
127826,1,1,9,499.8448117305664
127827,1,1,3,92.06111219536314
127831,1,1,9,819.5177356513183
127836,1,1,6,291.1580515541652
127848,1,1,1,486.6291806614806
127849,1,1,9,614.7998203000672
127860,1,1,4,0.42645458358136
127866,1,1,5,0.42645457969393247
127884,1,1,7,117.51791996851829
127892,1,1,4,0.42645458358136
127900,1,1,9,123.96090850597206
127918,1,1,9,251.8464157985208
127922,1,1,10,204.78638525054976
127940,1,1,6,607.1635493451214
127949,1,1,5,0.42645457969393247
127951,1,1,5,0.42645457969393247
127958,1,1,5,0.42645457969393247
127975,1,1,4,0.42645458358136
128010,1,1,5,0.42645457969393247
128017,1,1,5,0.42645457969393247
128021,1,1,3,90.12419583148821
128025,1,1,9,431.448059912835
128049,1,1,8,841.3375398471051
128064,1,1,4,0.42645458358136
128088,1,1,6,395.0966599359302
128093,1,1,2,297.2740546240047
128125,0,1,0,0.11349355542775308
128140,1,1,1,691.047565073677
128144,1,1,6,485.06561260933074
128151,1,1,6,456.76348847625025
128163,1,1,8,485.4873430604147
128166,1,1,9,760.8851593458221
128171,1,1,9,533.1825572592802
128183,1,1,8,372.7356186527181
128187,1,1,9,713.1246553267943
128194,1,1,6,390.23227178758657
128201,1,1,10,716.6648937640132
128207,1,1,7,95.25882285610565
128211,1,1,5,0.42645457969393247
128232,1,1,4,0.42645458358136
128253,1,1,10,660.4517263212291
128267,1,1,9,496.28029994407547
128268,1,1,9,801.731642327506
128270,1,1,6,263.91786572308723
128282,1,1,6,529.3855422450858
128284,1,1,3,85.82131323042321
128314,1,1,5,0.42645457969393247
128325,1,1,9,825.918239374696
128335,1,1,1,187.64622349098897
128389,1,1,5,0.42645457969393247
128393,1,1,6,214.15251350135057
128404,1,1,3,88.18928777673689
128421,1,1,1,533.146930157198
128425,1,1,8,757.2487841540831
128449,0,1,0,0.12228487214333023
128450,1,1,6,516.2800143723443
128458,1,1,9,523.4001410274614
128466,1,1,6,740.1116593394618
128490,1,1,1,483.56173843343134
128492,1,1,9,616.269942961202
128502,1,1,7,129.3007427162065
128520,1,1,4,0.42645458358136
128521,1,1,4,0.42645458358136
128522,1,1,9,715.0375368080622
128531,1,1,5,0.42645457969393247
128533,1,1,9,619.1351566345152
128537,1,1,4,0.42645458358136
128546,1,1,8,715.882678894915
128547,1,1,10,247.3139481698112
128562,1,1,10,711.5046469697853
128582,1,1,5,0.42645457969393247
128590,1,1,9,427.4330456133345
128601,1,1,10,723.0376824682643
128607,1,1,9,532.9323036448167
128625,1,1,9,837.4761915934631
128626,1,1,3,89.64698714105815
128631,1,1,9,457.4715582447791
128642,1,1,7,149.6189164536829
128657,1,1,10,711.3157681425998
128662,1,1,1,178.02897195592863
128663,1,1,6,261.06156974646603
128664,1,1,8,343.8587272043392
128677,1,1,2,316.40911087241284
128706,1,1,9,856.5471721852211
128723,1,1,9,734.4215085736648
128728,1,1,2,418.22485081643947
128730,1,1,9,587.3897038349874
128740,1,1,6,360.82302211683066
128767,1,1,4,0.42645458358136
128770,1,1,7,170.02375395339286
128775,1,1,6,715.278066410921
128782,1,1,1,712.2650534037871
128785,1,1,10,219.83982790447533
128790,1,1,1,628.4630125977307
128804,1,1,8,599.9732945611584
128819,1,1,9,446.59796398755
128851,1,1,7,165.37329023509164
128853,1,1,6,513.9784055429245
128859,1,1,10,597.2044404730718
128864,1,1,4,0.42645458358136
128890,1,1,7,157.38725019643707
128905,1,1,8,425.2370232931311
128923,1,1,4,0.42645458358136
128930,1,1,4,0.42645458358136
128974,1,1,2,288.39786592857644
128979,1,1,1,429.5701731837324
128982,1,1,10,722.9794222981354
129002,1,1,7,173.18504940014267
129003,1,1,6,784.4387636095737
129021,1,1,10,183.02754669095498
129023,1,1,4,0.42645458358136
129037,1,1,7,94.87012783786355
129046,1,1,5,0.42645457969393247
129055,1,1,8,301.24784704480254
129059,1,1,5,0.42645457969393247
129062,1,1,3,90.87989990928709
129071,1,1,6,618.1972516914387
129078,1,1,7,119.9613341017144
129089,1,1,10,219.92698798655533
129092,1,1,6,735.7293716298384
129097,1,1,6,247.76988302912457
129100,1,1,5,0.42645457969393247
129105,1,1,9,866.6516255679913
129106,1,1,1,742.7801805415911
129108,1,1,8,384.0711823681327
129110,1,1,5,0.42645457969393247
129112,1,1,10,719.2790403763412
129120,1,1,5,0.42645457969393247
129121,1,1,8,572.0327665499835
129136,1,1,2,55.77928547522982
129149,1,1,8,591.9081962223288
129164,1,1,8,653.8277145494901
129166,1,1,9,289.13654196260995
129172,1,1,8,258.72614841977725
129186,1,1,3,49.10934936982836
129190,1,1,8,930.9087264645008
129214,1,1,7,109.32985078596136
129215,1,1,4,0.42645458358136
129219,1,1,6,713.482068731227
129234,1,1,8,789.1177803536456
129262,1,1,9,647.6181304730205
129272,1,1,5,0.42645457969393247
129281,1,1,5,0.42645457969393247
129282,1,1,3,59.81636029899847
129311,1,1,2,329.27352346313705
129316,1,1,5,0.42645457969393247
129322,1,1,9,860.3807749238981
129332,1,1,1,301.297976608326
129335,1,1,8,556.9796491250091
129338,1,1,9,285.7104700742024
129355,1,1,9,618.5902472917737
129356,1,1,2,350.6284866019159
129394,1,1,6,300.14596689761464
129412,1,1,4,0.42645458358136
129419,1,1,9,431.6517735530281
129420,0,1,0,0.08850273004710948
129429,1,1,6,738.4261753840768
129447,1,1,9,811.2205094094913
129460,1,1,9,557.4867785020659
129468,1,1,8,324.99660305654686
129477,1,1,10,689.5154158719403
129489,1,1,5,0.42645457969393247
129502,1,1,6,267.6493080124375
129506,1,1,10,466.7619096602929
129535,1,1,5,0.42645457969393247
129544,1,1,6,368.4918795181264
129550,1,1,6,190.37368473249555
129558,0,1,0,0.15863613953837433
129559,1,1,3,88.55739594185015
129569,1,1,10,721.4693568654125
129580,1,1,8,913.5836312896458
129593,1,1,2,75.73426670149672
129597,1,1,7,68.16418416118222
129598,1,1,7,114.82544422388544
129611,1,1,1,387.13464409026284
129625,1,1,8,236.18289678178292
129630,1,1,9,659.5983966058892
129656,1,1,5,0.42645457969393247
129663,1,1,1,487.67135368472253
129669,1,1,4,0.42645458358136
129672,1,1,4,0.42645458358136
129677,1,1,10,637.1411297738875
129680,1,1,9,777.0296582262306
129698,1,1,9,218.62147170971008
129703,1,1,6,783.5708596489155
129712,1,1,2,358.89111236260686
129713,1,1,6,462.5089496306249
129717,1,1,9,869.3201012845033
129723,1,1,9,769.3860527923791
129724,1,1,6,540.9893424042698
129730,1,1,3,93.39857017127613
129734,1,1,6,472.5220485347546
129766,1,1,8,243.68096482455263
129771,1,1,2,483.94604288429014
129781,1,1,10,237.64338654119973
129782,1,1,6,180.77974770928958
129783,1,1,8,572.2668685904174
129785,1,1,7,84.36457399006153
129789,1,1,9,719.6356592654423
129791,1,1,1,602.7440627596927
129793,1,1,7,172.87186703653376
129794,1,1,3,67.4426037521798
129795,1,1,8,795.1221315794802
129818,1,1,3,92.42816314518898
129827,1,1,5,0.42645457969393247
129840,1,1,6,698.3460576612424
129844,1,1,2,307.00862072667616
129847,1,1,6,516.9912379582715
129851,1,1,3,60.931908127533326
129855,1,1,4,0.42645458358136
129864,1,1,5,0.42645457969393247
129866,1,1,9,571.1643228236894
129869,1,1,6,548.9791027251825
129871,1,1,9,200.5335384019757
129880,1,1,6,617.3529098938556
129904,1,1,9,291.92341969674237
129928,1,1,10,413.26814427466854
129929,1,1,4,0.42645458358136
129930,1,1,6,778.2088511450851
129944,1,1,9,446.0082257266264
129949,1,1,4,0.42645458358136
129950,1,1,8,564.9300989553105
129951,1,1,6,671.3559596596518
129957,1,1,6,340.18932803301453
129960,1,1,7,163.25044774390017
129962,1,1,9,793.1183535074015
129970,0,1,0,0.11669412982922273
129988,1,1,5,0.42645457969393247
129994,1,1,6,751.1398628783473
129996,1,1,1,764.3492491725291
129999,1,1,6,578.6072693947473
130026,1,1,7,88.75756567010437
130027,1,1,1,561.0083221192498
130030,1,1,9,565.4711912992449
130033,1,1,8,732.2159428115486
130047,1,1,8,841.5738482063203
130060,1,1,4,0.42645458358136
130062,1,1,8,732.427928928143
130082,1,1,5,0.42645457969393247
130091,1,1,1,488.3120758341559
130092,1,1,10,718.82497589836
130100,1,1,4,0.42645458358136
130122,1,1,10,333.86266065025893
130133,1,1,4,0.42645458358136
130163,1,1,9,797.8838770080978
130167,1,1,9,862.1829361424686
130171,1,1,10,499.07112387502366
130207,1,1,5,0.42645457969393247
130229,0,1,0,0.12443013766000525
130233,1,1,9,809.7225344160289
130257,1,1,6,806.0657584166304
130261,1,1,8,793.0520224533003
130263,1,1,10,722.175992453484
130265,1,1,2,393.367478977313
130273,1,1,10,716.5146395744027
130307,1,1,6,641.5332194284131
130310,1,1,9,98.67121860851125
130321,1,1,8,464.09609962527753
130322,1,1,5,0.42645457969393247
130326,1,1,4,0.42645458358136
130339,1,1,5,0.42645457969393247
130354,1,1,4,0.42645458358136
130360,1,1,8,391.20223559433595
130361,1,1,10,637.9441927061555
130362,1,1,9,627.7560968018423
130366,1,1,8,841.3572393682603
130370,1,1,9,803.941333790064
130373,1,1,1,220.7391971679933
130374,1,1,9,557.3997772912717
130379,1,1,6,423.68736192370045
130403,1,1,5,0.42645457969393247
130405,1,1,5,0.42645457969393247
130418,1,1,9,636.9618886285248
130419,1,1,9,806.1040475633537
130424,1,1,10,456.11776205126927
130433,1,1,9,663.1531179618722
130434,1,1,5,0.42645457969393247
130435,1,1,8,489.17928004741276
130441,1,1,9,843.125327891773
130442,1,1,5,0.42645457969393247
130460,1,1,2,458.4004196112787
130468,1,1,8,149.1566486765477
130470,1,1,5,0.42645457969393247
130479,1,1,8,502.9245685999613
130484,1,1,5,0.42645457969393247
130505,1,1,8,169.46050872676028
130515,1,1,8,494.84343537498523
130524,1,1,6,786.5456200059142
130531,1,1,3,91.39811760454744
130533,1,1,6,303.45882390751416
130538,1,1,9,459.90362097528487
130552,1,1,8,444.14530108913937
130568,1,1,5,0.42645457969393247
130592,1,1,5,0.42645457969393247
130614,1,1,9,791.5144606998845
130616,1,1,10,480.5812887594796
130661,1,1,8,557.5147354839386
130662,1,1,5,0.42645457969393247
130668,1,1,9,476.49380896099245
130710,1,1,8,487.0623763565875
130727,1,1,5,0.42645457969393247
130776,1,1,8,813.3307783612796
130826,1,1,9,187.47089629239804
130843,1,1,1,687.2670722809789
130853,1,1,8,781.1328072232537
130870,1,1,5,0.42645457969393247
130892,1,1,8,239.36402450287795
130900,1,1,9,447.5918807166779
130902,1,1,8,387.6426720405226
130908,1,1,6,783.435499925596
130912,1,1,7,76.98800024835953
130921,1,1,6,581.3066269883509
130922,1,1,9,618.439434567472
130931,1,1,5,0.42645457969393247
130950,1,1,9,819.8710850577647
130959,1,1,1,160.10437225869887
130989,1,1,5,0.42645457969393247
130999,1,1,10,722.2766118445807
131007,1,1,5,0.42645457969393247
131023,1,1,8,651.6225278535405
131032,1,1,5,0.42645457969393247
131040,1,1,8,292.30946213003597
131044,1,1,6,571.2103865242875
131060,1,1,4,0.42645458358136
131066,1,1,6,175.54654876353462
131067,1,1,9,225.12405212464876
131070,1,1,4,0.42645458358136
131076,1,1,2,49.665366580487884
131082,1,1,7,167.05964344370202
131092,1,1,10,561.5985926176439
131095,1,1,5,0.42645457969393247
131107,1,1,8,235.66463898871504
131113,1,1,8,886.7055912273021
131115,1,1,9,885.4464476151924
131117,1,1,4,0.42645458358136
131128,1,1,9,488.97220925448795
131139,1,1,10,719.8139150803237
131147,1,1,6,423.3283695254272
131198,1,1,4,0.42645457969393247
131211,1,1,2,465.75572229959573
131217,1,1,5,0.42645457969393247
131232,1,1,8,655.2653285846486
131235,1,1,6,318.31789455827203
131250,1,1,10,512.8370880940956
131271,1,1,8,576.9631990737213
131274,1,1,8,804.8363957460532
131276,1,1,5,0.42645457969393247
131306,1,1,1,478.06028257358923
131317,1,1,6,662.04737033637
131324,1,1,4,0.42645458358136
131329,1,1,5,0.42645457969393247
131351,1,1,5,0.42645457969393247
131369,1,1,9,116.52849989258517
131405,1,1,5,0.42645457969393247
131414,1,1,4,0.42645458358136
131431,1,1,2,384.4100141387233
131434,1,1,1,272.0650815282179
131470,1,1,4,0.42645458358136
131482,1,1,7,138.5582848269956
131504,1,1,9,102.30356238530894
131519,1,1,6,270.17155475874284
131538,1,1,8,434.04573553444675
131568,1,1,9,811.0999828232154
131594,1,1,4,0.42645458358136
131599,1,1,8,674.4105322319674
131604,1,1,7,148.00533931074213
131633,1,1,9,711.8108883059587
131637,1,1,10,311.89441714818116
131642,1,1,9,886.7142276746882
131648,1,1,5,0.42645457969393247
131652,1,1,9,87.0956783645784
131680,1,1,5,0.42645457969393247
131688,1,1,9,701.2615387714774
131705,1,1,7,161.80452243384636
131715,1,1,8,352.4158104873713
131717,1,1,6,778.8018405114914
131720,1,1,5,0.42645457969393247
131730,1,1,6,520.0918453181878
131735,1,1,7,161.989690450632
131740,1,1,6,738.8662262211269
131764,1,1,5,0.42645457969393247
131769,1,1,5,0.42645457969393247
131800,1,1,5,0.42645457969393247
131816,1,1,10,485.952025229042
131824,1,1,4,0.42645458358136
131827,1,1,4,0.42645458358136
131844,1,1,6,549.9542783468739
131846,1,1,4,0.42645458358136
131850,1,1,9,597.3657434927788
131856,1,1,6,359.2115594513466
131863,1,1,4,0.42645458358136
131869,1,1,7,137.1105116527137
131877,1,1,8,751.3793049385916
131880,1,1,10,172.06610877915915
131882,1,1,1,266.15081700443864
131885,1,1,10,503.2053045102329
131890,1,1,10,256.9436891090355
131897,1,1,10,160.3132240185005
131900,1,1,4,0.42645458358136
131908,1,1,10,150.9008928623189
131916,1,1,4,0.42645458358136
131919,1,1,9,466.6166589816103
131935,1,1,10,709.1377111528664
131943,1,1,9,487.2221403282624
131965,1,1,7,102.37292661787761
131968,1,1,5,0.42645456789925423
131969,1,1,5,0.42645456789925423
131994,1,1,1,550.8478078649948
132001,1,1,8,575.8913838705062
132008,1,1,4,0.42645458358136
132016,1,1,9,485.3671474099333
132034,1,1,9,458.8764982969469
132038,1,1,10,312.3261164198031
132050,1,1,8,451.94936335469527
132054,1,1,1,622.4820725048279
132057,1,1,10,466.582396471282
132062,1,1,6,710.5772084621873
132069,1,1,6,620.2379080350375
132089,1,1,8,424.7342919306204
132094,1,1,6,549.0267359139999
132099,1,1,10,340.29713881758033
132115,1,1,7,84.37160501747067
132139,1,1,9,618.8076680547954
132148,1,1,9,23.09505154517644
132157,1,1,9,124.15950010569532
132175,1,1,5,0.42645457969393247
132179,1,1,10,460.67669074754656
132189,1,1,4,0.42645458358136
132193,1,1,5,0.42645457969393247
132194,1,1,5,0.42645457969393247
132202,1,1,8,486.8402658119139
132217,1,1,9,792.5225832895874
132226,1,1,9,826.1553152693087
132228,1,1,9,801.6235460583945
132253,1,1,5,0.42645457969393247
132272,1,1,8,470.7559351437528
132290,1,1,8,158.4664892289705
132305,1,1,5,0.42645456789925423
132307,1,1,10,324.1121258705143
132312,1,1,4,0.42645458358136
132322,1,1,3,85.04988086017183
132324,1,1,4,0.42645458358136
132334,1,1,5,0.42645457969393247
132335,1,1,5,0.42645457969393247
132338,1,1,5,0.42645457969393247
132349,1,1,9,608.4723614030707
132352,1,1,9,608.3327588355255
132359,1,1,4,0.42645457969393247
132364,1,1,1,622.4446257413833
132386,1,1,10,719.4252128877898
132394,1,1,10,400.5005021291392
132404,1,1,9,725.8945809553794
132407,1,1,9,751.014717501259
132415,1,1,5,0.42645457969393247
132418,1,1,4,0.42645458358136
132436,1,1,2,130.11475300581068
132442,1,1,8,338.3944869607274
132449,1,1,10,378.6608785350004
132471,1,1,7,139.58190471223756
132472,1,1,5,0.42645457969393247
132477,1,1,9,439.85585276959506
132486,1,1,8,662.333450010445
132487,1,1,1,385.46809603442665
132498,1,1,5,0.42645457969393247
132520,1,1,10,332.7052914795114
132531,1,1,9,365.2935941371631
132549,1,1,7,121.54157816228906
132558,1,1,9,540.3107336820439
132593,1,1,3,46.532524836093394
132597,1,1,5,0.42645456789925423
132601,1,1,5,0.42645456789925423
132604,1,1,6,557.2475396833303
132610,1,1,9,135.50569935756513
132611,1,1,10,179.8940686642778
132629,1,1,8,555.7273079867525
132630,1,1,10,500.49012851126474
132657,1,1,1,719.92205385763
132663,1,1,2,259.3913611268998
132672,1,1,9,523.4315872589948
132678,1,1,9,702.2489291545132
132681,1,1,8,452.80736426946913
132692,1,1,2,75.84641418643817
132693,1,1,2,380.64189624478996
132694,1,1,7,147.25470062221936
132698,1,1,10,413.73367249517855
132708,1,1,7,128.32136440803976
132709,1,1,4,0.42645458358136
132724,1,1,9,415.3501484424142
132734,1,1,8,566.8081580469827
132739,1,1,4,0.42645458358136
132742,1,1,9,440.85888111896094
132743,1,1,5,0.42645457969393247
132747,1,1,5,0.42645457969393247
132748,1,1,4,0.42645458358136
132752,1,1,6,704.7079238237441
132757,1,1,9,485.2773921495857
132762,1,1,1,738.7707799216356
132768,1,1,1,692.0961879463869
132780,1,1,8,157.79098826635564
132781,1,1,7,129.69144458349822
132794,1,1,3,83.84483480208685
132808,1,1,4,0.4264545919581291
132834,1,1,5,0.42645456789925423
132860,1,1,10,496.4157117773725
132896,1,1,5,0.42645457969393247
132909,1,1,6,606.5536857288025
132911,1,1,7,139.62505491967036
132917,1,1,5,0.42645457969393247
132929,1,1,6,548.9567422734065
132938,1,1,6,650.6791670805361
132941,1,1,10,372.5472666901079
132952,1,1,4,0.42645458358136
132958,1,1,8,462.8019822662632
132981,1,1,8,356.7303428406055
132988,1,1,2,314.9254403358739
132992,1,1,6,738.3943306866432
133001,1,1,6,369.1093938799731
133016,1,1,9,449.2360751832351
133045,1,1,10,592.8307070567611
133058,1,1,1,232.2880627743345
133072,1,1,5,0.42645457969393247
133075,1,1,8,495.03983708174104
133078,1,1,8,430.86163346285184
133079,1,1,3,45.292260750497874
133104,1,1,8,641.4086528295664
133115,1,1,5,0.42645457969393247
133127,1,1,10,461.14487164537115
133128,1,1,10,446.6641139975695
133138,1,1,10,412.9295553301886
133141,1,1,2,286.6069707460699
133160,1,1,9,506.8570283019472
133163,1,1,7,134.94045986195815
133178,1,1,3,88.2587212348952
133179,1,1,2,77.65730283101608
133209,0,1,0,0.10314316273074119
133236,1,1,4,0.42645458358136
133240,1,1,7,123.193341172422
133241,1,1,3,89.40472669803339
133260,1,1,10,659.918695565502
133269,1,1,7,171.37530335263133
133273,1,1,10,723.6305428848307
133274,1,1,10,126.9373936888491
133277,1,1,9,547.7378672230175
133285,1,1,9,410.72159432892107
133290,1,1,5,0.42645457969393247
133294,1,1,10,625.7406616897097
133296,1,1,6,309.5598298338848
133304,1,1,3,85.442597851211
133305,1,1,1,215.15191254086278
133311,1,1,5,0.42645457969393247
133314,1,1,3,85.65161794367135
133316,1,1,5,0.42645457969393247
133319,1,1,8,392.3003803688118
133327,1,1,9,358.91105500007336
133336,1,1,5,0.42645457969393247
133342,1,1,1,588.401077728589
133349,1,1,10,534.803745695079
133350,1,1,1,314.75383066640194
133353,1,1,5,0.42645457969393247
133371,1,1,5,0.42645457969393247
133379,1,1,6,702.987471558303
133405,1,1,8,251.76548877764867
133418,1,1,6,368.1857286471852
133426,1,1,8,416.18457521066597
133439,1,1,6,790.6398500683279
133450,1,1,9,251.87524619098988
133471,0,1,0,0.08839852236509985
133472,1,1,5,0.42645457969393247
133483,1,1,3,68.83099058762916
133485,1,1,6,509.78248327501626
133497,1,1,8,114.57500049212432
133498,1,1,9,883.9103260614537
133506,1,1,6,586.6051003079002
133514,1,1,6,665.4330535020493
133533,1,1,2,379.20927312738877
133543,1,1,7,66.43933717265152
133571,1,1,6,297.88203149306395
133576,1,1,6,530.0089492714905
133578,1,1,9,297.4819288932621
133589,1,1,7,148.6337141719139
133593,1,1,8,696.8360047615478
133594,1,1,8,416.3975601572158
133644,1,1,8,859.8301998161888
133657,1,1,7,117.806356528973
133661,1,1,6,614.3905857001861
133664,1,1,8,462.5000291598211
133674,1,1,8,396.116049751478
133681,1,1,2,266.17352367190574
133685,1,1,6,550.1015096115437
133690,1,1,4,0.42645458358136
133705,1,1,6,372.8707482499018
133710,1,1,6,553.8100907040392
133724,1,1,4,0.42645458358136
133745,1,1,4,0.42645458358136
133747,1,1,9,772.2353893509088
133758,1,1,5,0.42645457969393247
133776,1,1,9,718.6523250989743
133793,1,1,6,565.747536059327
133800,1,1,10,398.3244330161786
133802,1,1,6,169.5493872273698
133805,1,1,6,313.21702645457447
133813,1,1,4,0.42645458358136
133841,1,1,9,778.6008520335537
133843,1,1,5,0.42645457969393247
133859,1,1,8,522.3879338255981
133866,1,1,6,163.85649909377005
133870,1,1,10,145.33532050223457
133880,1,1,9,418.7594256354264
133898,1,1,5,0.42645457969393247
133904,1,1,6,601.2494679172333
133915,1,1,10,624.9236812419531
133919,1,1,9,68.57280846482615
133942,1,1,6,698.8554234106019
133947,1,1,7,149.56986639086324
133951,1,1,5,0.42645457969393247
133957,0,1,0,0.26167279494434476
133969,1,1,1,337.45096224858827
133978,1,1,4,0.42645458358136
133979,1,1,6,431.78726189723415
133981,1,1,6,756.0780225326595
133990,1,1,4,0.42645458358136
133995,1,1,5,0.42645457969393247
133998,1,1,2,224.25778692982013
134002,1,1,7,38.24762714150182
134003,1,1,9,489.03695261572545
134011,1,1,3,90.49073587230541
134012,1,1,7,121.25089335060605
134021,1,1,4,0.42645458358136
134034,1,1,6,125.54087757143785
134035,1,1,4,0.4264545919581291
134039,1,1,3,89.39951190075627
134041,1,1,8,536.7719105856872
134072,1,1,5,0.42645457969393247
134091,1,1,9,834.689540859458
134095,1,1,6,474.45813160937934
134096,1,1,1,499.3536084916277
134112,1,1,4,0.42645458358136
134121,1,1,1,230.1302705317116
134126,1,1,8,255.53122161971868
134130,1,1,5,0.42645457969393247
134154,1,1,5,0.42645457969393247
134159,1,1,5,0.42645457969393247
134165,1,1,10,681.6231590324638
134192,1,1,5,0.42645457969393247
134196,1,1,9,774.3584987769792
134218,1,1,9,349.5642900017118
134226,1,1,4,0.42645458358136
134230,1,1,1,171.82757941813028
134238,1,1,6,551.5977020695112
134244,1,1,8,638.9600027125632
134251,1,1,9,866.5538860605637
134263,1,1,4,0.42645458358136
134265,1,1,8,517.0909810156109
134276,1,1,6,511.2462630695848
134318,1,1,9,881.1496777166539
134338,1,1,5,0.42645457969393247
134353,1,1,6,483.1561381505905
134354,1,1,8,159.07682968251603
134363,1,1,8,237.29626219498866
134364,1,1,9,308.615764713198
134383,1,1,8,324.611007418752
134393,1,1,8,891.7185286710685
134396,1,1,6,734.6466871959122
134397,1,1,7,126.46290627538974
134405,1,1,1,623.0650018090257
134407,1,1,9,486.1248500649682
134410,1,1,9,582.2712198053295
134414,1,1,9,287.65682773208164
134416,1,1,4,0.42645458358136
134423,1,1,9,359.7206803441378
134429,1,1,1,712.7732261088119
134435,1,1,8,108.75234055352391
134436,1,1,9,447.10173173317867
134460,1,1,4,0.42645458358136
134468,1,1,4,0.42645458358136
134470,1,1,10,575.5652677589634
134474,1,1,8,753.6240652997395
134475,1,1,10,421.50076470333437
134498,1,1,5,0.42645457969393247
134518,1,1,10,668.9122828536412
134522,1,1,9,774.3585517681419
134532,1,1,6,420.4599346721148
134539,1,1,9,881.0878437375732
134560,1,1,10,416.2452258209165
134561,1,1,5,0.42645457969393247
134578,1,1,9,870.240127240706
134580,1,1,4,0.42645458358136
134581,1,1,2,472.8305596585628
134582,1,1,10,669.6272675576105
134617,1,1,9,303.9913735697232
134639,1,1,8,756.1141287562957
134649,1,1,9,841.9921565463659
134663,1,1,4,0.42645458358136
134680,1,1,5,0.42645456789925423
134681,1,1,1,272.7143526351406
134699,1,1,4,0.42645458358136
134709,1,1,7,174.15349772611893
134714,1,1,10,707.2307373472535
134715,1,1,5,0.42645457969393247
134722,1,1,6,308.3423065909417
134727,1,1,10,428.9565293843932
134728,1,1,8,199.59890968238386
134734,1,1,9,676.2373438110559
134748,1,1,9,160.42877869043195
134755,1,1,9,583.1830462776304
134759,1,1,9,620.6319470296479
134769,1,1,9,427.19171616113965
134775,1,1,10,419.851028036321
134776,1,1,8,762.3157763845865
134778,1,1,6,474.7398092985937
134779,1,1,10,545.0622129668413
134791,1,1,9,860.8565918517326
134800,1,1,10,575.105020742589
134811,1,1,6,713.9918860925587
134818,1,1,9,561.1731267084724
134907,1,1,8,547.8726886423142
134924,1,1,3,82.01369233270768
134936,1,1,9,235.434618951049
134954,1,1,9,439.75526768973947
134957,1,1,5,0.42645457969393247
134978,1,1,6,590.1412339308794
134979,1,1,6,597.681922466404
134998,1,1,9,281.6558173592635
134999,1,1,10,721.1328308667423
135017,1,1,7,159.59888573434333
135021,1,1,5,0.42645456789925423
135022,1,1,5,0.42645456789925423
135027,1,1,9,264.31266639184037
135053,1,1,9,523.1168986628845
135059,1,1,9,194.55382320156102
135080,1,1,9,885.8214173653537
135098,1,1,8,786.6284721691542
135120,1,1,10,284.12187398183596
135137,1,1,9,571.0686014715992
135144,1,1,9,233.72843449495292
135145,1,1,9,340.8879843681642
135165,1,1,9,861.2787810020008
135171,1,1,7,72.1420945440068
135176,1,1,4,0.42645458358136
135177,1,1,9,513.4661163488216
135187,1,1,9,194.4887227693597
135194,1,1,10,361.02433897953586
135197,1,1,8,733.0256397727628
135202,1,1,7,98.990186690038
135224,1,1,5,0.42645457969393247
135230,1,1,3,90.60705596629802
135241,1,1,4,0.42645458358136
135249,1,1,5,0.42645457969393247
135261,1,1,10,380.7602050489648
135269,1,1,1,242.43558545609562
135272,1,1,8,837.6059344945218
135280,1,1,6,531.5666713073945
135293,1,1,3,91.38121782523693
135300,1,1,4,0.42645458358136
135311,1,1,6,510.5892405517752
135338,1,1,10,260.6452346689408
135348,1,1,7,96.49135378779165
135360,1,1,5,0.42645456789925423
135367,1,1,8,879.6170231126982
135377,1,1,5,0.42645457969393247
135381,1,1,9,787.5494596962069
135397,1,1,8,646.1049293595653
135401,1,1,5,0.42645457969393247
135404,1,1,10,712.2541954057775
135412,1,1,1,712.8279014797301
135415,1,1,5,0.42645457969393247
135419,1,1,4,0.42645458358136
135425,1,1,8,196.8731654672551
135426,1,1,10,691.4356299284414
135428,1,1,9,716.5674514282601
135433,1,1,5,0.42645457969393247
135434,1,1,5,0.42645457969393247
135442,1,1,6,484.2858761072404
135463,1,1,1,755.0982276578344
135465,1,1,1,560.7411046882502
135483,1,1,6,538.4443174576624
135490,1,1,6,232.1724434467474
135496,1,1,8,835.0449958774827
135516,1,1,5,0.42645457969393247
135526,1,1,7,127.29777194425768
135528,1,1,3,39.5876766415428
135530,1,1,6,338.35485445599613
135531,1,1,3,75.05421314486516
135532,0,1,0,0.24327511278109892
135536,1,1,10,187.08485489855627
135546,1,1,4,0.42645458358136
135547,1,1,5,0.42645457969393247
135553,1,1,6,310.05981982557313
135554,1,1,9,520.1250823946102
135563,1,1,10,650.2137065280441
135569,1,1,8,811.1013702290138
135584,1,1,2,107.6732314827403
135586,1,1,7,152.4478480066173
135587,1,1,3,83.83917237656287
135590,1,1,4,0.42645458358136
135592,1,1,9,478.33049332318467
135601,1,1,5,0.42645457969393247
135613,1,1,9,141.12719999753682
135619,1,1,3,88.37060910457029
135628,1,1,10,208.08935664155896
135658,1,1,7,86.67975656793682
135660,1,1,8,355.91102575860634
135667,1,1,3,89.85245106143583
135671,1,1,10,421.14072435179594
135682,1,1,5,0.42645457969393247
135684,1,1,4,0.42645458358136
135689,1,1,5,0.42645457969393247
135691,1,1,1,532.1388028858098
135695,1,1,1,632.7117469561813
135707,1,1,8,173.8146975150713
135718,1,1,5,0.42645457969393247
135723,1,1,5,0.42645457969393247
135727,1,1,5,0.42645457969393247
135731,1,1,8,833.2563517598625
135750,1,1,8,619.4180877706499
135752,1,1,9,692.8918754227158
135753,1,1,5,0.42645457969393247
135755,1,1,6,780.1680355845718
135765,1,1,9,596.6785080331593
135776,1,1,8,778.5584139958363
135781,1,1,9,837.5906248403421
135784,1,1,9,861.3672309607254
135786,1,1,8,576.7133655169633
135789,1,1,8,572.7570382300638
135793,1,1,8,662.9777063059857
135797,1,1,5,0.42645457969393247
135811,1,1,3,91.27490718348125
135812,1,1,6,464.8837189728792
135825,1,1,4,0.42645458358136
135850,1,1,8,705.6253466255613
135858,1,1,10,391.90479108647963
135860,1,1,10,396.7785241924903
135875,1,1,4,0.42645458358136
135877,1,1,6,225.50315079262523
135892,1,1,1,554.5273551034483
135900,1,1,9,92.11705530629804
135906,1,1,9,754.5702541499701
135911,1,1,8,115.06414206984834
135913,1,1,10,491.39676332983385
135914,1,1,9,803.3577144453952
135916,1,1,4,0.42645458358136
135923,1,1,8,407.41883579356823
135940,1,1,9,842.7668253353567
135942,1,1,9,427.5416375440591
135979,1,1,4,0.42645458358136
135992,1,1,4,0.42645458358136
135999,1,1,10,89.2455967016861
136012,1,1,6,198.4383214404341
136016,1,1,3,91.82436704645771
136023,1,1,9,640.3713166686557
136036,1,1,10,440.8925395635288
136076,1,1,6,449.8135636043546
136079,1,1,7,38.13910752103504
136080,1,1,9,834.8786866460574
136090,1,1,9,764.9352315502905
136115,1,1,1,730.9569602563955
136116,1,1,5,0.42645457969393247
136133,1,1,8,901.9953115821484
136142,1,1,5,0.42645457969393247
136154,1,1,5,0.42645457969393247
136172,1,1,9,802.199846411949
136181,1,1,2,477.53954208330435
136185,1,1,8,910.3350700096205
136190,1,1,6,172.0347223619043
136234,1,1,4,0.42645458358136
136237,1,1,10,474.07380345178836
136256,1,1,10,689.6313850131105
136268,1,1,8,772.3303759172455
136282,1,1,3,85.19767249687179
136298,1,1,1,599.0273877144488
136322,1,1,9,806.4554890426243
136323,1,1,9,814.5799577890582
136368,1,1,9,304.75442144011123
136370,1,1,6,640.1019842289926
136383,1,1,5,0.42645457969393247
136392,1,1,9,744.2702314536383
136412,1,1,3,92.41963363690809
136413,1,1,5,0.42645457969393247
136417,1,1,6,585.115201983847
136419,1,1,2,324.2813575163081
136453,1,1,6,495.29261691004837
136455,1,1,6,696.6470848796849
136467,1,1,5,0.42645457969393247
136479,1,1,1,541.0837298478324
136483,1,1,8,474.4875979502689
136494,1,1,8,887.4217118049514
136497,1,1,4,0.4264545919581291
136519,1,1,9,663.766373183365
136521,1,1,7,104.98343581631309
136522,1,1,9,476.3184024068202
136524,1,1,4,0.42645458358136
136530,1,1,3,68.66853048706655
136540,1,1,8,556.2934315651531
136544,1,1,9,159.95980539353
136564,1,1,9,750.4915985486826
136592,1,1,7,137.3821872325372
136598,1,1,4,0.42645458358136
136599,1,1,7,86.15408918845125
136602,1,1,6,377.6061357197042
136605,1,1,7,64.4663564209177
136606,1,1,7,150.91953266149548
136607,1,1,4,0.42645458358136
136615,1,1,1,211.38356398531525
136631,1,1,5,0.42645457969393247
136635,1,1,4,0.42645458358136
136640,1,1,9,838.0001598219105
136641,1,1,9,459.3421223119322
136645,1,1,8,360.76611461137566
136652,1,1,9,843.3195559823207
136656,1,1,9,442.8011136136956
136676,1,1,10,567.3423279679002
136691,1,1,10,450.48138837861666
136696,1,1,9,582.678544162857
136700,1,1,10,652.0930167821483
136703,1,1,9,479.34759114727484
136723,1,1,9,577.3431993262084
136734,1,1,9,724.6026796873033
136737,1,1,1,571.3011733455946
136751,1,1,3,89.72275983361249
136763,1,1,6,476.85727493485814
136772,1,1,1,575.9616209091593
136773,1,1,10,523.487059861739
136798,1,1,10,501.3718927615657
136822,0,1,0,0.1274500383024815
136828,1,1,4,0.42645458358136
136838,0,1,0,0.13148519470711534
136842,1,1,5,0.42645457969393247
136848,1,1,9,713.0848337943372
136854,1,1,5,0.42645457969393247
136873,1,1,9,472.1415482686846
136882,1,1,1,220.05759365401414
136890,1,1,8,834.1237139453726
136893,0,1,0,0.16499644446567766
136895,1,1,6,212.1532962316746
136935,1,1,6,466.3057072305151
136936,1,1,4,0.42645458358136
136950,1,1,8,643.7193544519448
136958,0,1,0,0.16615872668745146
136961,1,1,4,0.42645458358136
136968,1,1,9,484.7408771921668
136971,1,1,9,287.5423446870101
136974,1,1,8,315.8889576145928
136976,1,1,4,0.42645458358136
136980,1,1,8,606.2945504058802
136990,1,1,9,622.6349168134119
137000,1,1,1,206.4414712126462
137005,1,1,1,730.9877617163695
137020,1,1,9,885.421606917173
137032,1,1,8,627.6499827086734
137038,1,1,9,853.70942805057
137047,1,1,9,476.2737448356544
137049,1,1,10,595.7920888336058
137057,1,1,6,347.76597490332523
137063,1,1,1,312.53631500707206
137072,1,1,6,446.3698014932238
137087,1,1,4,0.42645458358136
137088,1,1,4,0.42645458358136
137105,1,1,10,528.4338911632254
137128,1,1,10,109.69550776226717
137138,1,1,1,645.9381130560116
137146,1,1,10,491.92473356057127
137176,1,1,9,302.59978940731037
137178,1,1,4,0.42645457969393247
137185,1,1,10,681.518689493634
137194,1,1,5,0.42645457969393247
137245,1,1,2,199.571585835405
137256,1,1,10,115.35708491643712
137258,1,1,8,382.38990863770215
137259,1,1,7,59.1032492011329
137266,1,1,8,870.9296360074827
137273,1,1,6,155.6858172813403
137301,1,1,4,0.42645458358136
137302,1,1,5,0.42645457969393247
137305,1,1,8,718.8055472783265
137342,1,1,3,93.95305106453677
137351,1,1,9,339.14228610104755
137368,1,1,9,355.55221808971925
137375,1,1,8,204.7505275824828
137376,1,1,9,883.8329274182018
137379,1,1,9,284.11666263833445
137392,1,1,5,0.42645457969393247
137407,1,1,6,386.2251422437635
137419,1,1,5,0.42645456789925423
137449,1,1,8,337.03850334149683
137456,1,1,8,679.95588909379
137461,1,1,5,0.42645457969393247
137469,1,1,6,541.3102859303912
137493,1,1,5,0.42645457969393247
137494,1,1,4,0.42645458358136
137497,1,1,5,0.42645457969393247
137515,1,1,9,605.1738977936656
137520,1,1,8,695.060980599155
137526,1,1,9,888.8603470444829
137528,1,1,4,0.42645458358136
137532,1,1,3,92.3047190905901
137557,1,1,4,0.42645458358136
137563,1,1,5,0.42645457969393247
137569,1,1,5,0.42645457969393247
137582,1,1,6,683.740980882873
137619,1,1,5,0.42645457969393247
137622,1,1,1,378.2738033852034
137624,1,1,8,455.16770158031716
137648,1,1,6,778.7369389627065
137650,1,1,5,0.42645457969393247
137655,1,1,4,0.42645458358136
137666,1,1,10,406.8350915354911
137673,1,1,5,0.42645457969393247
137687,1,1,8,585.4158843650763
137691,1,1,4,0.42645458358136
137716,1,1,6,312.6051551715987
137719,1,1,4,0.42645458358136
137731,1,1,9,217.24095381713965
137740,1,1,8,237.0768577498972
137744,1,1,5,0.42645456789925423
137757,1,1,5,0.42645456789925423
137764,1,1,3,84.31454811126441
137789,1,1,2,289.883238978326
137798,1,1,9,770.7325348708671
137800,1,1,4,0.42645458358136
137804,1,1,6,532.0768275204667
137805,1,1,5,0.42645457969393247
137806,1,1,1,247.0715570512552
137829,1,1,6,803.3104741547202
137835,1,1,6,615.78227513191
137849,1,1,4,0.42645458358136
137854,1,1,9,679.7843452416341
137860,1,1,9,545.2181722883166
137861,1,1,10,416.2667057646992
137878,1,1,4,0.42645458358136
137889,1,1,6,468.162891048112
137895,1,1,7,163.20545342234516
137897,1,1,6,554.0583553899465
137916,1,1,9,375.4021713296705
137925,1,1,10,723.2056107653635
137930,1,1,10,245.55818530160664
137949,1,1,9,402.15111334968304
137951,1,1,10,624.9773606960813
137952,1,1,6,161.62646668080745
137961,1,1,8,570.0654395246423
138016,1,1,8,391.5358696055157
138041,1,1,10,121.20351676569575
138056,1,1,5,0.42645457969393247
138067,1,1,9,505.5244142762916
138071,0,1,0,0.17507492918895223
138077,1,1,8,848.3208481550863
138118,1,1,4,0.4264545919581291
138144,1,1,9,830.1252026242904
138169,1,1,9,671.937280883891
138183,1,1,8,538.0735171175438
138190,1,1,9,652.0199767162629
138196,1,1,10,719.003927984047
138206,1,1,9,445.7262515422733
138216,1,1,8,907.0538714116525
138225,1,1,9,592.4575077266041
138231,1,1,7,60.17303508639147
138232,1,1,8,271.6876082713893
138235,1,1,5,0.42645457969393247
138236,1,1,9,554.9218190048199
138238,1,1,5,0.42645457969393247
138247,1,1,9,825.3940320613833
138259,1,1,5,0.42645457969393247
138261,1,1,9,819.8580548294585
138280,1,1,9,856.4477989074902
138300,1,1,9,681.9789117005349
138308,1,1,10,460.09779934721894
138318,1,1,9,791.19869219446
138341,1,1,5,0.42645457969393247
138358,1,1,2,441.2542812306935
138371,1,1,1,642.6677657235066
138377,1,1,9,808.5544640478242
138382,1,1,6,253.82474564961063
138387,1,1,7,163.80226955004386
138396,1,1,4,0.42645458358136
138438,1,1,8,722.5185474398463
138446,1,1,5,0.42645457969393247
138486,1,1,10,198.5807211449754
138488,1,1,9,833.1145657838492
138491,1,1,5,0.42645456789925423
138494,1,1,5,0.42645456789925423
138502,1,1,9,801.3139017879085
138503,1,1,9,820.020376702281
138506,1,1,8,531.0428690069406
138507,1,1,9,540.2526880270135
138521,1,1,9,480.7080469643513
138527,1,1,5,0.42645457969393247
138532,1,1,6,547.4926899644911
138533,1,1,1,552.6755671310851
138547,1,1,5,0.42645457969393247
138553,1,1,8,772.2886637366762
138557,1,1,4,0.42645458358136
138577,1,1,8,875.4229137479551
138578,1,1,8,665.6735712494817
138614,1,1,7,69.09137910752881
138633,1,1,4,0.42645458358136
138647,1,1,9,660.6224404649334
138656,1,1,8,698.3505051729992
138675,1,1,9,567.2801327302125
138677,0,1,0,0.09605854499788759
138678,1,1,9,111.65131168252113
138699,1,1,7,169.97999185079578
138705,1,1,5,0.42645457969393247
138708,1,1,1,757.3376680325224
138710,1,1,9,845.8235324090955
138719,1,1,9,63.50763671683347
138747,1,1,1,608.6740983751861
138756,1,1,7,67.64826728142174
138789,1,1,7,136.1600172889257
138793,1,1,9,635.4643180117802
138800,1,1,2,184.5073406250623
138805,1,1,7,88.50389981927867
138809,1,1,9,276.64975911249735
138813,0,1,0,0.06306024379979709
138816,1,1,9,499.6256477830106
138817,1,1,6,366.3873409958279
138818,1,1,9,701.2784115145436
138820,1,1,1,485.70196396133895
138847,1,1,9,197.18531438419308
138848,1,1,1,455.621794859264
138867,1,1,10,579.3717879354427
138872,1,1,4,0.42645458358136
138889,1,1,8,469.41975765862173
138896,1,1,8,404.1383410644742
138902,1,1,10,721.0158250359224
138905,1,1,8,618.7727637527357
138917,1,1,4,0.42645458358136
138918,1,1,8,397.2153238010369
138923,1,1,6,738.082787469885
138925,1,1,10,355.0500338872808
138935,1,1,8,449.5985356518054
138941,1,1,8,623.0916695364018
138944,1,1,6,424.5564984332072
138952,1,1,4,0.42645458358136
138953,0,1,0,0.11607787403504433
138969,1,1,5,0.42645457969393247
138987,1,1,5,0.42645457969393247
138991,1,1,8,445.46615483585515
138993,1,1,6,811.1331964500347
139005,1,1,7,153.50469621802938
139009,1,1,5,0.42645457969393247
139015,1,1,6,411.86294979978453
139064,1,1,4,0.42645458358136
139066,1,1,4,0.4264545919581291
139078,1,1,9,487.51623042518133
139081,1,1,8,138.8738696635699
139092,1,1,9,823.5487712225397
139099,1,1,6,714.0862539075472
139115,1,1,7,109.66423381119645
139120,1,1,5,0.42645457969393247
139123,1,1,9,825.8337500903142
139140,1,1,5,0.42645457969393247
139152,1,1,10,650.150456383089
139156,1,1,4,0.42645458358136
139158,1,1,8,841.5176364946784
139163,1,1,4,0.42645458358136
139174,1,1,6,754.5396291609101
139176,1,1,3,44.653062601509774
139178,1,1,10,581.574079195213
139234,1,1,4,0.42645458358136
139240,1,1,6,619.5529902446883
139260,1,1,9,530.5778427110796
139261,1,1,5,0.42645457969393247
139271,1,1,8,416.71878598124425
139279,1,1,10,609.09258036661
139296,1,1,5,0.42645457969393247
139312,1,1,3,72.00634395824056
139321,1,1,1,235.1764176989811
139333,1,1,9,638.3554182002389
139340,1,1,9,185.30065181035036
139344,1,1,4,0.42645458358136
139346,1,1,1,641.2938154130269
139355,1,1,1,556.4645409850535
139378,1,1,1,633.6540954110918
139393,1,1,9,572.1854608132677
139401,1,1,7,30.056662074057122
139403,1,1,8,728.2642999504839
139406,1,1,8,736.2591850936709
139425,1,1,9,718.5349792030659
139428,1,1,1,223.25818087330657
139439,1,1,5,0.42645457969393247
139451,1,1,6,810.0716509327802
139454,1,1,10,679.3892666806553
139455,1,1,9,379.33330827776575
139457,1,1,10,164.61469462645786
139463,1,1,9,293.65353405148716
139465,1,1,6,642.0789641908291
139478,1,1,6,446.6947795759016
139482,1,1,6,616.3877192001052
139487,1,1,9,394.6336570013116
139515,1,1,10,622.3799664777342
139525,1,1,6,518.6062283569005
139542,1,1,9,324.32792798105413
139552,1,1,6,684.5328887051718
139556,1,1,4,0.42645458358136
139566,1,1,7,76.36674201672486
139568,1,1,2,135.99368914238124
139573,1,1,5,0.42645457969393247
139586,1,1,9,796.055196943481
139590,1,1,9,621.1796769160289
139595,1,1,10,407.6327503578904
139598,1,1,2,309.7217153904072
139629,1,1,7,171.0740191295362
139648,1,1,10,720.6720813821751
139661,1,1,4,0.42645458358136
139672,0,1,0,0.07624066589489444
139675,1,1,10,397.5845270624339
139689,1,1,9,617.1391456381687
139707,1,1,5,0.42645456789925423
139708,1,1,4,0.42645458358136
139709,1,1,10,192.74131061588741
139719,1,1,10,170.94895018591419
139727,1,1,6,778.7874978138929
139734,1,1,5,0.42645457969393247
139751,1,1,5,0.42645457969393247
139787,1,1,5,0.42645457969393247
139792,1,1,4,0.42645458358136
139807,1,1,6,619.6465905347503
139815,1,1,5,0.42645457969393247
139836,1,1,9,813.9664195799598
139841,1,1,2,406.32007554055167
139849,1,1,9,195.11706594323974
139877,1,1,8,379.9470249402422
139904,1,1,8,368.8367004633775
139926,1,1,7,97.6082645107968
139932,1,1,9,856.4356336599017
139979,1,1,8,625.7196242696228
139989,0,1,0,0.11593482386423952
139992,1,1,3,91.3153061579245
139998,1,1,8,366.30384022963017
140005,1,1,8,666.9029795841278
140048,1,1,5,0.42645457969393247
140050,1,1,4,0.42645458358136
140061,1,1,8,343.8973761792721
140071,1,1,9,679.155830328289
140081,1,1,4,0.42645458358136
140110,1,1,10,629.1574593184163
140124,1,1,5,0.42645457969393247
140149,1,1,5,0.42645457969393247
140151,0,1,0,0.24033079330650606
140160,1,1,5,0.42645456789925423
140161,1,1,9,459.82758303466244
140176,1,1,8,517.2851046900349
140185,1,1,3,92.01245309725829
140202,1,1,6,429.68296008554836
140211,1,1,5,0.42645457969393247
140216,1,1,6,264.02300654609843
140227,1,1,1,226.308919906512
140269,1,1,9,528.248345572391
140274,1,1,5,0.42645457969393247
140292,1,1,8,531.0375337523897
140293,1,1,7,87.06685620124597
140316,0,1,0,0.07631599726970179
140317,1,1,10,411.49855983829116
140323,1,1,4,0.42645458358136
140326,1,1,5,0.42645457969393247
140329,1,1,10,567.11578123852
140341,1,1,4,0.42645458358136
140386,1,1,10,635.0341946108804
140388,1,1,1,245.90222916888692
140400,1,1,8,821.3486802622924
140417,1,1,6,192.06434322102706
140418,1,1,5,0.42645457969393247
140425,1,1,9,840.417869481846
140427,1,1,10,198.97585503709496
140447,1,1,4,0.42645458358136
140449,1,1,10,627.6577554505246
140451,1,1,8,690.1048487227513
140478,1,1,6,721.6230581038254
140493,1,1,5,0.42645457969393247
140542,1,1,9,524.7751658750872
140550,1,1,4,0.4264545919581291
140601,1,1,9,702.3530452806499
140603,1,1,4,0.42645458358136
140622,1,1,2,354.1275853503978
140636,1,1,4,0.42645458358136
140639,1,1,7,94.23626066308616
140660,1,1,8,478.04196100023796
140666,1,1,6,462.80311370462096
140669,1,1,8,471.5984432621988
140676,1,1,6,322.76840154105
140687,1,1,6,806.6852959324688
140694,1,1,4,0.42645458358136
140721,1,1,8,373.91486146519196
140746,1,1,7,124.42244542057567
140747,1,1,4,0.42645458358136
140750,1,1,8,807.6875304774292
140753,1,1,8,760.6965544745822
140809,1,1,8,170.95113970810112
140829,1,1,10,421.5427566384002
140860,1,1,6,335.55644908791584
140862,1,1,6,658.9654475665803
140878,1,1,5,0.42645457969393247
140892,1,1,6,425.197976308185
140906,1,1,8,728.5715949942182
140912,1,1,6,197.43620020202655
140913,1,1,8,784.6381289216616
140921,1,1,7,50.99671401669495
140927,1,1,9,715.2020405858345
140929,1,1,9,411.9407790195986
140948,1,1,9,719.5759669331072
140949,1,1,6,241.62577503020447
140957,1,1,9,625.324553365294
140973,1,1,8,238.3865143491655
140987,1,1,4,0.4264545919581291
141002,1,1,7,164.50132606609301
141011,1,1,1,361.7444995535864
141021,1,1,7,49.236189596068044
141032,1,1,7,135.14582817628272
141059,1,1,8,527.5670991576558
141065,1,1,7,140.43191554707838
141067,1,1,7,120.05331981813762
141093,1,1,1,233.6352877747376
141094,1,1,6,738.0485708988065
141118,1,1,9,409.56293980890126
141119,1,1,5,0.42645457969393247
141143,1,1,5,0.42645457969393247
141157,1,1,4,0.42645458358136
141183,1,1,5,0.42645457969393247
141197,1,1,6,778.3260732491609
141201,1,1,1,180.96231926065877
141211,1,1,3,83.30714865899459
141216,1,1,9,754.2425354628178
141231,1,1,4,0.42645458358136
141235,1,1,8,578.6871586552833
141257,1,1,9,303.79838508851094
141292,1,1,10,557.9907439250491
141293,1,1,10,97.78552232994826
141312,1,1,8,634.6438143042478
141316,1,1,9,270.1106410749725
141334,1,1,8,526.508334834425
141338,1,1,9,833.9333372406415
141345,1,1,6,632.2913497420548
141355,1,1,10,378.71678777041114
141370,1,1,3,93.85436250605757
141387,1,1,9,178.05886058964887
141403,1,1,4,0.4264545919581291
141409,1,1,5,0.42645457969393247
141414,1,1,6,158.02361672619838
141417,1,1,1,695.4330646307826
141419,1,1,3,69.54982909278175
141422,1,1,8,698.5202616864036
141429,1,1,9,800.1199855045875
141432,1,1,9,521.1417872142777
141435,1,1,9,464.6538414339555
141442,1,1,9,809.8375652008597
141456,1,1,1,403.2883575298275
141460,1,1,10,247.34323241491327
141475,1,1,4,0.42645458358136
141492,1,1,9,617.283800068652
141525,1,1,8,195.6603277605608
141538,1,1,8,697.136699876533
141544,1,1,4,0.42645458358136
141569,0,1,0,0.12855033394316073
141573,1,1,5,0.42645457969393247
141581,1,1,3,71.71540876272576
141584,1,1,8,557.3627539633014
141586,1,1,5,0.42645457969393247
141593,1,1,5,0.42645457969393247
141597,1,1,4,0.42645458358136
141609,1,1,9,702.1143167806993
141614,1,1,1,188.78094468920202
141632,1,1,10,445.20171372017757
141642,1,1,3,46.694695152376795
141665,0,1,0,0.11386242977569647
141666,1,1,9,174.3116305895755
141670,1,1,6,671.9945479065382
141681,1,1,10,427.87438762474426
141689,1,1,4,0.4264545919581291
141690,1,1,9,806.3639287567436
141691,1,1,4,0.42645458358136
141692,1,1,9,416.0953629030533
141694,1,1,6,772.2164786353088
141704,1,1,6,651.6971365705496
141746,1,1,8,462.7858021032542
141750,1,1,10,441.47174991811744
141757,1,1,3,71.27104500685537
141775,1,1,6,397.8774579846222
141783,1,1,4,0.42645458358136
141794,1,1,1,387.9807155735477
141795,1,1,7,109.21031249229698
141798,1,1,7,122.84053462643176
141803,1,1,4,0.42645458358136
141808,1,1,5,0.42645457969393247
141809,1,1,5,0.42645457969393247
141818,1,1,10,287.91843082049246
141823,1,1,9,549.0256351153755
141828,1,1,5,0.42645457969393247
141832,1,1,6,673.2605954847779
141843,1,1,9,578.5063591344024
141867,1,1,3,87.44182254675546
141870,1,1,8,667.2802921232742
141890,1,1,5,0.42645457969393247
141893,1,1,10,307.72441072522344
141906,1,1,6,408.43849217941687
141934,1,1,7,137.41938956965353
141939,1,1,8,214.11184257205468
141942,1,1,9,606.8960091291129
141949,1,1,4,0.42645458358136
141980,1,1,2,151.9353539728663
141981,1,1,4,0.4264545919581291
141983,1,1,3,37.24527023667856
141985,1,1,9,653.1150498189502
142007,1,1,3,45.8785278851013
142009,1,1,4,0.42645457969393247
142016,1,1,5,0.42645457969393247
142022,1,1,7,80.2499264092817
142026,1,1,4,0.42645458358136
142029,1,1,7,97.06856764569888
142032,1,1,8,430.24715897440194
142035,1,1,8,491.1058027518658
142038,1,1,10,694.3588745832693
142040,1,1,8,278.81761022365384
142050,1,1,2,245.15193289768163
142057,1,1,2,384.14440322932927
142060,1,1,6,498.9709563928385
142082,1,1,4,0.42645458358136
142083,1,1,2,395.80997737355233
142094,1,1,3,81.83653579796797
142112,1,1,9,540.1793165202552
142119,1,1,8,778.0067722183672
142125,1,1,10,189.30608850610724
142128,1,1,9,648.1503448611442
142129,1,1,5,0.42645457969393247
142144,1,1,7,38.67987867064399
142145,1,1,7,172.8870170916927
142167,1,1,9,346.56968292817123
142169,1,1,9,484.86010895854895
142172,1,1,6,224.1969003548564
142174,1,1,10,722.6848432462583
142219,1,1,5,0.42645457969393247
142220,1,1,8,927.6516851517962
142231,1,1,4,0.4264545919581291
142239,1,1,6,395.41891009110014
142247,1,1,6,642.6172957353587
142256,1,1,9,373.5938684344942
142258,1,1,7,91.68268107178335
142264,1,1,10,455.7797096339486
142274,1,1,5,0.42645457969393247
142277,1,1,6,789.6463062750762
142283,1,1,6,223.2496937472981
142284,1,1,1,313.34397415279227
142285,1,1,9,359.9510830924226
142290,1,1,4,0.42645458358136
142311,1,1,6,369.73292546138754
142313,1,1,8,313.4516940358833
142325,1,1,9,888.5031611763002
142329,1,1,5,0.42645457969393247
142338,1,1,4,0.42645458358136
142341,1,1,1,605.3302022427971
142344,1,1,8,488.63339372394944
142345,1,1,10,634.5477188969934
142354,1,1,4,0.42645458358136
142359,1,1,8,772.6158369684297
142370,1,1,4,0.42645458358136
142383,1,1,10,476.2014826744088
142387,1,1,8,722.8460911734144
142388,1,1,10,173.1604026071397
142399,1,1,9,771.4693455296485
142424,0,1,0,0.08498274240801196
142436,1,1,5,0.42645457969393247
142442,1,1,10,462.1159986236389
142444,1,1,9,433.571761821541
142446,1,1,6,332.27304263292615
142483,1,1,8,614.3569843445217
142489,1,1,6,805.0315265853175
142490,1,1,8,924.7428734836783
142494,1,1,9,566.9426819204448
142499,1,1,1,197.8122019627948
142511,1,1,3,40.43302105526438
142514,1,1,9,519.1507352931353
142517,1,1,5,0.42645457969393247
142525,1,1,4,0.42645458358136
142533,1,1,9,534.4327879501071
142536,1,1,9,890.1803613264369
142567,1,1,9,876.8452683701652
142569,1,1,3,87.00834443880537
142572,1,1,1,742.9687464410131
142577,1,1,10,462.7990364450493
142594,1,1,8,236.09489330805565
142604,1,1,5,0.42645457969393247
142605,1,1,5,0.42645457969393247
142606,1,1,5,0.42645457969393247
142607,1,1,6,719.5549303137637
142608,1,1,3,90.92733510054221
142610,1,1,1,302.74495196274944
142617,1,1,9,761.7673389819524
142624,1,1,2,102.2574234700298
142627,1,1,10,260.27359576222614
142639,1,1,1,485.69330252742384
142650,1,1,9,110.41549780945874
142652,1,1,8,949.867551481911
142653,1,1,3,66.31063170296065
142673,1,1,8,693.1223108182234
142676,1,1,10,460.0923387737558
142678,1,1,5,0.42645456789925423
142693,1,1,9,867.0874039961218
142699,1,1,8,667.1064180181786
142707,1,1,8,775.8705359788188
142714,1,1,5,0.42645457969393247
142719,1,1,10,422.8927597441497
142729,1,1,10,463.94627826070996
142741,1,1,4,0.42645458358136
142761,1,1,6,321.80124719898885
142777,1,1,4,0.42645458358136
142783,1,1,6,540.3869960381983
142785,1,1,5,0.42645457969393247
142786,1,1,9,193.39495639187902
142792,1,1,5,0.42645457969393247
142801,1,1,5,0.42645457969393247
142808,1,1,3,47.921825727128606
142814,1,1,10,218.96334526138256
142832,1,1,5,0.42645457969393247
142837,1,1,5,0.42645457969393247
142841,1,1,9,810.1152057055486
142857,1,1,1,684.1807951296191
142867,1,1,9,607.4010185423626
142871,1,1,8,731.7456806803918
142872,1,1,5,0.42645457969393247
142880,1,1,1,307.1112070964386
142896,1,1,9,789.5147888875784
142909,1,1,9,543.9847991683324
142911,1,1,9,488.6464773981631
142916,1,1,6,307.620881800217
142922,1,1,6,700.2515550364149
142934,1,1,8,852.0437429269205
142939,1,1,10,663.8134316019068
142943,1,1,10,365.3458310555396
142950,1,1,4,0.4264545919581291
142976,1,1,6,723.945173289073
143000,1,1,6,563.0428106752726
143020,1,1,5,0.42645457969393247
143024,1,1,8,338.37272164454043
143030,1,1,5,0.42645457969393247
143032,1,1,2,156.58022216903404
143037,1,1,8,629.2951702442983
143042,1,1,7,142.83463819897824
143062,1,1,8,606.0018983540647
143073,1,1,9,795.2245033520852
143089,1,1,10,644.4802582869864
143090,1,1,8,873.3202630826323
143093,1,1,6,505.80147357727304
143096,1,1,8,894.9569569991093
143100,1,1,7,85.50563355247438
143101,1,1,9,193.41358343542296
143109,1,1,4,0.42645458358136
143115,1,1,5,0.42645457969393247
143116,1,1,5,0.42645457969393247
143119,1,1,5,0.42645457969393247
143122,1,1,4,0.42645458358136
143130,1,1,9,513.6258990532847
143142,1,1,8,753.0714177919734
143147,1,1,5,0.42645457969393247
143150,1,1,7,79.80675685874628
143157,1,1,4,0.42645458358136
143160,1,1,6,721.1918386835081
143177,1,1,6,731.9787533771154
143178,1,1,8,652.594748708404
143184,1,1,5,0.42645457969393247
143185,1,1,5,0.42645456789925423
143188,1,1,10,663.1373458124482
143199,1,1,8,151.85009680312365
143208,1,1,8,246.9304379402977
143217,1,1,10,301.1224076444721
143239,1,1,2,152.14970774962524
143242,1,1,10,463.2229026685444
143249,1,1,9,152.948655994778
143250,1,1,8,838.5335967254723
143251,1,1,10,722.0653957314471
143259,1,1,10,528.7603611463617
143262,1,1,4,0.42645458358136
143266,1,1,6,512.3849126702011
143268,1,1,8,300.5043382896034
143278,1,1,5,0.42645457969393247
143283,1,1,9,795.4901919694261
143285,1,1,4,0.42645458358136
143297,1,1,5,0.42645457969393247
143301,1,1,10,563.7669973254827
143302,1,1,10,717.6906248955459
143309,1,1,6,462.6185973278562
143325,1,1,9,886.1158759229952
143328,1,1,10,429.1287614720745
143338,1,1,10,659.9488796923508
143343,1,1,7,166.45774041242143
143346,1,1,7,170.28768767085847
143354,1,1,10,637.4118021710111
143372,1,1,6,636.5737389063936
143382,1,1,8,627.6824768859339
143383,1,1,2,384.0412451501188
143384,1,1,8,896.9004049555924
143388,1,1,1,474.75248561614774
143394,1,1,5,0.42645456789925423
143417,1,1,8,217.89999921879593
143425,1,1,10,237.29515902372728
143433,1,1,9,797.4803689545973
143441,1,1,5,0.42645457969393247
143445,1,1,2,229.07945298207753
143450,1,1,8,758.0702150931394
143454,1,1,1,599.7956997300017
143459,1,1,9,302.4937014595176
143460,1,1,5,0.42645457969393247
143464,1,1,9,708.0623963614241
143468,1,1,9,269.49986273532744
143477,1,1,5,0.42645457969393247
143488,1,1,5,0.42645457969393247
143489,1,1,2,469.67274546275496
143490,1,1,1,739.3248167671621
143502,1,1,6,751.8083654530902
143506,1,1,9,493.40308566497623
143525,1,1,9,500.8771883089422
143527,1,1,8,532.2032550517583
143557,1,1,7,24.243944667525316
143577,1,1,8,332.5586325794356
143595,1,1,6,326.1929800153147
143601,1,1,1,179.4506189174689
143609,1,1,4,0.42645458358136
143684,1,1,5,0.42645457969393247
143702,1,1,8,661.7562507214052
143709,1,1,8,632.4381317962435
143722,1,1,5,0.42645457969393247
143723,1,1,8,720.1625176733406
143735,1,1,7,127.37102911817182
143739,1,1,10,483.2156850583241
143742,1,1,5,0.42645456789925423
143753,1,1,9,237.72734807788237
143762,1,1,9,830.2185719357369
143779,1,1,1,681.5604787186867
143794,1,1,9,560.7485046514336
143795,1,1,4,0.42645458358136
143801,1,1,5,0.42645457969393247
143809,1,1,9,161.9824063647348
143827,1,1,7,139.04266344986038
143836,1,1,8,728.6000773872355
143842,1,1,5,0.42645457969393247
143854,1,1,9,616.1585881381243
143856,1,1,10,238.95102849184195
143863,1,1,5,0.42645457969393247
143868,1,1,4,0.42645458358136
143894,1,1,7,71.10133807799147
143895,1,1,8,301.98104221869045
143911,1,1,8,759.2990581190189
143927,1,1,1,741.3494295147834
143941,1,1,7,152.01241709171714
143942,1,1,8,886.0465468998572
143950,1,1,2,144.2145908540964
143971,1,1,3,40.75696199977995
143981,1,1,4,0.42645458358136
143989,1,1,10,130.85708549607466
144011,1,1,5,0.42645457969393247
144013,1,1,6,419.6923802255983
144022,1,1,5,0.42645457969393247
144027,1,1,5,0.42645457969393247
144036,1,1,5,0.42645457969393247
144040,1,1,7,172.94088579209586
144050,1,1,8,919.1051078942951
144099,1,1,9,395.2032560873563
144105,1,1,10,695.9273643083252
144135,1,1,3,87.69047014748129
144147,1,1,8,885.2033925089113
144154,1,1,8,224.64446077605723
144156,1,1,1,245.90295709293792
144161,1,1,2,249.7936351762022
144179,1,1,9,713.7805860086174
144192,1,1,7,168.21415917552616
144201,1,1,9,599.321551793919
144210,1,1,6,198.27914697526523
144212,1,1,3,37.392898851943905
144213,1,1,8,875.1992446213701
144233,1,1,10,533.5422636477239
144236,1,1,4,0.42645458358136
144237,1,1,6,590.279794280439
144242,1,1,9,233.73208147331326
144250,1,1,3,81.47921995555933
144259,1,1,5,0.42645457969393247
144263,1,1,4,0.42645458358136
144294,1,1,8,781.3391887780173
144298,1,1,1,505.24427148569674
144315,1,1,8,366.31339407506425
144342,1,1,1,521.1814834974585
144383,1,1,5,0.42645457969393247
144384,1,1,4,0.42645458358136
144391,1,1,5,0.42645457969393247
144411,1,1,1,512.0415561917115
144415,1,1,6,347.57838534901595
144426,1,1,4,0.42645458358136
144434,1,1,9,886.9786744877839
144443,1,1,6,763.5091809420409
144450,1,1,7,79.17223818924818
144453,1,1,8,840.7551771476589
144457,1,1,1,560.2121686789972
144465,1,1,9,570.8816709360541
144468,1,1,10,475.13485252057666
144470,1,1,2,463.2910577608638
144492,1,1,10,652.2829861800891
144495,1,1,1,294.06924273356634
144496,1,1,9,33.74248842998895
144498,1,1,9,562.2903013815738
144502,1,1,6,800.9255693820011
144506,1,1,4,0.42645458358136
144532,1,1,8,690.9907567351347
144546,1,1,5,0.42645457969393247
144547,1,1,2,455.7357393212201
144560,1,1,7,90.56995563267989
144562,1,1,7,96.22676925397941
144575,1,1,9,376.2865660337577
144604,1,1,6,706.8895265013679
144619,1,1,6,810.630542561436
144624,1,1,10,269.96516567026924
144630,1,1,9,750.8074244471098
144631,1,1,1,661.5959269247323
144632,1,1,8,281.0237050290853
144633,1,1,7,171.00915680525202
144641,1,1,10,615.0883624035947
144650,1,1,6,805.721116828023
144653,1,1,9,330.9324572325481
144700,0,1,0,0.13141738847448176
144717,1,1,5,0.42645457969393247
144723,1,1,5,0.42645457969393247
144735,1,1,10,673.1234425294886
144738,0,1,0,0.14887869014672925
144741,1,1,9,22.948505428251273
144745,1,1,8,592.1130610947412
144758,1,1,9,211.47635249473115
144769,1,1,6,542.6779885097853
144801,1,1,5,0.42645457969393247
144822,1,1,8,945.3680974344181
144824,1,1,10,706.400925466067
144825,1,1,2,395.62413060392305
144884,1,1,8,672.0696886150729
144890,1,1,6,651.3283482981725
144898,1,1,3,71.80101052970261
144910,1,1,10,355.2020439745822
144927,1,1,5,0.42645457969393247
144928,1,1,7,100.6723714010475
144929,1,1,7,123.021678558639
144965,1,1,9,874.2489392045999
144993,1,1,7,161.3217066610818
145022,1,1,9,529.0979531385002
145027,1,1,9,708.2414463993421
145036,1,1,3,77.3355338096463
145048,1,1,6,206.75768310958406
145067,1,1,4,0.42645458358136
145072,1,1,9,870.9377275304679
145076,1,1,6,271.686684517033
145083,1,1,9,794.4281413440244
145086,1,1,9,449.89790657345065
145093,1,1,9,634.1450949751802
145119,1,1,5,0.42645457969393247
145120,1,1,8,868.8145914357207
145127,1,1,4,0.42645458358136
145147,1,1,8,731.6713364570074
145150,1,1,1,754.2164465101316
145151,1,1,1,729.7018481648495
145162,1,1,1,604.2960426031657
145170,1,1,9,875.2786743881595
145175,1,1,6,767.2776520113498
145187,1,1,5,0.42645457969393247
145195,1,1,10,180.8131798916081
145222,1,1,8,689.994197366218
145225,1,1,8,947.7832453704999
145226,1,1,10,83.48326201586848
145237,1,1,5,0.42645457969393247
145253,1,1,6,712.7240990502008
145263,1,1,1,182.18480272674657
145267,1,1,6,778.5490804046283
145270,1,1,4,0.42645458358136
145306,1,1,3,73.58376681028318
145310,1,1,5,0.42645457969393247
145337,1,1,7,66.67594318960812
145360,1,1,5,0.42645457969393247
145389,1,1,5,0.42645457969393247
145397,1,1,9,430.21449136516173
145401,1,1,9,448.58837711067787
145403,1,1,9,795.9039632562088
145414,1,1,5,0.42645457969393247
145426,1,1,8,210.5478861175873
145428,1,1,4,0.42645458358136
145441,1,1,5,0.42645457969393247
145453,1,1,5,0.42645457969393247
145457,1,1,6,755.8610706309796
145485,1,1,6,543.4019679030698
145493,1,1,10,335.23601211930463
145502,1,1,6,506.13969471878727
145514,1,1,8,621.6457295272265
145520,1,1,5,0.42645456789925423
145524,0,1,0,0.10257125479079929
145527,1,1,4,0.42645458358136
145534,1,1,10,160.7586503410126
145557,1,1,9,862.0247137313789
145573,1,1,4,0.42645458358136
145602,1,1,6,396.38198407148315
145615,1,1,4,0.42645458358136
145630,1,1,8,468.17233344577284
145634,1,1,7,61.1617778183486
145636,1,1,6,461.8968853369151
145646,1,1,9,795.155054730684
145678,1,1,6,336.24881399208266
145688,1,1,4,0.42645458358136
145693,1,1,10,720.3984017300531
145700,1,1,6,344.73613424994653
145706,1,1,6,445.40789898033006
145721,1,1,9,520.2987312562052
145723,1,1,3,47.76908104434406
145724,1,1,8,542.638989654359
145741,1,1,6,555.3496855948443
145742,1,1,9,617.2192908023726
145750,1,1,10,166.3765735158401
145754,1,1,4,0.42645458358136
145768,1,1,6,554.2617374327733
145770,1,1,2,297.9267465767908
145778,1,1,8,572.4580694857727
145798,1,1,9,735.9016089403618
145804,1,1,2,321.5335991644504
145820,1,1,8,311.35422172756125
145833,1,1,5,0.42645457969393247
145836,1,1,10,666.919670980097
145843,1,1,6,731.7607529995825
145844,1,1,8,916.840443025315
145856,1,1,5,0.42645457969393247
145861,1,1,7,163.82419728322637
145865,1,1,10,626.5077799604657
145912,1,1,6,218.2624853752611
145916,1,1,8,150.22800898531165
145926,1,1,9,452.91210772053773
145941,1,1,1,378.3609331752499
145945,1,1,9,536.6244162245057
145952,1,1,8,868.8582673315283
145969,1,1,9,636.3278342326436
145987,1,1,6,721.1789733542491
146002,1,1,4,0.42645458358136
146005,1,1,8,633.5395609652142
146014,1,1,9,761.7370111808332
146026,1,1,4,0.42645458358136
146029,1,1,4,0.42645458358136
146032,1,1,4,0.42645458358136
146035,1,1,3,75.78064611679076
146063,1,1,4,0.42645458358136
146074,1,1,5,0.42645457969393247
146086,1,1,3,90.9269484952397
146104,1,1,9,567.3090024470351
146114,1,1,9,396.22054844413833
146121,1,1,4,0.42645458358136
146125,1,1,5,0.42645457969393247
146132,1,1,7,44.46369059080953
146147,1,1,4,0.42645458358136
146161,1,1,1,368.48435368034035
146164,1,1,3,41.04384514272884
146171,1,1,4,0.4264545919581291
146176,1,1,1,658.1716028547077
146188,0,1,0,0.07139008945734138
146194,1,1,4,0.42645458358136
146199,1,1,5,0.42645457969393247
146210,1,1,5,0.42645457969393247
146221,1,1,4,0.42645458358136
146226,1,1,4,0.42645458358136
146238,1,1,9,685.8910659793985
146260,1,1,4,0.42645458358136
146264,1,1,3,71.29239186090973
146284,1,1,8,856.4825216799093
146286,1,1,9,380.91078239096765
146318,1,1,2,143.36800130076253
146322,1,1,2,428.00816074193636
146325,1,1,9,797.4669184730026
146365,1,1,6,359.2968846139963
146377,1,1,1,168.81882374198756
146383,1,1,9,263.12345369926595
146386,1,1,1,498.1115980863144
146388,1,1,5,0.42645457969393247
146390,1,1,10,363.47870658626874
146397,1,1,8,856.8039637184186
146409,1,1,8,554.8026830303378
146417,1,1,5,0.42645457969393247
146424,1,1,9,707.0677732361992
146427,1,1,9,824.9286608200074
146434,1,1,4,0.42645458358136
146447,1,1,5,0.42645457969393247
146448,1,1,1,545.0327413955647
146451,1,1,4,0.42645458358136
146459,1,1,4,0.42645458358136
146465,1,1,6,118.90583788289739
146470,1,1,5,0.42645456789925423
146487,1,1,6,781.9108150515848
146490,1,1,8,518.3803488222748
146509,1,1,8,354.8534159123065
146536,1,1,8,304.4734734936554
146545,1,1,4,0.42645458358136
146569,1,1,4,0.42645458358136
146582,1,1,5,0.42645457969393247
146590,1,1,8,578.681210942165
146596,1,1,10,156.63166383089197
146611,1,1,6,805.6669713335211
146613,1,1,6,790.7369426518143
146614,1,1,4,0.42645458358136
146619,1,1,10,719.938701805178
146620,1,1,9,819.6825690676122
146623,1,1,4,0.42645458358136
146626,1,1,10,509.7303081931931
146635,1,1,5,0.42645457969393247
146647,1,1,10,215.7371765388582
146650,1,1,6,708.2903652146326
146672,1,1,10,137.47761273326392
146698,1,1,10,262.3125071956221
146703,1,1,4,0.42645458358136
146709,1,1,8,847.4673746805053
146717,1,1,2,399.71387595009185
146720,1,1,8,697.7300666861473
146739,1,1,1,399.0770882156713
146754,1,1,8,352.29123882950483
146797,1,1,9,887.8915405217257
146822,1,1,6,312.8046214707354
146845,1,1,8,465.57750278149314
146849,1,1,2,75.39993248145902
146854,1,1,4,0.4264545919581291
146877,1,1,6,353.980585862431
146890,1,1,9,764.8964527518557
146897,1,1,9,652.7341405172639
146906,1,1,1,703.0706499061469
146917,1,1,10,721.2140848113416
146924,1,1,10,444.79333793336264
146925,1,1,9,523.3642972353416
146938,1,1,4,0.42645458358136
146944,1,1,6,536.5387137203626
146956,1,1,1,474.30673416677354
146957,1,1,10,276.0447903613375
146962,1,1,9,613.4357501693851
146968,1,1,9,652.0406910915952
146971,1,1,1,599.6555685348916
146982,1,1,9,819.8994295258597
146983,1,1,10,285.18621705705607
146991,1,1,4,0.42645458358136
146997,1,1,8,943.7951713967047
147008,1,1,9,862.5980302627753
147018,1,1,8,627.5609368591909
147023,1,1,4,0.42645458358136
147025,1,1,9,672.1228540782325
147041,1,1,5,0.42645457969393247
147050,1,1,3,92.0293963308923
147067,1,1,9,758.7118226601242
147078,1,1,10,400.47913470293025
147094,1,1,9,412.0713456513347
147113,1,1,6,286.62420542545345
147119,1,1,9,837.6178272143841
147125,1,1,4,0.42645458358136
147126,1,1,9,829.9527141624732
147131,1,1,6,568.6561615941022
147135,1,1,6,721.1224330078309
147137,1,1,8,829.2400983244905
147140,1,1,6,678.4429944355802
147155,1,1,7,87.93790668536256
147164,1,1,10,638.4949213489507
147171,1,1,6,393.03076489964104
147176,1,1,9,439.58982356106293
147205,1,1,4,0.42645458358136
147220,1,1,4,0.42645458358136
147221,1,1,9,533.0692555729704
147225,1,1,8,758.2057388164249
147229,1,1,8,912.79594449681
147246,1,1,4,0.42645458358136
147260,1,1,4,0.42645458358136
147272,1,1,5,0.42645457969393247
147274,1,1,5,0.42645457969393247
147277,1,1,10,163.48397215948654
147278,1,1,9,560.0310078125722
147294,1,1,10,204.81129076747055
147310,1,1,5,0.42645457969393247
147322,1,1,4,0.42645458358136
147327,1,1,8,554.6385279682501
147329,1,1,9,873.3086706853895
147339,1,1,9,562.0261349254308
147341,1,1,8,271.69761304167747
147342,1,1,4,0.42645458358136
147343,1,1,8,862.1791037484326
147357,1,1,7,112.24012382928692
147363,1,1,3,79.71478772506435
147367,1,1,4,0.42645458358136
147377,1,1,10,719.9199441448714
147379,1,1,8,560.2151610834073
147409,1,1,9,817.7500411773933
147417,1,1,5,0.42645457969393247
147449,1,1,8,570.4284920764782
147466,1,1,6,504.51305799898364
147517,1,1,5,0.42645457969393247
147521,1,1,2,439.7844652399788
147536,1,1,4,0.42645458358136
147538,1,1,9,777.9652431883713
147557,1,1,9,868.6373952247966
147561,1,1,5,0.42645457969393247
147565,1,1,5,0.42645457969393247
147587,1,1,6,772.384512371888
147593,1,1,10,298.52311069800083
147613,1,1,8,725.6530702736193
147619,1,1,9,578.48036304229
147621,1,1,4,0.42645458358136
147626,1,1,1,559.6421427239103
147641,1,1,4,0.42645458358136
147671,1,1,6,496.7307364069622
147681,1,1,6,790.9034652790177
147695,1,1,4,0.42645458358136
147700,1,1,4,0.42645458358136
147732,1,1,8,258.1226505063821
147736,1,1,5,0.42645457969393247
147744,0,1,0,0.1269215095588151
147765,1,1,10,186.86373634457857
147767,1,1,9,601.4829544852338
147784,1,1,8,629.3018780186525
147801,1,1,8,848.4111141701167
147803,1,1,8,634.7826049534754
147807,1,1,5,0.42645456789925423
147823,1,1,1,509.2050618876837
147847,1,1,4,0.42645458358136
147849,1,1,6,162.49427380312326
147853,1,1,6,221.55044147574063
147862,1,1,2,453.90093246437584
147863,1,1,7,16.270070293337906
147871,1,1,8,862.5243198974216
147874,1,1,8,384.6842204083442
147875,1,1,1,762.9381595007721
147902,1,1,9,864.3347467342529
147904,1,1,10,360.665233184195
147922,1,1,9,470.20747732452986
147938,1,1,9,756.2216372750734
147939,1,1,8,837.6670005001728
147940,1,1,8,910.8759176722483
147956,1,1,4,0.42645458358136
147959,1,1,6,735.863673395788
147970,1,1,2,289.0419411308322
147973,1,1,8,802.8746039497146
147977,1,1,5,0.42645457969393247
147996,1,1,4,0.42645458358136
148015,1,1,1,733.9382248390792
148026,1,1,6,601.2333016288869
148049,1,1,1,601.6495382376947
148054,1,1,4,0.42645458358136
148075,1,1,4,0.42645458358136
148081,1,1,9,322.8650491693842
148087,1,1,7,133.67141608754744
148101,1,1,6,477.7887979989895
148113,0,1,0,0.07863254000931129
148126,1,1,9,578.3674294579531
148136,1,1,4,0.4264545919581291
148162,1,1,8,798.6484411620863
148187,1,1,10,286.07167214296476
148209,1,1,10,696.9117070661396
148210,1,1,2,97.44010743947625
148212,1,1,5,0.5851829357402492
148218,1,1,2,472.2137667849626
148220,1,1,5,0.42645457969393247
148223,1,1,5,0.42645457969393247
148231,1,1,6,773.0683991045121
148238,1,1,8,949.793590204676
148241,1,1,4,0.42645458358136
148255,1,1,8,875.4046354100648
148259,1,1,6,486.418070826666
148284,1,1,2,349.69544879868135
148307,1,1,4,0.42645458358136
148312,1,1,4,0.42645458358136
148315,1,1,3,94.23565957674901
148345,1,1,8,595.62008830762
148351,1,1,8,682.7091377141027
148361,1,1,9,497.93879475259826
148365,1,1,8,555.017124735921
148374,1,1,5,0.42645457969393247
148381,1,1,2,474.9013130924324
148395,1,1,10,637.1990893458485
148396,1,1,3,91.77784459048902
148428,1,1,3,92.23462155537666
148460,1,1,8,707.514481912135
148476,1,1,4,0.42645458358136
148502,1,1,10,596.9614774016311
148510,1,1,1,617.6501790187903
148512,1,1,8,656.4886035479019
148524,1,1,6,322.4478705696077
148527,1,1,7,157.4428840792757
148537,1,1,8,510.59322037423505
148541,1,1,6,477.77142835273946
148543,1,1,9,71.08236400444154
148548,1,1,6,672.3886580078174
148554,1,1,10,575.8974365256121
148558,1,1,8,731.0377239651975
148559,1,1,6,554.0172380443405
148567,1,1,2,108.0326637069098
148582,1,1,1,458.73377830997975
148588,1,1,7,25.821996745352266
148590,1,1,6,775.6403916387059
148592,1,1,1,609.9459873390646
148612,1,1,10,683.0077265018763
148616,1,1,9,571.7066601722876
148619,1,1,8,248.04055636380377
148625,1,1,9,380.0691207928279
148632,1,1,10,294.5215433950805
148633,1,1,9,540.5649343939037
148635,1,1,4,0.42645458358136
148637,1,1,9,634.1496911731048
148639,1,1,9,608.845851017185
148646,1,1,4,0.42645458358136
148660,1,1,6,715.4749601085263
148663,1,1,6,775.9327890904635
148664,1,1,8,889.9013496010697
148680,1,1,9,818.0200731291263
148685,1,1,6,551.7044343917987
148686,1,1,5,0.42645457969393247
148706,1,1,3,91.14631948715792
148723,1,1,3,45.75823014581608
148730,1,1,8,839.4784888873368
148735,1,1,7,124.64265982683246
148745,1,1,4,0.42645458358136
148748,0,1,0,0.15010707928974626
148755,1,1,5,0.42645457969393247
148766,1,1,3,87.77905077222877
148767,1,1,9,793.8534076549106
148774,1,1,2,219.70649693581058
148788,1,1,1,322.97650210730365
148794,1,1,8,565.2069284685692
148800,1,1,9,814.6147473647416
148801,1,1,2,313.278830939089
148823,1,1,1,744.1385497982301
148829,1,1,9,565.4574519076821
148843,1,1,4,0.42645458358136
148853,1,1,5,0.42645457969393247
148870,1,1,9,500.01435364610677
148871,1,1,5,0.42645457969393247
148882,1,1,10,611.5342996244109
148883,1,1,9,624.4027341645524
148886,1,1,2,169.18596636374497
148889,1,1,8,137.71360876644061
148904,1,1,9,175.66927057775672
148932,1,1,9,76.16169879061947
148939,1,1,10,99.77264789031823
148951,1,1,9,334.1228316596615
148968,1,1,6,616.5844051057001
148984,1,1,5,0.42645457969393247
148994,1,1,9,218.1831596148918
149002,1,1,4,0.42645458358136
149012,1,1,8,543.7410903288984
149024,1,1,5,0.42645457969393247
149031,1,1,5,0.42645456789925423
149032,1,1,7,67.11725776652689
149040,1,1,5,0.42645457969393247
149050,1,1,5,0.42645457969393247
149056,1,1,9,427.6104160650045
149066,1,1,4,0.42645458358136
149069,1,1,6,727.8615799470009
149075,1,1,5,0.42645457969393247
149077,1,1,6,218.96959867250297
149079,1,1,1,179.4951259856547
149082,1,1,6,745.5089801133961
149089,0,1,0,0.1289523234097145
149097,1,1,8,588.3684600946824
149105,1,1,4,0.42645458358136
149118,1,1,4,0.42645458358136
149129,1,1,4,0.42645458358136
149130,1,1,8,172.38512205355698
149150,1,1,9,794.2450058004744
149157,1,1,2,288.44545222703493
149165,1,1,6,641.5594466874052
149168,1,1,10,720.010985826222
149180,1,1,8,541.095634531482
149208,1,1,5,0.42645457969393247
149254,1,1,8,259.01990215954964
149255,1,1,1,397.2976585873219
149266,1,1,5,0.42645457969393247
149267,1,1,4,0.42645458358136
149283,1,1,5,0.42645457969393247
149288,1,1,10,194.08439878110389
149310,1,1,6,741.0061397673153
149328,1,1,6,801.7296607374489
149340,1,1,7,129.1829913536373
149350,1,1,8,303.9958843621393
149357,1,1,6,439.8106723999923
149365,1,1,4,0.42645458358136
149378,1,1,2,407.1825502826817
149379,1,1,6,152.08781984790795
149382,1,1,8,494.8524480459479
149393,1,1,6,456.313581822375
149395,1,1,9,263.4512189535583
149401,1,1,10,367.42176399614766
149405,1,1,4,0.42645458358136
149413,1,1,6,337.8741814394396
149414,1,1,8,502.83993082198026
149418,1,1,6,303.7183813530505
149430,1,1,4,0.42645458358136
149436,1,1,9,284.141186707274
149441,1,1,7,26.620919539798958
149446,1,1,9,789.1832195851491
149450,1,1,1,731.4073433397887
149482,1,1,6,735.6271283884063
149489,1,1,8,489.21536381015557
149504,1,1,5,0.42645457969393247
149507,1,1,5,0.42645457969393247
149525,1,1,9,762.777698470908
149526,1,1,5,0.42645457969393247
149541,1,1,10,569.7309341285327
149552,1,1,9,299.10192838212214
149567,1,1,7,126.89184495241798
149592,1,1,8,464.28937647149684
149595,1,1,4,0.42645458358136
149602,1,1,8,811.0066345544326
149632,1,1,1,278.8472282149644
149642,1,1,5,0.42645457969393247
149646,1,1,10,678.6066865383954
149653,0,1,0,0.11427476765505051
149659,1,1,9,801.3326656001744
149662,1,1,7,98.45990085830346
149679,1,1,8,413.6702928827218
149684,1,1,5,0.42645457969393247
149707,1,1,9,875.1763958707303
149731,1,1,7,148.7831945178949
149733,1,1,6,487.00062101419024
149737,1,1,8,622.2400603862603
149740,1,1,10,417.60552895085823
149741,1,1,5,0.42645457969393247
149751,1,1,2,317.2685132290613
149753,1,1,1,425.691316054042
149761,1,1,9,772.7504789833229
149762,1,1,2,89.55631694864329
149780,1,1,5,0.42645457969393247
149788,1,1,9,577.0680311059787
149798,1,1,4,0.42645458358136
149807,1,1,6,667.5324379363964
149808,1,1,9,688.014618687008
149809,1,1,8,378.09600353750096
149819,1,1,6,564.2466030267269
149830,1,1,7,56.374668250970146
149832,0,1,0,0.11550879731706316
149833,1,1,8,680.3011897472422
149836,1,1,9,884.7667633662746
149852,1,1,7,18.78921825140541
149857,1,1,6,799.662763136834
149858,1,1,10,324.17137978336655
149866,1,1,1,620.208179526214
149888,1,1,8,894.1003329879296
149916,1,1,10,459.7556482972736
149925,1,1,10,359.3457192302107
149943,1,1,1,570.6074287551768
149976,1,1,6,617.8958123694035
149981,1,1,5,0.42645457969393247
149988,1,1,7,136.7887057887849
149992,1,1,7,129.40658310311477
150007,1,1,9,672.0778384785624
150013,1,1,9,670.7568778016484
150019,1,1,9,605.3488325920432
150026,1,1,6,219.95922374904976
150037,1,1,4,0.42645458358136
150042,1,1,4,0.42645458358136
150047,1,1,1,741.6302648045305
150049,1,1,6,264.86322447574594
150050,1,1,6,260.7305511395611
150071,1,1,6,751.9721213961186
150073,1,1,5,0.42645457969393247
150075,1,1,8,420.0597527944879
150078,1,1,4,0.42645458358136
150083,1,1,6,747.4463970907482
150084,1,1,9,870.4597763422269
150089,1,1,4,0.42645458358136
150095,1,1,4,0.42645458358136
150106,1,1,5,0.42645457969393247
150109,1,1,3,53.155304828894415
150120,1,1,5,0.42645457969393247
150127,1,1,8,894.3816344726931
150133,1,1,1,501.6183251222903
150146,1,1,4,0.42645458358136
150147,1,1,9,600.7528431610193
150161,1,1,5,0.42645457969393247
150163,1,1,3,92.87343223617613
150168,1,1,6,643.304512601053
150205,1,1,9,835.8115257783841
150213,1,1,9,670.9095597212706
150215,1,1,3,65.75487590643223
150222,1,1,4,0.42645458358136
150230,1,1,4,0.42645458358136
150237,1,1,10,126.0728720726327
150251,1,1,5,0.42645457969393247
150275,1,1,4,0.42645458358136
150300,1,1,4,0.42645458358136
150310,1,1,2,410.6087438255549
150314,1,1,6,549.630871026482
150320,1,1,9,535.8506517189699
150321,1,1,3,91.49244565983737
150337,1,1,5,0.42645457969393247
150345,1,1,10,642.5995771340189
150347,1,1,6,339.4012353168766
150369,1,1,1,275.49085753741645
150373,1,1,4,0.42645458358136
150378,1,1,10,399.4813571163031
150395,1,1,6,270.8069621526082
150399,1,1,9,700.5142384412494
150407,1,1,8,273.3643412587182
150441,1,1,6,179.2208318234706
150449,1,1,1,301.7017275661874
150450,1,1,9,588.046262988399
150481,1,1,5,0.42645457969393247
150490,1,1,6,534.5304644048148
150526,1,1,4,0.42645458358136
150530,1,1,6,570.9748420743861
150534,1,1,8,639.1891982848034
150548,1,1,5,0.42645456789925423
150578,1,1,5,0.42645456789925423
150594,1,1,9,777.648407235315
150608,1,1,8,212.31254097921155
150615,1,1,10,144.93096684998244
150618,1,1,10,368.695257547517
150634,1,1,10,369.47044561993766
150646,1,1,6,256.04812339772633
150674,1,1,1,302.17158963205486
150676,1,1,6,683.4873571961525
150678,1,1,9,439.89852945911036
150679,1,1,8,568.7500959389605
150680,1,1,8,164.27471300459624
150681,1,1,5,0.42645457969393247
150689,1,1,5,0.42645457969393247
150702,1,1,8,693.5190364201877
150704,1,1,4,0.42645458358136
150706,1,1,5,0.42645457969393247
150713,1,1,9,228.66634078517663
150715,1,1,2,379.6028005045082
150722,1,1,9,227.18145028415864
150728,1,1,9,179.1005829521169
150742,1,1,9,708.2363357808192
150747,1,1,9,45.68651478479555
150755,1,1,4,0.42645458358136
150757,1,1,9,551.3662636793916
150767,1,1,5,0.42645457969393247
150779,1,1,9,722.0305960110258
150782,1,1,5,0.42645457969393247
150783,1,1,5,0.42645457969393247
150791,1,1,1,603.8906866141664
150816,1,1,9,238.64196725346542
150821,1,1,10,163.7397257430797
150830,1,1,4,0.4264545919581291
150841,1,1,9,528.1798937868526
150843,1,1,5,0.42645457969393247
150848,1,1,8,201.6854007381016
150850,1,1,6,699.5983366650629
150876,1,1,6,407.67436575666693
150880,1,1,4,0.42645458358136
150886,1,1,4,0.42645458358136
150888,1,1,5,0.42645457969393247
150897,1,1,4,0.42645458358136
150906,1,1,4,0.42645458358136
150914,1,1,5,0.42645457969393247
150917,1,1,7,169.31307457464715
150922,1,1,9,840.0058762141747
150924,1,1,6,794.9480466922633
150950,1,1,10,661.0369374729064
150952,1,1,2,402.26207430354657
150954,1,1,2,204.6731905701192
150970,1,1,8,733.375795096025
150975,1,1,6,734.5788886872914
150978,1,1,5,0.42645457969393247
150984,1,1,1,425.65293917814375
150993,1,1,4,0.42645458358136
151014,1,1,8,263.53985725642275
151015,1,1,9,321.05021861983465
151016,1,1,8,675.1568945243621
151030,1,1,10,381.14680582066603
151042,1,1,9,791.2179927059951
151050,1,1,4,0.42645458358136
151051,1,1,8,698.3013988800677
151061,1,1,8,889.2723981165773
151069,1,1,10,583.0923853240122
151075,1,1,1,728.5203918413473
151085,1,1,5,0.42645457969393247
151093,1,1,10,630.8642136373824
151123,1,1,1,250.98837262988326
151126,1,1,8,873.1037368582863
151141,1,1,8,197.95752875973932
151154,1,1,6,721.4242785964257
151157,1,1,4,0.42645458358136
151178,1,1,10,447.401648120374
151179,1,1,10,258.35512825919767
151201,1,1,6,398.4631359246037
151203,1,1,3,89.9100872745207
151209,1,1,9,857.6413372214452
151231,1,1,8,361.038165740896
151239,1,1,9,164.94615370944686
151243,1,1,8,640.6595346796707
151252,1,1,4,0.42645458358136
151259,1,1,9,217.503498692436
151279,1,1,10,205.40864360854752
151297,1,1,6,178.46752301923357
151304,1,1,10,605.4243076113777
151311,1,1,5,0.42645457969393247
151336,1,1,7,115.0211658862611
151357,1,1,4,0.42645458358136
151366,1,1,4,0.42645458358136
151372,1,1,9,829.8260342350711
151379,1,1,8,658.6792664035664
151390,1,1,9,718.3922496601011
151409,1,1,8,796.8409559388267
151418,1,1,2,375.4076378908694
151444,1,1,9,804.9300427285806
151446,1,1,6,780.296016739401
151467,1,1,1,681.4382824965697
151483,1,1,6,726.5905156465558
151516,1,1,5,0.42645457969393247
151576,1,1,5,0.42645457969393247
151584,1,1,7,125.36532995355756
151594,1,1,9,865.9675115075158
151600,1,1,9,721.2035777198925
151618,1,1,6,558.7324275357319
151624,1,1,6,422.6056315072312
151626,1,1,10,717.8803425101008
151648,1,1,9,285.48192578665123
151651,1,1,6,238.79897175897187
151659,1,1,8,584.7736104539738
151660,1,1,8,374.9027702847294
151681,1,1,6,195.33156542476783
151704,1,1,8,591.6572911253124
151705,1,1,9,597.5113709346836
151763,1,1,3,89.90472425475285
151771,1,1,7,101.04964024628443
151784,1,1,9,491.91973306792573
151790,1,1,10,624.8225899527903
151793,1,1,8,510.5503260547721
151798,1,1,8,482.63862595600926
151806,1,1,7,62.46175054375688
151818,1,1,10,650.723052780371
151823,1,1,9,681.3102761554968
151826,1,1,4,0.42645458358136
151835,1,1,8,443.75519586297486
151837,0,1,0,0.14723909054928772
151838,1,1,8,422.5027558578414
151847,1,1,5,0.42645457969393247
151872,1,1,8,304.2325060494865
151874,1,1,5,0.42645456789925423
151899,1,1,5,0.42645457969393247
151908,1,1,10,391.36059897871974
151916,1,1,2,72.14481801750478
151920,1,1,2,421.7560975077746
151923,1,1,4,0.42645458358136
151926,1,1,9,750.6563996070306
151951,1,1,7,29.685899169887083
151972,1,1,10,428.0740494245861
151973,1,1,5,0.42645457969393247
151983,1,1,5,0.42645457969393247
151996,1,1,10,460.8765179938963
152001,1,1,1,559.4303652690093
152017,1,1,2,189.0809668590087
152023,1,1,6,748.200537364952
152026,1,1,3,61.28788980379266
152040,1,1,1,724.4670717211719
152041,1,1,7,156.3762339256492
152045,1,1,6,498.52744474595767
152054,1,1,9,243.52719329491
152057,1,1,10,398.76666929530296
152063,1,1,6,108.94950369323311
152068,1,1,7,79.88948618474357
152087,1,1,10,444.598082226797
152088,1,1,10,720.7503825064708
152105,1,1,5,0.42645457969393247
152139,1,1,9,563.1895152700894
152144,1,1,8,605.1492578003478
152152,1,1,8,572.0859103135062
152156,1,1,5,0.42645457969393247
152157,1,1,10,555.5893189518862
152173,1,1,2,386.26273222211364
152174,1,1,6,810.9173116578678
152184,1,1,8,484.80428333339853
152197,1,1,5,0.42645457969393247
152199,1,1,4,0.42645458358136
152200,1,1,6,550.0967810147296
152225,1,1,6,454.0265781874079
152230,1,1,6,446.97797291646185
152234,1,1,10,105.56603112804116
152267,1,1,5,0.42645457969393247
152291,1,1,10,717.9220711743616
152309,1,1,10,170.34223460303275
152310,1,1,6,738.5620873211219
152326,1,1,4,0.42645457969393247
152329,1,1,9,873.5589083008134
152337,1,1,1,424.1260819751944
152343,1,1,8,739.7880348187649
152355,1,1,9,379.8558023207445
152361,1,1,6,754.1865657248024
152373,1,1,9,474.8174863777405
152378,1,1,10,521.6314134810766
152385,1,1,9,495.2609436398138
152388,1,1,4,0.42645458358136
152393,1,1,3,90.7401795537434
152401,1,1,6,616.356971966024
152407,1,1,9,229.71419494738637
152411,1,1,5,0.42645457969393247
152435,1,1,1,454.1327145963989
152436,1,1,9,448.24527799136473
152439,1,1,10,624.5864804838997
152440,1,1,6,789.498801588108
152454,1,1,4,0.42645458358136
152457,1,1,9,125.02908396135396
152465,1,1,10,414.7164697140634
152487,1,1,9,40.098602809105394
152489,1,1,5,0.42645457969393247
152495,1,1,1,704.3771747631195
152501,1,1,8,769.6522750794676
152527,1,1,4,0.42645458358136
152545,1,1,8,170.6146098474057
152548,1,1,1,471.81147064671995
152549,1,1,8,439.9765972975849
152573,1,1,9,349.5472476004195
152581,1,1,9,525.4897287529599
152594,1,1,6,364.15050612289076
152597,1,1,4,0.42645458358136
152614,1,1,4,0.42645458358136
152630,1,1,3,84.21228740548294
152631,1,1,10,181.91298311858893
152640,1,1,8,780.1266209542445
152644,1,1,7,133.632044461028
152658,1,1,10,251.79119922166842
152661,1,1,2,389.8869304440653
152671,1,1,9,646.4024917248298
152699,1,1,7,126.87803287700694
152704,1,1,10,422.38391121234855
152711,1,1,4,0.42645458358136
152730,1,1,3,88.87218099057063
152732,1,1,8,656.0315641791981
152733,1,1,5,0.42645457969393247
152738,1,1,10,362.1585395909475
152750,1,1,5,0.42645457969393247
152759,1,1,4,0.42645458358136
152763,1,1,9,644.726196513485
152765,1,1,4,0.4264545919581291
152769,1,1,5,0.42645456789925423
152779,1,1,2,437.2209568845071
152783,1,1,10,426.7384733476719
152798,1,1,7,170.17907343113922
152803,1,1,4,0.42645458358136
152837,1,1,9,529.1261676857431
152841,1,1,8,613.2790337564411
152850,1,1,2,455.5332452321878
152853,1,1,5,0.42645457969393247
152859,1,1,7,73.01749235844085
152888,1,1,9,489.1430345169549
152898,1,1,1,620.635988130772
152908,1,1,10,368.11645344191794
152909,1,1,1,206.61613347939576
152935,1,1,5,0.42645457969393247
152956,1,1,9,523.6091169596561
152962,1,1,6,809.2990845886447
152965,1,1,8,358.35565473466346
152969,1,1,4,0.42645458358136
152980,1,1,10,87.76581289094563
152987,1,1,9,875.457463809326
152995,1,1,9,563.4178124930256
152996,1,1,10,666.7291513317689
152997,1,1,5,0.42645457969393247
153010,1,1,2,275.6590645679922
153013,1,1,6,656.3025769947697
153017,1,1,8,656.8665647756299
153020,1,1,5,0.42645457969393247
153033,1,1,10,719.557637355367
153039,1,1,1,223.38058478279015
153055,1,1,9,670.8919859494595
153062,1,1,10,188.64043439413487
153066,1,1,8,357.6792299569439
153071,1,1,8,607.4929149554573
153080,1,1,6,642.411057644244
153095,1,1,10,376.6609302084185
153103,1,1,9,782.4901361387667
153110,1,1,3,90.20017231871431
153114,1,1,9,229.89075534539947
153120,1,1,5,0.42645457969393247
153121,1,1,1,299.47612990554995
153126,1,1,5,0.42645457969393247
153128,1,1,4,0.42645458358136
153131,1,1,8,733.2340733094538
153141,1,1,9,701.785598173351
153143,1,1,8,492.3378503937716
153144,1,1,5,0.42645457969393247
153162,1,1,9,617.0835522834732
153172,1,1,8,754.2277795537597
153182,1,1,5,0.42645457969393247
153186,1,1,5,0.42645457969393247
153212,1,1,6,781.1698579771919
153214,1,1,4,0.42645458358136
153227,1,1,5,0.42645457969393247
153231,1,1,2,420.7990681539554
153246,1,1,3,89.91584147480519
153248,1,1,10,157.98190457138335
153254,1,1,1,227.32290597475537
153259,1,1,10,416.3566297333618
153267,1,1,1,732.7652552165002
153278,1,1,10,590.9492456510277
153287,1,1,8,832.7658977876783
153293,1,1,6,490.3574854665437
153300,1,1,6,778.4304094585925
153316,1,1,2,263.0850554809609
153324,1,1,5,0.42645457969393247
153339,1,1,10,459.0334964863738
153352,1,1,5,0.42645457969393247
153355,1,1,2,305.2302864064508
153373,1,1,10,500.5682100793261
153377,1,1,6,574.1181686653314
153389,1,1,7,82.23410525025396
153392,1,1,9,569.6463285484249
153428,1,1,6,571.7164177633755
153446,1,1,8,289.9635700297189
153449,1,1,1,673.3405609943842
153467,0,1,0,0.1458356950839944
153481,1,1,8,246.35139112624535
153500,1,1,3,87.08234833320573
153530,1,1,8,289.0864888529407
153535,1,1,4,0.42645458358136
153543,1,1,8,885.8673818605043
153549,1,1,6,599.0532255334191
153556,1,1,4,0.42645458358136
153568,1,1,8,925.1347145889586
153599,1,1,10,354.20270814058773
153601,1,1,4,0.42645458358136
153602,1,1,9,893.6027513699452
153610,1,1,7,9.326834616006861
153620,1,1,9,538.6977707857508
153623,1,1,6,641.4332139633037
153646,1,1,9,728.8029288588505
153656,1,1,9,263.5600752204847
153658,1,1,4,0.42645458358136
153682,1,1,5,0.42645457969393247
153700,1,1,5,0.42645456789925423
153715,1,1,10,177.49306327096633
153732,1,1,5,0.42645457969393247
153749,1,1,5,0.42645457969393247
153750,1,1,10,509.6756849798282
153751,1,1,5,0.42645457969393247
153754,1,1,4,0.42645458358136
153768,1,1,8,519.6960749554391
153773,1,1,9,620.0809662842212
153779,1,1,4,0.42645458358136
153791,1,1,9,320.0466264245238
153801,1,1,4,0.42645458358136
153808,1,1,9,242.24764331958025
153811,1,1,8,523.3208444040283
153828,1,1,9,454.90270599754757
153858,1,1,6,672.9563546244134
153867,1,1,7,137.3056782645092
153879,1,1,8,865.4835054354767
153887,1,1,4,0.42645458358136
153894,1,1,7,111.45258770332568
153896,1,1,10,348.5953019673606
153898,1,1,9,515.5522625249002
153899,1,1,6,456.60711076527053
153905,1,1,5,0.42645457969393247
153908,1,1,1,720.4244329404809
153932,1,1,6,146.80765645852364
153937,0,1,0,0.13979967477510932
153952,1,1,5,0.42645457969393247
153967,1,1,9,567.0788585828392
153970,1,1,9,865.9624511794972
153977,1,1,9,806.3907691747579
153982,1,1,10,626.4893783165253
153987,1,1,6,807.117726723361
153990,1,1,4,0.4264545919581291
153992,1,1,9,459.18972466634614
153995,1,1,4,0.42645458358136
154005,1,1,5,0.42645457969393247
154012,1,1,5,0.42645457969393247
154027,1,1,9,656.0054241101302
154040,1,1,7,71.62545967498522
154052,1,1,8,521.3525966902927
154063,1,1,6,776.9397568095244
154096,1,1,5,0.42645457969393247
154097,1,1,7,14.099440451604929
154108,1,1,4,0.42645458358136
154111,1,1,3,74.89338199070127
154113,1,1,6,356.38010566461384
154121,1,1,9,222.91028271228575
154123,1,1,10,722.1888985596337
154140,1,1,9,472.12750902179937
154153,1,1,8,537.9713499587992
154159,1,1,9,477.5071729188617
154161,1,1,10,325.3467319802019
154162,1,1,4,0.42645458358136
154165,1,1,2,226.86183875381093
154176,1,1,8,574.955953439756
154189,1,1,5,0.42645457969393247
154204,1,1,4,0.42645458358136
154238,1,1,7,77.56735233823383
154242,1,1,9,336.09886495565235
154251,1,1,9,91.2716648291741
154254,1,1,5,0.42645457969393247
154260,1,1,4,0.42645458358136
154269,1,1,10,319.2074881127
154271,1,1,10,341.5052145279522
154284,1,1,10,385.05981860860885
154292,1,1,4,0.42645458358136
154308,1,1,7,158.49368381931555
154314,1,1,1,543.8549848815481
154334,1,1,5,0.42645457969393247
154340,1,1,1,237.7599388510403
154353,1,1,5,0.42645457969393247
154391,1,1,5,0.42645457969393247
154393,1,1,8,711.8026790665905
154436,1,1,8,812.8135876422731
154440,1,1,5,0.42645457969393247
154458,1,1,9,565.6977205724662
154468,1,1,4,0.42645458358136
154472,1,1,9,801.2856423012297
154481,1,1,4,0.42645457969393247
154484,1,1,9,757.4630047156073
154495,0,1,0,0.12942291241182738
154514,1,1,1,393.56164001915243
154515,1,1,5,0.42645457969393247
154530,1,1,6,487.8630739483128
154538,1,1,4,0.42645458358136
154539,1,1,9,326.382871627749
154546,1,1,10,566.1201179851638
154548,1,1,1,632.4129978390204
154552,1,1,10,210.35471854975302
154578,1,1,4,0.42645458358136
154591,1,1,2,336.5292993701817
154603,1,1,1,426.19646867146855
154631,1,1,6,548.2332225745656
154634,1,1,1,360.12110603913385
154635,1,1,8,253.87802383157563
154645,1,1,8,454.9753067702726
154652,1,1,6,333.5364930605075
154655,1,1,9,632.1375084444348
154690,1,1,9,354.5386734078355
154693,1,1,9,427.25501329132476
154699,1,1,8,526.7818613514517
154703,1,1,6,589.661661477879
154704,1,1,5,0.42645457969393247
154709,1,1,9,635.4894109058954
154741,1,1,8,712.341180152196
154753,1,1,10,257.47552932434564
154762,1,1,10,699.8196598355433
154778,1,1,10,618.4640082085004
154781,0,1,0,0.11839101163717124
154783,1,1,1,237.32734610027492
154786,1,1,10,626.1337652995599
154802,1,1,6,614.1385192813224
154808,1,1,6,232.6984783085624
154823,1,1,4,0.42645458358136
154833,1,1,9,291.10059060945053
154834,1,1,6,453.57176596144
154835,1,1,4,0.42645458358136
154839,1,1,6,748.6148999315101
154844,1,1,4,0.42645458358136
154845,1,1,9,460.2966806873463
154847,1,1,6,210.88150148079265
154850,1,1,10,402.0139156615079
154853,1,1,10,720.1390011674987
154873,1,1,10,720.1064722680184
154877,1,1,8,389.9195551708782
154882,1,1,10,505.836555328313
154886,1,1,9,800.933260032507
154893,1,1,6,721.879822568759
154907,1,1,10,617.3998830161199
154918,1,1,1,463.3555764892225
154922,1,1,9,413.0135748647397
154966,1,1,8,292.8253939930106
154991,1,1,9,293.6215250356652
154992,1,1,5,0.42645457969393247
154996,1,1,6,276.7202702122163
155004,1,1,9,450.4491817641359
155024,1,1,9,258.59579091349036
155033,1,1,6,767.865931823602
155042,1,1,9,675.770414045492
155044,1,1,7,83.36720457389782
155084,1,1,9,554.0842658127115
155088,1,1,9,825.5401737496147
155101,1,1,8,825.8563213250656
155104,1,1,6,500.0867335257329
155107,1,1,7,61.0690175699924
155116,1,1,4,0.42645458358136
155117,1,1,9,824.8271734310719
155144,1,1,4,0.42645458358136
155145,1,1,9,743.757588107674
155148,1,1,9,645.9072064066087
155160,1,1,9,771.6763318924989
155162,1,1,9,459.06072972563305
155170,1,1,8,201.43059460646052
155172,1,1,10,719.9019927871682
155176,1,1,9,547.1671083459544
155178,1,1,9,850.2871808987126
155182,1,1,9,45.87384417330666
155186,1,1,2,461.1668453801929
155213,1,1,10,721.2956224017397
155227,1,1,6,666.3599652956116
155255,1,1,8,532.3687224934152
155259,1,1,7,94.40861201407837
155283,1,1,10,553.5710836772846
155307,1,1,5,0.42645457969393247
155316,1,1,5,0.42645457969393247
155326,1,1,10,255.39310531206493
155329,1,1,2,243.22301729182132
155344,1,1,8,671.7432818297364
155357,1,1,6,129.48099977440114
155366,1,1,8,424.56728952779065
155369,1,1,2,384.0053647578088
155374,1,1,1,599.8584206262665
155391,1,1,9,860.1081181794516
155396,1,1,6,463.86247205957375
155409,1,1,8,898.7696064738614
155420,1,1,5,0.42645457969393247
155432,1,1,5,0.42645457969393247
155456,1,1,5,0.42645457969393247
155460,1,1,9,779.0999940487897
155472,1,1,1,568.992245979757
155480,1,1,4,0.42645458358136
155493,1,1,9,596.3396929307683
155502,1,1,8,515.5449202508489
155513,1,1,4,0.42645458358136
155515,1,1,8,732.70941202922
155517,1,1,8,556.3834396212629
155527,1,1,4,0.42645458358136
155541,1,1,4,0.42645458358136
155542,1,1,4,0.42645458358136
155544,1,1,4,0.42645458358136
155565,1,1,8,809.0196121115212
155570,1,1,4,0.4264545919581291
155577,1,1,5,0.42645456789925423
155612,1,1,8,454.83531686591743
155643,1,1,8,495.538821389249
155644,1,1,9,358.9681187653446
155649,1,1,6,366.63534160164767
155656,1,1,3,54.891601290034735
155657,1,1,7,71.81273804231424
155662,1,1,9,792.0034542262447
155666,1,1,9,334.7811319754067
155682,1,1,9,612.5802216428963
155696,1,1,4,0.42645458358136
155704,1,1,10,539.4664486890044
155706,1,1,9,537.1686667632744
155710,1,1,4,0.42645458358136
155714,1,1,5,0.42645457969393247
155715,1,1,9,479.2740638538777
155729,1,1,4,0.42645458358136
155734,1,1,10,360.21345011567826
155740,1,1,4,0.42645458358136
155749,1,1,4,0.42645458358136
155757,1,1,2,268.7974040632201
155771,1,1,5,0.42645457969393247
155781,1,1,4,0.42645457969393247
155782,1,1,9,158.94744729508483
155791,1,1,4,0.42645458358136
155797,1,1,9,750.4518893946209
155828,1,1,7,98.68302806765708
155843,1,1,2,407.1231640086784
155850,1,1,5,0.42645457969393247
155856,1,1,9,602.2271992106089
155858,1,1,5,0.42645457969393247
155861,1,1,5,0.42645456789925423
155864,1,1,9,597.5402662779902
155866,1,1,4,0.42645458358136
155876,1,1,9,874.6794448628235
155881,1,1,10,253.17806644322917
155886,1,1,5,0.42645457969393247
155895,1,1,8,528.1873045644026
155907,1,1,10,614.4884418701522
155936,1,1,8,209.26445118000888
155942,1,1,9,839.9100551569763
155946,1,1,8,941.1844641459095
155963,1,1,5,0.42645457969393247
155985,1,1,9,876.7183730504478
155997,1,1,10,297.25262656729217
156005,1,1,2,328.43139195159426
156010,1,1,8,792.0499857649207
156020,1,1,5,0.42645457969393247
156037,1,1,4,0.42645458358136
156048,1,1,9,356.7670573959777
156076,1,1,5,0.42645457969393247
156101,1,1,8,234.11999221730483
156102,1,1,3,58.5631065436362
156118,1,1,5,0.42645457969393247
156151,1,1,6,801.3224104572083
156152,1,1,5,0.42645457969393247
156155,1,1,10,278.7731380545723
156166,1,1,9,709.4840883120816
156172,1,1,8,177.65866817951937
156173,1,1,6,476.13681108254815
156174,1,1,4,0.42645458358136
156202,1,1,1,654.1794646991461
156208,1,1,10,399.22721713154573
156216,1,1,5,0.42645456789925423
156222,1,1,10,360.9844130776822
156223,1,1,1,713.7837398350874
156266,1,1,5,0.42645457969393247
156270,1,1,2,230.16548511849075
156273,1,1,6,796.6254650898746
156289,1,1,6,339.63146008889845
156298,1,1,9,537.3351879107101
156305,1,1,2,86.94745257313964
156311,1,1,10,383.26606508902984
156349,1,1,3,40.7069741769846
156352,1,1,6,767.2256688204167
156364,1,1,1,692.0241220627737
156367,1,1,8,567.0701967411671
156381,1,1,10,626.6236597873723
156396,1,1,5,0.42645457969393247
156405,1,1,10,97.46350500369826
156407,1,1,10,718.2519087122797
156410,1,1,10,88.53665836967785
156421,1,1,6,802.4151453378934
156430,1,1,9,634.8050201437718
156432,1,1,1,284.1880299507143
156435,1,1,9,794.9687880983804
156448,1,1,8,928.303527971145
156455,1,1,4,0.42645458358136
156459,1,1,5,0.42645457969393247
156511,1,1,5,0.42645457969393247
156512,1,1,4,0.42645458358136
156532,1,1,10,616.2746439118686
156536,1,1,6,770.8344038948735
156540,1,1,4,0.42645458358136
156541,1,1,9,30.854438197898382
156548,1,1,7,18.11576693935052
156572,1,1,5,0.42645456789925423
156577,1,1,6,310.12586761501836
156598,1,1,1,602.3206045634876
156675,1,1,5,0.42645457969393247
156676,1,1,8,531.9011363524495
156691,1,1,10,371.8750659239466
156694,1,1,8,170.71043396036154
156700,1,1,10,464.8324393930582
156703,1,1,8,576.8606103529887
156728,1,1,5,0.42645457969393247
156730,1,1,8,909.7972693940928
156734,1,1,8,730.4239550286584
156743,1,1,5,0.42645457969393247
156744,1,1,4,0.42645457969393247
156747,1,1,3,93.94387781231231
156769,0,1,0,0.22595233210921262
156772,1,1,6,290.26394783744803
156787,1,1,9,477.0670641697531
156796,1,1,5,0.42645457969393247
156837,1,1,8,325.52350132181033
156843,1,1,8,573.099260944456
156845,1,1,6,503.77765640306296
156847,1,1,7,121.7698098503951
156850,1,1,8,543.6040524500793
156864,1,1,4,0.42645458358136
156878,1,1,9,484.8713644289812
156894,1,1,1,220.06880912131538
156916,1,1,9,599.5816298363986
156920,1,1,4,0.42645458358136
156927,1,1,9,533.6589812003045
156934,1,1,4,0.42645458358136
156946,1,1,1,441.5487285517875
156961,1,1,1,598.679758330008
156968,1,1,9,571.2315345443802
156993,1,1,9,887.1353689621855
157005,1,1,7,161.78338822603376
157008,1,1,8,476.0179673391839
157019,1,1,4,0.42645458358136
157025,1,1,1,630.4152496016644
157026,1,1,7,95.6217750540938
157029,1,1,6,779.2746339137452
157034,1,1,1,542.2109634434712
157037,1,1,8,617.5322360872151
157047,1,1,9,832.1217429840171
157064,1,1,9,874.7923953511882
157076,1,1,6,737.9597901574352
157077,1,1,9,876.665334798479
157080,1,1,4,0.42645458358136
157084,1,1,9,232.07185570735084
157088,1,1,9,875.4888625627143
157089,1,1,6,546.9636299070207
157096,1,1,4,0.42645458358136
157098,1,1,3,89.28159768946516
157110,1,1,8,684.7815769633605
157126,1,1,6,486.0273092327803
157149,1,1,10,660.3444118679715
157153,1,1,1,317.7701010401395
157161,1,1,7,167.88908991954008
157162,1,1,10,124.21027517870309
157168,1,1,8,335.24999105435893
157172,1,1,8,568.8039348776708
157178,1,1,3,52.66494438619828
157183,1,1,1,316.4037841645137
157192,1,1,6,720.8946106094909
157198,1,1,8,896.4378571459737
157201,1,1,4,0.42645458358136
157203,1,1,9,379.5550477823161
157217,1,1,6,622.6627785935582
157245,1,1,4,0.42645458358136
157261,1,1,2,377.15154084769614
157266,1,1,9,882.5003669815965
157272,1,1,4,0.42645458358136
157274,1,1,1,492.0871925295045
157279,1,1,3,56.81067136683281
157292,1,1,6,716.7592950248705
157294,1,1,5,0.42645457969393247
157313,1,1,4,0.42645458358136
157314,1,1,9,208.63638761725753
157327,1,1,10,314.6932877150455
157353,1,1,9,493.0313521264342
157360,1,1,5,0.42645457969393247
157363,1,1,6,182.079036565374
157365,1,1,5,0.42645457969393247
157394,1,1,9,195.1019770731738
157395,1,1,1,197.862106232326
157417,1,1,6,246.34983280420687
157426,1,1,6,615.7139044894296
157436,1,1,8,794.2447861802773
157438,1,1,2,128.34658647716327
157439,1,1,8,523.6983398701333
157464,1,1,10,280.9067369125513
157474,1,1,4,0.42645458358136
157478,1,1,6,562.5736523149279
157483,1,1,2,451.8197145687274
157502,1,1,10,482.0913267646562
157520,1,1,3,87.67742542930495
157521,1,1,6,554.561641963331
157526,1,1,9,831.0141377256683
157530,1,1,10,528.7629999321985
157545,1,1,3,90.7348475290382
157554,1,1,9,194.32534927406903
157559,1,1,9,813.187579845911
157563,1,1,9,387.5561561312526
157573,1,1,4,0.42645458358136
157578,1,1,9,487.7032663738568
157583,1,1,6,495.08841322510085
157602,1,1,2,418.7170622288347
157603,1,1,10,548.6290935958591
157641,1,1,3,89.90346241290388
157645,1,1,8,745.7669881903314
157650,1,1,4,0.42645457969393247
157655,1,1,8,573.116701497444
157666,1,1,5,0.42645457969393247
157673,1,1,9,459.2624661737005
157715,1,1,8,784.4125405385421
157726,0,1,0,0.10501090842095281
157728,1,1,9,615.4069678180689
157730,1,1,9,538.7068111649467
157731,1,1,8,394.39906064010376
157742,1,1,2,474.5071227649866
157744,1,1,6,641.3565055483659
157762,1,1,6,785.1286440498143
157771,1,1,4,0.42645458358136
157794,1,1,8,202.68137696581164
157813,1,1,10,716.1017794898997
157815,1,1,10,296.6105755575198
157818,0,1,0,0.09858322228796008
157827,1,1,6,510.16846579150774
157861,1,1,8,317.448391726082
157863,1,1,8,519.2573372910995
157866,1,1,8,765.3157337420148
157879,1,1,9,529.2874420511166
157885,1,1,6,167.8065969315906
157890,1,1,9,593.5510149560248
157894,1,1,9,346.02813581471713
157896,1,1,4,0.42645458358136
157917,1,1,5,0.42645457969393247
157922,1,1,6,728.4718624088415
157924,1,1,5,0.42645457969393247
157925,1,1,9,188.71628781982702
157927,1,1,4,0.42645458358136
157931,1,1,1,722.1987027957751
157958,1,1,8,669.1162144483411
157961,1,1,1,456.72057558179495
157963,1,1,5,0.42645457969393247
157973,1,1,9,765.8198606848968
157980,1,1,9,794.1063903339638
157990,1,1,7,93.33789524323795
157998,1,1,9,153.4185402845662
158007,1,1,4,0.42645458358136
158051,1,1,8,535.3212169109476
158067,1,1,9,463.60626409941915
158087,1,1,8,200.76735596353038
158090,1,1,3,89.51418610902793
158092,1,1,10,257.4228276508304
158100,1,1,4,0.42645458358136
158105,1,1,6,779.3144674245733
158106,1,1,4,0.42645458358136
158112,1,1,8,868.2548047335094
158135,1,1,4,0.4264545919581291
158183,1,1,3,91.99655091107743
158190,1,1,8,916.3542206652266
158248,1,1,8,345.6514366572387
158258,1,1,3,60.577161277555305
158263,1,1,10,606.0991993447259
158266,1,1,8,319.26222985868105
158281,1,1,5,0.42645457969393247
158282,1,1,8,629.0785585858787
158298,1,1,6,652.8060219974059
158301,1,1,9,432.5607902785433
158302,1,1,10,181.2005789508931
158309,1,1,8,606.2269657204315
158313,1,1,6,271.373617925552
158322,1,1,6,491.7771956993408
158325,1,1,4,0.42645458358136
158327,1,1,6,772.7270660686842
158330,1,1,8,623.3491164170473
158333,1,1,4,0.42645458358136
158347,1,1,6,423.2564623686134
158348,1,1,8,911.0261679347454
158357,1,1,6,230.36216404915112
158376,1,1,9,629.3352994664211
158380,1,1,9,161.65303520901873
158385,1,1,1,752.6695604210636
158405,1,1,4,0.42645458358136
158415,1,1,5,0.42645457969393247
158422,1,1,8,159.18575262785458
158434,1,1,4,0.42645458358136
158435,1,1,9,162.01198445194382
158455,1,1,8,658.8050000128229
158466,1,1,10,499.1093276778325
158467,1,1,6,506.03462274797545
158479,1,1,2,327.2041316963615
158481,1,1,9,456.5000655662444
158482,1,1,2,200.4535949546583
158497,1,1,5,0.42645457969393247
158505,1,1,9,581.6075532844463
158532,1,1,8,651.3040769073394
158533,1,1,5,0.42645457969393247
158534,1,1,10,313.80781736433914
158537,1,1,1,635.9632422459454
158538,1,1,4,0.42645458358136
158571,1,1,4,0.42645458358136
158592,1,1,4,0.42645458358136
158594,1,1,5,0.42645457969393247
158613,1,1,8,729.8375769198731
158620,1,1,7,38.34651638295887
158633,1,1,8,566.2597730860435
158642,1,1,9,810.8777015366456
158658,1,1,6,444.40061220675284
158671,1,1,9,373.3833610613069
158672,1,1,1,546.1408190448324
158686,1,1,6,788.9179737660564
158733,1,1,1,604.8470031971649
158738,1,1,5,0.42645457969393247
158739,1,1,4,0.42645458358136
158763,1,1,9,510.0809643578095
158769,1,1,1,499.9585038464922
158774,1,1,8,822.7794472790987
158781,1,1,9,803.0042226436819
158785,1,1,5,0.42645457969393247
158792,1,1,4,0.42645458358136
158825,1,1,4,0.42645458358136
158838,1,1,2,375.20855217626604
158849,1,1,8,707.2606036396468
158857,1,1,6,519.4577961822765
158863,1,1,9,69.53650751836354
158864,1,1,4,0.42645458358136
158867,1,1,1,279.1901660806996
158875,1,1,9,329.3440125106185
158884,1,1,10,242.95292156964013
158898,1,1,6,783.437917300157
158903,1,1,6,239.27940498207627
158911,1,1,9,614.8755321429475
158938,1,1,9,759.7571461782869
158945,1,1,10,517.3952461586576
158950,1,1,6,538.6523176569256
158965,1,1,8,809.0970084041074
158971,1,1,3,60.445391798608945
158984,1,1,10,278.9758864851942
158998,1,1,6,751.7815323879423
159024,1,1,4,0.42645458358136
159034,1,1,5,0.42645457969393247
159035,1,1,8,473.81532034567743
159040,1,1,4,0.42645458358136
159047,1,1,9,845.4985824190394
159050,1,1,10,656.9037505380205
159051,1,1,9,370.93799878300564
159054,1,1,9,213.63949146340622
159078,1,1,9,591.0791683685163
159081,1,1,5,0.42645457969393247
159082,1,1,9,588.152313179648
159087,1,1,4,0.42645458358136
159093,1,1,9,488.3196496654342
159109,0,1,0,0.11202226284383913
159116,1,1,4,0.4264545919581291
159117,1,1,10,123.77123650551952
159125,1,1,9,867.9477825428846
159188,1,1,4,0.42645458358136
159199,1,1,8,834.8857039174036
159206,1,1,8,903.2655936588183
159214,1,1,8,176.79479697420405
159220,1,1,3,69.30187033672647
159229,1,1,8,375.97099222858714
159230,1,1,10,351.0832216494463
159242,1,1,1,252.50931150846847
159249,1,1,8,707.1604771439455
159250,1,1,5,0.42645457969393247
159252,1,1,7,71.20298291639243
159254,1,1,3,85.7694486989335
159264,1,1,8,644.1418052554183
159275,1,1,8,647.1576067862106
159283,1,1,5,0.42645457969393247
159297,1,1,4,0.42645458358136
159298,1,1,3,87.3894934301922
159319,1,1,6,203.7667758987818
159323,1,1,8,927.7304396585198
159366,1,1,10,517.5568750632501
159375,1,1,9,709.5492226857299
159378,1,1,4,0.42645458358136
159385,1,1,10,723.4056878083137
159401,1,1,10,315.379254236432
159407,1,1,9,371.8326017036896
159418,1,1,5,0.42645457969393247
159426,1,1,4,0.42645458358136
159440,1,1,8,523.5853339454173
159473,1,1,4,0.42645458358136
159491,1,1,5,0.42645456789925423
159495,1,1,7,37.987698977552476
159521,1,1,4,0.42645458358136
159526,1,1,2,96.25389028720795
159558,1,1,8,923.1551534158704
159561,1,1,4,0.42645458358136
159570,1,1,6,720.0026440693224
159573,1,1,6,259.43851548669056
159580,1,1,5,0.42645457969393247
159586,1,1,5,0.42645457969393247
159614,1,1,5,0.42645457969393247
159618,1,1,3,87.96558311367137
159629,1,1,8,232.72841802941227
159631,1,1,7,80.37193260947535
159638,1,1,1,404.9185133950023
159651,1,1,9,418.4004887771168
159659,1,1,8,794.5023269134025
159660,1,1,8,518.1190221944028
159676,1,1,4,0.42645458358136
159680,1,1,8,631.4309830782446
159684,1,1,6,418.42754096562504
159687,1,1,8,219.66851551464362
159714,1,1,4,0.42645458358136
159715,1,1,6,515.6379221190456
159719,1,1,9,565.8485879314887
159725,1,1,4,0.42645458358136
159728,1,1,7,101.23797983243425
159762,1,1,10,312.6619491305799
159774,1,1,10,181.85936656163653
159776,1,1,9,486.88926212804125
159779,1,1,6,692.3198252722667
159780,1,1,8,837.839433193054
159793,1,1,9,657.6903953670638
159795,1,1,10,682.1127503186249
159808,1,1,6,721.4694899130258
159809,1,1,9,386.3134510625737
159815,1,1,5,0.42645457969393247
159833,1,1,9,741.3603192992739
159835,1,1,8,612.950466593532
159836,1,1,9,79.57285728051482
159851,1,1,8,141.65754260559686
159853,1,1,1,637.8984507544999
159855,1,1,7,173.75091303605305
159860,1,1,9,870.2808882889668
159871,1,1,1,177.00790334818157
159910,1,1,5,0.42645457969393247
159921,1,1,5,0.42645457969393247
159923,1,1,8,311.45927521419463
159930,1,1,4,0.42645458358136
159967,1,1,8,739.2341543402008
159975,1,1,4,0.42645458358136
159978,1,1,5,0.42645457969393247
159989,1,1,7,76.30850137439985
160016,1,1,6,401.67796548735555
160018,1,1,4,0.42645458358136
160033,1,1,8,680.6647606686292
160035,1,1,6,526.6667242963749
160040,1,1,6,740.4695538311279
160049,1,1,9,856.8378161693463
160054,1,1,9,379.69737484940777
160065,1,1,8,854.4361091572383
160074,1,1,8,334.8949863994819
160075,1,1,9,734.8421610884819
160085,1,1,5,0.42645457969393247
160090,1,1,8,719.8660104504495
160110,1,1,9,500.42934717526003
160122,1,1,8,866.702428735035
160126,1,1,5,0.42645457969393247
160134,1,1,9,773.9118833368196
160142,1,1,6,343.93371617428846
160144,1,1,9,874.4254479962902
160146,1,1,8,705.3577399889747
160161,1,1,5,0.42645457969393247
160164,1,1,9,547.6036705200117
160169,1,1,9,84.66878150011786
160179,1,1,6,331.58765396459904
160189,1,1,4,0.42645458358136
160197,1,1,2,236.88217452616482
160206,1,1,1,221.2387022825664
160211,1,1,5,0.42645457969393247
160231,1,1,1,464.26105403682544
160237,1,1,5,0.42645457969393247
160265,1,1,10,272.8862643155906
160267,1,1,6,491.7322738904531
160272,1,1,4,0.42645458358136
160274,1,1,8,372.20106512160413
160281,1,1,7,32.62599480415085
160288,1,1,1,518.7234318920557
160302,1,1,9,517.2652793282517
160303,1,1,9,698.4208832292783
160305,1,1,9,757.8428334559599
160319,1,1,2,389.07287319352884
160322,1,1,9,882.011840030677
160341,1,1,9,163.02969902207712
160373,1,1,9,422.0597091434431
160396,1,1,10,615.2061817065118
160401,1,1,6,451.5343778319531
160408,1,1,10,339.0678162162918
160415,1,1,8,640.8910796804058
160440,1,1,5,0.42645457969393247
160452,1,1,5,0.42645457969393247
160458,1,1,1,411.3886791047285
160474,1,1,5,0.42645457969393247
160488,1,1,1,742.834032757713
160492,1,1,6,718.8583302637991
160513,1,1,6,587.4682290792483
160522,1,1,8,942.8386106533272
160528,1,1,7,115.85079217007707
160536,1,1,8,374.3773351726731
160581,1,1,4,0.42645458358136
160596,1,1,9,810.3435243479682
160599,1,1,8,838.7763772470864
160604,1,1,6,317.1401755013596
160610,1,1,10,472.66010169198813
160619,1,1,10,488.03670637119683
160653,1,1,9,545.1133773472836
160665,1,1,8,449.56655526569176
160683,1,1,8,324.6097626713089
160709,1,1,7,142.2015605641722
160733,1,1,8,365.38225118835635
160742,1,1,6,491.97915513966586
160748,1,1,9,548.0163497252782
160784,1,1,9,310.4911881169298
160788,1,1,4,0.42645458358136
160803,1,1,5,0.42645457969393247
160816,1,1,8,603.7043117102185
160820,1,1,9,843.4612710870174
160842,1,1,9,600.1100319387241
160845,1,1,9,812.4058406951267
160857,1,1,9,386.8876134145609
160866,1,1,8,163.05657894654226
160872,1,1,6,661.6678876803935
160881,1,1,2,468.5888668466196
160883,1,1,4,0.42645458358136
160909,1,1,8,922.4433383372065
160912,1,1,2,74.82408920423394
160914,1,1,10,613.4007172699181
160923,1,1,4,0.42645458358136
160930,1,1,5,0.42645457969393247
160935,1,1,5,0.42645457969393247
160940,1,1,9,710.5770581554713
160956,1,1,8,324.11890306145074
160969,1,1,10,414.9064336443633
160980,1,1,5,0.42645457969393247
160993,1,1,10,109.52660463604782
161026,1,1,7,45.713600747551304
161028,1,1,8,500.71574421089554
161031,1,1,8,573.4344471503096
161049,1,1,9,642.8815822644582
161095,1,1,9,624.0918252142606
161096,1,1,10,153.81309006961519
161097,1,1,10,723.225707542012
161101,1,1,10,653.1243884292944
161119,1,1,4,0.42645458358136
161139,1,1,6,690.6883658890838
161141,1,1,6,759.4953312234003
161149,1,1,5,0.42645457969393247
161150,1,1,6,752.7490038702732
161152,1,1,7,117.36762272670845
161157,1,1,3,48.86490177123078
161158,1,1,6,420.8648316643268
161161,1,1,9,691.4893166636936
161165,1,1,8,606.3783362659278
161191,1,1,10,720.4749568724455
161199,1,1,4,0.42645458358136
161214,1,1,8,645.0652557191747
161225,1,1,8,151.49377580441987
161232,1,1,8,865.2004902640816
161247,1,1,3,88.39466223347877
161251,1,1,9,563.4787842852787
161253,1,1,10,315.874380917308
161262,1,1,4,0.42645458358136
161270,1,1,9,686.3298410626265
161273,1,1,6,534.6721166867545
161281,1,1,10,402.4336032595698
161290,1,1,8,234.72664172678978
161295,1,1,5,0.42645457969393247
161308,1,1,9,297.3961080594397
161320,1,1,10,431.6261098446274
161330,1,1,2,463.26051626871566
161345,1,1,10,182.99156047417853
161352,1,1,4,0.42645458358136
161355,1,1,5,0.42645457969393247
161364,1,1,10,442.9493450423935
161374,1,1,8,410.42780142700155
161384,1,1,6,380.1719129299691
161397,1,1,5,0.42645457969393247
161404,0,1,0,0.24115548595384412
161427,1,1,8,733.0752200088775
161448,1,1,7,61.05746768600514
161453,1,1,5,0.42645457969393247
161470,1,1,9,693.6617739763748
161483,1,1,4,0.4264545919581291
161486,1,1,10,721.7527390719954
161497,1,1,5,0.42645457969393247
161504,1,1,3,39.089151456545366
161510,1,1,10,669.0610423782535
161515,1,1,5,0.42645457969393247
161521,1,1,6,749.1207770177197
161524,1,1,9,811.2775863168308
161540,1,1,1,223.3424629895703
161554,1,1,8,649.2182803480036
161562,1,1,4,0.42645458358136
161564,1,1,5,0.42645457969393247
161567,1,1,8,411.83654899685035
161584,1,1,1,370.9257201423669
161589,1,1,6,783.1507596409699
161595,1,1,10,180.40816149826475
161599,1,1,6,746.9100104824884
161614,1,1,10,436.6867793019908
161622,1,1,9,820.4463559000561
161637,1,1,5,0.42645457969393247
161658,1,1,8,544.2221270987856
161661,1,1,9,845.0994985901187
161669,1,1,10,718.9630233693094
161679,1,1,5,0.42645457969393247
161685,1,1,5,0.42645457969393247
161687,1,1,9,88.58943805955305
161693,1,1,10,409.1785491180111
161719,1,1,4,0.42645458358136
161734,1,1,9,298.81772557008094
161746,1,1,4,0.42645458358136
161764,1,1,9,879.2252437591487
161767,1,1,9,836.8258362522706
161783,1,1,9,618.5836680843338
161789,0,1,0,0.2246299056136631
161801,1,1,8,549.0562972920179
161805,1,1,9,583.0824461816458
161811,1,1,6,394.93328101312676
161820,1,1,1,486.2566248513981
161831,1,1,8,943.1306979095532
161847,1,1,5,0.42645457969393247
161856,1,1,4,0.42645458358136
161888,1,1,4,0.42645458358136
161890,1,1,9,126.15506887626879
161895,1,1,5,0.42645457969393247
161912,1,1,8,915.1021557848753
161936,1,1,7,108.83528344311661
161937,1,1,9,21.85611795854565
161952,1,1,9,522.590028665665
161967,1,1,9,444.2134042821523
161974,1,1,10,456.00784687193067
161987,1,1,8,420.3666924457368
161988,1,1,10,460.65553588624346
162017,1,1,8,500.3395883872642
162023,1,1,7,124.06203291657054
162038,1,1,5,0.42645457969393247
162075,1,1,3,85.6741083899221
162076,1,1,6,700.3556402102113
162085,1,1,3,80.51647778791953
162113,1,1,10,618.9858075673003
162118,1,1,9,684.436241343037
162122,1,1,6,797.6146341471651
162124,1,1,2,353.00474230194095
162133,1,1,6,164.28031157068204
162134,1,1,8,354.53337215488483
162137,1,1,5,0.42645456789925423
162139,1,1,10,362.29966405391673
162140,1,1,1,604.5345471807548
162149,1,1,4,0.42645458358136
162162,1,1,6,701.5224372635928
162180,1,1,5,0.42645457969393247
162182,1,1,5,0.42645457969393247
162190,1,1,9,863.6526714465507
162192,1,1,9,368.6385549737918
162198,1,1,6,510.5029965930221
162207,1,1,5,0.42645457969393247
162209,1,1,5,0.42645457969393247
162217,1,1,3,84.63628788217342
162247,1,1,6,733.8212078862265
162252,1,1,6,226.388064557236
162266,1,1,1,670.947067772064
162277,1,1,10,360.87413520396075
162282,1,1,5,0.42645457969393247
162297,1,1,4,0.42645458358136
162302,1,1,6,483.8328744589032
162316,1,1,6,737.6539867091772
162326,1,1,9,448.60988463033965
162339,1,1,9,56.14991801747064
162345,1,1,6,399.82437987760693
162370,1,1,8,662.2011880799623
162377,1,1,9,688.3349474468904
162382,1,1,3,93.8504677457222
162391,1,1,4,0.42645458358136
162410,1,1,10,668.8557900787015
162416,1,1,8,839.6790820914132
162420,1,1,7,73.5417692170319
162426,1,1,5,0.42645457969393247
162452,1,1,7,59.03342307073578
162453,1,1,9,146.0279252862007
162463,1,1,9,383.7333106574365
162470,1,1,9,642.9306172617078
162473,1,1,10,238.9518006829227
162474,1,1,6,389.45844367382307
162476,1,1,8,393.1791914292902
162480,1,1,9,362.7284869319456
162487,1,1,8,494.7559582391167
162525,1,1,5,0.42645457969393247
162530,1,1,4,0.42645458358136
162542,1,1,5,0.42645457969393247
162545,1,1,4,0.42645458358136
162547,1,1,8,442.00401774943987
162563,1,1,10,718.4279707426657
162589,1,1,5,0.42645457969393247
162595,1,1,2,452.8422697960415
162604,1,1,5,0.42645457969393247
162629,1,1,10,209.43573424766078
162633,1,1,10,510.96049265039
162649,1,1,10,487.7782581660801
162650,1,1,6,783.0620464665484
162657,1,1,4,0.42645458358136
162660,1,1,3,92.47121301875694
162668,1,1,9,852.316292304456
162674,1,1,7,168.71214704398295
162692,1,1,7,169.2483677402304
162694,1,1,5,0.42645457969393247
162700,1,1,1,703.0543627439189
162708,1,1,7,119.30654098340891
162722,1,1,4,0.42645458358136
162724,1,1,5,0.42645457969393247
162744,1,1,5,0.42645456789925423
162754,1,1,9,879.1987846773757
162758,1,1,9,853.3951202165074
162768,1,1,8,551.035725990116
162798,1,1,7,13.709699732064912
162814,1,1,8,744.9560691236209
162816,1,1,8,573.4636517005218
162824,1,1,9,778.083224627734
162834,1,1,5,0.42645457969393247
162841,1,1,4,0.42645458358136
162846,1,1,10,412.7786413204634
162850,1,1,4,0.42645458358136
162925,1,1,9,856.0521861328056
162959,1,1,10,718.4311758686739
162980,1,1,4,0.42645458358136
162983,1,1,5,0.42645457969393247
162990,1,1,6,783.1692940900874
162992,1,1,6,270.66442943840485
163000,1,1,9,367.4905294385729
163001,1,1,6,469.752141094471
163020,1,1,4,0.42645458358136
163025,1,1,6,491.4325907194437
163026,1,1,9,748.0493420207783
163027,1,1,10,564.5277092651344
163030,1,1,7,60.121423096310465
163049,1,1,6,722.0699912682644
163053,1,1,6,742.2010875848463
163074,1,1,6,301.51678542745157
163111,1,1,4,0.42645458358136
163118,1,1,6,487.40046064847064
163129,1,1,8,308.4592786171571
163158,1,1,10,326.8445014627351
163174,1,1,4,0.4264545919581291
163190,1,1,7,90.60680203878242
163206,1,1,9,537.5269577567269
163221,1,1,9,62.720725355073
163226,1,1,6,797.5140317874601
163231,1,1,6,804.6781041344237
163232,1,1,5,0.42645457969393247
163233,1,1,6,526.6499439117882
163234,1,1,4,0.42645458358136
163242,1,1,9,676.4575537179667
163248,1,1,9,536.3212082894437
163264,1,1,10,711.1407441629714
163303,1,1,4,0.42645458358136
163312,1,1,9,402.6381068745796
163326,1,1,10,485.1163293329263
163328,1,1,4,0.42645458358136
163357,1,1,6,588.7564759424555
163360,1,1,7,83.60848092102334
163389,1,1,9,892.9514927185062
163395,1,1,5,0.42645457969393247
163412,1,1,5,0.42645457969393247
163424,1,1,8,268.5778584509958
163429,1,1,8,810.9424722194647
163436,1,1,9,814.5095769832324
163477,1,1,6,177.21221039396735
163513,1,1,8,886.2788235301796
163523,1,1,5,0.42645457969393247
163532,1,1,3,81.85912143334372
163535,1,1,6,561.8866882189842
163550,1,1,1,604.2917393235203
163562,1,1,4,0.42645458358136
163591,1,1,1,542.2607653695225
163597,1,1,6,437.1467663736876
163635,1,1,4,0.4264545919581291
163636,1,1,8,576.3848176611851
163645,1,1,6,704.146670637583
163657,1,1,9,189.23964481800954
163658,1,1,6,767.4195642338198
163669,1,1,5,0.42645457969393247
163675,1,1,10,660.4290417040581
163680,1,1,9,214.8827425962236
163687,1,1,8,394.493104864633
163700,1,1,5,0.42645457969393247
163711,1,1,10,455.3738653310119
163718,1,1,9,355.8210864426399
163730,1,1,5,0.42645457969393247
163751,1,1,6,655.4235005713487
163763,1,1,6,526.2085272883547
163764,1,1,9,458.3484017183972
163777,1,1,9,474.10646792027643
163783,1,1,5,0.42645457969393247
163796,1,1,9,532.2167413388865
163817,1,1,1,155.48507122808138
163829,1,1,5,0.42645457969393247
163832,1,1,4,0.42645458358136
163835,1,1,2,473.69687655199635
163836,1,1,8,634.9451937653105
163840,1,1,2,94.41860358270219
163843,1,1,5,0.42645457969393247
163852,1,1,8,854.5138451479498
163866,1,1,3,90.79575021079667
163870,1,1,9,313.5272698810162
163890,1,1,8,824.1062369828574
163926,1,1,7,161.44207522917768
163927,1,1,9,332.78625934254154
163940,1,1,6,666.2394261813411
163947,1,1,8,746.0376371910912
163959,1,1,8,534.490283859457
163963,1,1,9,588.2022998055874
163975,1,1,1,722.8781774462478
163987,1,1,9,836.5581553221656
163998,1,1,4,0.42645458358136
164018,1,1,5,0.42645457969393247
164026,1,1,8,793.6494168403052
164027,1,1,5,0.42645457969393247
164029,1,1,5,0.42645457969393247
164044,1,1,3,92.27024841423106
164048,1,1,4,0.42645458358136
164054,1,1,6,343.36359935884826
164056,1,1,10,720.9971533982638
164086,1,1,6,720.5064316159355
164091,1,1,8,886.1504181740492
164103,1,1,8,864.0276299801357
164119,1,1,1,571.2469984348678
164133,1,1,6,406.04473114586784
164134,1,1,8,343.4906814108654
164138,1,1,9,676.1252144910626
164142,1,1,6,720.9629957727548
164144,1,1,8,543.5960584673422
164166,1,1,9,419.66320881348423
164169,1,1,4,0.42645458358136
164170,1,1,6,804.4106848017602
164216,1,1,5,0.42645457969393247
164223,1,1,5,0.42645457969393247
164232,1,1,8,856.2215258414269
164261,1,1,7,98.29528152112188
164276,1,1,6,715.3120448074361
164308,1,1,9,707.2611727930505
164341,1,1,9,670.1111897648144
164351,1,1,8,893.8727115507036
164369,1,1,5,0.42645457969393247
164373,1,1,4,0.42645458358136
164375,1,1,8,825.2617217697704
164388,1,1,7,66.15826464558904
164394,1,1,9,547.0179649712807
164403,1,1,4,0.42645458358136
164413,1,1,8,865.3201809433401
164418,1,1,9,671.7702626464982
164443,1,1,9,638.801107966306
164448,1,1,6,522.57234543315
164453,1,1,5,0.42645457969393247
164468,1,1,6,150.22069189349605
164469,1,1,5,0.42645457969393247
164473,1,1,10,598.0595826646025
164476,1,1,10,136.09261279514232
164486,1,1,5,0.42645457969393247
164506,1,1,5,0.42645457969393247
164510,1,1,5,0.42645457969393247
164514,1,1,6,197.2379804628276
164554,1,1,10,417.4671707647645
164555,1,1,9,594.9464947733378
164562,1,1,9,849.1446453022708
164588,1,1,5,0.42645457969393247
164590,1,1,8,654.1574924753687
164593,1,1,9,445.82213354605557
164598,1,1,10,513.6073074765162
164602,1,1,10,415.2526968021219
164604,1,1,7,165.15825512236609
164617,1,1,1,376.74620342266564
164620,1,1,6,759.9730347056321
164621,1,1,4,0.42645458358136
164628,1,1,9,862.3023925810742
164634,1,1,8,172.76164299410377
164640,1,1,7,40.36054756504773
164645,1,1,4,0.42645458358136
164654,1,1,8,218.02336170871945
164661,1,1,5,0.42645457969393247
164667,1,1,8,654.1086282741725
164695,1,1,9,628.7990551197101
164698,1,1,8,268.4068081845345
164701,1,1,9,537.5423898332272
164709,1,1,10,236.60809233364375
164714,1,1,1,442.23974029429115
164725,1,1,10,244.07042698384578
164761,1,1,8,671.9193640517583
164790,1,1,6,497.50720643965343
164797,1,1,10,153.66866989885114
164806,1,1,9,565.5515285778057
164824,1,1,4,0.42645458358136
164826,1,1,6,506.8976143212688
164828,1,1,2,484.5935630240745
164837,1,1,9,545.2856143659598
164852,1,1,7,144.32395688547882
164867,1,1,4,0.42645458358136
164876,1,1,10,721.5503438299926
164878,1,1,2,423.0260666920235
164881,1,1,5,0.42645457969393247
164884,1,1,5,0.42645457969393247
164885,1,1,5,0.42645457969393247
164901,0,1,0,0.19389564600562706
164905,1,1,9,370.34889157836733
164910,1,1,5,0.42645456789925423
164929,0,1,0,0.24900135646844446
164969,1,1,6,400.6974626979587
164971,1,1,7,84.29980551191197
164972,1,1,6,698.6973818666943
164991,1,1,8,312.22588444139893
164997,1,1,2,418.32533893408777
164999,1,1,9,875.2752608414002
165008,1,1,7,124.03586835020825
165009,1,1,2,445.5654138955207
165026,1,1,6,317.1390519279475
165031,1,1,9,612.8096104243592
165049,1,1,9,606.8696960819038
165062,1,1,4,0.42645458358136
165067,1,1,4,0.42645458358136
165071,1,1,7,103.23747062147125
165074,1,1,5,0.42645457969393247
165082,1,1,2,446.21467065546636
165087,1,1,10,378.901270162133
165096,1,1,8,388.8661517035307
165100,1,1,8,572.4147936571794
165101,1,1,5,0.42645457969393247
165107,1,1,9,614.3896111694365
165111,1,1,6,778.0475877324525
165119,1,1,9,520.2418959990313
165123,1,1,4,0.42645458358136
165138,1,1,9,70.07533304277598
165147,1,1,8,752.5020132003665
165149,1,1,10,720.0702338428979
165154,1,1,2,278.91766162901393
165158,1,1,6,480.1103640565724
165161,1,1,1,201.8883113936889
165164,1,1,4,0.4264545919581291
165172,1,1,2,164.21353276643876
165177,1,1,1,366.9429874648269
165178,1,1,3,92.6255656386964
165193,1,1,8,935.4652264921484
165218,1,1,6,631.5171008768514
165251,1,1,4,0.42645458358136
165255,1,1,5,0.42645457969393247
165260,1,1,10,592.6769536937022
165273,1,1,7,133.42261308250409
165275,1,1,5,0.42645457969393247
165278,1,1,9,750.1789424599659
165284,1,1,1,358.37885535878405
165285,1,1,8,214.05733710386903
165296,1,1,7,141.51395724736395
165298,0,1,0,0.10899393441829423
165299,1,1,1,396.52126251081734
165301,1,1,6,757.8525673119948
165302,1,1,10,723.2353104035867
165305,1,1,5,0.42645457969393247
165338,1,1,5,0.42645457969393247
165339,0,1,0,0.11501989583352862
165344,1,1,8,395.31824868089666
165348,1,1,9,309.3963459208559
165362,1,1,9,258.2493155945083
165364,1,1,8,770.2472717035309
165365,1,1,3,92.81726778696415
165371,1,1,5,0.42645457969393247
165372,1,1,10,347.7378475011036
165380,1,1,10,460.608334857744
165392,1,1,9,448.7657222362327
165403,1,1,5,0.42645456789925423
165407,1,1,4,0.4264545919581291
165415,1,1,9,806.6663498682028
165418,1,1,10,650.5679704567775
165419,1,1,4,0.42645458358136
165422,1,1,8,822.5698630159699
165433,1,1,8,611.548942780229
165450,1,1,4,0.42645458358136
165501,1,1,8,519.2669781307292
165515,1,1,9,202.66071585277962
165534,1,1,4,0.42645458358136
165541,1,1,8,527.4770065482561
165546,1,1,9,536.1111519999458
165565,1,1,8,725.069618187233
165582,1,1,8,169.26796512497714
165586,1,1,8,526.7456209584649
165589,1,1,6,570.5966186390522
165606,1,1,6,803.4767319902985
165623,1,1,9,717.2333242181525
165661,1,1,9,607.7439352149603
165664,1,1,8,807.9403478646204
165670,1,1,8,268.53719800227617
165671,1,1,4,0.42645458358136
165675,1,1,9,319.75400401009665
165682,1,1,4,0.42645458358136
165686,1,1,4,0.42645458358136
165688,1,1,6,701.6490214503713
165690,1,1,7,118.0256167754527
165697,1,1,2,297.23203123283275
165713,1,1,10,365.0400165271383
165726,1,1,2,472.5830565861021
165749,1,1,5,0.42645457969393247
165759,1,1,4,0.4264545919581291
165762,1,1,8,866.1784177754397
165767,1,1,4,0.42645458358136
165770,1,1,10,637.0377332087693
165777,1,1,6,782.6744747399878
165785,1,1,8,373.5646214703525
165799,1,1,6,433.6137872430631
165809,1,1,5,0.42645457969393247
165814,1,1,6,564.8992873126513
165815,1,1,8,798.5876086789613
165819,1,1,10,332.17046987512464
165820,1,1,9,22.733113430513583
165837,1,1,5,0.42645457969393247
165845,1,1,5,0.42645457969393247
165851,1,1,9,621.0863014283364
165864,1,1,6,618.2024974807465
165870,1,1,2,364.81677229100154
165883,1,1,1,727.8104992749991
165894,1,1,10,155.65920787170282
165896,1,1,6,724.0875770711966
165909,1,1,2,483.0819559845875
165915,1,1,6,321.90067110681713
165943,1,1,4,0.42645458358136
166012,1,1,9,249.3337021201378
166063,1,1,9,803.4024459205745
166082,1,1,8,381.50423649748734
166087,1,1,8,754.2845001984817
166088,1,1,2,96.98231998753124
166095,1,1,8,263.9052186495781
166128,1,1,3,84.49085303368521
166154,1,1,2,347.5683358999715
166163,1,1,6,542.1729643383619
166169,1,1,10,521.5397502312144
166177,1,1,7,77.92155977045515
166184,1,1,4,0.42645458358136
166187,1,1,4,0.42645458358136
166192,1,1,10,165.89715945121816
166196,1,1,3,81.19331214131702
166208,1,1,8,797.8281932262864
166217,1,1,10,429.794292442097
166228,1,1,4,0.42645458358136
166255,1,1,9,700.35419007807
166258,1,1,6,787.3521339761074
166264,1,1,6,269.84731980858567
166291,1,1,6,353.2013649399575
166292,1,1,8,944.921454458289
166293,1,1,9,682.6579841943458
166308,1,1,9,271.8471751999561
166309,0,1,0,0.08232772132878054
166315,1,1,6,367.40636618877056
166326,1,1,8,512.6582081849409
166331,1,1,8,645.3678637078913
166357,1,1,6,474.1903874055986
166365,1,1,2,154.907318099182
166377,1,1,4,0.42645458358136
166380,1,1,2,227.37918522146944
166389,1,1,5,0.42645457969393247
166393,1,1,6,255.84034492967945
166430,1,1,10,619.7720764610859
166450,1,1,4,0.42645458358136
166454,1,1,1,358.705609760143
166467,1,1,5,0.42645457969393247
166471,1,1,6,310.0417396198522
166483,0,1,0,0.1062512089760386
166491,1,1,8,794.0821870866123
166499,1,1,6,738.1889764125984
166510,1,1,8,361.22751075272396
166516,1,1,8,480.2778046995337
166533,1,1,1,323.31127511585737
166542,1,1,10,305.0051943263025
166551,1,1,4,0.42645458358136
166570,1,1,9,776.0420321283674
166588,1,1,6,614.6585299676942
166589,1,1,1,696.0646844633139
166591,1,1,1,606.3653925697021
166609,1,1,9,876.1694904122777
166610,1,1,9,605.0658220042295
166621,1,1,5,0.42645457969393247
166629,1,1,3,92.28592695002826
166643,1,1,5,0.42645457969393247
166646,1,1,4,0.42645458358136
166654,1,1,10,681.5131197254458
166708,1,1,4,0.42645458358136
166709,1,1,10,460.50698279683144
166724,1,1,1,379.6378052197414
166730,1,1,10,698.3715372778247
166735,1,1,8,944.9184833533233
166742,1,1,6,728.7163349407451
166763,1,1,6,801.8001257774804
166776,1,1,6,746.227119400124
166780,1,1,6,806.5807680161801
166800,1,1,5,0.42645457969393247
166806,1,1,6,262.1212997536807
166813,1,1,8,501.2951560365937
166815,1,1,5,0.42645457969393247
166833,1,1,8,588.0142975836064
166835,1,1,3,79.59672712748267
166853,1,1,2,290.93414742202003
166880,1,1,8,630.1678316715377
166883,1,1,6,264.6784594689484
166887,1,1,10,221.91564478575862
166900,1,1,5,0.42645457969393247
166922,1,1,10,684.9904656840768
166927,1,1,5,0.42645457969393247
166936,1,1,8,274.4162683723263
166969,1,1,10,687.7090613697748
166994,1,1,5,0.42645457969393247
166995,1,1,1,633.8431102356012
167020,1,1,4,0.42645458358136
167021,1,1,3,71.6999685559913
167028,1,1,6,401.87979701863173
167035,1,1,9,813.5686909144933
167039,1,1,9,221.87523990327315
167047,1,1,6,703.8787266073762
167054,1,1,6,735.8658822028897
167055,1,1,9,620.5644617055838
167067,1,1,4,0.42645458358136
167068,1,1,5,0.42645457969393247
167074,1,1,6,626.9944825791353
167075,1,1,7,60.44749486428609
167111,1,1,2,461.42053193085906
167125,1,1,1,736.697074622664
167133,1,1,5,0.42645457969393247
167136,1,1,4,0.42645458358136
167142,1,1,5,0.42645457969393247
167161,1,1,9,454.266718893332
167180,1,1,7,138.25170291304133
167190,1,1,1,643.1525794610122
167191,1,1,10,589.2842917056331
167194,1,1,8,508.22413718666076
167197,1,1,5,0.42645457969393247
167207,1,1,8,316.4057618034118
167210,1,1,9,609.4202974442721
167219,1,1,5,0.42645457969393247
167222,1,1,6,339.53660750380175
167224,1,1,9,885.5956156628969
167232,1,1,10,459.6058274665896
167241,1,1,9,867.9257025407743
167248,1,1,10,583.958568765279
167261,1,1,7,86.96140801040423
167295,1,1,4,0.42645458358136
167301,1,1,7,106.85114840062326
167302,1,1,1,610.1079146906362
167305,1,1,4,0.42645458358136
167320,1,1,10,415.72988895935924
167322,1,1,5,0.42645457969393247
167329,1,1,1,637.6423188304694
167353,1,1,3,47.214819168946526
167360,1,1,9,684.4883935533692
167371,1,1,10,402.41389020668925
167392,1,1,9,759.2582852138868
167443,1,1,9,305.7136121923324
167456,1,1,10,370.4813213435357
167465,1,1,8,531.9213036706055
167475,1,1,3,89.72932751790292
167482,1,1,2,269.1267596750364
167498,1,1,8,618.903648460641
167499,1,1,3,84.56917458854319
167500,1,1,7,75.03742228088572
167504,1,1,1,456.924819821281
167546,1,1,9,389.56962834297036
167554,1,1,2,275.53823186807267
167561,1,1,8,535.2715500323786
167562,1,1,6,593.3287272293486
167563,1,1,8,757.3544968750193
167581,1,1,5,0.42645457969393247
167593,1,1,8,222.9018315393701
167605,1,1,5,0.42645457969393247
167612,1,1,5,0.42645457969393247
167619,1,1,1,556.9511661750741
167627,1,1,6,618.1311673954181
167636,1,1,1,150.85251958725482
167648,1,1,8,636.6595075589747
167650,1,1,3,37.893149965678866
167655,1,1,5,0.42645457969393247
167658,1,1,1,221.79970183854314
167681,1,1,7,148.26557872709603
167689,1,1,6,503.08603926498216
167695,1,1,4,0.42645458358136
167699,1,1,5,0.42645457969393247
167703,1,1,9,595.7187971970025
167704,1,1,6,613.2589489029654
167710,1,1,10,195.35609251029948
167721,1,1,9,764.1615766468867
167732,1,1,10,276.725291144934
167745,1,1,6,620.4745729898284
167754,1,1,10,567.5030745376442
167763,1,1,9,815.4648384582782
167791,1,1,4,0.42645458358136
167794,1,1,5,0.42645457969393247
167801,1,1,10,144.64528036692894
167805,1,1,5,0.42645457969393247
167833,1,1,6,187.27909785023152
167850,1,1,5,0.42645456789925423
167864,1,1,7,56.403169098035704
167883,1,1,6,805.9478881003506
167893,1,1,8,944.2367180458588
167909,1,1,9,299.80180581390283
167922,1,1,7,58.28918788964184
167942,1,1,5,0.42645457969393247
167949,1,1,1,426.7298937184883
167950,1,1,6,772.0861577234778
167959,0,1,0,0.11703604920633896
167966,1,1,5,0.42645457969393247
167976,1,1,4,0.42645458358136
167977,1,1,6,642.331010763095
167981,0,1,0,0.11767911695404495
167987,1,1,6,772.316205524909
168002,1,1,1,732.1125442993873
168024,1,1,4,0.42645458358136
168033,1,1,6,784.3605353874123
168038,1,1,7,55.73777959289811
168053,1,1,4,0.42645458358136
168055,1,1,5,0.42645457969393247
168064,1,1,4,0.42645458358136
168066,1,1,9,504.7467596353807
168106,1,1,10,526.137279447099
168125,1,1,10,722.9358321534105
168126,1,1,1,426.0803538375533
168127,1,1,1,523.745840381133
168148,1,1,6,326.16849944495146
168149,1,1,6,787.5568096195335
168154,1,1,6,178.63819717603963
168155,1,1,9,648.421738732913
168188,1,1,7,78.03244652632469
168193,1,1,3,89.70197251813674
168208,1,1,4,0.42645458358136
168213,1,1,6,303.72346333563576
168221,1,1,2,428.1557180123208
168235,1,1,9,737.1212984952052
168236,1,1,9,426.8735408716183
168237,1,1,4,0.42645458358136
168243,1,1,9,865.5220361270018
168248,1,1,4,0.42645458358136
168249,1,1,9,497.1851813421909
168271,1,1,5,0.42645457969393247
168283,1,1,4,0.42645458358136
168291,1,1,10,415.31010983959635
168293,1,1,5,0.42645457969393247
168298,1,1,9,467.0277081536082
168301,1,1,10,558.0233285943413
168322,1,1,5,0.42645457969393247
168335,1,1,6,799.5488724013576
168337,1,1,8,247.11607861397698
168354,1,1,7,164.59402959242908
168356,1,1,7,120.61200820728664
168383,1,1,6,428.1801560080363
168408,1,1,7,92.40759754402949
168411,1,1,5,0.42645457969393247
168416,1,1,8,254.0004850976159
168428,1,1,6,800.0574380954151
168444,1,1,9,802.9928211731647
168462,1,1,8,576.9804230364895
168467,1,1,6,350.96164785100126
168470,1,1,7,172.58021862097848
168471,1,1,5,0.42645457969393247
168477,1,1,4,0.4264545919581291
168486,1,1,5,0.42645456789925423
168495,1,1,9,386.72098419979204
168502,1,1,4,0.42645458358136
168512,1,1,7,120.14319845075862
168542,1,1,8,236.18675783796874
168543,1,1,9,868.1169988983605
168545,1,1,8,712.822718270827
168546,1,1,5,0.42645457969393247
168552,1,1,10,722.2445025855998
168555,1,1,9,566.6034606609629
168568,1,1,5,0.42645457969393247
168589,0,1,0,0.22122845673866584
168595,1,1,9,599.7202220127292
168607,1,1,3,91.42404297968972
168608,1,1,4,0.42645458358136
168610,1,1,10,398.2095034730643
168625,1,1,7,60.717046284571815
168628,1,1,8,839.8395136826942
168632,1,1,6,616.131371469872
168637,1,1,9,524.1395232563092
168638,1,1,4,0.42645458358136
168645,1,1,9,469.2226681341607
168665,1,1,8,499.8060501947151
168672,1,1,9,877.8004179484976
168677,1,1,8,551.6442160592729
168680,1,1,5,0.42645457969393247
168689,1,1,6,658.8374352000012
168695,1,1,5,0.42645457969393247
168704,1,1,9,236.38509089187085
168727,1,1,10,714.0156596830939
168735,1,1,10,298.1786512829448
168741,1,1,5,0.42645456789925423
168742,1,1,10,458.7513382778878
168746,1,1,9,340.3679918394655
168753,1,1,9,549.8506467959963
168756,1,1,10,700.7556333189336
168793,1,1,5,0.42645457969393247
168794,1,1,9,291.8613331820736
168795,1,1,10,705.6650163623277
168819,1,1,5,0.42645457969393247
168821,1,1,6,259.0546596536786
168830,1,1,6,420.9446367881585
168835,1,1,6,511.38835045295144
168843,1,1,4,0.42645458358136
168883,1,1,6,505.6193217457429
168893,1,1,1,461.91387351977346
168949,1,1,6,540.7061707539109
168971,1,1,4,0.42645458358136
169002,1,1,6,430.1951968984246
169010,1,1,8,811.2033544161076
169026,1,1,5,0.42645457969393247
169030,1,1,1,748.2719206206893
169034,1,1,5,0.42645457969393247
169054,1,1,6,524.8929605272576
169072,1,1,4,0.42645458358136
169078,1,1,1,481.4797418733941
169088,1,1,9,643.0710414599831
169095,1,1,10,503.1081985251111
169100,1,1,6,421.75856240491436
169110,1,1,8,151.10181376732734
169118,1,1,9,395.86239758616904
169126,1,1,7,162.60990656582996
169158,1,1,5,0.42645457969393247
169177,1,1,10,636.7409131175524
169179,1,1,4,0.4264545919581291
169182,1,1,9,387.48618134123683
169199,1,1,8,814.4225906056497
169216,1,1,9,540.143126573276
169232,1,1,4,0.42645458358136
169234,1,1,5,0.42645457969393247
169246,1,1,9,827.6385162110383
169256,1,1,6,184.79746575420674
169269,1,1,5,0.42645457969393247
169277,1,1,10,625.4234846779586
169287,1,1,8,186.89300197515328
169294,1,1,5,0.42645457969393247
169296,1,1,6,348.65407479818685
169325,1,1,5,0.42645457969393247
169331,1,1,9,235.139615723255
169334,1,1,5,0.42645457969393247
169341,1,1,9,265.1718433871106
169344,1,1,4,0.42645458358136
169351,1,1,8,728.5484228959198
169355,1,1,6,632.2425422303152
169382,1,1,1,264.87910410228403
169385,1,1,6,342.48167574512007
169398,1,1,2,354.67476014080603
169411,1,1,5,0.42645457969393247
169412,1,1,8,555.8020786421425
169416,1,1,8,785.9039745355243
169428,1,1,6,616.3440268855303
169429,1,1,1,161.65297997859548
169438,1,1,4,0.42645458358136
169443,1,1,10,418.9246929060029
169444,1,1,10,632.7206644079643
169460,1,1,4,0.4264545919581291
169469,1,1,8,302.49577494872375
169475,1,1,8,248.69214992771683
169500,1,1,6,774.7339692453413
169514,1,1,8,538.8608215456643
169516,1,1,7,83.18313159555903
169521,1,1,8,772.1259840679212
169531,1,1,4,0.42645458358136
169532,1,1,6,606.5002683671179
169533,1,1,5,0.42645457969393247
169553,1,1,4,0.42645458358136
169559,1,1,6,601.6138131736517
169576,1,1,8,809.1013764845513
169594,1,1,8,216.0637189443436
169606,1,1,9,329.58893595305653
169611,1,1,9,138.1806416225009
169620,1,1,8,734.1155323055458
169622,1,1,7,171.01597732601937
169641,1,1,1,542.836045557119
169651,1,1,2,267.60857221557563
169658,1,1,10,300.062653511801
169660,1,1,7,50.18513451999201
169668,1,1,9,888.9521396241994
169679,1,1,6,531.9377629844885
169683,1,1,8,269.70177918229103
169713,1,1,9,456.02439194885727
169716,1,1,8,531.0162602606698
169722,1,1,9,340.848749313281
169723,1,1,1,376.82955656353533
169728,1,1,5,0.42645457969393247
169747,1,1,6,341.09301965685285
169749,1,1,4,0.42645457969393247
169753,1,1,3,70.19028820160952
169760,1,1,8,517.7725600963716
169762,1,1,4,0.42645458358136
169767,1,1,1,593.8130696296979
169774,1,1,5,0.42645457969393247
169779,1,1,6,801.9456375463574
169780,1,1,9,240.27732711972268
169789,1,1,5,0.42645457969393247
169794,1,1,6,544.5738818709312
169796,1,1,10,721.0906287922464
169808,1,1,7,86.71488021562784
169817,1,1,1,187.78899235653432
169818,1,1,1,554.0949133816521
169838,1,1,8,529.9631474181883
169844,1,1,5,0.42645457969393247
169858,1,1,2,105.04426571875791
169862,1,1,8,642.2349339359916
169868,1,1,6,552.1520869630896
169883,1,1,10,131.99660966332246
169886,1,1,10,460.5567887701052
169898,1,1,9,735.4426494988774
169909,1,1,10,523.893421854052
169910,1,1,9,543.6178042443763
169925,1,1,6,550.0781949094984
169942,1,1,5,0.42645457969393247
169969,1,1,6,778.7479524993317
169988,1,1,7,138.73346126968
169992,1,1,5,0.42645457969393247
169999,1,1,2,459.9266720576335
170012,1,1,8,474.134323572822
170079,1,1,7,59.217225039928735
170103,1,1,10,675.4112542050225
170118,1,1,10,156.23090235719684
170121,1,1,10,331.7873449548846
170132,1,1,9,557.6975930473013
170133,1,1,6,537.88492132205
170144,1,1,6,360.8566965321249
170148,1,1,3,90.51307181723577
170150,1,1,4,0.42645458358136
170169,1,1,10,718.409800748199
170170,1,1,4,0.42645458358136
170179,1,1,10,188.88923829662866
170195,1,1,1,382.6985739984017
170203,1,1,6,288.6515483857834
170205,1,1,6,309.8702058067325
170206,1,1,9,642.7057257049444
170211,1,1,4,0.42645457969393247
170212,1,1,7,72.19356878873297
170214,1,1,8,446.9781589760728
170216,1,1,9,445.46129333620866
170218,1,1,4,0.42645458358136
170224,1,1,1,539.9657623960834
170227,1,1,9,662.6008074454631
170236,1,1,6,660.309127663306
170253,1,1,7,107.94577459547965
170254,1,1,10,706.1104760463285
170270,1,1,5,0.42645457969393247
170271,1,1,6,601.5512189172039
170276,1,1,3,54.60465481337124
170277,1,1,6,495.9360369001972
170281,1,1,9,148.73296145408753
170284,1,1,5,0.42645457969393247
170286,1,1,4,0.42645458358136
170330,1,1,4,0.42645458358136
170375,1,1,9,520.6040232520188
170403,1,1,10,160.59777510084146
170409,1,1,5,0.42645457969393247
170410,1,1,9,296.26021834219733
170427,1,1,5,0.42645457969393247
170435,1,1,7,65.29533244125791
170442,1,1,4,0.42645458358136
170449,1,1,10,447.063474695913
170470,1,1,6,589.6623707354335
170471,1,1,9,535.2735033741446
170488,1,1,7,164.69450406605955
170493,1,1,10,389.3559224743331
170498,1,1,7,139.85081304363527
170508,1,1,10,460.1710334967715
170519,1,1,10,459.49759254511355
170520,1,1,8,640.7667872327955
170543,0,1,0,0.11166969415970951
170555,1,1,10,422.83484108799973
170561,1,1,4,0.42645458358136
170562,1,1,6,728.566908216895
170567,1,1,10,162.70153339972822
170580,1,1,9,335.74106034766453
170597,1,1,5,0.42645457969393247
170599,1,1,8,733.3304414259533
170606,1,1,8,435.3792655926983
170613,0,1,0,0.1794172632782053
170618,1,1,9,426.193141531694
170660,1,1,7,99.54009039730077
170661,1,1,9,502.7564983905096
170667,1,1,5,0.42645457969393247
170681,1,1,8,430.226675718364
170685,1,1,8,885.1833129825571
170700,1,1,9,877.0414937388252
170725,1,1,5,0.42645456789925423
170784,1,1,6,660.3058315080058
170786,1,1,8,459.98714131437794
170793,1,1,2,389.8733594636533
170801,1,1,6,771.9915293110677
170811,1,1,5,0.42645457969393247
170814,1,1,4,0.42645458358136
170833,1,1,1,339.7592566855191
170867,1,1,9,587.0494279187039
170870,1,1,4,0.42645458358136
170874,1,1,2,284.6941842388745
170879,1,1,9,347.93735507498263
170891,1,1,3,59.80887737820077
170895,1,1,10,559.0467446495749
170901,1,1,10,455.4220666915313
170910,0,1,0,0.11412837390386697
170925,1,1,1,244.87897334170773
170928,1,1,9,882.4227268285453
170948,1,1,10,719.1282445824339
170951,1,1,5,0.42645457969393247
170960,1,1,8,859.4460443665938
170965,1,1,9,597.8261268614759
170969,1,1,8,835.8389898719516
170970,1,1,5,0.42645457969393247
170981,1,1,1,400.0594398715998
170999,1,1,9,306.76620094492097
171018,1,1,5,0.42645457969393247
171033,1,1,1,604.6655994050919
171043,1,1,5,0.42645457969393247
171053,1,1,5,0.42645457969393247
171062,1,1,6,747.5384562405906
171063,1,1,6,322.0806484417698
171065,1,1,1,537.3878864154748
171073,1,1,6,475.8099742532368
171077,1,1,8,627.6442737570165
171078,1,1,1,674.7404048599025
171094,0,1,0,0.2494635950560712
171095,1,1,6,305.6690016935917
171112,1,1,5,0.42645457969393247
171113,1,1,7,158.6548713412924
171119,1,1,5,0.42645457969393247
171121,1,1,9,236.6190014109045
171128,1,1,8,806.3105923574442
171135,1,1,5,0.42645457969393247
171141,1,1,8,820.2022811382532
171144,1,1,4,0.42645458358136
171151,1,1,5,0.42645457969393247
171169,1,1,9,297.58585706018994
171193,1,1,10,396.84046259800004
171213,1,1,6,759.4841700205374
171219,1,1,4,0.42645458358136
171229,1,1,3,37.57601947268458
171255,1,1,4,0.42645458358136
171263,1,1,9,824.687300096721
171270,1,1,6,695.5235717637554
171290,1,1,8,380.31530222183716
171308,1,1,3,47.04326554552512
171313,1,1,1,525.36464928312
171333,1,1,9,370.21322025974587
171334,1,1,4,0.42645458358136
171335,1,1,7,159.76828775143576
171343,1,1,2,467.92477622167775
171346,1,1,9,601.84932430133
171349,1,1,1,542.4788886564072
171362,1,1,8,707.7109622230382
171363,1,1,6,557.5841673714333
171374,1,1,7,14.686814560132504
171383,1,1,5,0.42645457969393247
171394,1,1,9,234.770460040067
171399,1,1,8,704.5432509394822
171413,1,1,1,371.83985956322823
171420,1,1,1,220.10324252574273
171432,1,1,2,142.56248260484497
171437,1,1,9,246.04953168491048
171451,1,1,9,799.9637189233589
171461,1,1,6,735.6350707615068
171481,1,1,6,253.6108223252357
171495,1,1,9,747.4832839746234
171496,1,1,6,731.3161062640091
171507,1,1,10,637.4370371608588
171525,1,1,4,0.42645458358136
171526,1,1,2,329.4132946778057
171530,1,1,2,373.71024272166085
171542,1,1,9,427.74144747160534
171543,1,1,10,148.42647290879452
171556,1,1,9,726.2909201279016
171570,1,1,9,299.392833350331
171571,1,1,5,0.42645457969393247
171591,1,1,7,169.9992823837799
171610,1,1,5,0.42645457969393247
171618,1,1,9,442.76860351360983
171631,0,1,0,0.12367780103448177
171633,1,1,5,0.42645457969393247
171639,1,1,4,0.42645458358136
171667,1,1,1,170.41520565544175
171675,1,1,3,80.8908976649852
171679,1,1,9,862.662667185761
171691,1,1,9,674.9949209375975
171716,1,1,5,0.42645457969393247
171725,1,1,6,591.9608182596409
171732,1,1,7,109.4157770345696
171739,1,1,6,318.52077072247187
171741,1,1,4,0.42645458358136
171743,1,1,9,46.226709610710024
171765,1,1,8,604.2520834282741
171766,1,1,4,0.42645458358136
171789,1,1,5,0.42645457969393247
171807,1,1,9,598.3720318260628
171812,1,1,8,585.8869786137523
171849,1,1,3,92.3899153122494
171861,1,1,2,218.33293984471408
171870,1,1,2,216.92325325645237
171871,1,1,4,0.42645458358136
171888,1,1,8,775.7593408647234
171900,1,1,4,0.42645458358136
171912,1,1,4,0.42645458358136
171914,1,1,4,0.42645458358136
171941,1,1,7,144.0239044326169
171945,1,1,4,0.42645458358136
171953,1,1,8,817.240835662886
171954,1,1,9,875.8404678028204
171955,1,1,9,765.3429504381563
171956,1,1,9,870.175279480833
171984,1,1,4,0.42645458358136
171987,1,1,6,245.675186855343
171989,1,1,3,92.79246275825514
171990,1,1,4,0.42645458358136
172010,1,1,10,460.319027528078
172011,1,1,8,202.75678461357802
172023,1,1,2,429.728421227472
172032,1,1,6,206.10491322358848
172040,1,1,7,173.72996769043306
172048,1,1,9,525.0770507336279
172049,1,1,10,452.6390471703
172093,1,1,6,617.9380223116175
172106,1,1,8,510.930281999984
172118,1,1,9,836.5329519995739
172119,1,1,7,55.244010026635415
172128,0,1,0,0.10973623112907158
172134,1,1,10,451.4087255745117
172143,1,1,6,672.7172992722844
172145,1,1,9,405.29012925694235
172176,1,1,3,71.2811165552085
172181,1,1,6,778.0151529513167
172192,1,1,10,517.4387400779061
172206,1,1,8,621.1845023144671
172207,1,1,7,100.85688902984103
172212,1,1,1,728.4702023594806
172223,1,1,1,750.1929179518189
172254,1,1,5,0.42645457969393247
172300,1,1,5,0.42645457969393247
172316,1,1,10,675.1665339093441
172332,1,1,5,0.42645457969393247
172338,1,1,4,0.42645458358136
172342,1,1,4,0.42645458358136
172363,1,1,6,803.3966903323548
172364,1,1,1,179.44114168718733
172372,1,1,9,274.6682441529498
172380,1,1,6,436.6165511646463
172388,1,1,8,730.0333669420945
172406,1,1,1,397.6682689959165
172407,1,1,9,644.8373268157987
172413,1,1,6,379.0257525120486
172419,1,1,10,694.0502917266662
172420,1,1,10,445.4118188668496
172422,1,1,5,0.42645457969393247
172431,1,1,5,0.42645457969393247
172436,1,1,9,698.5982338010352
172446,1,1,9,822.0019073360957
172477,1,1,6,721.5777147445509
172489,1,1,4,0.42645458358136
172492,1,1,6,286.4202477944887
172493,0,1,0,0.16348838976574276
172496,1,1,2,50.33512234204978
172499,1,1,6,731.0403480204666
172512,1,1,5,0.42645457969393247
172515,1,1,7,126.95801054163124
172517,1,1,5,0.42645457969393247
172518,1,1,6,367.99919180045964
172522,1,1,1,626.7423651130235
172534,1,1,8,669.1436859033635
172541,1,1,7,102.87735098361426
172563,1,1,9,836.9992430295878
172566,1,1,9,566.5037246872647
172576,1,1,8,297.0797385866672
172578,1,1,10,607.8297916237844
172588,1,1,8,777.3919145116604
172602,1,1,9,612.7026743772221
172604,1,1,10,374.5512590648567
172608,1,1,9,519.5156579116465
172628,1,1,3,75.06118991541989
172666,1,1,9,634.0522998179889
172672,1,1,5,0.42645456789925423
172683,1,1,5,0.42645457969393247
172694,1,1,8,507.8831080297539
172695,1,1,9,831.4944777794719
172696,1,1,9,334.20623680128665
172705,1,1,8,461.29980460375475
172729,1,1,4,0.42645458358136
172738,1,1,7,104.65794640083583
172777,1,1,9,883.6772075618604
172778,1,1,2,150.87591179748424
172795,1,1,9,455.3730518073699
172797,1,1,9,765.2825215809403
172812,1,1,8,847.3756786254954
172825,1,1,9,778.5748673689621
172847,1,1,1,178.32363182769907
172859,1,1,9,500.3017906668665
172861,1,1,5,0.42645457969393247
172878,1,1,8,256.3543287503725
172882,1,1,1,522.2928100324505
172886,1,1,10,437.34917618219254
172888,1,1,8,496.4366984115306
172893,1,1,7,40.13766965818973
172903,1,1,2,290.678438040781
172906,1,1,6,449.12865179638874
172911,1,1,6,496.5708169896062
172916,1,1,1,729.5287664719846
172918,1,1,6,773.6291992078174
172923,1,1,6,464.10956290731593
172932,1,1,3,88.45460105271907
172945,1,1,4,0.42645458358136
172946,1,1,8,648.3366214298522
172949,1,1,4,0.4264545919581291
172958,1,1,6,246.0435146933619
172960,1,1,1,688.0909865323499
172963,1,1,9,587.6850527680571
172969,1,1,1,326.6070356962754
172978,1,1,3,75.94768925538514
172981,1,1,5,0.42645457969393247
172982,1,1,10,543.235098163257
172985,1,1,4,0.42645458358136
172986,1,1,6,212.80437990449414
172993,1,1,6,655.2156905409488
172994,1,1,4,0.42645458358136
173016,1,1,10,170.89078269048218
173020,1,1,8,704.6023410718815
173025,1,1,8,567.7733321758975
173028,1,1,3,46.056659647234014
173058,1,1,1,170.25575802816599
173059,1,1,6,570.14938573195
173072,1,1,8,881.6787290415542
173088,1,1,1,615.5004647661985
173091,1,1,10,651.5212081891153
173098,1,1,5,0.42645457969393247
173103,1,1,5,0.42645457969393247
173123,1,1,7,173.23022676529865
173141,1,1,5,0.42645457969393247
173148,1,1,2,483.7254201394011
173162,1,1,9,300.36448829863326
173185,1,1,9,565.6876011260622
173209,1,1,1,599.3540109543563
173210,1,1,9,723.8822982042846
173211,1,1,10,456.8342363402424
173216,1,1,4,0.42645458358136
173221,1,1,6,792.6344248756564
173225,1,1,5,0.42645456789925423
173240,1,1,1,386.63799812643003
173241,1,1,4,0.42645458358136
173242,1,1,8,503.26146935176
173243,1,1,9,365.1308164995496
173245,1,1,8,634.8475034873176
173252,1,1,9,737.3091813754498
173267,1,1,2,382.6816175196628
173274,1,1,7,80.12207920178226
173287,1,1,3,90.50443921724784
173309,1,1,1,401.8415653769257
173328,1,1,1,701.573038957709
173331,1,1,10,400.5433667906058
173352,1,1,4,0.42645458358136
173359,1,1,5,0.42645457969393247
173385,1,1,9,496.131149876323
173415,1,1,9,658.8792222712578
173421,1,1,5,0.42645457969393247
173432,1,1,5,0.42645457969393247
173435,1,1,6,733.3126190473939
173437,1,1,6,174.9159032329589
173442,1,1,1,435.4621296017023
173448,1,1,8,473.3989478848893
173453,1,1,7,110.72191072473436
173454,1,1,6,811.9659025969161
173460,1,1,4,0.42645458358136
173481,1,1,1,719.6770510095538
173490,1,1,2,312.9947893604758
173492,1,1,3,92.18306056369708
173504,1,1,9,774.3690382908529
173543,1,1,8,270.83370735522317
173555,1,1,6,259.99538549978536
173578,1,1,4,0.4264545919581291
173588,1,1,6,718.8446775693108
173610,1,1,8,781.4667137827889
173618,1,1,8,863.766382784129
173619,1,1,9,581.0067312249851
173623,1,1,1,476.43019792363026
173624,1,1,9,214.62020801451314
173636,1,1,8,773.1467759775825
173642,1,1,10,296.54640752375144
173646,1,1,2,405.06234549959845
173651,1,1,4,0.42645458358136
173687,1,1,3,86.25224452682832
173692,1,1,10,719.2839511036343
173697,1,1,7,165.16132593425206
173715,1,1,5,0.42645457969393247
173730,1,1,4,0.42645458358136
173749,1,1,6,518.1210514639122
173750,1,1,8,170.1168820083321
173777,1,1,7,145.8508389105871
173779,1,1,4,0.42645458358136
173782,1,1,8,841.0914421769305
173802,1,1,3,62.2324209680406
173814,1,1,8,627.3359006765266
173817,1,1,9,296.3564240525838
173822,1,1,7,121.90959278365216
173823,1,1,5,0.42645457969393247
173851,1,1,7,64.38265946206722
173857,1,1,8,592.4943464010867
173859,1,1,8,791.3395878455793
173890,1,1,4,0.42645458358136
173904,1,1,4,0.42645458358136
173911,1,1,10,200.3737343629273
173932,1,1,4,0.4264545919581291
173934,1,1,4,0.42645458358136
173955,1,1,5,0.42645457969393247
173957,1,1,4,0.42645458358136
173964,1,1,1,728.9522706354254
173967,1,1,8,396.91797670187384
173983,1,1,4,0.42645458358136
173987,1,1,5,0.42645457969393247
174000,1,1,1,269.68825224052887
174004,1,1,8,687.5506743646567
174018,1,1,4,0.42645458358136
174020,1,1,1,468.52936569470984
174022,1,1,3,92.23464060849449
174024,1,1,4,0.42645458358136
174032,1,1,8,333.47155619023505
174034,1,1,7,37.87671553972538
174039,1,1,6,650.5156306680016
174045,1,1,8,591.8346803468069
174058,1,1,5,0.42645457969393247
174059,1,1,9,396.9527019481685
174066,1,1,2,354.8688777713196
174067,1,1,5,0.42645457969393247
174071,1,1,9,413.91972167454134
174072,1,1,4,0.42645458358136
174079,1,1,5,0.42645457969393247
174092,1,1,6,794.5681539045711
174105,1,1,8,608.9199420446107
174110,1,1,7,68.5869571336445
174115,1,1,2,373.21673665374914
174144,1,1,8,667.1360021455181
174147,1,1,4,0.42645458358136
174161,1,1,10,122.8480180446929
174179,1,1,4,0.4264545919581291
174180,1,1,10,459.69858613415244
174183,1,1,5,0.42645457969393247
174196,1,1,6,543.1017621190744
174205,1,1,6,224.7933104589199
174217,1,1,4,0.42645458358136
174224,1,1,5,0.42645457969393247
174225,1,1,8,534.1370604566077
174233,1,1,6,266.2150672710308
174234,1,1,6,500.96268877521584
174236,1,1,9,439.22772746591863
174237,1,1,5,0.42645457969393247
174247,1,1,9,793.8075261809241
174248,1,1,9,578.0718243113191
174250,1,1,6,523.9919096967885
174262,1,1,7,107.09019434255691
174269,1,1,1,244.76071811777663
174274,1,1,6,712.9528345092533
174312,1,1,7,103.05085433939462
174314,1,1,6,752.8496718547489
174318,1,1,9,601.7940125011299
174337,1,1,8,211.3638933408697
174342,0,1,0,0.12387373147914664
174348,1,1,6,492.2993229114801
174354,1,1,8,523.1376058261227
174369,1,1,9,123.58993838910388
174372,1,1,8,576.8038007187325
174373,1,1,9,314.40495205855507
174376,1,1,7,164.91977352842866
174394,1,1,5,0.42645457969393247
174402,1,1,6,185.59539486857764
174411,1,1,7,171.98207391386808
174415,1,1,8,335.96638673534835
174428,1,1,1,405.8412171106298
174429,1,1,6,391.9736616052724
174437,1,1,10,399.6025826517682
174450,1,1,5,0.42645457969393247
174461,1,1,3,91.78536141595458
174474,1,1,6,809.6688040694858
174488,1,1,8,766.9885227710556
174543,1,1,9,614.1278523042324
174549,1,1,4,0.42645458358136
174550,1,1,3,46.10673405239068
174551,1,1,10,718.5370859007298
174578,1,1,4,0.42645458358136
174581,1,1,4,0.42645458358136
174593,1,1,9,763.6495138109539
174599,1,1,8,330.39330038448236
174600,1,1,10,720.9325315598313
174608,1,1,8,171.72912381955518
174618,1,1,4,0.42645458358136
174622,1,1,3,45.5916483177754
174646,1,1,5,0.42645457969393247
174650,1,1,8,869.9091724170215
174652,1,1,8,617.1262331110198
174656,1,1,4,0.42645458358136
174662,0,1,0,0.09506406862986946
174687,1,1,6,471.1501631292601
174710,1,1,9,356.8435193302181
174716,1,1,9,609.6421248564267
174719,1,1,2,134.7844818021126
174722,1,1,9,570.9653599463729
174732,1,1,9,478.1051066309306
174741,1,1,6,247.1517905098677
174748,1,1,10,590.7031024474794
174789,1,1,4,0.42645458358136
174793,1,1,10,382.4805944614019
174798,1,1,5,0.42645457969393247
174811,1,1,8,770.921715277285
174821,1,1,8,823.9458388946765
174825,1,1,8,416.50330624426164
174832,1,1,5,0.42645457969393247
174846,1,1,7,173.3355196919963
174855,1,1,7,78.7320276005523
174872,1,1,10,415.931061045397
174888,1,1,1,631.2418519643365
174889,1,1,9,845.1546460214454
174910,1,1,4,0.42645458358136
174913,1,1,6,378.3075439442915
174931,1,1,10,417.40563616666293
174932,1,1,6,755.5583669335372
174942,1,1,4,0.42645458358136
174946,1,1,5,0.42645457969393247
174954,1,1,9,709.577548215777
174965,1,1,9,652.2660697255455
175000,1,1,8,720.5619217648899
175002,1,1,1,220.53460179867923
175049,1,1,10,488.47703834136144
175051,1,1,6,509.16270384170593
175052,1,1,9,451.1421181449484
175059,1,1,6,529.4905095944374
175065,1,1,5,0.42645457969393247
175068,1,1,9,873.0583197421884
175080,1,1,2,217.3983214843268
175092,1,1,6,556.6088956421675
175111,1,1,4,0.4264545919581291
175115,1,1,1,613.1872484866286
175123,1,1,7,167.66298713520453
175169,1,1,5,0.42645457969393247
175170,1,1,8,236.32519027980723
175179,1,1,9,469.1402378612432
175197,1,1,8,514.3604171660702
175219,1,1,5,0.42645457969393247
175228,1,1,9,882.9858694261166
175243,1,1,2,290.928480226796
175245,1,1,8,637.099994352989
175252,1,1,4,0.42645458358136
175255,1,1,8,570.9447305654594
175283,1,1,1,188.78343416838945
175290,1,1,1,371.1509672252342
175295,1,1,6,496.38432376639935
175300,1,1,10,626.4238766454113
175309,1,1,9,867.7795856960828
175313,1,1,9,581.0248403302314
175344,1,1,2,275.41538642761736
175351,1,1,10,237.12249594319326
175355,1,1,5,0.42645457969393247
175375,1,1,1,691.2012506265573
175384,1,1,9,384.3407003774343
175386,1,1,5,0.42645457969393247
175387,1,1,4,0.42645458358136
175393,1,1,5,0.42645457969393247
175404,1,1,9,268.2608363990869
175408,1,1,5,0.42645457969393247
175415,1,1,10,460.1706477575599
175434,1,1,3,92.15358679029282
175438,1,1,1,489.1975433562402
175443,1,1,3,91.75700502664215
175475,1,1,8,591.7701418676232
175476,1,1,7,71.61406008166402
175478,1,1,8,250.6192268858515
175481,1,1,7,82.35136306277172
175487,1,1,4,0.42645458358136
175493,1,1,8,469.9120532316756
175496,1,1,6,787.3113967531978
175503,1,1,5,0.42645457969393247
175504,1,1,4,0.42645458358136
175510,1,1,5,0.42645457969393247
175511,1,1,5,0.42645457969393247
175520,1,1,8,801.1373776201343
175521,1,1,4,0.42645458358136
175547,1,1,8,319.1912567682406
175551,1,1,8,383.0551125180309
175561,1,1,4,0.42645458358136
175563,1,1,8,231.83721442469442
175565,1,1,4,0.42645458358136
175576,1,1,9,783.7574451103436
175581,1,1,8,534.1953951900526
175595,1,1,3,91.71252973213666
175614,1,1,1,615.8137227220398
175616,1,1,7,165.68755645954144
175626,1,1,2,94.65793877156385
175627,1,1,4,0.42645458358136
175630,1,1,8,394.3705255283528
175633,1,1,9,501.2889905013027
175671,1,1,8,510.9576339597875
175680,1,1,4,0.42645458358136
175683,1,1,6,671.8038755238712
175688,1,1,9,825.0357413486913
175693,1,1,2,417.37272802214
175727,1,1,6,726.6742242107498
175753,1,1,5,0.42645457969393247
175779,1,1,4,0.42645458358136
175782,1,1,5,0.42645457969393247
175783,1,1,9,122.46392381906276
175798,1,1,4,0.42645458358136
175827,1,1,8,384.6552926257998
175845,1,1,9,497.3726828974571
175857,1,1,8,344.98616209401825
175871,1,1,9,335.8810326938694
175881,1,1,6,605.5153838107602
175882,1,1,4,0.42645458358136
175890,1,1,7,62.50587831128285
175898,1,1,7,168.85662300575044
175901,1,1,6,724.8268887949556
175906,1,1,9,271.7293701713745
175917,1,1,2,278.5239015170974
175932,1,1,10,312.8878010747888
175939,1,1,4,0.42645458358136
175941,1,1,6,783.1536426346092
175943,1,1,9,560.8145553362642
175961,1,1,8,933.4388172291426
175969,1,1,9,865.3059476294477
175974,1,1,4,0.42645458358136
175977,1,1,4,0.42645458358136
175985,1,1,8,810.994633333313
175987,1,1,9,478.7616060829103
175991,1,1,9,379.3846871485859
176001,1,1,1,503.61149078312445
176002,1,1,6,452.1522089226924
176008,1,1,6,656.6853538069895
176014,1,1,7,162.4921792358683
176049,1,1,5,0.42645456789925423
176061,1,1,4,0.42645458358136
176063,1,1,8,447.55897156881565
176067,1,1,4,0.42645458358136
176094,1,1,9,617.9064129184177
176108,1,1,10,610.8432472740842
176111,1,1,9,774.3097969323634
176112,1,1,9,447.92510500730145
176128,1,1,3,89.51989988160688
176138,1,1,4,0.42645458358136
176165,1,1,9,801.0860166440201
176172,1,1,9,883.7167332237274
176191,1,1,8,521.6077150499297
176199,1,1,7,123.48473224289371
176206,1,1,9,799.728846809233
176214,1,1,9,681.9553509449435
176215,1,1,5,0.42645457969393247
176227,1,1,10,416.20827138224263
176242,1,1,2,345.666599031676
176248,1,1,4,0.42645458358136
176260,1,1,6,512.1317339659145
176261,1,1,7,137.6807861780232
176265,1,1,5,0.42645457969393247
176266,1,1,10,720.7804762636028
176292,1,1,5,0.42645457969393247
176293,1,1,1,550.381532290437
176306,1,1,9,201.34875191946952
176308,1,1,10,299.2096048700597
176324,1,1,5,0.42645457969393247
176355,1,1,9,302.6066217508446
176371,1,1,4,0.42645458358136
176392,1,1,4,0.4264545919581291
176400,1,1,3,86.1344348969664
176422,1,1,7,156.84060591487312
176426,1,1,9,539.7487231300847
176428,1,1,5,0.42645457969393247
176435,1,1,9,118.55162447477404
176442,1,1,8,636.8562092815527
176443,1,1,9,862.3003751350216
176444,1,1,1,630.3895589959342
176446,0,1,0,0.09066128330116899
176457,1,1,10,674.0123267103081
176463,1,1,9,640.3888851764113
176480,1,1,8,685.465189967761
176499,1,1,9,616.5983651651036
176509,1,1,6,165.80526811576684
176534,1,1,6,473.3537573908639
176543,1,1,10,524.451086584361
176557,1,1,9,706.8073778393326
176558,1,1,9,64.1857402067313
176592,1,1,5,0.42645457969393247
176599,1,1,8,416.5596495351754
176603,1,1,8,947.600735679794
176604,1,1,5,0.42645457969393247
176608,1,1,5,0.42645457969393247
176611,1,1,6,793.7618854880934
176634,1,1,9,414.758206029676
176641,1,1,6,576.5579492546575
176661,1,1,5,0.42645457969393247
176677,1,1,9,674.2190365078344
176679,1,1,5,0.42645457969393247
176693,1,1,5,0.42645457969393247
176694,1,1,6,459.5749458287794
176695,1,1,3,63.51418279925278
176708,1,1,8,645.411293824575
176738,1,1,1,626.0146959285057
176758,1,1,9,875.089003268246
176759,1,1,8,531.1280345617097
176778,1,1,4,0.42645458358136
176808,1,1,9,628.658398629464
176810,1,1,6,732.6474616686804
176814,1,1,6,254.39420047839118
176817,1,1,5,0.42645457969393247
176829,1,1,9,551.7340534627281
176831,1,1,1,382.2610596993152
176845,1,1,4,0.42645458358136
176847,1,1,6,300.2962736660963
176854,1,1,10,684.9867799920306
176877,1,1,9,651.9849334735097
176909,1,1,9,859.6633640178412
176921,1,1,5,0.42645457969393247
176936,1,1,5,0.42645457969393247
176951,1,1,10,260.7010213532096
176973,1,1,4,0.42645458358136
176984,1,1,8,285.3397716149226
176989,1,1,10,600.951599205324
177006,1,1,5,0.42645457969393247
177007,1,1,9,645.3507893710171
177008,1,1,8,274.09452525925144
177012,1,1,10,720.3201925762284
177021,1,1,5,0.42645457969393247
177023,1,1,2,187.55617574102342
177032,1,1,7,76.30964413335205
177035,1,1,9,696.3064810601263
177036,1,1,8,890.1453326327301
177043,1,1,9,809.7295803398032
177045,1,1,5,0.42645456789925423
177048,1,1,1,501.4840861503374
177054,1,1,10,297.0147246045091
177092,1,1,4,0.42645458358136
177096,1,1,9,808.5439743860095
177100,1,1,8,561.9607283259502
177103,1,1,10,460.48013479074416
177109,1,1,10,559.4373188209032
177111,1,1,8,221.8905423019154
177117,1,1,10,422.659788609805
177127,1,1,5,0.42645457969393247
177148,1,1,10,450.3895058190837
177181,1,1,1,363.0420222372602
177184,1,1,8,578.5576373018492
177202,1,1,4,0.42645458358136
177209,1,1,5,0.42645457969393247
177221,1,1,4,0.42645458358136
177237,1,1,9,773.0590240874961
177256,1,1,4,0.42645458358136
177259,1,1,4,0.42645458358136
177269,1,1,4,0.42645458358136
177280,1,1,7,85.1464052764701
177291,1,1,5,0.42645457969393247
177296,1,1,1,258.6436678353136
177322,1,1,10,558.3922294556522
177326,1,1,9,412.9137100131137
177333,1,1,6,764.6439089549249
177346,1,1,10,698.2310837508037
177347,1,1,8,689.0314476935065
177353,1,1,3,93.28284779893134
177362,1,1,5,0.42645457969393247
177367,1,1,2,327.27720479860784
177409,1,1,5,0.42645456789925423
177412,1,1,6,209.92666230790377
177419,1,1,2,465.0536982738869
177422,1,1,7,138.44045063118412
177424,1,1,8,786.2595366202102
177437,1,1,6,685.96999799084
177451,1,1,8,293.3282544665372
177452,1,1,6,556.6420807933974
177458,1,1,4,0.42645458358136
177481,1,1,6,731.2643462162275
177482,1,1,1,755.6281471097017
177489,1,1,6,499.93806499285205
177514,1,1,4,0.42645458358136
177528,1,1,8,306.6121041549589
177530,1,1,8,707.3094639017615
177546,1,1,4,0.42645458358136
177552,1,1,9,443.6167988100149
177555,1,1,3,89.48007024115027
177563,1,1,8,812.5528593818174
177607,1,1,2,416.2509224015663
177609,1,1,5,0.42645457969393247
177612,1,1,10,337.42188677675614
177636,1,1,7,83.55606454873318
177644,1,1,10,230.76667007894426
177656,1,1,3,69.72506086588477
177670,1,1,4,0.42645458358136
177675,1,1,10,622.2509508983844
177703,1,1,5,0.42645457969393247
177708,1,1,8,167.44680829715554
177739,1,1,5,0.42645457969393247
177747,1,1,4,0.42645458358136
177748,1,1,9,706.8285309438908
177754,1,1,9,510.21309771233194
177767,1,1,9,509.85470097169616
177768,1,1,4,0.42645458358136
177778,1,1,9,698.3998102284907
177824,1,1,8,474.0775131301401
177837,1,1,3,77.92843257924616
177846,1,1,10,203.08841101034284
177851,1,1,6,534.5110552852996
177857,1,1,5,0.42645457969393247
177885,1,1,8,557.544421765919
177902,1,1,8,820.6164578535365
177913,1,1,9,320.22910519812035
177919,1,1,10,193.86282359553257
177946,1,1,9,346.7062160186128
177952,1,1,6,611.4875141586175
177957,1,1,8,118.47525886531558
177968,1,1,9,566.3353293504058
177977,1,1,7,89.01128618892896
177978,1,1,8,722.8884320297726
177983,1,1,3,74.95573990911842
177986,1,1,3,89.98853598394983
177993,1,1,4,0.42645458358136
177998,1,1,9,330.4599290247905
178005,1,1,6,396.92397194175675
178008,1,1,1,537.1069110777165
178034,1,1,7,147.02295450713876
178042,1,1,9,486.3721814001901
178048,1,1,6,693.8049956943145
178053,1,1,6,222.58379016817304
178079,1,1,8,516.0489996171032
178081,1,1,1,215.80580433402545
178083,1,1,1,252.61693054962942
178096,1,1,10,615.3706415610384
178107,1,1,4,0.42645458358136
178110,1,1,7,85.75199443815616
178113,1,1,7,157.06135493057593
178122,1,1,8,709.5710338625461
178134,1,1,1,703.4966048164099
178136,1,1,9,813.2879818777902
178140,1,1,7,111.04320122096831
178143,1,1,8,150.68248009446413
178151,1,1,10,471.3754820074583
178155,1,1,4,0.42645458358136
178182,1,1,9,554.3269505811428
178200,1,1,1,486.15459054747794
178204,1,1,8,811.8218785564459
178212,1,1,2,451.0402971748106
178218,1,1,6,624.3025303110998
178224,1,1,6,786.5403921578493
178231,1,1,9,399.66833210379417
178242,0,1,0,0.1418504846471021
178243,1,1,1,709.0104890957429
178253,1,1,8,396.8468297531834
178264,1,1,9,787.0325990558574
178269,1,1,5,0.42645457969393247
178277,1,1,9,611.5008824501458
178301,1,1,3,90.54599461238773
178308,1,1,6,412.84905240909586
178319,1,1,5,0.42645457969393247
178321,1,1,8,543.2267201518064
178322,1,1,10,122.42143257381056
178323,1,1,9,263.8000690936352
178330,1,1,5,0.42645457969393247
178334,1,1,6,219.82320810283628
178346,1,1,6,554.2326750691083
178361,1,1,7,76.97026607174911
178372,1,1,4,0.42645458358136
178373,1,1,8,560.5667437323104
178385,1,1,4,0.42645458358136
178410,1,1,9,248.9567209535727
178415,1,1,5,0.42645457969393247
178417,1,1,9,94.9738407764684
178423,1,1,6,434.515073484842
178437,1,1,6,510.1797640132692
178442,1,1,8,502.64208708780774
178453,1,1,10,719.7958869435021
178477,1,1,6,541.9662323531306
178498,1,1,9,267.9105757400311
178504,1,1,10,460.24979320298115
178509,1,1,4,0.42645458358136
178516,1,1,9,837.6243928361763
178522,1,1,7,159.64880079791158
178526,1,1,4,0.42645458358136
178530,1,1,1,552.8879230284831
178531,1,1,5,0.42645457969393247
178532,1,1,10,339.06388806678996
178536,1,1,6,164.2965365214963
178539,1,1,5,0.42645457969393247
178543,1,1,6,179.55808440277474
178545,1,1,8,633.9203487755652
178549,1,1,7,163.12587555107766
178560,1,1,10,582.0042001857837
178576,1,1,5,0.42645457969393247
178588,1,1,6,615.1810561781773
178597,1,1,9,885.2196056011238
178599,1,1,5,0.42645456789925423
178600,1,1,9,448.9449006394818
178605,1,1,10,414.57234122765755
178617,1,1,8,554.9355774031981
178628,1,1,6,804.5114878598393
178659,1,1,8,772.214737047152
178673,1,1,6,720.9492537902994
178677,1,1,9,885.93232218656
178682,1,1,8,798.3167297925191
178715,1,1,1,217.49057279286234
178743,1,1,4,0.42645458358136
178749,1,1,9,471.23969896736094
178752,1,1,10,461.404732100905
178760,1,1,6,616.4300640602078
178782,1,1,6,507.4856780103254
178783,1,1,5,0.42645457969393247
178789,1,1,9,127.9177361135475
178792,1,1,2,107.56871669936663
178794,1,1,3,90.60549045518796
178809,1,1,7,128.8530376492164
178848,1,1,1,215.64882438670773
178855,1,1,9,123.69542410637945
178864,1,1,2,427.52136147010384
178893,1,1,10,659.5040883179408
178902,1,1,9,592.5032246372824
178914,1,1,10,460.10308327795923
178923,1,1,8,800.5334586973394
178926,1,1,5,0.42645457969393247
178934,1,1,10,718.194381833553
178935,1,1,9,205.08621268223447
178938,1,1,7,80.27760196334114
178960,1,1,9,65.26140541848267
178964,1,1,6,214.70470772177174
178968,1,1,9,832.1842385169724
178969,1,1,5,0.42645457969393247
178972,1,1,8,212.60262664287026
178986,1,1,5,0.42645457969393247
179003,1,1,10,589.5379944448223
179006,1,1,9,621.0712499732366
179017,1,1,8,835.7034516974732
179047,1,1,2,468.0587331919774
179099,1,1,9,678.5949663239029
179109,1,1,2,60.73644208523683
179116,1,1,6,694.5534350277522
179119,1,1,5,0.42645457969393247
179127,1,1,7,132.47707092857635
179135,1,1,9,276.8462800231943
179137,1,1,9,38.974619439650546
179165,1,1,9,195.21106380044958
179172,1,1,4,0.42645458358136
179175,1,1,4,0.42645458358136
179176,1,1,9,877.8795003277738
179177,1,1,9,707.9964685703437
179188,1,1,5,0.42645457969393247
179189,1,1,9,569.4345271717162
179207,1,1,2,374.21028339593045
179212,1,1,5,0.42645457969393247
179217,1,1,8,325.29544726697833
179220,1,1,6,544.1009126684992
179227,1,1,4,0.42645458358136
179232,1,1,5,0.42645457969393247
179233,1,1,5,0.42645457969393247
179235,1,1,4,0.42645458358136
179236,1,1,9,312.7104897558254
179249,1,1,7,73.27804611233152
179251,1,1,9,697.1718327534658
179258,1,1,4,0.42645458358136
179261,1,1,1,404.85303196258786
179270,1,1,6,271.05103479960087
179285,1,1,9,710.839496745943
179287,1,1,5,0.42645457969393247
179290,1,1,5,0.42645457969393247
179299,1,1,4,0.42645458358136
179302,1,1,9,660.1345101855742
179305,1,1,6,326.42387045845794
179313,0,1,0,0.11515147496657521
179316,1,1,8,271.180710891129
179319,1,1,9,846.1021990047749
179333,1,1,9,850.5246572563326
179335,1,1,10,649.0525995748275
179357,1,1,9,881.5433708044137
179379,1,1,6,411.37743370214895
179412,1,1,1,299.70383760183506
179424,1,1,9,469.78985169203054
179431,1,1,8,862.7428949701001
179438,1,1,8,290.31672627523756
179446,1,1,6,645.22555992326
179449,1,1,5,0.42645457969393247
179452,1,1,9,533.1092290943506
179454,1,1,4,0.42645458358136
179456,1,1,6,753.8866311501105
179463,1,1,9,283.22606441089044
179485,1,1,5,0.42645457969393247
179492,1,1,6,543.1427770529464
179497,1,1,9,597.5285556973771
179499,1,1,4,0.42645458358136
179513,1,1,3,89.12461509643477
179515,0,1,0,0.17098702405152164
179528,1,1,9,582.9729208718851
179530,1,1,9,851.5053029902034
179558,1,1,5,0.42645457969393247
179566,1,1,8,707.8627137318367
179567,1,1,5,0.42645457969393247
179570,1,1,6,731.0966096298562
179588,1,1,8,835.2078251986034
179606,1,1,10,271.93682621384374
179619,1,1,7,170.44190358246524
179623,1,1,7,86.15306586399545
179638,1,1,8,595.7508732108021
179640,1,1,6,638.7853218408694
179646,1,1,9,596.1912741898162
179648,1,1,9,822.1636008865751
179650,1,1,6,772.401174840097
179651,1,1,7,136.97852883495676
179658,1,1,9,771.6921444025708
179659,1,1,3,86.09836496763009
179660,1,1,9,297.2746813154701
179662,1,1,7,166.59103163226973
179674,1,1,10,500.8353818082565
179682,1,1,9,449.26772333597654
179688,1,1,9,644.9382327065192
179689,1,1,4,0.42645458358136
179691,1,1,5,0.42645457969393247
179701,1,1,9,557.7286427123338
179729,1,1,4,0.42645458358136
179736,1,1,7,80.56258848133893
179752,1,1,9,501.221449871388
179791,1,1,9,161.79910592150244
179801,1,1,7,96.63900662609949
179809,1,1,10,637.946901548636
179811,1,1,6,431.35413298645784
179812,1,1,8,195.5515969578015
179813,1,1,10,402.3391213085703
179817,1,1,4,0.42645458358136
179821,1,1,6,253.35293220646972
179825,1,1,9,557.4922097097473
179833,1,1,6,407.66064207281505
179844,1,1,10,677.9947571836879
179879,1,1,4,0.42645458358136
179895,1,1,5,0.42645457969393247
179909,1,1,5,0.42645457969393247
179914,1,1,5,0.42645457969393247
179923,1,1,9,461.3844866587513
179924,1,1,6,372.77494163092996
179927,1,1,8,171.02076733817486
179932,1,1,5,0.42645457969393247
179935,1,1,4,0.42645458358136
179945,1,1,6,501.00050940274576
179958,1,1,1,513.6130042268405
179962,1,1,3,55.17610707773956
179971,1,1,10,358.23190027125173
179975,1,1,1,501.54013554577534
179979,1,1,5,0.42645457969393247
179984,1,1,10,720.7819223834605
180014,1,1,8,922.7641480277209
180017,1,1,6,544.0801207128313
180018,1,1,6,740.0693423567238
180023,1,1,10,622.1101311698274
180040,1,1,8,283.51318317578455
180058,1,1,4,0.42645458358136
180076,1,1,8,429.173847676708
180077,1,1,10,453.03635974779905
180086,1,1,6,471.2125977662983
180088,1,1,5,0.42645457969393247
180089,1,1,4,0.42645458358136
180094,1,1,9,621.8315194733988
180106,1,1,8,690.8167038963816
180113,1,1,8,415.0045774846177
180122,1,1,9,799.2599389990648
180123,1,1,5,0.42645457969393247
180135,1,1,6,521.1621252766238
180150,1,1,10,532.8201251679568
180159,1,1,10,521.9685177022174
180209,1,1,6,810.0166622329359
180229,1,1,4,0.42645458358136
180230,1,1,9,769.322556329392
180235,1,1,8,754.1532883204503
180236,1,1,7,166.22605935044726
180251,1,1,9,38.45674847361367
180267,1,1,4,0.42645458358136
180286,1,1,1,492.53524781674525
180291,1,1,1,295.6742883048667
180298,1,1,8,865.6063599180167
180325,1,1,5,0.42645457969393247
180330,1,1,6,784.5074867730136
180344,1,1,3,36.606672517031626
180348,1,1,10,138.81749923523773
180353,1,1,8,497.69503411768613
180355,1,1,5,0.42645457969393247
180359,1,1,9,516.387767904955
180361,1,1,5,0.42645457969393247
180391,1,1,5,0.42645457969393247
180396,1,1,8,378.09678336311043
180413,1,1,9,447.6319115561689
180417,1,1,6,276.33391592876296
180440,1,1,1,523.5235676784756
180442,1,1,8,424.7598854403132
180452,1,1,6,721.4453937982714
180456,1,1,2,450.9156415887505
180476,1,1,6,692.1447017342091
180490,1,1,8,850.2568984530172
180514,1,1,5,0.42645457969393247
180519,1,1,4,0.42645458358136
180528,1,1,9,862.1916318307342
180551,1,1,8,549.9744360718724
180554,1,1,9,837.1588413769701
180570,1,1,8,870.9616156120878
180573,1,1,8,808.5321024937574
180587,1,1,3,89.87179491222216
180592,1,1,4,0.42645458358136
180610,1,1,4,0.42645458358136
180617,1,1,9,875.3265929804204
180618,1,1,1,486.82775376804847
180627,1,1,4,0.42645458358136
180628,1,1,5,0.42645457969393247
180631,1,1,3,71.16154551213262
180637,1,1,8,876.682387025544
180638,1,1,8,448.9645210738083
180679,1,1,7,164.6527019325039
180687,1,1,5,0.42645457969393247
180710,1,1,1,537.5333710283163
180715,1,1,10,199.67397741904838
180726,1,1,7,162.52268601550742
180736,1,1,9,772.3517014790417
180745,1,1,8,641.1803027930592
180746,1,1,5,0.42645456789925423
180755,1,1,6,393.65461184613787
180764,1,1,5,0.42645457969393247
180772,1,1,8,940.6291776365725
180779,1,1,5,0.42645457969393247
180780,1,1,8,893.8156798303828
180785,1,1,6,422.76794680025364
180853,1,1,8,728.6724935073889
180897,1,1,6,431.3438250506866
180898,0,1,0,0.07204333527840509
180914,1,1,4,0.42645458358136
180920,1,1,5,0.42645457969393247
180935,1,1,4,0.42645458358136
180938,1,1,8,455.01338533716626
180942,1,1,10,669.480555462301
180945,1,1,9,796.9164784090408
180979,1,1,8,726.3732737862639
180992,1,1,6,743.9461577296352
181002,1,1,10,677.002266443268
181004,1,1,4,0.42645458358136
181005,1,1,6,549.1342515320426
181008,1,1,9,791.7311313614676
181015,1,1,4,0.42645458358136
181039,1,1,6,363.148054979014
181044,1,1,4,0.42645458358136
181050,1,1,6,429.4354212699082
181084,1,1,10,460.3910279279072
181090,1,1,8,365.49630184069116
181096,1,1,10,589.4190218774646
181101,1,1,5,0.42645457969393247
181110,1,1,8,430.30591695955803
181116,1,1,4,0.4264545919581291
181139,1,1,9,609.7246523877085
181160,1,1,8,593.2884698964676
181162,1,1,6,468.40396101103477
181165,1,1,4,0.42645458358136
181181,1,1,1,666.9037654952702
181210,1,1,6,276.33047459447954
181211,1,1,6,225.42412904628858
181235,1,1,10,190.50527108186455
181240,1,1,8,491.89174620823457
181254,1,1,4,0.42645458358136
181306,1,1,2,403.73507835523856
181307,1,1,5,0.42645457969393247
181314,1,1,1,759.7863858051813
181353,1,1,4,0.42645458358136
181385,1,1,4,0.42645458358136
181395,1,1,3,45.35671010430184
181398,1,1,5,0.42645457969393247
181400,1,1,2,73.82113142767858
181430,1,1,9,855.3794689930746
181431,1,1,6,466.88122022178
181432,1,1,10,524.6858480825696
181437,1,1,8,503.7665476714494
181439,1,1,5,0.42645457969393247
181455,1,1,9,854.3884252003422
181463,1,1,10,179.72384916999562
181465,1,1,10,328.64795789842333
181477,1,1,4,0.42645458358136
181507,1,1,2,307.1045729438597
181520,1,1,4,0.42645458358136
181526,1,1,4,0.42645458358136
181562,1,1,8,523.3433402266979
181564,1,1,8,734.5363735123874
181568,1,1,5,0.42645456789925423
181585,1,1,3,91.50403607120101
181591,1,1,5,0.42645457969393247
181592,1,1,3,41.98866274421194
181597,1,1,1,650.1811910605027
181610,1,1,5,0.42645457969393247
181624,1,1,4,0.42645458358136
181628,1,1,6,276.8670042778433
181629,1,1,6,771.0678992927898
181646,1,1,5,0.42645457969393247
181653,1,1,5,0.42645457969393247
181677,1,1,7,157.31402665430545
181680,1,1,4,0.42645458358136
181682,1,1,5,0.42645457969393247
181686,1,1,9,548.9812514081914
181698,1,1,10,87.82781036438041
181713,1,1,4,0.42645458358136
181714,1,1,4,0.42645458358136
181724,1,1,4,0.42645458358136
181728,1,1,6,620.5895619768253
181735,1,1,6,331.80210130503207
181740,1,1,8,838.7338191223164
181744,1,1,7,57.9980324563981
181761,1,1,2,309.27982606765653
181773,1,1,4,0.42645458358136
181776,1,1,8,782.5847209336412
181797,1,1,3,78.05134549578311
181823,1,1,5,0.42645457969393247
181849,1,1,5,0.42645457969393247
181850,1,1,1,347.67626590894736
181861,1,1,5,0.42645457969393247
181882,1,1,4,0.4264545919581291
181883,1,1,1,556.8200134231618
181900,1,1,5,0.42645457969393247
181916,1,1,10,724.2860247456671
181933,1,1,5,0.42645457969393247
181941,1,1,6,616.9437225652132
181968,1,1,9,852.7234050472875
181980,1,1,1,608.6789540076439
181986,1,1,4,0.42645458358136
181987,1,1,1,598.349740994224
181989,1,1,10,506.7091707624462
181990,1,1,8,380.6187760573209
181999,1,1,4,0.42645458358136
182003,1,1,8,294.2390361431568
182012,1,1,4,0.42645457969393247
182026,1,1,4,0.42645458358136
182027,1,1,10,409.5815127140092
182038,1,1,8,256.27820075177095
182040,1,1,2,470.3437653255688
182043,1,1,1,655.3285328715762
182045,1,1,3,90.82865227552303
182066,1,1,4,0.42645458358136
182080,1,1,6,605.0064073148081
182082,1,1,10,651.5749355889063
182090,1,1,6,535.9244447704782
182114,1,1,8,810.992373504879
182127,1,1,2,203.58128326521486
182130,1,1,8,540.4551423542836
182133,1,1,5,0.42645457969393247
182134,1,1,8,758.7131154944717
182155,1,1,6,605.743974316595
182156,1,1,4,0.42645458358136
182158,1,1,10,721.9512214488966
182164,1,1,3,53.689533826434136
182194,1,1,5,0.42645457969393247
182206,1,1,4,0.42645458358136
182216,1,1,8,595.2953243517055
182227,1,1,10,263.759190862589
182237,1,1,9,812.4848345919748
182259,1,1,5,0.42645457969393247
182266,1,1,7,157.67850177318388
182294,1,1,9,562.0224558115309
182302,1,1,10,221.79572829748952
182303,0,1,0,0.11696164485838938
182325,1,1,4,0.42645458358136
182338,1,1,10,458.42732767881586
182357,1,1,9,610.6850257847926
182366,1,1,4,0.42645458358136
182390,1,1,6,390.27377243061056
182395,1,1,1,314.8375071478019
182417,1,1,3,87.93557167621249
182426,1,1,4,0.42645458358136
182434,1,1,3,81.50934543047124
182439,1,1,6,591.5570014809001
182441,1,1,5,0.42645457969393247
182516,1,1,6,620.5477546469889
182518,1,1,10,720.3288848916554
182520,1,1,3,92.16452984213035
182523,1,1,8,728.3438865112466
182532,1,1,4,0.42645458358136
182566,1,1,8,210.17024187364933
182568,1,1,9,855.3830929634403
182572,1,1,1,245.49560978915153
182577,1,1,9,804.3420212190235
182579,1,1,6,367.7955703168864
182588,1,1,1,623.5619365379561
182590,1,1,10,720.2209038582912
182600,1,1,4,0.42645458358136
182605,1,1,9,456.87068281896876
182613,1,1,8,859.1024315590873
182614,1,1,4,0.42645458358136
182623,1,1,9,502.8217148177665
182632,1,1,8,642.0771398303671
182643,1,1,3,44.95479541089452
182646,1,1,6,784.6013053483125
182663,1,1,9,788.1907507230998
182666,1,1,6,175.43900444133533
182674,0,1,0,0.11841153159557062
182678,1,1,9,490.8584845653231
182696,0,1,0,0.1181604723677297
182697,1,1,1,734.1148076119248
182709,1,1,8,398.17495409316996
182715,1,1,4,0.42645458358136
182721,1,1,2,376.94681889906866
182766,1,1,8,612.8080292145838
182768,1,1,5,0.42645457969393247
182776,1,1,5,0.42645457969393247
182782,1,1,7,154.56061174607729
182793,1,1,4,0.42645458358136
182794,1,1,8,812.8055531880008
182799,1,1,10,431.33120845054793
182800,1,1,5,0.42645457969393247
182802,1,1,8,782.0992187394562
182808,1,1,1,595.6106289044269
182826,1,1,9,209.1739498207849
182828,1,1,9,323.24014274572903
182835,1,1,2,363.85538071438225
182838,1,1,5,0.42645456789925423
182851,1,1,4,0.42645458358136
182867,1,1,6,725.0375841190141
182870,1,1,6,676.94420831366
182881,1,1,5,0.42645457969393247
182882,1,1,7,85.68722346343252
182891,1,1,4,0.42645458358136
182894,1,1,8,946.5023204670523
182909,1,1,3,92.91273084419191
182913,1,1,10,156.3365537893589
182914,1,1,9,791.93053998011
182922,1,1,10,425.0414010900095
182938,1,1,8,634.6999028863048
182944,1,1,9,459.9399439877042
182953,1,1,10,327.5990895581497
182964,1,1,4,0.42645458358136
182981,1,1,9,606.9777043934467
182991,1,1,9,797.4397381082894
183009,1,1,5,0.42645457969393247
183023,1,1,4,0.42645458358136
183062,0,1,0,0.09635321012602353
183071,1,1,2,88.40830365542625
183083,1,1,6,632.4603173625774
183084,1,1,8,456.4225454577904
183105,1,1,10,423.11956323888893
183107,1,1,9,673.0566844411811
183113,1,1,10,631.2420452946249
183127,1,1,9,750.1833638102137
183134,1,1,6,444.4493109216255
183141,1,1,10,429.367451759458
183145,1,1,1,633.2936644219827
183149,1,1,5,0.42645456789925423
183150,1,1,5,0.42645456789925423
183158,1,1,1,222.61009764298544
183179,1,1,2,79.55451905371464
183182,1,1,8,899.1067565132557
183197,1,1,5,0.42645457969393247
183203,1,1,9,864.7069059113367
183210,1,1,5,0.42645457969393247
183214,1,1,9,633.1420557159875
183249,1,1,5,0.42645457969393247
183257,1,1,10,418.0873931641185
183259,1,1,9,596.6169123114154
183265,1,1,4,0.42645458358136
183270,1,1,8,777.9752849373431
183285,1,1,4,0.42645458358136
183298,1,1,9,574.6484232131507
183314,1,1,10,514.645077069587
183323,1,1,9,747.7663819587323
183331,1,1,10,233.39254173719587
183337,1,1,5,0.42645457969393247
183339,1,1,7,169.45871998695347
183352,1,1,8,874.3476964051091
183363,1,1,7,135.71382361619956
183366,1,1,4,0.42645458358136
183381,1,1,5,0.42645457969393247
183392,1,1,9,75.0313512106822
183399,1,1,5,0.42645457969393247
183410,1,1,6,544.5512324573267
183413,1,1,6,290.51563207031984
183414,1,1,2,256.3203790396189
183431,1,1,5,0.42645457969393247
183438,1,1,5,0.42645457969393247
183444,1,1,6,655.4895117068305
183461,1,1,5,0.42645456789925423
183464,1,1,5,0.42645457969393247
183476,1,1,4,0.42645458358136
183492,1,1,9,540.0231454683611
183496,1,1,10,363.9091130368448
183497,0,1,0,0.1163629296151048
183516,1,1,2,320.1552652985015
183517,1,1,8,836.0453092579493
183524,1,1,1,454.56438045748496
183537,1,1,6,745.0225038037277
183545,1,1,6,587.5900854450367
183549,1,1,8,274.29487659158656
183551,1,1,8,290.6506087283549
183564,1,1,10,130.11054486606236
183566,1,1,9,812.9931144961586
183577,1,1,5,0.42645457969393247
183587,1,1,5,0.42645457969393247
183590,1,1,8,907.271247017149
183595,1,1,10,318.5437575125794
183598,1,1,7,94.17094897851153
183616,1,1,5,0.42645457969393247
183627,1,1,3,93.93061492211336
183636,1,1,6,640.1892409562682
183643,1,1,1,692.0639550684265
183647,1,1,4,0.42645458358136
183675,1,1,4,0.42645458358136
183680,1,1,1,371.0579344394187
183684,1,1,4,0.42645458358136
183693,1,1,6,452.05604235865223
183717,1,1,9,865.7253634698541
183724,1,1,9,371.67259194817876
183725,1,1,6,499.9538519410529
183730,1,1,9,500.33107400836457
183733,1,1,9,582.8050029363682
183741,1,1,2,382.1010901166533
183756,1,1,10,463.7192007216277
183766,1,1,5,0.42645457969393247
183768,1,1,4,0.42645458358136
183772,1,1,10,434.7213479413635
183776,1,1,9,562.1691205950364
183783,1,1,5,0.42645457969393247
183792,1,1,6,262.2107044267333
183796,1,1,10,367.05635878014556
183806,1,1,8,808.8742357459477
183810,1,1,10,432.1697082738188
183811,1,1,4,0.42645458358136
183812,1,1,8,456.74015197971954
183825,1,1,6,783.8768289554757
183835,1,1,8,434.4476509414483
183837,1,1,8,272.2226306647197
183838,1,1,10,705.0332457405549
183842,1,1,1,369.5021633265895
183846,1,1,10,720.3013696513922
183847,1,1,6,221.94553772280997
183852,1,1,10,529.9409982538124
183862,1,1,5,0.42645457969393247
183863,1,1,7,113.55954546974786
183888,1,1,9,450.15500568070553
183918,1,1,9,674.7443081780546
183922,1,1,4,0.42645458358136
183931,1,1,1,202.3429442065838
183938,1,1,5,0.42645457969393247
183939,1,1,1,229.18767262321933
183940,1,1,4,0.4264545919581291
183952,1,1,10,626.0108900326862
183957,1,1,9,588.3130805201279
183960,1,1,8,535.0609414830084
183973,1,1,10,485.6967956791025
183986,1,1,8,390.66644131171415
183990,1,1,1,696.4373118531329
183991,1,1,4,0.42645458358136
183996,1,1,9,725.0641297647433
183999,1,1,6,381.78795907365264
184006,1,1,4,0.42645458358136
184009,1,1,4,0.42645458358136
184013,1,1,6,584.297954984345
184029,1,1,6,399.81801195855314
184034,1,1,5,0.42645457969393247
184048,1,1,4,0.42645458358136
184065,1,1,5,0.42645457969393247
184066,1,1,5,0.42645457969393247
184082,1,1,1,649.7198219921421
184084,1,1,8,419.2290832336037
184104,1,1,5,0.42645457969393247
184114,1,1,8,567.1767666894586
184131,1,1,5,0.42645457969393247
184142,1,1,10,581.5284959328679
184180,1,1,8,298.0864580975132
184185,1,1,10,717.0646191873408
184191,1,1,8,131.3123943042275
184197,1,1,9,492.1698015748629
184207,1,1,8,703.2271151340591
184210,1,1,6,721.370378719319
184217,1,1,9,627.69738209759
184228,1,1,6,496.8951582848461
184232,1,1,9,339.3257019335979
184237,1,1,6,546.0447561881007
184251,1,1,2,429.1875881994506
184264,1,1,4,0.42645458358136
184270,1,1,6,225.3511593167071
184289,1,1,6,788.186345276612
184292,1,1,4,0.42645458358136
184302,1,1,10,619.9470820584276
184304,1,1,4,0.42645458358136
184305,1,1,8,898.9366919009694
184320,1,1,9,707.8999089213949
184322,1,1,8,443.6589188425192
184360,1,1,6,778.8412155989672
184445,1,1,3,93.36835838034673
184448,1,1,9,456.1926943956275
184461,1,1,9,768.0633645950193
184465,1,1,4,0.42645458358136
184466,1,1,1,660.7885718876838
184470,1,1,9,588.3071687642413
184478,1,1,9,162.98226946017036
184481,1,1,7,83.89205456011088
184491,1,1,2,383.6186215068359
184495,1,1,1,655.8444389797191
184502,1,1,5,0.42645457969393247
184512,1,1,10,165.05639859405602
184513,1,1,5,0.42645457969393247
184533,1,1,5,0.42645457969393247
184557,1,1,9,849.8815084032849
184582,1,1,8,443.0754829782915
184584,1,1,5,0.42645457969393247
184600,1,1,8,283.7292624027693
184616,1,1,5,0.42645457969393247
184620,1,1,4,0.4264545919581291
184646,1,1,6,407.0536027232025
184654,1,1,9,136.54957896287397
184658,1,1,1,196.01972502133626
184664,1,1,9,301.51014600318484
184669,1,1,6,335.9399516972773
184688,1,1,1,220.48309130172234
184689,1,1,3,85.53216432344142
184690,1,1,8,766.2558640318714
184709,1,1,6,345.91731882352116
184718,1,1,5,0.42645457969393247
184723,1,1,6,641.751623945665
184734,1,1,1,571.8226534756391
184737,1,1,2,381.5743325997675
184744,1,1,1,485.2344669632807
184748,1,1,6,559.4346567579604
184755,1,1,8,315.63466667245825
184757,1,1,8,890.6287015590908
184758,1,1,9,869.820199692402
184769,1,1,8,786.8190815467516
184778,1,1,1,738.9895273111545
184783,1,1,4,0.42645458358136
184790,1,1,4,0.42645458358136
184792,1,1,9,861.0974431116161
184793,1,1,9,575.9789880930651
184806,1,1,4,0.42645458358136
184841,1,1,10,425.4138492645094
184843,1,1,9,278.1263858752528
184863,1,1,9,549.9902012203439
184867,1,1,9,682.5150761341245
184868,1,1,10,627.6494278615796
184880,1,1,1,702.1765972515655
184881,1,1,4,0.4264545919581291
184884,1,1,8,690.8612036942887
184896,1,1,9,624.1866808979872
184917,1,1,8,198.68154757217334
184918,1,1,4,0.42645458358136
184931,1,1,7,48.07165139478687
184936,1,1,8,405.71382422325263
184942,1,1,9,868.3215125328558
184948,1,1,5,0.42645457969393247
184959,1,1,9,813.5626094675066
184966,1,1,9,754.0607952281117
184976,0,1,0,0.16651133559341497
184986,1,1,9,156.58920006548882
184990,1,1,2,489.94869258247905
185002,1,1,5,0.42645457969393247
185006,1,1,9,649.6343471225439
185007,1,1,6,225.43540696068132
185011,1,1,4,0.42645458358136
185015,1,1,9,765.5686646273318
185021,0,1,0,0.1770949943959002
185024,1,1,10,668.523206556915
185026,1,1,4,0.42645458358136
185038,1,1,7,143.6139934522831
185042,1,1,5,0.42645457969393247
185050,1,1,5,0.42645457969393247
185070,1,1,3,92.52011673687079
185078,1,1,8,157.64159010244373
185116,1,1,1,544.2796841484488
185143,1,1,9,839.8014298216826
185145,1,1,5,0.42645457969393247
185150,1,1,8,859.2823904296849
185151,1,1,8,837.4672571766578
185170,1,1,4,0.4264545919581291
185178,1,1,9,735.4917281097257
185187,1,1,6,533.6421413813207
185192,1,1,3,47.49861289984708
185205,1,1,9,646.1563368583148
185207,1,1,6,546.8100328080071
185216,1,1,9,259.1679374109429
185218,1,1,1,678.9347997735256
185225,1,1,8,658.9222730015712
185243,1,1,10,668.2913530403226
185250,1,1,5,0.42645457969393247
185259,1,1,9,371.26017828767874
185263,1,1,6,570.5045317242439
185275,1,1,1,459.3903410269635
185299,1,1,9,391.9449040600084
185310,1,1,9,644.6108711030247
185320,1,1,9,698.471751855488
185324,1,1,7,167.3100608831888
185327,1,1,9,408.1793379441572
185338,1,1,10,720.0016605557116
185349,1,1,4,0.42645458358136
185353,1,1,5,0.42645457969393247
185361,1,1,8,307.8922420666517
185375,1,1,10,316.8254646699666
185385,1,1,8,870.8254047545828
185397,1,1,8,628.2945838992806
185402,1,1,2,92.51907140033963
185403,1,1,9,766.2180663093465
185469,1,1,6,316.46687203530234
185475,1,1,5,0.42645457969393247
185480,1,1,1,679.8909998261421
185492,1,1,4,0.42645457969393247
185513,1,1,6,535.0022933530009
185516,1,1,7,7.20623423596551
185518,1,1,1,397.4761616420737
185533,1,1,9,400.6923962834482
185544,1,1,4,0.42645458358136
185550,1,1,10,95.25379401349997
185553,1,1,5,0.42645457969393247
185555,1,1,9,290.6711960199691
185561,1,1,4,0.42645458358136
185606,1,1,5,0.42645457969393247
185612,1,1,6,526.5189008832209
185620,1,1,2,487.9650058096579
185625,1,1,9,450.60994852961335
185626,1,1,7,159.532911753371
185642,1,1,6,772.272392467848
185646,1,1,4,0.42645458358136
185652,1,1,1,739.4182686124823
185653,1,1,9,610.4908386200948
185659,1,1,8,584.8743263779875
185660,1,1,8,680.2575202415492
185676,1,1,9,117.56376014018986
185678,1,1,8,754.2499886277609
185692,1,1,9,813.4980892123914
185707,1,1,9,778.6892267801451
185728,1,1,8,885.9068396044618
185729,1,1,6,787.4033561186685
185735,1,1,8,697.4802498193288
185740,1,1,6,464.05071504425644
185744,1,1,9,485.93266387415235
185748,1,1,6,791.3355296836145
185761,1,1,1,722.0395671495179
185790,1,1,10,182.64751839668276
185791,1,1,5,0.42645456789925423
185805,1,1,5,0.42645456789925423
185839,1,1,5,0.42645457969393247
185863,1,1,4,0.42645458358136
185869,1,1,1,379.58430315165657
185871,1,1,2,408.16886164221796
185874,1,1,4,0.42645458358136
185891,1,1,6,597.4951651540048
185893,1,1,5,0.42645457969393247
185914,1,1,9,390.1942984052509
185947,1,1,4,0.42645458358136
185964,1,1,4,0.42645458358136
185991,1,1,6,382.77136489360674
185994,1,1,5,0.42645457969393247
185996,1,1,9,633.3492981600818
186004,1,1,8,548.3376327195637
186006,1,1,6,617.6967730846902
186033,1,1,7,73.53839830942462
186037,1,1,8,456.77111429763244
186055,1,1,10,474.20142945619887
186056,1,1,8,707.0544782005318
186079,1,1,1,609.0434130978997
186082,1,1,1,452.4634634518369
186086,1,1,9,572.3253013532899
186090,1,1,8,692.6553588725186
186101,1,1,9,723.3354676322316
186106,1,1,6,540.244164843495
186107,1,1,10,415.69552797813213
186115,1,1,10,568.4485044061963
186124,1,1,9,756.9135537691081
186147,1,1,1,472.62051657997955
186174,1,1,8,707.694073308129
186175,1,1,1,264.6375297347905
186177,1,1,10,718.4552969581937
186250,1,1,6,277.8789376075132
186256,1,1,9,500.5252525376552
186257,1,1,8,455.8974266464904
186263,1,1,10,708.6815199887488
186267,1,1,5,0.42645457969393247
186268,1,1,9,860.7822423418518
186273,1,1,8,746.3314284709547
186349,1,1,4,0.42645458358136
186355,1,1,8,800.914263259217
186364,1,1,1,199.2229940707495
186382,1,1,4,0.42645458358136
186416,1,1,6,475.7403874593623
186433,1,1,4,0.42645457969393247
186435,1,1,1,666.8716002625797
186444,1,1,6,423.2344753464344
186446,1,1,9,596.6285277600664
186451,1,1,8,321.8098268834216
186470,1,1,8,150.29076752567215
186484,1,1,6,779.7103286684652
186497,1,1,9,640.5062124459989
186501,1,1,7,142.75740450111795
186505,1,1,9,863.4938834188072
186515,1,1,5,0.42645457969393247
186530,1,1,1,738.6758890915365
186536,1,1,10,569.8258158401296
186560,1,1,2,210.67273521922078
186563,1,1,9,405.83351417717074
186591,1,1,4,0.42645458358136
186621,1,1,9,233.57911153170116
186624,1,1,8,368.1681909058963
186653,1,1,8,811.6687359624808
186678,1,1,5,0.42645456789925423
186681,1,1,9,791.9667061426927
186685,1,1,1,661.3940719372531
186700,1,1,10,449.3236740435688
186701,1,1,9,329.9411841173349
186707,1,1,8,261.08513377601736
186717,1,1,9,689.1958016196493
186720,1,1,2,440.73948858311115
186732,1,1,8,545.7730080401186
186747,1,1,7,129.68934805261432
186752,1,1,4,0.42645458358136
186758,1,1,7,124.47735856836101
186764,1,1,9,318.4836395504408
186772,1,1,4,0.42645458358136
186773,1,1,1,516.7182642063898
186780,1,1,9,884.3267348697781
186783,1,1,9,824.7271765000803
186802,1,1,10,659.8944649086259
186807,1,1,5,0.42645457969393247
186825,1,1,9,571.04658310044
186828,1,1,6,641.2269000187054
186833,1,1,8,385.04323805560745
186840,1,1,9,394.4185955530323
186856,1,1,10,625.868867381054
186859,1,1,3,40.78028494885014
186863,1,1,10,150.71251852715451
186869,1,1,3,46.759218135550036
186883,1,1,4,0.42645458358136
186888,1,1,10,426.0879253631453
186918,1,1,9,465.10217997203625
186921,1,1,2,478.7501178079439
186947,1,1,5,0.42645456789925423
186948,1,1,8,456.3005401800215
186959,1,1,7,35.09340105164363
186962,1,1,1,459.51642627755837
186963,1,1,8,460.05248901967786
186964,1,1,8,172.72510264523362
186967,1,1,10,247.9715992233501
186991,1,1,8,548.0870647127773
186999,1,1,2,212.29312400826734
187011,1,1,6,672.5292527603398
187021,1,1,4,0.42645458358136
187022,1,1,10,540.3787649050828
187031,1,1,1,757.7710075680047
187039,1,1,4,0.42645458358136
187045,1,1,6,803.3916988009245
187046,1,1,6,655.0691135113271
187056,1,1,4,0.42645458358136
187074,1,1,4,0.42645458358136
187080,1,1,10,720.170761386184
187091,1,1,9,790.227973628963
187115,1,1,9,519.3741450189256
187131,1,1,5,0.42645457969393247
187146,1,1,2,362.8258310720025
187162,1,1,6,587.4508566771998
187172,1,1,5,0.42645457969393247
187173,1,1,6,537.767965463859
187176,1,1,4,0.42645458358136
187183,1,1,5,0.42645457969393247
187203,1,1,5,0.42645457969393247
187211,1,1,6,466.7990104468806
187233,1,1,3,85.15304682824765
187235,1,1,9,857.6435382270823
187243,1,1,5,0.42645456789925423
187248,1,1,2,467.29304284294346
187270,1,1,9,849.7343475650771
187284,1,1,4,0.42645458358136
187298,1,1,4,0.42645458358136
187312,1,1,9,411.1618902289561
187314,1,1,5,0.42645457969393247
187329,1,1,5,0.42645457969393247
187337,0,1,0,0.15655124465815684
187339,1,1,6,665.5128555926224
187342,1,1,5,0.42645457969393247
187343,1,1,10,250.8076936078983
187352,1,1,10,194.07788850477962
187369,1,1,9,580.7104977158743
187388,1,1,8,794.1574060798987
187398,1,1,6,729.0341278700924
187416,1,1,8,381.30157529780007
187418,1,1,6,394.02754030002126
187420,1,1,10,529.3104365687955
187424,1,1,3,70.42538570373974
187430,1,1,10,575.5331585903504
187440,1,1,1,280.6749680330052
187443,1,1,5,0.42645457969393247
187464,1,1,8,302.47308501331617
187466,1,1,8,445.75522950616835
187470,1,1,10,719.0975340977254
187472,1,1,9,233.11919814075156
187475,1,1,9,551.6412150227047
187482,1,1,9,516.2148596189
187485,1,1,6,662.9253180929917
187488,1,1,4,0.42645458358136
187507,1,1,8,798.8345804860878
187518,1,1,4,0.4264545919581291
187523,1,1,4,0.4264545919581291
187541,1,1,10,719.6267771684844
187550,1,1,8,780.6087661950565
187564,1,1,10,247.93750262582176
187568,1,1,5,0.42645457969393247
187584,1,1,9,693.3299513543284
187602,1,1,4,0.42645458358136
187608,1,1,6,301.2485398619162
187615,1,1,8,683.7569824206571
187623,1,1,5,0.42645457969393247
187640,1,1,9,175.11400383201598
187666,1,1,10,721.0828966940612
187688,1,1,3,83.47103091379066
187711,1,1,10,535.6132129151347
187717,1,1,1,401.9916574800182
187739,1,1,5,0.42645457969393247
187746,1,1,9,634.4598062872212
187752,1,1,1,745.2207791520001
187756,1,1,9,576.5684793722926
187757,1,1,2,467.4053474371727
187764,1,1,6,783.3540849296152
187776,1,1,4,0.42645458358136
187789,1,1,9,861.5212071947487
187808,1,1,8,661.868483181742
187815,1,1,6,803.2457656218899
187825,1,1,9,480.53706358878327
187832,1,1,8,641.4347442302396
187846,1,1,6,805.7141591342435
187849,1,1,8,357.7730392900944
187887,1,1,5,0.42645457969393247
187898,1,1,8,392.5392203086823
187918,1,1,6,303.8386378233119
187920,1,1,5,0.42645456789925423
187930,1,1,4,0.42645458358136
187935,1,1,1,220.98440006143093
187943,1,1,1,221.59631243633126
187958,1,1,1,227.28367846962763
187970,1,1,8,197.4665781416241
187974,1,1,9,807.6033760381815
187980,1,1,7,74.4335873780823
187984,1,1,3,86.00063021559207
187988,1,1,10,449.4752425807076
188007,1,1,9,881.0428439220673
188025,1,1,4,0.42645458358136
188071,1,1,6,807.3115908198313
188081,1,1,10,450.4248610415438
188104,1,1,2,367.88556397501424
188122,1,1,7,88.69569246448764
188135,1,1,6,742.9066290256284
188148,1,1,6,543.8587308068347
188158,1,1,9,795.0914636650568
188160,1,1,5,0.42645457969393247
188162,1,1,10,462.93525159076177
188179,1,1,7,42.619582179648965
188216,1,1,9,464.7840978877659
188237,1,1,6,735.8727139449128
188251,1,1,10,236.68084605825428
188281,1,1,4,0.42645458358136
188284,1,1,1,752.1876502708574
188292,1,1,1,609.597791638951
188300,1,1,9,557.8724094271754
188303,1,1,7,149.08524345697546
188304,1,1,6,337.3363034506934
188305,1,1,6,406.59441566652566
188316,1,1,6,319.3384003382102
188327,1,1,7,138.09737438737744
188329,1,1,4,0.42645458358136
188334,1,1,5,0.42645457969393247
188346,1,1,8,894.6404709719825
188350,1,1,4,0.42645458358136
188362,1,1,8,235.52384401971509
188363,1,1,9,486.10367574749654
188384,1,1,5,0.42645457969393247
188390,1,1,1,385.6411863460783
188402,1,1,9,778.6446576562248
188409,1,1,7,171.5691809056745
188423,1,1,6,322.44218504509337
188437,1,1,6,631.91168224427
188442,1,1,10,653.8345053511836
188468,1,1,6,634.0336134615709
188473,1,1,9,617.5925341186246
188498,1,1,6,236.59577137347316
188499,1,1,9,612.0185723178564
188500,1,1,4,0.42645458358136
188510,1,1,9,696.882843157827
188530,1,1,4,0.42645458358136
188534,1,1,9,800.6179375082527
188546,1,1,4,0.42645458358136
188573,1,1,4,0.42645458358136
188579,1,1,8,859.63590127396
188625,1,1,9,573.3956861541268
188626,1,1,3,92.51546308663355
188640,1,1,5,0.42645457969393247
188663,1,1,5,0.42645457969393247
188670,1,1,6,776.0730788372048
188691,1,1,6,798.2580933912128
188701,1,1,3,91.05073638984803
188707,1,1,5,0.42645457969393247
188709,1,1,2,304.45235075479184
188712,1,1,9,852.79939802488
188719,1,1,8,502.9428405079854
188736,1,1,5,0.42645457969393247
188743,1,1,4,0.42645458358136
188756,1,1,6,448.4218011036145
188766,1,1,4,0.42645458358136
188770,1,1,5,0.42645457969393247
188775,1,1,5,0.42645457969393247
188778,1,1,4,0.42645458358136
188784,1,1,9,642.635866827993
188795,1,1,8,531.0723556480804
188798,1,1,4,0.42645458358136
188799,1,1,4,0.42645458358136
188806,1,1,10,668.6447775893328
188809,1,1,3,90.25981972508309
188818,1,1,2,454.51761882122605
188825,1,1,10,335.9299038901684
188828,1,1,6,616.0437455688407
188830,1,1,9,199.2976015898931
188857,1,1,6,675.6371479072825
188869,1,1,5,0.42645457969393247
188871,1,1,5,0.42645457969393247
188904,1,1,6,719.8388801472007
188914,1,1,1,164.40180356410528
188917,1,1,9,845.3677786548642
188921,1,1,10,198.6170179933523
188934,1,1,9,186.9100239902241
188940,1,1,8,661.9856486317149
188946,1,1,8,357.08009499875754
188953,1,1,6,174.269407621397
188958,1,1,3,54.91173532228886
188960,1,1,1,371.14377842039784
188968,1,1,10,625.5071538745067
188977,1,1,6,586.4787994322731
188979,1,1,9,806.6604756479754
188995,1,1,3,77.79786742758961
189003,0,1,0,0.10405915729982979
189029,1,1,1,500.86914963407924
189033,1,1,8,835.1533186425793
189051,1,1,7,151.14559718005768
189057,1,1,9,557.1038699755206
189073,1,1,8,778.1847756426216
189076,1,1,4,0.42645458358136
189090,1,1,5,0.42645457969393247
189091,1,1,6,409.3730568288774
189093,1,1,1,420.1490146774734
189101,1,1,1,275.2236185550167
189111,1,1,6,672.9062415304505
189127,1,1,9,807.0098336891381
189134,1,1,8,513.9776401010157
189139,1,1,9,80.09760435587053
189152,1,1,1,574.6071115100491
189153,1,1,4,0.42645458358136
189157,1,1,8,754.0384798380921
189161,1,1,9,64.22980309644188
189172,1,1,10,296.9001007007623
189190,1,1,5,0.42645457969393247
189227,1,1,6,587.6222560733975
189230,1,1,4,0.42645458358136
189233,1,1,5,0.42645457969393247
189238,1,1,10,418.49833942916155
189258,1,1,8,535.3119566822726
189277,1,1,10,225.2208316161373
189297,1,1,4,0.42645458358136
189305,1,1,6,621.647683157137
189323,1,1,9,217.49867947319004
189324,1,1,5,0.42645457969393247
189336,1,1,10,534.4760321194881
189361,1,1,9,289.87986045715195
189365,1,1,3,81.9608590606093
189366,1,1,5,0.42645457969393247
189375,1,1,8,942.1261960033621
189379,1,1,8,725.3998252429728
189383,1,1,6,534.997284860335
189386,1,1,4,0.42645458358136
189407,1,1,9,617.2005649343516
189430,1,1,5,0.42645457969393247
189463,1,1,6,732.7520450643688
189466,1,1,10,719.8816507589671
189467,1,1,1,214.99482724851538
189468,1,1,9,217.8446306542293
189471,1,1,4,0.42645458358136
189485,1,1,4,0.42645458358136
189489,1,1,9,819.3269112768924
189503,1,1,10,678.2389156267207
189512,1,1,10,237.05185048081347
189528,1,1,9,788.769438522997
189532,1,1,6,563.0544189594971
189544,1,1,5,0.42645457969393247
189548,1,1,9,367.43007462681396
189563,1,1,9,179.70261161062334
189566,1,1,10,695.3754165063062
189567,1,1,9,587.9283938179665
189571,1,1,6,186.05276837950612
189584,1,1,9,509.2997037740529
189599,1,1,4,0.42645458358136
189607,1,1,10,406.5021054562407
189617,1,1,10,664.1327921878152
189622,1,1,4,0.42645458358136
189629,1,1,9,845.6294680267796
189634,1,1,9,704.348506644406
189660,1,1,9,771.5459557423253
189674,1,1,10,199.77271545112342
189677,1,1,2,247.44464878782384
189679,1,1,9,595.7734202954642
189700,1,1,9,443.326180827421
189711,1,1,8,868.8617609491962
189716,1,1,8,550.0253603872308
189758,1,1,7,48.95434223828824
189762,1,1,8,465.87175168273467
189766,1,1,9,685.6850535334214
189778,1,1,6,233.6461120279667
189786,1,1,6,721.5043923610489
189797,1,1,5,0.42645457969393247
189799,1,1,6,319.6860383474751
189811,1,1,9,461.4751883338044
189823,1,1,4,0.42645458358136
189827,1,1,8,172.87400829344566
189842,1,1,8,855.6992057513713
189847,1,1,9,427.9619168819952
189872,1,1,2,119.60402811288073
189873,1,1,7,145.84690487791906
189913,1,1,9,237.67033964524714
189932,1,1,10,439.70039876275945
189936,1,1,5,0.42645456789925423
189947,1,1,6,517.8670632653286
189954,1,1,3,82.09665326508382
189956,1,1,9,471.6172288551374
189957,1,1,4,0.42645458358136
189972,1,1,8,500.4887639302004
189996,1,1,8,269.210631992511
190007,1,1,5,0.42645457969393247
190021,1,1,1,555.7858977148393
190031,1,1,6,331.0433330860563
190044,1,1,8,786.6265410813037
190063,1,1,10,443.57772071781886
190077,1,1,9,845.3791135588045
190081,1,1,2,480.4766947067431
190093,1,1,6,509.68642787511317
190095,1,1,9,609.7370684758872
190104,1,1,2,342.1579700318698
190108,1,1,8,767.0341108013661
190127,1,1,10,417.2031553961281
190128,1,1,6,656.1082331396813
190154,1,1,4,0.42645458358136
190165,1,1,4,0.42645458358136
190177,1,1,8,184.86346196897154
190189,1,1,10,443.29133434615386
190190,1,1,4,0.42645458358136
190229,1,1,1,225.53197809084165
190249,1,1,6,413.6903846467303
190250,1,1,10,439.8962016304846
190251,1,1,9,377.6729302042573
190269,1,1,10,266.05669783465044
190292,1,1,9,838.6962938562567
190331,1,1,6,232.31446977084698
190333,1,1,8,777.7479664201857
190337,1,1,1,543.633819533978
190363,1,1,6,343.9234194129674
190368,1,1,1,666.5587990660424
190371,1,1,4,0.42645458358136
190379,1,1,4,0.42645458358136
190389,1,1,8,535.2540377381981
190393,1,1,5,0.42645457969393247
190411,1,1,9,843.2329073484052
190412,1,1,6,465.00257144339196
190415,1,1,5,0.42645457969393247
190426,1,1,10,407.7701471513474
190436,1,1,10,719.2442549153758
190446,1,1,9,796.1091153259492
190474,1,1,10,180.49231689738878
190486,1,1,4,0.42645458358136
190488,1,1,1,351.9033774903274
190490,1,1,5,0.42645457969393247
190508,1,1,6,391.95347089688283
190519,1,1,5,0.42645457969393247
190545,1,1,10,722.3112897661255
190547,1,1,8,161.6750141721928
190571,1,1,1,496.82385462383127
190603,1,1,4,0.42645458358136
190617,1,1,9,474.893454932161
190618,1,1,8,896.9585929195687
190622,1,1,4,0.42645458358136
190633,1,1,6,342.91201711277745
190635,1,1,6,277.58405358932214
190666,1,1,10,651.0899627739539
190686,1,1,5,0.42645457969393247
190694,1,1,2,384.6716543679626
190702,1,1,9,212.96556146699
190703,1,1,6,782.6573168698496
190711,1,1,5,0.42645457969393247
190712,1,1,5,0.42645457969393247
190714,1,1,7,160.3416494356301
190721,1,1,9,147.58657002429902
190729,1,1,3,58.31212171924846
190739,1,1,2,133.22166519650233
190744,1,1,5,0.42645457969393247
190748,1,1,4,0.42645458358136
190754,1,1,10,635.7846627033761
190779,1,1,8,236.965496920816
190787,1,1,8,203.03862605881778
190794,1,1,9,545.5888801921939
190797,1,1,4,0.42645458358136
190802,1,1,7,75.73483396763692
190804,1,1,9,875.1227326353797
190813,1,1,8,536.8927863139007
190828,1,1,6,789.1578288708307
190851,1,1,3,81.66832682879097
190860,1,1,1,274.245740117447
190862,1,1,4,0.42645458358136
190883,1,1,9,364.354216116711
190893,1,1,9,871.9979896558342
190903,1,1,1,758.1021372248646
190920,1,1,3,46.99892920325523
190921,1,1,7,103.61343543236308
190924,1,1,2,454.7963120030796
190928,1,1,9,639.4429627156004
190930,1,1,1,571.1371345692123
190933,1,1,9,508.88838389769586
190944,1,1,5,0.42645457969393247
190947,1,1,6,504.1104118653522
190975,1,1,4,0.4264545919581291
190979,1,1,9,770.7927067083606
190981,1,1,6,241.17763317398715
190982,1,1,10,460.0012438961598
190984,1,1,9,659.1362705226638
191003,1,1,9,399.20670433039726
191008,1,1,3,84.18158063392237
191027,1,1,5,0.42645457969393247
191040,1,1,4,0.42645458358136
191082,1,1,8,840.6825988630304
191086,1,1,4,0.42645458358136
191092,1,1,6,535.1914332232783
191119,1,1,5,0.42645457969393247
191141,1,1,4,0.42645458358136
191146,1,1,5,0.42645457969393247
191168,1,1,9,516.526189627819
191173,1,1,8,604.4294931024318
191183,1,1,3,90.9439763609552
191186,1,1,6,714.7238867833131
191195,1,1,5,0.42645457969393247
191209,1,1,5,0.42645457969393247
191225,1,1,5,0.42645457969393247
191264,1,1,8,947.4407218911946
191270,1,1,5,0.42645457969393247
191272,1,1,6,154.50845889737872
191289,1,1,9,797.0135344362942
191293,1,1,10,283.7147275847556
191304,1,1,6,585.5006941940395
191336,1,1,10,343.67471274435053
191339,1,1,9,570.2659902797801
191353,1,1,10,444.55180898873977
191362,1,1,1,444.40837357982787
191366,1,1,9,796.9835071792792
191369,1,1,6,425.3981002886774
191381,1,1,6,591.292510598204
191413,1,1,6,507.3609499730427
191426,1,1,8,706.6165972882418
191428,1,1,8,598.5418473092042
191429,1,1,5,0.42645457969393247
191449,1,1,8,537.0336459091865
191456,1,1,9,583.4138433875288
191462,1,1,5,0.42645457969393247
191463,1,1,3,88.35404419018833
191472,1,1,5,0.42645457969393247
191490,1,1,9,868.5491749588018
191523,1,1,9,837.5140487913997
191547,1,1,10,277.17615488646027
191596,1,1,2,263.97224302103496
191603,1,1,4,0.42645458358136
191607,1,1,9,824.829593758
191612,1,1,10,427.36947813886405
191614,1,1,6,671.0179411175092
191623,1,1,10,265.0509269678596
191625,1,1,9,802.1534165857263
191627,1,1,9,375.4595589662018
191630,1,1,8,441.6038334107243
191646,1,1,9,585.5169837216778
191655,1,1,10,453.51202978052584
191660,1,1,6,430.27847245540084
191668,1,1,9,485.5911147006138
191689,1,1,8,561.2704800980521
191692,1,1,5,0.42645457969393247
191699,1,1,9,395.29594438037526
191709,1,1,7,94.09265748167954
191718,1,1,6,614.7976430828611
191720,1,1,8,211.51069979336
191724,1,1,4,0.42645458358136
191743,1,1,9,416.35289419801967
191754,1,1,9,522.7129253811305
191756,1,1,5,0.42645457969393247
191762,1,1,5,0.42645457969393247
191776,1,1,10,540.9376058699311
191781,1,1,10,700.3206181404088
191789,1,1,4,0.42645458358136
191795,0,1,0,0.09861963351833898
191796,1,1,10,523.6557592367376
191816,1,1,8,799.3887078378524
191828,1,1,4,0.42645458358136
191830,1,1,9,225.56550485388092
191833,1,1,4,0.42645458358136
191834,1,1,4,0.42645458358136
191859,1,1,4,0.42645458358136
191865,1,1,1,481.0637431516095
191878,1,1,10,291.34463504998274
191886,1,1,8,519.4909224504745
191891,1,1,5,0.42645457969393247
191895,1,1,6,289.6074441565001
191901,1,1,10,471.36186127919615
191905,1,1,6,544.0411215234626
191906,1,1,8,633.4044363452612
191908,1,1,10,461.3033180713907
191909,1,1,9,645.6186138069921
191913,1,1,5,0.42645457969393247
191918,1,1,9,394.54546075869376
191938,1,1,7,106.24817804169045
191947,1,1,8,851.2854158415805
191950,1,1,8,652.5074433902055
191957,1,1,4,0.42645458358136
191978,1,1,4,0.42645458358136
191979,1,1,1,743.2626600881924
191984,1,1,9,862.8289957915736
192001,1,1,5,0.42645457969393247
192004,1,1,4,0.42645458358136
192007,1,1,1,448.19974657718353
192018,1,1,9,231.80651630078177
192028,1,1,4,0.42645458358136
192029,1,1,8,356.57385516834773
192033,1,1,3,37.80326023438105
192043,1,1,9,545.6001794430858
192098,1,1,9,436.17265333145525
192104,1,1,8,431.9904341839547
192105,1,1,6,356.7463856912273
192107,1,1,5,0.42645457969393247
192137,1,1,6,799.1152383499851
192156,1,1,6,158.36513209355132
192160,1,1,9,391.37145942324884
192172,1,1,5,0.42645457969393247
192207,1,1,7,101.14701431952287
192224,1,1,5,0.42645457969393247
192229,1,1,8,868.0108389816444
192255,1,1,5,0.42645457969393247
192260,1,1,4,0.42645458358136
192268,1,1,6,681.9680376017013
192289,1,1,4,0.42645458358136
192290,1,1,5,0.42645457969393247
192293,1,1,9,516.2278437400402
192314,1,1,8,373.73465732919624
192346,1,1,6,252.2728691083393
192349,1,1,4,0.4264545919581291
192350,1,1,10,162.6943672980764
192357,1,1,9,464.6392566041856
192359,1,1,9,501.7563727311043
192363,1,1,7,63.363285575708545
192365,1,1,8,330.8154156743649
192367,1,1,1,753.2151242700722
192369,1,1,4,0.42645458358136
192414,1,1,1,486.7909846535973
192418,1,1,1,323.0344063787813
192468,1,1,10,432.6424797207329
192483,1,1,9,590.4823615826908
192484,1,1,8,466.3496305079329
192496,1,1,8,800.266494276438
192502,1,1,9,323.6713805217502
192530,1,1,8,534.4231906966025
192533,1,1,7,90.15416873825056
192562,1,1,4,0.42645458358136
192579,1,1,10,174.04525248902297
192589,1,1,1,655.7899781354728
192601,1,1,3,87.55833623577355
192623,1,1,9,484.79871158389693
192632,1,1,2,176.50231379749894
192645,1,1,8,636.9224646594047
192666,1,1,10,581.2094691855131
192674,1,1,4,0.42645458358136
192676,1,1,9,863.9164955607489
192698,1,1,6,436.90369971207883
192699,1,1,6,511.76351828994393
192700,1,1,4,0.42645458358136
192714,1,1,6,607.9940290917419
192722,1,1,4,0.4264545919581291
192737,1,1,4,0.4264545919581291
192744,1,1,4,0.42645458358136
192751,1,1,10,719.4033535146801
192786,1,1,9,566.0477176424658
192804,1,1,8,585.481797948416
192807,1,1,10,391.5736080480744
192841,1,1,3,68.54785307832326
192882,1,1,2,371.0203772016565
192893,1,1,6,595.1074483912051
192907,1,1,8,915.3381543000404
192917,1,1,4,0.42645458358136
192946,1,1,6,714.3463640842036
192949,1,1,4,0.42645458358136
192954,1,1,9,580.9532786700968
192959,1,1,8,651.9055350987851
192960,1,1,1,645.1030212037201
192965,1,1,4,0.42645458358136
192976,1,1,6,740.3903321529434
192988,1,1,1,748.651173295022
192996,1,1,2,479.65571848359156
193015,1,1,3,90.35244757972343
193016,1,1,7,170.11554592300874
193018,0,1,0,0.10777418925148363
193033,1,1,9,462.89567781902133
193047,1,1,9,749.1682553854118
193053,1,1,9,606.508416996806
193061,1,1,8,653.5103213888349
193062,1,1,2,330.0238022878728
193092,1,1,8,531.2640685379978
193095,1,1,1,398.88669764695294
193096,1,1,10,721.1675977838845
193108,1,1,1,317.67739132523593
193127,1,1,4,0.4264545919581291
193130,1,1,3,54.365912744884994
193135,1,1,10,461.9640167847645
193148,1,1,9,528.6764308974164
193153,1,1,8,923.2096818886479
193174,1,1,6,396.058900390205
193206,1,1,5,0.42645457969393247
193216,1,1,4,0.42645458358136
193225,1,1,10,449.9482912995928
193240,1,1,8,854.4480971622347
193244,1,1,8,691.2101848845608
193247,1,1,8,899.2516619389763
193249,1,1,9,437.2093338338514
193259,1,1,4,0.42645458358136
193265,1,1,4,0.42645458358136
193276,1,1,8,693.728596507566
193352,1,1,4,0.42645458358136
193388,1,1,6,693.2623198340922
193397,1,1,6,546.2572677467791
193401,1,1,8,560.0587644814613
193402,1,1,5,0.42645457969393247
193410,1,1,6,789.782787778169
193414,1,1,6,618.1427489382722
193427,1,1,1,359.46863978419043
193444,1,1,9,861.0730495389669
193448,1,1,9,442.4371367324786
193484,1,1,5,0.42645457969393247
193496,1,1,10,718.6821061956516
193517,1,1,7,79.96622306395217
193558,1,1,9,461.01330105923876
193566,1,1,6,650.8576680631866
193581,1,1,9,806.6999860342071
193587,1,1,5,0.42645456789925423
193597,1,1,3,88.10739705010973
193599,1,1,8,588.6646205511538
193610,1,1,4,0.42645458358136
193619,1,1,5,0.42645457969393247
193623,1,1,6,542.010318451586
193662,1,1,4,0.42645458358136
193666,1,1,5,0.42645457969393247
193674,1,1,8,426.9468926439185
193676,1,1,4,0.42645458358136
193682,1,1,7,138.13739600309069
193695,1,1,10,676.7896155040512
193696,1,1,10,192.98437895771184
193697,1,1,1,363.70221965205707
193703,1,1,2,283.08797165357987
193736,1,1,10,409.84064659842846
193746,1,1,5,0.42645457969393247
193754,1,1,9,510.0957724108225
193761,1,1,6,446.75506484211394
193766,1,1,4,0.42645458358136
193777,1,1,6,216.9596645170186
193788,1,1,10,595.9220289066066
193806,1,1,2,460.0041830375538
193816,1,1,1,573.0424930111886
193821,1,1,1,604.6010849177022
193832,1,1,5,0.42645457969393247
193852,1,1,4,0.42645458358136
193853,1,1,10,385.1521835188571
193858,1,1,9,809.2171871074843
193861,1,1,9,151.7780587616879
193868,1,1,4,0.42645458358136
193875,1,1,9,441.32275403952485
193889,1,1,9,793.5877356819694
193895,1,1,7,163.44492055742924
193918,1,1,2,310.00636741056564
193932,1,1,9,596.635186366593
193933,1,1,8,360.1087262833227
193943,1,1,5,0.42645457969393247
193953,1,1,9,79.64544531592527
193968,1,1,10,347.3824700966941
193985,1,1,6,410.09416842422183
193992,1,1,9,821.7574092944
193997,0,1,0,0.14543293776688257
194006,1,1,4,0.7739361472329556
194021,1,1,1,542.8521687211913
194033,1,1,4,0.42645458358136
194034,1,1,1,472.1050381713212
194037,1,1,4,0.42645458358136
194039,1,1,1,399.54334892608273
194040,1,1,6,585.646258163203
194048,1,1,8,595.7050440227323
194074,1,1,4,0.42645458358136
194075,1,1,10,685.6879870154501
194079,1,1,6,678.0655858314011
194110,1,1,10,402.25623996273316
194119,1,1,7,42.56262284561483
194131,1,1,6,640.3517200041326
194139,1,1,4,0.42645458358136
194146,1,1,8,138.04635850403224
194168,1,1,9,828.2817336139994
194169,1,1,6,436.37692785303454
194170,1,1,2,423.3647375787229
194199,1,1,4,0.42645458358136
194204,1,1,8,316.95701173628623
194207,1,1,6,277.12397829507245
194214,1,1,5,0.42645457969393247
194215,1,1,8,757.7728150897584
194231,1,1,10,429.1337120158174
194235,1,1,9,297.11879164796846
194236,1,1,9,440.5397647487836
194242,1,1,8,584.823103234645
194249,1,1,5,0.42645457969393247
194254,1,1,5,0.42645457969393247
194258,1,1,5,0.42645457969393247
194259,1,1,8,513.9418552025268
194264,1,1,10,719.8150347063582
194266,1,1,7,169.7159827853074
194269,1,1,6,243.53371416659988
194280,1,1,6,520.6214919248399
194282,1,1,9,379.68177494585035
194290,1,1,8,641.686190162744
194292,1,1,4,0.42645458358136
194294,1,1,8,123.3970026436086
194296,1,1,8,383.9422643507224
194300,1,1,2,392.16437615922445
194303,1,1,1,256.00178782400087
194305,1,1,9,238.82219975006115
194309,1,1,4,0.42645458358136
194312,1,1,6,486.350407282448
194319,1,1,5,0.42645457969393247
194320,1,1,1,517.0179189781105
194321,1,1,6,809.9638431587529
194360,1,1,6,640.2519351919943
194367,1,1,9,718.2917894295687
194373,1,1,9,771.4263627600798
194374,1,1,4,0.4264545919581291
194403,1,1,4,0.4264545919581291
194412,1,1,3,69.5766035171149
194414,1,1,4,0.42645458358136
194419,1,1,9,558.8677781874565
194446,1,1,10,481.64863822069435
194466,1,1,5,0.42645457969393247
194482,1,1,8,799.0588668460463
194486,1,1,6,783.5691961906757
194494,1,1,8,421.5036972384166
194496,1,1,8,307.54248749795414
194506,1,1,5,0.42645457969393247
194508,1,1,4,0.42645458358136
194515,1,1,1,242.5480738483931
194541,1,1,6,457.36768981878475
194549,1,1,4,0.42645458358136
194570,1,1,9,699.9568955858463
194574,1,1,7,167.66052360081963
194575,1,1,5,0.42645457969393247
194582,1,1,1,308.23113489154576
194584,1,1,1,437.144965289484
194592,1,1,10,719.3980241653204
194600,1,1,6,629.0121401676668
194618,1,1,2,87.36371378140947
194621,1,1,6,729.5037997254663
194649,1,1,4,0.42645458358136
194658,1,1,4,0.42645458358136
194671,1,1,6,771.5392773731933
194680,1,1,4,0.42645458358136
194719,1,1,2,255.14002230993765
194740,1,1,6,161.86101359389392
194766,1,1,8,509.7643326799849
194774,1,1,4,0.4264545919581291
194779,1,1,9,814.8031894867937
194785,1,1,10,415.1828797134833
194807,1,1,4,0.42645458358136
194814,1,1,5,0.42645457969393247
194822,1,1,4,0.42645458358136
194833,1,1,5,0.42645457969393247
194839,1,1,9,191.95341048673183
194863,1,1,1,722.2274387037305
194869,1,1,6,678.9052544427532
194883,1,1,6,702.7822268773542
194926,1,1,6,543.5562947303805
194932,1,1,10,609.6645783722648
194939,1,1,8,293.9630950310791
194944,1,1,1,344.67431233641094
194968,1,1,8,392.70682202444596
194999,1,1,8,746.0961104192512
195007,1,1,4,0.42645458358136
195034,1,1,10,280.8026977256063
195036,1,1,6,549.7211756073262
195040,1,1,6,437.3167062738523
195045,1,1,6,463.84400217288436
195051,1,1,1,627.8897673349959
195053,1,1,9,259.1917018635251
195056,1,1,6,362.2885961225253
195071,1,1,10,519.1150888764566
195091,1,1,5,0.42645457969393247
195123,1,1,9,510.20635060395847
195129,1,1,1,573.2227636518451
195138,1,1,3,91.83249712512553
195152,1,1,1,205.06886982964767
195169,1,1,8,455.4593309419987
195179,1,1,6,373.3652499327765
195184,1,1,6,480.44234684064213
195199,1,1,5,0.42645457969393247
195210,1,1,1,543.7306376183192
195213,1,1,9,381.92724185266627
195233,1,1,7,139.93659906491996
195244,1,1,10,360.78069903970237
195254,1,1,8,555.6775243195262
195261,1,1,3,84.46981272382733
195263,1,1,8,452.70939463344536
195276,1,1,9,770.9023582295625
195277,1,1,10,439.4751449434666
195279,1,1,5,0.42645457969393247
195282,1,1,2,124.15911052178058
195283,1,1,9,755.2938175794425
195288,1,1,1,744.7838891381176
195291,1,1,8,514.4031794855874
195303,1,1,8,330.5997977556291
195307,1,1,8,556.0955880425718
195328,1,1,3,91.76264893039259
195333,1,1,10,462.05543903152625
195340,1,1,5,0.42645457969393247
195345,1,1,7,32.26579298090303
195349,1,1,4,0.42645458358136
195356,1,1,5,0.42645457969393247
195360,1,1,6,498.8325335868917
195364,1,1,5,0.42645457969393247
195365,1,1,9,875.2420768814058
195368,1,1,9,20.681746113974615
195435,1,1,6,150.313430836152
195436,1,1,5,0.42645457969393247
195438,1,1,8,286.0681138570862
195441,1,1,6,239.0492386585184
195456,1,1,4,0.4264545919581291
195461,1,1,5,0.42645457969393247
195462,1,1,9,765.3461922129235
195465,1,1,4,0.42645458358136
195483,1,1,5,0.42645457969393247
195484,1,1,9,571.586215959286
195493,1,1,9,120.02159488365821
195502,1,1,8,596.3248998833861
195508,1,1,6,526.2088651015239
195533,1,1,2,392.0753195831779
195535,1,1,8,225.0178596940366
195545,1,1,3,78.72098959750268
195553,1,1,4,0.42645458358136
195555,1,1,9,572.7970024297712
195558,1,1,4,0.42645458358136
195565,1,1,9,787.6611024780617
195603,1,1,9,502.81015324827456
195613,1,1,7,97.80014519112146
195625,1,1,10,629.2194662116553
195638,1,1,8,629.461603125443
195640,1,1,9,263.6707442906041
195645,1,1,6,503.20723794997
195646,1,1,6,339.5402874325135
195647,1,1,5,0.42645457969393247
195661,1,1,6,801.3838165932364
195671,1,1,7,59.12255440231989
195672,1,1,9,881.1655853588695
195683,1,1,8,315.9115023320622
195689,1,1,6,785.8116689811279
195691,1,1,6,227.21945290078298
195699,1,1,5,0.42645457969393247
195710,1,1,6,140.14518155284867
195716,1,1,9,549.5971358541509
195730,1,1,8,615.1283763151284
195733,1,1,4,0.42645458358136
195736,1,1,5,0.42645457969393247
195738,1,1,9,787.6439052404762
195752,1,1,4,0.42645458358136
195773,1,1,9,719.5163302832766
195776,1,1,1,151.78544524324172
195778,1,1,5,0.42645457969393247
195785,1,1,3,89.86980672673941
195802,1,1,6,606.7480768240234
195815,1,1,9,757.5380218030116
195817,1,1,1,708.0282388027578
195825,1,1,7,120.83735175205054
195834,1,1,5,0.42645457969393247
195840,1,1,5,0.42645457969393247
195854,1,1,1,389.50078632810437
195870,1,1,6,792.8561447880779
195896,1,1,5,0.42645457969393247
195904,1,1,5,0.42645457969393247
195911,1,1,1,497.2050027488212
195920,1,1,8,453.38092231050024
195922,1,1,8,442.80079011794226
195927,1,1,5,0.42645457969393247
195929,1,1,3,79.18737315767635
195933,1,1,6,675.429168157866
195944,1,1,7,88.88125619492767
195946,1,1,4,0.42645458358136
195963,1,1,4,0.42645458358136
195966,1,1,5,0.42645457969393247
195980,1,1,4,0.42645458358136
195986,1,1,9,478.1746885531351
195990,1,1,4,0.4264545919581291
195992,1,1,10,720.5626369954629
195996,1,1,9,842.9909797066235
196000,1,1,10,285.4572356780889
196005,1,1,4,0.42645458358136
196019,1,1,7,140.15035556550734
196022,1,1,7,67.79062475349946
196023,1,1,1,479.73429595262627
196064,1,1,8,929.5328724871925
196076,1,1,1,281.21518648993947
196077,1,1,8,659.4802046588768
196084,1,1,8,554.5232739695243
196096,1,1,4,0.42645458358136
196112,1,1,5,0.42645457969393247
196120,1,1,6,643.2650728109547
196129,1,1,8,585.9069307960353
196145,1,1,5,0.42645457969393247
196165,1,1,10,317.8943753928553
196168,1,1,4,0.42645458358136
196173,1,1,6,414.71929727651525
196179,1,1,6,254.1209697741738
196183,1,1,6,219.72046556149218
196192,1,1,8,123.66573964235697
196193,1,1,5,0.42645457969393247
196211,1,1,5,0.42645457969393247
196212,1,1,4,0.42645458358136
196223,1,1,4,0.42645458358136
196226,1,1,5,0.42645457969393247
196246,1,1,9,526.7482438790944
196266,1,1,9,809.7506120660188
196270,1,1,4,0.42645458358136
196281,1,1,2,284.7368192275662
196304,1,1,9,699.9980332408498
196317,1,1,7,70.7649469846503
196357,1,1,7,17.707141880778085
196359,1,1,9,892.2524228930248
196361,1,1,7,157.16595827109214
196376,1,1,7,82.9550583574022
196381,1,1,7,80.36706551474825
196384,1,1,1,676.8618237394916
196426,1,1,1,608.9899835567611
196431,1,1,6,588.0874125331134
196484,1,1,2,244.36725609021636
196487,1,1,8,716.6282009198518
196492,1,1,8,454.3009227331532
196503,1,1,9,157.63141219154852
196505,1,1,5,0.42645457969393247
196511,1,1,9,555.2127733706841
196524,1,1,9,542.2854073306333
196531,1,1,10,720.1735570381874
196542,1,1,1,462.2435580891608
196544,1,1,9,788.2007083971247
196545,1,1,6,773.5449079267519
196562,1,1,6,614.4526173164826
196567,1,1,5,0.42645457969393247
196587,1,1,6,641.4542936035158
196591,1,1,8,519.700488565655
196594,1,1,9,280.2415271737837
196612,1,1,6,746.701160048624
196613,1,1,4,0.42645458358136
196615,1,1,6,366.4195540236654
196624,1,1,6,771.8599813256691
196625,1,1,10,719.9432750980933
196657,1,1,8,567.2806245838439
196659,1,1,6,659.2262262796847
196668,1,1,4,0.42645458358136
196688,1,1,9,778.3246394538978
196691,1,1,10,370.98474035542165
196696,1,1,7,57.16275307577501
196703,1,1,5,0.42645457969393247
196710,1,1,6,797.9625820743036
196737,1,1,4,0.42645458358136
196746,1,1,5,0.42645457969393247
196751,1,1,8,889.4453730267547
196764,1,1,9,282.33747851120603
196769,1,1,6,437.9175421949507
196772,1,1,1,745.4790407140651
196773,1,1,5,0.42645457969393247
196790,1,1,3,83.48687859312587
196795,1,1,9,500.5908877388832
196798,1,1,9,637.7324731178205
196818,1,1,9,324.1082689555239
196819,1,1,8,640.1554790037015
196829,1,1,7,81.25534533067633
196831,1,1,6,726.7017679046452
196839,1,1,8,141.16531793859724
196842,1,1,10,303.91991334834483
196848,1,1,9,342.1618541523285
196853,1,1,2,151.51882369681496
196860,1,1,9,862.7058615917574
196873,1,1,9,171.3316941780749
196875,1,1,4,0.42645458358136
196880,1,1,5,0.42645457969393247
196890,1,1,10,273.6114901786076
196894,1,1,6,646.9502390522749
196895,1,1,10,627.6731113385249
196912,1,1,4,0.4264545919581291
196915,1,1,10,719.9872230014832
196916,1,1,5,0.42645457969393247
196936,1,1,9,759.1123842330487
196939,1,1,3,39.87889986252039
196949,1,1,2,484.898136595281
196951,1,1,6,638.6864232611989
196959,1,1,5,0.42645457969393247
196966,1,1,10,664.5443221581029
196973,1,1,6,431.82405508979326
196976,1,1,3,54.21473232477507
196981,1,1,7,134.50647161870867
197008,1,1,8,745.70376105752
197010,1,1,8,166.61614696725965
197012,1,1,5,0.42645457969393247
197032,1,1,5,0.42645457969393247
197048,1,1,10,591.4312348153816
197076,1,1,4,0.42645458358136
197088,1,1,10,401.6215669620876
197091,1,1,5,0.42645457969393247
197092,1,1,9,538.5497164577968
197110,1,1,6,186.1796824099398
197119,1,1,4,0.42645458358136
197120,1,1,8,858.6700538888772
197123,1,1,9,522.6448318930849
197132,1,1,9,596.7412129211654
197151,1,1,7,97.63648649998609
197157,1,1,1,389.6717452399032
197163,1,1,5,0.42645457969393247
197169,1,1,8,430.99451864199847
197170,1,1,6,517.0260698445915
197171,1,1,10,700.145309588279
197183,1,1,6,326.497169653489
197185,1,1,5,0.42645457969393247
197191,1,1,5,0.42645457969393247
197195,1,1,6,682.8316908209421
197203,1,1,9,531.4231681603214
197217,1,1,8,390.7162905613354
197225,1,1,1,563.3749414796952
197228,1,1,9,227.7881009750882
197251,1,1,6,476.430399356117
197258,1,1,6,230.54653008442725
197263,1,1,9,890.5646347512384
197269,1,1,4,0.42645458358136
197279,1,1,8,866.7333964838303
197313,1,1,5,0.42645457969393247
197319,1,1,9,60.930735281926026
197322,1,1,10,255.17127509758166
197324,1,1,5,0.42645457969393247
197362,1,1,6,643.1423993806342
197363,1,1,8,848.823668647639
197381,1,1,6,667.5414253257876
197393,1,1,5,0.42645457969393247
197419,1,1,5,0.42645457969393247
197441,1,1,8,839.5080553442397
197455,1,1,6,734.6590600974953
197459,1,1,3,86.93451389716398
197483,1,1,10,605.5416656391809
197484,1,1,2,461.54570787704085
197491,1,1,8,754.2232292045686
197496,1,1,8,754.4518399202134
197504,1,1,10,434.0596470318607
197520,1,1,5,0.42645457969393247
197530,1,1,10,261.39938370368196
197533,1,1,6,641.131764739008
197540,1,1,9,750.6694902027203
197545,1,1,8,422.1464543774885
197550,1,1,7,126.08934836727163
197561,1,1,1,602.243035472843
197570,1,1,1,677.7365459363056
197576,1,1,2,428.4528943415956
197594,1,1,5,0.42645457969393247
197599,1,1,9,512.4726151241267
197613,1,1,9,316.05241592980695
197622,1,1,7,130.4211264003424
197629,1,1,7,101.31277969189759
197654,1,1,4,0.42645458358136
197658,1,1,8,775.5280492748589
197676,1,1,4,0.42645458358136
197678,1,1,6,782.7426150245471
197680,1,1,1,551.4172597044225
197683,1,1,4,0.42645458358136
197688,1,1,9,313.40338900908563
197690,1,1,10,462.20303855412925
197706,1,1,9,809.9394882636317
197725,1,1,6,416.01536152085
197750,1,1,7,106.64776518290294
197760,1,1,6,741.5105930419154
197766,1,1,1,618.3059247080009
197767,1,1,8,555.5110686903002
197769,1,1,9,201.12491488909362
197774,1,1,10,659.1137569447524
197780,1,1,3,90.17812450230872
197797,1,1,10,358.34196991984743
197800,1,1,4,0.42645458358136
197821,1,1,8,572.348012599695
197831,1,1,10,723.474150373961
197843,1,1,4,0.42645458358136
197844,1,1,8,575.644983531733
197887,1,1,9,373.3414741730972
197915,1,1,3,75.3488561426441
197923,1,1,8,754.2220338368927
197940,1,1,5,0.42645457969393247
197952,1,1,2,474.92876792908436
197953,1,1,4,0.42645458358136
197959,1,1,9,464.5531838316768
197961,1,1,5,0.42645457969393247
197971,1,1,4,0.42645458358136
197972,1,1,8,405.8001856409164
197986,1,1,10,521.7927406199956
198000,1,1,5,0.42645457969393247
198003,1,1,1,365.66500727978695
198009,1,1,9,579.148044506067
198021,1,1,9,426.00120000992916
198022,1,1,4,0.42645458358136
198062,1,1,1,684.1606733640438
198067,1,1,1,182.38963973441187
198079,1,1,4,0.42645458358136
198086,1,1,8,900.6825375991776
198099,1,1,2,431.3473632500949
198116,1,1,8,681.0888378459027
198125,1,1,2,85.67950652809398
198130,1,1,4,0.42645458358136
198133,1,1,1,286.28971354753503
198140,1,1,6,801.4775741462364
198153,1,1,4,0.42645458358136
198154,1,1,5,0.42645457969393247
198162,1,1,10,437.32952026379866
198163,1,1,9,405.4835760906054
198164,1,1,9,701.0695160090695
198175,1,1,5,0.42645457969393247
198183,1,1,5,0.42645457969393247
198191,1,1,9,545.6814884278534
198203,1,1,10,479.8412543760787
198209,1,1,8,381.555093964736
198215,1,1,2,181.8901478604413
198220,1,1,5,0.42645457969393247
198223,1,1,5,0.42645457969393247
198227,1,1,8,728.1905974281799
198228,1,1,8,259.30390009359934
198235,1,1,3,57.17982988079097
198242,1,1,4,0.42645458358136
198244,1,1,10,721.2123514434752
198245,1,1,3,88.78767833103782
198246,1,1,9,721.0154160864058
198258,1,1,9,609.9556561966534
198267,1,1,5,0.42645457969393247
198289,1,1,4,0.42645458358136
198292,1,1,9,505.09201954069124
198300,1,1,4,0.42645458358136
198311,1,1,1,195.71226204355222
198316,1,1,5,0.42645457969393247
198320,1,1,10,183.32719036304783
198321,1,1,7,172.33791219281912
198358,1,1,6,318.6791542558797
198359,1,1,5,0.42645457969393247
198378,1,1,1,353.5725752400436
198383,1,1,4,0.42645458358136
198387,1,1,6,376.0549096733734
198422,1,1,8,255.54617774509657
198458,1,1,9,785.4051400266105
198463,1,1,2,258.62921545397546
198471,1,1,10,123.40391048046195
198475,1,1,4,0.42645458358136
198481,0,1,0,0.08541983875186675
198483,1,1,8,721.6664588724542
198487,1,1,5,0.42645457969393247
198501,1,1,1,683.514347305355
198508,1,1,10,518.4742126341919
198513,1,1,9,541.6950829891621
198517,1,1,3,59.281180517543426
198522,1,1,4,0.42645458358136
198523,1,1,9,149.38917351498014
198530,1,1,8,481.8866142065166
198556,1,1,10,323.43442827730246
198576,1,1,6,748.9887418494151
198581,1,1,3,85.58780853623475
198604,1,1,5,0.42645457969393247
198610,1,1,10,684.5871902158418
198612,1,1,5,0.42645457969393247
198618,1,1,5,0.42645457969393247
198660,1,1,5,0.42645457969393247
198664,1,1,8,461.77131168865884
198680,1,1,9,270.41434460157393
198706,1,1,6,558.7664812380572
198716,1,1,6,448.754950447942
198718,1,1,8,883.7369326194754
198729,1,1,10,630.9954652634505
198730,1,1,4,0.42645458358136
198735,1,1,7,108.6634395170846
198737,1,1,2,205.9009817318329
198751,1,1,10,243.91519641233853
198764,1,1,1,406.19006962582785
198766,1,1,10,275.6693409661306
198785,1,1,1,586.7493953551069
198789,1,1,5,0.42645457969393247
198795,1,1,8,374.0307450648134
198796,1,1,10,312.01934573084975
198819,1,1,4,0.42645458358136
198842,1,1,10,705.3474797483846
198868,1,1,9,727.4681368266511
198871,1,1,6,294.6091366618931
198879,1,1,3,89.88894757941499
198886,1,1,7,93.57278880332271
198892,1,1,6,510.7303368339612
198911,1,1,9,423.03770594143884
198912,1,1,10,198.78205525878835
198921,1,1,6,504.5729857960383
198933,1,1,10,485.1657019000736
198939,1,1,10,689.8585317237138
198954,1,1,8,371.4803213617357
198961,1,1,8,108.93141446070975
198976,1,1,1,267.0021355360108
198993,1,1,4,0.42645458358136
199003,1,1,10,533.5719004118142
199026,1,1,9,645.244103034014
199030,1,1,8,825.2472666987566
199032,1,1,6,232.33734131871577
199034,1,1,5,0.42645457969393247
199036,1,1,2,189.3399803397273
199058,1,1,9,212.07411600412553
199063,1,1,8,741.7235660572607
199067,1,1,7,169.14930470159322
199091,1,1,5,0.42645456789925423
199099,1,1,8,373.45230870970454
199111,1,1,6,597.160755051005
199123,1,1,5,0.42645457969393247
199136,1,1,3,52.87335090643808
199150,1,1,1,530.1247704523365
199203,1,1,5,0.42645457969393247
199218,1,1,9,866.2603786283385
199241,1,1,4,0.42645458358136
199243,1,1,6,638.6630771027893
199256,1,1,5,0.42645457969393247
199260,1,1,9,813.1251101281715
199273,1,1,7,149.1216822267142
199274,1,1,10,316.2531506998741
199278,1,1,9,718.575051306896
199299,1,1,8,257.34574701920656
199305,1,1,5,0.42645457969393247
199314,1,1,4,0.42645458358136
199317,1,1,9,765.2022847918892
199319,0,1,0,0.12451223206657465
199322,1,1,8,365.9803980371171
199331,1,1,8,666.6937925262663
199338,1,1,4,0.42645458358136
199350,1,1,4,0.42645458358136
199366,1,1,7,51.91319332592453
199375,1,1,4,0.42645458358136
199385,0,1,0,0.1124680219480575
199388,1,1,5,0.42645457969393247
199409,1,1,9,774.5257040530495
199416,1,1,5,0.42645457969393247
199420,1,1,2,461.1750123545942
199435,1,1,6,542.1070462086525
199472,1,1,5,0.42645456789925423
199495,0,1,0,0.24946382042451318
199498,1,1,6,507.9121770878311
199499,1,1,7,147.68495148187256
199505,1,1,1,203.42564559376495
199522,1,1,7,106.79338332220496
199551,1,1,8,629.3557139929238
199578,1,1,9,813.1167585895632
199579,1,1,7,156.0398932079536
199585,1,1,8,729.6943106086084
199603,1,1,8,773.3750936097327
199616,1,1,6,788.9116797046275
199631,1,1,5,0.42645457969393247
199641,1,1,5,0.42645457969393247
199666,1,1,10,657.7346635702866
199679,1,1,7,140.70468886283663
199684,1,1,5,0.42645457969393247
199685,1,1,5,0.42645457969393247
199689,1,1,8,875.1708699048796
199693,1,1,9,613.3656574482569
199708,1,1,6,541.5594130141296
199713,1,1,7,151.3959718872644
199724,1,1,9,108.48681240675769
199727,1,1,9,827.3275402818201
199743,1,1,8,641.6327820854501
199770,1,1,8,231.44642199930271
199773,1,1,8,911.2972414367583
199775,1,1,9,141.27419971898533
199776,1,1,10,399.77394290930266
199791,1,1,8,810.7717558624847
199811,1,1,4,0.42645458358136
199834,1,1,8,316.2933736971179
199838,1,1,9,766.5989457005677
199840,1,1,4,0.4264545919581291
199843,1,1,4,0.42645457969393247
199845,1,1,9,300.31206916757566
199858,1,1,9,582.8166185408201
199866,1,1,2,460.0160021327633
199884,1,1,10,438.20756998075876
199903,1,1,1,729.6555108031841
199929,1,1,4,0.42645458358136
199945,1,1,4,0.42645458358136
199957,1,1,10,427.71668401065847
199964,1,1,4,0.42645458358136
199965,1,1,8,741.173574659352
199974,1,1,9,772.5324574964447
199978,1,1,7,78.46701357141391
199984,1,1,5,0.42645457969393247
199994,1,1,8,811.0192032612307
200004,1,1,8,556.137365013067
200007,1,1,10,460.1012063504162
200013,1,1,8,870.811856424533
200014,1,1,8,566.3404280068079
200018,1,1,8,570.2269309588695
200025,1,1,10,122.93006624264218
200027,1,1,4,0.42645458358136
200043,1,1,4,0.42645458358136
200046,1,1,6,220.11099138741693
200047,1,1,8,812.325897355719
200052,1,1,5,0.42645457969393247
200054,0,1,0,0.16473063920870187
200086,1,1,8,694.694770261776
200106,1,1,8,869.0476840714161
200126,1,1,5,0.42645457969393247
200129,1,1,10,164.65966104419653
200135,1,1,7,66.6036994601559
200168,1,1,4,0.42645458358136
200182,1,1,8,181.86140946036016
200186,1,1,10,201.93952103749518
200187,1,1,6,543.8746420205018
200222,1,1,9,451.41001134503824
200235,1,1,6,810.045285464756
200263,1,1,9,787.6347931183618
200264,1,1,10,259.3065389802922
200267,1,1,8,797.8431637447125
200269,1,1,5,0.42645457969393247
200271,1,1,4,0.42645458358136
200280,1,1,8,639.7013879306862
200297,1,1,9,846.23093042472
200305,1,1,6,470.11576375281686
200312,1,1,7,97.18606918725592
200316,1,1,4,0.42645458358136
200337,1,1,4,0.42645458358136
200340,1,1,9,884.1222302969405
200348,1,1,5,0.42645457969393247
200352,1,1,5,0.42645457969393247
200355,1,1,10,335.534888552836
200358,1,1,9,396.87096114233714
200362,1,1,4,0.42645458358136
200367,1,1,4,0.42645458358136
200369,1,1,6,480.50114060872136
200371,1,1,9,655.3937749151912
200377,1,1,5,0.42645457969393247
200392,1,1,9,213.38869354052298
200394,1,1,8,913.4380236597433
200396,1,1,6,666.4807751707474
200398,1,1,10,301.1774016499873
200399,1,1,4,0.4264545919581291
200427,1,1,1,476.9047362527988
200432,1,1,9,762.0710905061618
200468,1,1,6,557.5943557021762
200474,1,1,9,526.5203195327053
200488,1,1,5,0.42645457969393247
200496,1,1,6,659.7672245310764
200517,1,1,5,0.42645457969393247
200536,1,1,9,785.2670214537935
200537,1,1,4,0.42645458358136
200539,1,1,3,73.75776664378577
200544,1,1,6,791.1738763235311
200563,1,1,6,684.5209374436421
200564,1,1,1,415.61384401812535
200565,1,1,8,812.7229003982595
200566,1,1,9,161.13471198958476
200573,1,1,9,673.3910006448128
200583,1,1,4,0.42645458358136
200590,1,1,10,384.3464542926153
200597,1,1,9,655.028688137125
200601,1,1,4,0.42645458358136
200606,1,1,9,608.7805605142576
200611,1,1,8,605.0096891516434
200631,1,1,9,87.42451580375251
200639,1,1,6,487.5970791770026
200643,1,1,9,456.97880487740474
200657,1,1,4,0.42645458358136
200680,1,1,4,0.42645458358136
200692,1,1,2,439.7686479658428
200733,1,1,6,443.390464166747
200749,1,1,6,427.19886174510543
200757,1,1,3,72.78632257268615
200798,1,1,7,101.54148569944134
200803,1,1,8,360.43699643257827
200818,1,1,10,656.1332535209774
200828,1,1,5,0.42645457969393247
200845,1,1,10,652.6784285795778
200860,1,1,10,273.8047978899673
200872,1,1,4,0.42645458358136
200874,1,1,1,673.670445311475
200882,1,1,9,293.765419531402
200896,1,1,8,868.7975621080454
200901,1,1,5,0.42645457969393247
200907,1,1,9,813.467011736
200915,1,1,9,666.7467746326537
200927,1,1,5,0.42645457969393247
200951,1,1,6,173.02317100062203
200962,1,1,2,419.94074934072864
200976,1,1,8,337.05389897876023
200985,1,1,7,89.71779705981577
201003,1,1,8,895.9647875010713
201010,1,1,5,0.42645457969393247
201017,1,1,6,458.7297231985623
201022,1,1,8,867.123675606887
201036,1,1,9,890.9746826568484
201047,1,1,9,881.8805548546667
201048,1,1,9,446.5474743192474
201049,1,1,4,0.42645458358136
201050,1,1,10,458.61890618439764
201052,1,1,5,0.42645457969393247
201053,1,1,1,671.1828467240472
201057,1,1,4,0.42645458358136
201060,1,1,9,797.0994719220442
201069,1,1,4,0.4264545919581291
201070,1,1,9,876.6848268563972
201072,1,1,6,187.37036756138912
201077,1,1,4,0.42645458358136
201081,1,1,1,733.9569731990064
201099,1,1,4,0.42645458358136
201101,1,1,1,691.8184344527037
201109,1,1,9,476.2336345585701
201120,1,1,9,351.1920445977762
201131,1,1,3,64.29067859058176
201146,1,1,9,860.7084162925871
201150,1,1,3,82.64162289264198
201178,1,1,8,480.60972038560584
201196,1,1,4,0.42645458358136
201206,1,1,5,0.42645457969393247
201226,1,1,4,0.42645458358136
201230,1,1,9,879.8532072974795
201248,1,1,10,402.56678791840966
201263,1,1,8,808.2834221363198
201267,1,1,1,444.8671757055871
201275,1,1,8,567.2309165598681
201280,0,1,0,0.11417749426022872
201287,1,1,5,0.42645457969393247
201293,1,1,9,536.5068871120804
201301,1,1,7,95.9833748859286
201308,1,1,9,593.7375944105438
201321,1,1,10,168.9030791008063
201331,1,1,1,622.2868585126095
201341,1,1,4,0.42645458358136
201346,1,1,9,552.1735469865691
201347,1,1,4,0.42645458358136
201354,1,1,8,465.57276300497296
201364,1,1,8,462.1888808150307
201395,1,1,5,0.42645456789925423
201406,1,1,8,743.4507845387861
201412,1,1,10,252.64782874671513
201444,1,1,10,609.6270312633317
201455,1,1,5,0.42645457969393247
201460,1,1,9,652.4234656420429
201467,1,1,4,0.42645458358136
201475,1,1,8,566.5926794336624
201477,1,1,3,69.60168202818743
201480,1,1,3,75.21445677766583
201492,1,1,1,335.1717298356556
201494,1,1,5,0.42645457969393247
201498,1,1,4,0.42645458358136
201501,1,1,9,722.6466232275908
201506,1,1,4,0.42645458358136
201531,1,1,6,459.7640748016769
201539,1,1,7,143.48486175473425
201545,1,1,6,713.7577940724733
201548,1,1,9,884.1452301310298
201557,1,1,9,367.9659785039345
201566,1,1,9,868.4312643727417
201576,1,1,5,0.42645457969393247
201585,1,1,9,211.22070651706346
201609,1,1,4,0.42645458358136
201625,1,1,10,707.9134355314401
201638,1,1,8,819.7099552522758
201643,1,1,9,290.49845950131146
201647,1,1,5,0.42645457969393247
201659,1,1,9,595.7674173352661
201664,1,1,8,478.5915560987143
201678,1,1,9,634.8516935782533
201681,1,1,10,200.85665127769636
201684,1,1,8,354.59934009873217
201688,1,1,8,690.7100653049885
201697,1,1,8,548.6556251624232
201698,1,1,8,644.1942065618558
201709,1,1,6,517.2118897771392
201718,1,1,6,534.6633297703321
201721,1,1,8,294.005968957129
201722,1,1,6,642.4292844715794
201741,1,1,7,85.96093292723866
201750,1,1,10,154.3452873506394
201757,1,1,6,795.1963331813641
201761,1,1,4,0.42645458358136
201775,1,1,8,505.8944617690928
201780,1,1,6,442.09779240293165
201787,1,1,4,0.42645458358136
201812,1,1,1,694.666715023115
201818,1,1,6,454.1488717380235
201844,1,1,5,0.42645457969393247
201879,1,1,1,323.40349676684195
201882,1,1,1,417.56278650095555
201886,1,1,9,170.95031730855473
201887,1,1,9,765.5650300684297
201888,1,1,7,155.46452668367047
201889,1,1,7,156.104315170321
201896,1,1,10,511.64610442753747
201910,1,1,3,54.26557917628696
201912,1,1,10,346.77286401601117
201924,1,1,6,775.4292478368594
201926,1,1,9,242.91802278851597
201932,1,1,5,0.42645457969393247
201934,1,1,5,0.42645457969393247
201942,1,1,6,640.2030839234395
201961,1,1,8,835.1523375017154
201965,1,1,8,439.75982779645466
201966,1,1,9,578.9585378921181
201975,1,1,9,342.05813228631087
202004,1,1,6,453.5814507827093
202015,1,1,9,648.9330107427749
202026,1,1,2,148.2753076645173
202066,1,1,10,440.91984070040803
202072,1,1,5,0.42645457969393247
202082,1,1,6,156.5794076447125
202083,1,1,5,0.42645457969393247
202089,1,1,5,0.42645457969393247
202100,1,1,9,829.4227477613275
202111,1,1,4,0.42645458358136
202130,1,1,5,0.42645457969393247
202131,1,1,6,355.9858899212847
202140,1,1,7,107.61517665837307
202160,1,1,5,0.42645457969393247
202165,1,1,9,635.9033190325925
202171,1,1,8,799.286236607431
202173,1,1,8,184.01478210732407
202176,1,1,4,0.42645458358136
202187,1,1,9,735.9325720592724
202195,1,1,4,0.42645458358136
202221,1,1,7,140.92874650832667
202222,1,1,8,384.8779027236492
202251,1,1,5,0.42645457969393247
202252,1,1,5,0.42645457969393247
202253,1,1,6,478.1700091746067
202260,1,1,9,838.098637727629
202265,1,1,10,573.4433222377002
202270,1,1,5,0.42645456789925423
202292,1,1,7,103.792692920798
202293,1,1,8,888.9502861976177
202314,1,1,5,0.42645457969393247
202338,1,1,6,302.3338843605011
202365,1,1,8,734.8748390103078
202369,1,1,4,0.42645458358136
202406,1,1,10,460.56229295561417
202435,1,1,7,93.50254034193377
202440,1,1,8,658.7507523421033
202450,1,1,7,64.93563908460192
202468,1,1,5,0.42645457969393247
202470,1,1,9,462.6258924544694
202478,1,1,4,0.42645458358136
202482,1,1,3,57.806561143477175
202495,1,1,10,153.59584544833774
202496,1,1,4,0.42645458358136
202508,1,1,1,565.2042653132028
202514,1,1,4,0.42645458358136
202518,1,1,6,368.4766524469252
202546,1,1,8,730.0683039906246
202562,1,1,5,0.42645457969393247
202564,1,1,4,0.42645458358136
202565,1,1,6,527.3823753155183
202569,1,1,8,734.4077450900967
202580,1,1,2,416.20441126177303
202583,1,1,5,0.42645457969393247
202585,1,1,1,538.0188360489083
202595,1,1,1,177.24482122121208
202625,1,1,8,858.530069366835
202633,1,1,9,575.4267396212343
202636,1,1,7,135.09150963184996
202651,1,1,6,405.91547280906525
202659,1,1,10,260.8759684701712
202682,1,1,4,0.42645458358136
202704,1,1,6,386.21405342771465
202717,1,1,5,0.42645457969393247
202735,1,1,6,611.159091129716
202738,1,1,6,490.65419478260776
202749,1,1,8,641.695285656453
202754,1,1,8,302.6701928832974
202798,1,1,10,427.6918032247529
202809,1,1,2,368.42048603595464
202817,1,1,9,815.841548871091
202846,1,1,10,450.3761372661015
202853,1,1,9,882.1236386942319
202854,1,1,6,318.56308888163716
202858,1,1,10,295.5540286024923
202867,1,1,5,0.42645457969393247
202879,1,1,5,0.42645457969393247
202887,1,1,9,223.18757151250352
202890,1,1,9,391.6980338575794
202900,1,1,8,587.6409970272686
202902,1,1,8,662.5329496024697
202904,1,1,7,115.2163817069216
202906,1,1,6,812.1478800765525
202912,1,1,5,0.42645457969393247
202926,1,1,4,0.42645458358136
202935,1,1,3,45.663119904407104
202941,1,1,1,695.9876839538421
202948,1,1,5,0.42645457969393247
202976,1,1,5,0.42645457969393247
202981,1,1,8,657.7101855532737
202988,1,1,8,248.4874185429012
203019,1,1,8,173.3596113185949
203023,1,1,9,890.4982176916218
203042,1,1,8,205.46556604954372
203052,1,1,5,0.42645457969393247
203066,1,1,4,0.42645458358136
203076,1,1,9,602.3158960722143
203085,1,1,10,326.15896680311965
203089,1,1,9,609.5926365119881
203096,1,1,8,848.8474296323702
203106,1,1,6,782.7023751812976
203109,1,1,8,866.1152495179768
203120,1,1,8,438.2240045869322
203125,1,1,4,0.42645458358136
203126,1,1,4,0.42645458358136
203128,1,1,6,418.99319155455834
203131,1,1,8,719.7043255778095
203148,1,1,4,0.42645458358136
203151,1,1,4,0.42645458358136
203160,1,1,6,806.843580615564
203166,1,1,6,680.8744835813613
203176,1,1,6,409.0747801455935
203181,1,1,4,0.42645458358136
203194,1,1,9,579.9794608337953
203198,1,1,9,624.1775062715035
203202,1,1,9,516.5896150092669
203212,1,1,8,934.3908487754782
203223,1,1,1,342.347155871824
203241,1,1,10,582.7654054096446
203242,1,1,9,608.3005108418229
203247,1,1,6,802.6512879778999
203275,1,1,1,336.3940299687797
203276,1,1,7,61.422963357203805
203292,1,1,5,0.42645456789925423
203294,1,1,5,0.42645456789925423
203338,1,1,2,54.57576141919285
203354,1,1,8,808.8248364580278
203362,1,1,4,0.42645458358136
203373,1,1,10,323.77110572553147
203404,1,1,1,469.5529478222914
203418,1,1,8,114.22608336348506
203423,1,1,4,0.42645458358136
203432,1,1,3,76.04730348367777
203438,1,1,5,0.42645457969393247
203440,1,1,1,215.86440606633025
203475,1,1,4,0.42645458358136
203482,1,1,10,575.5546109492601
203488,1,1,10,376.39782206405715
203502,1,1,6,361.70417937486644
203520,1,1,9,465.118022791184
203529,1,1,5,0.42645457969393247
203541,1,1,4,0.42645458358136
203555,1,1,8,485.491276770776
203556,1,1,10,518.1336383379901
203559,1,1,9,608.8973176558633
203562,1,1,9,366.1788279002703
203565,1,1,10,632.4139469468324
203579,1,1,6,458.2072501583831
203588,1,1,5,0.42645457969393247
203591,1,1,8,657.349794278251
203602,1,1,8,649.1479451905535
203604,1,1,5,0.42645457969393247
203609,1,1,8,391.40677352013853
203615,1,1,6,748.9289326181854
203616,1,1,6,679.7428013158593
203661,1,1,4,0.4264545919581291
203671,1,1,5,0.42645456789925423
203681,1,1,7,67.92996864060127
203685,1,1,8,824.3455367675771
203696,1,1,10,342.6925225060387
203708,1,1,10,519.6197699131699
203717,1,1,6,644.4737556142289
203719,1,1,9,302.4547998397928
203720,1,1,4,0.42645458358136
203724,1,1,5,0.42645457969393247
203738,1,1,9,595.4918966735727
203739,1,1,5,0.42645457969393247
203749,1,1,4,0.42645458358136
203755,1,1,2,414.67641098697027
203767,1,1,9,238.3921670533191
203773,1,1,5,0.42645457969393247
203786,1,1,7,33.66135621721739
203793,1,1,9,610.269300864122
203803,1,1,8,489.93829622771204
203822,1,1,9,535.6397780811508
203867,1,1,5,0.42645457969393247
203868,1,1,4,0.42645458358136
203877,1,1,4,0.42645458358136
203882,1,1,6,547.7860153467736
203890,1,1,6,516.4875366038234
203893,1,1,3,93.21339026630679
203911,1,1,6,544.4512200717537
203917,1,1,8,908.4263894055275
203919,1,1,9,875.8537326421193
203923,1,1,5,0.42645457969393247
203932,1,1,9,786.9632689388624
203943,1,1,9,877.0285023493825
203956,1,1,10,312.7651030292601
203965,1,1,2,425.48155541570185
203970,1,1,10,179.37260118040064
203981,1,1,7,146.07019793662397
203995,1,1,8,734.6817326742333
204003,1,1,4,0.42645458358136
204005,1,1,4,0.42645458358136
204014,1,1,8,752.2990378925073
204018,1,1,9,489.7664168881818
204020,1,1,1,218.75263351882626
204029,1,1,1,461.6979119982867
204034,1,1,9,864.4320800627996
204035,1,1,4,0.42645458358136
204042,1,1,8,720.3451540919151
204059,1,1,1,571.2512045389315
204066,1,1,6,221.75501216872073
204074,1,1,9,735.8231300698675
204075,1,1,8,396.10375674847904
204080,1,1,6,738.627848354308
204083,1,1,4,0.42645458358136
204114,1,1,2,168.8857435769212
204127,1,1,1,701.2610976920205
204162,1,1,6,573.4738532678026
204172,1,1,2,61.805997940921195
204203,1,1,6,581.342968241443
204207,1,1,8,829.5600129300885
204245,1,1,9,876.4961410666991
204258,1,1,9,870.6995522293512
204267,1,1,10,517.5091643629365
204279,1,1,5,0.42645457969393247
204281,1,1,6,487.7847719645615
204285,1,1,8,341.0624573284947
204311,1,1,4,0.4264545919581291
204319,1,1,9,222.29998090325824
204320,1,1,3,54.42630885183337
204325,1,1,4,0.42645458358136
204338,1,1,1,169.6680600483197
204347,1,1,9,178.90052859877275
204354,1,1,9,275.1777581992046
204356,1,1,6,438.18312023811444
204368,1,1,9,624.7969228583364
204378,1,1,6,480.1654532599591
204382,1,1,3,68.19638538863612
204384,1,1,4,0.42645458358136
204387,1,1,5,0.42645457969393247
204393,1,1,9,271.68982934777097
204394,1,1,8,566.5448100595279
204402,1,1,1,223.47872548211416
204406,1,1,6,409.0726624960538
204407,1,1,9,649.8810877682694
204450,1,1,9,564.329783570062
204454,1,1,7,43.57421743876251
204459,1,1,5,0.42645457969393247
204466,1,1,9,764.9891835406103
204481,1,1,4,0.42645458358136
204494,1,1,10,451.27664117821126
204500,1,1,9,867.5160027858188
204507,1,1,10,336.3203354749781
204510,1,1,1,271.8089370350926
204511,1,1,5,0.42645457969393247
204533,1,1,5,0.42645457969393247
204546,1,1,8,838.5762764891368
204548,1,1,4,0.42645458358136
204550,1,1,5,0.42645457969393247
204558,1,1,5,0.42645456789925423
204564,1,1,8,532.8912459672881
204572,1,1,8,424.8109994407493
204574,1,1,9,820.4093817569798
204577,1,1,1,703.5611832770753
204583,1,1,2,370.0317372893192
204588,1,1,5,0.42645457969393247
204603,1,1,5,0.42645457969393247
204613,1,1,6,299.0597228714241
204626,1,1,9,521.4891886655156
204650,1,1,8,690.0045862321045
204651,1,1,2,388.5353196680618
204662,1,1,5,0.42645457969393247
204668,1,1,4,0.42645458358136
204671,1,1,8,742.5974083641499
204676,1,1,9,344.4603427621677
204700,1,1,8,310.20530493837026
204710,1,1,8,449.2830016187714
204712,1,1,5,0.42645457969393247
204716,1,1,9,824.5092244377855
204725,0,1,0,0.16527671132992078
204727,1,1,4,0.42645458358136
204733,1,1,6,621.2350880411739
204751,1,1,6,524.4428846481578
204761,1,1,6,554.2417365124319
204772,1,1,8,784.385624477026
204787,0,1,0,0.11433311115023681
204795,1,1,2,274.8413374700009
204811,1,1,9,571.9316599148688
204821,1,1,10,182.59106793971063
204837,1,1,9,811.5295076156807
204838,1,1,9,604.2688061670059
204839,1,1,5,0.42645456789925423
204844,1,1,9,537.7205453467842
204848,1,1,6,643.1801678863002
204876,1,1,5,0.42645457969393247
204883,1,1,9,763.9784172562985
204890,1,1,8,510.18761229866953
204895,1,1,1,408.5355193226764
204911,1,1,9,747.682440468786
204922,1,1,2,481.53408259873754
204950,1,1,4,0.42645458358136
204953,1,1,9,135.50519533650646
204954,1,1,9,886.864402068438
204961,1,1,6,348.8239134857527
204969,1,1,9,799.7906360759573
204972,1,1,5,0.42645457969393247
204990,1,1,9,843.1728043089049
205024,1,1,1,347.78214687977885
205054,1,1,9,856.7314444055322
205059,1,1,5,0.42645457969393247
205069,1,1,2,438.94899597049636
205071,1,1,4,0.42645458358136
205072,1,1,6,665.3405648379694
205073,1,1,4,0.42645458358136
205075,1,1,9,429.9455351418956
205079,1,1,8,563.5154045529409
205088,1,1,5,0.42645457969393247
205090,1,1,9,701.0801221922126
205144,1,1,3,86.48551357137434
205153,1,1,9,786.6304223126142
205166,1,1,1,157.78646310069522
205175,1,1,7,25.89443503504807
205194,1,1,9,420.22712840131123
205218,1,1,8,783.9493664038123
205234,1,1,5,0.42645456789925423
205241,1,1,8,717.4518991644478
205253,1,1,9,676.114079452032
205269,1,1,7,128.0163406229745
205284,1,1,10,89.7403735951004
205293,1,1,6,205.60936267002356
205295,1,1,9,120.3223399748848
205302,1,1,8,564.6997401478086
205321,1,1,6,678.9939465048338
205340,1,1,1,683.7492754226354
205356,1,1,8,618.1790336836174
205366,1,1,9,874.1145955417313
205372,1,1,8,590.5681658799684
205378,1,1,6,781.8983300813306
205380,1,1,6,436.7839570680659
205389,1,1,9,452.7896090489382
205394,1,1,9,660.0004988649833
205401,1,1,9,47.29039172381808
205412,1,1,10,635.4796760103956
205413,1,1,3,85.24174653860335
205422,1,1,10,296.313013312782
205425,1,1,4,0.42645458358136
205442,1,1,7,78.60611653168777
205449,1,1,7,105.48362736680618
205459,1,1,8,255.29270943347814
205474,1,1,8,368.9895494719136
205488,1,1,4,0.42645458358136
205489,1,1,9,877.0954950759776
205497,1,1,6,221.211523579077
205505,1,1,3,67.73834315081288
205528,1,1,4,0.42645458358136
205532,1,1,10,199.54999431809227
205540,0,1,0,0.10241731352103983
205555,1,1,5,0.42645457969393247
205575,1,1,3,75.5444190562924
205620,1,1,6,169.41223792464777
205635,1,1,9,582.5101915581571
205643,1,1,8,416.2102114240248
205658,1,1,6,0.632806743237376
205692,1,1,1,267.36931462432904
205699,1,1,5,0.42645457969393247
205726,1,1,6,782.0807466038287
205735,1,1,5,0.42645457969393247
205741,1,1,8,566.3137689306631
205743,1,1,8,453.8526726148481
205745,1,1,9,214.9107900835103
205787,1,1,6,616.3732839831913
205788,1,1,4,0.42645458358136
205791,0,1,0,0.11842465788370128
205795,1,1,9,609.0460052539859
205799,1,1,10,433.4806339068615
205814,1,1,7,118.27785170303463
205840,1,1,6,272.375842179802
205841,1,1,6,215.34352958146496
205845,1,1,9,192.3320854925713
205850,1,1,5,0.42645457969393247
205855,1,1,9,857.0643938987491
205863,1,1,1,701.46907870422
205873,1,1,8,321.03032658223054
205881,1,1,10,710.4123338820535
205900,1,1,6,779.7980364047811
205925,1,1,10,425.1645582318296
205928,1,1,8,486.09313395576953
205930,1,1,8,813.2757741052354
205931,1,1,9,501.3002014543942
205932,1,1,8,244.34862235911302
205947,1,1,1,742.469549774849
205975,1,1,6,304.6232469821087
205977,1,1,6,297.60553140581436
205997,1,1,10,379.24258357706094
206005,1,1,6,534.5637996568073
206029,1,1,4,0.42645458358136
206036,1,1,5,0.42645457969393247
206054,1,1,5,0.42645457969393247
206056,1,1,10,400.68020777039163
206060,1,1,4,0.42645458358136
206075,1,1,2,293.6927381089979
206076,1,1,9,302.6178775596561
206083,1,1,4,0.42645458358136
206087,1,1,9,221.32037879170605
206092,1,1,6,575.0135230245291
206121,1,1,4,0.42645458358136
206124,1,1,1,543.3867861855717
206139,0,1,0,0.1133568438034234
206148,1,1,8,753.889255725909
206151,1,1,9,887.9384439629761
206156,1,1,3,45.74531374289074
206164,1,1,8,889.153574394556
206174,1,1,10,651.3136782318118
206182,1,1,8,942.8410714177172
206184,1,1,5,0.42645457969393247
206186,1,1,10,463.62034070969764
206199,1,1,9,274.6202515711524
206204,1,1,5,0.42645457969393247
206207,1,1,8,419.89038242880923
206214,1,1,4,0.42645456789925423
206216,1,1,9,297.6495379505352
206226,1,1,10,693.1989499665951
206250,1,1,2,304.0895644139363
206254,1,1,5,0.42645457969393247
206269,1,1,1,573.427824161923
206273,1,1,8,730.9214953896407
206299,1,1,4,0.42645458358136
206322,1,1,8,267.4727007259507
206327,1,1,6,525.0261326144898
206335,1,1,3,47.91391658358962
206337,1,1,5,0.42645457969393247
206339,1,1,10,323.1135451629046
206341,1,1,4,0.42645458358136
206346,1,1,5,0.42645457969393247
206370,1,1,6,798.7920210853074
206387,1,1,1,225.51945060084938
206396,1,1,4,0.42645458358136
206404,1,1,8,670.8767256740166
206405,0,1,0,0.25868826021822855
206431,1,1,4,0.42645458358136
206441,1,1,9,114.84012882146665
206447,1,1,4,0.42645458358136
206471,1,1,5,0.42645457969393247
206478,1,1,8,852.5378428940883
206490,1,1,6,352.6464470010105
206509,1,1,1,710.6424044830002
206513,1,1,10,461.56503483294733
206539,1,1,9,425.9144962914837
206544,1,1,10,415.5981029632273
206552,1,1,8,517.0039304352235
206567,1,1,8,285.7563443473647
206577,1,1,8,384.66713491862805
206579,1,1,6,592.3222498441306
206592,1,1,9,696.0781476044408
206593,1,1,1,692.7964130608593
206613,1,1,1,389.3351688959789
206622,1,1,10,406.9019814318466
206632,1,1,8,931.7400742389837
206638,1,1,4,0.42645458358136
206639,1,1,8,781.9536395924288
206642,1,1,9,479.5742403017276
206655,1,1,8,345.48077500001665
206673,1,1,10,570.4159853796068
206681,1,1,10,228.4919498416478
206682,1,1,4,0.42645458358136
206713,1,1,1,367.0269507714365
206714,1,1,6,761.7706921881726
206723,1,1,4,0.42645458358136
206726,1,1,6,637.9737201332466
206731,1,1,10,401.7195494547113
206733,1,1,9,351.3827102356548
206743,1,1,9,750.4710029162836
206747,1,1,7,151.04310580783792
206750,1,1,4,0.42645458358136
206751,1,1,1,246.59313727751407
206754,1,1,8,555.2664481202364
206764,1,1,1,425.83666261731315
206773,1,1,9,378.300705073745
206780,1,1,7,70.79252387703957
206786,1,1,8,719.67850570634
206803,1,1,4,0.42645458358136
206810,1,1,1,686.6369021652118
206819,1,1,5,0.42645457969393247
206821,1,1,6,665.2121451907811
206840,1,1,7,172.45766588683352
206845,1,1,6,797.6820786516213
206868,1,1,3,80.0131742801705
206906,1,1,9,399.549602406721
206908,1,1,9,765.8171078462336
206918,1,1,7,33.68785379990372
206923,1,1,10,461.83030854908964
206928,1,1,9,871.208063473246
206931,1,1,8,707.2977194967389
206946,1,1,5,0.42645457969393247
206955,1,1,9,491.9705753284723
206964,1,1,5,0.42645457969393247
206966,1,1,6,496.0187573846647
206986,1,1,9,580.5315305738528
206992,1,1,5,0.42645457969393247
206994,1,1,10,445.7235169046151
206998,1,1,2,380.13316411911825
207000,1,1,6,300.9887245757072
207012,1,1,6,515.8076494637653
207013,1,1,9,427.6243301911625
207029,1,1,5,0.42645457969393247
207032,1,1,5,0.42645457969393247
207033,1,1,9,156.13387268990076
207042,1,1,10,596.6921232215296
207050,1,1,8,690.8050069243803
207054,1,1,6,432.07402989099364
207064,1,1,9,500.5725113502966
207068,1,1,9,602.5565363710551
207070,1,1,5,0.42645457969393247
207083,1,1,9,426.5904888460631
207095,1,1,2,200.98731699940788
207097,1,1,1,555.5856270292397
207101,1,1,10,198.5516231907697
207105,1,1,6,449.5103528497696
207117,1,1,9,93.97122805887936
207119,1,1,6,738.3278151359495
207131,1,1,5,0.42645457969393247
207158,1,1,9,595.1562739190709
207186,1,1,1,761.8737870853797
207188,1,1,10,433.0607259693804
207242,1,1,4,0.42645458358136
207245,1,1,9,205.71896509658401
207246,1,1,6,214.64930221960984
207280,1,1,3,45.5909687922979
207286,1,1,5,0.42645457969393247
207313,1,1,6,713.9166879995548
207318,1,1,5,0.42645457969393247
207322,1,1,8,255.71524099008676
207365,1,1,6,393.41172141022855
207369,1,1,9,645.5618232363034
207379,1,1,6,293.6610170216522
207398,1,1,8,902.5972286304401
207399,1,1,5,0.42645457969393247
207403,1,1,9,465.53037974305715
207409,1,1,9,870.0478640143612
207416,1,1,4,0.42645458358136
207452,1,1,8,880.2934807476893
207470,1,1,10,717.2576975435481
207474,1,1,5,0.42645457969393247
207477,1,1,9,599.4357078774506
207496,1,1,5,0.42645457969393247
207507,1,1,3,60.56488988129364
207519,1,1,10,415.7822451350997
207525,1,1,6,454.69295815875864
207549,1,1,6,355.21735109986656
207551,1,1,5,0.42645457969393247
207563,1,1,8,229.06744478437002
207580,1,1,10,262.5191578949146
207582,1,1,4,0.42645457969393247
207597,1,1,1,268.3290658680229
207617,1,1,9,343.3672992970006
207623,1,1,10,424.9977676204994
207624,1,1,6,312.0725684729957
207645,1,1,8,662.3770713446027
207650,1,1,6,758.1521513739691
207651,1,1,9,516.1265162467148
207653,1,1,6,810.2659761763863
207671,1,1,4,0.42645458358136
207687,1,1,9,304.6546278924832
207689,1,1,9,681.8814385071038
207692,1,1,9,649.6148000396531
207698,1,1,7,116.51254138589606
207745,1,1,8,604.7492714958919
207764,1,1,7,132.4575920455825
207771,1,1,8,384.23171341940576
207781,1,1,7,131.75804181794663
207783,1,1,8,266.57367880448396
207788,1,1,8,865.979563493023
207806,1,1,1,540.532892535965
207820,1,1,9,573.6437994086641
207821,1,1,8,591.9879185846424
207823,1,1,10,234.99685458654508
207830,1,1,5,0.42645457969393247
207839,1,1,4,0.42645458358136
207845,1,1,2,376.2529836547999
207854,1,1,9,348.2404231396557
207866,1,1,8,449.6040039339082
207869,1,1,6,398.54510941168894
207871,1,1,9,65.13511020664336
207873,1,1,4,0.42645458358136
207877,1,1,9,844.7294620278733
207887,1,1,9,819.8337733591063
207890,0,1,0,0.10995400225773633
207901,1,1,5,0.42645457969393247
207910,0,1,0,0.11600566804032547
207912,1,1,8,557.6372404693226
207914,1,1,1,598.0499355573679
207917,1,1,6,447.8785052345692
207921,1,1,5,0.42645457969393247
207948,1,1,8,946.7577330190053
207956,1,1,7,139.77832075141566
207957,1,1,9,460.5800598567235
207972,1,1,8,549.3920086401622
207973,1,1,9,355.3100768153531
207979,1,1,6,731.1305281574887
207980,1,1,1,443.30719234347913
207987,1,1,4,0.42645458358136
208002,1,1,8,236.71430954450298
208006,1,1,1,207.14145162535186
208013,1,1,8,542.6917041247439
208014,1,1,6,798.7522725676554
208023,1,1,8,690.2171303832545
208029,1,1,7,73.4358697612089
208036,1,1,5,0.42645457969393247
208042,1,1,3,89.2524073772334
208044,1,1,8,354.74091019001025
208054,1,1,8,670.9787141878427
208062,1,1,4,0.4264545919581291
208067,1,1,10,659.0811085061985
208068,1,1,6,744.4466501404784
208072,1,1,8,613.0884926886315
208080,1,1,5,0.42645457969393247
208102,1,1,8,616.0353426515683
208107,1,1,1,396.19579895597263
208115,1,1,1,164.06641877825473
208143,1,1,7,82.8025950444374
208160,1,1,5,0.42645457969393247
208178,1,1,5,0.42645457969393247
208179,1,1,1,659.9289122660053
208180,1,1,9,710.6263125471448
208190,1,1,4,0.42645458358136
208192,1,1,7,70.04214822718146
208201,1,1,9,566.2997838375614
208202,1,1,9,692.4566687168272
208205,1,1,4,0.42645458358136
208210,1,1,6,617.1117916019266
208223,1,1,7,96.59263583447658
208224,1,1,9,356.31523468843744
208227,1,1,10,723.2159994846236
208228,1,1,10,271.03438069335505
208232,1,1,5,0.42645457969393247
208238,1,1,9,815.7965518013658
208249,1,1,8,791.7056952238989
208250,1,1,5,0.42645457969393247
208261,1,1,9,870.7683889362752
208266,1,1,6,515.613341174845
208270,1,1,8,467.07971174935665
208284,1,1,5,0.42645457969393247
208295,1,1,6,185.86415723251307
208302,1,1,9,863.7556953375218
208310,1,1,8,594.1205678943472
208317,1,1,5,0.42645457969393247
208348,1,1,9,642.1044458856437
208352,1,1,5,0.42645457969393247
208358,1,1,8,381.9310594783068
208362,1,1,6,416.48284853397297
208373,0,1,0,0.11316658397502649
208383,1,1,9,772.8308625411341
208386,1,1,9,606.2409035133913
208389,1,1,9,584.0330705695565
208410,1,1,9,787.7056641220148
208416,1,1,5,0.42645457969393247
208431,1,1,1,649.813773694282
208455,1,1,9,837.8422631757584
208458,1,1,5,0.42645457969393247
208461,1,1,9,252.1367913159745
208483,1,1,5,0.42645457969393247
208500,1,1,4,0.42645458358136
208507,1,1,9,815.7628994838255
208517,1,1,9,767.4233223788104
208521,1,1,9,796.029682240624
208523,1,1,8,150.16241822317215
208526,1,1,5,0.42645457969393247
208544,1,1,9,610.6170295161799
208545,1,1,7,138.1908483155383
208555,1,1,10,558.189140141058
208565,1,1,5,0.42645457969393247
208572,1,1,5,0.42645457969393247
208578,1,1,8,777.7265754742981
208581,1,1,9,477.5473821758008
208607,1,1,6,362.21805842566863
208628,1,1,6,799.5667888957728
208641,1,1,4,0.4264545919581291
208664,1,1,10,722.0237404786221
208674,1,1,8,548.1088987882756
208680,1,1,4,0.42645458358136
208684,1,1,10,149.14599921120058
208693,1,1,6,776.7316180553473
208696,1,1,5,0.42645457969393247
208704,1,1,5,0.42645457969393247
208728,1,1,9,209.77140202168601
208741,1,1,9,467.5619944677731
208761,1,1,6,390.1409941957504
208775,1,1,5,0.42645457969393247
208781,1,1,8,667.1827639060233
208796,1,1,4,0.42645458358136
208823,1,1,9,524.6938106889445
208825,1,1,3,76.36528781407034
208826,1,1,5,0.42645457969393247
208828,1,1,10,296.7726103532811
208831,1,1,6,477.1663126725518
208895,1,1,9,876.6069316911322
208926,1,1,8,424.47529639728134
208933,1,1,4,0.42645458358136
208959,1,1,4,0.42645458358136
208964,1,1,4,0.42645458358136
208975,1,1,10,530.1665668626766
209001,1,1,8,782.5983633122324
209005,1,1,8,441.5875022599401
209017,1,1,10,291.6520880710711
209033,1,1,9,810.7990929848066
209049,1,1,4,0.42645458358136
209057,1,1,4,0.42645458358136
209058,1,1,5,0.42645456789925423
209080,1,1,3,58.4198697559755
209092,1,1,5,0.42645457969393247
209102,1,1,5,0.42645457969393247
209106,1,1,4,0.42645458358136
209114,1,1,1,742.912236271795
209121,1,1,8,406.6520735467591
209132,1,1,10,588.192996079845
209134,1,1,6,778.6284844276735
209160,1,1,3,89.80413778986178
209163,1,1,10,254.5638695167874
209169,1,1,6,544.4889886694033
209187,1,1,4,0.42645458358136
209199,1,1,9,875.2366701408022
209235,1,1,5,0.42645457969393247
209237,1,1,9,688.9250093478968
209260,1,1,8,812.9962254285858
209268,1,1,6,371.815212877134
209274,1,1,9,242.62155027429415
209277,1,1,6,496.7882949161282
209278,1,1,10,721.8242475567239
209281,1,1,6,212.3420980281742
209284,1,1,9,795.8417543481848
209285,1,1,1,533.8549685972425
209292,1,1,9,296.62950660694503
209293,1,1,4,0.42645458358136
209297,1,1,6,744.2351180576726
209301,1,1,5,0.42645457969393247
209305,1,1,7,13.242791908471167
209306,1,1,6,663.3692086551259
209317,1,1,6,467.4242393786459
209329,1,1,9,866.4327918425663
209336,1,1,9,771.6272358097926
209338,1,1,4,0.4264545919581291
209340,1,1,4,0.42645458358136
209341,1,1,8,342.76721274889496
209366,1,1,6,740.4779664932727
209382,1,1,4,0.42645458358136
209395,1,1,5,0.42645457969393247
209404,1,1,8,629.3914929385312
209407,1,1,2,353.9962070887506
209428,1,1,9,536.427399065209
209438,1,1,4,0.42645458358136
209446,1,1,5,0.42645457969393247
209447,1,1,4,0.42645458358136
209466,1,1,9,582.4761434140096
209469,1,1,4,0.42645458358136
209498,1,1,4,0.42645458358136
209536,1,1,4,0.42645458358136
209552,1,1,9,109.54858140793606
209553,1,1,6,680.9553801525426
209556,1,1,5,0.42645457969393247
209573,1,1,6,773.9132820732915
209574,1,1,6,396.4399046793292
209585,1,1,9,620.6772487584137
209587,1,1,8,840.828866510165
209613,1,1,10,720.2502855419491
209628,1,1,8,332.9433410454189
209649,1,1,7,123.99016481288086
209651,1,1,5,0.42645457969393247
209693,1,1,4,0.42645458358136
209705,1,1,8,745.2317949782672
209744,1,1,1,637.5994389761693
209750,1,1,9,809.6621049027693
209766,0,1,0,0.11522935650852262
209813,1,1,8,658.7552480829835
209819,1,1,5,0.42645457969393247
209820,1,1,3,89.92775973542133
209825,1,1,9,22.423962834224987
209827,1,1,9,782.2194922242736
209829,1,1,6,520.0746952284094
209831,1,1,4,0.42645458358136
209853,1,1,9,890.3703801560491
209855,1,1,4,0.42645458358136
209884,1,1,6,240.7486534913529
209893,1,1,5,0.42645457969393247
209897,1,1,10,711.7863756378672
209943,1,1,6,467.1108938206859
209947,1,1,9,424.40396134948776
209954,1,1,4,0.42645458358136
209972,1,1,4,0.42645458358136
209973,1,1,10,547.0136002001263
209974,1,1,5,0.42645457969393247
209980,1,1,8,373.8850352763657
209981,1,1,9,830.9494740119134
209994,1,1,10,218.63318024070193
209997,1,1,6,396.63255495098355
210005,1,1,8,196.46808396458394
210023,1,1,10,396.53809787963166
210043,1,1,9,537.5799961734367
210044,1,1,4,0.42645458358136
210047,1,1,5,0.42645457969393247
210070,1,1,8,869.4415182414182
210082,1,1,5,0.42645457969393247
210084,1,1,5,0.42645457969393247
210085,1,1,9,612.5674636743211
210104,1,1,8,507.6220903242482
210107,1,1,9,532.0897924042121
210136,1,1,3,92.08554455628818
210143,1,1,7,169.82803223354017
210146,1,1,5,0.42645457969393247
210150,1,1,9,67.3806742272971
210153,1,1,10,443.3148795491787
210160,1,1,8,639.8487273467156
210165,1,1,6,754.5079161168189
210169,1,1,8,620.9844714827643
210175,1,1,1,152.73148398087784
210181,1,1,9,70.0632788389105
210196,1,1,10,401.6886739995808
210202,1,1,6,426.7399156731471
210204,1,1,10,637.1679424975231
210215,1,1,3,89.3363182365694
210223,1,1,2,251.52808927905073
210228,1,1,1,543.6538430212154
210242,1,1,6,670.2390760441965
210251,1,1,5,0.42645457969393247
210253,1,1,6,809.2120487328729
210267,1,1,5,0.42645457969393247
210268,1,1,6,686.4174849112018
210274,1,1,8,780.4158988374999
210286,1,1,9,855.1239883510069
210290,1,1,9,761.8435129456511
210306,1,1,8,263.6555265377875
210309,1,1,8,779.994674972513
210313,1,1,3,42.201180439082954
210325,1,1,10,443.4405851424454
210332,1,1,8,346.6598466181352
210337,1,1,4,0.42645458358136
210341,1,1,10,451.1709944632316
210353,1,1,10,298.20407673348205
210355,1,1,8,711.9141177908654
210402,1,1,8,504.9845053262225
210413,1,1,5,0.42645457969393247
210415,1,1,9,517.6479470242892
210446,1,1,6,515.1665606468024
210460,1,1,9,884.2896423716745
210466,1,1,7,154.01093252782215
210469,1,1,4,0.42645458358136
210496,1,1,5,0.42645457969393247
210497,1,1,8,272.79740472837415
210498,1,1,7,116.718767887998
210500,1,1,10,501.26692462653597
210502,1,1,10,474.6489622187283
210510,1,1,9,862.0467184206192
210512,1,1,6,740.7788286562735
210522,1,1,9,323.00613268910706
210537,1,1,5,0.42645457969393247
210552,1,1,4,0.42645458358136
210557,1,1,8,573.2543860824322
210576,1,1,9,888.8238434019177
210581,1,1,5,0.42645457969393247
210583,1,1,8,751.549342976616
210604,1,1,1,309.3318858561492
210615,1,1,6,225.540251416603
210617,1,1,8,632.1582194012259
210626,1,1,9,853.0090576798726
210628,1,1,6,436.83538183249135
210652,1,1,5,0.42645457969393247
210660,1,1,4,0.42645458358136
210667,1,1,9,323.189941268346
210669,0,1,0,0.24032277319268416
210673,1,1,9,339.6848592171162
210700,1,1,10,718.6659267902954
210702,1,1,5,0.42645457969393247
210717,1,1,4,0.42645458358136
210722,1,1,6,595.2417002749295
210737,1,1,1,436.67249317608463
210739,1,1,5,0.42645457969393247
210740,1,1,9,303.04826104415537
210743,1,1,3,68.0334374375904
210784,1,1,9,203.388928758967
210853,1,1,2,218.91307743532602
210860,1,1,8,729.9921561083885
210865,1,1,10,157.81121482414025
210868,1,1,10,127.38341982931983
210869,1,1,9,536.9865350968277
210874,1,1,2,435.41129327347375
210881,1,1,6,681.7422822481159
210894,1,1,6,352.1822339745854
210920,1,1,5,0.42645457969393247
210925,1,1,1,425.85878868371975
210940,1,1,8,360.16395226425374
210941,1,1,8,549.4276979367072
210943,1,1,9,413.8653847003916
210950,1,1,9,91.63662000574178
210953,1,1,1,258.6128797197493
210968,1,1,6,455.24516733578747
210974,1,1,8,512.230936132225
210979,1,1,5,0.42645457969393247
210988,1,1,9,611.9483505701656
211004,1,1,8,704.3318522480729
211031,1,1,8,704.6459980074559
211046,1,1,5,0.42645456789925423
211048,1,1,6,543.5586458584395
211051,1,1,5,0.42645457969393247
211099,1,1,7,86.04575030383356
211105,1,1,1,304.4907235440812
211138,1,1,5,0.42645457969393247
211140,1,1,10,584.0063313123854
211145,1,1,8,572.8545009719435
211160,1,1,6,690.5548011707726
211173,1,1,5,0.42645457969393247
211177,1,1,6,195.7236921291709
211185,1,1,9,890.3471602266571
211192,1,1,8,427.524504874764
211214,1,1,3,57.52067554920131
211220,1,1,4,0.42645458358136
211227,1,1,10,149.62070680329037
211234,1,1,6,610.812881842487
211246,1,1,2,202.36097979923747
211256,1,1,6,196.19348578918706
211266,1,1,8,808.8085958137879
211280,1,1,4,0.42645458358136
211291,1,1,5,0.42645457969393247
211298,1,1,4,0.42645458358136
211300,1,1,3,93.00312660389532
211303,1,1,4,0.42645458358136
211326,1,1,1,649.2811107045093
211339,1,1,4,0.42645458358136
211349,1,1,10,706.2707540063476
211357,1,1,4,0.42645458358136
211374,1,1,2,209.2803233863739
211381,1,1,9,529.0264894441567
211392,1,1,3,54.65088367640969
211394,1,1,9,251.76540453509296
211409,1,1,5,0.42645456789925423
211411,1,1,10,445.2962876971432
211415,1,1,5,0.42645457969393247
211425,1,1,10,720.2060493085172
211432,1,1,10,295.6682958435542
211444,1,1,5,0.42645457969393247
211454,1,1,1,733.6470546732307
211466,1,1,9,379.8806630576061
211470,1,1,6,488.2890548754445
211492,1,1,9,190.21625893203273
211500,1,1,8,674.2332417607018
211510,1,1,5,0.42645457969393247
211520,1,1,2,385.06549742524766
211525,1,1,6,386.32488080117446
211529,1,1,4,0.42645458358136
211532,1,1,9,651.164190056659
211533,1,1,8,521.4656630087978
211542,1,1,6,781.924525928142
211554,1,1,5,0.42645457969393247
211561,1,1,2,211.23223806206357
211565,1,1,6,429.6406494723969
211577,0,1,0,0.10546179567838153
211588,1,1,7,114.38908272019731
211599,1,1,8,767.5240827047885
211616,1,1,4,0.42645458358136
211627,1,1,9,491.8056687923662
211646,1,1,5,0.42645457969393247
211655,1,1,9,877.3302073659571
211662,1,1,9,533.2018245667394
211668,1,1,9,854.3612349376717
211669,1,1,4,0.42645458358136
211677,1,1,8,253.88791962182285
211696,1,1,10,719.9149779543299
211706,1,1,9,485.4137757573457
211708,1,1,5,0.42645457969393247
211735,1,1,9,89.13242437972329
211753,1,1,10,327.4348345598536
211754,1,1,3,61.12350936012456
211759,1,1,9,517.0551505930255
211788,1,1,10,259.8621011531886
211814,1,1,2,481.11395024184634
211834,1,1,9,510.28880594349545
211872,1,1,7,144.85294087876255
211895,1,1,7,161.66602088687736
211919,1,1,9,823.4879564477524
211920,1,1,7,84.68254446342678
211933,1,1,9,478.9592490824065
211941,1,1,10,365.83407854450957
211977,1,1,9,871.2691422550324
211979,1,1,5,0.42645457969393247
211981,1,1,8,834.1106131720895
211991,1,1,5,0.42645457969393247
211992,1,1,9,876.6027692715378
211997,1,1,9,756.20874566382
212018,1,1,9,691.098206184061
212025,1,1,10,316.8974897261535
212034,1,1,8,690.966276761155
212035,1,1,7,124.04487673403152
212054,1,1,10,401.7080125838695
212058,1,1,1,570.4331962829456
212063,1,1,6,257.8724192719989
212067,1,1,8,681.4211338579232
212080,1,1,6,758.1501552475893
212147,1,1,5,0.42645456789925423
212177,1,1,6,414.8107543196307
212182,1,1,9,187.52366746252144
212188,1,1,9,578.3724262457577
212221,1,1,6,444.45749914087696
212226,1,1,5,0.42645457969393247
212232,1,1,7,26.503064518072225
212248,1,1,5,0.42645457969393247
212252,1,1,3,85.56667302663615
212264,1,1,9,800.7310071798246
212294,1,1,6,581.3243892189778
212295,1,1,7,111.23359845751877
212301,1,1,10,174.4359378619358
212316,1,1,8,757.36779796492
212322,1,1,6,557.2638447753066
212327,1,1,10,712.0348486809476
212328,1,1,9,890.3512310198672
212329,1,1,6,802.1325816795982
212334,1,1,10,248.10705221713448
212335,1,1,8,859.3979690266049
212356,1,1,7,94.83476382931438
212357,1,1,10,421.82204268344276
212361,1,1,6,698.3313543591279
212363,1,1,10,120.495171243357
212367,1,1,2,211.66081077542708
212370,1,1,8,664.9662800204575
212384,1,1,9,277.25464572727594
212402,1,1,5,0.42645457969393247
212413,1,1,4,0.42645458358136
212423,1,1,6,463.7749598497262
212441,1,1,8,338.4700284012542
212442,1,1,1,219.3883432291193
212445,1,1,1,369.70120532371794
212448,1,1,7,136.54701229642146
212453,1,1,6,716.6488684124887
212465,1,1,10,579.2244782310723
212485,1,1,6,741.4181945074769
212491,1,1,5,0.42645457969393247
212505,1,1,3,79.05208496253844
212512,1,1,7,121.79413201208841
212517,1,1,4,0.42645458358136
212520,1,1,4,0.42645458358136
212540,1,1,1,603.3628013699848
212544,1,1,8,662.4502648799674
212547,1,1,1,760.1572937196163
212548,1,1,1,616.7250810769893
212550,1,1,6,778.1970125463579
212556,1,1,5,0.42645457969393247
212578,1,1,8,198.79863859793417
212598,1,1,6,559.4660327734368
212599,1,1,9,438.7934957726078
212621,1,1,6,731.3343009742179
212633,1,1,9,305.5262508461636
212634,1,1,1,671.2144236941848
212636,1,1,9,652.6354903478389
212660,1,1,5,0.42645457969393247
212664,1,1,6,460.4243488086164
212687,1,1,4,0.42645458358136
212693,1,1,6,765.1405069496705
212719,1,1,9,810.4560474986835
212732,1,1,9,880.6629698029425
212741,1,1,1,207.04425417285088
212744,1,1,8,543.426390850612
212747,1,1,4,0.42645458358136
212756,1,1,5,0.42645456789925423
212774,1,1,4,0.4264545919581291
212780,1,1,10,455.35009756301395
212812,1,1,5,0.42645457969393247
212819,1,1,8,810.8369820916839
212831,1,1,9,611.4668582526056
212835,1,1,5,0.42645457969393247
212843,1,1,5,0.42645457969393247
212861,1,1,4,0.42645458358136
212868,1,1,8,834.4841855035683
212896,1,1,10,339.4276979696064
212898,1,1,9,832.4795865418318
212902,1,1,7,91.06676988232933
212917,1,1,5,0.42645457969393247
212921,1,1,9,825.3881256655867
212934,1,1,2,418.96920158637
212967,1,1,9,588.147160516563
212969,1,1,10,488.9177466595643
212971,1,1,9,219.81919029838753
213013,1,1,4,0.42645458358136
213020,1,1,6,809.0277703607449
213026,1,1,9,614.6435280826561
213040,1,1,4,0.42645458358136
213050,1,1,4,0.42645458358136
213057,1,1,7,152.05745482754878
213092,1,1,6,271.68164170321955
213099,1,1,1,604.0984944666836
213106,1,1,6,210.43082420770907
213115,1,1,6,525.5839617084888
213126,1,1,6,557.3767498394812
213137,1,1,5,0.42645457969393247
213145,1,1,8,746.7339285848767
213152,1,1,4,0.4264545919581291
213160,1,1,6,716.7825639041686
213177,1,1,4,0.42645458358136
213184,1,1,8,462.9825427891592
213186,1,1,2,373.4412566538594
213198,1,1,10,164.5105315463262
213200,1,1,9,698.3098753539872
213205,1,1,2,237.08310716570196
213220,1,1,6,748.9263544031279
213263,1,1,1,622.5435884486783
213267,1,1,9,812.8698028288463
213273,1,1,8,557.5430074363808
213279,1,1,6,785.6559655589584
213280,1,1,4,0.42645458358136
213288,1,1,10,624.526958921727
213291,1,1,7,74.29337779433435
213309,1,1,9,735.8958631501737
213312,1,1,2,483.1089177489789
213339,1,1,2,262.937667414601
213356,1,1,3,71.03716893432555
213365,1,1,7,68.87952729202419
213373,1,1,9,596.7098741451308
213404,1,1,6,778.0627434445815
213411,1,1,1,565.045896452957
213421,1,1,4,0.42645458358136
213423,1,1,8,480.0091198569893
213426,1,1,6,528.2899019209788
213431,1,1,8,354.77187936503316
213447,1,1,8,415.13765632663234
213448,1,1,4,0.42645458358136
213464,1,1,9,41.223837269398516
213467,1,1,6,810.403633722379
213474,1,1,6,286.135597477152
213476,1,1,5,0.42645456789925423
213479,1,1,9,814.5008148507596
213515,1,1,2,255.3247554084577
213519,1,1,4,0.42645458358136
213521,1,1,9,794.2590646490139
213525,1,1,4,0.42645458358136
213530,1,1,8,268.61832444150184
213532,1,1,9,652.8514338680608
213545,0,1,0,0.1748449052043035
213567,1,1,9,582.0698203494658
213568,1,1,5,0.42645457969393247
213605,1,1,1,295.6783593539956
213619,1,1,10,285.639030292253
213645,1,1,6,737.7229926265989
213678,1,1,5,0.42645457969393247
213710,1,1,6,408.22950201145784
213715,1,1,1,477.2566993580311
213719,1,1,4,0.42645458358136
213721,1,1,3,59.08834208322702
213730,1,1,3,92.84347430905798
213741,1,1,2,377.3638772311882
213756,1,1,8,790.0502355291702
213771,1,1,9,867.0631978039627
213783,1,1,8,456.1622803287865
213786,1,1,4,0.42645458358136
213787,0,1,0,0.11558495234925935
213796,1,1,8,809.2793253442268
213802,1,1,4,0.42645458358136
213819,1,1,8,888.304140404301
213823,1,1,5,0.42645457969393247
213824,1,1,4,0.42645458358136
213827,1,1,9,346.6017288646727
213835,1,1,5,0.42645456789925423
213845,1,1,6,728.3164410474712
213856,1,1,6,809.6281545858739
213862,1,1,9,737.4710804767577
213867,1,1,6,321.4027928926964
213873,1,1,9,827.8140772560982
213874,1,1,7,157.24509318890975
213911,1,1,9,747.7558717042922
213920,1,1,5,0.42645457969393247
213950,1,1,9,324.09404565599334
213956,1,1,4,0.42645458358136
213969,1,1,2,390.85402642662604
213985,1,1,9,876.7199498788573
213990,1,1,7,165.13827534689693
213992,1,1,3,53.052831209221026
213995,1,1,8,350.723685900735
214018,1,1,4,0.42645458358136
214029,1,1,6,373.07015837451513
214031,1,1,8,869.0729100503239
214037,1,1,4,0.42645458358136
214046,1,1,4,0.42645458358136
214047,1,1,1,650.4346511224301
214050,1,1,1,412.96350578852264
214073,1,1,6,229.68650835253789
214083,1,1,2,159.7617173478206
214090,1,1,7,146.57118936263555
214105,1,1,8,390.1255999843433
214106,1,1,9,659.2745463236573
214118,1,1,9,810.5734956115462
214127,1,1,3,82.90900223029605
214129,1,1,1,411.1289191848751
214131,1,1,6,499.3963636263832
214133,1,1,2,164.44874820966825
214145,1,1,1,694.4961694762816
214148,1,1,1,343.75925969541
214152,1,1,6,783.0972282217958
214159,1,1,6,484.2044227294073
214181,1,1,8,404.8497387463256
214186,1,1,5,0.42645457969393247
214194,1,1,6,748.3569397201923
214197,1,1,8,635.9964085526674
214199,1,1,5,0.42645457969393247
214207,1,1,8,591.0850745983506
214227,1,1,4,0.42645458358136
214228,1,1,8,416.5137490876988
214229,1,1,1,250.85483578367717
214231,1,1,9,566.8364137834456
214232,1,1,6,477.48127669232855
214241,1,1,8,666.6348469148163
214248,1,1,5,0.42645457969393247
214272,1,1,9,708.0553381942664
214287,1,1,5,0.42645457969393247
214302,1,1,8,491.2374921154357
214309,1,1,8,270.0561254583707
214315,1,1,4,0.42645458358136
214335,1,1,6,385.3863127048059
214349,1,1,5,0.42645457969393247
214356,1,1,6,207.10529895337143
214371,1,1,5,0.42645457969393247
214390,1,1,4,0.42645458358136
214391,1,1,5,0.42645457969393247
214421,1,1,4,0.42645458358136
214443,1,1,9,470.8848029296529
214445,1,1,9,704.6265177749485
214462,1,1,2,351.4764201619812
214464,1,1,1,598.9934103711117
214495,1,1,9,249.4102002195592
214496,1,1,6,275.91026697180797
214516,1,1,5,0.42645457969393247
214525,1,1,9,542.4398142139052
214546,1,1,4,0.42645458358136
214553,1,1,7,117.89710151414904
214554,1,1,4,0.42645458358136
214563,1,1,4,0.42645458358136
214573,1,1,2,467.0007439090161
214576,1,1,4,0.42645458358136
214598,1,1,6,448.00132024815167
214622,1,1,1,261.79688096672874
214638,1,1,3,88.787389935306
214641,1,1,1,215.17300417441908
214642,1,1,9,796.0447700289524
214648,1,1,5,0.42645457969393247
214649,1,1,8,781.2796582536819
214673,1,1,5,0.42645457969393247
214681,1,1,8,578.4349418402568
214684,1,1,6,656.649810424211
214687,1,1,10,473.9383607501947
214688,1,1,1,632.523046868161
214693,1,1,5,0.42645457969393247
214716,1,1,6,638.3960816214191
214728,1,1,4,0.42645458358136
214739,1,1,4,0.42645458358136
214744,1,1,4,0.42645458358136
214763,1,1,6,723.9919844519686
214767,1,1,1,287.35763005904454
214769,1,1,1,733.6517875582491
214771,1,1,8,458.24018704984314
214772,1,1,7,10.320839644165819
214776,1,1,8,160.8207918600716
214783,1,1,6,762.6557626090815
214786,1,1,9,600.6196114700577
214810,1,1,6,537.743497076208
214817,1,1,4,0.42645458358136
214822,1,1,4,0.42645458358136
214837,1,1,5,0.42645457969393247
214839,1,1,2,283.86152489477695
214843,1,1,9,377.6357546259182
214844,1,1,4,0.42645458358136
214868,1,1,5,0.42645457969393247
214873,1,1,7,137.00236630560227
214889,1,1,10,483.50683079600316
214905,1,1,6,205.8907556111405
214911,1,1,8,562.0387615443036
214920,1,1,6,586.3755314097194
214921,1,1,9,264.2379089181794
214924,1,1,5,0.42645457969393247
214928,1,1,10,425.6603345181493
214947,1,1,6,207.3152251976218
214948,1,1,6,444.43483044387466
214953,1,1,4,0.42645458358136
214965,1,1,5,0.42645457969393247
214968,1,1,8,524.2182398146904
214991,1,1,4,0.42645458358136
215001,1,1,8,766.2435052795332
215024,1,1,4,0.42645458358136
215042,1,1,10,301.1202516223668
215043,1,1,8,593.1181663215865
215058,1,1,5,0.42645456789925423
215060,1,1,7,89.67465859292277
215073,1,1,7,109.09794118477349
215098,1,1,5,0.42645457969393247
215101,1,1,8,195.84988382796578
215103,1,1,10,641.9751086543463
215114,1,1,9,361.3716576057872
215121,1,1,4,0.42645458358136
215123,1,1,5,0.42645457969393247
215124,1,1,6,310.10034147488784
215149,1,1,7,171.59168714842298
215156,1,1,8,757.6909232864382
215180,1,1,5,0.42645457969393247
215183,1,1,10,721.2745773893105
215194,1,1,10,419.596916118694
215197,1,1,4,0.42645458358136
215209,1,1,9,600.1461885059731
215218,1,1,2,473.6569009787083
215227,1,1,5,0.42645457969393247
215240,1,1,5,0.42645457969393247
215267,1,1,1,510.76825495752246
215290,1,1,3,89.22563988826892
215305,1,1,6,482.9299063409641
215320,1,1,10,563.8267539919079
215322,1,1,4,0.42645458358136
215361,1,1,10,395.77786877729
215364,1,1,6,696.5269568607447
215378,1,1,9,808.0011488887591
215385,1,1,9,865.2926993504176
215386,1,1,5,0.42645457969393247
215387,1,1,8,302.7169988046788
215427,1,1,1,301.3827224173407
215439,1,1,10,722.4384837071626
215447,1,1,10,546.0644972940887
215451,1,1,5,0.42645457969393247
215454,1,1,9,881.6871211437581
215481,1,1,5,0.42645457969393247
215523,1,1,8,886.311413166824
215541,1,1,6,702.9797624144319
215550,1,1,10,188.9374415411085
215581,1,1,2,413.8850865128555
215608,1,1,4,0.42645458358136
215612,1,1,9,425.721550026722
215625,0,1,0,0.1662449237736752
215626,1,1,1,538.8801962615275
215645,1,1,9,763.0274658306006
215657,1,1,9,215.12044822591164
215677,1,1,1,522.591206437551
215702,1,1,6,402.0940303216341
215708,1,1,1,380.31355340826127
215717,1,1,10,347.58762063824935
215722,1,1,6,536.3544180325302
215724,1,1,8,333.80515503207556
215739,1,1,9,578.3254409416321
215761,1,1,8,390.1199440744029
215765,1,1,9,844.9176831888807
215776,1,1,6,543.5458309950375
215783,1,1,10,316.8140982508559
215786,1,1,4,0.42645458358136
215798,1,1,6,699.8938111159571
215804,1,1,6,455.30145615526294
215809,1,1,6,301.40966233812117
215833,1,1,6,786.824288423484
215858,1,1,8,661.2810526793347
215861,1,1,6,466.58058510351543
215878,1,1,10,245.4014751647761
215886,1,1,9,806.9265462186974
215891,1,1,4,0.42645458358136
215896,1,1,8,309.7230296815656
215904,1,1,9,195.95214294196947
215910,1,1,6,530.1348196109011
215922,1,1,5,0.42645457969393247
215926,0,1,0,0.2462583827759064
215930,1,1,9,583.6760674091598
215936,1,1,6,614.9513848380492
215943,1,1,4,0.42645458358136
215948,1,1,9,849.7580868205254
215950,1,1,6,218.060482119756
215960,1,1,4,0.42645458358136
215961,1,1,8,754.6656109312592
215969,1,1,2,272.9384107593809
215985,1,1,3,92.67980447569923
215997,1,1,9,278.3069252290798
216001,1,1,6,392.48267606733845
216004,1,1,3,61.194401999906866
216021,1,1,5,0.42645457969393247
216027,1,1,8,838.4289869729351
216037,1,1,10,499.1454910330824
216048,1,1,6,659.3088701157687
216055,1,1,9,371.22870336020696
216060,1,1,6,732.5515954596099
216062,1,1,8,513.8604631750553
216074,1,1,10,719.8480138195454
216089,1,1,7,42.75166693533578
216091,1,1,5,0.42645457969393247
216102,1,1,8,396.26791762354145
216109,1,1,7,91.90863001026104
216121,1,1,4,0.4264545919581291
216124,1,1,6,470.1596214608835
216125,1,1,7,65.82105034371403
216132,1,1,4,0.42645458358136
216135,1,1,9,544.8867006192277
216141,1,1,4,0.42645458358136
216170,1,1,5,0.42645457969393247
216176,1,1,8,629.3104465082903
216178,1,1,9,342.8411383766091
216182,1,1,5,0.42645457969393247
216185,1,1,10,577.7265694062755
216187,1,1,6,713.714449004
216191,1,1,8,574.5565026250711
216200,1,1,10,463.9569087496405
216227,1,1,5,0.42645457969393247
216239,1,1,6,186.49427243435383
216241,1,1,3,86.04773702339882
216242,1,1,5,0.42645457969393247
216264,1,1,8,197.49176373069923
216270,1,1,5,0.42645457969393247
216274,1,1,4,0.42645458358136
216300,1,1,9,834.8493630440274
216307,1,1,4,0.42645458358136
216311,1,1,10,112.82585216976253
216323,1,1,8,214.57182294507976
216333,1,1,9,833.116489458828
216339,1,1,9,781.5547510484973
216346,1,1,1,712.8710743343158
216352,1,1,2,169.66676408929322
216359,1,1,5,0.42645457969393247
216360,1,1,5,0.42645457969393247
216403,1,1,9,865.0000991013616
216410,1,1,7,68.73649006842238
216418,1,1,6,419.93875336030953
216429,1,1,6,487.2503123089541
216433,1,1,6,460.0970619193282
216447,1,1,9,539.1371283936968
216448,1,1,5,0.42645457969393247
216449,1,1,9,799.0361000307722
216464,1,1,9,330.73810831846134
216474,1,1,5,0.42645457969393247
216479,1,1,4,0.42645458358136
216493,1,1,10,488.4683736601196
216494,1,1,10,83.51294296265822
216497,1,1,6,784.9067997537387
216511,1,1,6,539.07167037889
216514,1,1,10,532.4102807167008
216517,1,1,9,890.3475221047066
216528,1,1,6,460.9155759144944
216532,1,1,10,466.49449644588617
216534,1,1,4,0.42645458358136
216537,1,1,1,471.76727119291945
216553,1,1,5,0.42645457969393247
216557,1,1,4,0.42645458358136
216574,1,1,7,91.22717014144536
216601,1,1,5,0.42645457969393247
216608,1,1,7,173.88920328460284
216610,1,1,5,0.42645457969393247
216626,1,1,9,150.239281922301
216632,1,1,1,610.4831606311795
216633,1,1,5,0.42645457969393247
216636,1,1,7,164.04925491269995
216644,1,1,4,0.42645458358136
216690,1,1,6,170.2596416485937
216698,1,1,10,517.142704504341
216706,1,1,4,0.42645458358136
216727,1,1,8,452.3148351960052
216735,1,1,5,0.42645457969393247
216744,1,1,10,659.1495208126098
216745,1,1,9,818.8748027898481
216750,1,1,3,79.26991968888518
216753,1,1,6,634.3868498339765
216754,1,1,4,0.42645458358136
216786,1,1,7,172.50599916603218
216797,1,1,6,482.7472479073884
216833,1,1,4,0.42645458358136
216861,1,1,6,690.9968157517594
216866,1,1,7,65.25102143727229
216879,1,1,4,0.42645458358136
216880,1,1,6,139.60373170374734
216881,1,1,6,434.3918794665786
216896,1,1,9,769.4586400782508
216905,1,1,4,0.42645458358136
216907,1,1,9,885.5889861487144
216908,1,1,4,0.42645458358136
216916,1,1,9,725.6159862637961
216922,1,1,8,194.47870556860332
216940,1,1,3,34.903333818095476
216967,1,1,8,568.6784559738471
216988,1,1,5,0.42645457969393247
217011,1,1,9,658.4565663542965
217031,1,1,4,0.42645458358136
217042,1,1,10,220.54349315889903
217055,1,1,6,688.5227654873537
217064,1,1,5,0.42645457969393247
217068,1,1,7,163.9407529822003
217075,1,1,1,742.092343313655
217084,1,1,5,0.42645457969393247
217089,1,1,10,448.9878413403672
217093,1,1,8,661.7550621934475
217099,1,1,9,849.9738773611753
217106,1,1,6,463.69305836419545
217110,1,1,1,639.4443093177936
217135,1,1,1,393.02209849764074
217149,1,1,9,391.70921012398315
217166,1,1,10,157.58816806781118
217183,1,1,9,876.2019371028449
217189,1,1,8,757.7248026907874
217204,1,1,5,0.42645457969393247
217207,1,1,5,0.42645457969393247
217212,1,1,10,289.41339718866436
217223,1,1,10,301.3719416827743
217234,1,1,8,522.2967294102398
217243,1,1,4,0.42645458358136
217244,1,1,8,225.58335019581494
217245,1,1,9,742.695360505752
217265,1,1,8,511.3171447787362
217277,1,1,10,718.8189887957639
217284,1,1,6,721.0505025594995
217289,1,1,6,386.8180487597576
217292,1,1,8,519.5108215349235
217296,1,1,6,406.6053543700896
217300,1,1,9,284.72513714064775
217313,1,1,6,791.878712158951
217326,1,1,8,815.6954619043408
217338,1,1,1,389.8853507024088
217341,1,1,10,676.6830126545601
217385,1,1,9,756.8109622027137
217389,1,1,8,195.60531792763769
217394,1,1,6,225.27987816604008
217406,1,1,9,361.21065104130645
217411,1,1,7,162.2922374716658
217422,1,1,8,885.8139031006582
217424,1,1,6,557.0624360194458
217434,1,1,10,293.9301619823154
217449,1,1,9,610.0115127803875
217466,1,1,8,500.6247292395322
217471,1,1,4,0.42645458358136
217478,1,1,1,610.7596331955231
217489,1,1,9,514.8893911671028
217491,1,1,6,576.3890733232795
217496,1,1,6,790.162399331862
217506,1,1,6,508.16343841973406
217517,1,1,10,593.8802109087566
217524,1,1,8,373.9744410052339
217525,1,1,8,753.3050682523364
217531,1,1,1,703.2130159821857
217547,0,1,0,0.14229981355362262
217551,1,1,9,577.7306976147732
217554,1,1,1,487.48508122471156
217584,1,1,8,494.1398847288382
217596,1,1,9,616.8688884146752
217602,1,1,5,0.42645457969393247
217612,1,1,6,414.28139303218325
217617,1,1,3,89.40514545454323
217618,1,1,6,724.043340600253
217621,1,1,7,20.192460563566172
217640,1,1,1,649.6272690097029
217641,1,1,6,675.2771537189584
217646,1,1,5,0.42645456789925423
217661,1,1,8,724.5242375327001
217674,1,1,9,819.7941463362267
217686,1,1,9,213.93426065894963
217692,1,1,10,710.9672561182393
217698,1,1,10,260.25497488985945
217702,1,1,10,696.0856471406264
217716,1,1,6,282.3294414208182
217731,1,1,8,259.3996706194312
217745,1,1,9,390.92293584933157
217748,1,1,10,513.3936366391401
217754,1,1,9,635.146933332084
217757,1,1,1,331.39393621538767
217758,1,1,9,355.14527672850824
217767,1,1,9,455.3078675498754
217775,1,1,5,0.42645457969393247
217791,1,1,5,0.42645457969393247
217793,1,1,4,0.42645458358136
217798,1,1,5,0.42645457969393247
217803,1,1,2,233.6421031196894
217806,1,1,5,0.42645457969393247
217807,1,1,2,471.03773305996765
217813,1,1,6,424.4013134562664
217823,1,1,2,304.4102172313986
217842,1,1,6,586.9061250734231
217848,1,1,7,159.87524002842443
217856,1,1,7,116.46413295439953
217863,1,1,10,653.2924094288264
217870,1,1,1,650.8137691098583
217911,1,1,4,0.42645458358136
217921,1,1,2,332.6907273416343
217922,1,1,9,379.9889270052098
217958,1,1,8,146.14640224203478
217962,1,1,10,367.9514054171574
217964,1,1,8,805.3310554269864
217978,1,1,9,853.6458011939326
218009,1,1,10,692.5320029738925
218026,1,1,9,675.4537139634916
218034,1,1,8,262.6523963518815
218041,1,1,6,407.6708661752448
218044,1,1,8,840.5657723629604
218066,1,1,4,0.42645458358136
218125,1,1,4,0.42645458358136
218142,1,1,5,0.42645457969393247
218166,1,1,9,705.2319730113833
218167,1,1,9,875.3914754838082
218189,1,1,5,0.42645457969393247
218203,1,1,9,533.0044687958053
218209,1,1,4,0.42645458358136
218213,1,1,10,408.1220451243222
218221,1,1,5,0.42645457969393247
218224,1,1,4,0.42645458358136
218236,1,1,8,458.2808740692833
218240,1,1,10,334.0076495927227
218242,1,1,7,164.1767537925613
218248,0,1,0,0.09838177025301156
218251,1,1,9,621.0924860352694
218280,1,1,7,8.213382007754788
218282,1,1,7,93.31668935797958
218287,0,1,0,0.11057816721985546
218290,1,1,8,545.9279026857995
218299,1,1,3,92.80451960403016
218303,1,1,5,0.42645457969393247
218329,0,1,0,0.10018559943142341
218344,1,1,4,0.4264545919581291
218345,1,1,5,0.42645456789925423
218352,1,1,10,399.7334195369831
218353,1,1,9,582.7387941908407
218362,1,1,5,0.42645457969393247
218368,1,1,10,718.8498357723782
218387,1,1,2,397.1648764649153
218416,1,1,2,147.36703392272221
218447,1,1,7,163.9601790096178
218452,1,1,10,306.92417783976555
218490,1,1,10,558.2221723901699
218492,1,1,10,97.29819715654854
218499,1,1,4,0.42645458358136
218507,1,1,6,741.8455633068606
218524,1,1,9,514.00870589021
218531,1,1,5,0.42645457969393247
218534,1,1,6,606.0496921249872
218535,1,1,6,592.798545310911
218553,1,1,1,609.0846065399821
218556,1,1,1,405.00844926669475
218576,1,1,1,426.0785781041285
218590,1,1,5,0.42645457969393247
218592,1,1,1,450.9582360117777
218597,1,1,4,0.42645458358136
218599,1,1,9,65.86374614684928
218602,1,1,10,577.8150884795863
218607,1,1,9,693.5791536266665
218612,1,1,10,167.7245547370658
218613,1,1,2,295.4085053360521
218635,1,1,10,224.47119476681624
218636,1,1,8,868.724267010204
218645,1,1,10,389.71893772992655
218651,1,1,8,778.7963095911023
218653,1,1,9,19.382272171268365
218654,1,1,9,246.54830067626597
218661,1,1,6,390.3004828454279
218684,1,1,10,459.1410435306698
218693,1,1,10,375.6908592967155
218740,1,1,9,177.66026491038212
218745,1,1,3,88.63511523506652
218750,1,1,8,924.9986080239174
218761,1,1,6,328.1419032358466
218771,1,1,8,419.86396630789886
218796,1,1,10,635.7766094871624
218804,1,1,9,567.4276235476751
218819,1,1,6,472.25284025683226
218823,1,1,8,659.3379989908614
218829,1,1,6,674.5896309352531
218853,1,1,7,87.12660124169844
218860,1,1,2,474.8768260131718
218894,1,1,10,324.5596729230757
218917,1,1,8,212.0995927149651
218918,1,1,10,232.92811812280826
218929,1,1,10,645.0077088842135
218932,1,1,1,526.3023959828074
218933,1,1,5,0.42645457969393247
218958,1,1,5,0.42645457969393247
218960,1,1,7,157.45369926572124
218964,1,1,5,0.42645457969393247
218969,1,1,4,0.42645458358136
218981,1,1,3,79.4390937816262
219001,1,1,6,588.3036656567663
219012,1,1,9,645.6998565242839
219055,1,1,7,171.93323059243878
219065,1,1,8,251.39534008580287
219077,1,1,6,798.9121630921684
219078,1,1,6,725.2798175428574
219123,1,1,9,876.8729713123652
219126,1,1,6,547.8997276210991
219133,1,1,9,415.69362791166367
219159,1,1,7,164.15413185765897
219167,1,1,8,211.91200489304953
219173,1,1,9,583.0205274639507
219186,1,1,4,0.42645458358136
219212,1,1,8,341.200035369656
219215,1,1,1,477.0469547638243
219216,1,1,8,435.36816222554273
219220,1,1,9,830.7024832548522
219253,1,1,6,453.9683034787651
219266,1,1,10,502.92913348209225
219268,1,1,9,272.7991139140622
219277,1,1,4,0.42645458358136
219282,1,1,6,399.11015803428234
219285,0,1,0,0.11620757487946641
219296,1,1,5,0.42645457969393247
219302,1,1,5,0.42645457969393247
219320,1,1,5,0.42645457969393247
219343,1,1,8,661.8440974746917
219359,1,1,4,0.42645458358136
219367,1,1,8,450.93365312681203
219373,1,1,9,864.5123149866743
219379,1,1,10,581.4815350604958
219381,1,1,8,795.1340340401842
219383,1,1,9,814.165431970846
219385,1,1,5,0.42645457969393247
219396,1,1,10,374.04215748419176
219398,1,1,4,0.4264545919581291
219408,1,1,7,46.77399932159005
219417,1,1,1,506.5067580149313
219426,1,1,9,532.144113116934
219439,1,1,9,808.3256152405181
219444,1,1,8,601.4849804068919
219449,1,1,5,0.42645457969393247
219453,1,1,9,179.81533759421538
219473,0,1,0,0.24261169274528036
219477,1,1,8,708.9872469958658
219492,1,1,9,536.3097476893246
219502,1,1,7,142.01172335802897
219510,1,1,5,0.42645457969393247
219517,1,1,4,0.42645458358136
219520,1,1,5,0.42645457969393247
219529,1,1,8,529.977860925709
219530,1,1,4,0.42645458358136
219557,1,1,6,434.44297562638394
219560,1,1,10,420.7370451696481
219566,1,1,3,48.23243734937994
219578,1,1,6,504.90324823176604
219586,1,1,6,723.0206027103789
219605,1,1,10,187.61820055150105
219627,1,1,7,46.65446875158706
219646,0,1,0,0.0976608064277896
219652,1,1,6,790.0466408861963
219667,1,1,5,0.42645457969393247
219671,1,1,4,0.42645458358136
219690,1,1,4,0.42645458358136
219693,1,1,9,590.7253204788561
219704,1,1,8,494.71627703603644
219705,1,1,7,86.0078646042272
219738,1,1,4,0.4264545919581291
219741,1,1,9,883.3881540877965
219742,1,1,8,690.5989152873173
219759,1,1,2,135.94291453790902
219762,1,1,6,364.7858596623961
219770,1,1,8,736.5637862315785
219777,1,1,8,273.5787705816871
219779,1,1,10,722.923662867374
219793,1,1,8,843.8518817245116
219794,1,1,5,0.42645457969393247
219823,1,1,6,145.39621085038797
219828,1,1,4,0.42645458358136
219833,1,1,10,462.4965575754498
219836,1,1,7,56.86260564110946
219843,1,1,9,572.6084760824257
219846,1,1,5,0.42645457969393247
219851,1,1,10,136.08362558244892
219857,1,1,6,220.75110921941746
219860,1,1,6,607.665676887755
219867,0,1,0,0.09976567063527517
219898,1,1,10,391.1117562834863
219903,1,1,10,576.7048277586683
219905,1,1,6,220.3967545152669
219917,1,1,5,0.42645457969393247
219918,1,1,1,676.196467355127
219920,1,1,1,533.5349446982233
219923,1,1,8,524.0331920235861
219928,1,1,10,439.07404304351917
219944,1,1,5,0.42645457969393247
219962,1,1,6,575.3856987742332
219979,1,1,5,0.42645457969393247
219987,1,1,10,282.7734426039524
219992,1,1,6,682.861462542048
220004,1,1,5,0.42645456789925423
220006,1,1,8,598.7569179231851
220015,1,1,5,0.42645457969393247
220022,1,1,8,858.3121035241436
220026,1,1,9,701.1219567864313
220029,1,1,8,253.25517405118663
220049,1,1,1,507.0895806989238
220055,1,1,1,392.5858257435074
220056,1,1,7,91.10733447088226
220084,1,1,8,190.27077267066105
220086,1,1,7,107.48199151810948
220093,1,1,7,88.7864849535916
220102,1,1,2,320.0787153557339
220111,1,1,8,400.51792384547247
220119,1,1,5,0.42645457969393247
220126,1,1,10,441.5720654954787
220137,1,1,6,401.2275838651897
220153,1,1,9,884.0513516902033
220157,1,1,8,242.83463591902304
220171,1,1,9,521.3238754285967
220172,1,1,6,487.62726586077787
220173,1,1,4,0.42645458358136
220213,1,1,5,0.42645457969393247
220230,1,1,8,335.2609130238862
220237,1,1,4,0.42645458358136
220239,1,1,9,705.7399949334688
220243,1,1,6,185.0937590161247
220271,1,1,5,0.42645457969393247
220283,1,1,3,92.42323840928384
220292,1,1,9,340.7711267896133
220293,1,1,8,946.1894497362358
220294,1,1,7,141.3636943564595
220301,1,1,9,826.6607518061729
220303,1,1,4,0.42645458358136
220306,1,1,10,271.4847072897094
220316,1,1,8,137.88104738842927
220319,1,1,5,0.42645457969393247
220334,1,1,5,0.42645457969393247
220345,1,1,8,374.17045970463346
220353,1,1,8,213.67568932332014
220364,1,1,6,460.3999537080653
220365,1,1,9,271.3464743007695
220366,1,1,10,608.1518643180232
220369,1,1,8,560.3193800498079
220374,1,1,6,194.35810261568568
220375,1,1,4,0.42645458358136
220383,1,1,10,721.3267354759042
220384,1,1,5,0.42645457969393247
220406,1,1,9,510.13961743075805
220412,1,1,5,0.42645457969393247
220420,1,1,8,516.5505445631522
220423,1,1,10,393.438178021217
220450,1,1,2,243.5009791739463
220481,1,1,8,625.7116894607601
220502,1,1,8,781.8443959393248
220505,1,1,4,0.42645458358136
220531,1,1,6,663.5995706000651
220533,1,1,10,322.998664741541
220534,1,1,5,0.42645457969393247
220549,1,1,6,485.2640053026931
220583,1,1,7,34.392133035990604
220587,1,1,1,415.86320635355037
220591,1,1,8,789.0004828718801
220596,1,1,4,0.4264545919581291
220602,1,1,6,393.56028349387094
220604,1,1,9,397.14407938042666
220623,1,1,9,700.6124347850448
220624,1,1,9,674.2910177123448
220628,1,1,6,428.98926271571884
220631,1,1,3,85.94382195239983
220639,1,1,9,300.16285746262247
220642,1,1,10,371.54074209162184
220648,1,1,7,162.21770262488562
220649,1,1,5,0.42645457969393247
220650,0,1,0,0.1206414904409336
220681,1,1,5,0.42645457969393247
220695,1,1,4,0.42645458358136
220702,1,1,10,562.2475556307536
220703,1,1,3,90.83808167100771
220704,1,1,5,0.42645457969393247
220708,1,1,5,0.42645457969393247
220719,1,1,8,865.5817333286915
220723,1,1,9,655.4583984074823
220736,1,1,8,224.54592518316184
220739,1,1,10,458.3723880639181
220747,1,1,5,0.42645457969393247
220776,1,1,10,504.56191122006277
220789,1,1,9,801.0314396251704
220791,1,1,9,590.4987845177832
220823,1,1,4,0.42645458358136
220877,1,1,1,401.8722528638702
220885,1,1,9,615.3934832451288
220893,1,1,7,143.61390521053198
220916,1,1,3,47.28931326148628
220921,1,1,7,126.88975611343965
220932,1,1,8,359.60542361824486
220940,1,1,1,578.6191168840211
220943,1,1,8,469.668046195115
220949,1,1,3,92.07203889242625
220951,1,1,6,726.7291977639335
220953,1,1,5,0.42645457969393247
220975,1,1,10,711.9093643081914
220976,1,1,3,72.27126928336666
220993,1,1,5,0.42645457969393247
221019,1,1,6,698.757855378133
221023,1,1,5,0.42645457969393247
221037,1,1,5,0.42645457969393247
221041,1,1,10,681.3515065612175
221054,1,1,8,408.0819035914194
221055,1,1,8,209.09990651030634
221058,1,1,8,489.2797378166489
221068,1,1,2,371.671648930459
221080,1,1,7,100.42311218935158
221082,1,1,9,797.3977740918225
221088,1,1,3,58.19375078220346
221092,1,1,3,55.03986912021306
221123,1,1,10,720.195728489788
221125,1,1,9,60.823590671581
221162,1,1,6,783.4191186772257
221167,1,1,5,0.42645457969393247
221168,1,1,5,0.42645457969393247
221176,1,1,8,590.095640307869
221180,1,1,5,0.42645457969393247
221181,1,1,5,0.42645457969393247
221192,1,1,6,184.58727175027605
221199,1,1,4,0.42645458358136
221208,1,1,9,564.7660419410363
221210,1,1,1,643.0204470772644
221218,1,1,5,0.42645456789925423
221225,1,1,5,0.42645457969393247
221247,1,1,7,150.37462094457982
221259,1,1,5,0.42645457969393247
221263,1,1,2,178.44290389660458
221266,1,1,6,798.9726270258814
221273,1,1,8,700.7881088393787
221274,1,1,8,718.5244163169542
221276,1,1,8,285.7724061062603
221279,1,1,6,721.5662536944394
221287,1,1,9,697.6537387847188
221316,1,1,6,553.4430293205183
221321,0,1,0,0.24371069728526873
221324,1,1,2,190.50762218468412
221327,1,1,9,747.2965604405155
221350,1,1,8,656.3402976880025
221351,1,1,8,886.0280108329682
221364,1,1,5,0.42645457969393247
221372,1,1,4,0.42645458358136
221380,1,1,9,705.380882107566
221381,1,1,5,0.42645457969393247
221404,1,1,8,674.7985187428737
221425,1,1,1,376.14191159526166
221435,1,1,3,90.69872544815782
221449,1,1,5,0.42645457969393247
221460,1,1,4,0.42645458358136
221462,1,1,5,0.42645457969393247
221466,1,1,9,708.1971201182525
221471,1,1,6,448.38986197171425
221501,1,1,2,311.82470178378463
221502,1,1,1,739.5502345309984
221522,1,1,10,629.3504284907282
221527,1,1,5,0.42645456789925423
221529,1,1,3,41.58668151629707
221531,1,1,6,806.8322797342059
221545,1,1,4,0.42645458358136
221551,1,1,8,226.48225681264134
221554,1,1,8,303.4435532020307
221578,1,1,9,496.0832888788351
221580,1,1,4,0.42645458358136
221594,1,1,3,80.445604573213
221597,1,1,4,0.42645458358136
221622,1,1,9,120.74933027120242
221629,1,1,5,0.42645457969393247
221640,1,1,5,0.42645457969393247
221643,1,1,9,676.2000804959451
221645,1,1,10,177.36788122823057
221646,1,1,9,396.28323661208003
221651,1,1,8,901.1656851112454
221655,1,1,8,503.06226843735675
221657,1,1,6,372.01385208570525
221665,1,1,9,515.1375141580515
221708,1,1,9,303.88540990827437
221709,1,1,4,0.42645458358136
221712,1,1,7,161.2148967682116
221714,1,1,9,759.5636277024731
221720,1,1,2,74.56565243963054
221729,1,1,8,923.6352786105488
221730,1,1,9,814.5818095725116
221742,1,1,10,720.1882963794458
221755,1,1,8,208.85498396090568
221757,1,1,9,209.69877211539256
221765,1,1,6,357.5455019625666
221776,1,1,8,702.0805928554321
221785,1,1,8,850.0832688961266
221790,1,1,1,243.3160485373828
221793,1,1,5,0.42645457969393247
221808,1,1,2,383.1782765136311
221822,1,1,6,764.4003236006772
221836,1,1,10,720.2435417547799
221840,1,1,4,0.42645458358136
221842,1,1,10,551.9398608341413
221848,1,1,8,407.1484923264357
221852,1,1,8,402.548411356521
221864,1,1,6,629.3572129673211
221874,1,1,4,0.42645458358136
221877,1,1,9,551.184638660701
221879,1,1,4,0.42645458358136
221882,1,1,8,757.5559287939843
221913,1,1,8,696.7518858708252
221923,1,1,6,622.8287806456997
221925,1,1,5,0.42645457969393247
221926,1,1,8,759.3268665773188
221938,1,1,9,463.7316194705742
221944,1,1,10,467.55935006813644
221968,1,1,9,636.3641793448461
221973,1,1,5,0.42645457969393247
221986,1,1,8,591.7873349012433
221987,1,1,9,85.86217961318047
221990,1,1,6,538.2430918280452
221997,1,1,9,737.9589314787348
222028,1,1,9,883.506900075676
222032,1,1,9,802.2472699884905
222033,1,1,5,0.42645457969393247
222036,1,1,6,464.5399110407868
222043,1,1,9,536.6350763594577
222048,1,1,4,0.4264545919581291
222049,1,1,7,143.32847629158073
222074,1,1,8,910.4554426497572
222079,1,1,4,0.42645458358136
222110,1,1,1,356.44300061163494
222156,1,1,9,537.3539012674098
222162,1,1,8,768.5215281530254
222175,1,1,5,0.42645457969393247
222180,1,1,6,778.1676523280535
222193,0,1,0,0.15304359647674687
222198,1,1,10,446.4795911665299
222206,1,1,9,563.5987334473078
222215,1,1,7,170.5725119119066
222251,1,1,7,136.23050853138056
222264,1,1,7,59.94824800137814
222267,1,1,10,388.7556964695423
222283,1,1,10,693.0229488617217
222286,1,1,2,336.5033313921558
222297,1,1,10,682.677692955989
222300,1,1,1,425.8464660082852
222304,1,1,3,91.56019084905743
222316,1,1,9,560.6709621883542
222317,1,1,9,722.0800466465544
222319,1,1,4,0.42645458358136
222372,1,1,4,0.42645458358136
222373,1,1,6,735.4657034196273
222378,1,1,8,485.40289884545865
222405,1,1,5,0.42645457969393247
222409,1,1,9,862.5569342252871
222418,1,1,4,0.42645458358136
222423,1,1,6,542.1351005867525
222444,1,1,4,0.4264545919581291
222446,1,1,8,548.031004693279
222453,1,1,10,458.85467552045344
222467,1,1,4,0.42645458358136
222472,1,1,4,0.42645458358136
222495,1,1,4,0.42645458358136
222500,1,1,4,0.42645458358136
222518,1,1,5,0.42645457969393247
222529,1,1,7,122.53447156780977
222534,1,1,9,602.6943667207414
222544,1,1,5,0.42645457969393247
222546,1,1,1,665.7661155945608
222550,1,1,9,299.6777101467018
222579,1,1,9,620.2893580516549
222590,1,1,2,380.1413545346281
222601,1,1,6,293.8881659823298
222602,1,1,10,421.43385273082725
222605,1,1,1,635.6738893121557
222616,1,1,1,315.61238248746974
222625,1,1,9,649.4694834168862
222640,1,1,6,778.1991434841497
222655,1,1,8,718.7690775264166
222660,1,1,9,763.5140701132281
222663,1,1,10,298.44186478348837
222676,1,1,9,583.5489991273007
222696,1,1,9,596.6754943983702
222699,1,1,9,785.247226176855
222708,1,1,3,90.74021416074879
222712,1,1,9,876.8790328649475
222731,1,1,9,886.1613121162287
222736,1,1,7,110.17237947434828
222737,1,1,3,54.66400329581647
222740,1,1,9,565.6235996471851
222756,1,1,2,390.3498654459884
222769,1,1,6,618.2917913741106
222772,1,1,4,0.42645458358136
222787,1,1,1,605.7233395716403
222791,1,1,5,0.42645457969393247
222797,1,1,9,255.78541523878684
222798,1,1,6,355.081830373243
222804,1,1,9,301.39893106828316
222807,1,1,7,157.8592636174576
222835,1,1,10,435.8145611198335
222847,1,1,3,69.21225374118289
222863,1,1,7,148.89110421517591
222870,1,1,2,348.68470443196566
222874,1,1,9,621.503834590538
222883,1,1,10,721.0186490732881
222885,1,1,8,886.3592174150652
222900,1,1,8,254.61109870092244
222912,1,1,1,695.6575980186785
222913,1,1,6,522.8389174667984
222919,1,1,6,739.9762420851995
222923,1,1,9,687.1309815628107
222925,1,1,9,280.98345110702866
222946,1,1,9,796.8184561730826
222951,1,1,8,671.4469567781797
222965,1,1,4,0.42645458358136
222967,1,1,9,835.9214208631769
223009,1,1,5,0.42645457969393247
223021,1,1,9,868.7279776719726
223026,1,1,6,499.48331675241997
223029,1,1,7,95.98095437579272
223044,1,1,5,0.42645457969393247
223046,1,1,3,91.00505840716507
223090,1,1,10,433.9296401870211
223093,1,1,6,700.4198683323796
223110,1,1,5,0.42645457969393247
223119,0,1,0,0.1592179842565095
223121,1,1,6,558.3707282724242
223127,1,1,8,606.7803593951314
223149,1,1,5,0.42645457969393247
223163,1,1,4,0.42645458358136
223171,1,1,7,140.73792130818362
223172,1,1,10,599.7743221758569
223176,1,1,7,155.45384855579078
223177,1,1,2,489.50440930224994
223180,1,1,5,0.42645457969393247
223191,1,1,8,780.4516189643716
223205,1,1,5,0.42645457969393247
223209,1,1,8,277.4364050754136
223227,1,1,8,117.62491032089787
223230,1,1,10,667.3907722006769
223244,1,1,7,124.70977378738108
223256,1,1,9,489.0194837742077
223271,1,1,3,79.96505705908524
223273,1,1,8,689.8709674926209
223278,1,1,5,0.42645457969393247
223281,1,1,8,569.7525233107662
223314,1,1,10,720.1394993749018
223353,1,1,5,0.42645457969393247
223354,1,1,5,0.42645457969393247
223364,1,1,10,623.7844282305958
223367,1,1,9,310.99915648841346
223386,1,1,5,0.42645457969393247
223406,1,1,9,236.2360983101458
223410,1,1,10,145.17760244047562
223419,1,1,9,296.4344191612789
223427,1,1,1,324.16694160860374
223431,1,1,8,440.0482397838457
223432,1,1,10,406.6219097992497
223445,1,1,4,0.42645458358136
223452,1,1,1,671.7255551087266
223479,1,1,8,781.4596363950858
223490,1,1,1,447.52346075072575
223501,1,1,4,0.42645458358136
223518,1,1,10,329.59157058319744
223522,1,1,1,291.09480273395496
223530,1,1,2,143.18600419845512
223545,1,1,1,477.1070255045316
223554,1,1,6,740.8684562160506
223558,1,1,10,530.7165651901541
223561,1,1,8,894.7296654689152
223562,1,1,8,724.2116875216088
223582,1,1,9,485.01542774118815
223603,1,1,6,759.6926114155509
223609,1,1,10,316.2900077653954
223627,1,1,5,0.42645457969393247
223631,1,1,7,128.32801647632232
223664,1,1,8,511.8726880734859
223676,1,1,8,612.5914011017396
223678,1,1,6,124.21119162140847
223691,1,1,1,174.04564816498387
223700,1,1,8,583.9180219144287
223702,1,1,8,303.63240859721657
223708,1,1,5,0.42645457969393247
223711,1,1,8,939.4554128792546
223731,1,1,6,565.7965770281422
223771,1,1,4,0.4264545919581291
223777,1,1,1,672.0558270576705
223809,1,1,9,435.36200394519653
223812,1,1,4,0.42645458358136
223817,1,1,1,539.9716461143416
223821,1,1,9,635.7699394924505
223843,1,1,4,0.42645458358136
223847,1,1,8,309.72705631111177
223862,1,1,6,533.6300571872904
223866,1,1,3,88.83985436683166
223868,1,1,9,609.7922908077924
223870,1,1,10,117.46120213324828
223872,1,1,6,397.96651267993593
223874,1,1,4,0.42645458358136
223884,1,1,2,463.64304648387554
223886,1,1,10,501.14184207379714
223894,1,1,10,375.8262977740005
223895,1,1,5,0.42645457969393247
223898,1,1,6,207.0316094914519
223899,1,1,8,329.790324716816
223920,1,1,9,586.6383064706347
223944,1,1,5,0.42645457969393247
223946,1,1,4,0.42645458358136
223956,1,1,3,90.72775955932605
223981,1,1,9,486.5917103740705
223982,1,1,2,156.8600456729861
223998,1,1,6,384.59890782459524
223999,1,1,5,0.42645457969393247
224005,1,1,9,460.25009619485024
224020,1,1,6,778.2382622928244
224028,1,1,1,490.57583959747075
224029,0,1,0,0.36485427731223835
224032,1,1,9,424.1691029803081
224038,1,1,9,578.5746903529661
224047,1,1,9,874.8767663808625
224074,1,1,2,247.43930263312464
224083,1,1,6,420.5169923621575
224092,1,1,4,0.42645458358136
224107,1,1,6,504.4025387418554
224109,1,1,6,672.6198338035235
224111,0,1,0,0.11288179904836285
224116,1,1,4,0.42645458358136
224137,1,1,8,318.0014596230864
224143,1,1,8,584.9896964350712
224145,1,1,5,0.42645457969393247
224147,1,1,7,162.40158702869783
224168,1,1,4,0.42645458358136
224200,1,1,5,0.42645457969393247
224201,1,1,8,696.9044067335285
224203,1,1,10,368.352332546849
224221,1,1,9,867.045742426855
224248,1,1,8,224.82009802730568
224250,1,1,8,783.8823492193748
224253,1,1,2,135.86013643601598
224269,1,1,4,0.42645458358136
224281,1,1,7,68.39621174053816
224290,1,1,10,471.170887467059
224295,1,1,9,300.9799041564967
224296,1,1,4,0.42645458358136
224297,0,1,0,0.1244209475782647
224304,1,1,8,746.1434884684046
224318,1,1,8,779.3787327476488
224331,1,1,8,447.96707798307165
224336,1,1,9,359.44114661920526
224355,1,1,6,638.4802653013256
224356,1,1,9,810.1412256986813
224373,1,1,8,793.2372578256949
224388,1,1,6,534.6385079979609
224439,1,1,5,0.42645457969393247
224449,1,1,3,92.77582303345852
224452,1,1,1,743.2320119212014
224459,1,1,10,651.6547395314116
224467,1,1,7,79.42911137348126
224474,1,1,5,0.42645457969393247
224476,1,1,6,161.2154223902542
224478,1,1,8,568.1349546568299
224513,1,1,9,659.6495951665792
224522,1,1,6,782.793999586315
224526,1,1,9,297.1201514237712
224527,1,1,6,372.24053810687525
224538,1,1,9,277.32035929727465
224562,1,1,8,782.8698485089395
224564,1,1,4,0.42645458358136
224567,1,1,9,781.2590078234047
224598,1,1,10,84.42646760483133
224613,1,1,5,0.42645457969393247
224644,1,1,1,671.9980613774349
224686,1,1,4,0.42645458358136
224700,1,1,9,354.9687018101642
224712,1,1,9,492.41940288923064
224720,1,1,8,303.1560258598332
224732,1,1,9,876.5565242535712
224745,1,1,8,518.361705974198
224756,1,1,4,0.42645458358136
224768,1,1,5,0.42645457969393247
224769,1,1,10,342.63784083258247
224775,1,1,9,252.2812648359458
224782,1,1,8,548.0156972779158
224792,1,1,10,716.083702237833
224807,1,1,6,554.4970865565339
224812,0,1,0,0.10527546017271887
224822,1,1,8,775.602512551884
224842,1,1,6,158.63072759266015
224843,1,1,10,366.7724606426904
224845,1,1,1,710.8492495503161
224859,1,1,10,722.4051566802373
224865,1,1,6,740.9794396246482
224875,1,1,6,809.2663515503739
224877,1,1,8,391.0351567443576
224895,1,1,8,612.2744207038913
224917,1,1,1,533.8748482657898
224929,1,1,9,105.51332656639126
224947,1,1,4,0.42645458358136
224949,1,1,8,209.34451189494553
224950,1,1,4,0.42645458358136
224966,1,1,7,117.29687739634063
224967,1,1,8,611.4796979761009
224968,1,1,8,396.71122028686756
224973,1,1,9,880.5836619273235
224979,1,1,10,704.873625960782
224997,1,1,5,0.42645457969393247
225001,1,1,7,76.08648788756777
225005,1,1,10,485.0107205374822
225020,1,1,9,809.8476975311836
225022,1,1,9,693.7298743524233
225027,1,1,8,428.1019875779874
225036,1,1,6,725.3636309888159
225042,1,1,9,352.4133666416241
225059,1,1,8,910.916766445281
225060,1,1,10,183.76344704418798
225062,1,1,9,579.9137482584063
225102,1,1,9,733.9655546651132
225104,1,1,4,0.42645458358136
225107,1,1,4,0.42645458358136
225113,1,1,5,0.42645457969393247
225121,1,1,9,790.8792662042941
225143,1,1,9,837.4670910783751
225154,1,1,9,874.0585082093023
225185,1,1,5,0.42645457969393247
225206,1,1,9,253.11778850223655
225208,1,1,1,707.7051046329493
225228,1,1,3,88.22469487848434
225235,1,1,5,0.42645457969393247
225240,1,1,8,642.0636472665166
225265,1,1,2,308.302987866548
225295,1,1,6,386.6275322633213
225300,1,1,9,394.84402853061715
225330,1,1,3,89.43233805989468
225355,1,1,5,0.42645457969393247
225373,1,1,9,634.2712779565761
225388,1,1,7,74.26650216595507
225396,1,1,8,847.4042817681831
225397,1,1,4,0.42645458358136
225421,1,1,8,641.7215189651849
225442,1,1,2,64.86098682832781
225467,1,1,9,714.4494683883111
225474,1,1,9,861.5783635178899
225476,1,1,8,471.72454069291155
225489,1,1,10,427.6543516264942
225494,1,1,10,579.0342061921002
225503,1,1,4,0.4264545919581291
225506,1,1,5,0.42645456789925423
225512,1,1,3,84.14393367210202
225537,1,1,5,0.42645457969393247
225550,1,1,5,0.42645457969393247
225566,1,1,6,674.743851851319
225567,1,1,6,396.37510796571735
225575,1,1,3,76.72773435726535
225578,1,1,8,361.76982272257334
225596,1,1,6,764.3029078904736
225597,1,1,3,91.2194843697588
225599,1,1,5,0.42645457969393247
225608,1,1,2,377.6578582595566
225612,1,1,5,0.42645457969393247
225621,1,1,6,637.594454904307
225633,1,1,10,708.2283581758405
225639,1,1,5,0.42645457969393247
225644,1,1,8,466.50980087609366
225647,1,1,8,668.0583063919804
225672,1,1,8,730.3262023015401
225681,1,1,10,721.5180784065277
225684,1,1,9,636.1621134208623
225699,1,1,8,910.8113475955997
225725,1,1,7,91.78729091895048
225726,1,1,3,92.66197894593961
225746,1,1,6,223.16887847151835
225748,1,1,5,0.42645457969393247
225759,1,1,6,789.7426962298775
225775,1,1,4,0.42645458358136
225788,1,1,5,0.42645457969393247
225793,1,1,9,232.98558995599956
225798,1,1,8,486.49316723976386
225806,1,1,6,621.7754119482469
225815,1,1,10,362.4777540788385
225819,1,1,5,0.42645457969393247
225820,1,1,4,0.42645458358136
225829,1,1,10,195.1272573534791
225844,1,1,10,705.8968475899413
225853,1,1,6,626.8851382838616
225904,1,1,10,546.3677386363348
225910,1,1,9,381.47694039079556
225919,1,1,9,600.5334122742431
225942,1,1,5,0.42645457969393247
225952,1,1,10,604.2032960554076
225959,1,1,9,800.5909274077255
225963,1,1,5,0.42645457969393247
225964,1,1,6,260.1016351494163
225978,1,1,9,792.4208586605906
226004,1,1,5,0.42645457969393247
226011,1,1,5,0.42645457969393247
226017,1,1,8,433.5955452262122
226034,1,1,8,724.2386733978223
226039,1,1,1,235.07302088292468
226054,1,1,9,663.336755961002
226056,1,1,6,378.10275367592743
226071,1,1,6,186.26689223049107
226076,1,1,6,698.9918664352259
226088,1,1,9,693.3069714130278
226091,1,1,2,451.85910784518984
226113,1,1,9,272.4183351931568
226114,1,1,10,716.93061581398
226122,1,1,9,562.5020840576177
226168,1,1,5,0.42645457969393247
226169,1,1,9,698.510216505961
226187,1,1,1,199.78458996846229
226191,1,1,4,0.4264545919581291
226195,1,1,5,0.42645457969393247
226196,1,1,8,362.37234108442624
226199,1,1,1,573.9843973038069
226205,1,1,9,338.9710380924099
226211,1,1,8,493.1459625306529
226214,1,1,5,0.42645457969393247
226219,1,1,4,0.42645458358136
226224,1,1,7,39.058865240817354
226227,1,1,4,0.42645458358136
226228,1,1,7,62.505454393381896
226229,1,1,5,0.42645457969393247
226230,1,1,4,0.42645458358136
226237,1,1,6,349.36187357036385
226254,1,1,9,303.5186578737335
226270,1,1,4,0.42645458358136
226285,1,1,6,535.8063966101531
226304,1,1,2,462.50020601127045
226310,1,1,4,0.42645458358136
226323,1,1,6,614.7529442151184
226328,1,1,1,675.3493080335345
226333,1,1,10,449.06078843910154
226335,1,1,4,0.42645458358136
226359,1,1,8,149.54221419125287
226414,1,1,8,265.3567600704462
226424,1,1,10,501.12561055978534
226446,1,1,9,208.44912387400026
226448,1,1,4,0.42645458358136
226452,1,1,5,0.42645457969393247
226470,1,1,8,906.033494681353
226473,1,1,4,0.42645458358136
226496,1,1,6,731.5515172969654
226499,1,1,3,90.12813959343805
226511,1,1,9,761.8774696658651
226526,1,1,8,773.4459601783235
226532,1,1,9,459.27817502505593
226542,1,1,9,892.4280766124523
226551,1,1,4,0.42645458358136
226559,1,1,8,634.7274664483992
226563,1,1,9,560.4896985698541
226580,1,1,1,683.8715005288935
226585,1,1,2,291.31966460836844
226587,1,1,5,0.42645457969393247
226605,1,1,5,0.42645457969393247
226607,1,1,9,431.47330676815983
226608,1,1,10,665.3575418905848
226616,1,1,5,0.42645457969393247
226625,1,1,6,455.0296124087139
226637,1,1,4,0.42645458358136
226641,1,1,8,624.5918002764989
226649,1,1,4,0.42645458358136
226650,1,1,8,613.8366933594264
226664,1,1,2,153.6438214490347
226669,1,1,2,393.7621298268571
226698,1,1,8,870.7395235433395
226704,1,1,5,0.42645457969393247
226714,1,1,5,0.42645457969393247
226729,1,1,8,797.9672486305459
226733,1,1,5,0.42645457969393247
226757,1,1,6,764.5602435154709
226790,1,1,2,378.1197590683388
226795,1,1,9,883.7495388178985
226799,1,1,4,0.42645458358136
226829,1,1,5,0.42645456789925423
226843,1,1,6,672.0764248850011
226859,1,1,5,0.42645457969393247
226867,1,1,5,0.42645457969393247
226870,1,1,10,419.6062877487452
226873,1,1,5,0.42645457969393247
226875,1,1,6,429.55274265227087
226879,0,1,0,0.10924298314072302
226898,1,1,5,0.42645457969393247
226901,1,1,5,0.42645457969393247
226940,1,1,10,265.57105581022216
226945,1,1,7,106.90716027440224
226948,1,1,9,419.05079349412006
226949,1,1,9,136.1699552190519
226959,1,1,4,0.42645458358136
226960,1,1,1,577.5286966880274
226964,1,1,10,690.2644306993999
226968,1,1,5,0.42645457969393247
226969,1,1,7,78.64211349576304
226987,1,1,10,513.6571910774034
227004,1,1,5,0.42645457969393247
227010,1,1,9,709.4918537965005
227019,1,1,1,440.6795088977744
227023,1,1,9,800.7005551991303
227027,1,1,9,658.0445677031597
227028,1,1,6,604.6428776393061
227033,1,1,6,429.4117968737332
227035,1,1,9,504.97975745937697
227046,1,1,9,832.1984549576183
227052,1,1,1,597.7046758433702
227063,1,1,9,543.4833399930989
227083,1,1,1,326.43213791008105
227093,1,1,8,433.3728120878089
227114,1,1,9,221.81053622039707
227140,1,1,9,124.17470104037834
227146,1,1,9,593.9250967108095
227151,1,1,8,704.8405935806948
227191,1,1,6,809.433933858699
227217,1,1,10,622.1439768765993
227249,1,1,4,0.42645457969393247
227250,1,1,7,166.57305218372193
227252,1,1,10,661.9218136326218
227253,0,1,0,0.11676556136060376
227255,1,1,1,533.8238078342024
227256,1,1,6,696.4934200943694
227274,1,1,5,0.42645457969393247
227292,1,1,9,368.18045799673416
227313,1,1,10,664.827821878295
227318,1,1,8,589.6845554147934
227320,1,1,6,323.6806991487799
227336,1,1,6,662.6182868934068
227339,1,1,7,102.51057580460329
227355,1,1,1,325.8346443824993
227356,1,1,2,468.11228968384466
227380,1,1,4,0.42645458358136
227381,1,1,4,0.42645458358136
227405,1,1,8,595.2745441582913
227407,1,1,5,0.42645457969393247
227414,1,1,2,370.07125891665396
227451,1,1,5,0.42645457969393247
227467,1,1,1,738.7008252892159
227482,1,1,9,831.029727855854
227484,1,1,10,723.2403510622387
227499,1,1,9,292.71676778034055
227507,1,1,10,184.00176002665916
227516,1,1,5,0.42645456789925423
227522,1,1,6,715.2382783842218
227535,1,1,9,800.7501400637035
227536,1,1,7,172.6102900400924
227540,1,1,9,258.5400800972555
227541,1,1,9,20.717750941704075
227548,1,1,4,0.42645458358136
227563,1,1,6,464.3655100235929
227573,1,1,4,0.42645458358136
227575,1,1,6,261.3775460536169
227595,1,1,9,889.0150685544814
227601,1,1,6,774.2424257953438
227636,1,1,8,797.5188413571265
227639,1,1,4,0.42645458358136
227642,1,1,5,0.42645457969393247
227655,1,1,4,0.42645458358136
227658,1,1,9,877.263944711072
227663,1,1,5,0.42645457969393247
227667,1,1,4,0.42645458358136
227669,1,1,3,71.95951318137865
227672,1,1,9,545.4109419897134
227673,1,1,2,356.28378333361127
227680,1,1,9,415.76244445416097
227682,1,1,9,341.17005237067775
227683,1,1,4,0.42645458358136
227688,1,1,1,602.0003628475608
227702,1,1,5,0.42645457969393247
227707,1,1,7,174.838458060996
227717,1,1,9,411.0112723888916
227719,1,1,9,771.3571057842416
227730,1,1,4,0.42645458358136
227741,1,1,9,328.34431682280376
227798,1,1,2,172.51769032237334
227802,0,1,0,0.1294321844150108
227803,1,1,5,0.42645457969393247
227807,1,1,10,720.6245847727181
227811,1,1,6,407.2707164303171
227817,1,1,1,607.2698581778278
227819,1,1,6,522.5994078972258
227828,1,1,5,0.42645457969393247
227831,1,1,10,639.7560392984735
227836,1,1,8,637.971867941412
227848,1,1,4,0.42645457969393247
227863,1,1,8,732.0651086827359
227867,1,1,6,374.5924129663779
227877,1,1,6,613.3871077507246
227889,1,1,2,454.3424555005709
227894,1,1,3,88.1988520475969
227909,1,1,9,763.7344410475756
227923,1,1,1,441.84216137190475
227947,1,1,10,127.73691811432754
227963,1,1,4,0.42645458358136
227980,1,1,10,569.3179504581445
227987,1,1,10,418.1834390162936
227989,1,1,9,467.05105583704346
227991,1,1,6,576.5785533620559
227993,1,1,8,856.2698986677924
228006,1,1,4,0.42645458358136
228011,1,1,7,104.25703523340194
228017,1,1,4,0.42645458358136
228018,1,1,6,629.0912320233381
228035,1,1,9,443.68534162902006
228036,1,1,3,92.62213895035335
228054,1,1,9,472.10764799025753
228066,1,1,6,773.1644656062807
228081,1,1,4,0.42645458358136
228089,1,1,1,492.3199683022008
228092,1,1,1,404.7560359080784
228100,1,1,6,810.350273191181
228109,1,1,1,191.41268596535954
228135,1,1,1,560.1891818330001
228149,1,1,9,328.3888458399886
228174,1,1,5,0.42645457969393247
228197,1,1,6,697.5500988224303
228198,1,1,5,0.42645457969393247
228201,1,1,5,0.42645457969393247
228212,1,1,6,497.02249616040893
228221,1,1,4,0.42645458358136
228241,1,1,6,789.0713525571394
228242,1,1,3,53.809812824493335
228247,1,1,9,520.2051610668178
228248,1,1,9,665.472637140924
228258,1,1,10,343.20730811764753
228270,1,1,9,607.7044906085299
228274,1,1,6,430.45912559149644
228297,1,1,4,0.42645458358136
228309,1,1,9,200.00764923538605
228311,1,1,5,0.42645457969393247
228317,1,1,6,210.23185481466786
228326,1,1,10,326.8421667355494
228337,1,1,6,806.0058590145438
228350,1,1,8,839.6045435379809
228365,1,1,6,363.46472557989455
228379,1,1,5,0.42645457969393247
228384,1,1,8,353.5787136005454
228396,1,1,9,131.4161484569525
228400,1,1,5,0.42645456789925423
228405,1,1,6,616.4095913185839
228412,1,1,6,765.4028251957568
228414,1,1,9,810.1792295252228
228416,1,1,6,573.9098140018668
228420,1,1,6,543.401149806065
228428,1,1,6,575.0594057315993
228433,1,1,5,0.42645457969393247
228440,1,1,8,757.0490621665049
228447,1,1,6,310.3596176392891
228449,1,1,5,0.42645457969393247
228454,1,1,8,443.7739584822965
228464,1,1,4,0.42645458358136
228473,1,1,4,0.42645458358136
228475,1,1,5,0.42645457969393247
228496,1,1,6,234.89452961201923
228504,1,1,1,508.82301156721326
228524,1,1,6,286.62103491613505
228525,1,1,7,55.63113668060281
228537,1,1,9,498.7107381382283
228549,1,1,4,0.42645458358136
228554,1,1,6,722.2975957620333
228562,1,1,4,0.42645458358136
228565,1,1,5,0.42645457969393247
228570,1,1,1,419.7193750780624
228572,1,1,9,352.1956927140313
228575,1,1,4,0.42645458358136
228583,1,1,6,795.3003388952656
228594,1,1,3,46.87460520912311
228609,1,1,8,586.0752026173678
228620,1,1,10,456.2645126176674
228635,1,1,5,0.42645456789925423
228637,1,1,8,788.5282846238429
228663,1,1,9,462.7306435539913
228665,1,1,8,449.1969022667854
228674,1,1,1,685.9019563580002
228679,1,1,1,275.77186629880595
228714,1,1,9,670.8833625365412
228735,1,1,9,548.0715149120808
228738,1,1,6,540.1035567217406
228745,1,1,5,0.42645457969393247
228757,1,1,8,642.3732308933999
228765,1,1,6,510.1073508264075
228772,1,1,9,576.08664145503
228774,1,1,9,409.0030654878748
228781,1,1,8,127.0079899681228
228793,1,1,7,102.14685670541897
228803,1,1,5,0.42645457969393247
228808,1,1,6,803.2308213163195
228809,1,1,9,693.2350404203529
228811,1,1,1,655.8008980097309
228827,1,1,7,129.2626458910939
228831,1,1,2,459.3116677718115
228865,1,1,6,307.10744639791625
228866,1,1,9,306.3414074725945
228892,1,1,7,163.83779031337681
228894,1,1,3,90.0847496019134
228910,1,1,4,0.42645458358136
228922,1,1,3,49.43017856852679
228944,1,1,1,386.96125451906806
228947,1,1,5,0.42645457969393247
228952,1,1,5,0.42645457969393247
228954,1,1,6,605.0212143762471
228955,1,1,8,336.01709701702543
228964,1,1,4,0.4264545919581291
228968,1,1,9,820.4643955190962
228972,1,1,4,0.42645458358136
228973,1,1,9,493.0113090075157
228977,1,1,1,480.68161406401885
228985,1,1,9,721.1420689172922
228995,1,1,3,89.35112767130511
228998,1,1,8,690.7027134295669
229000,1,1,2,452.9937924725305
229002,1,1,9,891.0029138205236
229015,1,1,1,522.7203268949213
229032,1,1,6,644.4815854901317
229050,1,1,6,423.3274749239337
229074,1,1,8,728.4940005041747
229092,1,1,9,518.8119383608708
229128,1,1,3,90.91387614189853
229132,1,1,6,732.3916566095918
229168,1,1,9,599.402612835393
229171,1,1,4,0.42645458358136
229176,1,1,9,354.86228335702333
229178,1,1,1,570.484114898196
229190,1,1,9,873.6997877811147
229200,1,1,4,0.42645458358136
229202,1,1,8,669.3486827127971
229204,1,1,10,664.1477290235782
229228,0,1,0,0.11974101481675656
229232,1,1,10,407.1916811796236
229235,1,1,6,510.07691779969764
229244,1,1,6,243.94800833965837
229245,1,1,3,61.93805220306086
229249,1,1,6,251.4833251295531
229266,1,1,9,512.5746556232447
229283,1,1,8,651.3718797590279
229293,1,1,7,55.25147507042836
229311,1,1,6,746.040680509182
229331,1,1,6,414.9853408625772
229343,1,1,5,0.42645457969393247
229361,1,1,1,329.80842625675905
229362,1,1,1,447.69738994763316
229405,1,1,5,0.42645457969393247
229424,1,1,6,533.3961591025177
229444,1,1,10,385.6657317035164
229452,1,1,4,0.42645458358136
229462,1,1,4,0.42645458358136
229490,1,1,7,75.05617617237311
229508,1,1,3,92.11740931658214
229519,1,1,6,592.0365655499801
229532,1,1,6,366.98888097861743
229544,1,1,1,324.03452471275136
229548,1,1,6,770.800532202428
229558,1,1,8,273.5033498538069
229560,1,1,10,721.4128799854295
229594,1,1,6,286.440383549919
229604,1,1,8,392.1379869963639
229649,1,1,8,373.81661745882394
229687,1,1,7,85.21812293417635
229693,1,1,6,331.0869340853693
229695,1,1,9,136.97677615807336
229696,1,1,7,76.37509820297271
229708,1,1,6,640.4524748633272
229729,1,1,5,0.42645457969393247
229730,1,1,6,681.4117352251702
229731,1,1,2,349.43203412192395
229737,1,1,10,191.0265348328127
229746,1,1,6,486.8404722291076
229747,1,1,5,0.42645457969393247
229760,1,1,4,0.42645458358136
229778,1,1,6,548.933933876189
229788,1,1,7,147.87938227677063
229801,1,1,5,0.42645457969393247
229804,1,1,9,794.7421773635308
229805,1,1,6,540.440942075953
229806,1,1,9,287.6139653181086
229814,1,1,4,0.42645458358136
229815,1,1,9,888.2227277410188
229823,1,1,9,814.5799006555098
229824,1,1,8,943.6709877629637
229832,1,1,9,73.22145303456594
229847,1,1,6,724.1840151357621
229855,1,1,5,0.42645457969393247
229880,1,1,5,0.42645457969393247
229889,1,1,8,497.9424871400214
229891,1,1,9,612.9660411002045
229896,1,1,10,312.6614431888642
229918,1,1,2,393.69976030214605
229922,1,1,1,538.5114960727316
229962,1,1,5,0.42645457969393247
229963,1,1,8,870.9578393791103
229976,1,1,5,0.42645457969393247
229986,1,1,6,714.1446490513318
230006,1,1,10,268.42697284731355
230018,1,1,4,0.42645458358136
230027,1,1,4,0.42645458358136
230028,1,1,4,0.42645458358136
230029,1,1,6,566.4041116636346
230048,1,1,1,701.5918173729953
230051,1,1,4,0.4264545919581291
230053,1,1,10,717.2036284882505
230056,1,1,8,595.5530358747144
230069,1,1,4,0.42645458358136
230072,1,1,10,682.0503488513946
230096,1,1,6,542.4933641143111
230120,1,1,6,153.72116472665388
230124,1,1,4,0.42645458358136
230137,1,1,5,0.42645457969393247
230138,1,1,9,699.9543274614231
230151,1,1,10,684.7407231077406
230153,1,1,8,781.3879281376338
230160,1,1,4,0.42645458358136
230178,1,1,3,87.83534557608102
230182,1,1,9,566.3684113636232
230183,1,1,5,0.42645457969393247
230184,1,1,6,312.26439931607183
230194,1,1,7,137.66373675729852
230211,1,1,8,856.4337903412268
230223,1,1,7,46.500274725017036
230224,1,1,2,433.13537386997035
230232,1,1,9,876.9692461416498
230235,1,1,5,0.42645457969393247
230240,1,1,9,797.9263675174809
230269,1,1,9,25.355433076962534
230271,1,1,5,0.42645457969393247
230281,1,1,1,646.6557957973448
230283,1,1,8,388.01542290292065
230287,1,1,10,140.34469551554352
230307,1,1,1,497.97561837897837
230348,1,1,9,530.0538637420922
230360,1,1,2,83.84875608661673
230361,1,1,6,511.0924673479537
230364,1,1,5,0.42645457969393247
230407,1,1,4,0.42645458358136
230414,1,1,9,488.96892445107375
230416,1,1,6,507.4604687771569
230420,1,1,2,348.62647474439996
230441,1,1,6,772.5734071283971
230450,1,1,7,128.50078997739536
230452,1,1,7,148.93310084741537
230456,1,1,8,433.4215154387327
230459,1,1,1,604.0935495714058
230476,1,1,7,63.98169264125773
230478,1,1,4,0.42645458358136
230481,1,1,10,650.6460726624894
230490,1,1,8,666.5074475192771
230491,1,1,10,670.008593571656
230493,1,1,5,0.42645457969393247
230506,1,1,8,563.4891965911298
230531,1,1,8,531.0693792425118
230538,1,1,10,509.2649039278386
230551,1,1,7,74.74614183900994
230552,1,1,4,0.42645458358136
230561,1,1,1,752.9512186761854
230580,1,1,8,621.31028272883
230581,1,1,9,172.57640222626364
230591,1,1,4,0.42645458358136
230599,1,1,1,491.55270211127225
230613,1,1,9,455.9194867198109
230624,1,1,8,438.6761423274448
230628,1,1,6,239.9737624041654
230643,1,1,9,530.994780522253
230649,1,1,9,633.2660226752229
230653,1,1,5,0.42645456789925423
230669,1,1,5,0.42645457969393247
230679,1,1,8,586.213294911687
230687,1,1,4,0.42645458358136
230702,1,1,6,728.4599936240821
230705,1,1,7,125.03639789944658
230712,1,1,5,0.42645457969393247
230714,1,1,7,54.58909196584051
230720,1,1,5,0.42645457969393247
230779,1,1,2,450.08536031227396
230781,1,1,4,0.42645458358136
230797,1,1,9,549.7405900885324
230809,1,1,7,142.23694160462662
230826,1,1,4,0.42645458358136
230831,1,1,6,448.0811073808325
230860,1,1,5,0.42645457969393247
230869,1,1,6,236.97993759308298
230889,1,1,5,0.42645457969393247
230891,1,1,9,306.7171091727695
230903,1,1,2,123.87884678685607
230923,1,1,6,672.2973491666635
230936,1,1,10,252.65536266457326
230949,1,1,3,89.81734291872945
230955,1,1,9,472.43212914307475
230956,1,1,10,485.77130223650573
230971,1,1,6,176.21730268374782
230978,1,1,9,814.797795621152
230982,1,1,7,117.9337233409971
230983,1,1,8,726.651473875936
230985,1,1,9,775.8283993753507
230992,1,1,10,561.1714208049532
230999,1,1,6,797.7896350477143
231018,1,1,6,640.0375627576854
231022,1,1,5,0.42645457969393247
231042,1,1,10,600.7582729500516
231047,1,1,9,554.8004879270678
231060,1,1,10,385.7727849275103
231063,1,1,8,517.1451184395758
231064,1,1,6,432.6518895012931
231077,1,1,1,183.33269809808377
231112,1,1,4,0.42645458358136
231115,1,1,6,158.29453736283395
231127,1,1,6,542.9324638920075
231139,1,1,7,170.45957779316626
231149,1,1,7,170.8181270184467
231150,1,1,9,852.511385226799
231158,1,1,8,943.9657436207208
231160,1,1,7,61.72980077008048
231165,1,1,2,233.82978413381053
231168,1,1,7,153.49326058721334
231183,1,1,5,0.42645457969393247
231190,1,1,8,762.3573554556893
231191,1,1,6,548.4954012308933
231202,1,1,2,353.2065276277307
231204,1,1,8,526.4805803386763
231218,1,1,10,362.083187910261
231227,1,1,9,546.2937160006288
231229,1,1,4,0.42645458358136
231241,1,1,8,464.0263492792339
231251,1,1,6,576.0774160077316
231262,1,1,10,285.7328883266253
231269,1,1,7,140.9890518968681
231277,1,1,8,565.3684896770661
231284,1,1,1,543.3328938222659
231291,1,1,5,0.42645456789925423
231310,1,1,5,0.42645457969393247
231311,1,1,9,269.51906258519114
231313,1,1,5,0.42645457969393247
231344,1,1,3,92.78335962982628
231350,1,1,4,0.42645458358136
231366,1,1,8,593.0709685004888
231381,1,1,2,377.6824287151881
231388,1,1,9,893.1512430227261
231407,1,1,7,89.28188110421505
231413,1,1,6,506.19497134659036
231424,1,1,4,0.42645458358136
231428,1,1,8,523.6149305818816
231433,1,1,8,511.85639161699066
231440,1,1,3,44.92440216967499
231448,1,1,9,890.6072801126585
231449,1,1,5,0.42645457969393247
231455,1,1,5,0.42645457969393247
231457,1,1,10,418.6815418480392
231458,1,1,4,0.42645458358136
231470,1,1,8,867.6785015109947
231474,1,1,10,328.8778534748098
231482,1,1,6,312.5065532558056
231509,1,1,10,721.6172358369258
231512,1,1,10,360.45286663541407
231513,1,1,4,0.42645458358136
231514,1,1,6,731.7590515834128
231517,1,1,7,158.50876956769125
231521,1,1,3,85.50364281766186
231523,1,1,5,0.42645457969393247
231526,1,1,6,604.6668567498303
231533,1,1,5,0.42645456789925423
231543,1,1,5,0.42645456789925423
231550,1,1,7,88.23202741979459
231555,1,1,8,195.94553297074685
231556,1,1,9,545.420595510335
231571,1,1,10,340.11616362309604
231577,1,1,7,146.8678849500443
231595,1,1,5,0.42645457969393247
231602,1,1,8,356.56394265527183
231607,1,1,7,173.61272586843407
231615,1,1,5,0.42645457969393247
231616,1,1,9,590.1065121865846
231631,1,1,8,376.6129260077349
231638,1,1,9,815.0274794268327
231645,1,1,10,442.67347234394583
231651,1,1,5,0.42645457969393247
231654,1,1,9,786.1030859546021
231658,1,1,4,0.42645458358136
231664,1,1,6,545.6371934324163
231672,1,1,10,666.9410340974049
231675,1,1,6,387.920295335192
231695,1,1,9,169.15671062486805
231724,1,1,6,365.830464617915
231736,1,1,9,597.4380482790773
231743,1,1,6,511.8140137810175
231762,1,1,6,671.8125104307339
231764,1,1,10,516.278407663801
231773,1,1,9,284.4303974692008
231783,1,1,7,60.185803863045464
231799,1,1,5,0.42645457969393247
231811,1,1,5,0.42645457969393247
231838,1,1,6,790.2517856645601
231839,1,1,7,105.14142560388979
231847,1,1,9,515.9201100044693
231851,1,1,10,299.1191121912805
231860,1,1,7,165.91645481761216
231862,1,1,4,0.42645458358136
231866,1,1,9,431.40688420769766
231881,1,1,9,80.08637410826555
231889,1,1,10,459.6163304622942
231907,1,1,3,55.93801211402682
231912,1,1,1,648.4651160594017
231921,1,1,4,0.42645458358136
231929,1,1,1,577.4681576814856
231933,1,1,5,0.42645457969393247
231934,1,1,5,0.42645457969393247
231946,1,1,9,830.3470828235546
231947,1,1,4,0.42645458358136
231958,1,1,7,141.80242790177107
231983,1,1,2,466.6217280449693
232032,1,1,1,182.9732524083306
232033,1,1,5,0.42645457969393247
232048,1,1,2,353.4287608131578
232051,1,1,1,622.1511791042324
232052,1,1,4,0.42645458358136
232054,1,1,8,306.749036948202
232062,0,1,0,0.09922875264776429
232089,1,1,9,737.1865537146606
232100,1,1,6,660.1115882585724
232102,1,1,8,126.90433932516189
232122,1,1,8,877.6581064977044
232133,1,1,9,513.2798072633674
232138,1,1,3,88.2823032317741
232146,1,1,4,0.42645458358136
232161,1,1,7,18.011945654813417
232169,1,1,8,436.3260235628494
232179,1,1,5,0.42645457969393247
232190,1,1,4,0.42645458358136
232209,1,1,9,804.6949037881675
232212,1,1,10,679.4929781352101
232217,1,1,6,581.6674066838335
232219,1,1,10,288.26472039849847
232221,1,1,6,697.4407689595654
232222,1,1,9,337.8067292493419
232239,1,1,8,387.2991519297645
232249,1,1,8,730.6420453500064
232257,1,1,8,840.7018052884047
232272,1,1,10,89.04326708136722
232274,1,1,4,0.42645458358136
232278,1,1,2,292.52059840307794
232305,1,1,2,88.07394870209272
232307,1,1,6,778.628874738845
232320,1,1,6,581.3655641970648
232326,1,1,4,0.42645458358136
232338,1,1,4,0.42645458358136
232349,1,1,8,835.60478388723
232350,1,1,9,340.5423558122826
232389,1,1,9,285.7635330886249
232390,1,1,8,779.9169858633527
232396,1,1,9,423.5224738557276
232405,1,1,3,82.04657770041418
232413,1,1,9,611.8323085973822
232419,1,1,4,0.42645458358136
232441,1,1,6,736.566297480005
232442,0,1,0,0.14030822314037794
232447,1,1,9,793.1041647435048
232452,1,1,5,0.42645456789925423
232455,1,1,8,380.3666563266809
232463,1,1,10,441.3939284681556
232471,1,1,6,580.4725686338285
232481,1,1,5,0.42645457969393247
232498,1,1,8,569.2674167318456
232499,1,1,8,870.6804488805755
232500,1,1,8,356.22162653247983
232515,1,1,8,871.6506517873491
232533,1,1,8,381.2649951753013
232535,1,1,4,0.42645458358136
232540,1,1,2,128.58228941909985
232546,1,1,9,880.4214406119086
232552,1,1,9,829.7228096164708
232575,1,1,9,88.06741677926998
232604,1,1,10,339.00388253884813
232645,1,1,2,47.26148708341674
232647,1,1,9,857.3676641334506
232670,1,1,9,586.928289835427
232673,1,1,6,791.4222692488838
232679,1,1,6,806.8088192536152
232685,1,1,9,622.7023356776242
232698,1,1,9,861.9422754445926
232704,1,1,9,875.1446271698237
232709,1,1,7,163.41259610316905
232737,1,1,9,85.55983609795304
232747,1,1,9,335.8210645293223
232766,1,1,9,577.4143351083072
232774,1,1,6,810.8486736087802
232782,1,1,1,620.6844243663828
232804,1,1,10,325.2898699172433
232815,1,1,9,603.2315152845172
232837,1,1,8,507.83504238547476
232842,1,1,4,0.4264545919581291
232850,1,1,10,509.3284787989357
232854,1,1,9,599.6170888144203
232863,1,1,8,419.36842445426527
232877,1,1,3,67.48552405514975
232900,1,1,10,720.4196540154844
232915,0,1,0,0.1347480886411618
232920,1,1,4,0.42645458358136
232921,1,1,4,0.42645458358136
232939,1,1,4,0.42645458358136
232942,1,1,1,449.24033046898774
232955,1,1,6,444.63485986872286
232974,1,1,5,0.42645457969393247
232979,1,1,5,0.42645457969393247
232990,1,1,5,0.42645457969393247
232993,1,1,4,0.42645458358136
233000,1,1,8,543.9354766457348
233001,1,1,3,90.57453809808491
233009,1,1,2,389.358833122852
233015,1,1,8,169.46930626684343
233020,1,1,9,498.58444472532324
233030,1,1,3,59.69086523667148
233045,1,1,8,882.7647375440823
233060,1,1,9,878.3414532483723
233061,1,1,6,342.0134999357858
233080,1,1,9,867.5533924646813
233083,1,1,9,788.3487056013398
233085,1,1,4,0.42645458358136
233089,1,1,2,468.2059412175513
233101,1,1,5,0.42645457969393247
233106,1,1,10,457.6942732809175
233119,1,1,6,598.4313713893127
233128,1,1,10,326.2170518807669
233137,1,1,4,0.42645458358136
233144,1,1,1,610.1326171902671
233156,1,1,4,0.42645458358136
233157,1,1,10,626.1411343186155
233158,1,1,4,0.42645458358136
233160,1,1,8,555.713959547418
233169,1,1,5,0.42645457969393247
233174,1,1,10,402.8491454687681
233175,1,1,4,0.42645458358136
233176,1,1,6,782.0776640737992
233177,1,1,10,280.56725816099544
233201,1,1,9,394.5239598116693
233212,1,1,4,0.42645458358136
233220,1,1,2,59.14217096117321
233264,1,1,9,447.1395945000104
233274,1,1,3,90.2583354451424
233280,1,1,5,0.42645457969393247
233299,1,1,8,236.5447201754166
233305,1,1,8,901.8644653935456
233312,1,1,4,0.42645458358136
233322,1,1,4,0.42645458358136
233326,1,1,8,761.5576061220158
233333,1,1,5,0.42645457969393247
233339,1,1,2,194.47187631238765
233343,1,1,2,234.1636430417082
233347,1,1,1,515.9536705577088
233389,1,1,8,143.39184563805193
233394,1,1,4,0.42645458358136
233395,1,1,4,0.42645458358136
233408,1,1,4,0.42645458358136
233428,1,1,6,783.0462358372486
233429,1,1,4,0.4264545919581291
233434,1,1,8,351.6480733804965
233435,1,1,9,781.8017811699466
233445,1,1,10,646.2733352083295
233455,1,1,9,665.9507134260577
233459,1,1,1,270.4011697081382
233466,1,1,10,504.842655717145
233467,1,1,5,0.42645457969393247
233478,1,1,6,140.08628736768108
233496,1,1,9,875.4498576326592
233497,1,1,10,275.9660449517613
233502,1,1,10,570.6611339338855
233517,1,1,8,534.9356995711154
233522,1,1,5,0.42645457969393247
233527,1,1,1,302.37010204213436
233534,1,1,1,384.990034385968
233535,1,1,3,79.90361382649428
233537,1,1,6,649.4816300358854
233551,1,1,6,243.88664020931418
233555,1,1,6,221.21288928736715
233557,1,1,5,0.42645457969393247
233562,1,1,9,246.11934863798294
233569,1,1,8,751.7511808522536
233571,1,1,10,439.91088336582106
233574,1,1,10,225.92930597593192
233578,1,1,7,77.81374519512805
233593,1,1,9,603.2092249150083
233607,1,1,7,143.19015001081428
233608,1,1,10,652.2094447338
233617,1,1,9,842.9251606156353
233619,1,1,6,702.4324479634121
233620,1,1,5,0.42645456789925423
233621,1,1,3,88.43500303976917
233625,1,1,1,175.75824893097618
233630,1,1,9,677.9251651468358
233632,1,1,6,605.4946587268893
233633,1,1,10,455.7298628347569
233636,1,1,9,714.473748180832
233661,1,1,4,0.42645458358136
233671,1,1,8,467.96031158448926
233673,1,1,9,150.8567000884079
233684,1,1,7,171.10229293223324
233694,1,1,9,817.602038773473
233697,1,1,1,312.3290899239107
233710,1,1,5,0.42645457969393247
233713,1,1,4,0.42645458358136
233721,1,1,4,0.42645458358136
233732,1,1,4,0.42645458358136
233733,1,1,10,549.2196322012666
233736,1,1,8,741.9651490833777
233739,1,1,4,0.42645458358136
233749,1,1,10,399.6767601903057
233751,1,1,9,851.2643252134256
233760,1,1,7,160.7235965698088
233788,1,1,6,365.4391799215706
233809,1,1,5,0.42645457969393247
233814,1,1,1,516.1754509933148
233816,1,1,9,868.1060884058272
233825,1,1,7,101.25741737922681
233827,1,1,10,254.06850873644473
233838,1,1,4,0.42645458358136
233853,1,1,3,88.82690667143865
233855,1,1,5,0.42645457969393247
233862,1,1,1,734.7011001893733
233867,1,1,1,521.2567025253051
233878,1,1,8,469.61678117464163
233881,1,1,7,141.0513053241814
233882,1,1,6,168.94074218554098
233895,1,1,9,472.41704892878624
233921,1,1,10,293.36647969046817
233928,1,1,6,355.17727897093573
233929,1,1,5,0.42645457969393247
233950,1,1,2,373.6254272935614
233959,1,1,3,50.206122575342924
233980,1,1,4,0.42645458358136
233999,1,1,8,721.8467868221405
234012,1,1,2,480.10575139701774
234035,1,1,6,508.12678045946694
234039,1,1,6,800.0081846191779
234051,1,1,9,747.6205666245432
234064,1,1,6,263.7937336501093
234069,1,1,2,489.7206593002709
234072,1,1,5,0.42645457969393247
234090,1,1,6,792.6233022405711
234113,1,1,4,0.42645458358136
234115,1,1,7,59.49341762637341
234118,1,1,8,730.7457158418923
234183,1,1,8,289.5268242230801
234189,1,1,9,757.0554454487731
234201,1,1,6,698.0786790332696
234202,1,1,1,502.7808183469736
234213,1,1,8,790.4867126662873
234215,1,1,5,0.42645457969393247
234220,1,1,6,628.8440950153449
234226,1,1,4,0.42645458358136
234249,1,1,4,0.4264545919581291
234252,1,1,4,0.4264545919581291
234259,1,1,7,35.246733916175316
234261,1,1,9,801.3402499973736
234267,1,1,3,90.6440552386115
234268,1,1,6,798.3257493425591
234272,1,1,6,456.7504157072871
234293,0,1,0,0.23509365856373377
234296,1,1,9,318.1059606802755
234302,1,1,10,373.16363673686124
234309,1,1,3,72.76457173229235
234344,1,1,4,0.42645458358136
234354,1,1,4,0.42645458358136
234370,1,1,8,498.10824880978436
234375,1,1,10,386.65163209414817
234380,1,1,10,720.6053507326075
234388,1,1,9,859.2045657748425
234403,1,1,9,685.6865235018606
234410,1,1,8,762.4099867410955
234417,1,1,9,875.4338454530875
234424,1,1,8,844.4240009235324
234439,1,1,5,0.42645457969393247
234446,1,1,5,0.42645457969393247
234448,1,1,9,380.76671685130873
234449,1,1,10,428.4008094584775
234460,1,1,9,614.8935742284649
234462,1,1,8,295.0794794192829
234463,1,1,9,607.8225922501988
234472,1,1,8,491.92263863536476
234475,0,1,0,0.11584773024784886
234506,1,1,7,104.69876921512225
234508,1,1,10,659.3400258349689
234510,1,1,10,427.6477800185855
234534,1,1,8,150.709588865395
234539,1,1,9,441.82082585008004
234542,1,1,8,711.7463094483422
234566,1,1,5,0.42645457969393247
234576,1,1,8,927.3741718809201
234577,1,1,9,823.5975325632688
234584,1,1,5,0.42645457969393247
234587,1,1,5,0.42645457969393247
234596,1,1,8,457.8492347079397
234622,1,1,9,732.996362218456
234631,1,1,8,452.65223355381113
234633,1,1,9,174.26530830129965
234636,1,1,10,640.2119784975994
234638,1,1,2,264.27546213024704
234644,1,1,7,79.68903891026714
234652,1,1,1,380.13852553197944
234654,1,1,6,429.9099115008181
234665,1,1,4,0.42645458358136
234671,1,1,9,833.0226967348374
234675,1,1,5,0.42645457969393247
234689,1,1,10,679.6095333719934
234690,1,1,5,0.42645457969393247
234718,1,1,2,475.6003379521154
234726,1,1,10,721.6813330701098
234728,1,1,5,0.42645457969393247
234733,1,1,3,84.55427711584517
234735,1,1,9,470.42388911700556
234744,1,1,3,85.37634606322791
234747,1,1,5,0.42645457969393247
234750,1,1,10,460.2878427109833
234774,1,1,6,196.26816878107448
234777,1,1,5,0.42645456789925423
234781,1,1,5,0.42645456789925423
234797,1,1,5,0.42645457969393247
234809,1,1,9,611.8953970043311
234810,1,1,8,151.00501928796848
234828,1,1,8,366.30429435729405
234836,1,1,8,165.10183224015776
234839,1,1,8,760.7311818633232
234840,1,1,6,544.4762862263934
234846,1,1,4,0.42645458358136
234849,1,1,5,0.42645457969393247
234856,1,1,9,701.5020546660542
234868,1,1,4,0.42645458358136
234870,1,1,10,135.1092824755209
234877,1,1,5,0.42645457969393247
234883,1,1,9,603.1777554425552
234894,1,1,10,460.6171894221347
234910,1,1,8,518.6554202536054
234912,1,1,2,368.6742458494688
234940,1,1,9,82.33902345082447
234957,1,1,2,314.83949378302685
234958,1,1,5,0.42645457969393247
234961,1,1,2,428.71641838024624
234963,1,1,8,532.3380708012896
234990,1,1,9,527.8896065988928
235002,1,1,9,810.3878587123079
235006,1,1,1,188.22140245213674
235009,1,1,10,722.5495941636581
235015,1,1,2,399.16739106558816
235030,1,1,6,616.2827347834565
235037,1,1,5,0.42645457969393247
235042,1,1,6,222.94550373406256
235046,1,1,4,0.4264545919581291
235053,1,1,6,644.8321496343547
235059,1,1,9,614.2414152628777
235061,1,1,10,384.2843610418828
235076,1,1,9,599.230327922707
235089,1,1,9,533.5754520120456
235111,1,1,8,614.7317975104594
235113,1,1,9,767.3446301689372
235114,1,1,6,792.2488473992084
235124,1,1,4,0.42645458358136
235132,1,1,8,543.675325350889
235152,1,1,1,600.0523188370744
235197,1,1,2,189.33195719009817
235214,1,1,9,815.4953145358859
235218,1,1,5,0.42645457969393247
235222,1,1,9,456.04230032612855
235227,1,1,8,280.2230108273982
235233,1,1,4,0.42645458358136
235242,1,1,5,0.42645457969393247
235245,1,1,6,538.0452538447474
235253,1,1,8,236.89666144076293
235256,1,1,5,0.42645457969393247
235259,1,1,5,0.42645457969393247
235269,1,1,9,860.7669941417249
235272,1,1,7,143.40814911583007
235317,1,1,6,431.94880642312097
235319,1,1,8,321.8382598226304
235321,1,1,4,0.42645458358136
235324,1,1,4,0.42645458358136
235341,1,1,10,684.2622367443463
235350,1,1,8,571.9862066985731
235358,1,1,4,0.42645458358136
235363,1,1,1,484.0807359303224
235368,1,1,10,429.639445366885
235387,1,1,8,731.7159584474565
235390,1,1,1,156.6118014609826
235407,1,1,1,262.62797737046526
235419,1,1,1,391.18078748910835
235427,1,1,9,830.9123180207932
235446,1,1,8,308.2792475934076
235451,1,1,5,0.42645457969393247
235452,1,1,8,618.406308729739
235457,1,1,9,603.6606467253287
235484,1,1,8,449.7560452408836
235489,1,1,4,0.42645458358136
235490,1,1,6,650.2815193657369
235509,1,1,4,0.42645458358136
235519,1,1,9,595.4910762288786
235520,1,1,6,745.5321756025457
235523,1,1,3,59.83899510887589
235527,0,1,0,0.24262026850742363
235528,1,1,9,784.6688676452949
235542,1,1,7,123.11230675888945
235547,1,1,9,104.94562006690465
235564,1,1,9,591.6736024657847
235590,1,1,9,646.718014934318
235595,1,1,10,419.2021511380034
235604,1,1,6,568.4768551732874
235609,1,1,7,89.81863383776414
235614,1,1,6,663.5331182928306
235625,1,1,9,856.1413843987297
235632,1,1,8,162.41140985973234
235634,1,1,9,701.4854747409694
235635,1,1,7,142.55803052870428
235641,1,1,6,155.13774968810174
235658,1,1,6,212.81005609324623
235659,1,1,5,0.42645457969393247
235678,1,1,3,83.5184739251919
235686,1,1,10,372.57725172915275
235687,1,1,6,326.70429477751657
235706,1,1,8,341.37050783148305
235721,1,1,8,572.9785205398615
235723,1,1,5,0.42645457969393247
235724,1,1,2,191.5022726494699
235730,1,1,8,868.5888739331285
235745,1,1,1,735.6167858171864
235752,1,1,4,0.42645458358136
235755,1,1,9,771.1156148861849
235768,1,1,10,643.7102563626848
235770,1,1,9,601.7431880548455
235776,1,1,8,462.1555703836046
235789,1,1,10,718.2243217879745
235793,1,1,10,720.8651091508239
235814,1,1,9,866.666063350412
235815,1,1,10,433.62916944164414
235821,0,1,0,0.10648779969628135
235825,1,1,8,804.9973663342425
235841,1,1,6,705.5144996240529
235858,1,1,9,326.55629012113945
235866,1,1,5,0.42645457969393247
235878,1,1,10,434.42874331621516
235881,1,1,10,722.7899103440841
235884,1,1,9,759.5454884802958
235899,1,1,6,751.1366359746052
235907,1,1,5,0.42645457969393247
235915,1,1,1,739.8598325716085
235930,1,1,9,788.35293449974
235933,1,1,9,87.6942252107018
235941,1,1,6,809.9643745212466
235946,1,1,4,0.42645458358136
235948,1,1,6,671.8891484482224
235954,1,1,8,783.1221245427345
235958,1,1,9,626.3582765873704
235973,1,1,10,691.7757962239939
235981,1,1,10,278.8851029515105
235985,1,1,9,301.23656223241
235988,1,1,9,281.10071468170264
235998,1,1,9,289.30228145270934
236012,1,1,10,236.68650909016438
236027,1,1,5,0.42645457969393247
236031,1,1,4,0.42645458358136
236035,1,1,6,220.7508024158396
236046,1,1,2,392.0414681093526
236054,1,1,10,179.7368791560597
236068,1,1,9,771.1381658869171
236073,1,1,8,866.6287320246798
236084,1,1,8,268.79903165607533
236092,1,1,1,376.5893485495657
236099,1,1,4,0.42645458358136
236110,1,1,8,777.5848730205889
236120,1,1,9,213.08071304587764
236139,1,1,6,772.5346730617081
236143,1,1,10,242.86443307030876
236160,1,1,7,162.8429831921421
236215,1,1,6,639.9925774843341
236251,1,1,6,345.3211075237057
236258,1,1,4,0.42645458358136
236272,1,1,8,137.7116397596879
236284,1,1,10,570.6028187302888
236297,1,1,6,232.62807661877676
236313,1,1,1,603.0281963536574
236322,1,1,9,869.6332830790358
236323,1,1,8,191.24382129125885
236324,1,1,1,309.93680929860966
236326,1,1,9,860.9955091640563
236332,1,1,9,756.1967229288002
236333,1,1,7,77.31297212629622
236335,1,1,1,306.98495448329663
236336,1,1,5,0.42645457969393247
236344,1,1,9,487.57840979493085
236388,1,1,1,270.8264761118077
236403,1,1,7,71.97408418523409
236414,1,1,4,0.42645458358136
236422,1,1,6,492.6771860948252
236426,1,1,5,0.42645457969393247
236434,1,1,8,503.13566222757277
236438,1,1,10,433.70464385550684
236445,1,1,9,735.515427876603
236456,1,1,8,866.8137552203009
236462,1,1,1,461.490826262005
236466,1,1,4,0.42645458358136
236480,1,1,9,460.1611585679985
236494,1,1,8,830.0172799906495
236496,1,1,4,0.42645458358136
236497,1,1,1,222.563327534458
236502,1,1,8,727.4463967160052
236515,1,1,4,0.42645458358136
236523,1,1,7,147.19709201198407
236535,1,1,9,454.0064532854207
236540,1,1,9,378.93571519399205
236546,1,1,4,0.4264545919581291
236548,1,1,9,533.1933152984261
236567,1,1,9,501.0338587370225
236580,1,1,5,0.42645457969393247
236598,1,1,4,0.42645458358136
236607,1,1,6,626.9195119641076
236610,1,1,4,0.42645458358136
236633,1,1,6,393.41102553973093
236646,1,1,5,0.42645457969393247
236658,1,1,6,502.0908092156518
236688,1,1,8,679.3255434419804
236722,1,1,8,780.3927702273148
236727,1,1,9,394.8425670970996
236774,1,1,8,561.9787182635455
236777,1,1,9,483.4586587162543
236800,1,1,4,0.42645458358136
236804,1,1,5,0.42645457969393247
236820,1,1,5,0.42645457969393247
236833,1,1,5,0.42645457969393247
236840,1,1,9,737.3302849877075
236849,1,1,9,330.5526847229714
236857,1,1,5,0.42645457969393247
236863,1,1,9,605.7299066475606
236865,1,1,9,547.68970934381
236884,1,1,8,527.1226553669103
236891,1,1,7,144.69678372212286
236893,1,1,10,140.2897353318752
236898,1,1,8,826.3045888391309
236900,1,1,1,629.0043499666434
236920,1,1,4,0.42645458358136
236940,1,1,9,815.7018364307592
236941,1,1,8,642.1052264029817
236955,0,1,0,0.13560259430696187
236961,1,1,4,0.4264545919581291
236963,1,1,8,833.8987898167476
236972,1,1,10,437.25326427387137
236984,1,1,3,90.86880349180574
236991,1,1,10,490.2159421988916
237006,1,1,2,371.6681483183269
237013,1,1,9,274.61436682569746
237043,1,1,10,723.3984310944478
237046,1,1,2,275.26976655787416
237047,1,1,8,465.26932479873005
237061,1,1,7,135.19930527944598
237063,1,1,9,380.83627983429767
237078,1,1,6,215.22534096759236
237085,1,1,10,651.5921176707684
237096,1,1,7,101.69926762452158
237100,1,1,7,71.55621400618287
237116,1,1,6,645.1728331900332
237124,1,1,8,570.2251163362241
237126,1,1,1,559.0459730219343
237138,1,1,9,625.3618584941236
237140,1,1,8,236.72085914135351
237145,1,1,6,643.1318844772481
237146,1,1,7,59.174788239676
237151,1,1,8,768.4352440937936
237163,1,1,6,801.3935270525093
237170,1,1,9,703.7156859311905
237192,1,1,7,93.94926976685316
237193,1,1,6,441.5007114509107
237195,1,1,8,885.6245201830365
237199,1,1,9,52.65364210389471
237202,1,1,5,0.42645457969393247
237205,1,1,8,343.8382147019735
237208,1,1,1,362.62066032773606
237211,1,1,4,0.42645458358136
237213,1,1,10,722.6692912939935
237241,1,1,1,426.09521247440654
237243,1,1,4,0.42645458358136
237244,1,1,6,683.8875718922598
237257,1,1,8,483.06896356137963
237260,1,1,8,617.5880313024991
237261,1,1,7,95.61788278318821
237276,1,1,8,617.9859203562937
237279,1,1,1,268.27874907508027
237293,1,1,8,779.0923690273074
237294,1,1,10,371.8289265058058
237310,1,1,10,619.2569221989548
237337,1,1,10,322.7457039164596
237352,1,1,8,719.7502753124566
237373,1,1,3,79.02410156956428
237376,1,1,5,0.42645457969393247
237384,1,1,9,758.6741797423234
237389,1,1,6,547.9316924918916
237390,1,1,2,376.5073403557914
237442,1,1,4,0.42645458358136
237447,1,1,10,500.7956627201374
237461,1,1,8,839.501148639557
237472,1,1,8,163.65915741736626
237488,1,1,8,534.3737912347086
237491,1,1,9,875.3775542064569
237495,1,1,6,777.8448643844116
237504,1,1,9,867.5189843144368
237508,1,1,4,0.42645458358136
237516,1,1,5,0.42645457969393247
237532,1,1,6,438.0813857560901
237534,1,1,1,489.0030734217726
237540,1,1,5,0.42645457969393247
237544,1,1,6,538.7812445294172
237545,1,1,9,853.6481329229188
237551,1,1,9,203.28515985515565
237553,1,1,6,774.1432000441795
237573,1,1,10,715.6892197360436
237574,1,1,9,516.4564895252395
237590,1,1,8,890.0516636952324
237595,1,1,9,854.6506335152357
237617,1,1,7,12.213047877825836
237622,1,1,9,295.8879043424247
237633,1,1,8,820.9622239775709
237643,1,1,10,434.02316722698004
237648,1,1,1,363.8039026575393
237649,1,1,4,0.42645457969393247
237657,1,1,7,135.65991871814245
237658,1,1,10,723.1436784871546
237669,1,1,10,137.66419034321007
237683,1,1,5,0.42645457969393247
237689,1,1,1,674.2420407494322
237699,1,1,2,277.95407579086725
237710,1,1,9,407.79292608750836
237717,1,1,6,804.0647605271024
237725,1,1,8,697.9102824948957
237741,1,1,3,92.20046032396662
237760,0,1,0,0.13225052368862827
237764,1,1,8,170.66986009890428
237780,1,1,8,945.1253693763168
237782,1,1,1,603.7172089852527
237783,1,1,9,459.52487386052053
237784,1,1,8,443.1394051442865
237798,1,1,6,789.8692416042378
237811,1,1,4,0.42645458358136
237823,1,1,9,842.7382922550252
237826,1,1,9,764.775316475017
237845,1,1,5,0.42645457969393247
237852,1,1,8,130.22517867228825
237854,1,1,1,230.8999466807405
237857,1,1,5,0.42645457969393247
237861,1,1,4,0.42645458358136
237866,1,1,8,899.8350766959653
237870,1,1,9,691.591698435977
237877,1,1,6,468.31399359405026
237880,1,1,6,516.070075365548
237883,1,1,5,0.42645457969393247
237889,1,1,10,507.35488831042
237906,1,1,2,404.5979265917545
237908,1,1,4,0.42645458358136
237922,1,1,8,684.2964573656523
237938,0,1,0,0.13362977233852924
237939,1,1,5,0.42645457969393247
237952,1,1,5,0.42645457969393247
237963,1,1,9,859.96357100595
237964,1,1,9,82.68095373098193
237991,1,1,3,75.87820996098442
237995,1,1,10,168.27424332629872
238006,1,1,10,721.0110342608936
238037,1,1,10,128.16838724649278
238038,1,1,4,0.42645458358136
238043,1,1,5,0.42645457969393247
238061,1,1,1,218.52278658895813
238062,1,1,10,457.5160324341903
238068,1,1,8,421.48334936862585
238071,1,1,4,0.4264545919581291
238093,1,1,5,0.42645457969393247
238096,1,1,5,0.42645457969393247
238099,1,1,7,174.18725454139198
238101,1,1,6,157.6306876670309
238102,1,1,8,845.1135445046089
238109,1,1,4,0.42645458358136
238130,1,1,1,577.1908757538995
238131,1,1,5,0.42645457969393247
238133,1,1,5,0.42645457969393247
238143,1,1,8,458.1610251150532
238153,1,1,9,255.52388415345675
238159,1,1,8,520.8604661959411
238183,1,1,10,669.6098128953578
238197,1,1,8,778.3665551436455
238199,1,1,9,592.6433372192489
238200,1,1,5,0.42645457969393247
238206,1,1,4,0.42645458358136
238209,1,1,9,794.1722480865473
238210,1,1,5,0.42645457969393247
238217,1,1,5,0.42645457969393247
238224,1,1,10,161.9953325921958
238236,1,1,4,0.42645458358136
238239,1,1,8,641.208159776809
238261,1,1,10,586.7304084877383
238278,1,1,8,416.64284709920116
238279,1,1,9,478.92925236813073
238286,1,1,6,797.8183856813988
238297,1,1,1,720.3975322115367
238300,1,1,2,96.7969937429555
238302,1,1,4,0.42645458358136
238306,1,1,8,916.046178332481
238308,1,1,6,789.572396306937
238310,1,1,2,440.50487538780374
238325,1,1,9,583.377903364091
238346,1,1,6,429.7836217504129
238349,1,1,8,480.77631981398883
238356,1,1,10,176.17704266135672
238359,1,1,2,324.3439666941494
238424,1,1,3,90.98543563657248
238435,1,1,3,90.0703416986386
238436,1,1,4,0.42645458358136
238443,1,1,6,487.3378190717197
238444,1,1,8,646.667602152546
238454,1,1,8,555.6471510837761
238457,1,1,8,483.33858870426
238458,1,1,9,812.9348909976844
238467,1,1,8,430.446335522551
238468,1,1,7,80.29286528996838
238475,1,1,7,118.48457830754465
238476,1,1,6,547.6750082294603
238481,1,1,9,796.0622278710584
238489,1,1,5,0.42645457969393247
238514,1,1,1,598.6331359441365
238516,1,1,4,0.42645458358136
238518,1,1,9,580.6443924107047
238529,1,1,5,0.42645457969393247
238536,1,1,10,718.8587488176397
238537,1,1,8,567.3313728597274
238542,1,1,5,0.42645457969393247
238561,1,1,10,509.88139903296985
238563,1,1,4,0.42645458358136
238573,1,1,2,426.13763750306754
238588,1,1,9,694.2256897671298
238610,1,1,2,222.47381458088518
238615,1,1,8,722.874028442565
238624,1,1,10,100.8767148747697
238634,1,1,8,353.60077006347205
238636,1,1,10,560.8114584349105
238654,1,1,6,543.6946135539373
238663,1,1,4,0.42645458358136
238685,1,1,5,0.42645457969393247
238711,1,1,5,0.42645457969393247
238712,1,1,5,0.42645457969393247
238715,1,1,3,57.30636942200391
238725,1,1,2,421.60462716533306
238736,1,1,5,0.42645457969393247
238737,1,1,4,0.42645458358136
238741,1,1,3,55.27971567903661
238743,1,1,2,337.8392855184928
238759,1,1,1,482.84392495161006
238776,1,1,1,428.07759697737737
238778,1,1,5,0.42645457969393247
238779,1,1,5,0.42645457969393247
238788,1,1,6,720.1453509203825
238807,1,1,10,457.7198229419752
238817,1,1,10,523.9505565981709
238827,1,1,8,426.5396184782026
238831,1,1,8,497.5169480179101
238850,1,1,10,519.8400433721519
238869,1,1,5,0.42645457969393247
238879,1,1,6,201.11391499544752
238896,1,1,6,753.9851335892295
238899,1,1,9,466.17517034458825
238908,1,1,4,0.42645458358136
238913,1,1,4,0.4264545919581291
238918,1,1,9,622.358142170215
238942,1,1,7,153.8596133213777
238946,1,1,7,161.47898430537282
238958,1,1,6,782.7697169918642
238966,1,1,8,398.60390549744056
238979,1,1,10,143.25416413779254
238985,1,1,4,0.42645458358136
238996,1,1,1,509.40951732304643
238998,1,1,4,0.42645458358136
239000,1,1,6,448.7627804007687
239002,1,1,10,720.2719928682625
239008,1,1,9,676.4988512771797
239010,1,1,8,247.17206674640693
239033,1,1,7,165.58621981683984
239044,1,1,8,779.9609138897433
239048,1,1,9,454.94063909602227
239050,1,1,4,0.42645458358136
239057,1,1,5,0.42645457969393247
239066,1,1,5,0.42645457969393247
239069,1,1,1,315.8954894968239
239098,1,1,6,527.0941778480409
239101,1,1,8,555.1221262601891
239105,1,1,4,0.42645458358136
239126,1,1,10,343.32520474400354
239127,1,1,10,315.55228458695905
239141,1,1,10,429.1795980190391
239152,1,1,6,409.97693004684425
239167,1,1,4,0.42645458358136
239171,1,1,8,719.3004289486669
239194,1,1,2,250.88821829039875
239208,1,1,2,477.23650939193834
239241,1,1,4,0.4264545919581291
239249,1,1,9,859.3104187031265
239262,1,1,5,0.42645457969393247
239266,1,1,8,909.2579919221895
239267,1,1,5,0.42645457969393247
239269,1,1,3,55.90546235881962
239273,1,1,5,0.42645457969393247
239275,1,1,10,598.2509053574053
239280,1,1,8,685.5487152696239
239284,1,1,9,246.52725822321892
239288,1,1,9,867.1161749159231
239292,1,1,8,891.9529157355175
239293,1,1,10,722.2130043092429
239296,1,1,6,755.4652343332058
239299,1,1,9,634.9347604390321
239303,1,1,4,0.42645458358136
239314,1,1,2,270.9544202656406
239322,1,1,6,714.149808369327
239342,1,1,6,699.1124104685813
239343,1,1,10,406.91035531429327
239348,1,1,8,352.2372881384816
239373,1,1,5,0.42645457969393247
239380,1,1,9,809.00652040945
239383,1,1,2,386.7717677072658
239397,1,1,6,720.8203206492843
239416,1,1,5,0.42645457969393247
239417,1,1,2,297.044902652191
239424,1,1,9,169.44339326650606
239443,1,1,4,0.42645458358136
239450,1,1,4,0.42645458358136
239452,1,1,6,539.8875213564579
239465,1,1,5,0.42645457969393247
239479,1,1,6,613.4546652820359
239489,1,1,8,617.2449747106325
239541,0,1,0,0.1195400507429279
239545,1,1,7,137.4354835079468
239563,1,1,6,574.5365382378295
239571,1,1,8,638.3694366783412
239574,1,1,4,0.42645458358136
239579,1,1,4,0.42645458358136
239585,1,1,5,0.42645457969393247
239592,1,1,8,763.6163719223638
239596,1,1,5,0.42645457969393247
239606,1,1,1,516.1640151575109
239618,1,1,6,786.6018894229203
239619,1,1,9,726.4732156220281
239623,1,1,4,0.42645458358136
239638,1,1,8,887.8509145804608
239643,1,1,9,548.105851037976
239648,1,1,7,147.33292347956979
239649,1,1,4,0.42645458358136
239659,1,1,9,751.3034705810207
239662,1,1,10,426.0935923830498
239689,1,1,8,302.60534444696424
239707,1,1,5,0.42645457969393247
239720,1,1,8,741.3204438673419
239721,1,1,9,818.0636740621169
239734,1,1,5,0.42645457969393247
239739,1,1,6,217.3067326513474
239742,1,1,7,67.16115812231513
239748,1,1,9,46.67962168706702
239755,1,1,8,785.4337307863225
239757,1,1,7,174.69536703563156
239772,1,1,9,321.35903749591665
239805,1,1,8,383.8900599118918
239853,1,1,4,0.4264545919581291
239867,1,1,10,314.39732499691587
239885,1,1,2,106.07269859923626
239918,1,1,4,0.42645458358136
239926,1,1,4,0.42645458358136
239967,1,1,1,575.371924754039
239969,1,1,10,360.63170254828765
239974,1,1,8,874.5711758298349
239979,1,1,9,810.2292719601288
239992,1,1,6,789.1499041649195
239999,1,1,8,437.25138783384466
240016,1,1,10,307.20566281079846
240019,1,1,5,0.42645457969393247
240040,1,1,9,547.8690655709518
240050,1,1,10,610.6271206188309
240054,1,1,5,0.42645457969393247
240057,1,1,6,721.1001554798816
240060,1,1,8,563.2670094865651
240078,1,1,4,0.42645458358136
240080,1,1,4,0.42645458358136
240129,1,1,9,580.1857753866942
240152,1,1,3,61.90051689923785
240168,1,1,4,0.42645458358136
240189,1,1,2,309.75585102899277
240215,1,1,7,94.4331372340305
240222,1,1,8,576.4512116608762
240224,1,1,6,535.4674457028356
240230,1,1,8,430.3305538047798
240238,1,1,8,675.0059838055681
240249,1,1,9,607.4155866886183
240251,1,1,9,659.086248310423
240259,1,1,9,872.947236421241
240260,1,1,9,254.19345377791933
240261,1,1,5,0.42645457969393247
240262,1,1,7,108.75524352454913
240266,1,1,5,0.42645457969393247
240283,1,1,4,0.42645458358136
240292,1,1,9,877.9746340022799
240301,1,1,6,629.0097026217709
240329,1,1,9,644.8671391405975
240350,1,1,10,384.5336623668825
240385,1,1,10,378.9465825351711
240404,1,1,1,199.72601052378968
240412,1,1,10,339.7788853873752
240422,1,1,5,0.42645457969393247
240432,1,1,9,716.5195743940378
240436,1,1,10,590.726087927878
240465,1,1,9,819.0113200746913
240471,1,1,9,616.8304278976766
240477,1,1,5,0.42645457969393247
240482,1,1,1,240.2174101088893
240484,1,1,6,654.35727215405
240499,1,1,9,204.43592366961806
240519,1,1,5,0.42645457969393247
240524,1,1,9,294.4793960650552
240527,1,1,8,263.4249787004369
240528,1,1,3,90.81171244852904
240529,1,1,5,0.42645457969393247
240530,1,1,9,563.0607019741578
240560,1,1,8,445.91578934472443
240561,1,1,1,709.1904823462485
240574,1,1,9,864.4648748628755
240575,1,1,1,611.9993324527322
240581,1,1,1,228.03582386729354
240599,1,1,8,489.62597946705245
240614,1,1,9,592.1598005884412
240622,1,1,9,845.1113453329637
240630,1,1,9,573.7297202119887
240637,1,1,1,621.3767341914358
240641,1,1,1,550.8171948881148
240649,1,1,5,0.42645457969393247
240654,1,1,6,800.2480205881635
240656,1,1,6,648.1674779179698
240664,1,1,6,256.7105680244045
240667,1,1,1,730.721275429278
240674,1,1,9,817.8042761488273
240685,1,1,10,669.4052331679177
240690,1,1,5,0.42645457969393247
240693,1,1,4,0.42645458358136
240700,1,1,1,226.3914922070708
240703,1,1,7,98.85632625327081
240708,1,1,6,526.3569533022937
240717,1,1,7,82.48775308726006
240733,1,1,7,73.20775341697303
240749,1,1,7,71.5028760705204
240757,1,1,5,0.42645457969393247
240769,1,1,6,501.0855975300524
240790,1,1,2,273.5337388748278
240798,1,1,5,0.42645457969393247
240799,1,1,6,523.365656140299
240806,1,1,9,437.39154448640306
240810,1,1,10,685.0841177589199
240814,1,1,4,0.42645458358136
240818,1,1,8,591.8965096496698
240822,1,1,1,727.0735143235945
240839,1,1,4,0.4264545919581291
240855,1,1,5,0.42645456789925423
240885,1,1,6,417.03228733097563
240888,1,1,1,348.9953740267557
240891,1,1,9,843.4719702856188
240892,1,1,5,0.42645457969393247
240893,1,1,5,0.42645457969393247
240894,1,1,1,503.5747168218733
240899,1,1,4,0.42645458358136
240902,1,1,5,0.42645457969393247
240911,1,1,9,508.4233630650041
240913,1,1,8,908.4835172364491
240915,1,1,2,315.47422374757116
240919,1,1,5,0.42645457969393247
240921,1,1,7,87.56806394938188
240927,1,1,5,0.42645457969393247
240934,1,1,10,391.36824651038444
240948,1,1,9,855.7169260417621
240973,1,1,6,690.7381563033017
240975,1,1,9,448.7108658829946
240976,1,1,9,148.55139113098795
240995,1,1,6,349.07740870629755
241002,1,1,6,783.8943957406273
241028,1,1,6,778.7314130233154
241056,1,1,9,341.1626457590633
241100,1,1,8,510.917938143288
241109,1,1,4,0.42645458358136
241114,1,1,9,346.51554860319163
241118,1,1,6,345.8855304590088
241122,1,1,5,0.42645457969393247
241129,1,1,6,551.6777791502649
241131,1,1,8,352.1194893533953
241139,1,1,4,0.4264545919581291
241140,1,1,8,571.3803389284384
241151,1,1,6,618.3176728376243
241161,1,1,5,0.42645457969393247
241165,1,1,9,258.42025503860384
241167,1,1,5,0.42645457969393247
241188,1,1,4,0.42645458358136
241193,1,1,1,239.60613975205487
241195,1,1,8,746.9543634208228
241203,1,1,1,598.3057545682118
241237,1,1,1,676.3814468089756
241238,1,1,9,606.8003546951205
241243,1,1,7,147.34057904124623
241264,1,1,8,239.863283643189
241270,1,1,9,693.7442593211148
241312,1,1,8,446.1316800223872
241377,1,1,9,349.4106009944021
241386,1,1,8,872.7544815213694
241391,1,1,4,0.42645458358136
241403,1,1,6,806.8990145298338
241410,1,1,7,106.68599099276526
241420,1,1,5,0.42645457969393247
241424,1,1,8,617.0201911071563
241428,1,1,10,592.4144841731704
241452,1,1,8,502.81179992135736
241454,1,1,5,0.42645457969393247
241456,1,1,6,458.1619020509195
241491,1,1,8,947.8159405632372
241499,1,1,5,0.42645457969393247
241500,1,1,8,480.49847082584665
241511,1,1,6,746.7661537369776
241531,1,1,2,200.62149347387884
241558,1,1,8,605.151058296452
241561,1,1,8,792.0908608300357
241562,1,1,6,650.1272245793591
241572,1,1,9,890.5798174945861
241587,1,1,1,458.70425596290244
241600,1,1,6,706.5881422963901
241601,1,1,4,0.42645458358136
241604,1,1,4,0.42645458358136
241611,1,1,5,0.42645457969393247
241613,1,1,4,0.42645458358136
241617,1,1,9,396.0097216182932
241622,1,1,10,659.7233121240087
241658,1,1,9,714.7092954924364
241660,1,1,2,418.7342937026936
241661,1,1,9,82.60122012156661
241686,1,1,9,312.70330107776124
241687,1,1,4,0.42645458358136
241692,1,1,8,932.7879443564177
241698,1,1,9,349.41928301862663
241699,1,1,8,154.5136631911237
241704,1,1,10,625.5548381626242
241705,1,1,4,0.42645458358136
241718,1,1,5,0.42645457969393247
241742,1,1,6,789.7396992917807
241749,1,1,9,515.9498511118375
241777,1,1,9,291.8077349975625
241779,1,1,2,381.94465216590896
241788,1,1,4,0.42645458358136
241797,1,1,6,408.6201453156539
241802,1,1,10,460.22428865497784
241810,1,1,9,426.80120501874677
241822,1,1,10,292.4102065962556
241845,1,1,9,859.3256870878407
241868,1,1,1,477.68097990075233
241870,1,1,5,0.42645457969393247
241873,1,1,6,544.4347457461515
241879,1,1,4,0.42645458358136
241900,1,1,4,0.42645458358136
241904,1,1,2,422.73820524212834
241909,1,1,4,0.42645458358136
241920,1,1,9,581.145707407241
241927,1,1,5,0.42645457969393247
241951,1,1,6,807.2149699868099
241952,1,1,9,442.7161195563958
241961,1,1,10,279.7138691170677
241968,1,1,5,0.42645457969393247
241972,1,1,7,170.54085284662466
241973,1,1,5,0.42645457969393247
241979,1,1,10,655.3667220928291
241989,1,1,4,0.42645458358136
241990,1,1,10,339.35189724859
242015,1,1,6,185.2876663085053
242044,1,1,1,621.8209285318455
242047,1,1,5,0.42645457969393247
242050,1,1,3,77.20653361467869
242066,1,1,4,0.42645458358136
242076,1,1,5,0.42645457969393247
242093,1,1,8,840.6154471167671
242100,1,1,9,432.1764569639795
242118,1,1,10,650.9690549106264
242141,1,1,6,175.36125146737973
242146,1,1,6,649.4245752479351
242168,1,1,4,0.42645458358136
242171,1,1,9,434.2134012591678
242173,1,1,4,0.4264545919581291
242177,1,1,9,636.1162789518839
242180,1,1,7,58.5240081796389
242237,1,1,9,700.4851963280378
242245,1,1,8,867.9583630371251
242255,1,1,4,0.42645458358136
242257,1,1,9,697.9121537770425
242263,1,1,9,886.4364365831409
242268,1,1,10,455.0666243694106
242269,1,1,7,124.50975872843892
242284,1,1,6,303.41807090036866
242286,1,1,10,198.96244204075876
242303,1,1,9,566.9635183747985
242304,1,1,6,464.41952633757546
242320,1,1,6,270.1763585084414
242323,1,1,10,718.5941703811565
242328,1,1,9,349.37533832143015
242334,1,1,1,727.3419971481975
242338,1,1,2,269.1119502132939
242364,1,1,1,695.7557083807703
242376,1,1,9,594.9946636226182
242390,1,1,9,87.95618079428465
242394,1,1,6,735.9439402917567
242399,1,1,9,761.6067080323623
242416,1,1,8,607.1767857614036
242419,1,1,4,0.42645458358136
242420,1,1,8,460.2136204457054
242435,1,1,8,639.1394212472386
242436,1,1,10,714.7137610542834
242456,1,1,9,375.70177441525743
242472,1,1,4,0.42645458358136
242483,1,1,7,53.311792413983305
242495,1,1,10,459.6188469706438
242496,1,1,9,282.455611828279
242499,1,1,10,718.449421813439
242502,1,1,1,261.47851470490775
242507,1,1,3,77.56461194567436
242510,1,1,8,538.4371831982712
242513,1,1,7,162.14373492119495
242517,1,1,10,637.0811094215786
242525,1,1,6,486.3796866402334
242549,1,1,5,0.42645457969393247
242550,1,1,1,705.855068464992
242556,1,1,5,0.42645457969393247
242570,1,1,3,80.46312497224113
242584,1,1,8,837.5528480493217
242588,1,1,1,433.0573603683312
242602,1,1,5,0.42645457969393247
242605,1,1,9,329.3916837946361
242637,1,1,6,215.25004653678562
242653,1,1,5,0.42645457969393247
242655,1,1,6,543.1329317383719
242675,1,1,9,125.20759479702261
242719,1,1,4,0.42645458358136
242721,1,1,9,523.3879518649329
242729,1,1,4,0.42645458358136
242734,1,1,2,353.2041700276673
242753,1,1,8,267.86381825829255
242771,1,1,9,458.1665858190029
242775,1,1,5,0.42645457969393247
242780,1,1,8,938.5611306538613
242789,1,1,4,0.42645458358136
242791,1,1,1,717.6177530756332
242809,1,1,8,438.79306532146387
242819,1,1,5,0.42645456789925423
242822,1,1,5,0.42645456789925423
242825,1,1,10,275.1808820934559
242834,0,1,0,0.09717467301050005
242840,1,1,4,0.42645458358136
242843,1,1,9,862.7258413410723
242845,1,1,5,0.42645457969393247
242853,1,1,3,93.40755831400413
242855,1,1,6,746.9024808200932
242860,1,1,1,379.5717950318453
242873,1,1,2,252.4515870329224
242881,1,1,9,777.3477702949587
242886,1,1,8,899.5572617781608
242891,1,1,6,229.9687945881675
242897,1,1,3,88.68923239762921
242899,1,1,8,657.49022208088
242910,1,1,9,281.9376266052664
242914,1,1,6,807.0221993754119
242927,1,1,4,0.42645458358136
242931,1,1,9,801.4454307427598
242933,1,1,9,730.3978567966744
242955,1,1,5,0.42645457969393247
242957,1,1,5,0.42645457969393247
242961,1,1,8,136.50696134120187
242970,1,1,8,272.3584505192518
242974,1,1,2,318.39686759821063
242991,1,1,4,0.42645458358136
243002,1,1,5,0.42645457969393247
243007,1,1,4,0.42645458358136
243012,1,1,5,0.42645457969393247
243024,1,1,1,583.2016463450524
243048,1,1,5,0.42645457969393247
243051,1,1,5,0.42645456789925423
243053,1,1,6,618.0170106595693
243055,1,1,10,553.5332798763559
243058,1,1,6,790.6773155483222
243068,1,1,5,0.42645457969393247
243074,1,1,9,652.878567615471
243077,1,1,10,720.1315809564683
243089,1,1,1,543.3387982003718
243090,1,1,8,784.169958086351
243095,1,1,5,0.42645457969393247
243101,1,1,10,304.1964634601989
243107,1,1,10,538.03996965815
243127,1,1,5,0.42645457969393247
243146,1,1,9,396.24892271780044
243188,1,1,5,0.42645457969393247
243211,1,1,1,556.6948090688734
243226,1,1,9,751.2397051189521
243249,1,1,9,436.05990021745765
243250,1,1,6,741.8797367582688
243254,1,1,1,541.5550669567156
243264,1,1,9,429.2706621851364
243278,1,1,4,0.42645458358136
243296,1,1,1,523.5967482830995
243310,1,1,5,0.42645457969393247
243334,1,1,10,116.9995982898692
243367,1,1,5,0.42645457969393247
243371,1,1,2,67.8459986870131
243373,1,1,6,534.9149987063645
243374,1,1,10,678.937337082364
243375,1,1,4,0.42645458358136
243379,1,1,9,681.1675394433383
243387,1,1,6,764.3878440406908
243388,1,1,2,384.5788197841287
243414,1,1,3,80.6482496743872
243422,1,1,7,138.24012589700055
243423,1,1,5,0.42645457969393247
243425,1,1,10,434.25081116727654
243429,1,1,8,684.3223819391142
243440,1,1,7,159.16847566198578
243456,0,1,0,0.11585426434648122
243462,1,1,5,0.42645457969393247
243468,1,1,5,0.42645457969393247
243471,1,1,6,789.8777081741731
243478,1,1,6,524.3733116345528
243489,1,1,8,770.5433801593218
243515,1,1,8,757.2471654205057
243519,1,1,5,0.42645457969393247
243523,1,1,5,0.42645457969393247
243560,1,1,5,0.42645457969393247
243566,1,1,3,88.71637218095623
243582,1,1,2,370.3579192061406
243593,1,1,9,869.0358902429883
243607,1,1,4,0.42645458358136
243610,1,1,10,479.3921989996468
243613,1,1,7,123.30219559316713
243627,1,1,8,797.8875425237215
243630,1,1,4,0.42645458358136
243633,1,1,8,418.6749333818752
243639,1,1,8,780.9832247250863
243671,1,1,1,527.2790173178487
243675,1,1,6,686.2272632001569
243686,1,1,5,0.42645457969393247
243693,0,1,0,0.1149056967240824
243699,0,1,0,0.12301141401777563
243714,1,1,9,264.8346607626985
243719,1,1,8,758.003583303865
243739,1,1,4,0.42645458358136
243745,1,1,6,181.8320372626263
243749,1,1,8,561.2107783994895
243752,1,1,6,417.4592131312897
243757,1,1,6,461.85023145889835
243763,1,1,4,0.42645458358136
243772,1,1,8,171.07228698755503
243780,1,1,9,714.2996305335738
243785,1,1,2,169.0574954962766
243793,1,1,6,232.9236211758332
243795,1,1,9,446.72278529061185
243821,1,1,1,383.39622990847886
243823,1,1,9,312.88555283505787
243828,1,1,8,184.3454178532364
243846,1,1,9,665.3337888282138
243851,1,1,6,809.9200344269406
243869,1,1,9,614.5304574215911
243875,1,1,8,525.5311615219862
243880,1,1,8,773.3580160980227
243888,1,1,10,323.67355244839416
243912,1,1,7,112.09711129434862
243927,1,1,5,0.42645457969393247
243928,1,1,5,0.42645457969393247
243942,1,1,6,431.20167783363985
243951,1,1,4,0.42645457969393247
243988,1,1,8,684.6122468299843
243996,1,1,7,154.5165273835433
244000,1,1,9,373.45750348925947
244005,1,1,5,0.42645457969393247
244008,1,1,9,834.8556398764739
244016,1,1,6,368.38843595663917
244033,1,1,3,37.4483998918706
244053,1,1,9,725.5902552234063
244056,1,1,1,722.9253541950029
244061,1,1,10,261.56670312940685
244064,1,1,1,361.52978785496924
244067,1,1,6,409.07041158886364
244077,1,1,1,604.3929625707045
244099,1,1,6,777.9953762504836
244113,1,1,8,735.9595497669717
244126,1,1,10,723.0741952301875
244143,1,1,10,385.4730323072207
244158,1,1,4,0.42645458358136
244159,1,1,6,372.7537462303912
244161,1,1,2,356.28105278652913
244171,1,1,2,440.5739964321725
244188,1,1,1,697.1033770357823
244213,1,1,6,487.52035863628817
244226,1,1,4,0.42645458358136
244229,1,1,9,779.2236864630788
244238,1,1,8,811.3712806931869
244241,1,1,7,156.48532079273775
244242,1,1,10,435.7131080672764
244255,1,1,4,0.42645458358136
244266,1,1,10,720.1575342351756
244272,1,1,8,728.2950227302998
244284,1,1,6,451.2123407052466
244286,1,1,8,271.6037046090165
244315,1,1,10,139.0163710982342
244322,1,1,7,172.07995487845227
244340,1,1,4,0.42645458358136
244351,1,1,7,161.83044855507626
244355,1,1,5,0.42645456789925423
244357,1,1,1,230.04988151513905
244364,0,1,0,0.11092022593121885
244370,1,1,10,411.40408023466335
244391,1,1,5,0.42645457969393247
244397,1,1,4,0.42645458358136
244398,1,1,7,65.57526685118374
244405,1,1,9,459.82726723834594
244407,1,1,5,0.42645457969393247
244420,1,1,4,0.42645458358136
244425,1,1,4,0.42645458358136
244437,1,1,6,797.4373893105926
244453,1,1,6,267.87529464699344
244469,1,1,8,746.5483589856589
244499,1,1,7,128.28646102329682
244508,1,1,10,271.15471978377246
244526,1,1,5,0.42645457969393247
244543,1,1,1,392.080486883791
244544,1,1,4,0.42645457969393247
244558,1,1,6,587.8441459615522
244562,1,1,7,163.91033378694092
244565,1,1,6,276.9875407082884
244568,1,1,6,306.89503767602486
244574,1,1,10,485.1399090571419
244594,1,1,4,0.42645458358136
244605,1,1,10,390.7330885044485
244606,1,1,10,404.3431173529403
244611,1,1,3,77.23933201049135
244615,1,1,8,310.3744888802437
244617,1,1,10,557.9642867678887
244621,1,1,7,156.9725812782147
244622,1,1,5,0.42645457969393247
244632,1,1,8,445.31921797594083
244635,1,1,5,0.42645456789925423
244657,1,1,4,0.42645458358136
244664,1,1,8,168.08677050729918
244666,1,1,2,85.35678647706587
244691,1,1,3,45.95597810717248
244702,1,1,6,444.3255910463482
244706,1,1,6,321.2444321981092
244727,1,1,1,488.03246126198854
244731,1,1,7,89.7807249913184
244734,1,1,9,92.35951125843508
244737,1,1,4,0.42645458358136
244754,1,1,9,676.2400107100042
244790,1,1,5,0.42645457969393247
244817,1,1,3,92.01763837964268
244823,1,1,3,81.01108394724582
244837,1,1,9,816.9089659988363
244843,1,1,10,580.6450354288644
244849,1,1,10,320.0676540587656
244850,1,1,8,213.4713711279869
244854,1,1,6,789.0007781087635
244856,1,1,9,515.3159823410597
244875,1,1,6,458.7378427427316
244890,1,1,5,0.42645457969393247
244895,1,1,3,89.90289339057297
244905,1,1,7,120.66988976169706
244914,1,1,3,53.7532388069356
244922,1,1,8,464.25392591328296
244924,1,1,10,687.8494204921592
244933,1,1,9,475.0204191949341
244949,1,1,5,0.42645457969393247
244961,1,1,4,0.42645458358136
244962,0,1,0,0.12879347462111487
244972,1,1,4,0.4264545919581291
244977,1,1,8,812.5231265554362
244985,1,1,9,732.2235370005503
244991,1,1,6,680.6559661178673
245009,1,1,2,475.5853631489192
245012,1,1,7,140.71223653225218
245040,1,1,9,558.6445285438543
245048,1,1,6,787.4616688885255
245086,1,1,3,84.08659079299183
245096,1,1,10,678.591137177396
245105,1,1,8,397.4991830604032
245106,1,1,1,733.709541168211
245113,1,1,8,365.0676796916236
245114,1,1,8,443.8493496723666
245128,1,1,4,0.42645458358136
245135,1,1,9,125.14927027774215
245136,1,1,2,342.7704510598355
245147,1,1,9,566.3714096031165
245162,1,1,5,0.42645457969393247
245169,1,1,7,159.24891505128926
245176,1,1,10,419.5539471080517
245182,1,1,9,471.410796834188
245190,1,1,9,824.5619109418391
245193,1,1,2,483.0015033353042
245198,1,1,10,341.94220660082175
245203,1,1,2,371.7088121772957
245229,1,1,4,0.42645458358136
245230,1,1,9,406.87115451101965
245233,1,1,1,190.1654872349846
245257,1,1,4,0.42645458358136
245265,1,1,4,0.42645458358136
245272,1,1,2,286.2578673138897
245285,1,1,4,0.4264545919581291
245291,1,1,8,172.98040768104295
245293,1,1,1,237.53048112646542
245304,1,1,3,88.05222668871541
245310,1,1,5,0.42645457969393247
245313,1,1,3,88.58921750809938
245316,1,1,9,569.5404367044047
245321,1,1,1,223.22255140717445
245323,1,1,9,565.7780700688022
245337,1,1,8,641.8377784812994
245340,1,1,4,0.42645458358136
245365,1,1,10,260.68852212808116
245371,1,1,6,791.636737197341
245375,1,1,6,687.8822146237202
245391,1,1,6,618.6437458079428
245395,1,1,6,421.0394106140313
245397,1,1,10,291.36974420496557
245405,1,1,5,0.42645457969393247
245409,1,1,9,321.5689043234338
245414,1,1,3,64.84477876250342
245439,1,1,8,855.3865580157878
245470,1,1,5,0.42645457969393247
245471,1,1,9,762.5678666966753
245473,1,1,9,855.6025119273805
245475,1,1,4,0.42645458358136
245477,1,1,9,764.6210141528279
245479,1,1,10,462.5587325366718
245492,1,1,9,764.2813380836305
245496,1,1,5,0.42645457969393247
245499,1,1,4,0.42645458358136
245511,1,1,2,480.67690360559345
245550,1,1,9,466.6529527812377
245561,1,1,2,232.85534602670512
245582,1,1,9,868.2729588348925
245594,1,1,8,390.5135358094562
245602,1,1,7,99.29898104132133
245614,1,1,1,758.9304965857001
245617,1,1,8,138.16610206515966
245625,1,1,8,641.7735199408942
245627,1,1,10,674.514430780491
245633,1,1,9,835.9930823670089
245637,1,1,1,762.9696225858993
245646,1,1,5,0.42645457969393247
245651,1,1,10,426.6409489887674
245653,1,1,9,844.8086154448745
245666,1,1,7,167.99583725774727
245668,1,1,6,587.8308833265979
245670,1,1,9,848.4767849242876
245681,1,1,6,442.8845410319517
245687,1,1,9,619.6591487309016
245698,1,1,5,0.42645457969393247
245699,1,1,8,339.79925927177595
245704,1,1,6,175.80734161641675
245711,1,1,5,0.42645457969393247
245714,1,1,5,0.42645457969393247
245716,1,1,5,0.42645457969393247
245718,1,1,5,0.42645457969393247
245723,1,1,10,705.1059261943306
245738,1,1,6,748.6096641431183
245739,1,1,3,92.80035347314617
245752,1,1,8,350.6616686828317
245776,1,1,9,808.4344782096625
245778,1,1,8,154.38736233962965
245799,1,1,6,790.4853563809886
245810,1,1,1,491.43114559002424
245811,1,1,9,149.90628394804108
245826,1,1,6,545.3210747489863
245827,1,1,10,613.3091644629094
245847,1,1,5,0.42645457969393247
245859,1,1,9,547.9222149212959
245870,1,1,6,410.91584129798446
245871,1,1,10,321.13861675009076
245879,1,1,5,0.42645457969393247
245887,1,1,5,0.42645457969393247
245893,1,1,6,786.9793845720819
245894,1,1,4,0.42645458358136
245899,1,1,9,245.47323824355428
245904,1,1,9,875.1895019386933
245916,1,1,6,586.3315253487584
245931,1,1,4,0.42645458358136
245937,1,1,8,813.2055691921455
245961,1,1,9,470.4077742886522
245974,1,1,9,603.3008287582345
245978,1,1,9,252.05321496361407
245984,1,1,5,0.42645457969393247
245997,1,1,6,774.2200560956156
246000,1,1,8,593.7623405121525
246001,1,1,2,454.9774475005081
246012,1,1,6,787.6368649133159
246014,1,1,4,0.42645458358136
246023,1,1,6,491.6128516581837
246035,1,1,5,0.42645457969393247
246038,1,1,8,878.1982412041372
246045,1,1,9,427.4321562000754
246071,1,1,8,829.9515261004547
246073,1,1,6,349.2883572362297
246074,1,1,5,0.42645456789925423
246078,1,1,8,729.6396965935314
246079,1,1,9,708.2616539789079
246134,1,1,4,0.42645458358136
246140,1,1,1,433.64113422953426
246142,1,1,5,0.42645457969393247
246159,1,1,6,780.8896319348235
246194,1,1,10,701.2939633760421
246215,1,1,2,267.8433849142922
246218,0,1,0,0.14871223199509626
246236,1,1,8,774.4562328395533
246254,1,1,10,208.92216871649956
246277,1,1,6,383.6857307963902
246285,1,1,5,0.42645457969393247
246289,1,1,10,184.6624072271047
246324,1,1,2,263.8193495023299
246326,1,1,9,127.15000023989849
246350,1,1,5,0.42645457969393247
246351,1,1,4,0.42645458358136
246352,1,1,6,632.2699500699193
246370,1,1,5,0.42645457969393247
246372,1,1,8,136.64565697186148
246383,1,1,7,28.566575542168916
246385,1,1,4,0.42645458358136
246391,1,1,5,0.42645457969393247
246412,1,1,5,0.42645457969393247
246430,1,1,8,213.59435200928394
246434,1,1,6,762.4092413937555
246442,1,1,6,183.8000587989293
246443,1,1,6,137.0143132142626
246448,0,1,0,0.07117728858136577
246480,1,1,10,211.99608959119456
246501,1,1,5,0.42645456789925423
246504,1,1,9,408.25917386530904
246506,1,1,10,543.0672464899255
246508,1,1,9,196.9119104806341
246513,1,1,6,202.63067464510604
246524,1,1,1,370.11182732559115
246529,1,1,6,808.1373262422738
246534,1,1,9,877.4100664487407
246545,1,1,8,480.4632335860511
246582,1,1,1,719.4390273919462
246596,1,1,5,0.42645457969393247
246604,1,1,9,564.4753625322991
246615,1,1,10,194.82368940121873
246642,1,1,8,357.2315909568001
246649,1,1,1,323.2500473108118
246656,1,1,9,471.21029836368314
246657,1,1,8,618.4545569938365
246662,1,1,4,0.42645458358136
246685,1,1,5,0.42645457969393247
246697,1,1,4,0.42645458358136
246710,1,1,6,345.74945215981705
246735,1,1,2,260.3024951459375
246757,1,1,10,198.11158428177694
246759,1,1,5,0.42645457969393247
246783,1,1,6,430.25271469196423
246785,1,1,10,164.4251222020735
246792,1,1,3,77.12027329797677
246798,1,1,2,107.35794185913217
246816,1,1,9,263.35537484430785
246835,1,1,4,0.42645458358136
246843,1,1,8,610.7976410097136
246846,1,1,9,285.2746740186178
246850,1,1,10,626.223214285732
246857,1,1,8,127.02988920700223
246858,1,1,4,0.42645458358136
246871,1,1,4,0.42645458358136
246874,1,1,9,867.733415167456
246884,1,1,6,718.1783696774942
246891,1,1,4,0.42645458358136
246910,1,1,8,459.76067880517706
246941,1,1,9,385.17744344945476
246953,1,1,10,386.2475797428824
247027,1,1,8,226.41421562200821
247036,1,1,4,0.42645458358136
247044,1,1,5,0.42645457969393247
247057,1,1,10,122.90052744526224
247060,1,1,6,408.56155664438415
247076,1,1,4,0.42645458358136
247098,1,1,6,577.7044699630303
247121,1,1,4,0.42645458358136
247124,1,1,6,210.46809562173473
247129,1,1,2,142.39469994261336
247141,1,1,2,236.64001027552206
247171,1,1,10,618.482822693891
247183,1,1,4,0.42645458358136
247184,1,1,6,803.940736938621
247189,1,1,10,722.1355256502663
247192,1,1,2,428.13799162090214
247200,1,1,10,522.5754373509099
247215,1,1,9,370.3837035086934
247236,1,1,9,785.2504421116328
247240,1,1,9,179.74232283962098
247250,1,1,9,496.80195762767306
247258,1,1,8,798.8919582851596
247280,1,1,8,690.7520425966534
247301,1,1,5,0.42645457969393247
247305,1,1,7,168.39883348817278
247309,1,1,9,608.5205657271268
247329,1,1,9,595.4292747894485
247343,1,1,2,391.22268565506033
247347,1,1,7,84.51224003454016
247349,1,1,9,237.49335138476818
247367,1,1,4,0.42645458358136
247373,1,1,8,641.9944410063773
247404,1,1,7,151.7605840121066
247414,1,1,8,258.68842208909825
247415,1,1,10,244.1868169108736
247450,1,1,6,706.9288574193341
247453,1,1,5,0.42645457969393247
247462,1,1,1,396.43167439247543
247465,1,1,8,868.1936575259492
247490,1,1,9,884.369569700216
247498,1,1,9,487.01860451534486
247504,1,1,8,236.2883153634507
247510,1,1,6,160.30152239990443
247516,1,1,5,0.42645457969393247
247529,1,1,9,638.9325553176324
247541,1,1,5,0.42645457969393247
247551,1,1,4,0.42645458358136
247552,1,1,6,629.3159901820961
247554,1,1,9,512.0602619279102
247572,1,1,8,595.2648054354735
247577,1,1,10,152.9841536453344
247591,1,1,5,0.42645457969393247
247598,1,1,10,595.1850403982388
247601,1,1,8,799.9488295836129
247620,1,1,9,326.19530904420276
247634,1,1,5,0.42645457969393247
247658,1,1,10,481.5224744687043
247666,1,1,3,50.0513221367483
247670,1,1,6,714.1493902070771
247671,1,1,1,280.93357799228
247673,1,1,8,519.0468881217348
247675,1,1,4,0.42645458358136
247677,1,1,9,845.9449648290171
247678,1,1,5,0.42645457969393247
247689,1,1,5,0.42645457969393247
247702,1,1,9,479.446018944566
247708,1,1,10,237.22097898411883
247725,1,1,9,470.30433198070114
247727,1,1,5,0.42645457969393247
247751,1,1,2,439.3880055394449
247767,1,1,2,272.4128859800062
247772,1,1,6,391.6783313283309
247792,1,1,8,633.9864380517917
247793,1,1,2,100.8735893635144
247808,0,1,0,0.15143892999614875
247811,1,1,9,184.8051708608614
247819,1,1,4,0.42645457969393247
247834,1,1,7,168.910876046337
247872,1,1,5,0.42645457969393247
247877,1,1,4,0.42645458358136
247880,1,1,7,157.94229295358153
247891,1,1,4,0.42645458358136
247892,1,1,2,243.98203808983166
247893,1,1,10,516.1936985198386
247896,1,1,4,0.42645458358136
247897,1,1,8,626.220856283292
247898,1,1,6,658.5284652920635
247948,1,1,5,0.42645457969393247
247971,1,1,7,38.65659890554671
248008,1,1,9,473.98051069885406
248013,1,1,5,0.42645457969393247
248021,1,1,5,0.42645457969393247
248026,1,1,7,171.39382978432823
248039,1,1,6,448.71111861996417
248059,1,1,9,165.95271741525326
248070,1,1,5,0.42645457969393247
248076,1,1,1,611.6139385566139
248113,1,1,9,513.5487897310896
248114,1,1,9,794.887697647984
248119,1,1,7,134.84720645441195
248132,1,1,9,563.8747392646633
248153,1,1,9,136.7845981425799
248174,1,1,6,230.12025780603685
248176,1,1,7,123.12957806364668
248177,0,1,0,0.13185438532434107
248199,1,1,8,402.04776836724915
248224,1,1,4,0.42645458358136
248226,1,1,10,723.350155226194
248229,1,1,5,0.42645457969393247
248238,1,1,8,935.9442772226489
248255,1,1,6,212.76877750583364
248275,1,1,9,695.8368327393366
248280,1,1,8,857.4226045966335
248289,1,1,8,947.4627970748486
248291,1,1,9,855.2125711008811
248294,1,1,8,470.88602726963245
248304,1,1,10,162.56772706039513
248307,1,1,4,0.4264545919581291
248308,1,1,4,0.4264545919581291
248317,1,1,6,793.2649544946642
248324,1,1,10,352.4714628014168
248327,1,1,6,619.7010753652187
248377,1,1,4,0.42645458358136
248401,1,1,10,721.0690322266196
248413,1,1,4,0.42645458358136
248419,1,1,5,0.42645457969393247
248425,1,1,5,0.42645457969393247
248437,1,1,7,158.86334775655683
248444,1,1,1,230.71456825619606
248451,1,1,8,526.315940180232
248456,1,1,6,178.30189262614803
248465,1,1,6,300.6199436780881
248470,1,1,4,0.42645458358136
248474,1,1,7,52.42461992252244
248480,1,1,7,73.35654842268659
248503,1,1,9,593.3981854252245
248506,1,1,9,729.0024529469314
248518,1,1,7,147.68837591715143
248531,1,1,1,558.2274598143557
248539,1,1,6,430.65938085523277
248547,1,1,4,0.42645458358136
248549,1,1,10,575.106336558204
248551,1,1,9,612.7657611107279
248572,1,1,7,31.30622719098421
248579,1,1,3,70.14344144852181
248601,1,1,5,0.42645457969393247
248604,1,1,5,0.42645457969393247
248609,1,1,4,0.42645458358136
248630,1,1,8,159.04689728211986
248637,1,1,5,0.42645456789925423
248639,1,1,10,600.543818684433
248642,1,1,1,654.4560431890196
248675,1,1,10,175.85262354744515
248676,1,1,10,443.51303289680163
248684,1,1,4,0.42645458358136
248689,1,1,5,0.42645457969393247
248704,1,1,8,337.60298822043745
248733,1,1,1,657.7985311344831
248736,1,1,7,145.98759715942043
248750,1,1,7,101.73161287497291
248756,1,1,8,811.1178347541755
248760,1,1,10,521.4518642850986
248772,1,1,5,0.42645457969393247
248784,1,1,10,115.26482698888255
248811,1,1,4,0.42645458358136
248814,1,1,9,864.6313131285572
248815,1,1,10,668.77213191114
248824,1,1,6,637.5511181098054
248831,1,1,9,277.3216822818899
248833,1,1,10,304.2377082100175
248837,1,1,9,509.9758446084571
248868,1,1,4,0.42645458358136
248921,1,1,10,460.2025320874338
248936,1,1,9,24.893386746013235
248951,1,1,4,0.42645458358136
248957,1,1,6,618.2820566014914
248958,1,1,9,529.5583765482337
248962,1,1,4,0.42645458358136
248963,1,1,8,875.601719513251
248966,1,1,7,152.83483320803455
248968,1,1,4,0.42645458358136
248971,1,1,2,289.1353183400951
248980,1,1,8,581.8307658717229
248985,1,1,5,0.42645457969393247
248986,1,1,5,0.42645457969393247
248997,1,1,8,127.24097415713565
248999,1,1,8,701.1558431585697
249036,1,1,7,60.784783263213036
249041,1,1,10,720.2473130639945
249068,1,1,10,337.1074016114186
249075,1,1,1,610.5345363768588
249080,1,1,3,80.42725788115739
249089,1,1,7,163.66092182506426
249101,1,1,9,622.7873762565085
249121,1,1,3,87.77227365022605
249124,1,1,6,688.4481763236239
249128,1,1,8,869.0745757562039
249135,1,1,7,174.206022873316
249143,1,1,1,168.42671739628975
249149,1,1,7,70.24639945722025
249150,1,1,9,442.57677779914656
249157,1,1,4,0.42645458358136
249161,1,1,5,0.42645457969393247
249173,1,1,8,278.75016842108494
249183,1,1,3,53.26059121593315
249189,1,1,10,665.7912457925482
249203,1,1,10,717.8131384362504
249222,1,1,2,473.0183613477909
249241,1,1,7,173.06852282659838
249264,1,1,9,817.8056414202708
249270,1,1,2,99.33934546551455
249282,1,1,6,646.2645265101769
249293,1,1,2,283.21103806172067
249306,1,1,6,589.8298032055532
249313,1,1,6,783.0313149003917
249325,1,1,8,578.7892453946362
249337,1,1,5,0.42645457969393247
249339,1,1,10,167.32476597388782
249348,1,1,9,646.2430558651671
249353,1,1,9,711.5112333085459
249365,1,1,10,215.30488461118048
249386,1,1,2,191.326824811693
249414,1,1,9,578.9009892122862
249442,1,1,7,26.344256440667806
249448,1,1,2,383.9599499271418
249458,1,1,6,476.71581553339087
249463,1,1,6,709.4924275469402
249475,1,1,5,0.42645457969393247
249486,1,1,10,135.0554598019119
249488,1,1,9,823.1895479509093
249495,1,1,9,570.2618516784624
249499,1,1,9,235.90013208009105
249516,1,1,10,138.82066013930526
249520,1,1,7,140.44517358304626
249537,1,1,8,362.47600270066425
249544,1,1,9,862.0504872644699
249562,1,1,6,540.8541992472354
249584,1,1,9,871.3260415608925
249602,1,1,10,698.2131681915212
249611,1,1,6,797.8652212086022
249618,1,1,8,847.3246773606005
249627,1,1,5,0.42645457969393247
249672,1,1,8,410.7367863788539
249682,1,1,4,0.42645458358136
249704,1,1,5,0.42645457969393247
249716,1,1,4,0.4264545919581291
249735,1,1,5,0.42645456789925423
249771,1,1,9,729.447859685435
249774,1,1,10,669.0030961940571
249812,1,1,2,201.3787334400905
249813,1,1,5,0.42645457969393247
249833,1,1,1,407.0540952168234
249837,1,1,2,349.4122122472171
249841,1,1,4,0.42645458358136
249855,1,1,5,0.42645457969393247
249858,1,1,5,0.42645457969393247
249861,1,1,10,90.59771487448972
249867,1,1,8,763.5156463811405
249903,1,1,2,284.03414198735516
249910,1,1,9,592.6273434185356
249911,1,1,10,459.1347481057256
249917,1,1,4,0.42645458358136
249932,1,1,9,659.9524188332775
249946,1,1,1,541.6538067686058
249959,1,1,9,709.5492753688911
250007,1,1,7,154.21191219555953
250024,1,1,5,0.42645457969393247
250025,1,1,10,269.8670381234706
250040,1,1,9,328.3201104884409
250042,1,1,9,164.77324218721793
250057,1,1,6,774.0516989483348
250068,1,1,9,465.00542754267826
250069,1,1,5,0.42645457969393247
250080,1,1,6,246.69052761203247
250085,1,1,1,736.6867892045397
250086,1,1,10,426.69828834705334
250096,1,1,9,676.1409083558788
250099,1,1,6,448.32676700176785
250106,1,1,5,0.42645456789925423
250149,1,1,8,923.9327063990125
250150,1,1,8,802.6840689784914
250154,1,1,5,0.42645457969393247
250162,1,1,6,772.3705735393404
250169,1,1,8,224.87003646570028
250171,1,1,4,0.42645458358136
250182,1,1,2,47.560740147836846
250187,1,1,6,526.3901299558567
250202,1,1,8,427.70939649457114
250217,1,1,6,524.5812720239425
250223,1,1,10,244.48719182886833
250228,1,1,4,0.42645458358136
250229,1,1,2,290.5790086799287
250247,1,1,5,0.42645457969393247
250249,1,1,1,749.2123795895379
250250,1,1,6,448.7312314501747
250254,1,1,8,850.1796472312559
250255,1,1,5,0.42645457969393247
250267,1,1,9,457.2615398890438
250284,1,1,10,590.0282016291783
250309,1,1,3,38.33595030200106
250314,1,1,4,0.42645458358136
250330,1,1,9,547.4800520457335
250384,1,1,10,503.0975170712998
250410,1,1,8,534.2878000245513
250449,1,1,9,64.95585339399842
250456,1,1,9,229.49528652338063
250467,1,1,4,0.42645458358136
250480,1,1,6,459.1446566772534
250485,1,1,6,454.97309535752646
250494,0,1,0,0.14983875448917017
250510,1,1,1,659.6594219851964
250513,1,1,9,236.41952748250034
250514,1,1,6,662.3956713910906
250518,1,1,5,0.42645457969393247
250530,1,1,8,882.6247623377543
250554,1,1,5,0.42645457969393247
250559,1,1,6,322.27042862698914
250560,1,1,9,607.8098691159324
250600,1,1,3,90.730568852289
250622,1,1,7,146.2135751190296
250634,1,1,8,888.1941970833317
250637,1,1,9,865.2745745692268
250651,1,1,6,478.3568879014512
250659,1,1,8,566.7805178253416
250672,1,1,6,646.985068862849
250694,1,1,1,647.4272563967492
250704,1,1,1,530.5742535257141
250705,1,1,4,0.42645458358136
250710,1,1,6,401.17696414096054
250735,1,1,10,659.0547940169246
250740,1,1,5,0.42645457969393247
250748,1,1,10,442.02020136656483
250758,1,1,4,0.42645458358136
250785,1,1,7,81.89917239397917
250803,1,1,8,346.26157118027584
250811,1,1,6,560.3686747704407
250816,1,1,5,0.42645457969393247
250820,1,1,9,197.5156119375794
250821,1,1,9,116.37487842502928
250833,1,1,4,0.42645458358136
250843,1,1,9,608.0629814208872
250845,1,1,9,565.4506317577564
250846,1,1,5,0.42645456789925423
250852,1,1,9,395.9915944115043
250857,1,1,2,106.68044990856407
250860,1,1,4,0.42645458358136
250861,1,1,2,253.30206739188105
250876,1,1,9,577.3370029252542
250882,1,1,8,760.462985252615
250920,1,1,4,0.42645458358136
250922,0,1,0,0.2415995893700269
250923,1,1,9,261.3989666670631
250930,1,1,6,501.9735807381195
250979,1,1,9,337.55577422530973
250993,1,1,8,871.1223669739546
251011,1,1,1,608.4849552992041
251013,1,1,9,550.2586203841381
251014,1,1,7,139.60049053581912
251018,1,1,9,795.7496312251952
251031,1,1,8,316.4131929992153
251032,1,1,8,362.30078044503455
251038,1,1,5,0.42645457969393247
251049,1,1,9,220.01322951062483
251068,1,1,10,224.927763256401
251076,1,1,10,666.7886366749426
251077,1,1,5,0.42645457969393247
251082,1,1,6,739.679386044116
251096,1,1,4,0.42645458358136
251108,1,1,4,0.42645458358136
251118,1,1,9,614.9684774472435
251124,1,1,4,0.42645458358136
251130,1,1,5,0.42645457969393247
251131,1,1,3,90.05276515201533
251137,1,1,9,610.552240237043
251139,1,1,10,521.4369809668601
251167,1,1,4,0.42645458358136
251176,1,1,8,385.5496495056486
251183,1,1,5,0.42645457969393247
251191,1,1,7,157.65580954618585
251205,1,1,8,480.58975584630787
251206,1,1,1,322.8076651375547
251228,1,1,8,596.2208240347971
251239,1,1,10,577.5402683633779
251290,1,1,10,659.3001257273526
251301,1,1,9,476.8213594512846
251306,1,1,10,443.80230069163156
251314,1,1,9,385.98669940956427
251319,1,1,6,716.5456386630698
251323,1,1,10,459.28037731711044
251357,1,1,10,456.6999399738639
251361,1,1,6,658.6863906673842
251373,1,1,6,659.4128210553099
251382,1,1,4,0.42645458358136
251412,1,1,8,625.728191402096
251417,1,1,8,690.1747654968302
251422,1,1,5,0.42645457969393247
251423,1,1,5,0.42645457969393247
251442,1,1,6,535.6270792305135
251461,1,1,8,237.77661795982524
251475,1,1,8,457.11477270367743
251477,1,1,1,224.38163119829773
251480,1,1,1,527.3699267446177
251494,1,1,4,0.42645458358136
251518,1,1,1,493.70204828733904
251540,1,1,9,471.49375577145054
251543,1,1,4,0.4264545919581291
251549,1,1,9,680.7264271815483
251556,1,1,9,201.26813669127938
251563,1,1,4,0.42645458358136
251566,1,1,8,870.0898315528488
251568,1,1,3,91.00693000906031
251570,1,1,5,0.42645457969393247
251574,1,1,8,395.70239229106716
251587,1,1,5,0.42645457969393247
251596,1,1,5,0.42645457969393247
251599,1,1,8,666.5897192512656
251605,1,1,6,389.97280541174905
251607,1,1,4,0.42645458358136
251625,1,1,7,100.65508343611047
251640,1,1,1,251.57675997362003
251641,1,1,7,151.08213691073612
251671,1,1,2,461.601717725856
251689,1,1,10,234.38898919119885
251691,1,1,9,544.63370007099
251697,1,1,8,512.4587565701931
251706,1,1,8,465.7140786591169
251713,1,1,3,73.2017705042544
251730,1,1,3,86.88795513389591
251745,1,1,7,143.82575236837604
251747,1,1,5,0.42645457969393247
251758,1,1,8,762.9088144050951
251786,1,1,1,366.70805610594215
251790,1,1,9,610.166569029823
251795,1,1,7,129.046103750604
251798,1,1,7,151.57686608665915
251801,1,1,8,576.6754237484128
251818,1,1,6,748.7568339399928
251819,1,1,1,489.49432349818704
251834,1,1,5,0.42645456789925423
251846,1,1,8,378.0673826476373
251848,1,1,9,498.30317391008015
251862,1,1,6,373.630042305556
251868,1,1,4,0.42645458358136
251883,1,1,8,613.0814602142158
251891,1,1,7,115.95873919675283
251892,1,1,8,868.9812093488644
251899,1,1,4,0.42645458358136
251915,1,1,3,73.29877517452003
251954,1,1,6,802.5175646696509
251955,1,1,4,0.42645458358136
251956,1,1,6,691.390187873566
251964,1,1,9,873.6083883696753
251965,1,1,4,0.42645458358136
251972,1,1,8,470.01926515191525
251976,1,1,7,88.5773637048298
251980,1,1,9,711.7815195770544
251981,1,1,8,569.4758330870461
251983,1,1,8,593.5603506755867
251988,1,1,10,426.1983390260267
251990,1,1,5,0.42645457969393247
251991,1,1,10,388.5848283273275
252037,1,1,9,635.180216711159
252045,1,1,4,0.42645458358136
252046,1,1,8,549.4203287613966
252052,1,1,9,662.5522487400724
252071,1,1,10,663.1846707086498
252088,1,1,5,0.42645457969393247
252103,1,1,1,601.9385698682355
252105,1,1,2,434.89617382850196
252111,1,1,6,721.4537340254095
252116,1,1,9,526.3914131099021
252120,1,1,10,598.5127964745066
252131,1,1,9,771.9872250372457
252136,0,1,0,0.16230718712111541
252138,1,1,5,0.42645457969393247
252140,1,1,4,0.42645458358136
252162,1,1,6,737.4790979595565
252166,1,1,10,659.3631464650514
252181,1,1,6,667.9619144098729
252186,1,1,2,464.16615701142393
252187,1,1,1,595.6893548347604
252192,1,1,8,861.8723762085427
252204,1,1,5,0.42645457969393247
252206,1,1,3,90.04204416914774
252217,1,1,3,56.5688114830254
252222,1,1,8,605.5016910957353
252262,1,1,9,813.3438981609278
252268,1,1,2,276.6440295546332
252273,1,1,10,339.29125206834345
252308,1,1,8,746.0424185911891
252337,1,1,4,0.42645458358136
252344,1,1,6,460.5241807785064
252364,1,1,1,570.690119024949
252370,1,1,4,0.42645458358136
252371,1,1,6,783.9117861657686
252377,1,1,10,498.9994702543368
252389,1,1,6,484.2238551163324
252396,1,1,6,498.30204753456354
252405,1,1,9,848.8960420809211
252418,1,1,5,0.42645457969393247
252426,1,1,8,354.1962200708102
252481,1,1,5,0.42645456789925423
252489,1,1,9,489.24337293616765
252493,1,1,6,500.91645450755135
252495,1,1,5,0.42645457969393247
252501,1,1,6,210.30634111696895
252503,1,1,4,0.42645458358136
252519,1,1,9,478.1612972599719
252542,1,1,6,529.6884202556369
252562,1,1,5,0.42645457969393247
252573,1,1,10,160.7001834270296
252577,1,1,5,0.42645457969393247
252591,1,1,9,344.11467535311755
252592,1,1,6,206.389279739041
252597,1,1,4,0.42645458358136
252601,1,1,2,400.44671880754686
252620,1,1,8,658.9026172472185
252622,1,1,6,541.8845585667093
252644,1,1,4,0.42645458358136
252648,1,1,10,344.2853730917319
252704,1,1,6,458.91210244800936
252714,1,1,9,316.29787272973357
252735,1,1,8,941.9288900225439
252743,1,1,10,585.9250568831833
252769,1,1,9,300.98858679670786
252772,1,1,6,444.62750535653555
252786,1,1,8,547.9274772364522
252817,1,1,8,610.6582323046651
252822,1,1,4,0.42645458358136
252832,1,1,10,460.8882751871461
252839,1,1,6,641.7076608051108
252841,1,1,8,150.34368478222342
252845,1,1,8,529.4110182322001
252848,1,1,7,150.13618785791266
252853,0,1,0,0.15922790014194693
252879,1,1,10,389.19297783081487
252882,1,1,6,647.1216637803536
252883,1,1,4,0.42645458358136
252905,1,1,7,140.5552366622565
252923,1,1,8,595.56330674896
252935,1,1,1,361.8468250361242
252939,1,1,10,346.81019720656604
252944,1,1,1,199.63351359847746
252960,1,1,5,0.42645457969393247
252961,1,1,2,473.89960297906316
252982,1,1,5,0.42645457969393247
252985,1,1,6,368.23245843621817
253028,1,1,5,0.42645457969393247
253052,1,1,8,806.7366166713921
253055,1,1,5,0.42645457969393247
253057,1,1,6,564.9449251905849
253063,1,1,9,799.6785077861626
253070,1,1,6,586.1337095510069
253078,1,1,2,369.8457665550934
253087,1,1,9,794.3105424066889
253100,1,1,8,722.3245218388493
253101,1,1,7,168.67002135407185
253104,1,1,8,407.7290507023916
253105,1,1,4,0.42645458358136
253125,1,1,8,159.6802372284291
253126,1,1,6,192.6684766905457
253151,1,1,6,741.0819426761778
253159,1,1,6,131.65324539492119
253168,1,1,9,706.8473173905802
253179,1,1,8,507.9291256369738
253181,1,1,6,222.4550857390328
253184,1,1,1,252.7660090474671
253186,1,1,8,578.6948820812192
253203,1,1,9,427.242284982354
253222,1,1,10,722.6554632625628
253225,1,1,2,269.1739989707544
253227,1,1,9,536.4980580258972
253236,1,1,3,76.5235340651486
253238,1,1,8,830.716638790619
253243,1,1,1,390.82066631717936
253247,1,1,8,887.8107987650882
253248,1,1,5,0.42645457969393247
253268,1,1,2,251.55193727548715
253282,1,1,6,377.8489586207701
253296,1,1,6,555.8334338994241
253298,1,1,4,0.42645458358136
253315,1,1,10,364.0801405435634
253323,0,1,0,0.18226337686661864
253353,1,1,10,541.063858001398
253354,1,1,6,806.5097049226973
253364,1,1,10,243.59557547482686
253378,1,1,6,382.67041357106666
253391,1,1,5,0.42645457969393247
253417,1,1,9,460.4446465616402
253423,1,1,7,149.08857644669837
253436,1,1,6,601.5920923206714
253447,1,1,9,586.8250374331013
253454,1,1,6,596.7179750969792
253465,1,1,5,0.42645457969393247
253469,1,1,7,114.86046809899035
253474,1,1,9,494.0221913744243
253484,1,1,3,81.68052712868803
253495,1,1,9,808.5970950674408
253513,1,1,8,479.97886392584195
253514,1,1,4,0.42645458358136
253516,1,1,4,0.42645458358136
253525,1,1,4,0.42645458358136
253534,1,1,8,711.5302534034839
253553,1,1,6,221.9460651433589
253564,1,1,6,792.5374736743355
253567,1,1,8,723.1466018998882
253573,1,1,2,314.6689899409757
253576,1,1,6,210.60299501848945
253579,1,1,9,583.2143543122994
253580,1,1,9,135.24054747804806
253586,1,1,2,277.9477809212061
253592,1,1,8,507.55656761087033
253630,1,1,9,861.6703000354119
253638,1,1,6,184.977170299284
253641,1,1,5,0.42645457969393247
253664,1,1,6,201.7002433917188
253665,1,1,5,0.42645457969393247
253677,1,1,9,302.5341508492589
253685,1,1,6,513.7989687077726
253691,1,1,8,636.8104865711485
253696,1,1,3,67.24473651887163
253704,1,1,1,237.24492554434974
253708,1,1,8,752.7874360674576
253719,1,1,10,297.0938175763318
253721,1,1,9,881.873933862809
253722,1,1,6,483.8934137384332
253727,1,1,5,0.42645457969393247
253741,1,1,4,0.42645458358136
253752,1,1,8,151.4886612646521
253755,1,1,9,429.3885459537317
253765,1,1,8,557.3837929493308
253766,1,1,9,609.8081451098053
253769,1,1,8,662.5880555188519
253775,1,1,4,0.42645458358136
253781,1,1,9,855.576549055503
253795,1,1,4,0.42645458358136
253801,1,1,8,374.00148006668917
253811,1,1,9,624.1992123183107
253815,1,1,9,880.539763963013
253816,1,1,9,195.04761087269873
253825,1,1,10,414.49938833977683
253838,1,1,10,647.0741341812274
253842,1,1,4,0.42645458358136
253853,1,1,9,468.94346259726035
253862,1,1,4,0.42645458358136
253872,1,1,8,946.6809712805195
253874,1,1,8,515.9003963274272
253879,1,1,9,808.4493921241938
253892,1,1,9,830.9460413981939
253897,1,1,9,674.0922061343366
253906,1,1,9,552.9401998156309
253923,1,1,1,450.1138767519713
253941,1,1,9,872.3538024933231
253942,1,1,8,781.6959698094244
253944,1,1,8,262.6616808469895
253966,1,1,3,61.44071485733753
253971,1,1,9,480.93796781768503
253974,1,1,9,867.062542758858
253977,1,1,9,565.9185804604956
253997,1,1,6,755.4561594165536
254001,1,1,3,66.63563503310668
254020,1,1,1,523.3113307850455
254021,1,1,9,418.6661420958225
254022,1,1,6,666.4690946057609
254028,1,1,7,78.16759332233879
254045,1,1,8,657.2166527259558
254054,1,1,1,468.8011340058852
254055,1,1,9,871.1877809659247
254058,1,1,9,671.6663208249975
254060,1,1,9,828.7854714271374
254061,1,1,7,132.16676339404145
254093,1,1,5,0.42645457969393247
254103,1,1,4,0.42645458358136
254107,1,1,8,205.21062534164957
254114,1,1,1,559.8581293891594
254125,1,1,4,0.42645458358136
254135,1,1,4,0.42645458358136
254142,1,1,10,718.5415402371673
254155,1,1,8,263.8116559066881
254171,1,1,7,164.13485305209622
254174,1,1,9,385.0021058680901
254207,1,1,6,801.887425460664
254214,1,1,5,0.42645457969393247
254228,1,1,4,0.42645458358136
254241,1,1,1,655.5427184067652
254254,1,1,10,135.4455250259601
254257,1,1,4,0.42645458358136
254265,1,1,6,784.6180385633918
254272,1,1,2,334.68843524164924
254281,1,1,9,375.9165477303904
254289,1,1,10,372.47634386095143
254290,1,1,9,594.1518119847087
254292,1,1,10,591.5639882349698
254308,1,1,2,212.39853328588782
254309,1,1,6,276.21941339432436
254325,1,1,4,0.42645458358136
254328,1,1,9,384.4775761380414
254334,1,1,5,0.42645457969393247
254336,1,1,4,0.42645458358136
254350,1,1,4,0.42645458358136
254352,1,1,4,0.42645458358136
254360,1,1,10,256.74132633977297
254366,0,1,0,0.1404388874581978
254378,1,1,4,0.42645458358136
254387,1,1,10,300.22346635974066
254388,1,1,8,593.8060604214678
254393,1,1,5,0.42645457969393247
254407,1,1,9,879.9470988423316
254415,1,1,6,492.06823187836335
254427,1,1,9,216.0744051067556
254439,1,1,2,164.16473986131479
254440,1,1,1,428.20440538892814
254445,1,1,9,856.911097379319
254446,1,1,6,714.0697112447544
254455,1,1,1,444.058834259158
254463,1,1,6,694.8170422982627
254470,1,1,6,468.6341357002925
254472,1,1,9,203.01924423667558
254485,1,1,9,700.0583220404565
254493,1,1,9,393.9723186358363
254500,1,1,9,391.01581961724156
254525,1,1,8,749.1958259164295
254554,1,1,1,413.784850851067
254562,1,1,7,58.93181119093165
254563,1,1,5,0.42645457969393247
254598,1,1,8,536.5534200398528
254603,1,1,9,853.506741255671
254607,1,1,10,158.09137301143505
254621,1,1,5,0.42645457969393247
254685,1,1,5,0.42645457969393247
254734,1,1,6,712.8381629090755
254740,1,1,8,508.44813510822473
254747,1,1,6,644.5512132120095
254761,1,1,5,0.42645457969393247
254783,1,1,4,0.42645458358136
254795,1,1,8,345.26094141282294
254805,1,1,9,782.2818267398761
254810,1,1,4,0.42645458358136
254811,1,1,2,483.39430172014954
254819,1,1,3,44.08398878460872
254826,1,1,3,72.77665142826972
254827,1,1,4,0.42645458358136
254834,1,1,9,447.1156290418991
254836,1,1,5,0.42645457969393247
254837,1,1,8,209.82764733537925
254841,1,1,1,547.2168673300962
254927,1,1,9,781.3079834752587
254941,1,1,5,0.42645457969393247
254948,1,1,8,298.4819947246234
254960,1,1,8,256.0279781114211
254982,1,1,2,241.93444871021643
254988,1,1,4,0.42645458358136
254990,1,1,9,683.8882724123118
254991,1,1,3,88.55040048990469
254999,1,1,8,421.22220424735684
255009,1,1,1,680.7535424672238
255010,1,1,9,608.1939460892887
255011,1,1,10,263.4627520174605
255015,1,1,9,380.76764688607585
255027,1,1,2,366.7739258219566
255031,1,1,10,418.8225595744126
255038,1,1,4,0.42645458358136
255042,1,1,5,0.42645457969393247
255044,1,1,2,362.83003353326984
255049,1,1,5,0.42645457969393247
255064,1,1,10,535.4543694119491
255066,1,1,3,90.81049220021379
255075,1,1,6,616.5466494702389
255076,1,1,10,721.0409001323582
255092,1,1,9,430.27882701462823
255095,1,1,7,173.13802638751474
255107,1,1,1,691.0819149451652
255111,1,1,7,126.75712509907154
255135,1,1,4,0.42645458358136
255143,1,1,7,133.3056169211891
255149,1,1,9,526.5531691570692
255153,1,1,4,0.42645458358136
255157,1,1,4,0.42645458358136
255184,1,1,9,788.3896581754724
255207,1,1,10,372.6788073078127
255224,1,1,9,421.15255795159004
255229,1,1,8,134.35393888626336
255230,1,1,8,469.9617276893929
255251,1,1,9,877.8251948004518
255257,1,1,6,546.7451846813708
255274,1,1,10,722.4945649319113
255284,1,1,8,838.9459666580035
255299,1,1,9,98.63419963300278
255311,1,1,9,830.0419315333802
255314,1,1,8,797.662952396103
255315,1,1,10,719.5479479591762
255318,1,1,6,731.3440296302183
255328,1,1,9,814.0829772745578
255336,1,1,6,620.3111894703608
255340,1,1,4,0.42645458358136
255354,1,1,7,157.62895461971738
255356,1,1,6,292.37627361617035
255364,1,1,5,0.42645457969393247
255367,1,1,6,380.71946070883456
255369,1,1,9,829.5628565384977
255370,1,1,9,892.1520855637909
255379,1,1,9,797.0807012890306
255389,1,1,7,61.96463843512774
255405,1,1,8,227.9020628332682
255415,1,1,4,0.42645458358136
255418,1,1,10,721.7332726276461
255424,1,1,5,0.42645457969393247
255454,1,1,5,0.42645457969393247
255455,1,1,9,745.1518066227507
255459,1,1,9,867.4187883180489
255477,1,1,9,757.3970209021862
255494,1,1,9,449.38125521474547
255527,1,1,4,0.42645458358136
255535,1,1,3,91.98693643676975
255537,1,1,1,559.406282926732
255564,1,1,5,0.42645457969393247
255568,1,1,9,73.24803634853235
255574,1,1,6,795.3380266763718
255580,1,1,4,0.42645458358136
255595,1,1,8,612.7705370764107
255599,1,1,5,0.42645457969393247
255601,1,1,8,612.7892759379072
255606,1,1,8,216.0873204891345
255607,1,1,5,0.42645457969393247
255618,1,1,8,697.2423768273837
255630,1,1,6,797.0300362086757
255640,1,1,9,290.30092218603295
255642,1,1,9,830.827772014016
255643,1,1,5,0.42645457969393247
255647,1,1,8,900.6048646438486
255648,1,1,4,0.42645458358136
255650,1,1,8,304.10713675040535
255658,1,1,9,761.8173195147441
255660,1,1,9,19.936980752821256
255682,1,1,9,659.8169314992451
255688,1,1,5,0.42645457969393247
255690,1,1,4,0.42645458358136
255701,1,1,7,65.95167686558439
255753,1,1,9,888.9538123554372
255754,1,1,3,37.5103175698016
255772,1,1,9,209.4007608536528
255779,1,1,9,267.4194634448213
255781,1,1,1,494.446326156923
255787,1,1,9,771.4981242005321
255816,1,1,9,47.68961729910359
255830,1,1,1,285.98443698898643
255852,1,1,9,661.876575501096
255854,1,1,10,660.6232538351165
255864,1,1,8,333.90752066870397
255869,1,1,8,897.0901365566344
255872,1,1,1,461.4429607131916
255884,1,1,10,705.1414830777476
255890,1,1,7,167.3283106498062
255969,1,1,8,730.554882082839
255972,1,1,4,0.4264545919581291
255973,1,1,5,0.42645457969393247
255974,1,1,1,526.9823713421687
255994,1,1,1,576.0702171979359
255998,1,1,9,814.6694474009822
256046,1,1,9,584.1289237281658
256059,1,1,5,0.42645457969393247
256060,1,1,6,166.75297315698074
256065,1,1,10,655.4843781889025
256067,1,1,1,181.4865273857488
256069,1,1,8,621.951398813141
256072,1,1,4,0.42645458358136
256078,1,1,8,848.9301458085805
256080,1,1,1,430.585534467594
256085,1,1,6,561.9283996157334
256094,1,1,5,0.42645457969393247
256115,1,1,5,0.42645457969393247
256121,1,1,10,659.6764004017332
256128,1,1,6,482.98305736797886
256137,1,1,6,241.73412164884337
256176,1,1,4,0.42645458358136
256178,1,1,8,671.7435472243734
256188,1,1,8,569.3195392099103
256192,1,1,6,762.2886673002711
256206,1,1,9,283.38904745835526
256214,1,1,10,349.31743264507674
256262,1,1,6,253.9310589975731
256293,1,1,10,605.3949076111669
256304,1,1,9,163.11714377206087
256316,1,1,1,425.4798706863032
256326,1,1,3,58.20351827699277
256330,1,1,5,0.42645456789925423
256349,1,1,6,716.0165465959635
256356,1,1,6,759.1715407922433
256357,1,1,6,784.5399812076239
256358,1,1,4,0.42645458358136
256360,1,1,10,189.13511598483197
256362,1,1,5,0.42645457969393247
256373,1,1,3,73.66235583304743
256378,1,1,10,719.6011454166909
256380,0,1,0,0.12967287005414085
256389,1,1,6,629.9849083792008
256391,1,1,6,552.1173691345354
256398,1,1,4,0.42645458358136
256400,1,1,4,0.42645458358136
256404,1,1,6,626.9778273902024
256417,1,1,9,825.0475638156165
256433,1,1,9,656.968145109274
256455,1,1,6,301.02181061770335
256457,1,1,8,167.6499655052616
256464,1,1,5,0.42645457969393247
256465,1,1,2,126.56871642306052
256469,1,1,8,639.6366690722745
256470,1,1,3,87.04100985834467
256489,1,1,9,368.02199165558267
256501,1,1,1,479.88464771204775
256513,1,1,4,0.42645458358136
256526,1,1,9,427.6406618168769
256533,1,1,4,0.42645458358136
256539,1,1,10,512.7361605458626
256556,1,1,5,0.42645457969393247
256582,1,1,10,570.4661064902514
256592,1,1,6,612.7223239244162
256593,1,1,10,668.1661713417219
256597,1,1,4,0.4264545919581291
256602,1,1,9,235.66101809318118
256650,0,1,0,0.11860819624906357
256670,1,1,4,0.42645458358136
256675,1,1,4,0.42645458358136
256689,1,1,6,541.387811627417
256690,1,1,5,0.42645457969393247
256698,1,1,10,721.1355166764013
256703,1,1,6,373.10973737458215
256718,1,1,5,0.42645457969393247
256722,1,1,5,0.42645457969393247
256731,1,1,9,635.3152943175754
256732,1,1,9,814.4531349847886
256736,1,1,8,188.91710945952957
256746,1,1,8,416.0369208221107
256750,1,1,9,598.5402711216592
256759,1,1,6,379.4632200541622
256760,1,1,8,244.58411131947634
256772,1,1,4,0.42645458358136
256779,1,1,8,437.4821519308558
256781,1,1,7,78.40148033123742
256798,1,1,7,67.48183877883741
256819,1,1,5,0.42645457969393247
256837,1,1,6,331.29720386909264
256839,1,1,2,300.4792196819273
256862,1,1,8,664.4372729531677
256863,1,1,9,612.4676910554904
256880,1,1,10,463.39914531539677
256886,1,1,6,692.43752163616
256892,1,1,9,74.90740275186259
256899,1,1,8,429.216651586306
256906,1,1,5,0.42645456789925423
256963,1,1,10,295.77378108462875
256973,1,1,9,781.9307091309788
256981,1,1,8,466.4432568421788
256989,1,1,5,0.42645457969393247
257039,1,1,9,577.8860838035913
257041,1,1,1,221.89157414716104
257042,1,1,10,660.3064886099116
257048,1,1,5,0.42645457969393247
257051,1,1,4,0.42645458358136
257072,1,1,4,0.42645458358136
257073,1,1,9,397.160763575084
257075,1,1,5,0.42645457969393247
257102,1,1,4,0.42645458358136
257117,1,1,5,0.42645457969393247
257150,1,1,4,0.42645458358136
257160,1,1,9,822.5574107228983
257162,1,1,1,421.7091304442767
257186,1,1,7,20.952140153979386
257188,1,1,9,893.8733446334546
257202,1,1,9,882.6417995726499
257212,1,1,1,685.6034006882111
257223,1,1,6,356.22583293389
257241,1,1,6,796.8951261167193
257262,1,1,7,162.30619400076176
257268,1,1,4,0.42645458358136
257279,1,1,6,574.4538827759574
257293,1,1,5,0.42645457969393247
257299,1,1,10,202.5955995541118
257312,1,1,3,89.50020744525365
257315,1,1,3,72.52767031967849
257338,1,1,9,166.74691213114704
257346,1,1,5,0.42645456789925423
257365,1,1,8,181.42409079282461
257378,1,1,8,617.1105745573897
257381,1,1,10,314.78790783936546
257387,1,1,6,400.1385044398356
257389,1,1,8,195.89535840782153
257395,1,1,6,762.7068554422214
257399,1,1,1,691.6018763063391
257406,1,1,9,785.2012192916592
257410,1,1,6,742.1904435274671
257413,0,1,0,0.1103928098598529
257418,1,1,9,872.0502252129291
257421,1,1,8,886.3017809235888
257435,1,1,5,0.42645457969393247
257448,1,1,5,0.42645457969393247
257481,1,1,3,87.43474428710148
257483,1,1,9,868.0740774470246
257491,1,1,8,457.4117619418981
257506,1,1,6,391.32322659127294
257524,1,1,9,391.24230603500826
257568,1,1,6,530.2343479304687
257572,1,1,4,0.42645458358136
257578,1,1,8,839.6215233657114
257580,1,1,6,450.66321169982047
257584,1,1,10,459.6988496350507
257605,1,1,8,411.0757657008104
257640,1,1,9,818.6581730706993
257642,1,1,9,370.5615098028697
257645,1,1,5,0.42645457969393247
257653,1,1,8,618.0215986003565
257658,1,1,6,558.3743802774288
257679,1,1,9,723.2514587365496
257686,1,1,6,809.5501971913203
257690,1,1,9,835.9651378751397
257703,1,1,4,0.42645458358136
257704,1,1,9,282.02456275152656
257718,1,1,4,0.42645458358136
257724,1,1,4,0.42645458358136
257728,1,1,10,720.6097585058887
257732,1,1,6,448.1360684290472
257742,1,1,5,0.42645457969393247
257744,0,1,0,0.0987244599833565
257769,1,1,1,761.5189367324201
257785,1,1,4,0.42645458358136
257808,1,1,8,684.4527655019417
257824,1,1,2,190.58863212366447
257826,1,1,6,288.36641443583693
257852,1,1,5,0.42645457969393247
257862,1,1,8,613.6006098933306
257874,1,1,6,799.0989396357637
257877,1,1,8,352.68282307551806
257881,1,1,5,0.42645457969393247
257891,1,1,7,68.29893365482666
257896,1,1,6,484.0361537901942
257905,1,1,1,609.5335164557623
257907,1,1,8,885.974785558925
257915,1,1,8,281.1647366231961
257932,1,1,8,424.45203572826154
257934,1,1,9,444.6989234129379
257936,1,1,9,159.0016677493713
257939,1,1,7,93.03498460863342
257940,1,1,8,943.2506750321563
257961,1,1,9,793.2736978551586
257965,1,1,5,0.42645457969393247
257970,1,1,9,609.9982306407562
257982,1,1,5,0.42645456789925423
257993,1,1,8,872.8665514778098
258005,1,1,4,0.42645458358136
258006,1,1,5,0.42645457969393247
258009,1,1,2,343.9403784403216
258010,1,1,1,319.713789107289
258017,1,1,6,464.8785164214427
258023,1,1,10,391.88014295841907
258025,1,1,7,160.28693248213807
258057,1,1,9,801.5474219828264
258058,1,1,6,775.9847927513475
258061,1,1,10,720.1041331161679
258070,1,1,9,701.8339273100794
258071,1,1,9,396.9404029622865
258075,1,1,5,0.42645457969393247
258078,1,1,6,789.3407225006356
258100,1,1,4,0.42645458358136
258106,1,1,4,0.42645458358136
258109,1,1,8,602.2283842753543
258140,1,1,6,801.8664920556504
258146,1,1,10,151.85696350682502
258147,1,1,10,339.83614438549586
258155,1,1,5,0.42645457969393247
258173,1,1,8,565.1474618900655
258191,1,1,4,0.42645458358136
258196,1,1,5,0.42645457969393247
258203,1,1,10,317.5342654125357
258204,1,1,8,595.5643882276615
258206,1,1,9,525.9506928752306
258207,1,1,8,488.8080979535796
258245,1,1,5,0.42645457969393247
258246,1,1,2,478.5734864301149
258250,1,1,6,384.88107997067897
258269,1,1,4,0.42645458358136
258281,1,1,5,0.42645457969393247
258282,1,1,7,94.10388444057915
258285,1,1,2,181.5161177592907
258289,1,1,10,459.8544954383736
258307,1,1,10,459.56588508742277
258309,1,1,4,0.42645458358136
258310,1,1,8,475.49116693550184
258314,1,1,9,815.6839919734422
258315,1,1,6,772.9931932212295
258319,1,1,3,72.92015315298953
258341,1,1,9,476.8985248886238
258342,1,1,5,0.42645457969393247
258353,1,1,8,557.3397722894722
258356,1,1,5,0.42645457969393247
258394,1,1,3,91.4549064079982
258395,1,1,6,587.8592891432899
258400,1,1,10,619.3351746313693
258403,1,1,5,0.42645457969393247
258410,1,1,5,0.42645457969393247
258417,1,1,9,617.7462999755493
258433,0,1,0,0.12301473504660705
258439,1,1,3,74.65642074850665
258460,1,1,8,686.6094589028879
258481,1,1,2,187.00707237867167
258486,1,1,10,460.7998265179864
258500,1,1,9,333.34891936959497
258502,1,1,5,0.42645457969393247
258509,1,1,9,850.6981622292293
258543,1,1,10,403.37717697698685
258547,1,1,9,811.93489779583
258564,1,1,8,271.0464543104175
258572,1,1,6,606.9951940270564
258581,1,1,8,679.6310304043379
258587,1,1,9,237.27527996578766
258594,1,1,1,608.4813223096183
258596,1,1,6,397.97017606857514
258599,1,1,6,714.1593084506744
258610,1,1,3,79.6066659601877
258621,1,1,9,830.8263137734629
258634,1,1,4,0.42645458358136
258640,1,1,9,173.23433177023853
258654,1,1,9,866.8211818288856
258665,1,1,10,561.5965391877717
258679,1,1,4,0.42645458358136
258684,1,1,5,0.42645457969393247
258685,1,1,4,0.42645458358136
258691,1,1,4,0.42645458358136
258694,1,1,5,0.42645457969393247
258713,1,1,5,0.42645457969393247
258733,1,1,4,0.42645458358136
258739,1,1,2,370.4833062199402
258767,1,1,9,361.2816740395708
258771,1,1,9,754.3690084514462
258782,1,1,5,0.42645457969393247
258793,1,1,5,0.42645457969393247
258795,1,1,1,719.4435586414722
258796,1,1,7,106.28578767708994
258806,1,1,9,877.7678961508809
258807,1,1,9,235.83180246272158
258812,1,1,4,0.42645458358136
258823,1,1,10,715.6809607699296
258854,1,1,5,0.42645456789925423
258857,1,1,5,0.42645456789925423
258861,1,1,4,0.42645458358136
258864,1,1,10,283.1260898213043
258866,1,1,5,0.42645457969393247
258881,1,1,9,233.9049130299757
258886,1,1,7,125.92119214501744
258917,1,1,6,745.2363814795751
258929,1,1,9,716.3562747688006
258954,1,1,9,290.8184317424205
258956,1,1,8,868.3627631330687
258965,1,1,6,458.16119900734844
258966,1,1,7,61.489377765665836
258970,1,1,9,566.6604936947908
259003,1,1,7,79.48787661360711
259006,1,1,5,0.42645457969393247
259015,1,1,9,870.6814942528636
259018,1,1,7,56.11831279843688
259025,1,1,8,395.37237363572723
259026,1,1,6,482.60961431520315
259038,1,1,8,733.5557969201676
259047,1,1,7,143.62607315295102
259068,1,1,4,0.42645458358136
259073,1,1,9,805.6684653485405
259080,0,1,0,0.11613345862134924
259092,1,1,5,0.42645457969393247
259105,0,1,0,0.096843944933048
259106,1,1,9,835.4442502848829
259108,1,1,7,73.88222301793377
259112,1,1,10,678.4061661983608
259121,1,1,4,0.42645458358136
259122,1,1,9,634.5055018462724
259181,1,1,2,463.6805111003508
259205,1,1,10,651.1615904230254
259214,1,1,5,0.42645457969393247
259215,1,1,9,69.69458197135408
259216,1,1,8,189.07864019840093
259223,1,1,4,0.42645458358136
259234,1,1,9,130.0500822138015
259237,1,1,3,87.21675433235733
259238,1,1,8,285.7851864181778
259260,1,1,9,890.0865501967834
259270,1,1,6,729.4128201599106
259280,1,1,9,365.7157163298996
259281,1,1,4,0.42645458358136
259289,1,1,5,0.42645457969393247
259292,1,1,10,232.60402950421593
259293,1,1,10,649.5345226475403
259314,1,1,1,617.2378644720342
259315,1,1,9,522.7318538902092
259316,1,1,6,769.6354637710674
259328,1,1,8,516.1250036587179
259330,1,1,9,772.9629280171193
259340,1,1,10,678.888331296301
259343,1,1,6,680.9275567165737
259346,1,1,5,0.42645457969393247
259350,1,1,1,533.4999157983806
259356,0,1,0,0.14293488514589622
259362,1,1,9,360.24206806810474
259363,1,1,8,609.9726980554306
259365,1,1,4,0.42645458358136
259372,1,1,1,503.29147276668556
259378,1,1,8,304.3426275555769
259386,1,1,4,0.42645458358136
259389,1,1,6,606.6437560423815
259423,1,1,1,610.8132379299269
259429,1,1,9,839.8564236992166
259441,1,1,9,674.1827563524567
259442,1,1,8,392.0270790890697
259482,1,1,8,754.4273208936788
259484,1,1,7,167.98621589689637
259491,1,1,4,0.42645458358136
259497,1,1,9,607.683661362578
259499,1,1,6,164.5398412143713
259507,1,1,8,791.8771093803324
259514,1,1,4,0.42645458358136
259515,1,1,2,247.4552525090132
259534,1,1,4,0.42645458358136
259543,1,1,10,575.6975239083625
259545,1,1,10,711.4398986843119
259548,1,1,6,584.7703349532019
259556,1,1,4,0.42645458358136
259563,1,1,8,405.4352548055955
259566,1,1,5,0.42645457969393247
259567,1,1,4,0.42645458358136
259575,1,1,10,668.7086486941317
259587,1,1,5,0.42645457969393247
259588,1,1,10,185.6247212201778
259594,1,1,6,557.4707644026487
259599,1,1,10,299.5108131136118
259608,1,1,7,133.29202875146322
259621,1,1,10,627.3443851802749
259651,1,1,4,0.42645458358136
259673,1,1,8,633.9874259854311
259681,1,1,7,150.99912439825863
259682,1,1,9,670.2367259304641
259683,1,1,5,0.42645456789925423
259690,1,1,5,0.42645456789925423
259704,1,1,8,769.2236636334268
259725,1,1,6,765.6755350320088
259739,1,1,1,487.9157615631881
259749,1,1,8,927.2978485278944
259759,1,1,5,0.42645457969393247
259760,1,1,4,0.42645458358136
259763,1,1,8,921.1921989407757
259783,1,1,8,765.4092637992514
259785,1,1,10,460.2036518271031
259793,1,1,8,470.7624989973079
259794,1,1,9,290.3728905459515
259802,1,1,9,824.5200504682002
259825,1,1,10,503.26133358122235
259849,1,1,8,548.0592050515079
259865,1,1,7,96.08747896188973
259867,1,1,2,380.3118605762461
259883,1,1,10,209.7686702926902
259905,1,1,4,0.42645458358136
259909,1,1,3,92.51366619732369
259913,1,1,6,234.76706615972975
259924,1,1,8,729.0773701558119
259937,1,1,10,610.6220923299363
259944,0,1,0,0.12432666319025262
259946,1,1,6,277.9392395982484
259968,1,1,6,671.8961396909488
259973,1,1,9,765.0922877340114
259977,1,1,1,559.9635017249335
259986,1,1,10,656.7386179922601
259992,1,1,8,830.1845201826537
260006,1,1,5,0.42645457969393247
260007,1,1,8,280.10423321913777
260015,1,1,5,0.42645456789925423
260016,1,1,9,602.0319139980695
260023,1,1,4,0.42645458358136
260024,1,1,6,316.4982564781689
260037,1,1,9,640.9079168298848
260042,1,1,5,0.42645457969393247
260045,1,1,9,441.05643532808585
260065,0,1,0,0.10853266963703194
260066,1,1,4,0.42645458358136
260069,1,1,1,604.2776077658446
260071,1,1,9,306.2580565938056
260081,1,1,8,834.3030304986636
260093,1,1,6,518.5465770402093
260106,1,1,8,143.44568216042552
260108,1,1,8,741.2970337432057
260113,1,1,4,0.42645458358136
260133,1,1,10,650.7563640579638
260140,1,1,1,310.2386882288612
260141,1,1,9,519.3112188766854
260149,1,1,5,0.42645457969393247
260150,1,1,3,90.3103555109146
260172,1,1,6,337.56378283283664
260192,1,1,8,255.67026908263153
260194,1,1,6,781.1362239272664
260197,1,1,9,526.4322249999607
260204,1,1,4,0.42645458358136
260226,1,1,9,860.6430196609703
260240,1,1,1,606.5380459390666
260254,1,1,8,743.2366077186297
260263,1,1,8,657.2577979339623
260264,1,1,4,0.42645458358136
260272,1,1,6,357.67678374394626
260276,1,1,10,572.8903707959963
260292,1,1,8,411.44034216044435
260306,1,1,7,164.03071859431387
260309,1,1,8,654.5073693548272
260329,1,1,4,0.42645458358136
260339,1,1,5,0.42645457969393247
260349,1,1,9,686.0487604705542
260356,1,1,4,0.42645458358136
260363,1,1,2,102.53179331478087
260375,1,1,4,0.42645458358136
260378,1,1,6,693.3248832545772
260391,1,1,4,0.42645458358136
260394,1,1,5,0.42645457969393247
260398,1,1,1,268.2468185857449
260411,1,1,9,80.01995079578361
260419,1,1,6,269.2551485213146
260424,1,1,9,528.5296455899371
260425,1,1,6,810.13458316725
260428,1,1,10,273.94153283635956
260452,1,1,5,0.42645457969393247
260460,1,1,10,705.3363394782949
260468,1,1,5,0.42645457969393247
260496,1,1,6,357.26541877214765
260500,1,1,8,228.25488254509648
260501,1,1,1,345.2636949226666
260502,1,1,4,0.42645458358136
260523,1,1,8,782.8102739903412
260526,1,1,8,868.0738376702091
260527,1,1,2,283.7648898356138
260539,1,1,10,402.5850868186361
260540,1,1,10,252.21372263599554
260572,1,1,4,0.4264545919581291
260578,1,1,4,0.4264545919581291
260587,1,1,10,721.7015862854549
260596,1,1,8,248.3229865205961
260602,1,1,9,243.54937870774572
260623,1,1,5,0.42645457969393247
260627,1,1,1,151.69379375972372
260645,1,1,9,485.28894054023874
260652,1,1,4,0.42645458358136
260654,1,1,6,789.1982970356208
260657,1,1,7,135.03467414006727
260682,1,1,9,448.6604357081353
260688,1,1,3,66.9557084919438
260697,0,1,0,0.11533523995201732
260709,1,1,9,671.7258919417867
260716,1,1,9,291.07072920527526
260721,1,1,1,378.5577068358172
260722,1,1,4,0.42645458358136
260741,1,1,8,457.21562535699064
260743,1,1,3,90.11475240541336
260765,1,1,3,89.83517819982133
260767,1,1,1,413.3588110455721
260803,1,1,6,288.11345120375887
260807,1,1,6,495.1419120189641
260812,1,1,6,665.1757328579614
260822,1,1,9,811.7621304472855
260835,1,1,5,0.42645457969393247
260848,1,1,8,572.1261179582187
260866,1,1,8,365.07387373463814
260878,1,1,4,0.42645458358136
260880,1,1,5,0.42645457969393247
260892,1,1,4,0.42645458358136
260898,1,1,9,246.17848202237994
260903,1,1,8,757.6531458697293
260907,1,1,1,706.1056074898453
260913,1,1,4,0.42645458358136
260923,1,1,1,603.0196138595278
260930,1,1,5,0.42645457969393247
260954,1,1,8,674.1810855086052
260960,1,1,5,0.42645457969393247
260964,1,1,4,0.42645458358136
260968,1,1,8,790.8234392589819
260969,1,1,6,614.5341667555177
260980,1,1,8,291.8993346435755
260987,1,1,6,807.377297737214
260998,1,1,9,576.6342655502083
261012,1,1,6,378.558309996243
261019,1,1,5,0.42645457969393247
261036,1,1,4,0.42645458358136
261045,1,1,9,489.3522810137277
261056,1,1,10,695.1180729341261
261072,1,1,8,470.28819493589714
261092,1,1,5,0.42645457969393247
261094,1,1,9,395.8538895636792
261096,1,1,7,74.75261076811613
261101,1,1,10,399.83896804547317
261103,1,1,6,546.1749571871098
261123,1,1,8,475.9195654450143
261127,1,1,8,217.9456107801651
261136,1,1,10,650.7853298466694
261154,1,1,9,403.86415395314293
261158,1,1,6,429.5105514167607
261172,1,1,4,0.42645458358136
261184,1,1,6,688.0651598995805
261195,1,1,10,260.68044021754844
261197,1,1,5,0.42645456789925423
261202,1,1,10,239.04743862097953
261209,1,1,5,0.42645457969393247
261217,1,1,8,561.3472587901309
261223,1,1,1,529.3780865483114
261233,1,1,10,264.04607478008955
261243,1,1,4,0.42645458358136
261248,1,1,9,876.6215536514527
261251,1,1,5,0.42645457969393247
261255,1,1,10,227.55114294329678
261273,1,1,2,285.90368498365484
261288,1,1,8,588.4819713060105
261301,1,1,4,0.42645458358136
261308,1,1,4,0.42645458358136
261327,1,1,7,12.141289890409917
261335,1,1,6,548.64817223301
261353,1,1,7,80.94733940421942
261356,1,1,9,171.09439643542225
261366,1,1,3,55.011709992853184
261373,1,1,8,585.4100271254074
261386,1,1,9,612.3092769339455
261404,1,1,9,577.7011892291757
261409,1,1,1,225.15416162818053
261412,1,1,4,0.42645458358136
261418,1,1,10,400.6572144610834
261420,1,1,8,241.91942163821213
261428,1,1,5,0.42645457969393247
261445,1,1,10,248.16858004856581
261448,1,1,1,469.2343178903671
261458,1,1,5,0.42645457969393247
261465,1,1,10,410.65514945384575
261466,1,1,8,324.23333677141784
261480,1,1,6,467.3390747045039
261485,1,1,8,374.91432841456333
261492,1,1,5,0.42645457969393247
261505,1,1,5,0.42645457969393247
261522,1,1,8,225.79283049480017
261524,1,1,6,416.46835743840677
261526,1,1,1,643.1671736634554
261531,1,1,1,285.0213137048029
261542,1,1,10,269.62776960228877
261557,1,1,2,243.87684011945439
261562,1,1,9,884.86265369136
261566,1,1,2,429.65214869192636
261581,1,1,5,0.42645457969393247
261603,1,1,1,458.12272614194194
261627,1,1,8,464.0716232683622
261629,1,1,6,782.3776703094178
261640,1,1,6,589.8891033674088
261676,1,1,5,0.42645457969393247
261698,1,1,5,0.42645457969393247
261699,1,1,6,492.7989552093227
261709,1,1,10,279.39597845133386
261716,1,1,5,0.42645457969393247
261720,1,1,3,53.59072396592626
261725,1,1,5,0.42645457969393247
261731,0,1,0,0.11574703879821191
261768,1,1,4,0.42645458358136
261777,1,1,3,92.45501189012757
261779,1,1,6,628.692830407681
261780,1,1,6,655.9538163266085
261784,1,1,6,790.581529358079
261790,1,1,3,91.17332924203967
261806,1,1,6,236.0133262806003
261814,1,1,4,0.4264545919581291
261816,1,1,6,785.759506488588
261820,1,1,6,778.0698802400606
261832,1,1,8,768.5821119611384
261834,1,1,3,60.78728356659701
261842,1,1,3,92.15648527349123
261852,1,1,3,84.53844960222601
261866,1,1,5,0.42645457969393247
261888,1,1,1,463.762483119215
261892,1,1,6,316.13518249375073
261895,1,1,2,121.74724273685378
261904,1,1,1,611.3971149160332
261930,1,1,8,440.0335376261566
261940,1,1,10,171.24468163090555
261952,1,1,5,0.42645457969393247
261977,1,1,10,600.8311427654551
261988,1,1,1,266.172746652438
261996,1,1,8,886.8011201912459
262001,1,1,8,809.6162406707136
262007,1,1,9,428.3904991585124
262014,1,1,8,302.60435171001836
262020,1,1,1,346.40900276631055
262029,1,1,9,545.9892285000091
262046,1,1,9,588.5275232489297
262052,1,1,2,342.6392208546352
262054,1,1,6,698.0931686106296
262056,1,1,2,383.43276329007193
262062,1,1,7,70.6192604714804
262072,1,1,10,600.5547371101542
262073,0,1,0,0.1466284777669
262075,1,1,3,90.7196235847427
262098,1,1,9,876.6696907550464
262100,1,1,7,64.36269030973824
262112,1,1,10,185.58097449145038
262132,1,1,2,241.38073329565452
262140,1,1,10,160.74486786294352
262143,1,1,5,0.42645457969393247
262148,1,1,5,0.42645457969393247
262149,1,1,8,597.8386500989824
262150,1,1,5,0.42645457969393247
262162,1,1,1,759.162169470796
262163,1,1,6,562.455987536242
262166,1,1,1,756.1856994605727
262172,1,1,6,298.7787925689883
262176,1,1,8,872.53782786885
262178,1,1,8,614.2973918174783
262179,1,1,6,531.5502565403109
262180,1,1,4,0.42645458358136
262191,1,1,5,0.42645457969393247
262199,1,1,5,0.42645457969393247
262211,1,1,3,85.72062417681099
262218,1,1,5,0.42645457969393247
262238,1,1,4,0.42645458358136
262249,1,1,5,0.42645457969393247
262273,1,1,8,280.4051273005137
262274,1,1,6,606.2448752438886
262283,1,1,8,772.827735341174
262293,1,1,6,680.4207917409917
262303,1,1,9,69.37526838040185
262305,1,1,4,0.42645458358136
262319,1,1,5,0.42645457969393247
262321,1,1,4,0.42645458358136
262326,1,1,8,416.6786741685764
262334,1,1,4,0.4264545919581291
262341,1,1,6,529.4482728600865
262352,1,1,7,131.35227606419107
262353,1,1,3,82.11326326837631
262354,1,1,8,270.76618939043715
262364,1,1,4,0.42645458358136
262372,1,1,7,112.11500699737329
262405,1,1,9,572.6843876151759
262413,1,1,8,657.8307344794152
262422,1,1,9,753.9122190647224
262423,1,1,5,0.42645457969393247
262424,1,1,9,472.8007386557228
262451,1,1,4,0.42645458358136
262461,1,1,9,322.51930331950706
262486,1,1,8,416.24006846824267
262504,1,1,4,0.42645458358136
262538,1,1,7,143.71321198370418
262542,1,1,9,614.4119445079868
262550,1,1,7,89.58877697929084
262551,1,1,6,599.1685511630988
262565,1,1,8,519.6370617680077
262573,1,1,4,0.42645458358136
262592,1,1,6,614.972396756071
262603,1,1,9,566.5970058511708
262611,1,1,8,732.9504622712901
262620,1,1,6,649.9415853289192
262621,1,1,10,458.22602302115126
262622,1,1,8,535.3114814764635
262624,1,1,9,212.22137397331082
262626,1,1,9,307.14659284546303
262631,1,1,8,797.3941312424059
262635,1,1,7,3.188547629760928
262649,1,1,5,0.42645456789925423
262657,1,1,1,442.6477446069835
262678,1,1,9,634.3885729810443
262699,1,1,2,156.95929599626282
262707,1,1,8,656.3230515593891
262708,1,1,8,335.3507011993988
262720,1,1,5,0.42645457969393247
262722,1,1,1,496.3792501068858
262729,1,1,8,495.4476382510815
262745,1,1,9,497.21797152240873
262747,1,1,8,494.46822814958136
262749,1,1,9,712.0590277015717
262751,1,1,10,461.2342343549793
262759,1,1,9,801.1111603599574
262770,1,1,3,89.73459024318801
262779,1,1,1,326.1981214008743
262793,0,1,0,0.1589196450141798
262810,1,1,6,508.30919622609974
262836,1,1,6,192.9992446598791
262846,1,1,5,0.42645457969393247
262858,1,1,5,0.42645457969393247
262862,1,1,4,0.42645458358136
262899,1,1,5,0.42645457969393247
262911,1,1,1,493.6233415359503
262914,1,1,9,124.95827129081594
262920,1,1,6,349.8267404868353
262928,1,1,9,819.8454014586249
262929,1,1,4,0.42645458358136
262933,1,1,9,880.6454744643878
262934,1,1,9,763.0733613199318
262939,1,1,6,235.9573094136622
262941,1,1,1,672.3237862751868
262946,1,1,9,879.8598312713372
262955,1,1,8,396.39938175615373
262957,1,1,10,470.0573702554973
262970,1,1,7,171.3587489425121
262984,1,1,9,789.0686193308915
262994,1,1,5,0.42645457969393247
262996,1,1,10,414.67763403642203
263003,1,1,6,286.8804396939499
263012,0,1,0,0.08989475320453297
263013,1,1,5,0.42645457969393247
263027,1,1,9,430.7372128095019
263036,1,1,5,0.42645457969393247
263050,1,1,5,0.42645457969393247
263051,1,1,4,0.42645458358136
263058,1,1,5,0.42645457969393247
263077,1,1,5,0.42645457969393247
263087,1,1,4,0.42645458358136
263091,1,1,5,0.42645457969393247
263114,1,1,8,395.3553421182815
263116,1,1,2,436.68864381953966
263136,1,1,5,0.42645457969393247
263137,1,1,6,658.728607094224
263146,1,1,4,0.42645458358136
263152,1,1,10,720.5873617149746
263175,1,1,6,592.1961118074506
263179,1,1,5,0.42645457969393247
263206,1,1,8,206.05315058779962
263213,1,1,2,470.0915043726985
263217,1,1,4,0.42645458358136
263237,1,1,2,387.12995087079605
263244,1,1,10,408.69428369207355
263247,1,1,8,220.57831202805173
263255,1,1,9,824.2813365427236
263257,1,1,9,156.27388947742284
263277,1,1,8,469.3430058682678
263296,1,1,10,459.5251827884275
263298,1,1,6,746.8492139626837
263302,1,1,6,672.4879785075376
263309,1,1,1,660.0559284669727
263311,1,1,4,0.42645458358136
263315,1,1,5,0.42645457969393247
263316,1,1,5,0.42645457969393247
263335,1,1,8,278.71366524027013
263339,1,1,4,0.42645458358136
263341,1,1,8,669.3285536277367
263349,1,1,7,100.74860552477854
263355,1,1,4,0.42645458358136
263363,1,1,9,607.6834239501405
263364,1,1,8,707.8294361063082
263399,1,1,9,342.7086961496194
263415,1,1,6,168.2344602320195
263423,1,1,6,715.1307839694814
263426,1,1,6,172.99113903441878
263434,1,1,7,86.77739504450311
263443,1,1,8,499.1658427720907
263450,1,1,6,646.8575292120851
263473,1,1,9,880.474892892025
263475,1,1,8,916.3258829975971
263478,1,1,9,862.3483495024752
263483,1,1,9,886.9392356559763
263485,1,1,9,625.9283637093756
263497,1,1,4,0.42645458358136
263501,1,1,4,0.42645458358136
263507,1,1,3,88.01898206694324
263526,1,1,8,633.7480508370012
263527,1,1,6,643.396985767271
263539,1,1,4,0.42645458358136
263550,1,1,6,779.2051344958894
263565,1,1,9,768.1251850271102
263567,1,1,8,615.7174204156956
263590,1,1,8,312.7056131042357
263591,1,1,4,0.42645457969393247
263592,1,1,7,63.76646969937225
263599,1,1,6,546.3241628308576
263615,0,1,0,0.10920024632495696
263616,1,1,4,0.42645458358136
263619,1,1,6,200.20774641841845
263640,1,1,4,0.42645458358136
263646,1,1,4,0.42645458358136
263655,1,1,3,91.49177836621672
263659,1,1,8,656.946128419262
263661,1,1,9,864.5395829131653
263706,1,1,8,629.3369190530273
263731,1,1,4,0.42645458358136
263761,1,1,8,502.80665176991806
263762,1,1,4,0.42645458358136
263768,1,1,4,0.42645458358136
263774,1,1,8,901.0322594296752
263779,1,1,6,203.6778559039483
263786,1,1,4,0.42645458358136
263789,1,1,5,0.42645457969393247
263796,1,1,9,682.7488928769692
263817,1,1,9,686.7846968232473
263820,1,1,8,467.0226992353018
263834,1,1,10,609.4037093870581
263862,1,1,7,137.34933131846523
263875,1,1,7,75.55315384884406
263904,1,1,10,149.60553257719306
263915,1,1,9,344.44195406980964
263932,1,1,4,0.9997421045834192
263944,1,1,5,0.42645457969393247
263951,1,1,6,675.3027823435915
263959,1,1,2,233.9612992244758
263961,1,1,6,255.02233762068528
263990,1,1,1,543.7171751898164
264012,1,1,10,291.8202120893776
264014,1,1,5,0.42645457969393247
264015,1,1,6,607.1063104305009
264024,1,1,6,549.7766799628303
264044,1,1,9,544.4974815466963
264062,1,1,4,0.42645458358136
264068,1,1,6,673.8636307688117
264080,1,1,10,625.3238372751755
264094,1,1,8,301.85190024019784
264095,1,1,5,0.42645457969393247
264101,1,1,6,632.4873888423258
264117,1,1,6,365.8611909221852
264131,1,1,5,0.42645457969393247
264170,1,1,4,0.42645458358136
264177,1,1,6,568.8514431338247
264179,1,1,9,347.2923676349677
264181,1,1,6,549.3568064344024
264187,1,1,9,844.9694384442633
264200,1,1,8,278.2411351549931
264214,1,1,10,274.4771028703903
264217,1,1,9,733.2933790316562
264220,1,1,4,0.42645458358136
264245,1,1,8,250.9302217189913
264255,1,1,8,740.4806465964731
264292,1,1,6,652.5752594864239
264293,1,1,8,840.8715091051481
264294,1,1,3,43.557118852146615
264300,1,1,9,810.0904102796237
264306,1,1,7,66.80795991580035
264320,1,1,6,169.21696623142833
264325,1,1,6,556.4974932427451
264328,1,1,6,549.5103489815832
264337,1,1,4,0.42645458358136
264357,1,1,10,194.6601404519821
264359,1,1,6,564.0708129952716
264371,1,1,9,428.1415918369833
264377,1,1,4,0.42645458358136
264378,1,1,9,730.1594839980605
264379,1,1,8,810.8849458509188
264380,1,1,6,802.6003506636583
264386,1,1,6,422.4956074732089
264402,1,1,5,0.42645457969393247
264406,1,1,6,807.9887318325267
264409,1,1,5,0.42645457969393247
264425,1,1,7,64.20658361004246
264442,1,1,4,0.42645458358136
264482,1,1,8,808.2997105531708
264498,1,1,5,0.42645457969393247
264501,1,1,7,105.51616515842426
264508,1,1,9,577.7620713738546
264512,1,1,9,599.3797551559899
264531,1,1,2,339.3167647582179
264534,1,1,10,451.4212893724398
264548,1,1,4,0.42645458358136
264556,1,1,8,401.07841733176883
264560,1,1,8,346.42181153821247
264576,1,1,9,645.9994875628718
264578,1,1,8,928.4373057304635
264588,1,1,8,454.8139223331617
264592,1,1,9,878.0888247079384
264622,1,1,8,455.2884247274414
264633,1,1,9,833.5087803824359
264634,1,1,8,596.207060087015
264637,1,1,6,358.39323039720125
264650,1,1,5,0.42645457969393247
264673,1,1,5,0.42645457969393247
264677,1,1,7,71.41652738813524
264696,0,1,0,0.08805631587528465
264698,1,1,5,0.42645457969393247
264712,1,1,6,351.7192753191816
264720,1,1,9,636.1541852131116
264747,1,1,8,249.33695005590428
264758,1,1,10,716.9976850273885
264761,1,1,5,0.42645457969393247
264777,1,1,5,0.42645457969393247
264792,1,1,9,777.473024094573
264795,1,1,9,814.3961046457546
264806,1,1,10,452.80193496153026
264813,1,1,10,361.7318689002173
264855,1,1,10,282.1700650666972
264863,1,1,8,476.6573069363329
264868,1,1,4,0.42645458358136
264879,1,1,6,194.597721883165
264884,1,1,10,723.0470937412114
264887,1,1,5,0.42645457969393247
264889,1,1,9,201.86258612574628
264899,1,1,6,534.4054833433406
264909,1,1,1,638.8101609823435
264912,1,1,6,285.20090764820554
264915,1,1,10,400.9775076998803
264922,1,1,10,684.5682011543721
264928,1,1,8,503.06924437543535
264934,1,1,10,711.1933355261443
264943,1,1,3,76.83481765198123
264948,1,1,7,172.13651219158493
264993,1,1,2,367.7642933335
264994,1,1,9,457.21997885636483
265008,1,1,10,718.5503242892439
265019,1,1,5,0.42645457969393247
265052,1,1,5,0.42645457969393247
265069,1,1,7,153.8124230348208
265071,1,1,8,883.8234023686712
265087,1,1,1,742.0401701469774
265089,1,1,9,717.7209842977329
265094,1,1,10,449.4542588325966
265096,1,1,5,0.42645457969393247
265097,1,1,9,560.5933090401097
265115,1,1,9,699.9036846224329
265118,1,1,1,187.26229336712484
265122,1,1,5,0.42645457969393247
265138,1,1,6,565.8420486989412
265170,1,1,9,561.525560374744
265181,1,1,8,453.244628060722
265193,1,1,6,810.513620730239
265194,1,1,8,607.2403301733476
265207,1,1,6,719.1264064807825
265210,1,1,6,215.66021278309103
265214,1,1,6,486.8212294854985
265215,1,1,7,143.68812618367073
265221,1,1,5,0.42645456789925423
265232,1,1,4,0.4264545919581291
265233,1,1,8,575.4966697151016
265239,1,1,5,0.42645457969393247
265244,1,1,9,830.3669229830567
265249,1,1,9,870.4932578645827
265251,1,1,8,365.2478036971115
265345,1,1,1,754.9986012582364
265358,1,1,10,563.2973225749016
265363,0,1,0,0.11842914204166607
265366,1,1,4,0.42645458358136
265407,1,1,4,0.42645458358136
265419,1,1,10,351.4541840397691
265439,1,1,6,777.9150317453109
265454,1,1,8,741.3801781267789
265467,1,1,5,0.42645457969393247
265469,1,1,6,298.57495125320065
265476,1,1,6,304.0640110151803
265479,0,1,0,0.13367738806675855
265485,1,1,9,418.80175130559513
265496,1,1,1,628.0073757330149
265505,1,1,8,939.0570461552263
265506,1,1,8,927.5898514950491
265507,1,1,8,621.7808023634586
265511,1,1,6,790.5149616346615
265525,1,1,9,78.47642686960117
265527,1,1,3,91.05579566968107
265539,1,1,6,345.9702226292076
265557,1,1,9,777.9895383294196
265575,1,1,9,116.2635027591502
265576,1,1,10,252.6339103071473
265582,1,1,6,429.86347976488855
265589,1,1,6,789.3260668266101
265595,1,1,6,756.0550676078392
265597,1,1,8,566.5630239910603
265614,1,1,9,636.9279791442029
265620,1,1,7,113.40068318172383
265636,1,1,1,608.2415087796404
265666,1,1,2,383.4405885750434
265678,1,1,1,611.7891607734583
265685,1,1,8,438.9409641272328
265686,1,1,2,343.7360746974442
265692,1,1,6,593.2710953954672
265706,1,1,4,0.42645458358136
265711,1,1,9,257.4044891765986
265717,1,1,6,289.1451691248622
265721,1,1,10,367.19219643652406
265722,1,1,4,0.42645458358136
265727,1,1,9,63.35503214465636
265745,1,1,1,327.71018009978195
265746,1,1,5,0.42645457969393247
265753,1,1,9,408.53604771825945
265761,1,1,10,254.45499227385835
265776,1,1,4,0.42645458358136
265806,1,1,10,642.1419256984984
265813,1,1,8,782.3318626055105
265814,1,1,6,468.1810654708904
265819,1,1,6,179.1071061878107
265820,1,1,6,205.00641739836502
265832,1,1,8,647.2594265755527
265834,1,1,9,467.13665023376325
265875,1,1,8,772.5597187998532
265904,1,1,9,567.0019156477871
265909,1,1,6,779.5058408084
265915,1,1,6,245.31724810445778
265918,1,1,4,0.4264545919581291
265922,0,1,0,0.11676488558175831
265946,1,1,6,541.7743517556736
265953,1,1,8,263.67729658906507
265966,1,1,5,0.42645457969393247
265968,1,1,9,587.4322951998083
265985,1,1,10,537.3836987399558
265997,1,1,9,532.0362246772718
266002,1,1,5,0.42645457969393247
266004,1,1,9,305.917222180985
266099,1,1,4,0.42645458358136
266104,1,1,4,0.42645458358136
266105,1,1,5,0.42645457969393247
266111,1,1,9,421.0232976906696
266117,1,1,1,504.24366740412756
266131,1,1,6,678.1683471071376
266133,1,1,9,73.1099701591259
266141,1,1,9,317.6220758102432
266156,1,1,5,0.42645457969393247
266157,1,1,7,89.91105891441485
266165,1,1,7,54.86732864956981
266174,1,1,4,0.42645458358136
266180,1,1,4,0.42645458358136
266182,1,1,7,118.012123488725
266188,1,1,10,400.05324351488173
266192,1,1,8,507.65363823063575
266222,1,1,5,0.42645457969393247
266223,1,1,7,48.039746393994484
266226,1,1,8,501.18576773246554
266229,1,1,9,395.732327331709
266239,1,1,4,0.42645458358136
266254,1,1,1,566.466939983043
266257,1,1,4,0.4264545919581291
266278,1,1,4,0.42645457969393247
266280,1,1,8,388.1286561830132
266286,1,1,2,479.8871701889455
266333,1,1,4,0.42645458358136
266335,1,1,7,174.5949446191444
266347,1,1,1,182.16875581754383
266349,1,1,7,126.06817431273207
266350,1,1,10,303.3677990528322
266355,0,1,0,0.1398397340714979
266363,1,1,6,265.17278715513106
266389,1,1,3,92.75240105368984
266397,1,1,8,272.8583840889713
266398,1,1,9,866.6979063049462
266404,1,1,1,184.87522143722038
266420,1,1,2,461.81308163055735
266432,1,1,3,86.65265498655509
266434,1,1,10,423.0060887687087
266441,1,1,3,92.3770048744474
266444,1,1,8,237.2567159539032
266447,1,1,9,861.976091196798
266455,1,1,9,829.2770858942649
266461,1,1,8,252.82319712335817
266488,1,1,5,0.42645457969393247
266511,1,1,6,798.7393637197589
266517,1,1,8,811.9160754436319
266542,1,1,9,765.1977237725198
266573,1,1,9,565.105022424085
266594,1,1,6,476.84439131012243
266603,1,1,7,147.4562021646846
266605,1,1,9,522.0281898863407
266612,1,1,9,771.7880842264218
266620,1,1,4,0.4264545919581291
266621,1,1,3,90.10558877172173
266637,1,1,2,370.4773449160635
266647,1,1,5,0.42645457969393247
266648,1,1,9,28.672466117717413
266673,1,1,8,456.28313622551576
266683,1,1,5,0.42645457969393247
266697,1,1,2,335.18937180468737
266711,1,1,10,462.5189213867583
266715,1,1,7,97.6508826091926
266718,1,1,1,579.8569587909659
266719,1,1,2,384.4678272634634
266744,1,1,5,0.42645457969393247
266765,1,1,7,135.9651395821592
266771,1,1,6,699.436079293758
266773,1,1,1,745.3560068906884
266778,1,1,5,0.42645457969393247
266782,1,1,6,690.878738995886
266783,1,1,3,88.23920586347387
266787,1,1,8,141.3082258399426
266793,1,1,7,142.1986779355986
266808,1,1,6,786.0117757681695
266810,1,1,9,861.8258492546986
266818,1,1,5,0.42645457969393247
266822,1,1,6,526.9342007913492
266831,1,1,6,426.8250556732245
266839,1,1,4,0.42645458358136
266847,1,1,4,0.42645458358136
266848,1,1,6,556.5841273547015
266852,1,1,9,844.4797403828878
266855,0,1,0,0.12251060040674717
266858,1,1,2,309.2784241335849
266869,1,1,6,683.4515816787737
266871,1,1,10,324.4706529953179
266878,1,1,1,362.83550631561775
266891,1,1,4,0.42645458358136
266893,1,1,8,242.0775667690858
266896,1,1,1,420.22717747192394
266897,1,1,8,248.2133880724205
266904,1,1,7,50.90749791144353
266910,0,1,0,0.11480014644470171
266931,1,1,6,401.8672295824245
266932,1,1,7,115.76947421279084
266942,1,1,5,0.42645457969393247
266944,1,1,3,86.33678548698079
266945,1,1,8,337.45863867796885
266950,1,1,4,0.42645458358136
266954,1,1,9,769.2218078454993
266970,1,1,4,0.42645458358136
266975,1,1,5,0.42645457969393247
267007,1,1,6,590.1993546066018
267009,1,1,9,354.70820320099284
267017,1,1,6,458.51325766647835
267018,1,1,6,386.6876953129101
267019,1,1,4,0.42645458358136
267030,1,1,8,279.9592084209236
267057,1,1,6,656.2696193388107
267064,1,1,8,805.5253215195582
267065,1,1,10,438.93996675793
267083,1,1,5,0.42645457969393247
267086,1,1,4,0.42645458358136
267092,1,1,6,620.1655333098548
267100,1,1,8,464.29518287667804
267101,1,1,9,688.8842143330395
267102,1,1,8,517.277318571419
267124,1,1,10,509.9453924039951
267128,1,1,5,0.42645457969393247
267139,1,1,8,430.8554357146924
267142,1,1,9,63.037859936789154
267157,1,1,1,560.6762281752891
267160,1,1,9,125.5510660495485
267180,1,1,6,570.7138414272871
267211,1,1,1,477.36935456567835
267212,1,1,10,545.1435092955854
267213,1,1,1,336.46195672830834
267215,1,1,4,0.42645458358136
267226,1,1,8,829.9380365078817
267228,1,1,9,295.96676667132016
267230,0,1,0,0.12861409246991923
267236,1,1,8,839.478515347134
267248,1,1,10,669.2653305265147
267256,1,1,2,410.6459991899356
267268,1,1,9,875.0777131605151
267274,1,1,6,799.4787077079062
267286,1,1,9,208.18010380584101
267294,1,1,6,261.2529556423562
267302,1,1,5,0.42645457969393247
267309,1,1,10,458.62474211711344
267319,1,1,2,383.73216225148036
267324,1,1,9,659.5070185630525
267325,1,1,4,0.42645458358136
267336,1,1,9,883.0062711910191
267340,1,1,8,707.7775736994486
267343,1,1,10,364.2647950487749
267349,1,1,8,474.5771967244986
267351,1,1,6,335.03290683622356
267364,1,1,5,0.42645456789925423
267366,1,1,6,486.10778241676826
267387,1,1,9,567.0102806402742
267399,1,1,4,0.42645458358136
267402,1,1,6,498.3608638057422
267404,1,1,3,89.70911021843459
267420,1,1,9,640.2489513379478
267424,1,1,5,0.42645457969393247
267426,1,1,4,0.42645458358136
267429,1,1,10,699.9843842072966
267432,1,1,7,95.33900372651803
267435,1,1,2,474.3673537146167
267463,1,1,8,733.4098575021371
267467,1,1,10,583.7555125745394
267476,1,1,4,0.42645458358136
267480,1,1,9,728.9407488822035
267484,1,1,2,470.47944583301927
267491,1,1,4,0.42645458358136
267505,1,1,6,565.8830420340081
267509,1,1,8,685.7521807576675
267521,1,1,3,83.48013937696844
267526,1,1,9,848.2022843068975
267537,1,1,2,283.7414749060298
267553,1,1,9,533.7655487607489
267559,1,1,10,452.883880213218
267567,1,1,6,790.4093451267441
267577,1,1,4,0.42645458358136
267592,1,1,4,0.42645458358136
267612,1,1,7,4.390633203452506
267615,1,1,9,676.9713639345933
267635,1,1,9,641.9337231680034
267649,1,1,7,153.67572692636057
267653,1,1,9,436.7108833536263
267665,1,1,6,592.4772691461816
267674,1,1,9,734.1988108895533
267684,1,1,1,257.93606256426614
267690,1,1,1,535.7120818399355
267693,1,1,10,437.8911080291213
267703,1,1,8,780.5917441017035
267707,1,1,7,169.28180003936225
267724,1,1,9,734.141975517911
267741,1,1,5,0.42645457969393247
267745,1,1,9,854.6846178942276
267754,1,1,10,365.2227466741316
267761,1,1,9,365.2974978411562
267763,1,1,9,377.6714300177176
267770,1,1,1,409.4490210929092
267813,1,1,9,550.9277681373854
267827,1,1,6,446.3855883955573
267854,1,1,10,501.07618297241277
267858,1,1,10,576.3227925016328
267864,1,1,5,0.42645457969393247
267872,1,1,5,0.42645457969393247
267873,1,1,9,272.3510974296362
267900,1,1,8,481.5998124402301
267902,1,1,3,92.14728826770235
267907,1,1,8,718.3728894798212
267923,1,1,4,0.42645458358136
267938,0,1,0,0.11668276154244885
267947,1,1,3,58.484043750368045
267964,1,1,10,253.3682142128382
267970,1,1,8,773.2187669705595
267976,1,1,5,0.42645457969393247
267981,1,1,8,475.9869658091867
268001,1,1,8,613.2189686800905
268002,1,1,4,0.42645458358136
268007,1,1,9,820.4353920274054
268015,1,1,3,81.74618407310462
268019,1,1,3,81.76823235491095
268029,1,1,10,460.6087329296386
268031,1,1,8,602.9369082686366
268034,1,1,9,518.6891506166023
268036,1,1,6,508.3389970952658
268037,1,1,8,429.18667193058775
268042,1,1,8,743.2096016377516
268046,1,1,1,602.8298514495098
268056,1,1,5,0.42645457969393247
268057,1,1,9,404.88133672612275
268058,1,1,7,165.6565720147516
268061,1,1,5,0.42645457969393247
268064,1,1,5,0.42645457969393247
268066,1,1,6,519.5405518625694
268080,1,1,6,781.5473645597383
268092,1,1,6,767.1484558489789
268109,1,1,6,501.1803400792245
268128,1,1,5,0.42645457969393247
268129,1,1,6,787.8584530434877
268137,1,1,9,617.0807962836677
268147,1,1,8,606.1146403676403
268178,1,1,8,826.5098163039704
268180,1,1,5,0.42645457969393247
268186,1,1,5,0.42645457969393247
268187,1,1,9,395.3699252214755
268191,1,1,1,748.9718366273376
268225,1,1,1,244.36887424904938
268229,1,1,9,788.7373458791814
268234,1,1,9,258.2204608944453
268244,1,1,2,311.50942340055127
268250,1,1,8,778.9339246492826
268257,1,1,8,383.6885141095111
268264,1,1,6,772.5102614274996
268272,1,1,5,0.42645457969393247
268289,1,1,9,836.2860952541138
268293,1,1,10,371.0907840961324
268297,1,1,8,652.6002653324878
268322,1,1,7,80.48637219388097
268324,1,1,1,419.76613108092675
268327,1,1,9,823.9819983342367
268341,1,1,9,854.8278025603239
268346,1,1,6,486.7568307405213
268355,1,1,9,427.40291112302236
268360,1,1,4,0.42645458358136
268380,1,1,1,605.1345642604477
268386,1,1,7,149.52330468707265
268404,1,1,7,41.096883903062
268422,1,1,5,0.42645457969393247
268443,1,1,7,170.9928854540545
268449,1,1,9,639.6538920651154
268466,1,1,8,778.1598487071594
268467,1,1,9,865.5905514297922
268468,1,1,5,0.42645457969393247
268471,1,1,6,150.24505331317258
268492,1,1,9,318.5256048326671
268508,1,1,6,494.3932591821579
268537,1,1,5,0.42645457969393247
268538,1,1,6,764.4032227825228
268546,1,1,6,416.87614870527125
268547,1,1,6,268.08820677549244
268556,1,1,5,0.42645456789925423
268560,1,1,1,408.58622626179005
268562,1,1,5,0.42645457969393247
268570,1,1,5,0.42645457969393247
268580,1,1,4,0.42645458358136
268595,1,1,10,375.7273754307942
268608,1,1,8,538.9694450995821
268612,1,1,9,383.3997006698925
268630,1,1,5,0.42645457969393247
268648,1,1,4,0.42645458358136
268650,1,1,9,459.8159300356787
268661,1,1,6,698.8116596060636
268664,1,1,7,158.35156436964854
268672,1,1,7,97.97292628981911
268704,1,1,4,0.42645458358136
268724,1,1,9,205.41530333680066
268746,1,1,7,158.9138508475577
268756,1,1,10,544.4381863241377
268766,1,1,9,608.1641897665342
268768,1,1,6,175.77585653573837
268777,1,1,6,480.0869990634323
268789,1,1,9,652.9914557652849
268794,1,1,10,711.5738109425806
268795,0,1,0,0.11409439035490573
268797,1,1,10,460.63413379993034
268803,1,1,1,370.5460007783267
268814,1,1,7,125.70107076759898
268815,1,1,10,402.4405144672863
268821,1,1,5,0.42645457969393247
268825,1,1,10,278.69959129885433
268836,1,1,9,661.9041545549936
268844,1,1,1,555.7724153985725
268847,1,1,10,702.0945626827748
268859,1,1,9,795.3484587510368
268860,1,1,8,734.5470783614778
268861,1,1,6,306.63428220345634
268863,1,1,9,342.72289297202184
268865,1,1,6,308.751416242292
268900,1,1,10,567.8802465853546
268903,1,1,3,81.93337937338478
268908,1,1,2,290.49026856581565
268909,1,1,10,626.3880988469401
268925,1,1,8,278.888127346225
268928,1,1,1,225.59474761315386
268965,1,1,1,721.0797194567906
268973,1,1,5,0.42645457969393247
268975,1,1,9,814.5985039153657
268984,1,1,5,0.42645457969393247
268990,1,1,8,262.1166647096864
269005,1,1,1,330.25601966724224
269019,1,1,8,440.7186928450074
269022,1,1,8,730.8659896375567
269033,1,1,6,678.5950218960471
269041,1,1,5,0.42645457969393247
269060,1,1,8,350.24012978244053
269062,1,1,10,417.6343653400872
269064,1,1,1,562.6717531914654
269065,1,1,1,672.9932147213354
269068,1,1,2,424.6578446413515
269087,1,1,4,0.42645458358136
269096,1,1,7,65.35948757339767
269099,1,1,8,868.2030595520782
269100,1,1,1,456.0457349411683
269101,1,1,7,160.11150736869607
269108,1,1,2,395.2403970275446
269110,1,1,3,90.02018481949568
269128,1,1,4,0.42645458358136
269132,1,1,2,193.89385448550357
269136,1,1,9,300.4749188227926
269146,1,1,3,91.90748906372187
269154,1,1,9,659.9711249444124
269161,1,1,9,501.001293305404
269190,1,1,8,833.9245867726977
269201,1,1,5,0.42645457969393247
269203,1,1,8,762.6815648439315
269219,1,1,6,672.8738154774891
269221,1,1,8,446.25637530490064
269227,1,1,4,0.42645458358136
269252,1,1,9,493.40249379675396
269264,1,1,6,795.1756342097475
269266,1,1,3,90.29668870296307
269279,1,1,9,836.2813754510936
269281,1,1,6,804.600675883061
269288,1,1,4,0.42645458358136
269306,1,1,9,212.30876583414874
269307,1,1,4,0.42645457969393247
269333,1,1,4,0.42645458358136
269345,1,1,4,0.42645458358136
269348,1,1,8,367.94833941350834
269355,1,1,4,0.42645458358136
269361,1,1,6,618.1870380321473
269363,1,1,8,473.315266262186
269381,1,1,6,575.2599807997944
269385,1,1,7,121.26776642443822
269393,1,1,2,113.85574177570939
269395,1,1,9,169.28930783056018
269411,1,1,2,152.54360131393676
269414,1,1,9,876.5368295903266
269420,1,1,2,386.6424028412145
269422,1,1,8,362.0228196434549
269423,1,1,9,135.255683440812
269437,1,1,1,527.2016437967177
269460,1,1,8,271.78288198012774
269468,1,1,5,0.42645457969393247
269483,1,1,6,787.7553361209513
269486,1,1,6,266.28352397897487
269492,1,1,10,373.36781769970355
269493,1,1,1,253.6495458300458
269500,1,1,6,641.8282768363658
269503,1,1,9,373.39917488851285
269538,1,1,8,876.5649826383992
269541,1,1,5,0.42645457969393247
269549,1,1,4,0.42645458358136
269575,1,1,1,544.5506802738298
269579,1,1,3,93.1277636828996
269603,1,1,2,364.3886701223771
269621,1,1,4,0.42645458358136
269622,1,1,4,0.42645458358136
269637,1,1,3,73.75597939555563
269642,1,1,6,300.4351452434814
269648,1,1,9,622.7224982728933
269650,1,1,8,731.6134641419866
269666,1,1,9,462.4528488434568
269671,1,1,9,746.7382621916651
269685,1,1,7,62.684668780039765
269695,1,1,10,496.0624748345271
269699,1,1,10,195.23653877301993
269714,1,1,8,658.0837408137025
269742,1,1,10,505.33571544258245
269746,1,1,9,146.28513324828526
269756,1,1,9,870.8504179765658
269765,1,1,10,462.3357726941334
269778,1,1,9,238.4278917449579
269784,1,1,9,869.0940645493189
269785,1,1,6,321.6271385442336
269790,1,1,1,646.4376848718158
269804,1,1,4,0.42645457969393247
269812,1,1,7,60.74479211401255
269814,1,1,9,862.1519056805002
269823,1,1,4,0.42645458358136
269834,1,1,6,395.33046215541447
269839,1,1,4,0.42645458358136
269849,1,1,4,0.42645458358136
269853,1,1,10,406.88459060579953
269859,1,1,4,0.42645458358136
269879,1,1,5,0.42645457969393247
269895,1,1,4,0.42645458358136
269898,1,1,3,84.27044086557876
269904,1,1,4,0.42645458358136
269919,1,1,8,390.3969973505887
269941,1,1,10,379.40012158371076
269952,1,1,5,0.42645457969393247
269962,1,1,4,0.42645458358136
269971,1,1,5,0.42645457969393247
269985,1,1,10,459.16290662161424
269993,1,1,8,519.5808805603355
270002,1,1,9,853.9411364839318
270007,1,1,10,660.2737389800291
270008,1,1,9,837.7851811331271
270009,1,1,5,0.42645456789925423
270017,1,1,9,888.9676795405626
270025,1,1,6,546.650411396892
270050,1,1,8,198.61250488412676
270078,1,1,8,792.957431630098
270092,1,1,8,612.3785615109471
270100,1,1,5,0.42645457969393247
270114,1,1,5,0.42645457969393247
270116,1,1,5,0.42645457969393247
270129,1,1,10,459.3822948284535
270147,1,1,4,0.42645458358136
270148,1,1,5,0.42645457969393247
270151,1,1,6,619.8676210872941
270157,1,1,4,0.42645458358136
270167,1,1,9,843.2921153522414
270170,1,1,8,773.2060139492279
270178,1,1,3,71.13749809926632
270180,1,1,4,0.42645458358136
270185,1,1,9,774.528433267541
270204,1,1,6,782.7032972915536
270213,1,1,8,723.5360380893447
270221,1,1,4,0.42645458358136
270231,1,1,10,246.46040278511106
270232,1,1,8,689.0919909302786
270243,1,1,8,219.23807033119778
270251,1,1,9,727.1449635669769
270263,1,1,4,0.42645458358136
270266,1,1,6,507.49084573843004
270270,1,1,4,0.42645458358136
270278,1,1,4,0.42645458358136
270304,1,1,6,616.4626653228254
270343,1,1,9,583.8124388464413
270347,1,1,8,894.0353224668945
270356,1,1,7,115.11863550289286
270383,1,1,9,51.71695452742126
270389,1,1,7,77.21326281050467
270395,1,1,8,829.7888635334409
270398,1,1,7,0.6011761908298033
270400,1,1,6,129.15992505382812
270406,1,1,10,698.2239333096878
270409,1,1,1,753.2059048600071
270444,1,1,10,521.4078014155091
270445,1,1,9,746.7580117760506
270447,1,1,4,0.42645458358136
270449,1,1,9,761.3918914156598
270457,1,1,4,0.42645458358136
270467,1,1,6,708.2725475043594
270492,1,1,8,762.2386194302273
270532,1,1,8,643.8468905376162
270535,0,1,0,0.16475660115738758
270536,1,1,6,547.7053290461599
270546,1,1,4,0.42645458358136
270556,1,1,5,0.42645457969393247
270559,1,1,8,659.922878556105
270564,1,1,9,600.1386984129447
270572,1,1,5,0.42645457969393247
270592,1,1,6,509.24619448441393
270604,1,1,9,297.33613330212785
270606,1,1,5,0.42645457969393247
270613,1,1,9,755.0080280663458
270628,1,1,1,475.1290553302738
270649,1,1,5,0.42645457969393247
270653,1,1,6,606.2305032675557
270657,1,1,2,413.7445755450199
270672,1,1,7,172.35358702278504
270677,1,1,8,840.5159502925292
270692,1,1,6,533.0308946372328
270699,1,1,8,361.4922163377411
270712,1,1,5,0.42645457969393247
270713,1,1,10,446.383886589227
270715,1,1,10,688.1157138852187
270724,1,1,9,882.6488466389424
270727,1,1,8,733.0823173839203
270738,1,1,9,461.1569221525
270759,1,1,5,0.42645457969393247
270760,1,1,6,129.1724096058268
270763,1,1,8,539.5297097930354
270765,1,1,6,442.3063606568369
270780,1,1,6,607.2270375110766
270781,1,1,5,0.42645457969393247
270797,1,1,9,397.46689545140305
270800,1,1,1,700.2368402122152
270811,1,1,5,0.42645457969393247
270820,1,1,4,0.42645458358136
270821,1,1,9,853.7078057878582
270844,1,1,2,85.68633106662445
270863,1,1,6,734.3195347307798
270864,1,1,10,94.44225613847584
270868,1,1,6,563.5114369226015
270877,1,1,8,644.8417939740038
270885,1,1,8,559.9773736434369
270888,1,1,7,117.61233131420506
270889,1,1,6,642.1579735824826
270893,1,1,9,109.2287948770653
270897,1,1,9,700.5340392533752
270925,1,1,7,161.89860004348017
270931,1,1,8,543.2858667886925
270945,1,1,5,0.42645456789925423
270962,1,1,8,943.7812689899479
270980,1,1,10,492.975549987869
271022,1,1,5,0.42645457969393247
271047,1,1,10,126.21599571303486
271051,1,1,7,166.32627162529408
271060,1,1,2,342.598229530867
271064,1,1,8,698.3871759956257
271089,1,1,5,0.42645457969393247
271102,1,1,6,247.71200706521904
271111,1,1,9,582.0435542478069
271179,1,1,2,425.26182825961666
271183,1,1,8,870.8861052029763
271191,1,1,8,343.620807897249
271195,1,1,5,0.42645457969393247
271211,1,1,9,812.1559279974439
271216,1,1,2,87.95218691737263
271220,1,1,5,0.42645457969393247
271235,1,1,1,639.7563580813944
271249,1,1,8,402.67540037930854
271251,1,1,6,705.3792557975573
271252,1,1,1,726.588488418383
271265,1,1,1,548.304908566771
271276,1,1,1,650.0402775780545
271283,1,1,6,772.6379153247468
271285,1,1,6,554.7768605360725
271319,1,1,9,859.2594028630962
271323,1,1,6,267.22818226683825
271335,1,1,8,923.77486679656
271336,1,1,6,736.8140925913535
271345,1,1,1,544.6007467830078
271356,1,1,7,119.65153750878211
271361,1,1,8,829.4166945617258
271374,1,1,7,132.38871504299306
271375,1,1,2,377.46608262931
271389,1,1,6,706.7830725274773
271396,1,1,4,0.42645458358136
271400,1,1,4,0.42645457969393247
271402,1,1,4,0.42645458358136
271405,1,1,9,819.5040701937271
271413,1,1,2,398.69367446320973
271420,1,1,4,0.42645458358136
271425,1,1,6,221.45315705357288
271438,1,1,5,0.42645457969393247
271439,1,1,1,432.0621599513892
271444,1,1,4,0.42645458358136
271465,1,1,9,488.83779175418243
271475,1,1,3,87.01743053187602
271477,0,1,0,0.12684084669906287
271481,1,1,9,504.4379359003785
271483,1,1,6,791.1620138925754
271497,1,1,9,856.4157565362276
271502,1,1,7,64.23368246660337
271518,1,1,8,886.9817212469685
271520,1,1,4,0.42645458358136
271521,1,1,9,607.2725946945815
271525,1,1,4,0.42645458358136
271530,1,1,9,836.8719805130322
271544,1,1,1,596.4711502171417
271554,1,1,4,0.42645458358136
271555,1,1,4,0.42645458358136
271573,1,1,3,76.89961662268198
271577,1,1,5,0.42645457969393247
271580,1,1,8,556.8899852321925
271584,1,1,6,408.1470483313794
271610,1,1,9,813.6123540618845
271611,1,1,5,0.42645457969393247
271618,1,1,3,84.88621394300817
271624,1,1,5,0.42645457969393247
271632,1,1,8,793.7320661334884
271637,1,1,6,799.6317424222757
271643,1,1,6,479.1415461669414
271657,1,1,3,78.071965920131
271658,1,1,5,0.42645457969393247
271661,1,1,8,189.944595539409
271664,1,1,1,426.073732938289
271668,1,1,9,771.4133887855041
271685,1,1,5,0.42645457969393247
271695,1,1,7,89.87551540577769
271710,1,1,9,421.0092402937169
271712,1,1,9,543.8477101139804
271713,1,1,10,721.2485229156182
271726,1,1,9,662.0967254837341
271729,1,1,5,0.42645457969393247
271730,1,1,8,778.158098186811
271732,1,1,2,432.1922022251665
271737,1,1,8,858.1573784143377
271762,1,1,9,273.3955568857876
271766,1,1,5,0.42645457969393247
271771,1,1,4,0.42645458358136
271800,1,1,5,0.42645457969393247
271815,1,1,6,304.2897227227258
271818,1,1,5,0.42645457969393247
271829,1,1,5,0.42645457969393247
271842,1,1,4,0.42645458358136
271844,1,1,8,582.4355951965379
271852,1,1,6,504.8231135305519
271858,1,1,5,0.42645457969393247
271881,1,1,8,665.7591146325296
271889,1,1,6,377.796883982174
271900,1,1,10,286.2702450656818
271913,1,1,7,117.0461030166447
271960,1,1,10,706.176415511633
271969,1,1,8,722.8729418721066
271990,1,1,1,661.5338083498492
271995,1,1,8,646.631833557839
272006,1,1,8,778.4208360863182
272039,1,1,4,0.42645458358136
272045,1,1,4,0.42645458358136
272055,1,1,9,788.0654042565167
272060,1,1,1,613.0805436438774
272061,1,1,9,495.53809889238414
272078,1,1,5,0.42645457969393247
272083,1,1,5,0.42645457969393247
272090,1,1,8,739.5094283218571
272116,1,1,6,286.1528007740493
272119,1,1,8,780.932444887241
272122,1,1,9,508.2449639967294
272131,1,1,8,807.4883006310711
272140,1,1,5,0.42645457969393247
272156,1,1,4,0.42645458358136
272168,1,1,8,351.9103782113436
272205,1,1,1,758.7574683010165
272207,1,1,6,810.0903727789
272242,1,1,8,639.7042531888097
272244,1,1,9,420.060819596346
272245,1,1,10,624.007924049805
272252,1,1,7,148.67207430457992
272253,1,1,9,613.2680278495166
272255,1,1,10,252.50747077514123
272265,1,1,9,441.0586711887242
272267,1,1,4,0.42645458358136
272275,1,1,2,431.77756107185957
272302,1,1,9,887.0184128501472
272313,1,1,10,604.9968878365253
272345,1,1,8,278.82507803769386
272348,0,1,0,0.11893263811250618
272352,1,1,9,810.6709075156534
272356,1,1,7,69.1380541752298
272363,1,1,10,352.3890212322759
272364,1,1,8,781.9492560174215
272377,1,1,4,0.42645458358136
272385,1,1,1,730.4679108855856
272391,1,1,9,602.6527503553713
272403,1,1,8,801.1701398884193
272415,1,1,8,220.38797350140663
272418,1,1,5,0.42645457969393247
272419,1,1,7,49.01541051668363
272439,1,1,6,562.9938927638649
272445,1,1,6,509.90939815438975
272478,1,1,8,690.0327854396311
272488,1,1,8,692.698253547214
272514,1,1,8,925.2530847737557
272529,1,1,10,656.0155703581543
272542,1,1,9,806.9216316587083
272596,1,1,5,0.42645457969393247
272599,1,1,8,557.1694543634276
272600,1,1,9,633.2732895466006
272601,1,1,6,783.5177567096573
272604,1,1,9,30.62167521901244
272630,1,1,2,427.3948085261982
272631,1,1,6,810.6556614218015
272638,1,1,8,269.81018643389166
272666,1,1,5,0.42645457969393247
272671,1,1,6,366.6626766140332
272681,1,1,10,188.23649844934198
272684,1,1,2,446.5978108416462
272690,1,1,6,810.4153775876595
272691,1,1,10,658.9501528956301
272703,1,1,1,225.55744404043537
272721,0,1,0,0.13463286588325035
272725,1,1,4,0.42645458358136
272744,1,1,10,653.1415691186642
272745,1,1,9,65.33783318340866
272759,1,1,5,0.42645457969393247
272780,1,1,1,465.87409118121536
272790,1,1,5,0.42645457969393247
272799,1,1,7,81.10059893746238
272800,1,1,5,0.42645457969393247
272801,1,1,8,719.4357410147375
272807,1,1,1,688.3021419586049
272835,1,1,9,828.6961111210456
272863,0,1,0,0.09444210819736756
272872,1,1,6,740.5255199694028
272897,1,1,5,0.42645457969393247
272901,1,1,9,547.0067116027316
272904,1,1,8,507.23283551918274
272924,1,1,1,219.67333769589516
272950,1,1,5,0.42645457969393247
272951,1,1,3,85.04427249592422
272953,1,1,9,117.54459278049873
272980,1,1,6,658.5056310435775
272983,1,1,6,422.3521945127006
272993,1,1,9,465.06142699548485
273016,1,1,9,861.0537208554963
273032,1,1,8,935.339427239081
273040,1,1,2,377.49831046693316
273047,1,1,9,178.9770513003881
273055,1,1,4,0.42645458358136
273057,1,1,1,674.001744010531
273082,1,1,5,0.42645457969393247
273084,1,1,4,0.42645458358136
273086,1,1,7,79.3239180213504
273092,1,1,5,0.42645457969393247
273094,1,1,1,297.4135740069321
273114,1,1,5,0.42645457969393247
273132,1,1,9,831.5348292044262
273145,1,1,4,0.42645458358136
273150,1,1,4,0.42645458358136
273171,0,1,0,0.13588969370902607
273193,1,1,5,0.42645457969393247
273202,1,1,4,0.42645458358136
273220,1,1,5,0.42645457969393247
273221,1,1,5,0.42645457969393247
273228,1,1,4,0.42645458358136
273231,1,1,6,361.2192353797841
273243,1,1,8,515.210498333238
273247,1,1,4,0.42645458358136
273249,1,1,10,539.6743921788074
273259,1,1,5,0.42645457969393247
273274,1,1,9,118.36311376376518
273304,1,1,7,157.09330020722695
273307,1,1,9,804.9008524198574
273313,1,1,6,746.5260929224895
273332,1,1,9,492.30950977698
273336,1,1,9,409.0374184728339
273341,1,1,7,53.109778805632054
273343,1,1,3,71.07303710700653
273406,1,1,9,786.2268866032666
273412,1,1,1,156.16769540982907
273425,1,1,1,228.84596912375684
273446,1,1,4,0.42645458358136
273462,1,1,4,0.42645458358136
273468,1,1,9,387.1100137887073
273473,1,1,6,721.6966750213248
273479,1,1,9,784.2272617206522
273481,1,1,10,452.2563195328904
273501,1,1,7,139.9958786153869
273502,1,1,7,66.18111561164831
273509,1,1,9,305.60708567103325
273525,1,1,9,419.91989750557605
273526,1,1,5,0.42645457969393247
273531,1,1,8,527.9873792302798
273535,1,1,9,365.6830289664907
273537,1,1,6,361.17916180688655
273548,1,1,8,723.435749097407
273558,1,1,8,866.2474184287753
273562,1,1,8,691.373957478233
273566,1,1,7,130.39663183537738
273583,1,1,6,285.3129466533952
273587,1,1,1,577.4373901416342
273600,1,1,5,0.42645457969393247
273612,1,1,5,0.42645457969393247
273630,1,1,3,88.29293842608887
273638,1,1,4,0.42645458358136
273641,1,1,10,655.107393329734
273642,1,1,6,299.6869720409242
273648,1,1,4,0.42645458358136
273654,1,1,8,371.6373871001627
273659,1,1,10,488.82972316381654
273660,1,1,6,806.3450641697297
273667,1,1,7,160.4656558844653
273668,1,1,9,629.8158286137117
273670,1,1,9,765.409048464074
273676,1,1,1,671.7644256981671
273679,1,1,7,151.10077160868664
273688,1,1,4,0.42645458358136
273692,1,1,4,0.42645458358136
273708,1,1,9,602.015338385207
273711,1,1,5,0.42645457969393247
273718,1,1,8,934.9698943649526
273730,1,1,6,211.44820280009475
273731,1,1,2,342.3792450679479
273744,1,1,4,0.42645458358136
273761,1,1,8,917.656877496836
273764,1,1,3,81.56479323946341
273788,1,1,8,882.4639044622587
273793,1,1,10,381.6366646500483
273805,1,1,9,472.87270237329443
273814,1,1,8,633.4737918904159
273816,1,1,9,590.0118788007437
273838,1,1,5,0.42645457969393247
273841,1,1,10,630.7099177501221
273854,1,1,9,836.2915667225748
273858,1,1,4,0.42645458358136
273860,1,1,7,91.29816167276695
273879,1,1,5,0.42645457969393247
273916,1,1,6,605.6280340070331
273923,1,1,5,0.42645456789925423
273958,1,1,9,729.112953556653
273959,1,1,8,140.98710379180326
273964,1,1,8,383.5116221888133
273970,1,1,7,99.81955163994517
273985,1,1,7,88.43443454496104
273987,1,1,4,0.42645458358136
273993,1,1,6,642.5426504058393
274039,1,1,6,237.42808257881438
274043,1,1,10,463.3147702994566
274059,1,1,10,629.303815379466
274082,1,1,1,241.53637369077634
274087,1,1,8,565.1271214727386
274091,1,1,6,188.29266982317952
274099,1,1,1,392.97352392124134
274116,1,1,9,714.8423516990141
274132,1,1,6,776.3389888464237
274150,1,1,5,0.42645457969393247
274160,0,1,0,0.14601371393815116
274162,1,1,6,423.78571473764435
274174,1,1,6,386.80810676522145
274175,1,1,1,552.3506413223776
274182,1,1,6,801.3154058242206
274185,1,1,1,456.85170469231537
274216,1,1,6,737.8794146681556
274227,1,1,5,0.42645457969393247
274234,1,1,4,0.42645458358136
274247,1,1,9,617.5241384939542
274290,1,1,5,0.42645457969393247
274292,1,1,7,69.56108752115594
274305,1,1,8,538.6384448926934
274306,1,1,7,69.71797404752965
274313,1,1,6,811.9984604697175
274320,1,1,6,778.7424269997017
274321,1,1,7,54.328043292222176
274333,1,1,6,422.30107701819765
274359,1,1,8,340.40591645543105
274368,1,1,9,893.6708176868214
274394,1,1,1,423.3228339180719
274403,1,1,8,854.071521658008
274408,1,1,4,0.42645458358136
274410,1,1,1,345.940971917235
274412,1,1,10,717.350965543435
274428,1,1,9,693.4000875039669
274437,1,1,5,0.42645457969393247
274449,1,1,2,251.40191801813614
274468,1,1,3,83.56361739429212
274502,1,1,5,0.42645457969393247
274506,1,1,8,137.1196675321346
274520,1,1,5,0.42645457969393247
274530,1,1,10,684.9278869459076
274542,1,1,9,855.1756670726168
274547,1,1,3,70.6475630758614
274548,1,1,4,0.42645458358136
274550,1,1,8,679.5269813605458
274551,1,1,10,467.4680569486342
274561,1,1,3,89.49914929350513
274566,1,1,8,560.0594856901931
274585,1,1,9,231.5687448207197
274595,1,1,10,677.8861553782729
274605,1,1,2,125.69395620211509
274611,1,1,6,787.0933001976052
274622,1,1,8,821.4064932684253
274633,1,1,8,614.7893322945799
274634,1,1,10,198.19612864484984
274638,1,1,10,329.6403036553164
274653,1,1,5,0.42645457969393247
274669,1,1,6,240.62362361091795
274705,1,1,3,52.94632255405317
274719,1,1,4,0.42645458358136
274720,1,1,10,559.5881038809172
274734,1,1,4,0.42645458358136
274746,1,1,5,0.42645457969393247
274748,1,1,4,0.42645458358136
274751,1,1,1,449.04180429658226
274753,1,1,9,793.4874063001314
274756,1,1,6,800.4467512369878
274757,1,1,10,297.19249319564125
274766,1,1,8,493.9096538010472
274777,1,1,9,837.1463070079039
274779,1,1,1,188.4101166722317
274787,1,1,8,504.3212577532509
274791,1,1,10,626.9439801186353
274804,1,1,8,936.3951122455259
274831,1,1,4,0.42645458358136
274853,1,1,9,845.3069315331411
274856,1,1,9,317.7766057151211
274864,1,1,10,257.16921768796936
274872,1,1,6,131.8697976487242
274884,1,1,7,78.37241489570529
274888,1,1,3,91.85725933099451
274894,1,1,8,271.7973434207487
274897,1,1,4,0.42645458358136
274910,1,1,6,614.9879881353786
274925,1,1,4,0.42645458358136
274931,1,1,4,0.4264545919581291
274959,1,1,6,806.6694389470986
274962,1,1,10,427.3145319968453
274975,0,1,0,0.08584200633951991
275006,1,1,4,0.42645458358136
275027,1,1,7,157.21166553115498
275030,1,1,8,505.58501605972026
275039,1,1,8,651.9304411536529
275041,1,1,7,159.45473300087764
275051,1,1,5,0.42645457969393247
275063,1,1,9,704.2832106134823
275071,1,1,4,0.42645458358136
275082,1,1,1,345.9657091326098
275108,1,1,10,718.3749585764587
275121,1,1,9,846.2885992869768
275131,1,1,5,0.42645457969393247
275133,1,1,10,721.3069025881479
275150,1,1,8,543.2530602301858
275152,1,1,8,913.6590673627354
275154,1,1,9,580.5374982597255
275155,1,1,8,629.4337391861968
275166,1,1,1,198.61544676053268
275167,1,1,5,0.42645457969393247
275171,1,1,9,329.07985622111704
275189,1,1,8,947.1545817795441
275199,1,1,10,545.7427925501568
275206,1,1,6,778.3512884314453
275210,1,1,6,287.39052149372833
275217,1,1,4,0.42645458358136
275234,0,1,0,0.1177787401124066
275254,1,1,9,810.6313835350069
275266,1,1,1,488.2843278850722
275288,1,1,5,0.42645456789925423
275305,1,1,8,280.8635870779328
275317,1,1,6,365.37147757147477
275337,1,1,8,510.7460308422053
275342,1,1,6,486.5203608024416
275352,1,1,5,0.42645457969393247
275370,1,1,9,501.1011118704125
275373,1,1,8,656.8281039967812
275388,1,1,9,234.94611154957056
275409,1,1,1,371.87468674327766
275413,1,1,7,72.0831257654846
275421,1,1,9,405.5026547024547
275459,1,1,8,846.2837594910479
275471,1,1,10,175.04264907077805
275480,1,1,9,270.5503010059333
275487,1,1,8,384.91679527921696
275507,1,1,9,592.992515937171
275535,1,1,8,790.4228493894062
275548,1,1,4,0.42645458358136
275553,1,1,8,385.39304237290446
275560,1,1,5,0.42645457969393247
275568,1,1,5,0.42645457969393247
275589,1,1,5,0.42645457969393247
275598,1,1,10,264.3868477953733
275604,1,1,3,89.26554136742975
275612,1,1,2,179.98182215191
275624,1,1,6,792.9961541408853
275626,1,1,4,0.42645458358136
275648,1,1,9,553.1253022212959
275649,1,1,9,465.51251589445286
275654,1,1,6,254.85781986413878
275657,1,1,5,0.42645457969393247
275663,1,1,4,0.4264545919581291
275668,1,1,9,740.4133904086617
275674,1,1,8,214.13942421885125
275682,1,1,4,0.42645458358136
275689,1,1,5,0.42645457969393247
275698,1,1,6,667.4602780466063
275699,1,1,8,812.352658078518
275712,1,1,5,0.42645457969393247
275716,0,1,0,0.0870379579431983
275733,1,1,6,784.5412784452859
275735,1,1,1,699.9712816011424
275736,1,1,5,0.42645457969393247
275749,1,1,5,0.42645457969393247
275755,1,1,6,373.28154247772864
275759,1,1,1,330.03724826539525
275766,1,1,10,416.9447205326072
275783,1,1,9,739.2721096501086
275790,1,1,9,747.808630538877
275792,1,1,2,65.1644807777625
275840,1,1,6,741.2755179671842
275854,1,1,5,0.42645457969393247
275865,1,1,5,0.42645457969393247
275867,1,1,4,0.42645458358136
275873,1,1,4,0.42645458358136
275914,1,1,10,265.58789650217096
275930,1,1,4,0.42645458358136
275932,1,1,9,479.0172360455439
275939,1,1,5,0.42645457969393247
275941,1,1,3,70.52769012255348
275947,1,1,9,794.4213162487217
275964,1,1,5,0.42645457969393247
275965,1,1,8,579.5080976762309
275969,1,1,5,0.42645456789925423
275976,1,1,8,212.30620081392516
275984,1,1,4,0.42645458358136
275993,1,1,8,494.04792597384164
275995,1,1,4,0.42645457969393247
276014,1,1,10,719.7533799436409
276016,1,1,9,527.5540546071965
276017,1,1,8,534.0404870162591
276044,1,1,10,659.8686342346253
276066,1,1,4,0.42645458358136
276079,1,1,8,543.3007954950256
276080,1,1,1,724.124464926562
276095,1,1,8,684.8389380478592
276098,1,1,9,639.7227613517628
276106,1,1,3,91.15166935579154
276115,1,1,1,689.078365135759
276138,1,1,6,256.3830114462078
276145,1,1,10,512.3565412530573
276149,1,1,5,0.42645457969393247
276150,1,1,8,791.9193847197504
276154,1,1,9,511.79961838769384
276175,0,1,0,0.18571746670163647
276190,1,1,10,201.5143257407598
276196,1,1,4,0.42645458358136
276208,1,1,1,156.48938139818017
276211,1,1,6,664.0453413123221
276222,1,1,4,0.42645458358136
276223,1,1,6,606.5797178454103
276247,1,1,9,376.9407702010303
276255,1,1,4,0.42645458358136
276266,1,1,8,197.4035454429654
276271,1,1,5,0.42645457969393247
276275,1,1,1,453.02572353152783
276288,1,1,9,872.3843676775771
276293,1,1,4,0.42645458358136
276335,1,1,6,758.2175730019902
276345,1,1,8,212.2266922536149
276365,1,1,10,225.79424966030044
276366,1,1,10,668.406971294129
276370,1,1,8,464.0341358802117
276375,1,1,6,541.3063973411282
276381,1,1,6,641.1504212698864
276388,1,1,4,0.42645458358136
276406,1,1,9,744.6059262161941
276413,1,1,7,93.82120598097904
276438,1,1,9,487.72403114378056
276508,1,1,3,82.97952977328276
276512,1,1,10,679.4775699576956
276518,1,1,5,0.42645457969393247
276520,1,1,6,412.09792530925904
276540,1,1,9,570.4544088388687
276547,1,1,3,90.77777119172416
276580,1,1,8,500.43163168596914
276598,1,1,10,247.13305229812462
276606,1,1,9,328.52933410538225
276623,1,1,9,719.4877449228032
276647,1,1,6,698.0415492204393
276653,1,1,10,720.044592341361
276671,1,1,4,0.42645458358136
276677,1,1,9,551.9505110285486
276682,1,1,1,631.3522754666924
276688,1,1,3,88.42218548454723
276707,1,1,7,110.44989000472411
276710,1,1,8,769.3001051803168
276729,1,1,4,0.4264545919581291
276752,1,1,9,258.6798759268643
276762,1,1,5,0.42645457969393247
276763,1,1,5,0.42645457969393247
276765,1,1,9,653.3603380270888
276785,1,1,4,0.42645458358136
276789,1,1,6,617.9325729448243
276803,1,1,2,399.0609053643493
276819,1,1,5,0.42645457969393247
276826,1,1,1,741.7866176957613
276859,1,1,9,237.96347021313787
276866,1,1,10,324.49015205126375
276867,1,1,9,615.2076901769337
276868,1,1,10,280.42607873523593
276881,1,1,9,869.9729984833244
276885,1,1,9,390.88181297915287
276894,1,1,4,0.42645458358136
276901,1,1,10,416.73532735831554
276903,1,1,4,0.42645458358136
276909,1,1,4,0.42645458358136
276912,1,1,4,0.42645458358136
276926,1,1,5,0.42645457969393247
276944,1,1,6,698.8389678843424
276949,1,1,5,0.42645457969393247
276980,1,1,9,632.1198273322734
276983,1,1,8,840.4973801808966
276990,1,1,4,0.42645458358136
276991,1,1,8,396.15196522697715
277002,1,1,8,938.0847151876088
277016,1,1,9,705.3430102698103
277019,1,1,4,0.42645458358136
277024,1,1,10,430.85292459084707
277026,1,1,8,923.5310971189043
277029,1,1,1,593.700717431999
277042,1,1,4,0.42645458358136
277065,1,1,4,0.42645458358136
277066,1,1,6,677.8343856884353
277071,1,1,4,0.42645458358136
277077,1,1,10,127.29719465084794
277081,1,1,3,92.79546987416646
277095,1,1,2,270.00998058499835
277097,1,1,9,663.7494751100966
277099,1,1,4,0.42645458358136
277100,1,1,7,102.07177832291401
277103,1,1,5,0.42645457969393247
277110,1,1,6,646.9770758716346
277123,1,1,6,509.7496331808643
277128,1,1,8,531.4294303329801
277137,1,1,9,865.961343893176
277138,1,1,9,601.3214669250558
277144,1,1,8,301.8776678282605
277152,1,1,7,139.7302405188265
277159,1,1,2,404.512364944959
277177,1,1,4,0.42645458358136
277205,1,1,9,549.97837420751
277215,1,1,6,260.03213817150345
277224,1,1,5,0.42645457969393247
277242,1,1,2,478.4282484617886
277247,1,1,4,0.42645458358136
277271,1,1,4,0.42645458358136
277281,1,1,8,757.9153664360125
277295,1,1,4,0.42645457969393247
277297,1,1,9,881.4331937396045
277302,1,1,5,0.42645457969393247
277306,1,1,6,675.7098022379304
277312,1,1,5,0.42645456789925423
277317,1,1,1,581.2131981266051
277321,1,1,3,56.8333926192247
277322,1,1,9,863.7119345509216
277329,1,1,5,0.42645457969393247
277348,1,1,7,118.91384766690152
277383,1,1,10,149.4854103309559
277385,1,1,10,430.931987934737
277390,1,1,9,471.01601070363057
277392,1,1,7,69.22997132485554
277429,1,1,9,878.6784849536346
277430,1,1,6,587.1126681332343
277433,1,1,5,0.42645457969393247
277444,1,1,5,0.42645457969393247
277517,1,1,5,0.42645457969393247
277544,1,1,5,0.42645457969393247
277551,1,1,9,461.5383306552612
277557,1,1,9,838.1476190894555
277580,1,1,10,391.11257694752857
277594,1,1,7,85.43867455166787
277616,1,1,2,423.67450023423237
277623,1,1,10,625.8465080763757
277633,1,1,8,567.0876254021974
277640,1,1,10,432.4782332666238
277670,1,1,8,650.5638192400901
277680,1,1,9,782.042941359043
277706,1,1,4,0.42645458358136
277719,1,1,10,176.1860124415924
277730,1,1,7,85.97383108387979
277735,1,1,8,800.7533461620458
277780,1,1,7,134.9591357794629
277791,1,1,5,0.42645456789925423
277793,1,1,2,285.8272012133976
277821,1,1,6,289.1006530194156
277829,0,1,0,0.24059904935584642
277830,1,1,1,468.5557239313063
277848,1,1,6,220.50266016768518
277894,1,1,7,70.64073271744648
277907,0,1,0,0.10986045304092255
277921,1,1,4,0.42645458358136
277930,1,1,6,778.6879682718303
277936,1,1,9,874.6683329935178
277940,1,1,5,0.42645457969393247
277951,1,1,10,718.5343233303615
277952,1,1,5,0.42645457969393247
277954,1,1,8,422.5111885878246
277990,1,1,5,0.42645457969393247
277992,1,1,4,0.42645458358136
277999,1,1,9,70.00380964361761
278005,1,1,1,224.0981241323423
278006,1,1,6,207.27412936560444
278008,1,1,6,629.0695138370346
278026,1,1,10,705.3501058647354
278031,1,1,5,0.42645457969393247
278035,1,1,7,35.062541367438875
278050,1,1,9,342.82715252830224
278062,1,1,4,0.42645458358136
278068,1,1,6,789.1010855223393
278071,1,1,8,705.1804024833269
278082,1,1,10,359.1745812862253
278085,1,1,10,157.0763912055258
278091,1,1,7,107.50076674020043
278103,1,1,4,0.42645458358136
278118,1,1,9,479.1116224963791
278121,1,1,4,0.4264545919581291
278124,1,1,2,345.5778647045404
278154,1,1,8,636.2100617448623
278167,1,1,9,865.8689399162581
278169,1,1,5,0.42645457969393247
278172,1,1,1,597.7063600802315
278188,1,1,3,83.25654882946783
278189,1,1,10,701.9070669555238
278219,1,1,6,665.949293381141
278258,1,1,9,617.0637290356067
278264,1,1,8,823.0099541920067
278269,1,1,10,459.6222455168256
278273,1,1,9,824.2213161323916
278282,1,1,4,0.42645458358136
278298,1,1,4,0.42645458358136
278303,1,1,1,528.1386551182798
278309,1,1,6,528.292197303485
278326,1,1,6,799.0390443967467
278340,1,1,7,94.58853522957918
278345,1,1,10,470.0503730567142
278376,1,1,5,0.42645457969393247
278378,1,1,9,890.8065383207168
278389,1,1,10,223.7550958420847
278393,1,1,9,511.164629987901
278396,1,1,2,146.7554871248289
278406,1,1,7,114.83207445047596
278420,1,1,2,354.6153522190694
278435,1,1,5,0.42645457969393247
278436,1,1,1,287.47508610487887
278454,1,1,9,510.30461189950483
278463,1,1,4,0.42645458358136
278468,1,1,9,454.324010748999
278478,1,1,4,0.4264545919581291
278480,1,1,9,285.81422577050955
278484,1,1,9,611.2167565831461
278486,1,1,9,606.9328001521357
278489,1,1,10,637.217829218613
278491,1,1,3,89.90460141666925
278499,1,1,4,0.42645458358136
278505,1,1,6,644.5078752827712
278511,1,1,6,245.7247076023467
278524,1,1,5,0.42645457969393247
278525,1,1,3,89.94009253401471
278528,1,1,5,0.42645457969393247
278529,1,1,4,0.42645458358136
278544,1,1,8,870.9827736571649
278545,1,1,9,311.26973124158144
278563,1,1,9,371.8218394282027
278566,1,1,4,0.42645458358136
278578,1,1,7,145.11005994396166
278584,1,1,7,171.90068486344967
278591,1,1,10,678.5141420812292
278598,1,1,8,157.06198306281505
278602,1,1,7,75.95780663423182
278605,1,1,4,0.42645458358136
278623,1,1,9,659.1417365651581
278643,1,1,8,662.2435342422003
278645,1,1,7,60.20501861538055
278648,1,1,10,254.48496954469923
278675,1,1,9,456.90646800435
278678,1,1,9,771.5314526362182
278685,1,1,1,733.6451738951812
278697,1,1,8,497.984924134068
278698,1,1,3,66.23217437293317
278706,1,1,10,413.544902287257
278708,1,1,8,275.35995650560915
278717,1,1,6,645.7201240415394
278721,1,1,5,0.42645457969393247
278739,1,1,1,297.39303292148503
278776,1,1,2,355.0411038884571
278782,1,1,9,670.7883097924309
278784,1,1,7,156.57054633634198
278829,1,1,9,781.8275443151866
278849,1,1,10,501.2328138916173
278856,1,1,4,0.42645458358136
278865,1,1,9,477.2155492375587
278887,1,1,9,614.9920477464154
278889,1,1,6,616.2866886874463
278890,1,1,4,0.42645458358136
278891,1,1,4,0.42645458358136
278896,1,1,5,0.42645457969393247
278902,1,1,10,687.8883080226551
278908,1,1,10,92.55136333250798
278922,1,1,3,76.31424001864751
278930,1,1,9,861.1172654191619
278938,1,1,2,228.63595401323576
278946,1,1,3,71.32669723541507
278966,1,1,8,592.1200268771681
278974,1,1,10,343.2847894120855
279001,1,1,7,135.98089070597115
279002,1,1,9,845.4599400320157
279003,1,1,8,537.0123167237359
279009,1,1,10,560.7002204843288
279018,1,1,9,552.8536249452369
279022,1,1,7,99.6745713517861
279027,1,1,4,0.4264545919581291
279036,1,1,6,620.242651259166
279049,1,1,8,850.4525999716211
279054,1,1,9,779.2629383955493
279057,1,1,8,811.8603480330283
279060,1,1,10,458.14925997856403
279087,1,1,10,659.1343354627822
279091,1,1,6,713.6408121799346
279098,1,1,6,446.38631569433284
279100,1,1,1,481.7138163673429
279109,1,1,9,747.8584799884512
279135,1,1,8,215.89155532736166
279146,1,1,10,438.3619840217568
279149,1,1,9,289.10868375677586
279151,1,1,10,156.47627352021243
279152,1,1,9,876.7515216629373
279159,1,1,10,720.0127809133232
279161,1,1,8,656.9364063307215
279165,1,1,10,516.9717751044071
279177,1,1,9,720.342738851448
279223,1,1,4,0.42645458358136
279227,1,1,3,92.18345206512026
279235,1,1,4,0.42645458358136
279259,1,1,3,83.07707603580718
279281,1,1,8,384.133448814278
279293,1,1,9,360.9398547989954
279299,1,1,10,131.41853272275483
279307,1,1,4,0.42645458358136
279308,1,1,4,0.42645458358136
279334,1,1,4,0.42645458358136
279335,1,1,6,345.2920552155933
279338,1,1,9,856.5793815423807
279341,1,1,4,0.4264545919581291
279349,1,1,1,380.5260682937719
279358,1,1,6,500.03426160236575
279361,1,1,5,0.42645457969393247
279380,1,1,5,0.42645457969393247
279385,1,1,5,0.42645457969393247
279406,1,1,10,570.1350833100199
279410,1,1,1,709.7157383875933
279413,1,1,10,723.0415535163576
279435,1,1,8,838.5020404888694
279441,1,1,10,711.9814240131799
279449,1,1,5,0.42645457969393247
279455,1,1,4,0.42645458358136
279467,1,1,10,158.132647241683
279481,1,1,9,655.1413514255864
279486,1,1,4,0.42645458358136
279499,1,1,10,291.74210017913697
279505,1,1,5,0.42645457969393247
279528,1,1,8,664.169727230383
279534,1,1,1,287.3942234004449
279568,1,1,6,426.0121384696305
279573,1,1,5,0.42645457969393247
279579,1,1,5,0.42645457969393247
279592,1,1,7,76.42572059364382
279593,1,1,6,450.2339655668138
279596,1,1,10,399.88789266451073
279598,1,1,6,680.5988104345663
279600,1,1,1,597.8504120408837
279604,1,1,1,479.5453537259313
279607,1,1,7,168.87701115250843
279610,1,1,4,0.42645458358136
279612,1,1,5,0.42645457969393247
279617,1,1,8,186.5859511406474
279634,1,1,10,386.18013619931855
279646,1,1,9,722.8579170773502
279659,1,1,5,0.42645457969393247
279669,1,1,2,466.94125036915227
279687,1,1,10,127.96803938274437
279691,1,1,5,0.42645457969393247
279699,1,1,6,588.4966107425031
279722,0,1,0,0.11341511127757015
279736,1,1,10,458.24912370569484
279737,1,1,10,345.05394933515237
279739,1,1,10,221.48789539780833
279751,1,1,4,0.42645458358136
279757,1,1,4,0.42645458358136
279759,1,1,6,529.7361715478569
279775,1,1,8,245.33648449378836
279782,1,1,4,0.42645458358136
279801,1,1,6,444.2986042292206
279818,1,1,6,675.3641821106041
279839,1,1,9,807.5959461135052
279844,1,1,8,395.1032930508046
279854,1,1,8,458.60909136219516
279862,1,1,10,577.8714038994052
279864,1,1,6,268.6931628096041
279871,1,1,2,208.59734938524568
279878,1,1,8,781.0085958065989
279890,1,1,8,731.1039090320747
279898,1,1,8,880.336638110729
279921,1,1,6,213.66460259173022
279922,1,1,3,72.30072854315804
279924,1,1,2,384.11303995665685
279955,1,1,9,607.3664608986493
279971,1,1,8,504.52050591354606
279988,1,1,8,718.4022276177245
279991,1,1,5,0.42645457969393247
280000,1,1,6,213.46146965009373
280015,1,1,1,609.982740728974
280017,1,1,4,0.42645458358136
280039,1,1,8,500.67085643693827
280054,1,1,9,554.903608909984
280060,1,1,4,0.42645458358136
280070,1,1,4,0.42645458358136
280089,1,1,3,89.21341786918508
280103,1,1,3,44.05806071779893
280110,1,1,5,0.42645457969393247
280141,1,1,8,459.6684498059384
280147,1,1,6,809.7008551634385
280152,1,1,1,534.5613784161005
280162,1,1,3,91.71357404250787
280163,1,1,10,647.7898777092996
280164,0,1,0,0.08330238045455668
280172,1,1,10,187.34615227454276
280205,1,1,4,0.42645458358136
280206,1,1,10,310.4723952947315
280207,1,1,5,0.42645457969393247
280218,1,1,2,165.11022936666035
280220,1,1,10,718.7157189844927
280233,1,1,8,839.6059475485488
280276,1,1,3,58.87305171867596
280278,1,1,4,0.42645458358136
280279,1,1,8,478.06527151691074
280282,1,1,9,267.51536839021185
280291,1,1,1,458.66362687003
280294,1,1,1,609.582890690436
280296,1,1,4,0.4264545919581291
280305,1,1,5,0.42645456789925423
280307,1,1,3,88.00558267512902
280309,1,1,5,0.42645457969393247
280320,1,1,1,569.7097367522487
280340,1,1,6,756.3216410071094
280348,1,1,4,0.42645458358136
280358,1,1,5,0.42645457969393247
280363,1,1,4,0.42645458358136
280365,1,1,5,0.42645457969393247
280400,1,1,9,459.5583675134782
280419,1,1,4,0.42645458358136
280420,1,1,1,327.3374403026393
280423,1,1,3,81.3657567548865
280448,1,1,9,620.0957596039245
280450,1,1,7,93.55558520792931
280452,1,1,6,364.32783051606094
280466,1,1,10,650.0919429906813
280468,1,1,2,201.42191177956852
280474,1,1,1,516.8243599038652
280492,1,1,8,721.2794490012976
280495,1,1,5,0.42645457969393247
280500,1,1,6,254.5283313215775
280501,1,1,9,412.4442158583445
280504,1,1,4,0.42645457969393247
280532,1,1,9,836.506693626434
280543,1,1,1,588.1025886085082
280548,1,1,4,0.42645458358136
280558,1,1,7,141.2578579680554
280568,1,1,1,569.4255773950977
280570,1,1,10,695.0550368299251
280587,1,1,5,0.42645457969393247
280612,1,1,9,502.91260896145326
280621,1,1,1,461.3867885536733
280625,1,1,7,172.7078840115586
280638,1,1,1,730.1890163552456
280643,1,1,2,255.89091652357257
280687,1,1,6,671.2734214329222
280690,1,1,8,777.8129803138169
280693,1,1,9,842.9828983100593
280696,1,1,9,753.4996206580512
280698,1,1,4,0.42645458358136
280699,1,1,4,0.42645458358136
280708,1,1,5,0.42645457969393247
280714,1,1,9,512.620463597636
280717,1,1,10,370.0263802973831
280721,1,1,9,326.5292114966048
280743,1,1,3,89.68170253985917
280745,1,1,5,0.42645457969393247
280755,1,1,9,628.4047445451769
280759,1,1,9,698.2947338538136
280773,1,1,10,138.17540198016195
280777,1,1,5,0.42645457969393247
280789,1,1,4,0.42645458358136
280797,1,1,2,466.8483538693433
280800,1,1,4,0.42645458358136
280807,1,1,4,0.42645458358136
280813,1,1,1,383.3901400123827
280824,1,1,4,0.42645458358136
280862,1,1,10,162.49414442431834
280867,1,1,4,0.42645458358136
280876,1,1,5,0.42645457969393247
280877,1,1,10,405.6575797509917
280880,1,1,9,597.4241175438759
280906,1,1,2,283.59718103614495
280908,1,1,8,390.8354157027274
280929,1,1,3,70.98701143188924
280936,1,1,5,0.42645457969393247
280943,1,1,8,697.5269044205005
280963,1,1,9,813.471205780158
280977,1,1,5,0.42645457969393247
281004,1,1,6,431.83745169610455
281006,1,1,7,160.22895873784302
281011,1,1,1,307.35356608365
281016,1,1,10,570.8377809301307
281020,1,1,9,145.26165791520097
281041,1,1,8,141.90349826427186
281043,1,1,9,46.21085322445976
281052,1,1,5,0.42645457969393247
281089,1,1,4,0.42645458358136
281095,1,1,4,0.42645458358136
281097,1,1,5,0.42645457969393247
281114,1,1,10,721.7517262534558
281127,1,1,2,278.11011944594077
281151,1,1,4,0.42645458358136
281152,1,1,8,344.26139365185026
281153,1,1,6,592.6513096262477
281154,1,1,6,778.8899188255672
281157,1,1,8,661.2460934352351
281172,1,1,4,0.42645458358136
281176,1,1,6,552.1889037029947
281180,1,1,9,757.580556010359
281200,1,1,2,290.7557424767036
281204,1,1,8,247.43183081350847
281213,1,1,8,557.6871877117461
281214,1,1,5,0.42645457969393247
281217,1,1,9,252.45457422841065
281235,1,1,1,347.7643831605257
281238,0,1,0,0.09129946825771532
281276,1,1,3,85.46317744557544
281277,1,1,7,65.15309563881613
281291,1,1,1,537.3259258071503
281299,1,1,2,371.7387567842813
281310,1,1,3,42.34495116010063
281313,1,1,4,0.42645458358136
281332,1,1,5,0.42645457969393247
281343,1,1,6,651.1982855118483
281362,1,1,8,435.1597135619358
281366,1,1,6,713.6911492987357
281371,1,1,8,583.0860368038993
281375,1,1,8,850.1489781425898
281384,1,1,5,0.42645457969393247
281391,1,1,2,234.36447468452823
281398,1,1,10,720.9006520100804
281403,1,1,6,770.8635092397344
281417,1,1,9,814.2825349679357
281422,1,1,9,794.395735748855
281431,1,1,5,0.42645457969393247
281441,1,1,8,734.1895601905665
281442,1,1,1,619.925315944183
281447,1,1,5,0.42645457969393247
281453,1,1,1,641.9459227107538
281456,1,1,10,661.6411696456136
281459,1,1,10,338.73033333918414
281462,1,1,9,545.809129019229
281466,1,1,6,797.5758468282372
281476,1,1,10,394.4487640473931
281484,1,1,5,0.42645457969393247
281510,1,1,5,0.42645456789925423
281517,1,1,1,641.2710882699628
281526,1,1,6,774.9685469167074
281534,1,1,5,0.42645457969393247
281537,1,1,9,459.05030794120756
281566,1,1,3,62.26482328490192
281593,1,1,4,0.42645458358136
281596,1,1,10,216.49438720412752
281599,1,1,9,621.2391292280017
281601,1,1,1,164.0075715134781
281616,1,1,5,0.42645457969393247
281628,1,1,10,382.0009688524571
281629,1,1,7,144.4054641563042
281631,1,1,8,593.1027384932652
281637,1,1,5,0.42645457969393247
281643,1,1,6,309.47324090541747
281646,1,1,4,0.42645458358136
281647,1,1,10,243.0459360428465
281662,1,1,7,151.6724102198669
281663,1,1,7,164.1367130572113
281667,1,1,5,0.42645457969393247
281679,1,1,4,0.42645458358136
281686,1,1,9,329.2819952771285
281688,1,1,1,758.9992820732513
281691,1,1,3,89.21478177341712
281693,1,1,5,0.42645457969393247
281695,1,1,5,0.42645457969393247
281700,1,1,4,0.42645458358136
281712,1,1,7,168.4136974185106
281720,1,1,4,0.42645458358136
281752,1,1,4,0.42645457969393247
281755,1,1,6,805.439735884696
281758,1,1,9,617.7585147720356
281769,1,1,2,454.89919906374024
281785,1,1,3,91.1710600478982
281806,1,1,6,736.0161713564847
281807,1,1,8,895.005111901775
281817,1,1,10,457.34562380518173
281829,1,1,9,485.24655878368316
281846,1,1,5,0.42645457969393247
281851,1,1,9,526.5406263932313
281883,1,1,9,214.7799955469607
281888,1,1,8,792.0517784466394
281919,1,1,6,784.506031639387
281922,1,1,6,703.681627579653
281927,1,1,9,515.2943531348432
281944,1,1,10,459.864118450658
281950,1,1,1,514.7325018432573
281990,1,1,5,0.42645457969393247
282008,1,1,8,626.6891311410013
282011,1,1,6,312.8720721836431
282016,1,1,5,0.42645457969393247
282018,1,1,10,498.95354758973195
282021,1,1,10,722.3963102290631
282036,1,1,7,157.41917814239312
282038,1,1,6,506.2317591285731
282043,1,1,9,874.339622660786
282046,1,1,9,608.0027902716678
282058,1,1,5,0.42645457969393247
282076,1,1,8,433.3005239421724
282078,1,1,9,439.72486025797195
282086,1,1,10,278.2709889230471
282087,1,1,1,507.16240957586456
282101,1,1,8,402.5820553862265
282103,1,1,8,798.6104666833953
282113,1,1,5,0.42645456789925423
282115,1,1,9,813.9013305962212
282119,1,1,4,0.42645458358136
282121,1,1,5,0.42645457969393247
282126,1,1,9,787.8503974395065
282141,1,1,7,114.01554702338312
282146,1,1,1,581.0126095724813
282147,1,1,6,341.6122060780498
282165,1,1,8,394.4055945506829
282166,1,1,8,448.6234475558545
282173,1,1,9,659.7821719365807
282187,1,1,9,354.51951532753606
282196,1,1,7,109.77562958997825
282199,1,1,9,415.07805424349783
282220,1,1,5,0.42645457969393247
282235,1,1,4,0.42645458358136
282243,1,1,3,61.28993049956425
282250,1,1,4,0.42645458358136
282264,1,1,9,603.7720641072675
282273,1,1,1,523.8475778468529
282302,1,1,4,0.42645458358136
282310,1,1,7,164.5955809212455
282335,1,1,3,81.04255725757447
282338,1,1,8,584.3135823997128
282346,1,1,4,0.42645458358136
282362,1,1,4,0.42645458358136
282366,1,1,6,682.9629624951378
282368,1,1,9,890.7811437795077
282387,1,1,8,876.1712358523314
282419,1,1,5,0.42645457969393247
282423,1,1,4,0.42645458358136
282436,1,1,5,0.42645456789925423
282454,1,1,10,679.0520797559718
282474,1,1,8,583.693250545254
282480,1,1,5,0.42645457969393247
282487,1,1,4,0.42645458358136
282514,1,1,10,417.5432368558321
282517,1,1,6,700.5883808142161
282521,1,1,8,452.399823316692
282527,1,1,4,0.42645458358136
282569,1,1,8,864.9701235594476
282573,1,1,8,727.6654415485523
282578,1,1,8,763.3662701496892
282611,1,1,9,175.37598964465442
282615,1,1,6,167.32358323912203
282639,1,1,6,309.9620027186658
282647,1,1,9,778.0858588586152
282658,1,1,1,608.5049652160085
282664,1,1,2,485.36981159130255
282676,1,1,9,635.3162855150225
282683,1,1,6,289.6380914082075
282684,1,1,5,0.42645457969393247
282685,1,1,8,519.4399089854179
282692,1,1,4,0.42645458358136
282699,1,1,4,0.42645458358136
282709,1,1,6,174.94589119874064
282714,1,1,1,700.8050298825932
282725,1,1,9,138.11331303697176
282747,1,1,9,700.1634745611381
282759,1,1,5,0.42645457969393247
282772,1,1,10,678.1351002126556
282777,1,1,6,372.5924936372911
282818,1,1,6,614.8791159184331
282828,1,1,8,656.770162431477
282833,1,1,5,0.42645456789925423
282863,1,1,8,660.094550897241
282886,1,1,7,84.0288607745293
282891,1,1,2,375.1192700841444
282893,1,1,8,127.1718671132981
282905,1,1,9,882.5374122240314
282908,1,1,1,396.4075466047415
282909,1,1,4,0.42645458358136
282912,1,1,5,0.42645457969393247
282922,1,1,9,636.2406912437865
282923,0,1,0,0.11770707839433926
282924,1,1,8,620.7587389105955
282926,1,1,8,296.2304818417804
282929,1,1,7,131.53861414082758
282932,1,1,9,845.9363378415287
282952,1,1,9,872.4517432629128
282954,1,1,5,0.42645457969393247
282971,1,1,1,631.8287723015325
282974,1,1,1,194.0136815501271
282981,1,1,5,0.42645457969393247
282989,1,1,7,139.72622987354202
282990,1,1,6,444.76763052348275
283024,1,1,10,505.7181997945315
283047,1,1,9,360.6710551236579
283066,1,1,5,0.42645457969393247
283071,1,1,6,556.6950019983353
283089,1,1,9,774.2076962681264
283092,1,1,3,61.711125490062464
283097,1,1,2,85.72158613886256
283110,1,1,4,0.42645458358136
283138,1,1,8,826.2727397518071
283140,1,1,10,429.4904183355348
283151,1,1,3,67.59733989045648
283154,1,1,4,0.42645458358136
283157,1,1,7,63.00726381424542
283172,1,1,9,604.7523116398597
283207,1,1,10,425.06964072602494
283231,1,1,10,363.21042733578423
283233,1,1,7,152.41062367150383
283246,1,1,8,404.96603536777974
283254,1,1,9,309.3722563930147
283270,1,1,6,271.3328602412905
283277,1,1,5,0.42645457969393247
283285,1,1,6,635.5142525619154
283319,1,1,4,0.42645458358136
283339,1,1,8,304.24550376458507
283356,1,1,9,647.1570309149804
283375,1,1,4,0.42645458358136
283390,1,1,4,0.42645458358136
283396,1,1,6,556.8868437230882
283410,1,1,5,0.42645457969393247
283411,1,1,8,252.06732051772775
283418,1,1,4,0.42645457969393247
283420,1,1,4,0.42645458358136
283432,1,1,1,724.8480084661078
283433,1,1,5,0.42645457969393247
283437,1,1,8,780.0282383801032
283453,1,1,9,830.5214179188574
283468,1,1,10,540.778704929674
283485,1,1,6,428.3725918782631
283489,1,1,5,0.42645457969393247
283498,1,1,6,310.3430263224297
283505,1,1,9,731.6455060182259
283509,1,1,5,0.42645456789925423
283516,1,1,4,0.4264545919581291
283527,1,1,3,92.50705970557541
283538,1,1,10,453.479179646371
283543,1,1,10,526.0780960631645
283555,1,1,8,399.84278243532947
283567,1,1,4,0.42645458358136
283573,1,1,9,893.0972856597506
283579,1,1,9,397.5012790797425
283583,1,1,1,645.5592958918742
283587,1,1,1,725.088246404069
283589,1,1,5,0.42645457969393247
283590,1,1,1,622.1082304463263
283597,1,1,2,312.47165846259185
283614,1,1,5,0.42645457969393247
283626,0,1,0,0.24388225950793377
283630,1,1,6,781.3240611260319
283651,1,1,9,429.8962247612045
283654,1,1,8,674.6134066975508
283670,1,1,5,0.42645457969393247
283698,1,1,9,877.0679201036911
283700,1,1,8,720.6910788743196
283711,1,1,9,829.7195271219204
283733,1,1,6,625.8465607714892
283760,1,1,10,659.270137831686
283785,1,1,4,0.42645458358136
283787,1,1,10,365.9654230901363
283800,1,1,8,932.0618012656995
283817,1,1,5,0.42645457969393247
283824,1,1,2,430.16443918315906
283845,1,1,5,0.42645457969393247
283860,1,1,6,489.5045067440494
283861,0,1,0,0.11904668453538128
283871,1,1,4,0.4264545919581291
283874,1,1,8,586.0568716680449
283875,1,1,6,730.9807317743242
283876,1,1,7,69.02889992451387
283896,1,1,10,439.3389408546778
283923,1,1,5,0.42645457969393247
283929,1,1,10,151.41203310548278
283933,1,1,3,76.0545992228568
283934,1,1,10,706.1488677438604
283944,1,1,9,801.6357325121637
283990,1,1,4,0.42645458358136
284014,1,1,7,85.96475756636646
284015,1,1,8,374.3922806549705
284020,1,1,5,0.42645457969393247
284026,1,1,5,0.42645457969393247
284031,1,1,9,599.9000247314422
284044,1,1,8,757.4030131608552
284047,1,1,10,668.8471990359825
284052,1,1,4,0.42645458358136
284055,1,1,9,835.5102146955878
284063,1,1,1,296.31025834978277
284067,1,1,5,0.42645457969393247
284070,1,1,7,82.06239199754664
284073,1,1,1,570.5170777597914
284078,1,1,1,713.43059274542
284082,1,1,4,0.42645458358136
284100,1,1,8,741.2864750466784
284109,1,1,6,364.2041433972861
284111,1,1,7,170.588396597904
284116,1,1,4,0.42645458358136
284122,1,1,10,460.7221254629483
284137,1,1,10,148.69978702336613
284141,1,1,4,0.4264545919581291
284142,1,1,6,151.11863770879484
284149,1,1,9,777.2435499434844
284165,0,1,0,0.12342198363223834
284169,1,1,6,769.6294055066497
284173,1,1,5,0.42645457969393247
284179,1,1,8,410.54395824645195
284185,1,1,5,0.42645457969393247
284187,1,1,9,616.706753228442
284210,1,1,10,695.3643037187184
284227,1,1,5,0.42645457969393247
284229,1,1,6,698.6791481917137
284243,1,1,10,718.8033664076544
284246,1,1,5,0.42645457969393247
284250,1,1,1,440.75671746002143
284252,1,1,6,259.36730006465217
284275,1,1,9,822.853895582322
284284,1,1,6,558.0872180280476
284292,1,1,4,0.42645458358136
284295,1,1,4,0.42645458358136
284296,1,1,5,0.42645457969393247
284345,1,1,6,279.7777339651206
284347,1,1,10,209.91338884965694
284355,1,1,9,823.0932709181762
284358,1,1,2,188.18421252131853
284366,1,1,6,737.2604164196325
284372,1,1,4,0.42645458358136
284378,1,1,8,811.4186192805035
284391,1,1,5,0.42645457969393247
284395,1,1,8,685.0829460810149
284399,1,1,8,556.4696115085915
284416,1,1,7,141.25954258935008
284428,1,1,6,724.854398873208
284442,1,1,9,627.256465137919
284446,1,1,6,793.8869591368295
284447,1,1,1,158.62206018898408
284452,1,1,1,581.2280154118873
284469,1,1,5,0.42645457969393247
284470,1,1,9,876.8707146443829
284480,1,1,9,875.597897998388
284487,1,1,8,614.5036644781529
284492,1,1,8,535.3372903852933
284502,1,1,7,86.54758731974343
284512,1,1,6,179.6528377082772
284517,1,1,3,92.17810421358008
284527,1,1,8,499.247418677974
284528,1,1,10,179.87394463870203
284545,1,1,8,461.07287484037147
284551,1,1,2,399.9904539000294
284567,1,1,1,632.1332345865943
284568,1,1,6,305.47193293899903
284576,1,1,8,476.1470967077045
284587,1,1,7,99.7976497475724
284588,1,1,6,277.30752806643795
284593,1,1,9,806.3946398707066
284605,1,1,9,610.8794585203179
284618,1,1,6,431.82490577985715
284624,1,1,9,845.3381925539336
284653,1,1,6,688.5311926326167
284660,1,1,6,193.01902062960806
284689,1,1,1,701.736731084863
284706,1,1,10,681.6539298330669
284709,1,1,5,0.42645457969393247
284710,1,1,9,644.9687121628609
284712,1,1,9,700.5024624628045
284719,1,1,9,686.4841053806011
284735,1,1,6,769.624756929315
284742,1,1,5,0.42645457969393247
284772,1,1,9,615.2797728199631
284805,1,1,5,0.42645457969393247
284823,1,1,9,417.0194294047545
284835,1,1,6,772.7082436196612
284836,1,1,3,89.45604841708712
284844,1,1,4,0.42645458358136
284854,1,1,5,0.42645457969393247
284898,1,1,1,724.3597041689666
284920,1,1,5,0.42645457969393247
284921,1,1,9,815.4395178179269
284924,1,1,7,59.40220950278318
284966,1,1,9,171.31215638884743
284974,1,1,7,73.90986208255781
284986,1,1,8,238.10768179394717
285018,1,1,6,519.7806479878029
285026,1,1,4,0.42645458358136
285050,1,1,9,437.4692257635688
285057,1,1,6,137.84505369390715
285064,1,1,4,0.42645458358136
285077,1,1,6,470.5924671681682
285109,1,1,6,581.133733611513
285115,1,1,9,280.8881949436243
285126,1,1,8,798.1931701759344
285132,1,1,5,0.42645457969393247
285135,1,1,1,326.14867533411024
285141,1,1,10,122.93175547997453
285142,1,1,9,189.34168432357782
285143,1,1,4,0.4264545919581291
285153,1,1,6,791.073350031626
285168,1,1,9,415.8038963884036
285173,1,1,5,0.42645457969393247
285183,1,1,8,781.2104922048524
285198,1,1,7,165.4586531416825
285205,1,1,8,108.71589182827972
285211,1,1,5,0.42645457969393247
285213,1,1,5,0.42645457969393247
285221,1,1,9,876.8559164998243
285226,1,1,6,431.2498262775053
285227,1,1,5,0.42645457969393247
285229,1,1,6,616.529099346288
285242,1,1,4,0.42645458358136
285250,1,1,8,723.0669666810779
285259,1,1,9,634.0280501151503
285278,1,1,8,618.7778317207337
285286,1,1,7,161.616741195391
285290,1,1,5,0.42645457969393247
285293,1,1,10,455.93369771243914
285299,1,1,9,607.4290796496272
285304,1,1,6,298.68339965613586
285305,1,1,8,515.1671825394317
285314,1,1,10,456.7165489654221
285315,1,1,6,500.04844674009695
285322,1,1,5,0.42645457969393247
285335,1,1,10,296.1300131903894
285384,1,1,8,465.3976421675168
285393,1,1,10,499.40435008502425
285394,1,1,4,0.42645458358136
285397,1,1,8,696.2679364230937
285398,1,1,4,0.42645458358136
285401,1,1,1,271.49107795643613
285405,1,1,2,348.1554644588289
285408,1,1,4,0.42645458358136
285409,1,1,10,261.29497078494535
285413,1,1,7,168.5738974095212
285415,1,1,5,0.42645457969393247
285420,1,1,8,746.0703517942433
285427,1,1,6,276.7427631736907
285459,1,1,8,169.9516388825185
285465,1,1,5,0.42645457969393247
285469,1,1,4,0.42645458358136
285472,1,1,5,0.42645457969393247
285482,1,1,5,0.42645457969393247
285485,1,1,9,825.1713972804378
285487,1,1,9,138.05684098722742
285490,1,1,9,158.25290563474957
285506,1,1,8,907.1281111600345
285510,1,1,10,417.10610588762194
285536,1,1,9,328.5136947367302
285541,1,1,9,179.13443466875918
285550,1,1,5,0.42645457969393247
285577,1,1,4,0.42645458358136
285578,1,1,7,118.50237299455995
285581,1,1,2,378.1994251142163
285590,1,1,10,252.3655899421508
285599,1,1,2,131.6581566981162
285604,1,1,8,856.792760514102
285605,1,1,5,0.42645457969393247
285632,1,1,6,412.18769167187963
285653,1,1,2,99.34778755901904
285655,1,1,6,591.2921516787613
285707,1,1,8,685.6019359165266
285713,1,1,7,126.01738297966448
285715,1,1,6,519.6360899975331
285726,1,1,8,675.6997438677886
285732,1,1,6,504.1915221739064
285742,1,1,6,734.1843367456347
285747,1,1,6,745.7050429880056
285752,1,1,5,0.42645457969393247
285760,1,1,8,572.9247341642717
285783,1,1,10,324.450424548608
285802,1,1,7,136.49439029535463
285806,1,1,9,544.1545561545346
285807,1,1,9,356.1163723319408
285833,1,1,5,0.42645457969393247
285860,1,1,9,471.33262169951723
285870,1,1,8,511.95545246373433
285885,1,1,8,656.4522678737028
285888,1,1,5,0.42645457969393247
285891,1,1,1,357.945383693342
285919,1,1,5,0.42645457969393247
285937,1,1,9,700.0442499709073
285962,1,1,7,84.57917026738996
285965,1,1,8,571.6349102823035
285983,1,1,3,93.13143990381043
285984,1,1,5,0.42645457969393247
285989,1,1,8,320.45743469551337
286001,1,1,8,380.08728952868756
286023,1,1,7,103.0721940790836
286036,1,1,9,703.2040766057942
286054,1,1,8,910.840527114953
286055,1,1,6,510.2164554227381
286067,1,1,5,0.42645457969393247
286073,1,1,6,175.44139136803184
286074,1,1,1,588.2524505804818
286076,1,1,6,390.090344180865
286090,1,1,6,586.8683081757177
286094,1,1,5,0.42645457969393247
286145,1,1,7,150.1959108001067
286160,0,1,0,0.11444364530702265
286163,1,1,5,0.42645457969393247
286165,1,1,10,145.38623077525384
286173,1,1,5,0.42645457969393247
286175,1,1,9,281.12790235037954
286177,1,1,5,0.42645457969393247
286183,1,1,10,136.94843999670988
286188,1,1,10,705.8192541191406
286224,1,1,9,338.1210407183206
286225,1,1,9,547.4183041184742
286227,1,1,9,563.2016402762987
286260,1,1,4,0.42645458358136
286265,1,1,9,430.9688768893251
286269,1,1,8,405.7310327748822
286274,1,1,8,225.5279127192699
286282,1,1,1,334.2853140067732
286289,1,1,10,590.3166084774687
286302,1,1,5,0.42645457969393247
286305,1,1,4,0.42645458358136
286326,1,1,9,756.5553828873313
286332,0,1,0,0.11352188994753316
286348,1,1,8,766.2120438103015
286364,1,1,4,0.42645458358136
286367,1,1,1,603.3621042654129
286370,1,1,10,592.9756253325982
286391,1,1,1,209.77682134970084
286392,1,1,8,515.0143032912682
286393,1,1,9,875.0634661967175
286410,1,1,5,0.42645456789925423
286413,1,1,5,0.42645457969393247
286420,1,1,7,157.52471183520686
286452,1,1,2,249.55250204688528
286455,1,1,4,0.42645458358136
286472,1,1,9,46.87417411329682
286482,1,1,5,0.42645457969393247
286484,1,1,5,0.42645457969393247
286506,0,1,0,0.1491193737339176
286515,1,1,8,143.44678172656083
286523,1,1,1,537.240670779376
286526,1,1,8,484.9305070435894
286533,1,1,8,697.133122685135
286541,1,1,10,136.098132898808
286546,1,1,8,311.1045089809969
286548,1,1,9,70.87802355749639
286554,1,1,6,455.95549577781895
286573,1,1,9,426.0766090814443
286580,1,1,8,345.64647579794837
286587,1,1,9,604.1645159795096
286597,1,1,1,758.7888169549
286601,1,1,6,779.0594790294907
286619,1,1,6,500.69963009232004
286621,1,1,5,0.42645457969393247
286642,1,1,8,798.6241726314994
286643,1,1,8,165.81558509576297
286644,1,1,3,90.09399528800918
286653,1,1,4,0.42645458358136
286657,1,1,5,0.42645457969393247
286668,1,1,5,0.42645457969393247
286679,1,1,10,86.20979377238469
286681,1,1,5,0.42645456789925423
286683,1,1,9,243.36689675900683
286686,1,1,9,605.1797990740865
286693,1,1,3,90.09391554319
286706,1,1,6,716.3924609206656
286707,1,1,4,0.42645458358136
286711,1,1,10,134.91935980546373
286727,1,1,4,0.42645458358136
286728,1,1,3,76.61006953450875
286729,1,1,9,747.9079570314017
286735,1,1,9,642.2874115468528
286736,1,1,10,699.3720384968286
286764,1,1,9,677.7782416397798
286772,1,1,5,0.42645457969393247
286794,1,1,10,230.37388569979314
286797,1,1,5,0.42645457969393247
286820,1,1,4,0.42645458358136
286828,1,1,4,0.42645458358136
286835,1,1,10,164.48797930044708
286837,1,1,3,53.722742165064474
286841,1,1,6,287.06545805670396
286861,1,1,5,0.42645457969393247
286869,1,1,9,636.6182157613645
286872,1,1,9,637.5775257789825
286873,1,1,9,630.6088883157693
286880,1,1,4,0.42645458358136
286884,1,1,1,333.8210967271499
286889,1,1,4,0.42645458358136
286910,1,1,10,276.37683292653657
286913,1,1,2,199.18115340451922
286914,1,1,4,0.42645458358136
286925,1,1,6,542.2474031107978
286931,1,1,2,320.05075060189284
286946,1,1,5,0.42645456789925423
286963,1,1,6,470.28998236380596
286968,1,1,6,215.29985255576767
286971,1,1,9,777.674882110448
286989,1,1,7,158.13237804345943
286995,1,1,6,386.2302199373165
287016,1,1,5,0.42645457969393247
287025,1,1,2,233.23061424032178
287035,1,1,5,0.42645457969393247
287043,1,1,3,92.0757719298349
287055,1,1,10,525.836692339683
287059,1,1,2,181.0139972182994
287060,1,1,9,876.2788352281717
287072,1,1,10,459.6036335507064
287090,1,1,9,473.79398608603856
287097,1,1,6,253.9002245906469
287103,1,1,3,74.4723468992488
287111,1,1,9,839.8609645193654
287117,1,1,9,707.1379008735253
287119,1,1,6,675.6627671498545
287123,1,1,6,314.6909328859429
287125,1,1,5,0.42645457969393247
287171,1,1,10,717.3551264863758
287172,1,1,1,713.7360005163144
287189,1,1,10,335.99330686710425
287190,1,1,6,515.7539319533626
287194,1,1,8,801.2775025230338
287207,1,1,4,0.42645458358136
287210,1,1,3,89.34397751621162
287216,1,1,5,0.42645457969393247
287248,1,1,5,0.42645457969393247
287250,1,1,2,151.16353741005662
287260,1,1,6,759.7488391758526
287262,1,1,2,298.5349131934125
287263,1,1,6,644.1241148658087
287267,1,1,5,0.42645457969393247
287273,1,1,8,258.6646566267123
287284,1,1,5,0.42645457969393247
287289,1,1,10,488.9721745854796
287291,1,1,5,0.42645457969393247
287322,1,1,9,427.00431734423864
287325,0,1,0,0.15244656037837334
287351,1,1,10,156.50896639047363
287358,1,1,7,66.83622758520455
287365,1,1,2,361.83079192467227
287372,1,1,5,0.42645457969393247
287395,1,1,10,323.35539512217866
287399,1,1,5,0.42645457969393247
287414,1,1,9,815.5910417826021
287424,1,1,1,609.9749092039774
287440,1,1,10,720.4496276347475
287451,1,1,5,0.42645457969393247
287463,1,1,4,0.42645458358136
287480,1,1,10,589.1451518886346
287490,1,1,1,349.42037063683716
287500,1,1,7,169.89981499535205
287502,1,1,5,0.42645457969393247
287512,1,1,5,0.42645457969393247
287518,1,1,6,782.7343320747784
287529,1,1,6,586.8146042909729
287530,1,1,4,0.42645458358136
287532,1,1,6,809.6789326326799
287541,1,1,6,314.1917242788399
287542,1,1,8,902.0023360346689
287555,1,1,9,815.1229777374386
287585,1,1,10,657.0195948880589
287586,1,1,4,0.42645458358136
287587,1,1,9,242.88583071825656
287590,1,1,6,786.2909383222905
287593,1,1,6,807.1163131756514
287598,1,1,3,84.61290534911538
287602,1,1,1,416.5857330507176
287605,1,1,5,0.42645457969393247
287613,1,1,8,895.2891498302793
287628,1,1,10,394.2126496245926
287640,1,1,9,351.93679371845417
287646,1,1,2,403.49115098325655
287662,1,1,6,532.4079111525743
287681,1,1,9,69.7316504200338
287690,1,1,6,494.0387062174386
287702,1,1,8,731.5818803343129
287706,1,1,3,52.91591076111557
287718,1,1,10,292.1802547513568
287728,1,1,6,797.6294055442246
287746,1,1,9,864.4321777729606
287750,1,1,5,0.42645457969393247
287777,1,1,5,0.42645457969393247
287786,1,1,9,458.9400267903954
287787,1,1,5,0.42645457969393247
287791,1,1,2,408.4104362087424
287797,1,1,7,27.00974619843526
287807,1,1,8,637.7606182657757
287809,1,1,8,497.8475099696242
287829,1,1,3,90.07623658951961
287860,1,1,6,456.3048916302015
287861,1,1,8,869.2686739615035
287870,1,1,8,682.7960012023358
287879,1,1,5,0.42645457969393247
287883,1,1,9,75.01228938447319
287887,1,1,5,0.42645457969393247
287888,1,1,4,0.42645458358136
287892,1,1,9,711.8452544166596
287908,1,1,10,722.3911737967176
287910,1,1,5,0.42645457969393247
287912,1,1,5,0.42645457969393247
287921,1,1,7,117.94725729640875
287922,1,1,9,844.7164950016357
287929,1,1,8,776.8954575642131
287932,1,1,10,360.98890026230634
287937,1,1,5,0.42645457969393247
287941,1,1,2,390.5923076783815
287945,1,1,4,0.42645457969393247
287954,1,1,9,893.9025648238076
287975,1,1,8,786.2329563287486
287979,1,1,8,760.786699490097
287987,1,1,5,0.42645457969393247
287991,1,1,8,622.243016088184
288006,1,1,5,0.42645457969393247
288007,1,1,5,0.42645457969393247
288016,1,1,7,138.52290752029893
288025,1,1,9,789.3669448077513
288068,1,1,9,862.3597367604226
288069,1,1,9,800.3084169885541
288077,1,1,9,627.7881297166217
288104,1,1,9,726.6323940143004
288123,1,1,6,433.60506997303554
288140,1,1,2,152.7865399978207
288147,1,1,6,513.9591771888167
288148,1,1,2,207.56771050202383
288187,1,1,5,0.42645457969393247
288206,1,1,6,803.0915225677682
288228,1,1,8,410.4723974200899
288229,1,1,4,0.42645458358136
288250,1,1,7,145.2804449675696
288260,1,1,9,507.0128652966998
288261,1,1,2,463.54139083535773
288268,1,1,8,499.98751429406167
288269,1,1,6,0.8359497119870488
288321,1,1,10,400.0120281883765
288324,1,1,9,803.2622007304454
288326,1,1,6,517.2092703984301
288338,1,1,9,884.6688812997195
288345,1,1,6,557.6717420240573
288350,1,1,9,711.9278607956563
288393,1,1,8,839.0441900434618
288397,1,1,8,176.60922438062948
288405,1,1,1,501.05205334007553
288417,1,1,6,275.5507049039225
288437,1,1,10,401.557978705704
288440,1,1,7,153.33234529183503
288462,1,1,9,836.2824692110424
288471,1,1,9,61.98786610653326
288476,1,1,5,0.42645457969393247
288499,1,1,8,153.7608661804261
288520,1,1,1,736.3232167897164
288526,1,1,4,0.42645458358136
288532,1,1,9,500.6230012419945
288544,1,1,6,400.93035090694303
288545,1,1,7,169.59026077654872
288566,1,1,9,864.1554099840891
288574,1,1,9,231.94971482575497
288577,1,1,8,629.8318963152519
288580,1,1,4,0.42645458358136
288587,1,1,5,0.42645457969393247
288593,1,1,8,519.4449053814334
288597,1,1,6,380.13115336859244
288615,1,1,4,0.42645458358136
288631,1,1,8,452.50633184899135
288652,1,1,6,546.1194239105223
288659,1,1,5,0.42645457969393247
288666,1,1,5,0.42645457969393247
288693,1,1,10,312.95716722550605
288703,1,1,10,418.47139973118664
288714,1,1,8,164.01591266658684
288719,1,1,7,116.2639723031522
288722,1,1,3,89.75192322615713
288726,1,1,9,578.0637902902466
288727,1,1,10,562.3353300684466
288753,1,1,5,0.42645457969393247
288760,1,1,1,185.88206683845107
288767,1,1,9,467.586861644202
288791,1,1,4,0.42645458358136
288797,1,1,7,82.91756174003386
288810,1,1,7,123.96756528922408
288819,1,1,4,0.42645458358136
288827,1,1,6,747.4484038016875
288839,1,1,10,407.07060892287984
288840,1,1,1,482.3382756124731
288846,1,1,10,243.94190241972666
288859,1,1,9,572.2158928280038
288872,1,1,9,338.6532574986104
288874,1,1,8,528.302206809543
288896,1,1,5,0.42645456789925423
288902,1,1,9,332.33753942090186
288904,1,1,7,136.29160239219414
288914,1,1,9,536.1210530639504
288926,1,1,6,629.8551548166749
288940,1,1,6,457.47179293997345
288953,1,1,8,456.74048368452895
288963,1,1,4,0.42645458358136
288968,1,1,10,406.59454860771905
288969,1,1,6,463.9232286020924
288975,1,1,10,452.46083062138626
288978,1,1,4,0.42645458358136
288982,1,1,10,719.8751459943331
288992,1,1,8,854.0507927575246
288993,1,1,9,578.5407419799621
288994,1,1,5,0.42645457969393247
288998,1,1,10,312.63357165949077
289007,1,1,5,0.42645457969393247
289009,0,1,0,0.1142219812608835
289012,1,1,6,480.95822845027067
289020,1,1,5,0.42645457969393247
289021,0,1,0,0.1395482680038611
289025,1,1,6,467.2123688856399
289027,1,1,4,0.42645458358136
289041,1,1,6,541.9066412314153
289044,1,1,4,0.42645458358136
289051,1,1,9,230.65264315379284
289060,1,1,5,0.42645457969393247
289074,1,1,9,358.4365000843798
289092,1,1,4,0.42645458358136
289094,1,1,9,813.9509364933766
289105,1,1,4,0.4264545919581291
289114,1,1,2,376.7994942926227
289139,1,1,7,107.68274672570877
289147,1,1,5,0.42645457969393247
289153,1,1,4,0.42645458358136
289187,1,1,5,0.42645457969393247
289188,1,1,3,89.98241997477724
289197,1,1,6,595.4458540879526
289201,1,1,8,687.5951730551116
289215,1,1,3,87.2854215229552
289221,1,1,10,123.88588469360559
289243,1,1,10,465.63980661441843
289261,1,1,9,580.999050581034
289267,1,1,5,0.42645457969393247
289271,1,1,5,0.42645457969393247
289279,1,1,6,544.9845196135408
289283,1,1,8,171.1163777222863
289318,1,1,2,377.4990513259698
289320,1,1,9,497.89046116411504
289328,1,1,4,0.42645458358136
289334,1,1,6,448.9668359118267
289338,1,1,5,0.42645457969393247
289339,1,1,4,0.42645458358136
289360,1,1,10,482.67673426462534
289367,1,1,3,89.93648224393095
289381,1,1,8,513.5654869676777
289391,1,1,10,652.9940448964646
289393,1,1,6,220.47472011005198
289396,1,1,1,208.83270194450537
289407,1,1,5,0.42645457969393247
289408,1,1,9,257.8895675738813
289415,1,1,2,448.15050389967075
289445,1,1,7,165.08137517646819
289447,1,1,9,50.728611681961766
289451,1,1,9,783.6140741208144
289457,1,1,9,261.4717580106598
289473,1,1,4,0.42645458358136
289495,1,1,9,409.4558131722782
289497,1,1,10,609.0795489353046
289506,1,1,8,383.55274693218075
289517,1,1,4,0.42645458358136
289523,1,1,8,493.0208761178925
289525,1,1,9,282.4269502251079
289528,1,1,5,0.42645457969393247
289531,1,1,10,461.7390126101998
289547,1,1,7,91.32499621493034
289551,1,1,5,0.42645457969393247
289558,1,1,1,288.84311083485306
289571,1,1,5,0.42645457969393247
289597,1,1,10,664.1168172469256
289607,1,1,6,487.4902846426133
289643,1,1,8,732.075240177283
289671,1,1,9,567.4047979384001
289675,1,1,3,89.88009666051641
289680,1,1,8,891.3964173553784
289692,1,1,6,195.41245807889516
289702,1,1,9,455.1539824679664
289718,1,1,8,196.6016749071744
289723,1,1,5,0.42645457969393247
289726,1,1,2,229.7864569524858
289741,1,1,9,285.2904656447829
289745,1,1,5,0.42645457969393247
289759,1,1,4,0.42645458358136
289761,1,1,6,205.60940598539176
289765,1,1,5,0.42645456789925423
289776,1,1,8,611.7457757509077
289796,1,1,9,557.0333590869357
289845,1,1,4,0.42645458358136
289846,1,1,7,167.59905801195168
289860,1,1,9,859.2252286007665
289875,1,1,9,870.352970352149
289889,1,1,6,486.6057396447401
289899,1,1,5,0.42645457969393247
289902,1,1,6,642.5142985454526
289925,1,1,6,449.72486006054237
289937,1,1,8,604.6113991624437
289947,1,1,4,0.42645458358136
289956,1,1,10,530.3247983708986
289969,1,1,10,293.54955393971585
289974,1,1,10,154.30724019266987
289991,1,1,10,722.3327440453427
289993,1,1,8,590.0070053795546
289998,1,1,8,602.5246234365911
290002,1,1,6,386.26244172605055
290022,1,1,10,722.6612114899932
290066,1,1,1,601.0802441258712
290072,1,1,9,635.9263168217839
290090,1,1,8,642.4195509119764
290123,1,1,1,326.2982636145341
290128,1,1,5,0.42645457969393247
290161,1,1,5,0.42645457969393247
290165,1,1,5,0.42645457969393247
290173,1,1,10,185.64451723783594
290192,1,1,4,0.42645458358136
290194,1,1,9,564.8844131535961
290209,1,1,4,0.42645458358136
290253,1,1,1,534.5041622313574
290254,1,1,5,0.42645456789925423
290257,1,1,9,431.1318830739929
290269,1,1,6,786.5603713805089
290276,1,1,4,0.42645458358136
290280,1,1,8,512.268234204118
290283,1,1,6,458.58049244637164
290289,1,1,9,682.6825268588726
290314,1,1,4,0.42645458358136
290323,1,1,4,0.42645458358136
290325,1,1,9,761.2840731405837
290342,1,1,3,67.23558901079868
290344,1,1,4,0.42645458358136
290348,1,1,1,470.6235658314853
290355,1,1,9,709.5232521690585
290361,1,1,6,336.5897380193171
290369,1,1,8,496.2040755958189
290392,1,1,3,91.43546117364541
290403,1,1,4,0.42645458358136
290416,1,1,9,873.5007056247748
290417,1,1,6,261.8650052942497
290432,1,1,5,0.42645457969393247
290438,1,1,2,322.119176111548
290440,1,1,1,321.7907678225187
290449,1,1,4,0.42645458358136
290457,0,1,0,0.11855797221282123
290478,1,1,6,495.1390693948788
290487,1,1,6,535.2087641550587
290489,1,1,4,0.42645458358136
290492,1,1,4,0.42645458358136
290501,1,1,6,565.4280481045802
290512,1,1,4,0.42645458358136
290515,1,1,8,503.1555216269641
290528,1,1,4,0.4264545919581291
290530,1,1,5,0.42645457969393247
290531,1,1,10,419.64056865166884
290534,1,1,4,0.42645458358136
290543,1,1,10,184.17136142155547
290553,1,1,10,258.0405348450581
290577,1,1,4,0.42645457969393247
290586,1,1,4,0.42645458358136
290594,1,1,4,0.42645458358136
290627,1,1,9,553.9532703044356
290639,1,1,2,354.45465767764557
290642,1,1,1,542.5252208543568
290658,1,1,7,167.30948418066086
290678,1,1,4,0.42645458358136
290683,1,1,6,604.8396241576112
290705,1,1,8,633.8643691229528
290709,1,1,6,778.3008522333326
290718,1,1,10,274.3160097641495
290744,1,1,9,387.0620205061766
290750,1,1,2,295.87427239315315
290780,1,1,10,326.92275182026845
290791,1,1,5,0.42645457969393247
290837,1,1,2,379.41267088309974
290883,1,1,10,251.99696310534256
290914,1,1,6,605.7250757281926
290926,1,1,9,574.8519492286587
290932,1,1,4,0.42645458358136
290952,1,1,10,459.8187853855488
290955,1,1,10,671.8968266200419
290959,1,1,8,422.6119150662337
290963,1,1,4,0.42645458358136
290976,1,1,4,0.4264545919581291
290992,1,1,9,658.1880868849705
290999,1,1,9,193.35534602700108
291007,1,1,3,47.862863656682634
291014,1,1,6,372.3431653917338
291020,1,1,10,653.9712906385046
291031,1,1,5,0.42645457969393247
291040,1,1,10,521.4182706085302
291087,1,1,8,517.5404757351879
291104,1,1,6,732.9550903361869
291111,1,1,9,819.8075891429324
291117,1,1,5,0.42645457969393247
291127,1,1,5,0.42645457969393247
291133,1,1,5,0.42645457969393247
291141,1,1,10,325.8235812479722
291143,1,1,5,0.42645457969393247
291160,1,1,5,0.42645457969393247
291170,1,1,5,0.42645457969393247
291197,1,1,9,126.25120860177493
291209,1,1,4,0.42645458358136
291213,1,1,7,162.33261209533717
291226,1,1,4,0.42645458358136
291228,1,1,1,762.9596892866955
291276,1,1,10,721.3774529121323
291284,1,1,8,809.5646516819766
291295,1,1,6,546.2376649012987
291299,1,1,10,678.1757579854764
291324,1,1,4,0.42645458358136
291341,1,1,8,639.3246656974243
291355,1,1,8,569.6590431211526
291376,1,1,10,427.34476982905005
291377,1,1,1,581.087818902443
291383,1,1,9,600.7611408609113
291396,1,1,10,135.2716013050721
291412,1,1,1,611.3464249613121
291425,1,1,6,511.58582801096446
291428,1,1,8,653.8701595128822
291435,1,1,9,890.176461179485
291459,1,1,10,507.05912485580427
291474,1,1,2,384.6753509733437
291483,1,1,8,845.3920687192906
291490,1,1,6,804.4267218426867
291509,1,1,6,310.9872148203999
291513,1,1,3,90.77932744108566
291519,1,1,1,545.1451882112925
291541,1,1,6,339.4037144031982
291552,1,1,4,0.42645458358136
291566,1,1,9,862.002336634482
291571,1,1,3,89.9611575473606
291572,1,1,9,611.5344988640417
291573,1,1,2,483.523280255091
291581,1,1,8,205.79782005783704
291598,1,1,9,381.7868785583207
291601,1,1,7,168.4317577435465
291612,1,1,9,885.5445130447551
291624,1,1,4,0.42645458358136
291644,1,1,6,263.12916004790264
291655,1,1,8,781.1857827697145
291673,1,1,5,0.42645457969393247
291690,1,1,4,0.42645458358136
291696,1,1,10,619.9794331922549
291707,1,1,8,936.4654658137271
291720,1,1,9,670.4787741444034
291725,1,1,4,0.42645458358136
291728,1,1,6,617.9712879615748
291731,1,1,5,0.42645456789925423
291762,1,1,6,438.0546878305944
291787,1,1,3,59.248151354717095
291802,1,1,4,0.42645458358136
291844,1,1,1,598.7142582498515
291849,1,1,1,726.1775780944139
291875,1,1,4,0.42645458358136
291885,1,1,10,395.4945784186567
291886,1,1,9,63.99917819826264
291888,1,1,3,93.35549312123183
291894,1,1,1,584.3695961105722
291909,1,1,9,670.7038562610621
291928,1,1,5,0.42645457969393247
291940,1,1,8,507.5952651418516
291954,1,1,5,0.42645457969393247
291957,1,1,8,557.8133022592837
291964,1,1,5,0.42645457969393247
292010,1,1,3,36.67316984808612
292014,1,1,1,543.0721300951335
292024,1,1,10,335.3533434847618
292034,1,1,9,373.15753355797466
292049,1,1,9,359.4805686692783
292054,1,1,3,90.63710605168008
292055,1,1,7,58.55421771521045
292067,1,1,10,443.7648972932177
292068,1,1,10,460.54746453958853
292075,1,1,4,0.42645458358136
292080,1,1,5,0.42645457969393247
292086,1,1,9,866.0261664589453
292098,1,1,9,735.1354739335511
292122,1,1,5,0.42645457969393247
292141,1,1,10,678.4697793980058
292145,1,1,6,431.60716344258213
292153,1,1,9,876.1574891011402
292174,1,1,1,563.7923554975345
292185,1,1,7,156.85909568819818
292191,1,1,1,685.8074506771019
292192,0,1,0,0.11981267945536211
292200,1,1,7,68.86561301661705
292201,1,1,9,593.4048336339798
292208,1,1,5,0.42645457969393247
292211,1,1,4,0.42645458358136
292224,1,1,9,771.221498631534
292230,1,1,9,235.55636452895388
292244,1,1,6,377.74422308457923
292258,1,1,2,475.7188245845217
292275,1,1,9,590.8407951379775
292276,1,1,5,0.42645457969393247
292277,1,1,8,295.1584948535958
292279,1,1,5,0.42645457969393247
292284,1,1,9,535.1336207263068
292285,1,1,8,635.0901769477684
292291,1,1,3,90.09828735837817
292296,1,1,2,388.5239377138533
292306,1,1,10,642.250707783307
292313,1,1,10,419.7143425700602
292329,1,1,9,207.83230644253544
292339,1,1,5,0.42645457969393247
292343,0,1,0,0.16484608486937963
292348,1,1,10,720.3918854941504
292352,1,1,5,0.42645457969393247
292370,1,1,10,662.8477480141994
292377,1,1,10,465.1562606373947
292388,1,1,9,418.6514150179479
292389,1,1,6,175.92177450855775
292424,1,1,9,609.6854053204178
292426,1,1,5,0.42645457969393247
292441,1,1,9,574.0204766876583
292444,1,1,10,698.1372295478322
292448,1,1,8,511.1360905862095
292449,0,1,0,0.11405626254530787
292463,1,1,8,928.221727216845
292468,1,1,8,556.0617517398086
292472,1,1,5,0.42645457969393247
292489,1,1,5,0.42645457969393247
292495,1,1,2,204.5522750558525
292544,1,1,6,342.52191298228945
292554,1,1,4,0.42645458358136
292559,1,1,8,340.078596553235
292566,1,1,10,485.73561031546257
292575,1,1,7,171.55407154895494
292583,1,1,10,722.9984835300563
292595,1,1,4,0.42645458358136
292599,1,1,1,724.0139676763278
292610,1,1,10,550.1561916048491
292622,1,1,5,0.42645457969393247
292624,1,1,7,166.482416803817
292628,1,1,9,540.8820956789773
292643,1,1,6,784.2866297882764
292679,1,1,9,408.2047209141687
292706,1,1,7,137.4444305471071
292718,1,1,6,811.0056042948926
292727,1,1,8,365.39315349595734
292729,1,1,4,0.42645458358136
292737,1,1,8,154.72530303081462
292747,1,1,8,868.4445950646873
292789,1,1,10,318.70948378472116
292801,1,1,1,449.6199866010875
292806,1,1,10,455.63584316519
292828,1,1,6,386.40519261683943
292836,1,1,1,704.6570101783833
292837,1,1,6,721.2547563672983
292841,1,1,7,142.85809234472083
292847,1,1,4,0.42645458358136
292872,1,1,9,824.7634086833511
292873,1,1,8,236.1800959852151
292887,1,1,6,480.0194963194073
292889,1,1,4,0.42645458358136
292890,1,1,10,367.2940490378089
292909,1,1,2,418.8179173878101
292923,1,1,8,654.8059390831946
292931,1,1,10,719.991950211632
292932,1,1,5,0.42645457969393247
292950,1,1,5,0.42645457969393247
292962,1,1,8,587.3432722578292
292963,1,1,4,0.42645458358136
293017,1,1,7,88.25172912260692
293037,1,1,5,0.42645457969393247
293047,1,1,9,186.28601499584622
293056,1,1,5,0.42645457969393247
293070,1,1,8,151.32908367312342
293073,1,1,1,609.6008435887518
293085,1,1,10,244.05166057081246
293095,1,1,4,0.42645458358136
293099,1,1,5,0.42645457969393247
293100,1,1,4,0.42645458358136
293106,1,1,1,716.7338183423483
293112,1,1,8,754.5481723751702
293118,1,1,8,162.09497643410737
293125,1,1,7,169.00018470433713
293126,1,1,9,862.9855843828209
293129,1,1,4,0.42645458358136
293136,1,1,5,0.42645457969393247
293153,1,1,6,783.5191279706711
293175,1,1,4,0.42645458358136
293200,1,1,6,557.7187543784929
293202,1,1,6,269.02365531629766
293207,1,1,1,720.2299083252622
293216,1,1,9,800.5853575108506
293218,1,1,9,222.35152808505487
293239,1,1,3,89.83068430482103
293243,0,1,0,0.13799540925477935
293258,1,1,8,729.6462245549809
293286,1,1,1,742.1175369646312
293299,1,1,8,811.0285782615815
293303,1,1,4,0.42645458358136
293325,1,1,1,610.2592445509002
293326,1,1,6,470.0421884422619
293327,1,1,8,611.6218015889527
293333,1,1,6,374.92642986334823
293342,1,1,5,0.42645457969393247
293383,1,1,4,0.42645458358136
293395,1,1,7,98.45163284835263
293450,1,1,6,594.96241053198
293451,1,1,5,0.42645457969393247
293456,1,1,9,315.942824341291
293474,0,1,0,0.11784827800301867
293485,1,1,5,0.42645457969393247
293495,1,1,9,486.98415358442423
293512,1,1,4,0.4264545919581291
293517,1,1,5,0.42645456789925423
293518,0,1,0,0.09297026858114577
293519,1,1,2,147.71123687361046
293552,1,1,8,337.22728720795004
293554,1,1,6,255.80557350967942
293561,1,1,9,765.0312261553403
293572,1,1,2,296.08699193752784
293577,1,1,9,359.47526802416445
293614,1,1,6,438.2147128948243
293622,1,1,10,290.11053042785136
293626,1,1,10,717.0949940239952
293627,1,1,4,0.42645458358136
293629,1,1,4,0.42645458358136
293639,1,1,5,0.42645457969393247
293652,1,1,4,0.42645458358136
293667,1,1,8,438.8144517680577
293669,1,1,8,507.69904609116435
293673,1,1,1,619.1982608234385
293674,1,1,6,310.2129041859899
293681,1,1,7,75.45653126513561
293700,1,1,4,0.42645458358136
293708,1,1,5,0.42645457969393247
293712,1,1,8,478.91411039288
293726,1,1,5,0.42645457969393247
293741,1,1,6,767.8345108871694
293747,1,1,9,201.15346192646456
293754,1,1,9,611.7400319983014
293773,1,1,1,306.94199462448626
293776,1,1,6,447.43127869976615
293780,1,1,2,160.59479845897843
293781,1,1,8,543.2174833605541
293800,1,1,8,658.9481621763848
293805,1,1,6,616.7645391806807
293806,1,1,8,452.2009722399631
293809,1,1,3,91.70841864640602
293827,1,1,2,460.1972023648192
293841,1,1,2,182.76861323845122
293845,1,1,2,93.46044451458133
293854,1,1,7,51.309735029956656
293862,1,1,5,0.42645457969393247
293890,1,1,6,210.63851525051498
293920,1,1,6,404.478682258371
293925,1,1,6,785.6554496610019
293962,1,1,6,706.9081926630214
293966,1,1,10,460.4095419841139
293985,1,1,10,560.9553418385312
294010,1,1,7,36.39532242103317
294017,1,1,4,0.42645458358136
294018,1,1,6,461.82258628019116
294019,1,1,5,0.42645457969393247
294021,1,1,1,449.3928147697107
294025,0,1,0,0.10860469230703206
294034,1,1,4,0.42645458358136
294046,1,1,2,459.985539627933
294056,1,1,10,608.5307706575464
294062,1,1,1,588.0003726780636
294068,1,1,9,577.5324859392135
294069,1,1,8,831.0327176644821
294072,1,1,7,79.0111320250252
294076,1,1,2,212.11592173393228
294078,1,1,6,741.7201370732736
294084,1,1,9,99.66804935646105
294098,1,1,9,425.74767511804447
294117,1,1,9,357.8893634334336
294124,1,1,6,310.1634306547793
294130,1,1,8,373.73156462979716
294132,1,1,2,359.8953205082278
294159,1,1,5,0.42645457969393247
294184,1,1,10,446.3459365446775
294189,1,1,9,674.1262288965271
294206,1,1,8,453.292686637223
294209,1,1,4,0.42645458358136
294210,1,1,10,500.11999096523834
294216,1,1,3,72.21489165383973
294217,1,1,4,0.42645458358136
294240,1,1,1,527.8521931994002
294260,1,1,5,0.42645457969393247
294270,1,1,8,312.36147903063124
294282,1,1,2,168.45544040659414
294288,1,1,1,697.5616105001988
294290,1,1,4,0.42645458358136
294297,1,1,5,0.42645457969393247
294315,1,1,1,258.46674232230384
294322,1,1,7,52.86999360603887
294323,1,1,9,890.5172351958897
294329,0,1,0,0.110168208033432
294349,1,1,10,422.04441286761414
294354,1,1,8,683.6033664812758
294370,1,1,7,158.07149621458746
294371,1,1,10,659.5845960677983
294383,1,1,5,0.42645457969393247
294391,1,1,4,0.42645458358136
294392,1,1,10,677.9625204606136
294405,1,1,4,0.42645458358136
294412,1,1,2,368.74876331346576
294414,1,1,8,900.5802578861035
294424,1,1,9,212.5429214675987
294426,1,1,10,433.434343488951
294444,1,1,1,423.54059036402674
294446,1,1,4,0.42645458358136
294478,1,1,8,691.3681140975683
294480,1,1,5,0.42645457969393247
294487,1,1,1,216.8259920173548
294526,1,1,10,678.6828744476453
294539,1,1,5,0.42645457969393247
294542,1,1,10,683.3712969701737
294545,1,1,8,514.0616515793915
294546,1,1,5,0.42645457969393247
294552,1,1,10,668.1057892924697
294559,1,1,4,0.42645458358136
294572,1,1,10,669.162839845344
294612,1,1,10,651.3311315901033
294617,1,1,9,594.0669084799674
294625,1,1,8,561.9408255165716
294658,1,1,10,715.1147871361165
294664,1,1,4,0.42645458358136
294672,1,1,8,720.0289755718463
294673,1,1,9,569.6570423103124
294676,1,1,6,411.22014723300055
294682,1,1,3,53.0875707849407
294684,1,1,8,618.2696583317057
294688,1,1,6,730.8204695666941
294695,1,1,6,566.4755351829939
294698,1,1,5,0.42645457969393247
294712,1,1,3,91.33355644569768
294742,1,1,7,157.00123357151867
294745,1,1,1,227.33208403205728
294753,1,1,6,448.08604960614963
294754,1,1,4,0.4264545919581291
294758,1,1,9,236.07685918735226
294759,1,1,10,721.1657190979636
294760,1,1,8,618.6428769107926
294762,1,1,5,0.42645457969393247
294769,1,1,8,892.2175622820461
294772,1,1,2,266.2653242899083
294774,1,1,5,0.42645457969393247
294780,1,1,1,523.7051532049667
294789,1,1,4,0.42645458358136
294799,1,1,6,364.191205089839
294805,1,1,8,515.4976371479746
294810,1,1,1,371.39121210398974
294820,1,1,6,523.6814481112452
294833,1,1,6,546.0243596119283
294842,1,1,9,572.5681240584854
294854,1,1,6,796.7087817842677
294857,1,1,6,556.1191407902363
294871,1,1,9,217.73886709538584
294875,1,1,10,390.8533090907312
294878,1,1,5,0.42645457969393247
294883,1,1,7,164.84545051458596
294887,1,1,8,809.8256164722849
294890,1,1,9,388.19945514973364
294898,1,1,8,279.0079504238999
294918,1,1,8,912.7807384212164
294932,1,1,4,0.42645458358136
294933,1,1,3,75.24450204188199
294939,1,1,2,50.96632511528863
294943,1,1,5,0.42645457969393247
294950,1,1,5,0.42645457969393247
294958,1,1,6,785.6969506956301
294970,0,1,0,0.12322232462918621
294994,1,1,9,873.3583397933038
294997,1,1,7,165.372226567469
295010,1,1,5,0.42645457969393247
295017,1,1,4,0.42645458358136
295018,1,1,5,0.42645457969393247
295024,1,1,5,0.42645457969393247
295038,1,1,6,737.669140702174
295049,1,1,4,0.42645458358136
295058,1,1,6,521.9129882879519
295071,1,1,6,589.4603082700047
295086,1,1,8,946.5332842088624
295097,1,1,8,157.04620434889497
295102,1,1,10,717.5573185813365
295103,1,1,10,706.1235085071604
295108,1,1,10,391.025884092232
295120,1,1,10,548.2358925182633
295124,1,1,5,0.42645457969393247
295129,1,1,4,0.42645458358136
295137,1,1,9,604.6640269294986
295151,1,1,6,787.7780357170432
295169,1,1,2,421.28718629796555
295172,1,1,10,686.8413795369986
295186,1,1,6,628.965525084397
295188,1,1,5,0.42645457969393247
295201,1,1,6,594.6859514571305
295208,1,1,1,170.01089070686587
295213,1,1,7,99.71968767125367
295216,1,1,4,0.42645458358136
295231,1,1,4,0.42645458358136
295232,1,1,10,460.7973989940086
295234,1,1,9,719.0834220667205
295268,1,1,5,0.42645456789925423
295294,1,1,4,0.42645458358136
295306,1,1,9,771.4943057518556
295324,1,1,6,227.8440317603692
295325,1,1,9,778.3731287840035
295343,1,1,1,540.8892969462054
295344,1,1,1,608.152828478468
295347,1,1,3,90.2581185235057
295353,1,1,5,0.42645457969393247
295358,1,1,8,866.2489482375682
295394,1,1,8,253.28215507102783
295395,1,1,8,711.2134065550155
295398,1,1,6,790.238223673202
295425,1,1,3,84.52409434069224
295436,1,1,6,221.1312740251037
295449,1,1,9,386.62622802335324
295450,1,1,1,568.8607629050447
295488,1,1,3,92.16883498884978
295509,1,1,10,679.6763884811602
295522,1,1,5,0.42645457969393247
295528,1,1,8,740.6508831327156
295530,1,1,8,855.7125814677504
295558,1,1,7,103.95239819975242
295572,1,1,10,531.9838292090054
295578,1,1,9,879.684138982128
295581,1,1,9,796.4660550166653
295585,1,1,2,482.1662396475477
295586,1,1,1,577.6327000905616
295589,1,1,4,0.42645458358136
295604,1,1,8,739.607916476003
295613,1,1,6,564.8568702597034
295619,1,1,8,780.6470070258689
295620,1,1,5,0.42645456789925423
295622,1,1,4,0.42645458358136
295624,1,1,8,816.9617597600129
295627,1,1,8,717.2743361123607
295644,1,1,8,594.064478635195
295662,1,1,1,632.2330995849937
295678,1,1,10,517.4083983388159
295679,1,1,4,0.42645458358136
295685,1,1,9,598.7885571347574
295700,1,1,4,0.42645458358136
295704,1,1,5,0.42645457969393247
295727,1,1,7,164.66781069560616
295731,1,1,6,484.31418276272484
295735,1,1,4,0.42645458358136
295736,1,1,8,561.3320169286653
295741,1,1,1,393.4239682499228
295776,1,1,8,690.86710800554
295786,1,1,9,754.0717779809581
295792,1,1,9,862.48001270688
295802,1,1,4,0.42645458358136
295810,1,1,4,0.42645458358136
295815,1,1,9,595.4805498414215
295838,1,1,3,80.23209463552907
295853,1,1,4,0.42645458358136
295859,1,1,4,0.42645458358136
295864,1,1,8,811.1741081460589
295879,1,1,4,0.42645458358136
295898,1,1,8,294.41074058027294
295917,1,1,8,455.2799403091565
295948,1,1,3,86.15633108931522
295951,1,1,9,631.4098840599838
295961,0,1,0,0.12173714421879551
295970,1,1,8,704.529937048471
295987,1,1,6,424.08634945318465
295994,1,1,10,379.63426682835734
295998,1,1,3,57.64477993049726
295999,1,1,9,838.1183812228903
296020,1,1,1,548.4841928355675
296022,1,1,10,699.2305895855827
296027,1,1,10,591.4748184354099
296034,1,1,9,258.5032570503202
296039,1,1,1,304.25087926626804
296064,1,1,5,0.42645457969393247
296069,1,1,4,0.42645458358136
296073,1,1,6,786.3187952196846
296079,1,1,10,577.8384228792336
296085,1,1,8,250.57596293665776
296086,1,1,2,82.94799355593318
296098,1,1,9,421.31725178978917
296099,1,1,9,417.3114127630924
296106,1,1,10,272.6180786425309
296108,1,1,8,164.7477616816783
296111,1,1,8,745.5347765114047
296113,1,1,4,0.42645458358136
296129,1,1,4,0.42645458358136
296132,1,1,4,0.42645458358136
296134,1,1,10,335.22989244451975
296151,1,1,4,0.42645458358136
296152,1,1,4,0.42645458358136
296157,0,1,0,0.10326489334641537
296162,1,1,4,0.42645458358136
296180,1,1,5,0.42645457969393247
296202,1,1,9,546.2089885158042
296203,1,1,5,0.42645456789925423
296207,1,1,9,860.5470288978563
296208,1,1,6,643.7824380841989
296217,1,1,3,75.10209332373043
296219,1,1,5,0.42645457969393247
296225,1,1,8,167.89090890748045
296226,1,1,6,525.7381663352477
296229,1,1,10,480.1718157685953
296241,1,1,9,503.10847174382076
296258,1,1,4,0.42645458358136
296265,1,1,4,0.42645458358136
296295,1,1,8,899.9338287598501
296301,1,1,9,449.8385360958706
296308,1,1,1,735.0524802067988
296309,1,1,2,384.34916764526383
296310,1,1,5,0.42645457969393247
296314,1,1,2,186.4710482820544
296324,1,1,9,371.69772811626746
296326,1,1,9,391.30358522431527
296331,1,1,9,429.7486680151308
296337,1,1,4,0.42645458358136
296342,1,1,4,0.42645458358136
296366,1,1,9,875.1462778483478
296373,1,1,10,386.4657119683923
296378,1,1,5,0.42645457969393247
296380,1,1,5,0.42645457969393247
296381,1,1,10,254.19810275562818
296387,1,1,4,0.42645458358136
296443,1,1,9,230.62350124012823
296457,1,1,2,356.4357197243514
296458,1,1,4,0.42645458358136
296471,1,1,6,693.4959762582199
296472,1,1,5,0.42645456789925423
296491,1,1,8,263.47851119093224
296494,1,1,4,0.42645458358136
296499,1,1,4,0.42645458358136
296507,1,1,8,665.4509871151382
296512,1,1,8,390.91174924119747
296532,1,1,9,425.27798087238824
296567,1,1,9,889.8840396698416
296587,1,1,7,158.64516951071155
296591,1,1,5,0.42645457969393247
296594,1,1,9,575.2903233190044
296631,1,1,5,0.42645457969393247
296636,1,1,9,435.0710322116576
296637,1,1,4,0.42645458358136
296645,1,1,5,0.42645457969393247
296647,1,1,8,191.67143306346406
296657,1,1,10,272.4670719462422
296672,1,1,6,271.54642445816177
296677,1,1,10,719.24844069442
296680,1,1,8,607.2137458753809
296700,1,1,5,0.42645457969393247
296714,1,1,9,696.2132931706576
296724,1,1,9,253.62542628428363
296727,1,1,2,231.26490703037396
296744,1,1,4,0.42645458358136
296753,1,1,7,135.51674792172153
296764,1,1,7,98.66308996139007
296774,1,1,9,335.1918819130684
296782,1,1,8,498.2814929050728
296787,1,1,8,693.5465121127648
296788,1,1,9,832.6168275574465
296790,1,1,5,0.42645457969393247
296813,1,1,6,407.0564224373465
296823,1,1,6,792.9097492787062
296849,1,1,9,392.32027884272077
296865,1,1,4,0.42645457969393247
296882,1,1,7,159.53858592354752
296895,1,1,4,0.42645458358136
296904,1,1,9,642.5320872123726
296908,1,1,4,0.42645458358136
296910,1,1,8,826.606813600744
296915,1,1,9,863.8807950157452
296916,1,1,1,353.53012593177976
296920,1,1,8,425.33259850478146
296922,1,1,5,0.42645457969393247
296926,1,1,1,347.94148445532437
296933,1,1,6,468.2730421223642
296935,1,1,10,122.20710303423523
296945,1,1,4,0.42645458358136
296960,1,1,4,0.42645458358136
296975,1,1,4,0.42645458358136
296976,1,1,10,624.8210541922342
296981,1,1,5,0.42645457969393247
296992,1,1,10,411.51653150484
296993,1,1,9,375.116497913624
297000,1,1,5,0.42645457969393247
297009,1,1,1,318.3937229521138
297023,1,1,7,151.54641361800225
297030,1,1,5,0.42645457969393247
297033,1,1,2,488.0685218936856
297040,1,1,6,256.1873281901737
297067,1,1,9,865.9872570046329
297070,1,1,10,679.6025366472822
297071,1,1,6,558.7995013962618
297073,1,1,3,90.06648038870726
297077,1,1,4,0.4264545919581291
297110,1,1,1,198.5790260285011
297112,1,1,6,363.18637628151
297125,1,1,6,455.34281935548995
297151,1,1,8,625.616113931555
297153,1,1,7,112.50163125856594
297158,1,1,4,0.42645458358136
297187,1,1,10,695.4632071377085
297193,1,1,6,227.70141463707898
297207,1,1,4,0.42645458358136
297250,1,1,5,0.42645457969393247
297253,1,1,6,672.5325257816387
297272,1,1,10,188.19340884105034
297286,1,1,9,853.6356642376345
297303,1,1,4,0.42645458358136
297325,1,1,4,0.42645458358136
297347,1,1,5,0.42645457969393247
297363,1,1,4,0.42645458358136
297365,1,1,4,0.42645458358136
297373,1,1,6,515.8286438817742
297391,1,1,9,330.72374808253034
297406,1,1,9,538.7529140275384
297411,1,1,9,552.408690241229
297418,1,1,9,810.0595362290768
297437,1,1,4,0.42645458358136
297438,1,1,1,275.645836456151
297446,1,1,4,0.42645458358136
297461,1,1,9,485.45306789699106
297465,1,1,8,616.7742175490654
297468,1,1,9,565.5244716276187
297475,1,1,6,734.7856547379403
297489,1,1,8,560.132818418184
297493,1,1,9,881.7590174270094
297496,1,1,1,613.1118984849687
297498,1,1,5,0.42645457969393247
297509,1,1,5,0.42645457969393247
297514,1,1,1,390.5166156353737
297526,1,1,10,570.3826555375148
297535,1,1,10,421.7456107640524
297540,1,1,7,131.7516320872294
297545,1,1,5,0.42645457969393247
297560,1,1,6,279.98304760711073
297578,1,1,6,779.9124704860685
297608,0,1,0,0.12886307597399718
297617,1,1,10,251.40945486501863
297626,1,1,7,86.98482955171363
297628,1,1,1,334.1361409541628
297645,1,1,9,596.7763189327619
297647,1,1,4,0.42645458358136
297658,1,1,8,369.31882643130945
297660,1,1,9,483.30000264301646
297663,1,1,9,70.01940232910637
297665,1,1,9,581.5995611295565
297666,1,1,8,704.7140573100286
297667,1,1,8,739.8275748458418
297677,1,1,4,0.42645458358136
297678,1,1,9,720.8660283801408
297690,1,1,9,885.3029248048293
297696,1,1,9,258.14923184983445
297697,1,1,4,0.42645458358136
297713,1,1,9,484.75424388619655
297728,1,1,4,0.42645458358136
297739,1,1,9,556.8085204384494
297741,1,1,6,536.2767978318354
297746,1,1,2,389.74636936589917
297747,1,1,8,928.2344330933479
297749,1,1,4,0.42645458358136
297768,1,1,7,82.65785104302391
297773,1,1,10,418.4447099905356
297779,1,1,5,0.42645457969393247
297785,1,1,7,146.98478892491116
297786,1,1,1,704.4581418603667
297788,1,1,10,283.49782343036463
297799,1,1,3,45.08688319542741
297804,1,1,2,143.38277204049905
297805,1,1,10,448.25541696378554
297811,1,1,5,0.42645457969393247
297819,1,1,8,666.8834441899083
297823,1,1,2,98.93656020177434
297825,1,1,8,565.3070729895564
297828,1,1,10,319.34494263953275
297833,1,1,9,869.3711226399571
297835,1,1,9,814.0896444549294
297840,1,1,5,0.42645457969393247
297850,1,1,5,0.42645457969393247
297853,1,1,9,236.60338623250857
297859,1,1,7,165.13472009532543
297863,1,1,2,300.39581560327866
297871,1,1,5,0.42645457969393247
297873,1,1,5,0.42645457969393247
297875,1,1,5,0.42645457969393247
297884,1,1,8,266.18041401596275
297886,1,1,5,0.42645457969393247
297899,1,1,8,536.6247880818975
297906,1,1,3,34.41478630133926
297909,1,1,9,107.19271934231901
297924,1,1,5,0.42645456789925423
297944,1,1,9,748.0866137203261
297947,1,1,4,0.42645458358136
297952,1,1,1,372.38580641125816
297967,1,1,5,0.42645457969393247
297974,1,1,6,286.12248978233345
297990,1,1,6,568.1745930139588
297993,1,1,6,774.9229364795965
297999,1,1,8,583.4795699493122
298009,1,1,4,0.42645458358136
298017,1,1,8,723.2900253015204
298034,1,1,8,536.6671848564114
298037,1,1,6,640.1097081631513
298051,1,1,8,451.3603435735297
298052,1,1,10,444.61908901629056
298054,1,1,9,592.5236201584337
298069,1,1,10,721.5935217119429
298082,1,1,5,0.42645457969393247
298087,1,1,7,170.91880101764121
298106,1,1,9,862.7118108623295
298111,1,1,8,114.56724482800838
298114,1,1,4,0.42645458358136
298122,1,1,6,711.0284833145392
298127,1,1,8,474.9062288879803
298149,0,1,0,0.24693981338634455
298159,1,1,6,672.3337581676769
298176,1,1,10,400.5689154420657
298183,1,1,4,0.42645458358136
298200,1,1,10,501.38075760526317
298205,1,1,10,447.4723569530914
298223,1,1,9,512.5343126054948
298228,1,1,4,0.4264545919581291
298261,1,1,9,414.98249522861823
298268,1,1,9,746.9773288915693
298276,1,1,6,258.497661538024
298296,1,1,4,0.42645458358136
298298,1,1,5,0.42645457969393247
298301,1,1,9,199.30716860605457
298302,1,1,3,58.47495475785772
298310,1,1,4,0.42645458358136
298345,1,1,9,786.705679525599
298347,1,1,1,291.0695410431656
298356,1,1,8,626.7182744807734
298396,1,1,6,685.0446190121643
298402,1,1,6,788.5844351208013
298410,1,1,2,283.6956101996688
298436,1,1,5,0.42645457969393247
298449,1,1,10,296.26999807489
298451,1,1,5,0.42645457969393247
298467,1,1,10,417.18952875386213
298484,1,1,9,211.97094562350244
298516,1,1,5,0.42645457969393247
298521,1,1,2,205.59198542104625
298523,1,1,9,866.3846124940771
298541,1,1,10,392.0524846270835
298556,1,1,5,0.42645457969393247
298569,1,1,6,549.2677653726906
298579,1,1,10,144.88446816561284
298580,1,1,6,316.3989780091236
298594,1,1,4,0.42645458358136
298597,1,1,5,0.42645457969393247
298617,1,1,10,705.7390225496949
298626,1,1,4,0.42645458358136
298630,1,1,6,372.2097600863085
298639,1,1,5,0.42645456789925423
298675,1,1,3,58.50249049649493
298678,1,1,5,0.42645457969393247
298713,1,1,8,348.5539223011705
298718,1,1,9,169.14011252542275
298723,1,1,6,557.4988993709773
298733,1,1,4,0.42645458358136
298738,1,1,8,660.2696195248949
298788,1,1,10,165.8228720871443
298795,1,1,2,163.6208929184495
298812,1,1,7,153.46141368976816
298830,1,1,1,184.85486420034297
298833,1,1,10,722.3089762774326
298838,1,1,1,518.5419903454167
298839,1,1,9,776.6426034877978
298840,1,1,2,175.5666051948952
298843,1,1,1,364.9144543323249
298856,1,1,8,402.44260371958836
298857,1,1,10,461.15289860027855
298872,1,1,8,556.5147733223969
298884,1,1,5,0.42645457969393247
298886,1,1,4,0.42645458358136
298887,1,1,7,71.25075153280419
298892,1,1,8,808.8242515278577
298896,1,1,4,0.42645458358136
298919,1,1,1,399.0618318907935
298945,1,1,8,324.7729896902602
298947,1,1,9,797.3521088475294
298966,1,1,4,0.42645458358136
298974,1,1,10,720.1250274770356
298978,1,1,6,783.0091173458862
298980,1,1,5,0.42645456789925423
298981,1,1,4,0.4264545919581291
298985,1,1,4,0.42645458358136
298986,1,1,1,760.1883141254874
299008,1,1,3,54.65009880084307
299013,1,1,9,890.1399769123052
299015,1,1,8,745.1079405878351
299040,1,1,9,733.8541006065461
299062,1,1,10,463.2870551836172
299065,1,1,7,111.99942070847335
299076,1,1,5,0.42645457969393247
299082,1,1,6,555.3646130986294
299090,1,1,4,0.42645458358136
299097,1,1,2,224.93723358329711
299103,1,1,6,435.44382281712984
299119,1,1,6,709.6001826685464
299141,1,1,10,123.1792681600456
299142,1,1,2,447.14183102944736
299144,1,1,5,0.42645457969393247
299160,1,1,4,0.42645458358136
299164,1,1,4,0.42645458358136
299171,1,1,6,499.1403562746274
299177,1,1,2,288.7612403071408
299183,1,1,9,237.3478915281637
299186,1,1,10,256.4692581916187
299189,1,1,10,599.5816854725881
299198,1,1,9,699.4790733062999
299223,1,1,4,0.42645458358136
299224,1,1,5,0.42645457969393247
299231,1,1,9,578.9831852042034
299234,1,1,9,467.426367546016
299256,1,1,6,435.7132690907702
299269,1,1,4,0.4264545919581291
299275,1,1,4,0.4264545919581291
299280,1,1,5,0.42645457969393247
299286,1,1,9,810.695158913868
299295,1,1,10,194.16006354161877
299318,1,1,1,762.8938588282128
299322,1,1,4,0.42645458358136
299324,1,1,8,351.7303895213765
299345,1,1,6,660.1247558875908
299351,1,1,5,0.42645457969393247
299352,1,1,4,0.42645458358136
299354,1,1,4,0.42645458358136
299363,1,1,4,0.42645458358136
299364,1,1,5,0.42645457969393247
299369,1,1,8,731.8474084675846
299379,1,1,10,272.94564451420484
299383,1,1,5,0.42645457969393247
299390,1,1,1,255.20294836747277
299407,1,1,2,364.1099712000354
299408,1,1,7,169.52854093482952
299418,1,1,4,0.42645458358136
299422,1,1,7,166.06258243028196
299464,1,1,10,639.2699840460967
299466,1,1,10,228.51705920165338
299474,1,1,9,397.03347618072746
299487,1,1,8,899.2409330908904
299495,1,1,9,82.29590604769126
299503,1,1,4,0.42645458358136
299505,1,1,1,567.1983183140721
299509,1,1,3,91.74479995953386
299518,1,1,1,460.3942294061022
299541,1,1,8,338.3398114728787
299542,1,1,9,606.424988790104
299555,1,1,7,76.79421540589748
299564,1,1,8,497.9604439437845
299574,1,1,7,115.74388844088335
299594,1,1,9,836.907969082905
299597,1,1,9,136.3964246646838
299607,1,1,5,0.42645457969393247
299611,1,1,8,760.5899736214964
299621,1,1,10,153.91686632984351
299623,1,1,8,616.418204754627
299632,1,1,10,546.8483107224574
299634,1,1,4,0.42645458358136
299648,1,1,9,464.97937017629374
299649,1,1,8,316.6537491156266
299655,1,1,10,201.58174047223855
299672,1,1,8,871.2021948736185
299682,1,1,5,0.42645457969393247
299690,1,1,4,0.42645458358136
299691,1,1,3,76.90008578443293
299698,1,1,4,0.42645458358136
299720,1,1,8,638.9683982000994
299732,1,1,5,0.42645457969393247
299734,1,1,4,0.42645458358136
299738,1,1,4,0.42645458358136
299784,1,1,10,460.4122436368295
299788,1,1,4,0.42645458358136
299789,1,1,9,609.5232383696459
299805,1,1,10,459.1570447667029
299843,1,1,1,247.66977409620858
299847,1,1,6,712.7930001371814
299852,1,1,3,86.9837821588383
299856,1,1,8,570.0020420914946
299864,1,1,9,400.05193475128317
299865,1,1,1,274.1482074621191
299880,1,1,8,527.8584873052009
299884,1,1,8,446.96950807275744
299903,1,1,9,866.3983840059946
299910,1,1,10,400.21570815776926
299911,1,1,1,509.3079135297088
299912,1,1,8,914.1854370169218
299922,1,1,1,405.38155149566535
299936,1,1,8,417.3489689185004
299946,1,1,9,451.6975168904388
299963,1,1,8,658.4599341559698
299967,1,1,4,0.42645458358136
299968,1,1,1,208.07103372928168
299987,1,1,4,0.42645458358136
300009,1,1,4,0.42645458358136
300028,1,1,2,479.8557842529911
300059,1,1,2,68.60945392870633
300096,1,1,4,0.42645458358136
300101,1,1,10,459.4849571769329
300103,1,1,1,541.6580712180638
300117,1,1,9,812.2082258147028
300128,1,1,9,574.8909225168533
300132,1,1,1,661.1625802830865
300133,1,1,8,932.051148158421
300138,1,1,8,783.2516220524352
300146,1,1,6,588.1184768498839
300154,1,1,5,0.42645457969393247
300161,1,1,5,0.42645457969393247
300162,1,1,5,0.42645457969393247
300173,1,1,9,263.245124498776
300181,1,1,6,428.07707829287705
300202,1,1,8,928.5882312730794
300246,1,1,5,0.42645456789925423
300258,1,1,6,151.2488394697641
300259,1,1,8,599.5876455050108
300278,1,1,10,459.6411540223385
300287,1,1,7,118.67932843524132
300289,1,1,8,734.6876466265243
300307,1,1,8,451.5960720842361
300325,1,1,3,89.81967302301628
300338,1,1,1,230.70765336118026
300348,1,1,2,490.8345104383132
300364,1,1,10,323.1282437787919
300370,1,1,10,521.3290202413755
300397,1,1,1,544.0271886122198
300433,1,1,10,506.4348329222266
300441,1,1,8,504.54256955714436
300476,1,1,5,0.42645457969393247
300477,1,1,4,0.42645457969393247
300493,1,1,5,0.42645457969393247
300500,1,1,3,91.39594173989722
300532,1,1,9,552.8789966119887
300533,1,1,9,715.2664004127091
300547,1,1,4,0.42645458358136
300557,1,1,4,0.42645458358136
300559,1,1,8,396.05961353293765
300568,1,1,8,435.84486186406536
300571,1,1,9,751.3832686835194
300574,1,1,7,161.65630088909575
300578,1,1,10,523.272671849228
300582,1,1,6,545.8152715031366
300589,1,1,6,787.2713726348145
300591,1,1,8,195.4445978791743
300592,1,1,8,874.7326901137956
300621,1,1,5,0.42645456789925423
300638,1,1,1,605.2918448937593
300644,1,1,9,831.8567590032952
300651,1,1,2,465.5865358730571
300657,1,1,5,0.42645457969393247
300660,1,1,9,621.1872235903934
300661,1,1,4,0.42645458358136
300662,1,1,9,773.776603304926
300682,1,1,2,474.6461976194575
300721,1,1,2,457.47532658374996
300745,1,1,9,881.9288970126058
300750,1,1,3,85.5805008462798
300759,1,1,10,523.3632392968537
300767,1,1,8,321.76166517637074
300775,1,1,9,126.87687119308612
300804,0,1,0,0.12837468239714256
300807,1,1,6,769.1746954445289
300811,1,1,2,258.06410350079364
300818,1,1,9,835.848341083516
300853,1,1,10,720.4902871385601
300857,1,1,4,0.42645458358136
300862,1,1,6,398.39597047411064
300875,1,1,10,471.4178961176439
300880,1,1,7,47.80182174208128
300900,1,1,8,508.4611345629645
300923,1,1,8,689.2581237765529
300930,1,1,8,764.7686176035944
300931,1,1,9,814.326229713591
300938,1,1,2,61.52009412677372
300940,1,1,6,255.8155594139228
300942,1,1,9,865.4809911331397
300950,1,1,10,136.32903328155857
300954,1,1,10,410.5685643984928
300970,1,1,10,271.5703995585565
300972,1,1,5,0.42645457969393247
300975,1,1,6,366.48791896275753
300996,1,1,7,152.19379396044135
300997,1,1,5,0.42645457969393247
300999,1,1,8,781.836130785691
301000,1,1,6,391.394168735047
301017,1,1,5,0.42645457969393247
301019,1,1,9,886.3882453401035
301030,1,1,1,180.69009376267502
301035,1,1,4,0.42645458358136
301043,1,1,10,471.4869512583976
301048,1,1,3,56.46792182301636
301099,1,1,10,438.6007745804433
301100,1,1,6,722.5819453643502
301115,1,1,9,592.2565814437652
301119,1,1,9,578.2290548372325
301125,1,1,4,0.42645458358136
301130,1,1,8,303.22844784918374
301133,1,1,9,565.5306210356517
301142,1,1,8,381.52771141998613
301154,1,1,8,514.4492776757177
301156,1,1,6,265.715079671194
301182,1,1,6,424.8264434907114
301191,1,1,5,0.42645457969393247
301210,1,1,9,543.1852486514332
301212,1,1,5,0.42645457969393247
301220,1,1,9,578.2899849699735
301247,1,1,6,277.6415012152977
301255,1,1,8,206.08217685982936
301256,1,1,6,444.97879601085725
301261,1,1,2,228.92881782403612
301266,1,1,8,777.3750423979873
301271,1,1,9,632.8923654348464
301272,1,1,5,0.42645457969393247
301285,1,1,8,870.9316410448196
301304,1,1,6,222.07720665424787
301311,1,1,5,0.42645457969393247
301316,1,1,9,891.3114927007842
301333,1,1,10,720.2289747970283
301344,1,1,5,0.42645457969393247
301348,1,1,1,599.7060695328063
301358,1,1,4,0.42645458358136
301360,1,1,7,68.39371198281566
301389,1,1,10,719.9213285473422
301416,1,1,6,549.7372314052842
301418,1,1,4,0.42645458358136
301421,1,1,9,877.804912655561
301431,1,1,6,673.888905740213
301436,1,1,10,214.61096896428708
301437,1,1,4,0.42645458358136
301442,1,1,9,456.84356961612986
301456,1,1,5,0.42645457969393247
301468,1,1,9,577.3316645344786
301479,1,1,7,173.0438712277859
301484,1,1,8,280.3806588071518
301506,1,1,9,530.4773772902394
301512,1,1,7,151.7306431463411
301515,1,1,5,0.42645457969393247
301550,1,1,6,534.3566497227077
301582,1,1,6,346.3714793352406
301586,1,1,9,454.1578021916063
301620,1,1,1,435.83812665164
301627,1,1,10,720.7614925842231
301635,1,1,10,112.4542977616406
301638,1,1,8,206.3517746300241
301658,1,1,5,0.42645457969393247
301664,1,1,2,401.4992675556715
301688,1,1,10,600.5493650948215
301691,1,1,9,700.171094637804
301712,1,1,6,546.681237382161
301721,1,1,10,566.1611863976515
301722,1,1,2,318.51442503065886
301733,1,1,9,616.5369889154055
301757,1,1,10,183.23905483709294
301783,1,1,8,252.60127100525514
301787,1,1,7,155.65997243054676
301788,1,1,8,830.6268496140249
301812,1,1,3,88.71975326864627
301814,1,1,8,624.7568999088602
301831,1,1,9,436.58082197073475
301835,1,1,4,0.42645458358136
301838,1,1,7,20.026122604765046
301842,1,1,6,747.4821210382345
301843,1,1,1,215.08706414903364
301848,1,1,8,888.9801098140958
301857,1,1,6,651.4986775956328
301866,1,1,9,460.2952842171406
301872,1,1,9,729.4710350974277
301876,1,1,5,0.42645457969393247
301888,1,1,9,547.2306475818066
301895,1,1,5,0.42645457969393247
301901,1,1,10,524.9373759758993
301918,1,1,8,646.5784799344841
301929,1,1,5,0.42645456789925423
301934,1,1,8,370.7575833119093
301935,1,1,9,610.284515411423
301937,1,1,9,823.1775769692957
301939,1,1,8,275.13750801605397
301949,1,1,6,529.4985673893095
301954,1,1,9,614.3464080655576
301959,1,1,1,228.29165046206077
301962,1,1,8,555.2000772326041
301975,1,1,1,616.5941937542364
301985,1,1,2,64.37099169002839
301990,1,1,6,526.9259550233013
302018,1,1,7,122.1235893095469
302021,1,1,9,482.6675116124757
302027,1,1,10,698.3017410560327
302036,1,1,9,722.3044866376073
302044,1,1,4,0.42645458358136
302046,1,1,10,467.79216673351135
302055,1,1,4,0.42645458358136
302070,1,1,5,0.42645457969393247
302077,1,1,7,157.9738238594339
302084,1,1,8,469.50140964092583
302085,1,1,8,344.6521598841468
302086,1,1,4,0.42645458358136
302092,1,1,5,0.42645457969393247
302098,1,1,6,543.112532390938
302104,1,1,9,793.8136366092526
302120,1,1,8,310.6048429801021
302131,1,1,5,0.42645457969393247
302143,1,1,4,0.42645458358136
302151,1,1,7,125.12058969440648
302157,1,1,1,551.4890755339234
302171,1,1,4,0.4264545919581291
302179,1,1,9,879.0640220416134
302201,1,1,4,0.42645458358136
302202,1,1,9,844.6060210362342
302207,1,1,10,474.0511381748723
302208,1,1,8,728.8436143389085
302212,1,1,1,465.72229032212124
302220,1,1,9,493.0301868751644
302234,1,1,4,0.42645458358136
302240,1,1,8,563.2591246921693
302242,1,1,1,656.5630273124825
302243,1,1,1,385.71333419932637
302244,1,1,9,888.7476116228876
302253,1,1,5,0.42645457969393247
302263,1,1,6,299.7217377176218
302272,1,1,10,717.9903339798974
302277,1,1,3,89.1527946372922
302314,1,1,6,756.4579598569987
302329,1,1,6,714.1351198962894
302337,1,1,9,860.2078983221652
302340,1,1,1,179.96108178043812
302341,1,1,9,549.0801608872334
302351,1,1,2,169.00130550675436
302353,1,1,6,791.5248467291262
302358,1,1,10,679.5320492628734
302369,1,1,10,720.1451012431813
302384,1,1,8,494.5132938343239
302391,1,1,8,502.7794009925215
302397,1,1,4,0.42645458358136
302408,1,1,10,86.30352394871997
302416,1,1,5,0.42645457969393247
302418,1,1,1,498.32078849999584
302421,1,1,4,0.4264545919581291
302438,1,1,5,0.42645456789925423
302440,1,1,8,859.19678798985
302447,1,1,10,107.63177247956438
302457,1,1,6,793.3612900485965
302461,1,1,9,256.75726961112827
302471,1,1,9,642.8060872861219
302474,1,1,9,430.2897188662179
302490,1,1,6,753.8199620856764
302504,1,1,7,96.81375851625376
302509,1,1,4,0.42645458358136
302512,1,1,8,497.6284553618689
302524,0,1,0,0.1245854925098717
302532,1,1,10,210.1347416906105
302566,1,1,5,0.42645457969393247
302586,1,1,10,693.5322051608651
302593,1,1,4,0.42645458358136
302598,1,1,5,0.42645457969393247
302606,1,1,9,666.357307117877
302610,1,1,5,0.42645457969393247
302617,1,1,7,83.35846122439312
302618,1,1,7,117.00757893938774
302640,1,1,4,0.42645458358136
302645,1,1,6,643.1403642784945
302646,1,1,9,346.0809814426228
302664,1,1,5,0.42645457969393247
302679,1,1,10,399.59343018643193
302694,1,1,9,665.0444731793799
302695,1,1,1,512.7760563128345
302700,1,1,4,0.42645458358136
302706,1,1,5,0.42645457969393247
302714,1,1,9,659.747350922377
302731,1,1,1,548.5799852764254
302748,1,1,4,0.4264545919581291
302752,1,1,7,169.92430220890168
302755,1,1,9,876.4342193312455
302769,1,1,9,846.3426702348216
302773,1,1,5,0.42645457969393247
302787,1,1,8,383.362307629062
302789,1,1,1,382.7405812232537
302795,1,1,10,421.8872412448871
302811,1,1,6,372.8827217405521
302822,1,1,6,636.2222619555935
302827,1,1,6,543.3564390340707
302843,1,1,5,0.42645457969393247
302844,1,1,9,441.043143387386
302853,1,1,9,674.2371029837979
302857,1,1,9,488.98012094768524
302864,1,1,9,883.5351483201986
302882,1,1,10,459.03693115620456
302912,1,1,5,0.42645457969393247
302946,1,1,10,111.80294777075554
302951,1,1,10,536.6617159040637
302953,1,1,5,0.42645457969393247
302959,1,1,8,326.0657412284364
302977,1,1,10,289.17512430798376
302978,1,1,9,866.4102574992729
302981,1,1,5,0.42645457969393247
302984,1,1,8,369.7310991932192
302988,1,1,5,0.42645457969393247
302993,1,1,1,736.0017681518747
302995,1,1,9,792.1672985317297
302997,1,1,5,0.42645457969393247
303014,1,1,8,581.9810976362842
303017,1,1,7,158.16348638070548
303025,1,1,9,227.31314115004167
303035,1,1,6,569.5080162726542
303042,1,1,8,603.6313563442409
303046,1,1,9,823.9130991067387
303058,1,1,9,766.646629294183
303065,1,1,8,829.5461639152572
303068,1,1,10,463.3100038134309
303069,1,1,7,119.67858954971999
303081,1,1,5,0.42645457969393247
303082,1,1,8,376.7301200774178
303090,1,1,5,0.42645457969393247
303096,1,1,9,861.8564586772418
303123,1,1,7,90.17979821883159
303125,1,1,5,0.42645457969393247
303147,1,1,6,684.5483889095398
303155,1,1,2,175.30604500772486
303158,1,1,8,495.14840552687406
303168,1,1,5,0.42645457969393247
303189,1,1,10,394.0511032193377
303191,1,1,6,802.9833069868488
303205,0,1,0,0.2407312830113794
303216,1,1,1,659.2926704344795
303234,1,1,3,37.680432200744576
303251,1,1,10,459.66904374669394
303264,1,1,10,577.9424269861689
303268,1,1,9,865.9078910867702
303282,1,1,1,175.9792346562063
303288,1,1,4,0.42645458358136
303296,1,1,6,678.3569504015219
303310,1,1,6,772.1663911798961
303337,1,1,9,169.91448982513984
303349,1,1,10,215.17977777661818
303350,1,1,2,465.8177412265649
303359,1,1,1,305.8649829707741
303370,1,1,8,779.3514550711568
303385,1,1,8,557.2775129961416
303386,1,1,9,780.1726961347641
303392,1,1,8,137.20264165386322
303399,1,1,4,0.42645458358136
303409,1,1,10,333.5905265241664
303419,1,1,6,550.0615951755545
303424,1,1,9,543.2278875582269
303429,1,1,7,74.60130791278974
303435,1,1,6,720.5840167256963
303436,1,1,6,788.8715817568092
303449,1,1,1,667.6822858062802
303492,1,1,4,0.42645458358136
303502,1,1,7,167.25388060678142
303505,1,1,8,812.5137710552056
303506,1,1,10,391.45502966034206
303523,1,1,4,0.42645458358136
303526,1,1,9,612.000982456599
303588,1,1,9,229.6396495579627
303608,1,1,4,0.42645457969393247
303627,1,1,8,676.8219227778876
303635,1,1,10,604.3689872852798
303660,1,1,3,87.71484249191872
303667,1,1,8,813.7653209086849
303686,1,1,5,0.42645457969393247
303688,1,1,4,0.42645458358136
303710,1,1,2,142.52961107035557
303720,1,1,10,291.9151335270238
303721,1,1,5,0.42645457969393247
303743,1,1,6,708.0295603181909
303749,1,1,9,484.75738329722344
303750,1,1,5,0.42645457969393247
303751,1,1,7,59.54400912711342
303760,1,1,8,514.388859180553
303769,1,1,1,610.6156791635174
303775,1,1,5,0.42645457969393247
303782,1,1,4,0.42645458358136
303797,1,1,4,0.42645458358136
303821,1,1,1,341.63086805718535
303824,1,1,7,146.7158322989193
303847,1,1,9,131.72979014756476
303858,1,1,4,0.42645458358136
303875,0,1,0,0.12426827497628998
303899,1,1,5,0.42645457969393247
303910,1,1,10,437.35551074793193
303937,1,1,6,790.1012595179099
303952,1,1,9,196.79754708421493
303957,1,1,10,577.5620117006288
303975,1,1,8,879.9586287966935
303976,1,1,3,82.78947209149563
303981,1,1,4,0.42645458358136
303982,0,1,0,0.10263816643095508
303986,1,1,9,603.2370526949101
303995,1,1,7,68.99062384301642
303996,1,1,3,89.85767778015101
304023,1,1,9,691.5172896585707
304039,1,1,9,614.5639565832315
304046,1,1,1,582.6087972141057
304051,1,1,5,0.42645457969393247
304061,1,1,10,450.72680174312126
304072,1,1,9,649.5746126704458
304086,1,1,5,0.42645456789925423
304096,1,1,9,537.0741433709352
304098,1,1,9,875.2367617914742
304114,1,1,9,870.2714289087373
304115,1,1,2,483.15313156843393
304116,1,1,8,621.5386797043305
304117,1,1,8,870.5810533153016
304120,1,1,6,549.2465852705045
304137,1,1,4,0.42645458358136
304158,1,1,9,731.2696840615229
304164,1,1,6,352.11762137308034
304178,1,1,2,342.33517579707643
304179,1,1,6,540.0920666384063
304219,1,1,2,204.21126397800262
304239,1,1,9,755.050250343274
304246,1,1,8,514.5617629373945
304254,1,1,1,548.6568310979752
304255,1,1,4,0.42645458358136
304268,1,1,8,494.9903750257157
304271,1,1,8,621.9664963582451
304279,1,1,2,305.8123740524452
304284,1,1,3,92.88979332624191
304289,1,1,3,87.2191228993215
304290,1,1,5,0.42645457969393247
304296,1,1,1,178.401677170098
304329,1,1,10,349.58055877577107
304335,1,1,2,479.11871128127655
304363,1,1,9,649.4398575237309
304367,1,1,8,517.8563556900956
304392,1,1,8,731.594022736169
304396,1,1,10,244.32002295319137
304398,1,1,9,544.6451507025823
304407,1,1,5,0.42645456789925423
304410,1,1,8,517.105151541691
304442,1,1,9,62.08593274962346
304455,1,1,1,663.4576477918521
304473,1,1,10,589.575031990263
304482,1,1,4,0.42645458358136
304487,1,1,9,515.9381499376453
304491,1,1,5,0.42645457969393247
304494,1,1,8,887.3055285147831
304501,1,1,6,220.14790027581554
304504,1,1,1,349.39498917029323
304506,1,1,8,819.6277696750195
304514,1,1,10,111.45556656935571
304515,1,1,8,556.7675598099215
304519,1,1,1,723.0536893182231
304520,1,1,4,0.42645458358136
304532,1,1,4,0.42645458358136
304539,1,1,5,0.42645457969393247
304551,1,1,3,47.79885278205533
304561,1,1,10,547.2457464684732
304565,1,1,7,78.45517282976364
304572,1,1,7,92.56654822150892
304590,1,1,8,868.8149516285581
304609,1,1,1,734.03947990646
304616,1,1,5,0.42645457969393247
304622,1,1,6,354.07560315917294
304625,1,1,6,157.3881028197905
304626,1,1,6,650.5394850493072
304637,1,1,9,635.4055331873415
304656,1,1,9,53.9249038578195
304694,1,1,5,0.42645457969393247
304706,1,1,8,490.1584247040769
304708,1,1,6,734.7793612613212
304712,1,1,1,269.40637151444446
304737,1,1,1,739.0971283202714
304748,1,1,9,577.2886068989895
304750,1,1,10,722.3425137621291
304769,1,1,8,830.969983979487
304774,1,1,5,0.42645457969393247
304780,1,1,4,0.42645458358136
304793,1,1,9,293.8288536847024
304800,1,1,9,710.9456521326447
304802,1,1,7,95.16675216959106
304806,1,1,8,805.620050688605
304815,1,1,9,865.4829176977325
304819,1,1,4,0.42645458358136
304821,1,1,1,654.5764086022787
304833,1,1,6,527.5834728350626
304835,1,1,7,143.1292817232492
304847,1,1,5,0.42645457969393247
304874,1,1,1,488.0432472581209
304899,1,1,5,0.42645457969393247
304900,1,1,7,78.03553642578777
304902,1,1,8,501.4264057097015
304913,1,1,4,0.42645458358136
304915,1,1,10,390.2449252046868
304919,1,1,3,82.98828354246007
304937,1,1,10,100.17615525364332
304951,1,1,6,600.6102543399468
305002,1,1,9,862.226590805748
305012,1,1,5,0.42645457969393247
305015,1,1,2,51.47169077684355
305016,1,1,9,627.6876999252021
305028,1,1,8,205.06655643730812
305052,1,1,8,878.1751162307212
305063,1,1,6,265.9587189971831
305083,1,1,4,0.42645458358136
305089,1,1,4,0.42645458358136
305105,1,1,7,7.48717263006325
305109,1,1,9,880.0168682817033
305111,1,1,8,534.7008998844105
305120,1,1,5,0.42645457969393247
305133,1,1,9,354.67055579413613
305151,1,1,5,0.42645457969393247
305158,1,1,9,866.2174015212087
305166,1,1,4,0.42645458358136
305182,1,1,1,491.6272605728468
305189,1,1,4,0.42645458358136
305197,1,1,8,138.6375725948891
305233,1,1,6,764.5400348921481
305245,1,1,6,348.11606336366106
305248,1,1,9,864.2541691197027
305252,1,1,10,647.908275167127
305264,1,1,4,0.42645458358136
305267,1,1,8,242.87569520771086
305283,1,1,6,512.1658712208871
305286,1,1,9,553.2301046110179
305290,1,1,6,516.8564908577152
305317,1,1,8,729.7594542920968
305319,1,1,2,297.51246339448863
305324,1,1,9,360.50987871645845
305326,1,1,1,512.4080776386414
305336,1,1,9,761.7756726698605
305344,1,1,6,367.75754959066535
305378,1,1,5,0.42645457969393247
305411,1,1,9,384.1424150197647
305416,1,1,2,227.56919690476357
305418,1,1,1,625.9556927645056
305423,1,1,5,0.42645457969393247
305471,1,1,8,943.3593969658647
305472,1,1,7,64.94984696500383
305477,1,1,8,467.1508966153101
305487,1,1,6,489.30005967135236
305492,1,1,1,715.2075900526777
305520,1,1,5,0.42645457969393247
305522,1,1,9,864.8564212121441
305532,1,1,8,738.8075801167862
305537,1,1,6,362.1964124368986
305539,1,1,3,89.86215933037707
305546,1,1,1,752.2775561470705
305554,1,1,1,304.4635124717688
305559,1,1,10,100.10200872049434
305564,1,1,10,660.4097285020742
305579,1,1,8,343.6540644459743
305581,1,1,9,390.98033062763227
305582,1,1,9,809.9349528371699
305586,1,1,2,100.00291438449646
305614,1,1,5,0.42645457969393247
305634,1,1,9,272.17123241178257
305649,1,1,10,250.7235200760301
305667,1,1,5,0.42645457969393247
305677,1,1,5,0.42645457969393247
305702,1,1,3,90.9502370779785
305713,1,1,2,251.78147521467278
305726,1,1,2,441.14500493452783
305737,1,1,4,0.42645458358136
305753,1,1,8,871.000248286394
305762,1,1,6,245.22569706804794
305766,1,1,4,0.4264545919581291
305776,1,1,3,79.45188841164769
305780,1,1,5,0.42645457969393247
305782,1,1,6,552.4185963610765
305785,1,1,3,72.08362732848798
305791,1,1,4,0.42645458358136
305799,1,1,4,0.42645458358136
305822,1,1,6,788.8160333146184
305823,1,1,7,93.87287192676797
305824,1,1,5,0.42645457969393247
305828,1,1,9,795.1366872809028
305838,1,1,8,682.8951778191956
305839,1,1,1,241.91956964807977
305867,1,1,6,606.1343903976704
305887,1,1,8,948.3107568428981
305913,1,1,7,163.5957514617773
305914,1,1,3,92.06990507237934
305923,1,1,10,504.77371921281645
305941,1,1,5,0.42645457969393247
305945,1,1,9,540.0455323868073
305963,1,1,6,797.9070266910996
305976,1,1,4,0.42645458358136
305989,1,1,9,645.7232742081687
305993,1,1,9,597.8067852535124
306001,1,1,5,0.42645457969393247
306016,1,1,8,890.230719260579
306018,0,1,0,0.2403322526416915
306019,1,1,6,155.4245195005974
306031,1,1,5,0.42645457969393247
306036,1,1,10,347.12770862348054
306040,1,1,1,186.13283400387314
306047,1,1,9,890.3556040916988
306054,1,1,7,93.12145910677549
306063,1,1,4,0.4264545919581291
306070,1,1,6,152.94426446742662
306078,1,1,8,617.6568027517615
306088,1,1,9,442.80197063346077
306097,1,1,10,415.95233128716274
306116,1,1,9,305.5540530111821
306145,1,1,8,866.9271496151665
306149,1,1,9,305.5380168212698
306150,1,1,9,554.9922980899378
306154,1,1,4,0.42645458358136
306161,1,1,8,485.9126965525012
306163,1,1,8,212.3524264539058
306178,1,1,10,659.5001240879926
306195,1,1,9,463.35372872624214
306200,1,1,10,377.2164145372412
306220,1,1,6,487.00163289921966
306242,1,1,4,0.42645458358136
306244,1,1,10,719.7431881039288
306251,1,1,10,719.3742628829307
306269,1,1,10,450.96440285008947
306294,1,1,4,0.42645458358136
306315,1,1,8,809.7085746536138
306326,1,1,10,360.9587876406725
306330,1,1,5,0.42645457969393247
306346,1,1,5,0.42645457969393247
306354,1,1,4,0.42645458358136
306369,1,1,9,516.6674237843845
306370,1,1,9,495.22992355869
306385,1,1,1,694.930092722524
306402,1,1,8,158.5858624943787
306439,1,1,9,275.48952261445663
306443,1,1,6,616.7496983986046
306504,1,1,10,720.9939634819317
306505,1,1,10,418.4220567701165
306511,1,1,5,0.42645457969393247
306521,1,1,7,113.6700446636303
306522,1,1,8,849.6736630315131
306525,1,1,8,235.41651080512364
306532,1,1,10,679.8653423987863
306573,1,1,5,0.42645457969393247
306578,1,1,9,246.1985842130042
306582,1,1,5,0.42645457969393247
306588,1,1,8,485.40108642647834
306607,1,1,10,554.3932934508501
306617,1,1,8,278.02558800819753
306626,1,1,5,0.42645457969393247
306630,1,1,3,53.69932727103738
306641,1,1,7,90.11816811563507
306644,1,1,10,545.955191768223
306646,0,1,0,0.06250112367364372
306662,1,1,5,0.42645457969393247
306669,1,1,9,423.67228912409126
306689,1,1,4,0.42645458358136
306690,1,1,1,349.3526046768133
306692,1,1,5,0.42645457969393247
306713,1,1,6,797.8631168950014
306715,1,1,8,554.039453082002
306718,1,1,8,812.0252731534104
306726,1,1,6,470.99840301521135
306739,1,1,8,172.72122753818294
306740,1,1,6,175.70569124526025
306742,1,1,4,0.42645458358136
306749,1,1,5,0.42645457969393247
306771,1,1,9,639.5339226559695
306780,1,1,8,819.7894641905468
306786,1,1,1,593.6989856843126
306797,1,1,9,501.5393689001557
306805,1,1,2,392.0129400792716
306817,0,1,0,0.11856559168430905
306818,1,1,6,481.9406525960127
306829,1,1,4,0.42645458358136
306854,1,1,8,204.69973046085187
306886,1,1,10,661.0180655634294
306890,0,1,0,0.11826781797614606
306894,1,1,9,287.2037641601475
306902,1,1,9,737.6537223701388
306907,1,1,1,324.7277863076297
306908,1,1,9,34.99482416988067
306910,1,1,4,0.42645458358136
306917,1,1,6,770.1064970450733
306926,1,1,9,675.2768156078166
306972,1,1,5,0.42645457969393247
306989,1,1,8,335.9758884770404
307016,1,1,9,597.4433580797432
307018,1,1,3,79.98066243207181
307023,1,1,6,735.4966972237487
307035,1,1,6,694.0044728356046
307055,1,1,8,887.7274779240009
307060,1,1,8,778.8736749438362
307067,1,1,9,820.7676841972593
307085,1,1,5,0.42645457969393247
307086,1,1,5,0.42645457969393247
307100,1,1,5,0.42645457969393247
307114,1,1,9,219.9514432433286
307125,1,1,8,235.52932733048254
307126,1,1,1,701.9827257392369
307129,1,1,6,287.0959786601212
307134,1,1,10,364.1730963727836
307135,1,1,10,482.7391794569917
307149,1,1,8,870.8343969355174
307168,1,1,5,0.42645457969393247
307179,1,1,1,463.8519107362831
307181,1,1,5,0.42645457969393247
307184,1,1,10,189.93806921939245
307185,1,1,5,0.42645457969393247
307194,1,1,2,389.79202342865614
307203,1,1,8,568.2662649780875
307204,1,1,9,774.3791820061178
307208,1,1,3,75.73185861717465
307215,1,1,1,491.9307669956224
307219,1,1,8,754.2910987519564
307222,1,1,9,838.2023888848441
307230,1,1,8,535.6535831752769
307247,1,1,9,68.25875463300885
307253,1,1,10,474.2392160375657
307270,1,1,9,777.5411983773857
307281,1,1,8,634.9241287789756
307285,1,1,4,0.42645458358136
307292,1,1,8,491.30413682201606
307294,1,1,7,69.3937869515248
307305,1,1,10,368.9840106184728
307306,1,1,9,851.0178273646692
307312,1,1,4,0.42645458358136
307327,1,1,2,329.62184975851164
307329,1,1,9,582.4746070019083
307353,1,1,6,363.8186898186663
307359,1,1,7,166.15702257696057
307365,1,1,5,0.42645456789925423
307367,1,1,8,651.4667989111556
307370,1,1,1,391.72062100566563
307373,1,1,9,876.148703536701
307383,1,1,8,899.9316571041529
307391,1,1,5,0.42645457969393247
307395,1,1,5,0.42645457969393247
307402,1,1,5,0.42645457969393247
307403,1,1,8,763.0902402668315
307419,1,1,5,0.42645457969393247
307429,1,1,6,119.20611093925122
307436,1,1,8,138.30754366059548
307437,1,1,8,235.37857267384229
307441,1,1,9,606.2672331531926
307449,1,1,9,605.0330371421302
307455,1,1,10,403.16507533521104
307457,1,1,9,254.20680477956697
307468,1,1,4,0.42645458358136
307480,1,1,5,0.42645457969393247
307491,1,1,8,595.7514500543678
307498,1,1,9,885.5437431708925
307503,1,1,4,0.42645458358136
307507,1,1,4,0.42645458358136
307511,1,1,1,200.58683299745178
307513,1,1,1,417.1044828659746
307516,1,1,9,778.1586673217748
307519,1,1,3,91.82136969304928
307520,1,1,6,573.0891339964908
307525,1,1,8,480.07509350556853
307560,1,1,6,492.62559364190076
307564,1,1,6,691.7428080354275
307577,1,1,10,123.92615337205129
307588,1,1,9,768.3252592036029
307590,1,1,10,438.86724771304273
307591,1,1,1,214.61159476315967
307600,1,1,8,603.7414600955811
307601,1,1,6,810.7061036341311
307614,1,1,7,114.32800288798606
307634,1,1,4,0.42645458358136
307644,1,1,4,0.42645458358136
307665,1,1,8,780.6582860382554
307667,1,1,8,168.0807961383668
307689,1,1,7,58.130855057453694
307714,1,1,10,322.0842487014906
307734,1,1,2,468.1222770063563
307748,1,1,7,51.46950589637681
307749,1,1,5,0.42645457969393247
307753,1,1,6,794.5726990376738
307754,1,1,8,386.62092432063554
307765,1,1,5,0.42645457969393247
307773,1,1,6,665.7149747459745
307785,1,1,5,0.42645457969393247
307792,1,1,8,602.9473145905491
307793,1,1,5,0.42645457969393247
307810,0,1,0,0.1568085442821196
307830,1,1,9,814.8758039420867
307851,0,1,0,0.0879464581821609
307866,1,1,7,34.82589912239531
307884,1,1,8,502.2447939142137
307885,1,1,8,309.7547411135385
307889,1,1,10,524.7107933113708
307934,1,1,10,415.7168638526016
307955,1,1,8,470.4010380809405
307979,1,1,4,0.42645458358136
307983,1,1,9,376.70062810736806
307987,1,1,4,0.4264545919581291
307990,1,1,6,720.6676627440586
307991,1,1,9,668.4653132055076
307995,1,1,8,905.3137956929401
307997,1,1,7,122.55908481524051
308002,1,1,7,147.44563703147278
308004,1,1,4,0.42645458358136
308005,1,1,6,224.55051403467223
308014,1,1,5,0.42645457969393247
308022,1,1,9,119.75372211875592
308035,1,1,10,459.86408042117694
308083,1,1,6,451.1766104140732
308084,1,1,9,119.69124686180982
308093,1,1,8,465.057488697065
308101,1,1,9,497.1452172264975
308108,1,1,8,449.94367811482164
308113,1,1,6,497.06053377793074
308119,1,1,6,501.038368129162
308127,0,1,0,0.2428298499433873
308129,1,1,7,105.37918483557728
308153,1,1,8,654.5692179939567
308160,1,1,9,371.4397231601413
308162,1,1,8,625.0997703749565
308172,1,1,7,171.53783826624166
308197,1,1,8,514.2358122983264
308207,1,1,8,461.7504364053817
308208,1,1,5,0.42645457969393247
308247,1,1,6,520.7448632414373
308251,1,1,1,225.0653021234952
308253,1,1,9,347.413821884247
308255,1,1,5,0.42645457969393247
308256,1,1,9,794.3690906951225
308279,1,1,8,311.5309054784034
308288,1,1,6,200.891186365668
308334,1,1,10,247.9428445769014
308346,1,1,3,92.73004072552706
308350,1,1,9,435.5915370591217
308368,1,1,10,691.825703188573
308375,1,1,4,0.42645458358136
308384,1,1,5,0.42645457969393247
308387,1,1,10,417.82011892235806
308413,1,1,9,764.8068805788456
308416,1,1,1,287.9573924162214
308424,1,1,9,831.909175351213
308427,1,1,8,927.7513488184841
308435,1,1,3,68.28887214824348
308449,1,1,6,157.09392207289469
308450,1,1,10,245.74265269023783
308453,1,1,9,258.1475232224211
308469,1,1,5,0.42645457969393247
308472,1,1,4,0.42645458358136
308479,1,1,4,0.42645458358136
308482,1,1,3,62.99545775716099
308492,1,1,6,706.058438374543
308499,1,1,9,606.5871840410634
308503,1,1,7,51.92799817635682
308505,1,1,9,688.8268046637089
308515,1,1,5,0.42645457969393247
308520,1,1,8,615.5157896331017
308522,1,1,4,0.42645458358136
308528,1,1,6,350.837693199257
308536,1,1,1,507.214590072625
308540,1,1,9,91.85716860432088
308544,1,1,6,773.6841128409145
308558,1,1,8,495.7948196878579
308567,1,1,6,797.9871267039699
308569,1,1,6,782.9831993394911
308570,1,1,8,616.8868342499765
308579,1,1,10,352.5334197228683
308588,0,1,0,0.10797629912759063
308589,1,1,8,912.7541090296677
308598,1,1,9,277.2283008355341
308605,1,1,1,608.0133210730894
308614,1,1,6,781.0012550468208
308632,1,1,9,566.2650817931035
308670,1,1,7,77.66687442210525
308683,1,1,3,76.54298239540556
308685,1,1,9,500.91922780957407
308690,1,1,10,719.1256814756248
308692,1,1,9,573.3632277071197
308706,1,1,5,0.42645457969393247
308715,1,1,9,835.2111180724414
308716,1,1,9,565.9784747930343
308730,1,1,5,0.42645457969393247
308734,1,1,10,694.1242354899126
308738,1,1,9,138.47395910951363
308741,1,1,6,568.364821184978
308757,1,1,6,333.39509019795736
308777,1,1,3,90.0963385055984
308784,1,1,10,340.842601043537
308788,1,1,6,789.7233282761583
308798,1,1,6,576.1670130454096
308817,1,1,10,711.3587153722058
308830,1,1,4,0.42645458358136
308831,1,1,6,789.9175744324419
308834,1,1,10,680.7742493272573
308840,1,1,10,285.1644906714007
308842,1,1,2,329.6661098817974
308854,1,1,7,142.9415599143391
308855,1,1,9,691.0812530159351
308864,1,1,8,538.4159132343051
308877,1,1,10,509.94125503733176
308887,1,1,5,0.42645457969393247
308898,1,1,6,668.739260588814
308908,1,1,4,0.42645458358136
308911,1,1,9,745.0219767963123
308915,1,1,8,444.0662699451757
308922,1,1,2,165.94873279284258
308942,1,1,4,0.42645458358136
308956,1,1,8,844.6680129012417
308964,1,1,1,744.0463618908357
308970,1,1,1,163.54458889476828
308972,1,1,5,0.42645457969393247
308973,1,1,10,434.98737889428764
308980,1,1,4,0.42645458358136
308990,1,1,9,537.9344672396272
308996,1,1,9,627.9403342946656
309011,1,1,4,0.42645458358136
309030,1,1,6,553.5824653363615
309043,1,1,9,720.5656328354087
309048,1,1,8,799.3802588823181
309057,1,1,7,172.79759973335098
309071,1,1,8,299.4992807456671
309072,1,1,5,0.42645457969393247
309079,1,1,9,624.9483300776337
309083,1,1,6,309.3865722004581
309099,1,1,8,854.8106658640775
309101,1,1,2,182.02556207574858
309103,1,1,9,709.4742265034894
309108,1,1,10,421.51166055233404
309118,1,1,8,536.6453840708815
309120,1,1,9,379.1911075708647
309125,1,1,4,0.42645458358136
309137,1,1,9,198.99836339686678
309151,1,1,5,0.42645457969393247
309153,1,1,3,72.2777872861148
309160,1,1,5,0.42645457969393247
309166,0,1,0,0.16416907155650973
309181,1,1,7,169.29548000803726
309185,1,1,10,483.08216247497563
309186,1,1,1,674.1405745333892
309191,1,1,5,0.42645457969393247
309208,1,1,8,582.183047731648
309216,1,1,2,214.73393999452907
309221,1,1,7,68.11626502723111
309228,0,1,0,0.10430856061115429
309241,1,1,8,829.9063884684524
309244,1,1,6,246.44064996853388
309250,1,1,4,0.42645458358136
309255,1,1,2,369.94458569595645
309275,1,1,1,650.1423218124062
309290,1,1,9,343.64098782759174
309301,1,1,7,124.09507417011345
309304,1,1,8,472.8574166714501
309334,1,1,3,89.09429828530695
309339,1,1,7,170.07131574741535
309351,1,1,9,448.9732705944144
309353,1,1,4,0.42645458358136
309372,1,1,4,0.42645458358136
309380,1,1,8,658.5710902619019
309399,1,1,10,324.22601021494376
309401,1,1,10,345.4696181622363
309406,1,1,5,0.42645457969393247
309423,1,1,1,646.9606361658614
309435,1,1,5,0.42645457969393247
309437,1,1,4,0.42645458358136
309458,1,1,4,0.42645458358136
309471,1,1,6,179.50312793086803
309473,1,1,9,620.2028893962537
309474,1,1,2,475.1083405903362
309483,1,1,6,783.5441875440879
309490,1,1,4,0.42645458358136
309500,1,1,6,246.2102017849797
309503,1,1,8,418.6388193602633
309510,1,1,4,0.42645458358136
309525,1,1,9,830.0636936336131
309542,1,1,9,100.48778576033703
309561,1,1,9,750.1718073029419
309590,1,1,4,0.42645458358136
309593,1,1,3,76.87854708236497
309601,1,1,9,601.5180848261457
309602,1,1,1,582.4819909466913
309606,1,1,10,722.2592735460076
309614,1,1,2,371.6688278547533
309624,1,1,5,0.42645457969393247
309630,1,1,4,0.42645457969393247
309632,1,1,6,500.5110147918527
309633,1,1,9,531.3140347139149
309634,1,1,3,55.21747670827559
309659,1,1,2,62.1660629677083
309683,1,1,4,0.42645458358136
309691,1,1,5,0.42645456789925423
309703,1,1,1,316.97210433427824
309710,1,1,6,721.8459921440034
309727,1,1,10,415.77551561801744
309733,1,1,8,496.3453270260248
309740,1,1,8,899.3240424339599
309754,1,1,9,364.02040358608076
309755,1,1,4,0.42645458358136
309757,1,1,5,0.42645457969393247
309758,1,1,6,220.13840217050384
309759,1,1,4,0.42645458358136
309764,1,1,9,67.1280773828655
309766,1,1,8,931.6783064210822
309797,1,1,8,829.9014572628861
309816,1,1,4,0.42645458358136
309817,1,1,8,258.32426728299953
309831,1,1,6,484.3047043991184
309852,1,1,6,263.0760736475912
309866,1,1,2,394.2511157120387
309882,1,1,10,460.6963463317767
309883,1,1,9,866.976104548043
309899,1,1,3,42.110483802205614
309915,1,1,5,0.42645457969393247
309919,1,1,2,473.8470024107918
309923,1,1,9,628.8731276699446
309932,1,1,8,868.2911867647389
309946,1,1,4,0.42645458358136
309954,1,1,4,0.42645458358136
309957,1,1,6,576.0478891950743
309975,1,1,9,583.4271802526216
309979,1,1,6,334.99409486772714
309980,1,1,6,357.2607234432925
309984,1,1,9,275.661104554344
309991,1,1,8,722.2791100818728
310000,1,1,6,732.5520000425284
310007,1,1,9,646.5463623056623
310011,1,1,10,260.2403582104794
310015,1,1,8,252.19299817465475
310016,1,1,3,75.59414218583645
310047,1,1,9,722.3325766544481
310050,1,1,5,0.42645457969393247
310055,1,1,8,714.1286142017552
310060,1,1,6,406.72359554421985
310061,1,1,2,243.9711376431702
310069,1,1,8,812.8687295624161
310070,1,1,10,625.7074507303871
310091,1,1,10,134.77304901637478
310092,1,1,1,359.9343905483418
310094,1,1,5,0.42645457969393247
310097,1,1,5,0.42645457969393247
310102,1,1,4,0.42645458358136
310110,1,1,2,378.4238327814853
310111,1,1,7,156.66241001619582
310126,1,1,1,582.3674236666145
310128,1,1,5,0.42645457969393247
310130,1,1,1,630.070543396229
310136,1,1,8,396.77970431204585
310142,1,1,6,291.5101280309944
310144,1,1,6,734.3054783837383
310164,1,1,4,0.42645458358136
310169,1,1,3,90.95092382205786
310179,1,1,10,402.5728970323784
310197,1,1,4,0.42645458358136
310220,1,1,6,356.30099170037914
310228,1,1,6,775.8746852854424
310229,1,1,6,774.1732973283424
310243,1,1,9,561.823568673371
310270,1,1,7,79.74449359925694
310271,1,1,5,0.42645457969393247
310289,1,1,2,238.63554262335822
310298,1,1,9,815.4106135755454
310300,1,1,9,642.3518487722439
310306,1,1,10,264.3487954206467
310328,1,1,4,0.42645458358136
310332,1,1,4,0.42645458358136
310335,1,1,1,226.8193253512712
310346,1,1,8,514.0314460520585
310358,1,1,6,620.2206157874318
310364,1,1,6,669.4742278413065
310370,1,1,4,0.42645458358136
310382,1,1,3,46.813355720791044
310420,1,1,7,119.8681644366874
310427,1,1,3,78.72125443847767
310428,1,1,4,0.42645458358136
310433,1,1,6,521.472846056578
310437,1,1,8,321.7813152448119
310441,1,1,6,748.7557086633923
310453,1,1,10,706.235539507631
310462,1,1,5,0.42645457969393247
310476,1,1,9,887.9145365416958
310495,1,1,6,348.6007845253344
310504,1,1,4,0.42645458358136
310512,1,1,9,715.4551746425481
310513,1,1,9,637.7062797051753
310518,1,1,6,748.9398826220872
310520,1,1,4,0.42645458358136
310522,1,1,5,0.42645456789925423
310542,1,1,9,614.7189743329384
310563,1,1,5,0.42645457969393247
310574,1,1,4,0.42645458358136
310594,1,1,1,598.4211075459951
310596,1,1,6,435.909020838579
310606,1,1,2,467.8563239836907
310607,1,1,6,352.1732441884119
310611,1,1,8,443.03332682933734
310621,1,1,9,600.2006017426241
310625,1,1,9,658.9283907209247
310646,1,1,9,222.9785902636619
310648,1,1,5,0.42645457969393247
310662,1,1,10,232.73087843550746
310683,1,1,6,369.1710517064442
310691,1,1,5,0.42645457969393247
310699,1,1,5,0.42645457969393247
310703,1,1,9,617.5939034996505
310714,1,1,1,300.1474461354798
310741,1,1,7,93.60574504168636
310744,1,1,6,495.73564451672615
310750,1,1,1,358.69864065065974
310770,1,1,6,235.91927785162827
310771,0,1,0,0.10885803660981476
310774,1,1,5,0.42645457969393247
310775,1,1,10,665.4750189650833
310783,1,1,3,85.18737253852116
310799,1,1,9,854.7183149178626
310812,1,1,6,733.8590347998341
310816,1,1,5,0.42645457969393247
310828,1,1,10,626.3913817945269
310839,1,1,5,0.42645457969393247
310863,1,1,6,592.0964301811839
310875,1,1,9,592.4669957945912
310879,1,1,8,315.7366525585507
310884,1,1,5,0.42645457969393247
310889,1,1,2,356.8407906436088
310894,1,1,10,160.80827096873227
310904,1,1,8,671.9040142140168
310918,1,1,3,83.20172919820502
310919,1,1,8,416.13563069802086
310920,1,1,9,634.2904244243549
310922,1,1,7,8.369432861507557
310934,1,1,9,686.3206424712696
310940,1,1,10,427.94115474852657
310948,1,1,1,679.2154561151659
310950,1,1,4,0.42645458358136
310953,1,1,5,0.42645457969393247
310962,1,1,4,0.42645458358136
310971,1,1,3,90.0738229668812
310975,1,1,1,673.4246854149857
310984,0,1,0,0.10948872564363885
311007,1,1,3,37.35467579134434
311015,1,1,5,0.42645457969393247
311016,1,1,4,0.42645458358136
311029,1,1,8,572.4715323007306
311038,1,1,6,652.3441209002007
311050,1,1,8,698.3643921608391
311057,1,1,6,246.37500386538895
311076,1,1,10,314.4817752201398
311077,1,1,6,542.2721385488437
311079,1,1,6,761.7187020224195
311082,1,1,6,731.1508226280721
311101,1,1,9,724.4381872367386
311131,1,1,8,553.3761988252115
311138,1,1,4,0.4264545919581291
311151,1,1,6,337.34452248897543
311154,1,1,9,170.6500395137986
311160,1,1,8,658.6991937543951
311170,1,1,5,0.42645457969393247
311171,1,1,6,714.1262678156584
311177,1,1,9,763.8107503392824
311179,1,1,4,0.42645458358136
311195,1,1,9,76.51330818991667
311198,1,1,9,610.1539071498629
311244,1,1,7,136.89692734660179
311247,1,1,2,282.9235897513966
311248,1,1,5,0.42645457969393247
311257,1,1,2,327.5639084618192
311260,1,1,7,156.98437306394743
311289,1,1,1,651.0741657328767
311291,0,1,0,0.2494388112201199
311297,1,1,10,651.6463133630315
311309,1,1,1,655.6594811467616
311332,1,1,2,388.5646094833009
311336,1,1,6,239.97130583311008
311338,1,1,10,292.4457915000814
311355,1,1,6,570.0137033020075
311370,1,1,10,509.65184808366365
311375,0,1,0,0.13049030877324092
311379,1,1,10,677.4086520906587
311384,0,1,0,0.11136527122216434
311389,1,1,5,0.42645457969393247
311390,1,1,4,0.42645458358136
311392,1,1,6,560.8010575997438
311398,1,1,10,461.755548845137
311404,1,1,5,0.42645456789925423
311427,1,1,4,0.4264545919581291
311439,1,1,5,0.42645457969393247
311445,1,1,5,0.42645457969393247
311447,1,1,6,353.87735848857767
311455,1,1,7,149.7706045006129
311463,1,1,5,0.42645457969393247
311473,1,1,10,429.6482142041813
311476,1,1,1,599.7342470890168
311486,1,1,9,500.3041769174205
311501,1,1,6,643.7656351578761
311502,1,1,5,0.42645457969393247
311505,1,1,5,0.42645457969393247
311517,1,1,6,657.9013695294063
311518,1,1,4,0.42645458358136
311519,1,1,5,0.42645457969393247
311522,1,1,5,0.42645457969393247
311530,1,1,6,500.04128366717975
311539,1,1,4,0.42645458358136
311585,1,1,4,0.42645458358136
311589,1,1,8,812.130423287578
311591,1,1,9,869.6907616328697
311602,1,1,7,84.86484284502556
311620,1,1,7,41.18421491743507
311632,1,1,9,592.1201894235247
311633,1,1,9,854.9278931930223
311650,0,1,0,0.18562131632354817
311655,1,1,10,403.3835437997138
311671,1,1,6,433.1859633108368
311726,1,1,1,603.7886151627889
311730,1,1,9,774.2537095104755
311732,1,1,6,176.68152055601797
311747,1,1,8,930.2846741103148
311748,1,1,9,388.69382638435064
311750,1,1,7,157.6033384154725
311753,1,1,10,168.6474377977299
311762,1,1,8,595.7698450316684
311763,1,1,10,226.62589093038258
311772,1,1,1,509.3737158921768
311776,1,1,4,0.42645458358136
311785,1,1,9,704.2554374947284
311802,1,1,10,277.19637051484733
311819,1,1,7,123.44557118336482
311821,1,1,9,866.9262334936836
311828,1,1,4,0.42645458358136
311847,1,1,9,203.18409839877125
311854,1,1,4,0.42645458358136
311857,1,1,5,0.42645457969393247
311864,1,1,5,0.42645457969393247
311869,1,1,2,218.57206329914766
311877,1,1,8,655.3301568142008
311880,1,1,7,78.13869273893116
311926,1,1,6,125.61890522275002
311930,1,1,5,0.42645457969393247
311941,1,1,1,585.4355250099383
311942,1,1,6,642.8105624050336
311967,1,1,9,437.2300124161948
311972,1,1,10,383.1978767575955
311974,1,1,1,168.51378918676292
311979,1,1,8,593.6607524234078
311987,1,1,3,92.86549824506419
311989,1,1,8,758.2606915240806
311996,1,1,8,758.1505367070179
311997,1,1,6,540.6301432000442
311999,1,1,5,0.42645456789925423
312011,1,1,1,437.36361873556046
312021,1,1,8,810.363673161612
312039,1,1,6,401.51707810548965
312043,1,1,6,756.727321756346
312067,1,1,8,276.31431608937675
312072,1,1,5,0.42645457969393247
312085,1,1,8,149.43885483613744
312091,1,1,10,178.5954507250784
312102,1,1,8,811.1746015980173
312112,1,1,10,386.2675868499404
312118,1,1,2,74.68774656588727
312122,0,1,0,0.11313718777594006
312139,1,1,6,251.41330019567314
312164,1,1,7,128.89018888150608
312194,1,1,9,597.7236667345301
312196,1,1,10,448.94161173112224
312201,1,1,6,701.494766844223
312208,1,1,1,623.5496905606644
312211,1,1,9,628.6666297571239
312246,1,1,3,57.822322817323375
312285,1,1,8,489.55952925518017
312292,1,1,6,173.56086079101487
312293,1,1,8,536.8672212991241
312301,1,1,9,496.45471639083826
312307,1,1,10,185.14799779273162
312313,1,1,7,172.71977996834335
312326,1,1,9,448.62738495635887
312333,1,1,5,0.42645457969393247
312346,1,1,9,793.9485395352394
312349,1,1,9,734.594640424173
312365,1,1,5,0.42645457969393247
312374,1,1,10,206.69642291508768
312379,1,1,4,0.4264545919581291
312419,1,1,10,652.4127662673768
312423,1,1,4,0.42645458358136
312425,1,1,1,550.1638895888422
312443,1,1,1,639.7886249157793
312447,1,1,10,563.7085804230783
312458,1,1,6,176.8153644997596
312464,1,1,9,565.7416099824246
312470,1,1,6,251.79141410040813
312472,1,1,9,470.97351608008756
312478,1,1,10,263.46514541919277
312491,1,1,10,93.05133987520581
312522,1,1,8,152.39419736480187
312523,1,1,4,0.42645458358136
312524,1,1,8,622.181349419532
312530,1,1,8,348.5258140477439
312533,1,1,7,57.891746482457215
312596,1,1,5,0.42645457969393247
312626,1,1,9,573.9233418579532
312669,1,1,10,259.84573650218937
312694,1,1,9,538.2688933842605
312704,1,1,9,114.91903430120087
312707,1,1,1,467.84484337586247
312710,1,1,10,645.6192900414961
312728,1,1,5,0.42645457969393247
312742,1,1,9,881.2180266267045
312745,1,1,4,0.42645458358136
312752,1,1,9,792.1869902540811
312753,1,1,4,0.42645458358136
312754,1,1,3,89.38815381152186
312756,1,1,4,0.42645458358136
312763,1,1,9,783.4289860211884
312769,1,1,5,0.42645456789925423
312774,1,1,1,468.593397413221
312779,1,1,5,0.42645457969393247
312797,1,1,8,647.4879097115904
312807,1,1,8,590.2795123984814
312816,1,1,9,359.41035405774994
312829,1,1,10,694.156578412523
312836,1,1,10,124.48303582476011
312837,1,1,4,0.42645458358136
312847,1,1,7,149.22373340809574
312853,1,1,4,0.42645458358136
312858,1,1,9,323.68407039760103
312860,1,1,8,666.561555071572
312861,1,1,10,657.0748449866975
312870,1,1,5,0.42645457969393247
312879,1,1,8,178.90698047403765
312893,1,1,10,145.61534940553304
312912,1,1,9,126.64470734160344
312914,1,1,6,424.397265588788
312936,1,1,9,163.48268139568907
312955,1,1,9,616.9224439523481
312956,1,1,5,0.42645457969393247
312959,1,1,9,892.9061959391244
312961,1,1,4,0.42645458358136
312979,1,1,9,575.0404978460605
312990,1,1,9,592.2967075769745
312993,0,1,0,0.11272000346689172
313009,1,1,1,184.26034470564892
313021,1,1,9,584.1552608618045
313023,1,1,4,0.42645458358136
313032,1,1,4,0.42645458358136
313040,1,1,5,0.42645456789925423
313048,1,1,6,779.3498353556495
313053,1,1,6,805.860510925168
313066,1,1,6,679.0393367080425
313071,1,1,7,30.099110459614113
313080,1,1,9,125.19900249872231
313096,1,1,6,742.3946016998094
313109,1,1,7,133.55243072329458
313122,1,1,10,143.12363124963002
313125,1,1,6,791.9684945300014
313126,1,1,8,502.71588832096904
313133,1,1,9,806.692562247453
313134,1,1,5,0.42645457969393247
313156,1,1,5,0.42645457969393247
313171,1,1,9,659.5053310131227
313180,1,1,4,0.42645458358136
313195,1,1,3,92.00696080399968
313200,1,1,9,770.734278874313
313233,1,1,3,85.93146724859079
313244,1,1,4,0.42645458358136
313251,1,1,4,0.42645458358136
313268,1,1,8,495.28643543266435
313269,1,1,9,747.866232586677
313275,1,1,10,718.5519909469012
313290,1,1,1,560.724365547048
313293,1,1,6,261.2022602910004
313294,1,1,4,0.42645458358136
313299,1,1,9,474.63290495976946
313315,1,1,8,463.3577671269605
313326,1,1,1,418.8744562550068
313341,1,1,9,435.394598937734
313345,1,1,9,776.7775907419473
313350,1,1,7,55.74480081834634
313385,1,1,6,252.11412223712728
313395,1,1,9,809.5042782641516
313417,1,1,4,0.42645458358136
313440,1,1,10,194.82129094415617
313447,1,1,8,401.1846371296483
313452,1,1,6,679.7188108512166
313477,1,1,8,729.640136219721
313487,0,1,0,0.16599679985036966
313488,1,1,8,286.1002628637509
313523,1,1,10,641.9692476388262
313545,1,1,8,687.6062426936136
313551,1,1,8,540.3143126565188
313557,1,1,7,145.32744509139854
313559,1,1,3,78.07303420027218
313572,0,1,0,0.11966545846928886
313603,1,1,5,0.42645457969393247
313639,1,1,10,387.2666344557515
313651,1,1,9,845.1586322382619
313677,1,1,6,467.07701064062235
313681,1,1,1,548.8411501146703
313682,1,1,8,256.66395671040806
313684,1,1,5,0.42645457969393247
313703,1,1,5,0.42645457969393247
313712,1,1,9,890.4811530938869
313714,1,1,10,255.64776882186297
313735,1,1,5,0.42645457969393247
313739,1,1,6,276.5484202920295
313741,1,1,4,0.42645458358136
313742,1,1,8,690.8350065727049
313744,1,1,2,391.9112264724441
313766,1,1,8,718.3246911447193
313773,1,1,8,658.8991874753453
313782,1,1,9,582.303779416385
313785,0,1,0,0.10357321297937573
313794,1,1,9,859.4571818560912
313799,1,1,8,886.6728666019144
313803,1,1,10,508.87306779544485
313818,1,1,1,533.6479165569901
313831,1,1,9,557.2531227299748
313836,1,1,9,359.3227858493101
313841,1,1,10,246.48747187126614
313850,1,1,9,653.0227906479569
313852,1,1,3,40.52671297778544
313872,1,1,9,402.5566228867704
313875,1,1,8,556.0835499523641
313896,1,1,4,0.42645458358136
313899,1,1,4,0.42645458358136
313912,1,1,6,396.5914637831024
313933,1,1,4,0.42645458358136
313940,1,1,8,722.4782306027918
313959,1,1,5,0.42645457969393247
313976,1,1,10,458.85610487652474
313989,1,1,9,513.5800703216578
314040,1,1,6,172.10946587493962
314051,1,1,9,493.0142265982154
314067,1,1,5,0.42645457969393247
314070,1,1,6,778.3218933757064
314082,1,1,8,158.86258027972832
314084,1,1,9,683.2948014011725
314087,1,1,8,561.0526633809343
314095,1,1,5,0.42645457969393247
314096,1,1,2,454.8181967975657
314101,1,1,10,197.17499549176438
314102,1,1,4,0.4264545919581291
314104,1,1,8,373.135077186252
314105,1,1,9,406.5411665864008
314118,1,1,3,92.46271776080394
314123,1,1,9,617.862526613665
314124,1,1,8,498.4826670086021
314156,1,1,5,0.42645457969393247
314165,1,1,8,774.1687860137973
314173,1,1,7,99.96301134716767
314176,1,1,6,138.75700565713916
314180,1,1,6,745.6551533796614
314189,1,1,8,615.3361922049058
314197,1,1,10,663.38047890509
314200,1,1,8,451.38742169360404
314229,1,1,9,238.2894704933618
314248,1,1,9,513.160358175002
314254,1,1,5,0.42645457969393247
314259,1,1,10,415.3659500188375
314271,1,1,6,647.6115687859852
314286,1,1,6,446.0544575981754
314299,1,1,5,0.42645457969393247
314321,1,1,5,0.42645457969393247
314343,1,1,1,541.6416125481811
314349,1,1,5,0.42645457969393247
314351,1,1,3,84.0510402266303
314353,1,1,4,0.42645458358136
314357,1,1,10,244.6313062504986
314367,1,1,7,98.75431866698804
314370,1,1,9,171.3213834141853
314387,1,1,8,593.7375221861142
314398,1,1,9,803.3644528595913
314443,1,1,5,0.42645457969393247
314444,1,1,7,170.29415427425815
314445,1,1,5,0.42645456789925423
314446,1,1,9,870.0995156320178
314457,1,1,5,0.42645457969393247
314461,1,1,6,802.6345735182995
314474,1,1,7,41.520293983814724
314482,1,1,4,0.42645458358136
314486,1,1,9,827.1308807267391
314487,1,1,4,0.42645458358136
314503,1,1,4,0.42645458358136
314511,1,1,5,0.42645457969393247
314521,1,1,9,639.6347046185866
314522,1,1,6,781.3505950585527
314526,1,1,6,802.4519602232708
314529,0,1,0,0.11785074943151166
314543,1,1,8,537.4188438912153
314562,1,1,7,168.3771441941624
314588,1,1,8,738.9332973765746
314590,1,1,8,855.3868043715863
314602,1,1,6,238.49677338732013
314610,1,1,9,825.4433075357321
314616,1,1,8,524.100692135006
314625,1,1,7,76.74202046895996
314668,1,1,6,768.5632291503031
314675,1,1,8,156.8434786271659
314680,1,1,9,385.27298070570754
314683,1,1,10,570.7166280182154
314686,1,1,5,0.42645457969393247
314696,1,1,4,0.42645458358136
314715,1,1,4,0.42645458358136
314762,1,1,4,0.42645458358136
314793,1,1,6,118.48356210793106
314799,1,1,3,76.43004307575322
314802,1,1,9,602.4391006801417
314804,1,1,1,533.3470498270012
314820,1,1,8,221.1181598634489
314822,1,1,4,0.42645458358136
314846,1,1,5,0.42645457969393247
314857,1,1,5,0.42645457969393247
314860,1,1,9,887.0130153339621
314864,1,1,6,480.52459747220666
314876,1,1,8,464.9411084094129
314896,1,1,9,786.66283400822
314898,1,1,6,799.9785142024444
314899,1,1,7,28.33140142466344
314904,1,1,5,0.42645457969393247
314909,1,1,4,0.42645458358136
314920,1,1,9,756.848412142294
314928,1,1,4,0.42645458358136
314933,1,1,7,84.25351499979091
314945,1,1,8,646.972723438516
314963,1,1,6,784.247322261503
314972,1,1,9,792.1174311283339
314974,1,1,1,216.13485411730963
314983,1,1,8,185.80802768025308
314984,1,1,4,0.42645458358136
314990,1,1,4,0.42645458358136
314998,1,1,8,722.6594350203969
315001,1,1,8,475.60648776405924
315017,1,1,5,0.42645457969393247
315035,1,1,6,286.2019374052777
315040,1,1,5,0.42645457969393247
315071,1,1,3,90.03478821888207
315072,1,1,6,560.2772489687056
315076,1,1,6,772.1373305534263
315083,1,1,7,160.5219027722952
315104,1,1,8,642.3092472836878
315110,1,1,9,722.030468040712
315118,1,1,4,0.42645458358136
315136,1,1,5,0.42645457969393247
315152,1,1,4,0.42645458358136
315158,1,1,9,733.5216766364643
315159,1,1,9,565.3823019901993
315170,1,1,10,260.02220187633435
315184,1,1,5,0.42645457969393247
315192,1,1,4,0.42645458358136
315199,1,1,3,64.44789085321523
315200,1,1,9,856.2180393533774
315216,1,1,7,152.2949309227428
315226,1,1,4,0.42645458358136
315227,1,1,6,173.4158439308606
315234,1,1,1,224.81143500744543
315255,1,1,1,604.6034499174701
315277,1,1,9,42.826282040669284
315285,1,1,9,567.8233245190017
315293,1,1,8,275.73069350484315
315299,1,1,5,0.42645457969393247
315300,1,1,7,98.24799091175332
315306,1,1,2,357.9573987531517
315336,1,1,9,801.5261205296181
315344,1,1,5,0.42645457969393247
315360,1,1,10,593.025290308943
315364,1,1,10,384.5385338772123
315367,1,1,9,855.0045929887277
315386,1,1,8,299.0597450132732
315397,1,1,10,712.0309163938342
315405,1,1,8,741.7223734653497
315426,1,1,8,580.3146068803159
315445,1,1,10,459.2287784326694
315463,1,1,5,0.42645457969393247
315469,1,1,8,531.2349579902724
315477,1,1,6,279.6967534430868
315484,1,1,6,321.40476708259905
315488,1,1,6,533.3619806466771
315509,1,1,1,658.030930929159
315521,1,1,5,0.42645457969393247
315531,1,1,5,0.42645457969393247
315543,1,1,3,91.29127663113799
315556,1,1,9,656.608375844743
315562,1,1,4,0.42645458358136
315577,1,1,1,759.7104418797845
315581,1,1,9,496.5444911928969
315604,1,1,4,0.42645458358136
315628,1,1,7,151.91815933031128
315631,1,1,8,618.7722431733536
315634,1,1,4,0.42645458358136
315644,1,1,3,74.71372158483683
315653,1,1,9,597.0820306677637
315658,1,1,1,602.554532701439
315674,1,1,5,0.42645457969393247
315680,1,1,9,700.1016979748638
315688,1,1,4,0.42645458358136
315702,1,1,6,253.44994461633135
315706,1,1,2,77.64616227088528
315739,1,1,7,161.77791181214587
315743,1,1,3,78.78502589382991
315761,1,1,1,691.8893692805611
315767,1,1,10,327.03586600189374
315779,1,1,7,166.04948641465592
315784,1,1,10,415.37300825022
315787,1,1,9,421.4936817580098
315794,1,1,3,48.88240593312423
315811,1,1,5,0.42645457969393247
315813,1,1,3,88.7973209396244
315834,1,1,6,318.6799865776364
315851,1,1,7,49.094184632979115
315880,1,1,2,418.012326231332
315901,1,1,5,0.42645457969393247
315904,1,1,6,465.1613226346498
315927,1,1,6,737.9699518694716
315943,1,1,9,598.6487759790581
315950,1,1,4,0.42645458358136
315952,1,1,9,867.1687649607204
315970,1,1,8,718.4406320165527
315988,1,1,6,613.9353927090369
316009,1,1,5,0.42645457969393247
316031,1,1,5,0.42645457969393247
316043,1,1,3,87.5820234993983
316047,1,1,4,0.42645458358136
316058,1,1,10,722.0090585930741
316059,1,1,3,84.30293975340172
316083,1,1,6,517.4695370787824
316084,1,1,4,0.42645458358136
316090,1,1,9,357.9783938322331
316103,1,1,5,0.42645457969393247
316129,1,1,4,0.42645458358136
316141,1,1,4,0.42645457969393247
316143,1,1,5,0.42645457969393247
316163,1,1,8,255.58745051841478
316184,1,1,10,668.868898991202
316200,1,1,4,0.4264545919581291
316202,1,1,1,551.8582696464547
316224,1,1,10,382.24542571345694
316232,1,1,4,0.42645458358136
316260,1,1,9,890.5146216847309
316268,1,1,9,65.34312623286743
316284,1,1,4,0.42645458358136
316292,1,1,10,480.6852971692601
316305,1,1,6,762.6163099329502
316312,0,1,0,0.15874279740504338
316322,1,1,9,674.3087185435063
316342,1,1,1,621.7968680677658
316348,1,1,10,462.0840490008311
316354,1,1,9,433.69598727176435
316373,1,1,7,110.70501262173997
316374,1,1,4,0.42645458358136
316379,1,1,4,0.42645458358136
316384,1,1,10,163.78556541191577
316399,1,1,5,0.42645457969393247
316420,1,1,8,785.3839963276323
316435,1,1,9,881.4562152311556
316437,1,1,10,168.56763600397636
316443,1,1,1,686.9807959192586
316470,1,1,9,774.4805672547012
316484,1,1,5,0.42645457969393247
316489,1,1,9,200.8523924673948
316505,1,1,5,0.42645457969393247
316512,1,1,5,0.42645457969393247
316521,1,1,4,0.42645458358136
316532,1,1,4,0.42645458358136
316537,1,1,6,412.8217958020875
316544,1,1,9,44.97830732762812
316552,1,1,9,845.4446210616538
316556,1,1,6,628.2694067518064
316564,1,1,5,0.42645457969393247
316600,1,1,8,430.03091851890906
316628,1,1,10,366.34684354023074
316642,1,1,6,719.3136504323934
316647,1,1,9,89.81105327689657
316655,1,1,5,0.42645457969393247
316659,1,1,6,406.1146427554081
316663,1,1,6,347.1144476056085
316666,1,1,1,523.3281073642856
316672,1,1,8,653.264006752904
316681,1,1,4,0.42645458358136
316693,1,1,10,317.6120065169066
316696,1,1,1,480.840037783008
316697,1,1,9,864.0500751655637
316703,1,1,9,774.3716775316836
316709,1,1,5,0.42645457969393247
316710,1,1,1,557.5694853952306
316734,1,1,10,408.9405636752713
316756,1,1,2,381.8932598675521
316760,1,1,9,60.96924029452287
316762,1,1,6,643.2005480766882
316774,1,1,6,468.9480633384964
316795,1,1,10,282.17147352270257
316802,1,1,5,0.42645457969393247
316814,0,1,0,0.10294517586102926
316824,1,1,9,77.43192703570482
316825,1,1,1,400.73431920050797
316836,1,1,3,92.40403450947636
316837,1,1,6,518.0911329724223
316844,1,1,9,703.3549710096023
316850,1,1,9,792.1050919895279
316866,1,1,4,0.4264545919581291
316881,1,1,6,779.6926704188365
316882,1,1,4,0.42645458358136
316888,1,1,8,540.0961011908142
316895,1,1,4,0.42645458358136
316897,1,1,1,472.54500419333567
316910,1,1,8,913.2474423018715
316916,1,1,9,837.1132762703113
316920,1,1,8,456.6154716952757
316929,1,1,9,810.2504048336814
316932,1,1,9,516.1882188998435
316934,1,1,7,97.28941750668328
316936,1,1,10,421.89996876232425
316954,1,1,6,587.9062173514089
316958,1,1,8,599.8479320809104
316960,1,1,1,539.3257757205246
316966,1,1,8,388.5123274983253
316986,1,1,2,384.71651136840427
316990,1,1,8,288.1234408453798
316993,1,1,9,829.1502199516603
316999,1,1,8,251.536550936634
317003,1,1,6,731.06298036219
317029,1,1,5,0.42645457969393247
317038,1,1,10,459.66377855571807
317049,1,1,9,502.39189192180044
317053,1,1,5,0.42645457969393247
317058,1,1,3,73.7600811903094
317078,1,1,5,0.42645457969393247
317090,1,1,1,654.525813139326
317094,1,1,8,540.5810472906512
317095,1,1,10,460.04094335515043
317107,1,1,7,106.16996660207752
317119,1,1,5,0.42645456789925423
317120,1,1,6,802.7199993103038
317122,1,1,9,775.0293683789354
317126,1,1,5,0.42645457969393247
317152,1,1,4,0.42645458358136
317156,1,1,9,783.0889640575433
317169,1,1,8,611.9221316026512
317195,1,1,10,407.4291887413934
317198,1,1,8,685.6296053987007
317210,1,1,8,606.5226203515426
317218,1,1,8,356.32207758036026
317256,1,1,5,0.42645457969393247
317267,1,1,3,38.607452890501875
317274,1,1,9,237.08496130111976
317279,1,1,6,643.4682523266694
317281,1,1,7,55.24485300858482
317286,1,1,9,761.4812226222389
317314,1,1,9,116.71386426206274
317318,1,1,9,557.7663519514425
317322,1,1,4,0.42645458358136
317327,1,1,3,47.81212880362287
317331,1,1,9,494.0557692298834
317350,1,1,10,718.6496669149394
317353,1,1,5,0.42645457969393247
317379,1,1,4,0.42645458358136
317387,1,1,8,486.1872247780716
317394,1,1,7,128.00264075646396
317401,1,1,10,608.881437838056
317403,1,1,5,0.42645457969393247
317408,1,1,6,348.0440041606319
317420,1,1,6,790.4894318307763
317426,1,1,6,586.8583049216282
317441,1,1,10,646.9834511315483
317456,1,1,5,0.42645457969393247
317460,1,1,4,0.42645458358136
317463,1,1,10,261.8972156199229
317480,1,1,7,170.69827225840083
317485,1,1,1,742.1992038458176
317507,1,1,9,778.4652708509052
317511,1,1,5,0.42645457969393247
317515,1,1,10,500.9491934388604
317529,1,1,8,889.534295487007
317537,1,1,4,0.42645458358136
317546,1,1,10,288.6685793540747
317557,1,1,7,163.41449650519203
317560,1,1,1,187.08408616237384
317574,1,1,9,427.30543657348124
317597,1,1,1,599.6722580456234
317603,1,1,4,0.42645458358136
317618,1,1,4,0.42645458358136
317621,1,1,5,0.42645457969393247
317638,1,1,9,854.4927288903052
317660,1,1,4,0.42645458358136
317663,1,1,8,866.9310663060819
317671,1,1,6,271.58999913797396
317681,1,1,8,936.5665005247894
317695,1,1,4,0.42645458358136
317696,1,1,4,0.42645458358136
317709,1,1,5,0.42645457969393247
317713,1,1,1,676.6066678395548
317718,1,1,10,721.8556572702747
317726,1,1,7,169.74516859335256
317733,1,1,5,0.42645457969393247
317737,1,1,4,0.4264545919581291
317739,1,1,6,179.027128446321
317751,1,1,1,719.9626687200073
317754,1,1,9,365.0344155177401
317780,1,1,3,88.35094412979194
317789,1,1,5,0.42645457969393247
317835,1,1,9,882.5225725165103
317837,1,1,5,0.42645457969393247
317867,1,1,8,885.9966045682547
317875,1,1,1,475.1066562467332
317902,1,1,6,452.8155850084185
317913,1,1,7,146.3347275949156
317965,1,1,8,576.2157822716237
317968,1,1,8,645.505517520533
317970,1,1,3,92.8696491237787
317978,1,1,6,313.2483955843025
317985,0,1,0,0.1181096630612784
317997,1,1,5,0.42645457969393247
318000,1,1,8,889.574763522844
318008,1,1,8,329.3170508452471
318014,1,1,7,55.633800945714334
318018,1,1,2,387.0633060451843
318028,1,1,10,460.54181480761156
318032,1,1,9,565.7702534595992
318034,1,1,5,0.42645457969393247
318064,1,1,9,699.6840265255644
318071,1,1,6,345.20669177972445
318073,1,1,8,304.5965361013047
318083,1,1,9,769.5991384867374
318092,1,1,8,822.2037336840907
318096,1,1,9,815.8547012381904
318106,1,1,9,582.5163171356995
318162,1,1,1,189.23193693316009
318176,1,1,10,501.84665271838014
318180,1,1,6,556.3317814693132
318182,1,1,10,631.4567776619944
318188,1,1,2,370.91718219900514
318193,1,1,8,763.4793359038474
318198,1,1,4,0.42645458358136
318203,1,1,9,855.126952340659
318204,1,1,6,654.3625098651776
318207,1,1,5,0.42645457969393247
318208,1,1,6,556.495871242261
318215,1,1,9,685.8743204861782
318219,1,1,9,818.9827617846373
318222,1,1,5,0.42645457969393247
318226,1,1,3,52.48316040048061
318229,1,1,4,0.42645458358136
318236,1,1,5,0.42645457969393247
318237,1,1,5,0.42645457969393247
318240,1,1,6,731.3895340819134
318264,1,1,8,320.8468172519225
318272,1,1,9,584.724584748947
318278,1,1,5,0.42645457969393247
318293,1,1,9,879.7114291954549
318295,1,1,6,782.7086764213345
318320,1,1,9,819.8966774770219
318330,1,1,8,543.8977718910747
318332,1,1,1,759.6648723823986
318341,1,1,8,925.9389292550578
318361,1,1,8,326.1257074224907
318363,1,1,9,857.6147905200194
318367,1,1,1,551.9670476322555
318371,1,1,4,0.42645458358136
318408,1,1,2,415.8585312434519
318411,1,1,3,93.39313134995074
318414,1,1,8,836.8295330571339
318434,1,1,8,484.3883829116479
318441,1,1,8,809.533318544916
318445,1,1,8,268.16696131664776
318451,1,1,4,0.42645458358136
318454,1,1,6,516.3670717180252
318460,1,1,8,151.10032811509512
318462,1,1,8,830.1798836846209
318494,1,1,4,0.42645458358136
318511,1,1,8,443.1297589661955
318512,1,1,9,527.9361083060518
318519,1,1,10,558.2917417868844
318540,1,1,8,730.5088195905254
318544,1,1,8,568.9559345496316
318559,1,1,6,801.4395598479781
318587,1,1,8,724.8836788854036
318599,1,1,8,424.85929799571176
318603,1,1,5,0.42645457969393247
318610,1,1,7,161.0803153095283
318614,1,1,6,339.6583563853964
318649,1,1,5,0.42645457969393247
318676,1,1,8,903.5057243273778
318683,1,1,9,578.3909207659082
318693,1,1,5,0.42645457969393247
318711,1,1,9,248.93994876121266
318724,1,1,5,0.42645457969393247
318733,1,1,6,457.6496091898079
318736,1,1,6,712.5795774702887
318738,1,1,1,316.93881623952035
318755,1,1,5,0.42645457969393247
318764,1,1,10,193.8326942322546
318768,1,1,9,248.85433367486354
318769,1,1,3,75.78376618845955
318779,1,1,5,0.42645457969393247
318782,1,1,5,0.42645457969393247
318792,1,1,1,308.4038491578063
318796,1,1,6,458.7594396650391
318798,1,1,10,722.1253503300242
318800,1,1,9,645.6320659491302
318844,1,1,2,430.665777081346
318883,1,1,8,902.4283377905259
318905,1,1,8,880.5203193978746
318907,1,1,9,672.778016846855
318915,1,1,8,620.6012335581757
318927,1,1,9,208.56111129539656
318935,1,1,8,264.08420780417117
318948,1,1,5,0.42645457969393247
318959,1,1,6,237.18751157537463
318971,1,1,1,189.9029429544072
318976,1,1,6,325.2138310362604
318978,1,1,2,468.2596004124126
318983,1,1,8,465.26502459415264
318992,1,1,6,172.08983601466846
319001,1,1,4,0.42645458358136
319002,1,1,6,809.7987233669497
319010,1,1,10,721.6217844591592
319015,1,1,6,623.6345191956406
319022,1,1,9,478.9816992928271
319024,1,1,8,400.15529328347196
319026,1,1,4,0.42645458358136
319031,1,1,3,86.1499941650971
319039,1,1,10,455.575003990118
319052,1,1,5,0.42645456789925423
319055,1,1,4,0.4264545919581291
319065,1,1,5,0.42645457969393247
319066,1,1,6,551.873062608064
319072,1,1,8,478.96936762845564
319076,1,1,3,79.37360802443916
319088,1,1,5,0.42645457969393247
319093,0,1,0,0.1112027173910175
319106,1,1,4,0.42645458358136
319141,1,1,10,599.7907124412191
319145,1,1,10,625.0531685901823
319157,1,1,1,732.9027439819467
319163,1,1,8,734.159989488649
319165,1,1,4,0.42645458358136
319182,1,1,1,630.9006294674122
319186,1,1,2,114.18934919012496
319195,1,1,4,0.42645458358136
319216,1,1,10,441.6439303764972
319251,1,1,6,159.5840355024756
319253,1,1,4,0.42645458358136
319256,1,1,9,794.7298315636751
319273,1,1,4,0.42645458358136
319274,1,1,4,0.42645458358136
319280,1,1,10,711.8630878010507
319290,1,1,4,0.42645458358136
319299,1,1,6,431.3937816008519
319310,1,1,8,737.877946667873
319351,1,1,4,0.42645458358136
319354,1,1,9,662.6116984515436
319388,1,1,10,179.77794250442128
319392,1,1,9,829.7518089266325
319394,1,1,9,161.04070671773434
319409,1,1,10,557.9298017763217
319415,1,1,4,0.4264545919581291
319424,1,1,10,274.91884235550214
319443,1,1,4,0.42645458358136
319452,1,1,5,0.42645457969393247
319465,1,1,9,578.5272401465011
319471,1,1,9,115.27759081330478
319486,1,1,7,51.44825814702305
319498,1,1,9,844.705892925858
319499,1,1,8,247.5047272333714
319510,1,1,6,574.2791858730653
319540,1,1,7,151.12836714898452
319541,1,1,9,813.5158812521944
319559,1,1,9,220.06309122478822
319567,1,1,8,616.9710534313298
319574,1,1,9,809.9064791084961
319584,1,1,10,610.6840658052827
319594,1,1,5,0.42645457969393247
319610,1,1,3,90.29770748579224
319612,1,1,6,586.9178903265629
319624,1,1,10,574.26340468659
319636,1,1,6,788.2394799266186
319638,1,1,5,0.42645457969393247
319660,1,1,5,0.42645457969393247
319669,1,1,9,387.55635582654526
319673,1,1,6,698.1121371429005
319719,1,1,8,821.425568705054
319722,1,1,8,381.19784556836674
319731,1,1,5,0.42645457969393247
319732,1,1,6,167.77724179468868
319744,1,1,5,0.42645457969393247
319755,1,1,5,0.42645457969393247
319776,1,1,5,0.42645456789925423
319784,1,1,9,510.97405933948403
319785,1,1,9,522.2856461116812
319819,1,1,8,556.0105927294583
319824,1,1,10,630.88985829618
319837,1,1,5,0.42645457969393247
319858,1,1,9,777.2306133790694
319865,1,1,8,134.63114241831352
319870,1,1,1,677.4538525289158
319887,1,1,7,138.5900141176272
319892,1,1,10,205.89584147800477
319898,1,1,1,302.5934915040463
319900,1,1,7,162.42903061971032
319907,1,1,6,771.6481568443821
319912,1,1,4,0.42645458358136
319918,1,1,7,121.50490391196752
319941,1,1,6,704.6243937370234
319946,1,1,6,261.4295020426931
319951,1,1,10,457.40353136923557
319957,0,1,0,0.11565245697912371
319970,1,1,10,289.15469800796615
319972,1,1,9,815.8960601225812
319976,1,1,10,719.5565437986002
319981,1,1,10,125.98386447028457
319987,1,1,5,0.42645457969393247
320008,1,1,6,769.5236539411806
320011,1,1,6,495.58561382700515
320015,1,1,10,587.8464586288476
320028,1,1,8,890.3766117538072
320041,1,1,9,645.5161939285738
320049,1,1,5,0.42645457969393247
320055,1,1,6,731.4790014976761
320063,1,1,3,91.47259591012869
320064,1,1,6,346.16248642586163
320073,1,1,6,679.9262519476562
320080,1,1,5,0.42645457969393247
320095,1,1,5,0.42645457969393247
320096,1,1,10,438.7620645603885
320110,1,1,9,813.4120735695936
320125,1,1,9,373.4840760893199
320133,1,1,5,0.42645457969393247
320138,1,1,5,0.42645457969393247
320139,1,1,6,765.325545742919
320157,1,1,3,59.49256554225909
320162,1,1,9,598.0335991061202
320176,1,1,1,272.411028196167
320180,1,1,8,255.5176145781809
320182,1,1,4,0.42645458358136
320203,1,1,5,0.42645457969393247
320209,1,1,1,577.687134899263
320227,1,1,4,0.42645458358136
320240,1,1,6,626.9751837488637
320248,1,1,4,0.42645458358136
320249,1,1,9,604.6997789712522
320257,1,1,6,357.2947558625589
320263,1,1,8,405.7808953997361
320273,1,1,9,619.0331422456436
320290,1,1,4,0.42645458358136
320291,1,1,6,328.77586576308266
320308,1,1,5,0.42645457969393247
320316,1,1,6,337.4896860806099
320321,1,1,4,0.42645458358136
320324,1,1,6,554.1065028715549
320346,1,1,9,459.9880516244622
320362,1,1,5,0.42645456789925423
320365,1,1,5,0.42645456789925423
320374,1,1,4,0.42645458358136
320386,0,1,0,0.11383596790963275
320391,1,1,5,0.42645457969393247
320397,1,1,9,588.2869490545758
320407,1,1,9,321.1351836787035
320412,1,1,5,0.42645457969393247
320433,1,1,9,792.3087186785542
320435,1,1,8,158.91739037501415
320445,1,1,9,875.9266138195215
320479,1,1,2,258.664790194008
320497,1,1,1,762.4649918187755
320500,1,1,1,544.0941740813945
320502,0,1,0,0.1410296048116906
320513,1,1,9,513.292155747012
320522,1,1,2,374.86166266247176
320535,1,1,4,0.42645458358136
320546,1,1,10,496.4343238871367
320566,1,1,4,0.42645458358136
320579,1,1,6,773.4334044229266
320584,1,1,8,511.7623533921853
320585,1,1,6,386.7691342053706
320598,1,1,10,720.5420233130282
320600,1,1,2,319.8630265427244
320601,1,1,8,765.0437973540664
320608,1,1,8,491.11112430745123
320616,1,1,7,110.37532165144599
320624,1,1,5,0.42645457969393247
320658,1,1,10,319.2189551109642
320667,1,1,2,420.91358381147177
320684,1,1,7,149.2055888862264
320698,1,1,9,607.5427055858123
320724,1,1,8,812.3996383899926
320729,1,1,8,793.7051464138796
320735,1,1,7,149.38027909817163
320736,1,1,8,153.96275381335886
320749,1,1,9,424.26110350715874
320796,1,1,1,442.6094661626097
320798,1,1,1,655.4019267743018
320800,1,1,6,728.4103870654219
320820,1,1,5,0.42645457969393247
320827,1,1,3,80.93418211100736
320848,1,1,7,127.16347015526438
320861,1,1,8,259.19659419468064
320871,1,1,4,0.42645458358136
320874,1,1,9,774.7945762108988
320875,1,1,4,0.42645458358136
320882,1,1,6,563.8027253989605
320926,1,1,5,0.42645457969393247
320935,1,1,1,700.8997876640439
320952,1,1,8,267.8167499846748
320956,1,1,10,401.85437550136515
320970,1,1,8,406.04528961896034
320984,1,1,10,243.5208302920445
320992,1,1,6,658.5735759354544
320994,1,1,6,655.4621362570024
320995,1,1,9,286.728667709229
320997,1,1,10,458.188180438804
321026,1,1,6,492.7277360049192
321038,1,1,4,0.42645458358136
321040,1,1,9,886.1084791687985
321045,1,1,9,76.45908431098623
321059,0,1,0,0.11440749440645981
321063,1,1,9,238.1527401151
321064,1,1,9,552.7987477935443
321091,1,1,4,0.42645458358136
321098,1,1,7,172.14034448100452
321105,1,1,10,371.0509104188018
321107,1,1,6,396.41063379771936
321114,1,1,4,0.42645458358136
321120,1,1,9,815.0723061876519
321128,1,1,6,531.1726253392252
321138,1,1,9,124.33328248828593
321160,1,1,9,95.10273472235568
321165,1,1,4,0.42645458358136
321169,1,1,8,472.7570097317945
321181,1,1,9,657.2249225120743
321195,1,1,9,874.1799129044942
321204,1,1,5,0.42645457969393247
321209,1,1,5,0.42645457969393247
321220,1,1,10,325.985828234897
321222,1,1,4,0.42645458358136
321226,1,1,8,212.39772110849833
321244,1,1,4,0.42645458358136
321251,1,1,4,0.42645458358136
321262,1,1,1,725.1117087826631
321295,1,1,9,45.21983290882922
321305,1,1,5,0.42645457969393247
321335,1,1,4,0.42645457969393247
321352,1,1,9,573.5976685600966
321358,1,1,4,0.42645458358136
321379,1,1,4,0.42645458358136
321391,1,1,9,316.0590461112814
321393,1,1,1,537.4803395041314
321399,1,1,5,0.42645457969393247
321409,1,1,4,0.4264545919581291
321412,1,1,9,484.8514910672557
321419,1,1,5,0.42645457969393247
321427,1,1,9,729.3580324753863
321441,1,1,10,121.70165788146923
321448,1,1,6,701.5865270052952
321451,1,1,1,701.5285348061733
321454,1,1,6,570.4296181996468
321458,1,1,4,0.42645458358136
321468,1,1,9,839.5718163603772
321481,1,1,9,379.77123902912217
321486,1,1,6,545.6909511120831
321489,1,1,1,709.3461081683135
321493,1,1,8,342.9465843923046
321512,1,1,9,211.4616951973406
321519,1,1,5,0.42645457969393247
321555,1,1,4,0.42645458358136
321559,1,1,7,148.9245008277435
321562,1,1,8,515.305262196809
321568,1,1,1,167.12947313342323
321582,1,1,8,829.4292944194281
321592,0,1,0,0.11736747197793793
321616,1,1,4,0.42645458358136
321640,1,1,1,742.3324649302639
321647,1,1,9,757.967919553812
321652,1,1,9,803.7457874898404
321680,1,1,9,350.92916694491197
321689,1,1,4,0.42645458358136
321694,1,1,1,447.7689790199735
321697,1,1,5,0.42645457969393247
321699,1,1,9,231.83760993817467
321723,1,1,8,393.28022926035254
321756,1,1,10,549.1267180380431
321778,1,1,5,0.42645456789925423
321785,1,1,6,334.61189090190976
321794,1,1,9,497.06680237825725
321797,1,1,9,557.1270098470995
321799,1,1,9,862.9504360978498
321806,1,1,9,68.53025383490738
321816,1,1,10,400.5262020483831
321823,1,1,6,416.0894618905544
321833,1,1,4,0.42645458358136
321834,1,1,2,314.35209861452154
321840,1,1,5,0.42645457969393247
321843,1,1,9,621.7142723401133
321844,1,1,3,47.377170063511194
321851,1,1,6,765.5995896480578
321864,1,1,10,463.46542468616246
321871,1,1,7,81.98983305685792
321908,1,1,7,72.26652114762798
321918,1,1,7,90.4494245441147
321923,1,1,6,791.1737557422929
321924,1,1,10,269.7393714987353
321932,1,1,9,852.2422829851878
321940,1,1,8,503.32787910150176
321946,1,1,6,316.18234025507553
321948,1,1,1,407.52207208773933
321954,1,1,9,866.8219938323359
321955,1,1,4,0.42645458358136
321959,1,1,1,420.45687635546517
321961,1,1,5,0.42645457969393247
321975,1,1,5,0.42645457969393247
321988,1,1,6,780.3837234090131
321996,1,1,1,715.8812836073613
322004,1,1,10,401.47827227990075
322024,1,1,7,170.33804722995995
322043,1,1,6,782.223049765403
322046,1,1,8,733.5288785213158
322073,1,1,6,185.03539446110256
322076,1,1,4,0.42645458358136
322096,1,1,6,602.0161059615612
322110,1,1,10,705.7694439902291
322116,1,1,5,0.42645457969393247
322123,1,1,6,515.5022895533906
322141,1,1,1,593.0277518376753
322185,1,1,10,185.0030074000163
322201,1,1,9,794.9933462113999
322204,1,1,9,879.9447656592824
322238,1,1,6,185.38332788096557
322239,1,1,8,366.32450720731265
322241,1,1,5,0.42645457969393247
322264,1,1,6,806.0371493940826
322268,1,1,4,0.42645458358136
322274,1,1,8,246.91705943476492
322301,1,1,4,0.42645458358136
322302,1,1,9,849.7238169633888
322304,1,1,4,0.42645458358136
322309,1,1,4,0.42645458358136
322312,1,1,4,0.42645458358136
322337,1,1,7,38.77717710729135
322344,1,1,9,881.9613415212159
322345,1,1,4,0.42645458358136
322347,1,1,9,889.7088984191431
322363,1,1,9,866.9409035605062
322373,1,1,9,51.25132349474659
322375,1,1,4,0.42645458358136
322384,1,1,8,304.16225065075804
322388,1,1,1,690.5279304577582
322390,1,1,8,560.5771495987681
322396,1,1,5,0.42645457969393247
322402,1,1,5,0.42645457969393247
322405,1,1,9,711.6221806422005
322408,1,1,9,451.9796268768263
322449,1,1,2,266.9354820978934
322458,1,1,9,746.980343949448
322482,1,1,7,160.76015630856506
322483,1,1,7,74.90006537347956
322504,1,1,4,0.42645458358136
322509,1,1,6,394.30894473566025
322521,0,1,0,0.14719937417892812
322527,1,1,6,645.097261705129
322528,1,1,6,720.4285697730736
322544,1,1,3,57.932451278946566
322547,1,1,5,0.42645457969393247
322553,1,1,7,67.54675944139139
322558,1,1,6,178.6633226278966
322564,1,1,3,53.24772270856584
322609,1,1,9,114.68073182525492
322618,1,1,6,728.4605237319146
322619,1,1,9,581.9768187518899
322623,1,1,4,0.42645458358136
322626,1,1,8,383.92804971097144
322629,1,1,2,468.77451372928635
322649,1,1,6,545.9614895458836
322679,1,1,8,869.3569396436118
322687,1,1,9,607.5447213643256
322700,1,1,10,414.67317363329715
322708,1,1,4,0.42645458358136
322711,1,1,6,477.13582062591735
322715,1,1,4,0.4264545919581291
322721,1,1,6,368.20053626965944
322735,1,1,9,398.08845932374066
322736,1,1,5,0.42645457969393247
322744,1,1,10,460.57323385651426
322748,1,1,4,0.42645458358136
322756,1,1,2,52.484264820988805
322761,1,1,9,385.6061528097833
322798,1,1,5,0.42645457969393247
322806,1,1,5,0.42645457969393247
322817,1,1,8,592.0200814864063
322836,1,1,6,237.38943624795183
322842,1,1,9,376.87769198167825
322862,1,1,10,718.3808333076225
322869,1,1,4,0.42645458358136
322872,1,1,10,499.93747956201827
322912,1,1,10,334.1804063492305
322917,1,1,8,871.1946310764945
322936,1,1,10,450.9493175110589
322940,1,1,9,553.2194334381102
322975,1,1,9,673.9401112352868
322980,1,1,5,0.42645457969393247
322986,1,1,6,777.2776309089198
322996,1,1,9,268.00288511348936
323004,1,1,6,541.5277254304809
323009,1,1,5,0.42645457969393247
323053,1,1,8,487.98299624492563
323078,1,1,10,561.1992901974363
323111,1,1,7,71.07788854114436
323132,1,1,4,0.42645458358136
323133,1,1,6,505.64634109626917
323140,1,1,10,708.379089792478
323142,1,1,6,570.3403187292438
323147,1,1,5,0.42645457969393247
323186,1,1,6,790.9196959305273
323202,1,1,5,0.42645457969393247
323213,1,1,4,0.42645458358136
323227,1,1,9,863.9145621019852
323228,1,1,7,153.80826909120154
323235,1,1,3,91.3454420663079
323255,1,1,6,578.0833603848482
323258,1,1,9,771.3097353612004
323264,1,1,4,0.42645458358136
323300,1,1,4,0.42645458358136
323332,1,1,10,721.7674483358111
323333,1,1,6,276.88551514719376
323346,1,1,8,560.4319644423405
323355,1,1,8,622.0550650983413
323361,1,1,6,805.4503714479223
323362,1,1,5,0.42645457969393247
323367,1,1,2,375.06134059575317
323378,1,1,9,652.1738564754799
323381,1,1,3,83.55987023938978
323384,1,1,5,0.42645457969393247
323388,1,1,6,332.54846160118865
323405,1,1,9,853.8776289725417
323412,0,1,0,0.124918816771181
323433,1,1,8,454.991252476729
323435,1,1,9,782.1862458658786
323436,1,1,8,378.97736567335517
323467,1,1,6,720.6932396543395
323470,1,1,9,642.5233253951544
323511,1,1,8,911.2321198374818
323519,1,1,10,720.4979975908723
323522,1,1,8,531.005763792476
323525,1,1,4,0.42645458358136
323531,1,1,2,290.8479647586801
323538,1,1,7,135.09991819821988
323541,1,1,9,745.6491515824326
323565,1,1,6,809.6901838670542
323581,1,1,8,534.2987086170363
323589,1,1,1,666.3058596709317
323597,1,1,6,605.1467834904378
323600,1,1,4,0.42645458358136
323610,1,1,8,829.871950450261
323618,1,1,4,0.42645458358136
323619,1,1,6,182.96607854377504
323620,1,1,6,222.80537941624814
323624,1,1,5,0.42645457969393247
323630,1,1,6,802.0118484496504
323637,1,1,10,609.0838747446442
323661,1,1,6,378.00720938833456
323666,1,1,6,343.69321017242453
323696,1,1,8,464.98486692705217
323704,1,1,6,174.7697126400983
323719,1,1,2,259.13474834796693
323733,1,1,5,0.42645457969393247
323743,1,1,8,914.2548060831867
323772,1,1,9,754.3456144478157
323774,1,1,10,295.7516299266013
323776,1,1,4,0.42645458358136
323780,1,1,6,449.56833227046155
323781,1,1,5,0.42645457969393247
323786,1,1,9,702.3780592780676
323798,0,1,0,0.14261511897482587
323800,1,1,8,781.6719126599345
323808,1,1,8,610.6429658287306
323813,1,1,6,784.596120577308
323816,1,1,6,540.7652561944299
323821,1,1,10,372.59424925305143
323822,1,1,3,89.73364705750473
323831,1,1,2,403.71064248487977
323832,1,1,8,455.4885902184974
323842,1,1,10,636.6255559470046
323847,1,1,8,740.0710540395985
323854,1,1,6,771.3078433671791
323856,1,1,9,864.3843106974863
323859,1,1,5,0.42645457969393247
323861,1,1,3,74.77585657952218
323869,1,1,1,759.7559144223076
323885,1,1,9,306.4316347749692
323886,1,1,5,0.42645457969393247
323900,1,1,5,0.42645457969393247
323901,1,1,7,14.949540063512446
323921,1,1,7,58.77676381874635
323922,1,1,10,167.25741748222327
323947,1,1,4,0.42645458358136
323963,1,1,9,853.8452228108912
323974,1,1,6,672.497051769754
323976,1,1,7,141.7234362234981
323989,1,1,10,517.5644091589493
324002,1,1,10,295.1924350802255
324006,1,1,6,154.9767656020221
324014,1,1,4,0.42645458358136
324017,1,1,8,510.5571791016047
324021,1,1,3,38.29073261449505
324027,1,1,9,625.9565778914309
324030,1,1,4,0.4264545919581291
324038,1,1,10,426.0378397719133
324041,1,1,8,511.16638417166257
324044,1,1,9,863.8623367478634
324047,1,1,7,149.65171281533992
324078,1,1,7,93.06854471311827
324088,1,1,9,80.69975217536361
324092,1,1,3,53.62442654331578
324102,1,1,2,448.55632595873544
324109,1,1,8,535.1632655036776
324110,1,1,1,374.1847620256031
324113,1,1,3,88.75088332744241
324126,1,1,10,523.5281479513209
324135,1,1,4,0.42645458358136
324138,1,1,10,418.3338412828784
324144,1,1,8,697.370614017704
324148,1,1,6,433.17436263191996
324149,1,1,4,0.42645458358136
324168,1,1,7,99.66358000180833
324178,1,1,7,76.20812435560185
324201,1,1,1,450.746467107594
324211,1,1,4,0.42645458358136
324226,1,1,5,0.42645457969393247
324231,1,1,4,0.42645458358136
324256,1,1,6,558.3701928467973
324261,1,1,4,0.42645458358136
324282,1,1,4,0.42645458358136
324285,1,1,4,0.42645458358136
324293,1,1,9,116.77998987677655
324296,1,1,7,79.4215637527175
324315,1,1,5,0.42645457969393247
324322,1,1,6,559.8303439024626
324323,1,1,6,179.71356556948143
324330,1,1,9,570.5877046143466
324333,1,1,9,869.201039978172
324334,1,1,9,776.5049974069253
324337,1,1,9,659.6528327563578
324345,1,1,9,174.11540124051493
324353,1,1,3,90.25065530964343
324354,1,1,6,545.8430711042462
324368,1,1,6,680.7833709924308
324374,1,1,9,798.4281031551993
324380,1,1,9,617.3818941105868
324410,1,1,9,193.23184310759373
324411,1,1,8,482.70514716784396
324414,1,1,9,434.02577925242576
324431,1,1,4,0.42645458358136
324434,1,1,9,68.1366985283518
324443,1,1,4,0.42645458358136
324462,1,1,10,457.7226758966601
324478,1,1,4,0.42645458358136
324499,1,1,3,89.36521768367241
324506,1,1,9,674.1944908395857
324516,1,1,10,390.01680068060665
324530,1,1,5,0.42645457969393247
324558,1,1,1,257.88857304956395
324562,1,1,5,0.42645457969393247
324573,1,1,5,0.42645457969393247
324593,1,1,6,665.9353017594096
324608,1,1,6,618.4193393199793
324610,1,1,4,0.42645458358136
324659,1,1,9,373.21410479915806
324661,1,1,8,490.6321598603276
324671,1,1,9,61.085099178920714
324684,1,1,5,0.42645456789925423
324686,1,1,10,401.43479315471933
324687,1,1,7,171.17494398544684
324712,1,1,10,242.90672857021113
324716,1,1,8,669.327063162831
324718,1,1,9,160.69638658116295
324738,1,1,4,0.42645458358136
324759,1,1,6,425.38218322301697
324768,1,1,4,0.42645458358136
324798,1,1,4,0.42645458358136
324802,1,1,6,483.17363548369
324815,1,1,8,929.6765664784353
324832,1,1,5,0.42645457969393247
324838,1,1,6,396.58098850368606
324850,1,1,10,502.8768496748602
324890,1,1,9,696.4913106731724
324901,1,1,6,447.12229212019815
324907,1,1,8,779.515366328365
324910,1,1,4,0.42645458358136
324911,1,1,10,561.3414748811142
324948,1,1,4,0.42645458358136
324955,1,1,10,686.9799330527184
324985,1,1,7,25.15275434884777
324995,1,1,4,0.42645457969393247
325010,1,1,10,205.1891403431321
325014,1,1,6,546.416948587735
325023,1,1,8,633.6116736655093
325026,1,1,4,0.42645458358136
325035,1,1,10,490.4105171607332
325057,1,1,8,255.2793404704509
325061,1,1,6,631.6722121362416
325063,1,1,5,0.42645457969393247
325069,1,1,1,502.4652782184942
325072,1,1,9,443.6712184829203
325073,1,1,8,801.6953601986746
325081,1,1,1,615.0010326594233
325100,1,1,5,0.42645457969393247
325107,1,1,4,0.42645458358136
325108,1,1,4,0.42645458358136
325109,1,1,9,875.584414277111
325120,1,1,10,719.4675417099946
325128,1,1,8,615.8249818686254
325130,1,1,10,717.5500147909321
325136,1,1,5,0.42645457969393247
325140,1,1,1,670.820872228408
325154,1,1,9,98.51668108937868
325167,1,1,4,0.42645458358136
325176,1,1,8,354.4107330705335
325182,1,1,4,0.42645458358136
325183,1,1,8,527.3813027693578
325185,1,1,9,825.15373109378
325186,1,1,6,477.0719408751826
325213,1,1,10,681.0873969373297
325215,1,1,6,711.206955511807
325219,1,1,1,607.6155088713199
325225,1,1,2,140.795639840902
325236,1,1,10,439.89997711573636
325246,1,1,5,0.42645457969393247
325256,1,1,6,643.6748996756924
325261,1,1,8,296.4937372706651
325267,1,1,5,0.42645457969393247
325281,1,1,8,911.3251326108166
325304,1,1,5,0.42645457969393247
325318,1,1,5,0.42645457969393247
325321,1,1,8,876.7106626333064
325365,0,1,0,0.11396698912074363
325395,1,1,2,326.4062243832059
325401,1,1,5,0.42645457969393247
325405,1,1,6,701.6536275855326
325414,1,1,10,470.2269623623214
325439,1,1,9,547.6707780260514
325447,1,1,6,597.0525712549181
325449,1,1,9,381.1026911388594
325452,1,1,3,40.95392880757436
325462,1,1,5,0.42645457969393247
325464,1,1,4,0.42645458358136
325484,1,1,8,902.0526412644645
325485,1,1,8,462.98358141760974
325486,1,1,8,781.4856152907546
325495,1,1,6,782.6359790640502
325502,1,1,10,323.3373273656715
325540,1,1,6,338.25841557869944
325546,1,1,8,901.1790130759637
325555,1,1,2,338.8677259158881
325562,1,1,9,804.3173457908324
325570,1,1,9,743.4505746545074
325589,1,1,9,874.5240869419214
325600,1,1,5,0.42645457969393247
325618,1,1,8,886.2760719817276
325628,1,1,6,463.9689325517777
325632,1,1,5,0.42645457969393247
325634,1,1,10,233.58844613300323
325649,1,1,9,573.5166575749365
325656,1,1,8,884.834943866999
325660,1,1,10,495.4568676391019
325662,1,1,4,0.42645458358136
325674,1,1,2,386.1314732663359
325694,1,1,2,185.52603390959587
325719,1,1,7,68.23116794346814
325725,1,1,8,262.55655549409437
325743,1,1,8,537.9817493164325
325747,1,1,9,815.0172619906425
325763,1,1,10,525.0679171751897
325765,1,1,3,89.60275601371333
325768,1,1,1,604.1768739531416
325785,1,1,9,575.8944537084354
325789,1,1,5,0.42645457969393247
325800,1,1,9,297.68003446820256
325801,1,1,6,543.2777927459513
325803,1,1,6,433.85005741067755
325808,1,1,6,544.5063971951553
325817,1,1,9,783.3565834787132
325833,1,1,4,0.42645458358136
325839,1,1,8,244.4295824440007
325856,1,1,8,502.9039242188448
325869,1,1,8,226.49312441959847
325873,1,1,8,664.7630889813582
325874,1,1,1,455.51486857324994
325876,1,1,9,778.3948740139806
325886,1,1,6,731.3534417943197
325903,1,1,4,0.42645458358136
325914,1,1,7,162.75516774892566
325927,1,1,6,782.9081722528296
325934,1,1,2,152.52642902793178
325942,1,1,10,272.7656843719118
325946,1,1,1,543.5400719818238
325953,1,1,6,555.0061641331082
325955,1,1,10,720.4303554261254
325970,1,1,5,0.42645456789925423
325989,1,1,10,474.50683219428794
325992,0,1,0,0.11702478197936994
326009,1,1,5,0.42645457969393247
326018,1,1,9,602.3813039747632
326028,1,1,1,751.7548769526293
326043,1,1,10,291.19077191449804
326066,1,1,8,526.4181700307854
326068,1,1,9,635.3603191488644
326069,1,1,8,662.2632017179913
326073,1,1,1,234.50866996572586
326076,1,1,3,92.71658708786771
326084,1,1,6,140.36417446727995
326086,1,1,7,97.90933327421891
326091,1,1,5,0.42645457969393247
326098,1,1,1,533.7060558494351
326102,1,1,9,580.4754643791468
326106,1,1,1,762.505376556909
326118,0,1,0,0.14895034391127032
326122,1,1,8,194.1112798316267
326124,1,1,9,464.6306174631368
326142,1,1,4,0.42645458358136
326149,1,1,10,144.78881910164856
326150,1,1,5,0.42645457969393247
326154,1,1,10,499.26498269762146
326155,1,1,1,740.1714135172762
326163,1,1,1,676.099825393429
326165,1,1,9,722.725212218324
326166,1,1,4,0.42645458358136
326183,1,1,9,456.2086868042537
326189,1,1,2,418.84136711434513
326199,1,1,10,394.0666894317723
326225,1,1,1,155.86134699627442
326233,1,1,9,825.8855658174118
326262,1,1,7,116.84344143312535
326275,1,1,4,0.42645458358136
326280,1,1,9,757.7512370494444
326287,1,1,8,198.47168096438287
326300,1,1,4,0.42645458358136
326304,1,1,1,446.2550672547205
326328,1,1,6,743.5327436566431
326334,1,1,5,0.42645457969393247
326339,1,1,9,582.5764453048622
326343,1,1,10,464.193112087459
326353,1,1,4,0.42645458358136
326358,1,1,6,766.6338603207681
326362,1,1,8,510.88843658155423
326364,1,1,6,512.2830612496921
326369,1,1,8,871.6821368739687
326376,1,1,6,802.1975771215339
326404,1,1,9,423.2605320659853
326405,1,1,9,739.350011605798
326428,1,1,1,344.695990631117
326436,1,1,4,0.42645458358136
326439,1,1,9,686.8484200297571
326448,1,1,8,923.0215288535204
326450,1,1,9,448.22700137546104
326474,1,1,6,185.85701307746552
326479,1,1,8,526.6938813262428
326482,1,1,3,92.38434385456581
326487,1,1,9,861.4664932759802
326488,1,1,9,314.4110836904591
326499,1,1,6,703.6216909939469
326514,1,1,8,719.0077691611674
326518,1,1,9,793.0277366184641
326520,1,1,5,0.42645456789925423
326523,1,1,5,0.42645457969393247
326527,1,1,6,542.4398058333733
326530,1,1,4,0.42645458358136
326545,1,1,6,809.8960248276504
326546,1,1,10,124.66447338876088
326562,1,1,1,199.52672466046175
326571,1,1,9,378.4066017425476
326579,1,1,9,447.391499127521
326584,1,1,9,635.7346904787752
326590,1,1,8,861.4086417895677
326601,0,1,0,0.08023136902402209
326631,1,1,9,235.7004599261597
326637,1,1,4,0.42645458358136
326638,1,1,8,308.53733166054997
326645,1,1,5,0.42645457969393247
326647,1,1,10,443.25552263939323
326652,1,1,8,560.4121678210229
326669,1,1,6,499.8716394495566
326684,1,1,1,662.4450685163346
326721,1,1,5,0.42645457969393247
326724,1,1,6,767.5517061664242
326735,1,1,6,667.4829492033969
326760,0,1,0,0.09094036263045856
326771,1,1,9,410.081209731401
326776,1,1,5,0.42645457969393247
326813,1,1,8,780.4562476497184
326821,1,1,9,620.6604916392259
326828,1,1,9,875.5613365210737
326831,1,1,8,715.8490964454335
326860,1,1,9,612.12106997636
326861,1,1,8,443.29653244586996
326865,1,1,6,222.8070316965391
326883,1,1,10,186.06828956512888
326909,1,1,9,586.5925048752609
326921,1,1,6,363.2955174873631
326924,1,1,8,507.97658366222976
326936,1,1,4,0.42645458358136
326939,1,1,6,551.9633394108696
326952,1,1,9,599.5852293659572
326962,1,1,8,300.1047032986978
326990,1,1,1,278.62186289874825
326993,1,1,4,0.42645458358136
327011,1,1,9,564.4296971437965
327012,1,1,8,214.79465832078003
327016,1,1,9,736.38994364134
327019,1,1,4,0.42645458358136
327086,1,1,1,288.508028873251
327098,1,1,6,727.2019280066864
327111,1,1,5,0.42645457969393247
327130,1,1,10,194.03067142597476
327137,1,1,4,0.42645458358136
327150,1,1,4,0.42645458358136
327164,1,1,5,0.42645457969393247
327171,1,1,6,516.355835920974
327175,1,1,6,782.075349035946
327182,1,1,8,388.80705189755895
327188,1,1,9,535.8116019056561
327200,1,1,8,300.74721289056544
327233,1,1,10,296.43099102872776
327236,1,1,10,180.57597912542857
327238,1,1,6,377.5780157195838
327248,1,1,6,464.4134982394628
327265,1,1,9,684.5149568525366
327272,1,1,5,0.42645456789925423
327283,1,1,4,0.42645458358136
327306,1,1,10,503.4367789378679
327316,1,1,6,784.3562973026296
327323,1,1,8,454.9601905856962
327333,1,1,8,443.7462348345128
327342,1,1,3,87.40160746867375
327347,1,1,6,422.78628685026945
327352,1,1,7,73.44893251630417
327355,1,1,9,620.6011969404818
327363,1,1,5,0.42645457969393247
327366,1,1,6,129.34200646283114
327379,1,1,8,849.101878445843
327398,1,1,8,504.92833951635004
327405,1,1,8,535.4920529221655
327416,1,1,5,0.42645457969393247
327425,1,1,6,591.0999020694666
327429,1,1,8,266.5812770327962
327435,1,1,9,875.543255778531
327450,1,1,8,177.25988693691875
327462,1,1,4,0.42645458358136
327473,1,1,4,0.42645458358136
327475,1,1,5,0.42645457969393247
327487,1,1,9,300.4745599507178
327491,1,1,6,542.8413963603554
327519,1,1,10,238.6745582976452
327520,1,1,5,0.42645457969393247
327521,1,1,8,689.6506461585
327524,1,1,8,928.1687328114444
327531,1,1,5,0.42645457969393247
327551,1,1,3,90.2845270383274
327560,1,1,9,459.54200757306336
327561,1,1,3,89.28828692642097
327573,1,1,9,612.8713821162543
327592,1,1,9,699.7563513890318
327598,1,1,4,0.42645458358136
327617,0,1,0,0.10456369050451325
327654,1,1,8,777.5809051400543
327675,1,1,5,0.42645457969393247
327678,1,1,5,0.42645457969393247
327691,1,1,9,885.1606981615288
327698,1,1,1,498.73048757811415
327718,1,1,6,224.01040267966988
327722,1,1,9,874.8039323245324
327723,1,1,8,864.8626101128156
327730,1,1,5,0.42645457969393247
327769,1,1,4,0.42645458358136
327771,1,1,6,516.1642286829806
327774,1,1,9,205.40504962908733
327776,1,1,6,596.2523068023104
327817,1,1,6,698.4597005084562
327818,1,1,9,790.4365391549494
327833,1,1,9,754.4986546000916
327841,1,1,6,643.3573774516835
327847,1,1,10,414.04366656951845
327848,1,1,8,475.434593036515
327864,1,1,6,614.0862714380518
327865,1,1,2,474.31765877218123
327877,1,1,7,82.58852414728496
327888,1,1,9,784.9434163339331
327890,1,1,8,211.18271462920316
327921,1,1,6,374.6772135453118
327924,1,1,6,459.9949459285485
327941,1,1,8,400.29895584138524
327950,1,1,2,128.20152951002655
327975,1,1,9,506.569274900117
327977,1,1,1,426.89572393373095
327987,1,1,9,891.3558344312147
328000,1,1,2,362.4383453545654
328001,1,1,8,633.8530565217601
328004,1,1,6,539.2735114030056
328043,1,1,6,643.4280884573345
328055,1,1,9,594.9785954530726
328065,1,1,8,561.7348081249937
328083,1,1,6,731.8835144009488
328090,1,1,4,0.42645458358136
328095,1,1,9,187.591630716156
328118,1,1,10,244.0578661097764
328122,1,1,4,0.42645458358136
328125,1,1,3,54.45934519109943
328128,1,1,5,0.42645457969393247
328136,1,1,9,662.3001504163961
328156,1,1,5,0.42645457969393247
328159,1,1,4,0.42645458358136
328166,1,1,4,0.42645458358136
328169,1,1,9,679.7712494206634
328177,1,1,10,391.61730953506003
328211,1,1,9,150.64737347991377
328220,1,1,9,562.7641636205925
328226,1,1,4,0.42645458358136
328230,1,1,3,54.71502094092314
328245,1,1,5,0.42645457969393247
328248,1,1,4,0.42645458358136
328260,1,1,6,274.0043633945075
328271,1,1,5,0.42645457969393247
328272,1,1,1,372.66748232351085
328279,1,1,2,461.76510747622166
328288,1,1,5,0.42645457969393247
328290,1,1,10,474.7751097938209
328306,1,1,9,823.6368127732645
328320,1,1,4,0.42645458358136
328322,1,1,4,0.42645458358136
328330,1,1,9,711.5727966830177
328354,1,1,6,559.403669793947
328367,1,1,4,0.42645458358136
328372,1,1,10,719.4314451169706
328375,1,1,2,333.45167018399786
328377,1,1,7,88.90516909310541
328389,1,1,6,621.8704175096217
328391,1,1,1,261.61894112925546
328393,1,1,6,535.698312286665
328398,1,1,5,0.42645457969393247
328405,1,1,9,781.9559013190612
328406,1,1,1,272.344768525299
328423,1,1,4,0.42645458358136
328428,1,1,9,800.9961427427237
328432,1,1,8,519.6346599696927
328433,1,1,3,83.51128158421375
328438,1,1,8,940.1784285421529
328452,1,1,6,189.14992947743718
328454,1,1,7,100.59306694957505
328467,1,1,4,0.42645458358136
328484,1,1,5,0.42645457969393247
328487,1,1,9,610.3475711843403
328498,1,1,8,458.9794547376563
328515,1,1,9,791.1160693575233
328516,1,1,8,569.24778916901
328532,1,1,9,237.74261385161793
328533,1,1,8,757.7311945621601
328542,1,1,9,649.7515208664882
328557,1,1,8,572.3800967504583
328563,1,1,6,548.9975822343267
328584,1,1,2,326.1400900996405
328595,1,1,4,0.42645458358136
328602,1,1,4,0.42645458358136
328610,1,1,4,0.42645457969393247
328629,0,1,0,0.14035835544159922
328650,1,1,6,777.689768356564
328653,1,1,7,50.70581856315795
328669,1,1,5,0.42645457969393247
328671,1,1,4,0.42645458358136
328688,1,1,10,408.33893695420227
328690,1,1,5,0.42645457969393247
328700,1,1,8,280.74230920221635
328707,1,1,8,799.086042193249
328719,1,1,6,535.1937909296554
328732,1,1,8,947.4532403464411
328734,1,1,9,209.64700212721297
328773,1,1,6,494.34304327529776
328785,1,1,2,253.38074124338019
328800,1,1,5,0.42645457969393247
328806,1,1,10,508.5054679003815
328820,1,1,1,334.00808366990685
328844,1,1,9,813.9097875281167
328850,1,1,4,0.42645458358136
328853,1,1,4,0.42645458358136
328860,1,1,9,449.7703971701485
328863,1,1,4,0.42645458358136
328874,1,1,9,444.37527973907333
328887,1,1,9,736.8117698395303
328888,1,1,1,560.4135345212702
328892,1,1,8,847.8794706787265
328894,1,1,9,873.8909099560396
328897,1,1,3,58.36053888475903
328906,1,1,8,543.3838846419219
328914,1,1,1,760.2010325928555
328917,1,1,4,0.42645458358136
328925,1,1,10,495.9393937622826
328931,1,1,1,622.4187022135512
328941,0,1,0,0.16525790090657128
328954,1,1,9,883.3270221936722
328957,1,1,4,0.42645458358136
328959,1,1,8,322.33320016586947
328975,1,1,4,0.42645458358136
328977,1,1,7,81.8448878526123
328987,1,1,9,846.5402397365713
328991,1,1,4,0.42645458358136
328997,1,1,6,581.3578937415141
329000,1,1,6,759.8072769324316
329020,1,1,6,253.48017962768503
329021,1,1,9,606.193164548194
329056,1,1,5,0.42645457969393247
329062,1,1,6,766.5196694390174
329076,1,1,4,0.42645458358136
329078,1,1,7,63.66187494572171
329092,1,1,10,557.7304833297815
329094,1,1,9,874.3079779835472
329105,1,1,8,283.3389694128995
329114,1,1,10,459.562923849035
329119,1,1,8,755.0652627405549
329121,1,1,6,506.2190014938588
329123,1,1,10,718.7540448364807
329131,1,1,10,389.0171758876778
329136,1,1,5,0.42645457969393247
329155,1,1,5,0.42645457969393247
329170,1,1,9,774.316032070482
329194,1,1,10,170.51507587764638
329204,1,1,6,729.3473844151356
329216,1,1,9,889.8706817678441
329239,1,1,5,0.42645457969393247
329268,1,1,5,0.42645457969393247
329295,1,1,9,203.50962468168743
329305,1,1,8,361.12799389023763
329323,1,1,8,373.8911981575148
329344,1,1,2,136.22093845793742
329349,1,1,2,379.48483725678295
329360,1,1,4,0.42645458358136
329364,1,1,8,589.5629960941541
329369,1,1,8,578.3321112123002
329371,1,1,5,0.42645457969393247
329382,1,1,3,86.11111201899168
329394,1,1,1,177.30309540757708
329426,1,1,6,222.79736903398847
329438,1,1,3,90.50739079578337
329454,1,1,6,459.8255028444051
329457,1,1,10,436.88672923133544
329465,1,1,7,108.9418743490202
329491,1,1,5,0.42645457969393247
329493,1,1,10,326.15544387443265
329498,1,1,8,440.77350649765907
329502,1,1,8,612.8087746254173
329509,1,1,9,624.9422871409879
329513,1,1,9,800.8666053872068
329524,1,1,9,472.51817643429445
329536,1,1,8,356.85801081887206
329541,1,1,9,563.8412106901886
329552,1,1,9,603.6886557731731
329562,1,1,4,0.42645458358136
329577,1,1,3,82.59651828662662
329578,1,1,6,758.585773294275
329580,1,1,10,718.9233281635076
329583,1,1,1,748.4351689388
329589,1,1,2,386.6482658478017
329602,1,1,8,714.7695403989081
329605,1,1,8,197.71701273533478
329606,1,1,8,673.9228475193429
329614,1,1,6,303.7295662306033
329625,1,1,8,520.287255432748
329633,1,1,8,581.6533027118081
329646,1,1,5,0.42645457969393247
329649,1,1,9,559.1742088032759
329652,1,1,9,801.4702983302919
329656,1,1,8,550.3743668267589
329659,1,1,6,210.97138624792703
329660,1,1,9,717.8840804750567
329694,1,1,5,0.42645457969393247
329697,1,1,8,627.8543888065
329708,1,1,10,676.5113861745042
329718,1,1,4,0.42645458358136
329730,1,1,8,814.8441913748494
329749,1,1,2,466.9834007500249
329751,1,1,9,782.2266391711123
329771,1,1,6,518.6760605665762
329790,1,1,4,0.42645458358136
329793,1,1,8,446.00399598313567
329798,1,1,5,0.42645456789925423
329801,1,1,9,742.1978760769201
329820,1,1,7,106.96651075566405
329825,1,1,6,496.2650260154507
329830,1,1,2,471.6881906098471
329833,1,1,6,500.2421183419369
329834,1,1,6,793.3178306769038
329838,1,1,9,505.62560758670037
329839,1,1,6,537.7705088884252
329866,1,1,10,434.3077353824233
329878,1,1,6,542.8989804022564
329884,1,1,4,0.42645458358136
329892,1,1,10,149.1736680626838
329893,1,1,9,129.40805265244362
329905,1,1,10,295.78276744776554
329910,1,1,6,801.8746592487506
329912,1,1,5,0.42645457969393247
329918,1,1,8,346.42537411555537
329919,1,1,8,139.73623853437252
329961,1,1,8,473.35364269181906
329979,1,1,1,217.61544190130186
329986,1,1,7,171.04187740901227
329993,1,1,9,263.7165678634027
329995,1,1,6,807.0435001530816
330011,1,1,3,80.58865155022252
330017,1,1,5,0.42645457969393247
330034,1,1,9,885.740019084312
330044,1,1,1,724.6925013071768
330051,1,1,10,625.7642111435706
330056,1,1,8,855.7803994711174
330058,1,1,6,777.9449332675168
330059,1,1,5,0.42645457969393247
330061,1,1,10,720.208889242217
330087,1,1,8,928.2905340715673
330093,1,1,4,0.42645458358136
330111,1,1,3,78.17172300068557
330149,1,1,1,614.3485497650603
330172,1,1,6,737.9403325625996
330173,1,1,10,650.169331376991
330225,1,1,5,0.42645457969393247
330231,1,1,8,544.2915944182754
330243,1,1,9,871.9566153593045
330244,1,1,3,92.09751692415384
330262,1,1,9,565.6915821520798
330266,1,1,4,0.42645458358136
330284,1,1,2,198.3225727497713
330291,1,1,9,785.5117090303283
330295,1,1,3,48.05363025017952
330311,1,1,6,534.9625463480986
330318,1,1,2,427.15027586376954
330323,1,1,2,433.7304120853646
330332,1,1,6,245.98880417397507
330334,1,1,9,758.1641077023856
330336,1,1,8,658.8255466992521
330338,1,1,5,0.42645457969393247
330341,1,1,7,134.89825827507505
330343,1,1,10,704.8871397173361
330350,1,1,10,414.437672689825
330357,1,1,6,192.92009288197656
330374,1,1,9,448.87837778273416
330385,1,1,6,437.75962987258924
330386,1,1,1,732.8513133573337
330392,1,1,1,568.2950523333762
330409,1,1,10,547.0025504501963
330412,1,1,6,555.054263427289
330420,1,1,2,360.65228690480257
330443,1,1,8,645.3902510046267
330449,1,1,5,0.42645457969393247
330451,1,1,6,476.6351207794637
330452,1,1,10,148.87020442069957
330453,1,1,4,0.42645458358136
330454,1,1,4,0.42645458358136
330458,1,1,9,436.51954993586185
330462,1,1,9,534.180901482423
330464,1,1,1,349.50518101795694
330465,1,1,8,497.6591740703958
330466,1,1,10,535.3822919056679
330477,0,1,0,0.11948026345824331
330479,1,1,8,865.1299232451986
330485,1,1,3,88.93068345857122
330486,1,1,6,764.5904668268695
330492,1,1,9,874.520514981213
330520,1,1,5,0.42645457969393247
330543,1,1,5,0.42645457969393247
330545,1,1,8,374.07520040204327
330547,1,1,9,881.3221830828908
330550,1,1,9,208.1760407407817
330554,1,1,10,721.0259695925849
330561,0,1,0,0.1435350209175479
330563,1,1,2,154.60114788482954
330568,1,1,8,707.2734341739733
330572,1,1,2,471.79678936060304
330583,1,1,4,0.42645458358136
330586,1,1,10,705.4563426357398
330596,1,1,7,55.91690450274645
330605,1,1,7,134.4768350130396
330611,1,1,3,67.42947501793796
330622,1,1,4,0.4264545919581291
330629,1,1,10,396.8435388560076
330636,1,1,6,685.2215447274621
330651,1,1,9,791.7673755553071
330656,1,1,9,457.546988373584
330675,1,1,6,762.4919639372375
330680,1,1,5,0.42645457969393247
330692,1,1,5,0.42645457969393247
330694,1,1,9,702.366543520925
330711,1,1,4,0.42645458358136
330727,1,1,10,181.3690702930151
330737,1,1,5,0.42645457969393247
330751,1,1,3,89.32035805990571
330759,1,1,9,495.5995709018818
330773,1,1,6,720.1270105090357
330789,1,1,5,0.42645457969393247
330790,1,1,9,551.3338846213835
330796,1,1,6,762.2251848347428
330800,1,1,3,88.23976084534
330802,1,1,6,754.0924543763361
330821,1,1,8,708.2703974297749
330831,1,1,9,878.9599890876723
330833,1,1,2,488.75047834810835
330838,1,1,6,329.8414613727487
330867,1,1,10,434.4891682830177
330875,1,1,8,812.2551157128381
330881,1,1,6,642.5925085183565
330903,0,1,0,0.1718788952272948
330905,1,1,10,237.0868458084911
330906,1,1,6,565.5550209075068
330926,1,1,3,72.12459708990428
330934,1,1,2,473.38633280610094
330941,1,1,9,856.4872887377126
330946,1,1,10,524.9349841295236
330956,1,1,2,110.2324374229598
330969,1,1,5,0.42645457969393247
330971,1,1,10,639.9292227384353
331020,1,1,9,698.4228224194777
331032,1,1,6,458.725484019123
331033,1,1,6,480.92266382313284
331038,1,1,4,0.42645458358136
331052,1,1,10,107.87291534813434
331066,1,1,4,0.42645458358136
331072,1,1,6,558.8834248293471
331078,1,1,4,0.42645458358136
331088,1,1,5,0.42645457969393247
331093,1,1,7,162.60269890650926
331123,1,1,9,548.8628705690522
331139,1,1,9,763.5468636844356
331145,1,1,1,606.7910516540135
331161,1,1,4,0.42645458358136
331174,1,1,6,437.79392422511177
331178,1,1,4,0.42645458358136
331187,1,1,1,540.6774039915246
331199,1,1,10,517.6826040477291
331205,1,1,4,0.42645458358136
331214,1,1,9,347.919218837241
331217,1,1,9,401.24808456295045
331234,1,1,3,90.1752273084638
331238,1,1,8,376.8734167654373
331242,1,1,9,804.315443863337
331252,1,1,5,0.42645457969393247
331261,1,1,7,157.40394986757846
331266,1,1,6,598.0894265268081
331270,1,1,10,276.2664656447841
331282,1,1,8,653.6795579222161
331288,1,1,1,599.1563558806014
331292,1,1,1,522.7221757750447
331302,1,1,5,0.42645457969393247
331303,1,1,8,482.161665885588
331330,1,1,8,374.24211368533787
331332,1,1,8,880.5462710526641
331337,1,1,4,0.42645458358136
331374,1,1,9,863.2380774359132
331380,1,1,10,713.9172748284647
331381,1,1,7,62.646604217506976
331383,1,1,6,470.73875221026486
331405,1,1,9,811.5709205225328
331412,1,1,5,0.42645457969393247
331420,1,1,10,422.96662686441
331427,1,1,2,474.8644260331936
331428,0,1,0,0.10552571503304545
331440,1,1,4,0.42645458358136
331449,1,1,2,101.0193705409135
331452,1,1,6,289.82020220024515
331470,1,1,5,0.42645457969393247
331472,1,1,9,802.5195804624451
331473,1,1,4,0.42645458358136
331483,1,1,6,551.5180328671477
331485,1,1,4,0.42645458358136
331502,1,1,1,232.18277681332472
331513,1,1,4,0.42645458358136
331528,0,1,0,0.11440337785804705
331554,1,1,1,306.338133411392
331556,1,1,8,612.3971698472409
331560,1,1,9,76.39571710527254
331563,1,1,5,0.42645456789925423
331564,1,1,4,0.42645458358136
331574,1,1,4,0.42645458358136
331580,1,1,6,773.8263477636158
331583,1,1,6,750.9434281212806
331594,1,1,6,379.50770615344595
331595,1,1,10,498.14977165929713
331610,1,1,4,0.42645458358136
331617,1,1,4,0.42645458358136
331623,1,1,5,0.42645457969393247
331632,1,1,6,185.80447147506192
331635,1,1,8,572.3468558783003
331638,1,1,9,612.0319659398667
331648,1,1,10,376.2639693931418
331650,1,1,8,449.83060716050716
331666,1,1,6,332.71788284504066
331676,1,1,6,721.4356968377574
331681,1,1,6,500.2969702399931
331683,1,1,8,791.8803420038279
331707,1,1,1,422.6954086454229
331708,1,1,6,429.8973090298283
331709,1,1,8,831.8497564896902
331714,1,1,4,0.42645458358136
331715,1,1,9,612.5993178952388
331717,1,1,6,294.52967475470376
331718,1,1,4,0.42645458358136
331721,1,1,4,0.42645458358136
331723,1,1,10,539.4764319545347
331727,1,1,1,608.5160190797687
331730,1,1,8,472.8132918194869
331744,1,1,9,780.461059539703
331772,1,1,2,111.63755596943713
331775,1,1,7,90.53102219470742
331781,1,1,4,0.42645458358136
331789,1,1,5,0.42645457969393247
331790,1,1,1,353.61519447561767
331801,1,1,8,780.7549753226566
331812,1,1,1,241.42872749094693
331821,1,1,5,0.42645457969393247
331825,1,1,9,746.2441281811373
331850,1,1,8,504.9595218518131
331870,1,1,6,537.6949246678071
331885,0,1,0,0.1315085120591044
331898,1,1,9,592.109399641581
331899,1,1,9,525.8562659337176
331900,1,1,2,341.0355701429657
331920,1,1,4,0.42645458358136
331936,1,1,8,777.9571415177941
331942,1,1,10,370.86616791437586
331949,1,1,9,433.43237247692105
331960,1,1,2,439.69513736849103
331970,1,1,9,187.5668909332195
331990,1,1,10,678.8689578593414
332002,1,1,6,395.5919382034815
332004,1,1,8,640.680764572808
332015,1,1,6,781.9612585524678
332020,1,1,6,706.8807356629104
332030,1,1,3,90.95216336840116
332040,1,1,9,617.3756193195063
332048,1,1,1,341.8953338291393
332053,1,1,10,718.1738982590658
332059,1,1,9,214.82944292665377
332063,1,1,3,70.85657819797018
332069,1,1,9,327.59776661857643
332072,1,1,8,391.3097195913448
332075,1,1,1,179.76346720749197
332084,1,1,9,435.71819790374246
332121,1,1,9,515.336571831276
332129,1,1,8,564.3095165053173
332130,1,1,9,825.0000908315736
332131,1,1,10,444.15171119330546
332136,1,1,8,912.9004877908055
332138,1,1,8,762.9570326940817
332159,1,1,4,0.42645458358136
332169,1,1,8,263.30654563728876
332174,1,1,4,0.42645458358136
332178,1,1,1,569.4490779644939
332200,1,1,9,832.8028341692653
332209,1,1,8,247.75772629021225
332221,1,1,1,557.6311096566898
332232,1,1,9,433.88543753759797
332235,1,1,9,115.77219157768867
332255,1,1,8,805.2451815943534
332258,1,1,9,837.4528262040292
332266,1,1,9,792.416989214699
332268,1,1,2,328.55228351083207
332276,1,1,6,804.6871987489534
332278,1,1,8,900.5728600756377
332290,1,1,9,693.5352936356383
332293,1,1,6,772.6753427123012
332295,1,1,10,429.3357688060495
332296,1,1,7,122.91773151459854
332310,1,1,4,0.42645458358136
332316,1,1,1,502.14818821072413
332321,1,1,4,0.42645458358136
332326,1,1,9,796.8403489846273
332329,1,1,10,184.30309743024802
332351,1,1,9,687.3446493979322
332353,1,1,4,0.42645458358136
332358,1,1,6,722.3749604239565
332367,1,1,8,500.74276723905587
332401,1,1,5,0.42645457969393247
332426,1,1,9,163.74497997110376
332428,1,1,8,412.7495137461813
332460,1,1,9,880.9325541344159
332461,1,1,7,155.96810651296207
332462,1,1,7,174.47740202512554
332464,1,1,8,744.9793403959013
332470,1,1,5,0.42645457969393247
332477,1,1,8,683.9843417912913
332494,1,1,3,91.82602227239452
332495,1,1,10,393.41941236990596
332515,1,1,1,252.71631219086882
332518,1,1,6,576.0865035217965
332548,1,1,8,454.9259190601056
332550,1,1,2,434.5794271143884
332567,1,1,9,124.3471992999808
332589,1,1,7,32.53853149021439
332592,1,1,6,707.708509180334
332613,1,1,4,0.42645458358136
332614,1,1,6,195.75157443269077
332620,1,1,8,762.7383144608191
332626,1,1,9,403.9286139156011
332627,1,1,9,504.14296785017615
332636,1,1,6,474.57457856188375
332685,1,1,10,672.7755176207199
332698,1,1,9,816.1074501487227
332718,1,1,10,500.89929917056423
332734,1,1,9,412.7305185291932
332737,1,1,8,798.1435144679116
332744,1,1,6,435.0199283343368
332750,1,1,1,608.5190800999665
332756,1,1,1,286.0194970621791
332759,0,1,0,0.10215410664338134
332760,1,1,3,89.91065835763837
332761,1,1,6,575.8622583491839
332783,1,1,8,835.1030506440244
332785,1,1,6,227.58220504475585
332786,1,1,5,0.42645457969393247
332790,1,1,9,874.2739659939479
332800,1,1,9,863.9763414566863
332804,1,1,6,318.7283777608491
332808,0,1,0,0.11349992309466417
332822,1,1,8,690.5717481192407
332838,1,1,5,0.42645457969393247
332846,1,1,9,575.6330910169239
332858,1,1,9,314.42254283767977
332859,1,1,6,429.5396640794275
332878,1,1,4,0.42645458358136
332891,1,1,4,0.42645457969393247
332896,1,1,9,327.3339419802802
332901,1,1,9,876.3786520608134
332937,1,1,10,466.06162191072957
332951,1,1,9,763.990530114635
332972,1,1,7,135.0232708260723
332980,1,1,6,794.3613417200024
332990,1,1,1,481.7640066239985
333005,1,1,9,721.1921529219655
333007,1,1,7,82.71617011867103
333011,1,1,9,771.5255557662543
333013,1,1,9,209.1541479421468
333024,1,1,9,628.3205722195642
333038,1,1,6,287.31172949726005
333051,1,1,4,0.42645458358136
333069,1,1,4,0.42645458358136
333121,1,1,8,596.0769498519965
333128,1,1,9,640.8795967275023
333146,1,1,3,92.43675681390074
333152,1,1,4,0.42645458358136
333154,1,1,5,0.42645457969393247
333174,1,1,5,0.42645457969393247
333176,1,1,8,472.3186416413596
333179,1,1,2,303.8770296477396
333185,1,1,5,0.42645457969393247
333212,1,1,4,0.42645458358136
333244,1,1,9,301.0587900300426
333250,1,1,5,0.42645457969393247
333252,1,1,10,663.7651755359816
333258,1,1,10,419.9605689893823
333276,1,1,8,277.4518150343786
333279,1,1,6,516.8235284694697
333280,1,1,4,0.42645457969393247
333294,1,1,3,66.98138813337104
333329,1,1,5,0.42645457969393247
333335,1,1,8,888.6986479550259
333336,1,1,4,0.42645458358136
333338,1,1,8,924.6052663158733
333339,1,1,4,0.42645458358136
333359,1,1,10,541.0076655473499
333368,1,1,4,0.42645458358136
333378,1,1,9,823.4174503278331
333379,1,1,4,0.4264545919581291
333384,1,1,9,839.8352696620406
333397,1,1,9,792.0413846755648
333400,1,1,9,564.9102715573556
333405,1,1,10,182.85077657262087
333408,1,1,10,106.43499343745906
333413,1,1,6,364.04536288701496
333417,1,1,2,116.3924620239705
333428,1,1,4,0.42645458358136
333436,1,1,6,647.5981421379481
333458,1,1,10,153.27847711076578
333477,1,1,1,681.4705447829685
333478,1,1,1,756.5973413449238
333483,1,1,6,264.8433789140606
333511,1,1,9,662.7982086881782
333513,1,1,9,703.2315463702415
333532,1,1,5,0.42645457969393247
333547,1,1,5,0.42645457969393247
333558,1,1,4,0.42645458358136
333570,1,1,9,708.2842000263015
333581,1,1,6,755.5731385825767
333582,1,1,3,39.74032044758063
333584,1,1,5,0.42645457969393247
333594,1,1,8,627.3775360289411
333599,1,1,4,0.42645458358136
333608,0,1,0,0.101011375713266
333611,1,1,9,837.2056604364279
333614,1,1,4,0.42645458358136
333615,1,1,6,543.0759265924169
333616,1,1,6,453.75113037078825
333618,1,1,9,352.3286119378177
333625,1,1,8,817.380903055214
333626,1,1,10,426.0189514040161
333627,1,1,7,162.06465470262094
333633,1,1,7,155.1079859987593
333636,1,1,2,474.79425976120723
333640,1,1,6,304.5357080262009
333673,1,1,8,451.7596059281165
333679,1,1,1,241.7968285165752
333681,1,1,2,468.1598700221797
333696,1,1,8,472.8673547806442
333704,1,1,9,804.0570892162561
333735,1,1,5,0.42645457969393247
333746,1,1,9,207.41765373171995
333752,1,1,4,0.42645458358136
333779,1,1,6,756.0248129977476
333797,1,1,2,76.00154135923738
333798,1,1,7,77.18756530058356
333800,1,1,8,488.08402967813726
333806,1,1,5,0.42645457969393247
333812,1,1,9,267.90900525864396
333814,1,1,10,703.4069788514533
333822,1,1,10,195.5764343143407
333835,1,1,8,572.360571701205
333863,1,1,8,476.35660604390785
333877,1,1,7,73.89131704804397
333884,1,1,6,486.3172523797134
333928,1,1,7,158.7452353992375
333936,1,1,4,0.42645458358136
333937,1,1,4,0.42645458358136
333939,1,1,7,74.70983926810308
333940,1,1,1,575.4980134496512
333950,1,1,6,422.3622630969857
333964,1,1,5,0.42645457969393247
333967,1,1,8,263.74172918002455
333972,1,1,2,467.8177727030643
333984,1,1,9,470.14699098435386
333990,1,1,8,474.4275262129395
334014,1,1,10,720.6728211936977
334016,1,1,5,0.42645457969393247
334019,1,1,5,0.42645457969393247
334038,1,1,6,551.6603392760885
334069,1,1,4,0.42645458358136
334070,1,1,2,361.78070733901626
334089,1,1,6,188.5986182188721
334092,1,1,2,187.75002727498887
334098,1,1,10,693.2106727491148
334115,1,1,4,0.42645458358136
334123,1,1,5,0.42645457969393247
334128,1,1,9,691.0741200332247
334129,1,1,6,802.4286630160816
334134,1,1,8,475.0909077656226
334140,1,1,5,0.42645457969393247
334150,1,1,6,479.1209973480808
334156,1,1,8,453.32645528284075
334160,1,1,8,569.9326124826483
334171,1,1,5,0.42645457969393247
334200,1,1,5,0.42645457969393247
334223,1,1,8,573.2052874876115
334248,1,1,9,327.4928565520215
334256,1,1,4,0.42645458358136
334282,1,1,8,513.825263454642
334295,1,1,4,0.42645458358136
334315,1,1,6,324.12962539260417
334332,1,1,8,882.5468323163033
334336,1,1,2,107.51154725218257
334345,1,1,10,461.277691206651
334347,1,1,8,566.4033288482414
334348,1,1,10,124.6204266299175
334367,1,1,8,670.2488497196102
334371,1,1,4,0.42645458358136
334411,1,1,1,367.93528558503607
334424,1,1,2,382.8844948285685
334444,1,1,8,394.4604720990536
334456,1,1,9,500.0276267345049
334464,1,1,6,809.1739583279608
334476,1,1,5,0.42645457969393247
334482,0,1,0,0.1207304396858099
334498,1,1,6,712.8849526046754
334508,1,1,9,298.6768505870466
334525,1,1,7,84.2948935425164
334530,1,1,8,403.9609227975271
334547,1,1,4,0.42645458358136
334548,1,1,6,241.59222236241618
334550,1,1,1,427.2316997128926
334554,1,1,4,0.42645458358136
334557,1,1,8,854.512131779479
334587,1,1,4,0.42645458358136
334602,1,1,6,648.0024625012406
334603,1,1,2,444.24698746115394
334616,1,1,3,89.88835898228373
334618,1,1,9,823.9280603368106
334627,1,1,6,289.10754951086136
334633,1,1,9,461.7755192524304
334638,1,1,10,406.73586945221757
334646,1,1,5,0.42645457969393247
334665,1,1,7,173.68725935855045
334674,1,1,6,227.35794609157134
334679,1,1,1,661.5498253896882
334681,1,1,9,822.2564609994815
334698,1,1,10,461.19576609370085
334702,1,1,6,643.1328101762132
334704,1,1,2,182.11309083783053
334708,1,1,10,646.8981892163883
334713,1,1,9,577.8994063174305
334715,1,1,8,668.8944627309537
334720,1,1,6,221.775155584249
334723,1,1,4,0.42645458358136
334736,1,1,5,0.42645457969393247
334742,1,1,6,334.1615034284417
334749,1,1,10,722.0465390153969
334751,1,1,6,697.2050415659331
334753,1,1,6,787.4795751211418
334761,1,1,3,87.5642114882965
334762,1,1,7,99.30407263064413
334766,1,1,3,54.79593262703996
334780,1,1,8,895.9823674323695
334784,1,1,9,586.7659059309011
334795,1,1,9,823.3390412920083
334805,1,1,6,537.9618793170703
334806,1,1,1,567.1849825562213
334808,1,1,9,334.51324431697793
334833,1,1,9,258.02915603947724
334875,1,1,4,0.42645458358136
334878,1,1,6,583.0615247871862
334892,1,1,4,0.42645458358136
334894,1,1,6,282.32720084030035
334895,1,1,10,460.4166821862835
334904,1,1,10,129.1604624955848
334906,1,1,8,553.4897119729591
334945,1,1,10,424.7085538790066
335010,1,1,6,606.7793513130827
335011,1,1,8,417.9245337047924
335023,1,1,9,592.3422977239205
335033,1,1,4,0.42645458358136
335040,1,1,5,0.42645457969393247
335041,1,1,7,142.98363894879472
335044,1,1,6,681.0421349237917
335072,1,1,10,513.8465590093059
335074,1,1,9,752.6202209063514
335082,1,1,4,0.42645458358136
335098,1,1,1,650.8213238798376
335109,1,1,5,0.42645457969393247
335113,1,1,5,0.42645457969393247
335119,1,1,4,0.42645458358136
335121,1,1,9,761.3370497338735
335141,1,1,4,0.42645458358136
335151,1,1,4,0.42645458358136
335162,1,1,3,89.43411877890901
335174,1,1,9,821.9877571454472
335181,1,1,8,875.4264471179109
335188,1,1,2,471.72154672801685
335207,1,1,5,0.42645457969393247
335208,0,1,0,0.07373098023374991
335210,1,1,3,77.15577304173058
335214,1,1,4,0.42645458358136
335222,1,1,3,37.96823602725677
335227,1,1,4,0.42645458358136
335230,0,1,0,0.11238934155419503
335231,1,1,10,309.6314103276896
335234,1,1,6,682.8092191802468
335236,1,1,9,405.84037419227053
335247,1,1,9,289.6023918668547
335260,1,1,5,0.42645456789925423
335266,1,1,5,0.42645457969393247
335278,1,1,10,124.40235316676406
335284,1,1,10,712.0420658515842
335291,1,1,6,787.5089189692546
335308,1,1,9,659.9925006956993
335324,1,1,5,0.42645457969393247
335331,1,1,3,88.64954411011708
335337,1,1,9,823.3562289722053
335340,1,1,5,0.42645457969393247
335356,1,1,6,574.8507139913287
335360,1,1,10,720.1333242321044
335396,1,1,10,668.6012000487282
335405,1,1,6,301.38014171256054
335438,1,1,5,0.42645457969393247
335441,1,1,8,209.54563375248765
335453,1,1,5,0.42645457969393247
335458,1,1,8,251.6336870522116
335474,1,1,9,501.7745735974314
335477,1,1,10,600.9665495682315
335480,1,1,9,553.1362537126123
335504,1,1,6,250.93822912983543
335509,1,1,5,0.42645457969393247
335518,1,1,1,508.7538275138225
335526,1,1,10,301.14060655709864
335558,1,1,10,501.95419971890914
335561,1,1,9,804.2853144412712
335605,1,1,6,356.9871127748356
335610,1,1,4,0.42645458358136
335620,1,1,7,148.99325929279075
335629,1,1,10,507.035305030326
335637,1,1,5,0.42645456789925423
335646,1,1,8,515.2567132859725
335657,1,1,3,90.58457487236004
335659,1,1,8,209.67268942095833
335675,1,1,6,456.04752111302975
335684,1,1,10,458.02618707155233
335685,1,1,5,0.42645457969393247
335686,1,1,5,0.42645457969393247
335698,0,1,0,0.11224699606626246
335706,1,1,8,144.686190295635
335712,1,1,6,708.1586333771579
335723,1,1,1,307.11572872759547
335728,1,1,7,151.321641047402
335739,1,1,9,582.6343678125531
335765,1,1,9,875.1647338495857
335777,1,1,5,0.42645457969393247
335795,1,1,6,406.363698752083
335796,1,1,8,571.3675010938861
335831,1,1,9,280.3226523616304
335839,1,1,10,322.62622251001676
335855,1,1,5,0.42645457969393247
335862,1,1,9,572.3162671367727
335886,1,1,2,383.0148705115709
335887,1,1,1,324.5779513256826
335893,1,1,4,0.42645458358136
335899,1,1,4,0.42645458358136
335908,1,1,10,523.8778212561504
335916,1,1,10,105.89796147015736
335923,1,1,9,191.70978532583877
335934,1,1,8,336.3291834841534
335940,1,1,6,797.5175227976536
335952,1,1,9,47.175888388082285
335959,1,1,4,0.4264545919581291
335961,1,1,1,160.66155912331385
335964,1,1,6,364.3486741011764
335976,1,1,10,279.1126858244838
335982,1,1,6,587.0657092946312
335984,1,1,6,644.1402639812981
335988,1,1,8,655.7064690213786
335992,1,1,5,0.42645457969393247
335997,1,1,6,252.15527651290256
336020,1,1,10,286.223277606929
336033,0,1,0,0.12915184474827524
336038,1,1,5,0.42645457969393247
336045,1,1,8,378.34269081891193
336049,1,1,5,0.42645457969393247
336062,1,1,9,842.1024042326596
336063,1,1,8,302.4040865490414
336120,1,1,6,402.15528812385514
336132,1,1,1,543.0300497805529
336142,1,1,5,0.42645457969393247
336163,1,1,8,899.3090567761166
336167,1,1,6,725.7921539069296
336174,1,1,4,0.42645458358136
336198,1,1,10,485.28992437135634
336211,1,1,8,613.6856315441776
336221,1,1,1,533.5466572753634
336231,1,1,3,58.432884324891404
336234,1,1,6,494.54291097000817
336236,1,1,8,535.8077093925328
336249,1,1,4,0.42645458358136
336251,1,1,5,0.42645457969393247
336266,1,1,6,287.0541386213641
336285,1,1,9,551.5093760655737
336292,1,1,5,0.42645456789925423
336306,1,1,8,779.0472061814888
336327,1,1,8,121.79637863428228
336331,1,1,6,395.55745761136063
336332,1,1,3,91.16245941447585
336339,1,1,9,860.9482974528223
336340,1,1,6,286.5776770848447
336347,1,1,5,0.42645457969393247
336348,1,1,8,387.65160375334165
336384,1,1,7,136.9837027303639
336388,1,1,6,779.4344511657437
336400,1,1,5,0.42645457969393247
336401,1,1,8,903.4782088050251
336414,1,1,3,45.00559871339747
336417,1,1,9,814.0007274380096
336466,1,1,5,0.42645457969393247
336468,1,1,6,775.0092485409394
336470,1,1,9,546.7824405088858
336475,1,1,8,782.7696794960863
336484,1,1,6,356.64105458335257
336497,1,1,1,457.29111680801856
336506,1,1,9,857.0017427144102
336511,1,1,8,536.3797818471181
336515,0,1,0,0.12129249842478537
336532,1,1,10,719.9085616095759
336533,1,1,9,65.1489234281943
336541,1,1,9,511.3594115522227
336552,1,1,5,0.42645457969393247
336561,1,1,5,0.42645457969393247
336565,1,1,8,169.30415626997748
336566,1,1,10,194.0685593692828
336568,1,1,1,286.57113277387737
336584,1,1,7,117.36297000329769
336585,1,1,6,514.3738587333601
336592,1,1,5,0.42645457969393247
336594,1,1,1,587.7329817343509
336596,1,1,2,280.19163701616225
336601,1,1,10,380.1283972123008
336636,1,1,9,824.6010773045642
336640,1,1,5,0.42645457969393247
336642,1,1,8,471.8871104246496
336644,1,1,5,0.42645457969393247
336646,1,1,2,438.6761139899201
336648,1,1,9,527.4662921953764
336652,1,1,6,679.7960954238283
336655,1,1,5,0.42645457969393247
336684,1,1,9,503.35615899372874
336687,1,1,2,226.46752717401668
336698,1,1,4,0.42645458358136
336709,1,1,7,160.11656369818877
336710,1,1,3,74.43129599780755
336713,1,1,6,443.2806880356197
336721,1,1,4,0.42645458358136
336746,1,1,5,0.42645457969393247
336759,1,1,4,0.42645458358136
336777,1,1,9,282.51834183415946
336795,1,1,10,372.8348675532341
336817,1,1,3,49.82335592865246
336819,1,1,9,457.2628508377951
336820,1,1,10,720.9786991570886
336838,1,1,8,829.8523254918576
336883,1,1,9,437.69122111601024
336889,1,1,4,0.42645458358136
336892,1,1,1,314.026087754638
336894,1,1,9,403.05058313901276
336907,1,1,5,0.42645456789925423
336908,1,1,4,0.42645457969393247
336917,1,1,8,450.09143558502126
336924,1,1,6,692.038893690273
336930,1,1,5,0.42645457969393247
336941,1,1,10,342.13121126420606
336942,1,1,6,692.7166599658224
336954,1,1,2,355.996434660673
336957,1,1,6,256.2823292051395
336968,1,1,10,185.2046733622284
336970,1,1,7,61.56684263116462
336977,1,1,4,0.42645458358136
336986,1,1,3,79.02290044078471
336990,1,1,6,555.1866083317908
336998,1,1,9,468.2677563362547
337006,1,1,6,779.0895653164996
337014,1,1,7,156.90722133119786
337020,1,1,4,0.42645458358136
337027,1,1,7,83.81542769496313
337028,1,1,2,310.9139023990866
337032,1,1,4,0.42645458358136
337034,1,1,4,0.42645458358136
337063,1,1,7,74.24344849482128
337072,1,1,9,28.74112082258895
337076,1,1,8,143.81693286380636
337081,1,1,9,218.0322356232434
337084,1,1,7,123.67199661698889
337087,1,1,6,805.5851830638167
337088,1,1,9,120.27347485122442
337107,1,1,3,83.82956666046685
337119,1,1,9,713.0764316410196
337133,1,1,6,810.1379875862796
337164,1,1,7,169.8133131710579
337165,1,1,10,274.0497662320644
337182,1,1,4,0.42645458358136
337212,1,1,6,779.0486786447445
337246,1,1,8,403.87351971980036
337248,1,1,9,230.28749495499295
337251,1,1,8,838.8026832367699
337253,1,1,6,623.2266083265747
337260,1,1,8,311.9497910424493
337262,1,1,2,299.80251567637276
337289,1,1,8,396.9724429192777
337293,1,1,10,297.2878471707214
337300,1,1,9,257.9855813618273
337314,1,1,8,472.7847611107659
337349,1,1,9,612.3960198963258
337353,1,1,9,605.2859274222549
337357,1,1,8,486.7311616278311
337359,1,1,9,676.6409474871335
337360,1,1,9,393.46742117788295
337369,1,1,6,624.53646215297
337372,1,1,9,219.46875507070695
337373,1,1,5,0.42645457969393247
337374,1,1,8,167.24159285425233
337377,1,1,6,362.44616270320324
337381,1,1,3,92.91883061845627
337403,1,1,1,468.6508796751686
337406,1,1,9,620.3019895584753
337412,1,1,7,150.3955370814768
337420,1,1,4,0.42645458358136
337423,1,1,1,533.6712772288716
337426,1,1,8,310.0511032377115
337430,1,1,9,227.38690274155593
337433,1,1,3,46.071585088492164
337441,1,1,5,0.42645457969393247
337460,1,1,4,0.42645458358136
337463,1,1,10,723.1996542851141
337470,1,1,8,453.1921808115949
337472,1,1,6,559.7152384024317
337501,1,1,8,857.2228849948974
337506,1,1,5,0.42645457969393247
337512,1,1,1,321.891440604215
337514,1,1,5,0.42645457969393247
337533,1,1,4,0.42645458358136
337569,1,1,10,187.11719707866698
337590,1,1,8,515.3374155898192
337602,1,1,2,376.1532353293957
337603,1,1,5,0.42645457969393247
337623,1,1,9,874.427126631624
337625,1,1,6,724.17884916767
337626,1,1,6,551.80623032615
337651,1,1,9,550.991631750275
337664,1,1,9,194.7565951693788
337668,1,1,8,604.1542381140123
337689,1,1,5,0.42645457969393247
337705,1,1,5,0.42645457969393247
337708,1,1,8,718.7832448119786
337710,1,1,7,156.2130751497414
337731,1,1,9,501.04211053604416
337738,1,1,1,749.2716025709987
337753,1,1,4,0.42645458358136
337768,1,1,4,0.42645458358136
337775,1,1,2,348.9126179681502
337777,1,1,2,100.33642699613145
337779,1,1,8,552.1274675795067
337785,1,1,2,178.80190350011563
337790,1,1,3,92.18499356704345
337803,1,1,10,483.8707902675657
337807,1,1,3,79.25932381394159
337811,1,1,6,213.2743306600652
337818,1,1,9,619.5881013853818
337833,1,1,4,0.42645458358136
337850,1,1,8,571.5070063613979
337852,1,1,6,475.8803509060891
337871,1,1,9,665.7836741112664
337905,1,1,5,0.42645457969393247
337933,1,1,5,0.42645457969393247
337941,1,1,5,0.42645457969393247
337967,1,1,5,0.42645457969393247
337971,1,1,9,105.1843518676345
337975,1,1,4,0.42645458358136
337981,1,1,8,691.0222183555359
337989,1,1,6,540.16457181608
338034,1,1,6,252.32812093360158
338041,1,1,9,430.8648090166073
338052,1,1,4,0.42645458358136
338055,1,1,8,238.35108150637683
338061,1,1,4,0.42645458358136
338064,1,1,10,410.4640660224132
338083,1,1,1,472.06848463139886
338087,1,1,4,0.42645458358136
338089,1,1,3,74.8387154956342
338090,1,1,5,0.42645457969393247
338093,1,1,6,713.7477914522245
338103,1,1,8,443.2204090566549
338108,1,1,8,397.0280007611934
338115,1,1,5,0.42645456789925423
338125,1,1,4,0.4264545919581291
338130,1,1,8,656.0675027628926
338159,1,1,10,376.5466247655293
338173,1,1,8,685.6231160679293
338175,1,1,3,80.61012163917478
338188,1,1,5,0.42645457969393247
338205,1,1,1,543.7733479889521
338212,1,1,6,675.3407266478139
338213,1,1,6,224.3858314356966
338214,1,1,9,669.863921991822
338215,1,1,9,652.8837717643062
338226,1,1,8,745.8262272062659
338227,1,1,8,690.0693465526949
338244,1,1,8,416.8974571065739
338257,1,1,1,588.1483910283229
338260,1,1,2,433.69179374927495
338263,1,1,7,85.79466912310443
338274,1,1,6,572.771299776188
338301,1,1,8,696.2844277537876
338302,1,1,9,578.1426987802403
338305,1,1,10,522.1548758166796
338308,1,1,4,0.42645458358136
338315,1,1,3,91.95497337027305
338321,1,1,6,761.8196050076374
338344,1,1,9,717.699759382325
338346,1,1,4,0.42645458358136
338352,1,1,5,0.42645457969393247
338370,1,1,10,145.6408381125778
338371,1,1,1,416.8712794128306
338378,1,1,10,618.373424193133
338389,1,1,8,534.138890058558
338403,1,1,2,283.66132971179553
338408,1,1,10,519.1611799398244
338409,1,1,1,577.4081855184586
338410,1,1,6,656.7135633691913
338412,1,1,6,777.0148509373173
338452,1,1,9,872.7253358543315
338456,1,1,7,155.6993447523373
338465,1,1,8,409.79109071565443
338467,1,1,1,609.7228644568012
338469,1,1,10,296.40755513901036
338499,1,1,8,582.5184578839227
338513,1,1,9,269.36299632930076
338520,1,1,1,658.6063416578786
338522,1,1,5,0.42645457969393247
338551,0,1,0,0.11322732820770869
338552,1,1,5,0.42645457969393247
338558,1,1,5,0.42645457969393247
338559,1,1,4,0.42645458358136
338562,1,1,5,0.42645457969393247
338565,1,1,8,566.4440299026008
338567,1,1,4,0.42645458358136
338577,1,1,10,722.1270017857263
338585,1,1,4,0.42645457969393247
338608,1,1,4,0.42645458358136
338626,1,1,8,838.3477366232597
338650,1,1,7,137.89619016858893
338660,1,1,8,236.03943104106102
338661,1,1,6,540.8770425314017
338678,0,1,0,0.14941001211984328
338689,1,1,9,226.17213829854316
338703,1,1,8,239.3907149537885
338704,1,1,6,492.03499355204445
338710,1,1,8,237.36839798403776
338728,1,1,9,788.5902754505512
338734,1,1,8,839.0737149758507
338735,1,1,6,403.3278146597368
338737,1,1,5,0.42645457969393247
338743,1,1,10,462.9128054558506
338756,1,1,6,639.9699387533201
338769,1,1,6,643.489158586702
338778,1,1,4,0.42645458358136
338780,1,1,9,437.71897708701516
338798,1,1,8,663.4731377871803
338823,1,1,6,156.3451755319173
338826,1,1,8,900.7904988022605
338831,1,1,10,561.3115986492796
338834,1,1,3,52.76290977050785
338839,1,1,4,0.42645458358136
338866,1,1,8,307.8192295468702
338867,1,1,9,861.0942995256498
338880,1,1,10,523.7835506880043
338906,1,1,5,0.42645457969393247
338932,1,1,1,763.260275454235
338955,1,1,10,417.8508201961704
338957,1,1,9,780.3502119733546
338971,1,1,8,633.4430111177436
338985,1,1,3,85.97864107649227
338993,1,1,9,876.0773929610126
338994,1,1,8,158.37208319362284
338996,1,1,5,0.42645457969393247
339019,1,1,3,89.85272192076025
339023,1,1,9,560.4693908349507
339024,1,1,5,0.42645457969393247
339027,1,1,1,179.7691372990197
339029,1,1,8,557.1821713890098
339036,1,1,5,0.42645456789925423
339045,1,1,7,59.60550113966375
339073,1,1,9,430.1801107165987
339075,1,1,10,269.0958888134703
339088,1,1,6,436.1950914180464
339105,0,1,0,0.11211097218353931
339109,1,1,8,439.0987275457257
339115,1,1,10,147.78373362927383
339118,1,1,8,724.5599517245938
339125,1,1,6,384.8202826236442
339126,1,1,9,825.5998044385501
339133,1,1,5,0.42645457969393247
339136,1,1,6,668.3538514109538
339137,1,1,8,538.8444669193685
339147,1,1,6,429.36307859472174
339162,1,1,1,525.5964788722029
339171,1,1,6,809.9356008672121
339200,1,1,1,367.72305449558456
339205,1,1,6,346.6306033381205
339220,1,1,6,233.21759137148035
339221,1,1,6,159.52997855143462
339222,1,1,6,452.89574480996953
339242,1,1,8,726.9412885406805
339251,1,1,10,719.5856729053721
339254,1,1,3,53.225259228748726
339282,1,1,8,722.3415556667425
339287,1,1,9,850.737478898089
339326,1,1,1,612.5229010818796
339329,1,1,5,0.42645457969393247
339339,1,1,7,75.80345262658713
339343,1,1,9,632.0602973587976
339346,1,1,6,721.8637536901405
339361,1,1,5,0.42645456789925423
339362,1,1,5,0.42645457969393247
339380,1,1,2,275.2304598939018
339403,1,1,7,155.87143058757437
339414,1,1,5,0.42645457969393247
339442,1,1,6,675.3313132633417
339448,1,1,6,429.59010499498004
339456,1,1,1,435.6197090088242
339466,1,1,5,0.42645457969393247
339484,1,1,4,0.42645458358136
339492,1,1,9,881.6160812920647
339495,1,1,6,779.1773827142778
339506,1,1,5,0.42645457969393247
339523,1,1,6,362.55604971307184
339547,1,1,8,939.6336881429663
339555,1,1,1,748.292442710487
339579,1,1,9,866.1381616265808
339585,1,1,6,336.3655720533912
339587,1,1,5,0.42645457969393247
339590,1,1,6,534.9771452375676
339610,1,1,9,533.9081629628413
339613,1,1,10,590.736402572616
339648,1,1,3,88.32253031622609
339653,1,1,7,172.6689036702214
339655,1,1,8,495.14453714775266
339681,1,1,9,265.50469585827994
339690,1,1,7,57.62307566736757
339705,1,1,8,654.8791315111317
339706,1,1,9,277.29569053696804
339707,1,1,4,0.42645458358136
339709,1,1,5,0.42645457969393247
339723,1,1,10,655.5553147301688
339759,1,1,9,815.6221473120353
339760,1,1,6,298.53411769048876
339761,1,1,6,716.7809700349561
339770,1,1,1,554.4163895689248
339785,1,1,8,577.0536046284366
339795,1,1,6,713.9469751602483
339822,1,1,7,76.92469588161299
339857,1,1,6,426.21666075285
339868,1,1,4,0.42645458358136
339883,1,1,7,172.20461987864303
339890,1,1,9,862.0257491403582
339897,0,1,0,0.11713480557615841
339904,1,1,6,804.5783017823837
339906,1,1,2,453.8247926844343
339912,1,1,10,299.2642358358485
339917,1,1,3,92.6653384925982
339919,1,1,4,0.42645458358136
339931,1,1,1,592.2206945235388
339939,1,1,8,769.1353894030495
339951,1,1,9,252.75525158568374
339968,1,1,9,708.1630107405571
339973,1,1,9,638.2394733805301
339974,1,1,6,607.4291507218684
339995,1,1,5,0.42645457969393247
340002,1,1,9,321.2563725461263
340020,1,1,10,505.8618901417319
340024,1,1,4,0.42645458358136
340031,1,1,6,550.1390690837632
340034,1,1,6,731.7047451997443
340042,1,1,8,634.822854319494
340055,1,1,4,0.42645458358136
340078,1,1,9,576.3715209787476
340081,1,1,10,608.5890447794367
340083,1,1,5,0.42645457969393247
340086,1,1,10,345.11067902325
340090,1,1,5,0.42645457969393247
340091,1,1,8,387.9335457234983
340115,1,1,4,0.42645458358136
340128,1,1,9,375.35053619037507
340131,1,1,5,0.42645457969393247
340143,1,1,4,0.42645458358136
340161,1,1,5,0.42645457969393247
340162,1,1,5,0.42645457969393247
340163,1,1,1,493.0660438800541
340206,1,1,7,47.86593996260407
340242,1,1,10,692.188992938481
340261,1,1,5,0.42645457969393247
340268,1,1,5,0.42645457969393247
340288,1,1,9,300.7245210921467
340292,1,1,3,93.20250602093117
340296,1,1,9,360.9552386597817
340300,1,1,1,585.4113553744243
340302,1,1,7,175.14201685320836
340316,1,1,6,789.8337342566941
340318,1,1,4,0.42645458358136
340328,1,1,1,341.9815344335828
340372,1,1,4,0.42645458358136
340375,1,1,10,372.8959228128463
340396,1,1,7,104.48114807642497
340412,1,1,3,89.57019463016843
340420,1,1,9,726.5452758655828
340425,1,1,8,781.4111775166076
340439,1,1,10,653.9080790310575
340445,1,1,10,498.4994137705751
340447,1,1,8,447.979906976281
340449,1,1,1,626.027222335373
340465,1,1,2,148.09442572588816
340467,1,1,2,180.24877702198685
340471,1,1,10,460.4747921030425
340474,1,1,6,807.3745505352352
340513,1,1,9,338.4211474304378
340538,1,1,6,464.2593575591588
340543,1,1,9,608.0245881898196
340579,1,1,10,260.40553872876893
340583,1,1,2,381.99823855658883
340605,1,1,4,0.42645458358136
340607,1,1,7,40.593194755609765
340608,1,1,9,607.3166581917676
340617,1,1,4,0.42645458358136
340623,1,1,9,648.9324038339626
340646,1,1,1,213.84392567702346
340650,1,1,9,740.4975225137513
340665,1,1,5,0.42645457969393247
340669,1,1,8,889.6625936235855
340671,1,1,8,451.571825766696
340680,1,1,2,394.6471240468033
340703,1,1,5,0.42645457969393247
340711,1,1,9,37.58772946432283
340714,1,1,9,511.6521054758622
340718,1,1,2,309.86862744617844
340732,1,1,6,482.8837396773845
340745,1,1,9,581.6602821707337
340757,1,1,6,354.381713597126
340770,1,1,4,0.42645458358136
340776,1,1,6,197.11652382584515
340792,1,1,9,554.9268598391214
340808,1,1,5,0.42645456789925423
340832,1,1,10,459.72212431264694
340833,1,1,6,784.7376767563342
340836,1,1,8,591.6089998415503
340839,1,1,9,588.1035467705543
340843,1,1,4,0.42645458358136
340850,1,1,6,534.957126770165
340888,1,1,4,0.42645458358136
340889,1,1,8,437.8773694775526
340890,1,1,4,0.42645458358136
340904,1,1,10,397.20450427262
340948,1,1,1,524.2579074886403
340949,1,1,4,0.42645458358136
340967,1,1,9,602.1841506753055
340970,1,1,1,685.059336449801
340991,1,1,1,442.5247060156638
341007,1,1,9,597.3851650176726
341020,1,1,7,65.02542095541976
341026,1,1,8,661.6865242058932
341038,1,1,1,609.8678026284128
341041,1,1,5,0.42645457969393247
341042,1,1,5,0.42645457969393247
341062,1,1,4,0.42645458358136
341065,1,1,9,560.6560418412103
341072,1,1,2,401.4608374479115
341085,1,1,9,105.38273321474333
341087,1,1,9,834.3556939324695
341091,1,1,8,644.2547450693605
341092,1,1,6,533.2194667295125
341095,1,1,8,516.4563437508457
341099,1,1,4,0.42645458358136
341107,1,1,10,85.94859703541711
341144,1,1,1,212.9411863313095
341157,1,1,1,231.47623381409514
341166,1,1,1,614.641090027403
341172,1,1,4,0.42645458358136
341191,1,1,9,744.071824124042
341211,1,1,5,0.42645457969393247
341214,1,1,5,0.42645457969393247
341225,1,1,5,0.42645457969393247
341228,1,1,9,708.2885654045488
341230,1,1,4,0.42645458358136
341244,1,1,9,292.58193656592243
341246,1,1,6,429.8588903918901
341247,1,1,10,500.96181462357276
341249,1,1,9,229.25405489852898
341262,1,1,8,507.3021893428108
341269,1,1,6,769.0677728872605
341304,1,1,9,33.904403518156904
341306,1,1,9,617.1838837674371
341308,1,1,10,667.9196833126741
341315,1,1,1,645.1909956987048
341326,1,1,1,440.3627853688396
341330,1,1,5,0.42645457969393247
341338,1,1,4,0.42645458358136
341339,1,1,4,0.42645458358136
341350,1,1,6,488.13130828830515
341353,1,1,9,722.8602466356133
341355,1,1,9,727.7319464276436
341364,1,1,10,444.44232883295086
341384,1,1,8,642.0454589525519
341390,1,1,1,615.4364977337996
341397,1,1,6,407.4311620171313
341418,1,1,8,570.7091388075693
341431,1,1,6,780.9352451742545
341433,1,1,7,43.31131408739235
341434,1,1,6,642.1513772741558
341463,1,1,3,84.08766913279487
341475,1,1,9,567.0421770997591
341476,1,1,5,0.42645457969393247
341479,1,1,9,557.1576656657365
341482,1,1,1,310.34885376593326
341485,1,1,3,37.67842818948954
341492,1,1,6,336.61019378410344
341493,1,1,8,534.6162580363845
341494,1,1,5,0.42645457969393247
341497,1,1,9,580.7902520692363
341530,1,1,1,160.59620067536355
341532,1,1,5,0.42645457969393247
341556,1,1,8,383.3807426197244
341557,1,1,8,292.41441032401957
341568,1,1,6,109.08501408813804
341570,1,1,4,0.42645458358136
341571,1,1,10,149.00856546139377
341612,1,1,3,63.65259004702299
341638,1,1,9,387.49098904026897
341659,1,1,6,509.0675853981324
341662,1,1,5,0.42645457969393247
341665,1,1,9,545.9936310201839
341699,1,1,5,0.42645457969393247
341706,1,1,9,545.3938119849144
341709,1,1,4,0.42645458358136
341718,1,1,6,656.2966549577274
341720,1,1,6,276.007925340772
341731,1,1,6,644.0002082819927
341732,1,1,5,0.42645456789925423
341762,1,1,4,0.4264545919581291
341781,1,1,5,0.42645457969393247
341801,1,1,5,0.42645457969393247
341815,1,1,9,721.8985238613383
341838,1,1,6,360.97388082662826
341856,1,1,4,0.42645457969393247
341862,1,1,8,421.17345290129515
341867,1,1,5,0.42645457969393247
341869,0,1,0,0.1703195700726038
341872,1,1,2,327.6195509215699
341875,1,1,9,632.8250648118303
341878,1,1,4,0.42645458358136
341891,1,1,8,763.4040787409144
341903,1,1,2,351.5197132960531
341904,1,1,9,297.70235441200185
341907,1,1,5,0.42645457969393247
341909,1,1,7,140.13802912594747
341912,1,1,6,468.5536516231444
341929,1,1,10,600.8914577908535
341939,1,1,8,644.962796499668
341944,1,1,1,419.8619226047105
341948,1,1,10,653.109910880036
341969,1,1,4,0.42645458358136
341979,1,1,2,462.73092744310355
341985,1,1,6,297.56678970241154
342015,1,1,10,256.9733615595753
342017,1,1,10,721.7491222271348
342049,1,1,9,614.4378186060111
342052,1,1,9,606.3466555223074
342073,1,1,5,0.42645457969393247
342088,1,1,1,668.0412358347154
342116,1,1,7,101.32746727814981
342136,1,1,10,663.7959040595355
342140,1,1,2,416.14688600527467
342154,1,1,4,0.42645458358136
342169,1,1,4,0.42645458358136
342191,1,1,4,0.42645458358136
342202,1,1,8,788.1586633748276
342203,1,1,4,0.42645458358136
342211,1,1,8,534.8617049910844
342258,1,1,10,237.50562118863638
342261,1,1,4,0.42645458358136
342294,1,1,8,286.2642892254199
342299,1,1,9,699.2959141289274
342309,1,1,9,236.27603441782605
342320,1,1,5,0.42645457969393247
342326,1,1,9,520.8545093529506
342330,1,1,5,0.42645457969393247
342331,1,1,9,720.5918378299866
342336,1,1,1,270.2400816345963
342341,1,1,8,374.39681802864067
342348,1,1,5,0.42645457969393247
342351,1,1,4,0.42645458358136
342397,1,1,5,0.42645457969393247
342407,1,1,5,0.42645457969393247
342426,1,1,1,604.8524114040823
342427,1,1,6,494.5912997510951
342443,1,1,10,245.37966375095414
342477,1,1,10,722.5645970025944
342485,1,1,6,627.0982135679533
342508,1,1,5,0.42645457969393247
342522,1,1,3,54.754752046220595
342536,1,1,9,763.5214578271796
342539,1,1,10,461.19527297176734
342556,1,1,9,866.2752545648011
342560,1,1,1,275.35094823664224
342583,1,1,8,228.79217932279374
342588,1,1,6,337.2914611955072
342598,1,1,9,853.3946419229814
342600,1,1,9,560.8877236925379
342603,1,1,5,0.42645457969393247
342605,1,1,3,45.94032246649035
342613,1,1,1,354.5317233682593
342622,1,1,9,57.58073339634883
342632,1,1,5,0.42645457969393247
342638,1,1,6,387.67778601297186
342646,1,1,6,261.98875956074863
342655,1,1,10,459.4274180703493
342690,1,1,8,453.45469620890503
342727,1,1,1,717.660095277746
342733,1,1,8,612.1158221671819
342750,1,1,10,450.351452881126
342751,1,1,8,532.3584553749995
342763,1,1,9,832.1226823000763
342765,1,1,7,160.7899304285308
342766,1,1,8,838.4924216402302
342772,1,1,9,684.4033279136569
342779,1,1,9,381.12692202239447
342788,1,1,5,0.42645457969393247
342789,1,1,4,0.42645458358136
342797,1,1,8,721.7764936888311
342807,1,1,9,484.24019454156496
342816,1,1,8,396.3620838663093
342826,1,1,1,317.89737155021373
342834,1,1,2,443.04031033031436
342846,1,1,5,0.42645456789925423
342888,1,1,6,773.2944639278386
342896,1,1,8,779.9309691383874
342900,1,1,9,714.233151986072
342911,1,1,10,0.6727374764670256
342918,1,1,3,79.4752982300989
342919,1,1,9,347.29531770829806
342942,1,1,6,805.8002122139698
342954,1,1,8,854.2971648613928
342985,1,1,6,650.2370662748834
342989,1,1,5,0.42645457969393247
343023,1,1,1,428.27938843228685
343030,1,1,2,85.66930926841525
343048,1,1,4,0.42645458358136
343052,1,1,10,604.7716986993449
343054,1,1,9,365.8880527793696
343064,1,1,6,331.37315297192123
343065,1,1,1,230.70279225467448
343073,1,1,8,690.9105475992371
343078,1,1,5,0.42645457969393247
343090,1,1,10,188.5573205181339
343091,1,1,9,560.9617193575648
343094,1,1,5,0.42645457969393247
343107,1,1,8,310.6095508384033
343121,1,1,7,93.70045386744727
343130,1,1,8,491.1248369065792
343136,1,1,6,486.97566237773117
343148,1,1,8,169.4032574473826
343159,1,1,9,798.7979862268028
343170,1,1,5,0.42645457969393247
343173,1,1,9,843.2172630757934
343177,1,1,8,452.2736799309798
343178,1,1,5,0.42645456789925423
343206,1,1,5,0.42645456789925423
343214,1,1,9,148.44876539858234
343218,1,1,10,721.6371955889575
343220,1,1,10,438.77381613581997
343223,1,1,1,201.28725769412355
343230,1,1,9,859.5383719670567
343236,1,1,10,355.1822372132307
343237,1,1,9,838.1735637120785
343244,1,1,1,424.37818660478507
343267,1,1,4,0.42645458358136
343271,1,1,9,722.6979445988575
343289,1,1,4,0.42645458358136
343320,1,1,1,724.1188139732013
343331,1,1,6,660.3286297876484
343334,1,1,8,689.1989888347972
343354,1,1,9,806.3478838363706
343372,1,1,5,0.42645457969393247
343374,1,1,6,365.33299236502125
343389,1,1,8,611.0886765241363
343390,1,1,10,269.364819999124
343401,1,1,10,160.22594884756825
343411,1,1,8,718.7797183852845
343434,1,1,3,80.93167954886371
343436,1,1,5,0.42645457969393247
343457,1,1,3,89.07753904326238
343459,1,1,7,166.51521959661108
343468,1,1,5,0.42645457969393247
343471,1,1,8,530.5212631188451
343476,1,1,6,457.77046401451645
343477,1,1,10,480.5004595130926
343486,1,1,8,434.99655230823777
343487,1,1,5,0.42645456789925423
343522,1,1,7,129.70805583021806
343524,1,1,6,507.90640236232
343552,1,1,9,719.5210526430116
343573,1,1,10,600.7933098719875
343583,1,1,4,0.42645458358136
343587,1,1,6,647.702140315087
343593,1,1,7,115.31122129992183
343594,0,1,0,0.1540153008898173
343596,1,1,7,80.60646619184759
343636,1,1,10,716.2209029811696
343653,1,1,9,640.376165603086
343683,1,1,9,750.3484289596589
343692,1,1,7,96.33013746271202
343703,1,1,1,462.19743862351197
343705,1,1,9,757.342033256272
343710,1,1,5,0.42645457969393247
343735,1,1,9,890.7000140254078
343744,1,1,6,140.3965541651703
343757,1,1,9,201.0442065201206
343765,1,1,2,419.83225074214323
343779,1,1,7,168.34906387610894
343787,1,1,4,0.42645458358136
343797,1,1,5,0.42645457969393247
343801,1,1,4,0.42645458358136
343817,0,1,0,0.15925819415294296
343837,1,1,5,0.42645457969393247
343846,1,1,9,320.7234527643569
343852,1,1,6,552.5254630387933
343876,1,1,5,0.42645457969393247
343885,1,1,10,461.6446425436531
343904,1,1,5,0.42645457969393247
343911,1,1,10,147.57035900605183
343920,1,1,10,719.6480195484027
343921,1,1,8,195.15535080454933
343939,1,1,6,510.6294843091904
343950,1,1,2,301.44037704760655
343967,1,1,4,0.42645458358136
343997,1,1,9,542.4108442244697
344006,1,1,1,616.3204555810132
344007,1,1,8,298.71572660310414
344015,1,1,10,255.57180009262126
344036,1,1,6,467.44219824615755
344042,1,1,10,462.9526721228795
344052,1,1,9,576.6440208877309
344053,1,1,5,0.42645457969393247
344069,1,1,3,92.19975776591791
344083,1,1,6,780.7779317538931
344115,1,1,4,0.42645458358136
344116,1,1,8,830.9907490919448
344141,1,1,9,356.7401710797351
344147,1,1,6,573.831800460952
344155,0,1,0,0.10655187923374974
344164,1,1,4,0.42645458358136
344169,1,1,3,71.72245769607304
344170,1,1,5,0.42645457969393247
344172,1,1,5,0.42645457969393247
344173,1,1,9,268.21348672853134
344174,1,1,6,663.3129550187667
344182,1,1,6,708.2591182364222
344184,1,1,9,876.5984327875988
344200,1,1,9,588.3198417397169
344209,1,1,10,506.85449619037536
344239,1,1,10,629.1897862337967
344240,1,1,4,0.4264545919581291
344244,1,1,6,535.569466180085
344245,1,1,9,385.67561836949517
344252,1,1,9,577.7777128604096
344254,1,1,8,830.7158537749624
344255,1,1,7,29.57831744007536
344258,1,1,6,802.6023840475975
344259,1,1,6,586.1642417326703
344281,1,1,9,448.1401836622174
344296,1,1,5,0.42645457969393247
344305,1,1,5,0.42645457969393247
344313,1,1,9,881.0424750756728
344326,1,1,8,768.1368365671404
344335,1,1,3,54.711187550502125
344341,1,1,6,368.06711723267625
344353,1,1,6,721.7497298314094
344361,1,1,9,858.5378418668308
344374,1,1,1,204.8040558942886
344380,1,1,10,194.9681281483826
344382,1,1,4,0.42645458358136
344404,1,1,1,637.3306694426989
344413,1,1,3,92.41216514300086
344424,1,1,8,292.70089261056984
344432,1,1,10,720.4534066658728
344456,1,1,4,0.42645458358136
344458,1,1,7,143.64384521830522
344491,1,1,5,0.42645457969393247
344494,1,1,4,0.42645458358136
344497,1,1,9,758.1410702059534
344504,1,1,5,0.42645457969393247
344539,1,1,9,298.85916359108575
344583,1,1,10,308.0414823856458
344604,1,1,8,340.3083532806722
344609,1,1,8,520.7029229950627
344612,1,1,4,0.42645458358136
344614,0,1,0,0.1695649999953129
344626,1,1,5,0.42645457969393247
344637,1,1,9,191.22840159101324
344647,1,1,6,784.4770716699949
344648,1,1,6,798.7421172960969
344655,1,1,2,398.5271745555327
344685,1,1,9,487.67118483779944
344686,1,1,10,333.2855316957891
344688,1,1,9,857.681909969693
344698,1,1,9,306.6363304309842
344723,1,1,10,408.10675594946696
344728,1,1,7,173.20919142126996
344736,1,1,9,787.0912060962522
344743,1,1,9,590.8992922481143
344744,1,1,4,0.42645458358136
344755,1,1,10,459.743591358056
344797,1,1,5,0.42645457969393247
344801,1,1,9,334.95013319065504
344813,1,1,9,547.1392919690418
344839,1,1,8,248.38600062764485
344845,1,1,4,0.42645458358136
344858,1,1,9,868.4943736550963
344865,1,1,10,253.06205288959092
344870,1,1,8,649.3753232214785
344880,1,1,6,533.1925264309982
344890,1,1,9,507.11955411518323
344896,1,1,5,0.42645457969393247
344903,1,1,8,737.1176760723918
344910,1,1,8,821.3461863620662
344918,1,1,5,0.42645456789925423
344924,1,1,5,0.42645456789925423
344928,1,1,4,0.42645458358136
344932,1,1,6,298.6847980861894
344937,1,1,4,0.42645458358136
344938,1,1,3,86.44906185691343
344947,1,1,6,543.7170901329109
344953,1,1,8,576.1522414916348
344959,1,1,4,0.42645458358136
344962,1,1,7,67.44193296747133
344986,1,1,5,0.42645457969393247
345019,1,1,6,620.3793584910298
345022,1,1,2,312.6910599149131
345030,1,1,5,0.42645457969393247
345046,1,1,5,0.42645457969393247
345047,1,1,5,0.42645457969393247
345050,1,1,1,520.7000284062921
345051,1,1,2,419.4498211983058
345055,1,1,8,798.9850983608459
345065,1,1,9,572.4678863173858
345066,1,1,8,535.2571682636096
345068,1,1,9,618.1919723473053
345080,1,1,6,581.3541357448428
345094,1,1,6,720.3390532671888
345098,1,1,9,856.9122768756337
345105,1,1,4,0.42645458358136
345106,1,1,4,0.42645458358136
345107,1,1,4,0.42645458358136
345116,1,1,7,173.5928668620124
345134,1,1,9,535.2534899707704
345142,1,1,7,161.64011291749213
345158,1,1,9,538.8151592295279
345160,1,1,4,0.4264545919581291
345172,1,1,4,0.4264545919581291
345181,1,1,4,0.42645458358136
345208,1,1,7,170.44036290491215
345218,1,1,5,0.42645457969393247
345239,1,1,6,515.757619493005
345261,1,1,4,0.42645458358136
345268,1,1,4,0.42645458358136
345273,1,1,2,249.59450803361804
345282,1,1,5,0.42645457969393247
345283,1,1,1,697.7699685375661
345295,1,1,8,526.6663286265066
345319,1,1,9,563.7566651784352
345321,1,1,9,116.44633140481547
345325,1,1,4,0.42645458358136
345326,1,1,9,730.5979453803982
345337,1,1,9,508.7462382654985
345338,1,1,1,165.52457909685435
345350,1,1,2,462.59213128962904
345366,1,1,6,513.7689152276862
345375,1,1,7,143.91241487024942
345379,1,1,5,0.42645457969393247
345398,1,1,7,152.15302431740417
345404,1,1,2,340.7175523305476
345438,1,1,5,0.42645457969393247
345448,1,1,4,0.42645458358136
345455,1,1,9,562.1188938598849
345466,1,1,4,0.42645458358136
345476,0,1,0,0.10355287100666061
345477,1,1,8,765.1413641848326
345487,1,1,4,0.42645458358136
345501,1,1,8,902.2870510324306
345504,1,1,10,188.5787567878731
345507,1,1,9,720.3213669693218
345513,1,1,9,369.845746592326
345528,1,1,8,695.6487773265944
345542,1,1,5,0.42645457969393247
345566,1,1,1,546.1017406851726
345574,1,1,1,665.9917367430473
345577,1,1,10,626.1775844380186
345603,1,1,5,0.42645457969393247
345604,1,1,9,696.8659263809412
345609,1,1,4,0.42645458358136
345611,1,1,9,431.0006194589324
345643,1,1,6,139.96114295077876
345646,1,1,9,497.9779687692511
345677,1,1,4,0.42645458358136
345687,1,1,3,72.06183731137287
345699,1,1,1,672.2132682546123
345708,1,1,5,0.42645457969393247
345724,1,1,6,212.90303038329725
345725,1,1,6,556.9246007568754
345727,1,1,6,712.7835487863231
345733,1,1,10,456.15272618786736
345735,1,1,3,93.82359854406536
345753,1,1,9,540.5586218734198
345767,1,1,6,751.8246412276778
345769,1,1,9,485.30061767397785
345771,1,1,4,0.42645458358136
345802,1,1,4,0.42645458358136
345806,1,1,9,735.1902983754535
345816,1,1,2,471.31880761593465
345852,1,1,10,458.329780540953
345863,1,1,8,581.5371309451248
345865,1,1,8,719.2407712606547
345906,1,1,6,548.4129877499465
345908,0,1,0,0.10885386284294589
345916,1,1,1,290.1001940299538
345931,1,1,9,457.2567213289835
345949,1,1,7,134.83281149015838
345961,1,1,5,0.42645457969393247
345963,1,1,9,885.4217833754667
345967,1,1,6,787.7950493295676
345969,1,1,6,806.4185377224692
345970,1,1,8,244.98592816203262
345981,1,1,10,268.2033628883625
345986,1,1,4,0.42645458358136
345991,1,1,10,173.7822643181201
346008,1,1,4,0.42645458358136
346022,1,1,5,0.42645457969393247
346025,1,1,8,388.96691456080265
346031,1,1,9,545.705341832206
346046,1,1,1,615.5583421153868
346047,1,1,6,669.4521831895964
346068,1,1,4,0.42645458358136
346069,1,1,6,784.2930900232196
346078,1,1,2,345.55714939454214
346081,1,1,5,0.42645457969393247
346090,1,1,3,68.77314020185395
346100,1,1,1,384.5988084066419
346132,1,1,5,0.42645457969393247
346137,1,1,6,560.0097542948155
346138,1,1,10,126.22777764363944
346146,0,1,0,0.1289276284644981
346152,1,1,6,510.6533722520462
346157,1,1,5,0.42645457969393247
346168,1,1,10,659.7879236000692
346169,1,1,5,0.42645456789925423
346175,1,1,9,461.61748399159455
346184,1,1,10,154.21162777683085
346186,1,1,6,795.7248052275992
346216,1,1,6,469.35493479256075
346219,1,1,7,136.13887482640652
346221,1,1,9,700.4574398623976
346238,1,1,8,605.5593614512065
346247,1,1,7,171.08741771132156
346250,1,1,8,795.1087471427062
346265,1,1,5,0.42645457969393247
346275,1,1,4,0.42645458358136
346278,1,1,6,268.5251264265671
346282,1,1,8,246.2680490277765
346287,1,1,9,881.4848137056991
346308,1,1,6,481.45034618434937
346331,1,1,8,429.022577281089
346334,1,1,10,669.3961764899601
346343,0,1,0,0.11820706155544285
346344,1,1,7,13.41488486338059
346360,1,1,8,689.5475345438493
346369,1,1,2,64.17783281406307
346378,1,1,6,712.77367232076
346390,1,1,5,0.42645457969393247
346396,1,1,2,273.6796779894028
346399,1,1,2,380.82389311315586
346411,1,1,10,480.5637160704001
346439,1,1,1,211.57116664187396
346445,1,1,9,501.9379461172307
346452,1,1,9,566.6565446890114
346453,1,1,9,553.26031071789
346460,1,1,3,92.11201994614365
346473,1,1,5,0.42645456789925423
346481,1,1,6,746.3309436571913
346492,1,1,1,623.0146621912672
346496,1,1,6,607.8433518674301
346505,1,1,5,0.42645457969393247
346519,1,1,5,0.42645457969393247
346520,1,1,3,89.94532192039993
346521,1,1,7,124.39870463047276
346522,1,1,10,319.200100240796
346532,1,1,4,0.42645458358136
346541,1,1,4,0.42645458358136
346544,1,1,9,836.2221377403721
346554,1,1,9,599.2012523052323
346578,1,1,4,0.42645458358136
346580,1,1,6,248.92512266295037
346581,1,1,10,164.97588395316643
346594,1,1,4,0.42645458358136
346601,1,1,10,682.3975987117989
346608,1,1,4,0.42645458358136
346621,1,1,5,0.42645457969393247
346632,1,1,6,568.5997768151905
346646,1,1,8,752.5530587050356
346656,1,1,6,464.25293674328964
346664,1,1,5,0.42645457969393247
346665,1,1,6,386.35721844726373
346678,1,1,5,0.42645457969393247
346685,1,1,8,337.40099740764435
346716,1,1,7,135.40330656833518
346731,1,1,4,0.42645458358136
346760,1,1,5,0.42645457969393247
346773,1,1,10,362.4643506123953
346774,1,1,5,0.42645456789925423
346778,1,1,8,651.7096291317099
346797,1,1,6,492.62730278874005
346810,1,1,6,776.7368763520005
346815,1,1,6,734.8534382391879
346848,1,1,5,0.42645457969393247
346870,1,1,9,116.3067899315867
346877,1,1,4,0.42645458358136
346882,1,1,5,0.42645457969393247
346884,1,1,8,376.8197680789761
346889,1,1,8,808.1834624263355
346896,1,1,7,58.46283959331188
346911,1,1,5,0.42645457969393247
346932,1,1,2,259.9913696625231
346972,1,1,8,593.9110923828598
346977,1,1,3,37.298563160371366
347000,1,1,2,60.434340134918784
347024,1,1,3,89.61777773916248
347058,1,1,5,0.42645457969393247
347060,1,1,4,0.42645458358136
347066,1,1,8,885.7673931993676
347070,1,1,4,0.42645457969393247
347076,1,1,2,436.0981394991134
347084,1,1,7,34.73419204369609
347089,1,1,4,0.42645458358136
347090,1,1,5,0.42645457969393247
347099,1,1,2,370.7043825399038
347109,1,1,4,0.42645458358136
347127,1,1,5,0.42645457969393247
347129,1,1,4,0.42645458358136
347137,1,1,9,22.706092485301017
347141,1,1,6,792.7331078535288
347147,1,1,6,530.492580617296
347157,1,1,6,355.6441826385411
347164,1,1,9,584.8738857451351
347168,1,1,3,90.1887869303467
347195,1,1,6,446.43433128696506
347200,1,1,4,0.42645458358136
347209,1,1,8,591.8840367621773
347215,1,1,7,66.39190623246313
347252,1,1,4,0.42645458358136
347256,1,1,6,269.96710202433854
347258,1,1,3,89.97663758781701
347266,1,1,6,486.4175774041029
347269,1,1,9,51.71866150660835
347273,1,1,5,0.42645457969393247
347277,1,1,7,73.27463083398014
347279,1,1,4,0.42645458358136
347285,1,1,1,199.75341032270626
347296,1,1,2,290.3794418865687
347308,0,1,0,0.11316724902823075
347310,1,1,8,947.3642562204423
347316,1,1,10,480.04173877328884
347319,1,1,9,876.4500236341119
347329,1,1,5,0.42645457969393247
347330,1,1,7,108.50657781080933
347337,1,1,10,121.1567615489318
347339,1,1,10,299.13384071535944
347346,1,1,10,179.7188986207023
347355,1,1,8,570.6292045130139
347359,1,1,6,555.9036840122363
347365,1,1,3,92.27920289634662
347373,1,1,9,828.9547207344486
347398,1,1,8,305.283335654321
347413,1,1,1,505.5826803204774
347416,1,1,8,220.46335441836712
347433,1,1,1,510.1504876808582
347437,1,1,10,682.2999453870888
347495,1,1,1,619.0700471376477
347502,1,1,9,243.40010618562576
347517,1,1,8,402.7261277745781
347521,1,1,10,135.76075025744194
347536,1,1,6,344.49786609259047
347543,1,1,9,850.9171247681132
347552,1,1,2,275.93712130377793
347564,1,1,4,0.42645458358136
347566,1,1,4,0.42645458358136
347567,1,1,9,800.9649791093874
347574,1,1,1,555.8561233795989
347582,1,1,7,171.90950681385348
347583,1,1,8,771.8161426597114
347608,1,1,5,0.42645457969393247
347614,1,1,1,380.89817738593354
347620,1,1,10,594.9833614412141
347626,1,1,9,592.4779616872244
347628,1,1,8,824.0907999249316
347634,1,1,8,367.0456554303477
347642,1,1,6,803.2056004282643
347655,1,1,9,394.4830127791876
347663,1,1,6,523.8966455239612
347669,1,1,4,0.42645458358136
347674,1,1,8,366.5867029110913
347675,1,1,9,875.8318459344017
347687,1,1,7,77.24967500475046
347692,1,1,6,522.6553612909205
347698,1,1,5,0.42645457969393247
347716,1,1,5,0.42645456789925423
347718,1,1,8,385.36578548794057
347733,1,1,2,489.83728828661447
347742,1,1,1,393.6405585990806
347746,1,1,10,637.6779106852567
347748,1,1,8,591.7105719878915
347751,1,1,10,296.87348145872903
347757,1,1,3,88.62922229741434
347762,1,1,6,401.1304933506434
347785,1,1,9,326.1751002827374
347790,1,1,10,339.7446889705871
347798,1,1,9,864.5153431502195
347811,1,1,7,158.71394400727002
347838,1,1,2,429.9042060362675
347854,1,1,8,533.1607522941547
347864,1,1,6,338.399165167416
347867,1,1,9,63.041628361813245
347870,1,1,8,331.92692661188573
347874,1,1,4,0.42645458358136
347881,1,1,10,554.5979584014912
347886,1,1,6,202.30104983362276
347890,1,1,6,713.7921926222687
347892,1,1,6,505.4750277892088
347898,1,1,9,759.3465552486131
347913,1,1,4,0.42645458358136
347928,1,1,2,313.7472232149725
347937,1,1,7,120.76761924284014
347948,1,1,8,147.71390653155495
347953,1,1,5,0.42645457969393247
347958,1,1,4,0.42645458358136
347964,0,1,0,0.08818414008257736
347981,1,1,5,0.42645457969393247
348007,1,1,7,95.1712641024684
348009,1,1,2,245.69003631271752
348054,1,1,8,777.3847542055938
348070,1,1,9,383.6007874992971
348077,1,1,4,0.42645458358136
348084,1,1,4,0.42645458358136
348085,1,1,9,579.0384361544562
348086,1,1,5,0.42645457969393247
348087,1,1,3,89.96271903583272
348090,1,1,9,704.7281824647413
348091,1,1,7,120.84882793095406
348109,1,1,4,0.42645458358136
348117,1,1,7,107.2711810511945
348133,1,1,10,459.98067123492103
348138,1,1,4,0.42645458358136
348147,1,1,8,461.80420465795453
348158,1,1,8,491.2132750329722
348162,1,1,10,399.4704502536512
348169,1,1,8,516.8214541450682
348171,1,1,6,509.951951234759
348182,1,1,9,406.9418145279566
348190,1,1,4,0.42645458358136
348196,0,1,0,0.09440047713500987
348207,1,1,4,0.42645458358136
348209,1,1,4,0.42645458358136
348223,1,1,4,0.42645458358136
348289,1,1,6,671.9950102082154
348300,1,1,4,0.42645458358136
348315,1,1,8,935.4031105423036
348325,1,1,4,0.42645458358136
348329,1,1,9,612.5221208903182
348332,1,1,8,813.4475762305315
348338,1,1,9,638.5664141961073
348356,1,1,5,0.42645456789925423
348361,1,1,5,0.42645457969393247
348368,1,1,4,0.42645458358136
348387,1,1,9,342.0493513034943
348391,1,1,6,640.3147127894855
348394,1,1,7,160.28359613434006
348397,1,1,7,64.1771886934906
348403,1,1,9,403.40920456457144
348418,1,1,8,758.5168213752985
348441,1,1,4,0.42645458358136
348462,1,1,2,228.2211199433221
348473,1,1,4,0.42645458358136
348478,1,1,9,526.224940140771
348482,1,1,4,0.42645458358136
348484,1,1,6,187.18899038457113
348505,1,1,8,654.352737133616
348521,1,1,10,178.00346573342597
348522,1,1,6,644.2403183963916
348529,1,1,9,463.7490247045735
348534,1,1,6,728.5827807244414
348570,1,1,3,91.03684366954666
348586,1,1,7,144.77449572521311
348590,1,1,6,240.1206706282498
348606,1,1,9,735.6994221654938
348614,1,1,1,570.634650222685
348640,1,1,5,0.42645457969393247
348641,1,1,8,894.2799282535165
348645,1,1,6,678.6701199764242
348650,1,1,10,290.6197327011557
348667,1,1,6,594.6129679167598
348675,1,1,1,669.28801372535
348686,1,1,9,652.6473680754867
348693,1,1,6,174.7415639732126
348694,1,1,9,565.9774540671061
348703,1,1,9,89.47679221834349
348730,1,1,1,665.4587331387809
348736,1,1,6,746.8843270747832
348753,1,1,9,863.9928444516404
348755,1,1,10,683.0915710139665
348769,1,1,5,0.42645457969393247
348770,1,1,1,682.2822271010065
348771,1,1,4,0.42645458358136
348776,1,1,4,0.42645458358136
348780,1,1,5,0.42645457969393247
348781,1,1,7,67.8006178303655
348782,1,1,4,0.42645458358136
348795,1,1,9,633.6946484083378
348796,1,1,8,865.5287471950725
348819,1,1,6,341.8403503613426
348826,1,1,4,0.42645458358136
348834,1,1,8,811.3044925709577
348837,1,1,6,559.7427286124812
348844,1,1,9,759.4077638542763
348848,1,1,9,648.3499023019609
348868,1,1,10,716.4154158588151
348870,1,1,6,320.0328589737059
348879,1,1,5,0.42645457969393247
348888,1,1,10,503.2170808403247
348900,1,1,7,62.98163664945442
348908,1,1,9,509.88440203411545
348918,1,1,8,379.0626456607213
348933,1,1,5,0.42645457969393247
348942,1,1,6,752.5613526271654
348976,1,1,9,49.12135268820489
348998,1,1,9,199.8241012607599
349009,1,1,9,737.943081349023
349026,1,1,6,576.0973677774081
349028,1,1,5,0.42645457969393247
349033,1,1,1,176.7190705684461
349042,1,1,10,694.7563744566478
349045,1,1,8,886.0863087076274
349063,1,1,10,462.8272965830296
349080,1,1,8,810.586224717685
349084,1,1,9,553.2042345412568
349111,1,1,9,838.1846622075205
349142,1,1,8,149.5844471052811
349143,1,1,9,886.0427567192793
349182,1,1,8,805.4979407263555
349183,1,1,9,645.0520022656283
349184,1,1,9,866.3767863550365
349195,1,1,8,563.3147512512494
349218,1,1,2,401.3074256742543
349237,1,1,4,0.42645458358136
349238,1,1,1,679.2092737087329
349258,1,1,7,56.28947515069113
349262,1,1,7,169.20408378026886
349274,1,1,6,789.3301901296162
349279,1,1,4,0.42645458358136
349283,1,1,1,543.8869536941104
349288,1,1,4,0.42645458358136
349301,1,1,9,611.2395058718015
349329,1,1,6,719.4692086265272
349345,1,1,10,285.4087312921887
349376,1,1,4,0.42645458358136
349394,1,1,1,706.8766141769553
349416,1,1,5,0.42645456789925423
349435,1,1,2,297.7260857361351
349455,1,1,8,321.008390640324
349456,1,1,9,612.5400503993176
349469,1,1,8,511.92433851038373
349473,1,1,9,857.3502051553007
349475,1,1,9,602.3106764810909
349501,1,1,9,792.4107392253303
349507,1,1,3,89.16992511677542
349535,0,1,0,0.11183950472069723
349543,1,1,1,546.9904408723552
349544,1,1,10,514.2434543525109
349545,1,1,10,301.9115403916227
349581,1,1,7,124.08010625422202
349616,1,1,9,416.43927054553535
349636,1,1,1,284.96675021211223
349638,1,1,7,170.62568019572203
349655,1,1,8,731.8654174901272
349685,1,1,5,0.42645457969393247
349686,1,1,8,923.1303294404934
349688,1,1,4,0.42645458358136
349704,1,1,10,516.3188651324725
349710,1,1,4,0.42645458358136
349719,1,1,1,424.2799067791869
349725,1,1,5,0.42645457969393247
349751,1,1,10,363.01114606542313
349752,1,1,5,0.42645457969393247
349753,1,1,5,0.42645457969393247
349754,1,1,8,209.54656801413861
349771,1,1,5,0.42645457969393247
349776,1,1,10,295.4296304456934
349783,1,1,4,0.42645458358136
349804,1,1,9,876.7105989584696
349816,1,1,10,461.01893399821046
349817,1,1,10,152.1966821727034
349818,1,1,7,123.43298894723698
349838,1,1,5,0.42645457969393247
349857,1,1,6,613.8714727685768
349865,1,1,8,341.74579185020383
349891,1,1,4,0.42645458358136
349910,1,1,5,0.42645457969393247
349919,1,1,10,434.1664100956412
349930,1,1,1,738.1242555010591
349931,1,1,6,228.2233576636323
349934,1,1,9,486.087763537822
349940,1,1,6,740.1315308113019
349941,1,1,10,546.257866761326
349943,1,1,8,723.6399794300282
349954,1,1,1,219.5603568751561
349965,1,1,9,767.3406568569624
349974,1,1,10,418.2902541913508
349979,1,1,2,243.53350975882157
350000,1,1,2,305.3810505634216
350009,1,1,4,0.42645458358136
350010,1,1,9,885.6506304335433
350017,1,1,8,538.4221027718108
350020,1,1,8,733.4437133517669
350025,1,1,6,145.41700902257003
350030,1,1,6,735.6309847270977
350040,1,1,5,0.42645457969393247
350048,1,1,5,0.42645457969393247
350058,1,1,1,622.6289896106263
350077,1,1,4,0.42645458358136
350085,1,1,5,0.42645457969393247
350093,1,1,9,771.4234483911622
350102,0,1,0,0.1825439528386214
350105,1,1,5,0.42645457969393247
350112,1,1,8,621.7332055378243
350113,1,1,4,0.42645458358136
350117,1,1,10,720.8151095402566
350124,1,1,5,0.42645457969393247
350131,1,1,2,477.64536418203033
350143,1,1,9,632.2750986191143
350156,1,1,4,0.42645458358136
350159,1,1,1,713.2945818566341
350186,1,1,8,458.1377318465088
350204,1,1,3,92.23309329771034
350208,1,1,1,399.57505184256354
350236,1,1,7,128.4651879685931
350261,1,1,5,0.42645457969393247
350268,1,1,9,467.2581901928062
350270,1,1,5,0.42645457969393247
350288,1,1,4,0.42645458358136
350298,1,1,6,552.7917016618352
350306,1,1,7,92.86254821231559
350311,1,1,8,413.7743016282163
350320,1,1,6,492.3804972483307
350325,1,1,1,626.3385152328982
350329,1,1,6,510.0278950550834
350333,1,1,10,720.7857159228988
350335,1,1,9,717.339459035978
350338,1,1,6,714.3259765828622
350341,1,1,8,282.6177982189404
350354,1,1,9,554.2383396630536
350358,1,1,8,833.6443781157054
350365,1,1,8,556.6783176253387
350377,1,1,5,0.42645456789925423
350384,1,1,10,150.09395246116813
350388,1,1,9,87.87005538029445
350392,1,1,9,878.6239652427952
350393,1,1,9,80.22030143641815
350404,1,1,6,446.96040658971464
350405,1,1,8,690.54456696317
350413,1,1,10,375.9098568490588
350414,0,1,0,0.16614413271010262
350415,1,1,10,720.9558730254171
350421,1,1,7,160.17003714928248
350427,1,1,5,0.42645457969393247
350431,1,1,10,418.04033831414563
350462,1,1,5,0.42645457969393247
350468,1,1,5,0.42645457969393247
350470,1,1,10,194.68058694874074
350472,1,1,9,860.0914800641833
350483,1,1,10,403.7579135612093
350530,1,1,8,683.3632502084034
350536,1,1,3,89.31593250861125
350549,1,1,3,54.645328855968444
350583,1,1,6,574.5846133255027
350590,1,1,9,815.1890328223601
350591,1,1,8,442.88135579111037
350608,1,1,4,0.42645458358136
350612,1,1,4,0.42645458358136
350613,1,1,3,89.73713838871257
350638,1,1,9,238.24375488446833
350639,1,1,10,502.63486624134936
350670,0,1,0,0.11881472045706364
350671,1,1,10,188.2797010609382
350676,1,1,7,122.95018340464685
350677,1,1,5,0.42645456789925423
350681,1,1,10,480.34702297038064
350685,1,1,4,0.42645458358136
350689,1,1,6,746.7731213787902
350702,1,1,9,773.1401038570706
350710,1,1,9,136.44117640362407
350716,1,1,8,241.58609498332322
350733,1,1,8,848.6525018104511
350734,1,1,1,268.1058594692846
350740,1,1,8,306.9081731463495
350742,1,1,10,577.4386768615501
350753,1,1,9,827.5114274607596
350757,1,1,5,0.42645457969393247
350765,1,1,9,360.69782757348423
350778,1,1,5,0.42645457969393247
350786,1,1,9,775.365993567477
350790,1,1,9,707.976715494667
350793,1,1,1,706.296692681733
350800,1,1,10,462.05825073156893
350812,1,1,8,480.2927517145358
350817,1,1,8,323.5846167671578
350822,1,1,1,231.46185951277295
350833,1,1,4,0.42645458358136
350835,1,1,9,599.195015124405
350837,1,1,5,0.42645457969393247
350866,1,1,9,878.2071689627946
350874,1,1,9,315.86196502701904
350890,1,1,4,0.42645458358136
350893,1,1,5,0.42645457969393247
350894,1,1,1,385.70141450097736
350899,1,1,9,881.7912817136856
350915,1,1,5,0.42645457969393247
350922,1,1,3,78.5733757266131
350941,1,1,8,820.2469661244667
350949,1,1,6,661.0909780005696
350960,1,1,1,697.186371262791
350966,1,1,4,0.42645458358136
350981,1,1,6,429.73407311872523
350990,1,1,8,214.34240970593802
351005,1,1,8,533.9236345399138
351007,1,1,3,92.77283201184056
351008,1,1,6,266.36053931382673
351011,1,1,4,0.42645458358136
351015,1,1,9,600.4455881167925
351017,1,1,7,41.24568839503914
351026,1,1,2,348.38457443568944
351028,1,1,9,602.5742570337774
351043,1,1,1,567.7087281047745
351052,1,1,9,869.6604994496911
351054,1,1,8,709.8903132629785
351058,1,1,9,324.757948781133
351062,1,1,1,472.49420860095495
351086,1,1,5,0.42645457969393247
351097,1,1,6,391.6313683508176
351121,1,1,9,408.94841802927687
351129,1,1,7,161.9982384696903
351154,1,1,8,549.6712500358727
351156,1,1,7,75.68414004504261
351162,1,1,2,114.00820601322191
351175,1,1,8,437.7618729857683
351186,1,1,8,241.33267601262952
351189,1,1,3,70.85174485230864
351196,1,1,5,0.42645457969393247
351220,1,1,10,631.6871175281523
351221,1,1,6,479.38603192862536
351223,1,1,5,0.42645456789925423
351232,1,1,6,741.1384690730383
351236,1,1,5,0.42645457969393247
351244,1,1,9,800.9958494565656
351253,1,1,5,0.42645457969393247
351262,1,1,9,414.0902918362877
351302,1,1,10,395.12618064276234
351319,1,1,4,0.42645458358136
351320,1,1,4,0.42645458358136
351323,1,1,7,135.9952112935008
351330,1,1,8,706.7898576968657
351339,1,1,7,92.17876875992272
351347,1,1,9,886.1126836605318
351366,1,1,8,273.1426401619091
351384,1,1,10,629.38177458539
351419,1,1,6,448.3664992822636
351425,1,1,8,356.79592584626005
351435,1,1,8,437.2694383343127
351459,1,1,4,0.42645458358136
351474,1,1,1,424.1569116292347
351504,1,1,5,0.42645457969393247
351507,1,1,8,480.65072123288667
351519,1,1,8,153.93389956604497
351520,1,1,4,0.42645458358136
351528,1,1,10,561.0154680543516
351540,1,1,9,492.6902378731552
351565,1,1,4,0.42645458358136
351570,1,1,8,430.75893923225135
351574,1,1,4,0.42645458358136
351582,1,1,4,0.42645458358136
351600,1,1,5,0.42645457969393247
351614,1,1,9,280.9606787791873
351620,1,1,10,560.9839492198071
351621,1,1,8,801.8075659833414
351635,1,1,8,766.8174977937334
351649,1,1,9,311.10272051015073
351654,1,1,7,56.1292171507339
351668,1,1,5,0.42645457969393247
351672,1,1,4,0.42645458358136
351682,1,1,6,426.0986380001323
351688,1,1,9,528.0925232188789
351708,1,1,4,0.42645458358136
351712,1,1,10,320.65458171559555
351721,1,1,9,876.6728882138185
351722,1,1,6,468.52890772104564
351735,1,1,9,882.1224724460818
351743,1,1,1,249.39488045121192
351744,1,1,9,487.0855829208866
351747,1,1,1,600.159566083216
351789,1,1,3,85.04387361706736
351793,1,1,8,575.7298203810469
351799,1,1,9,269.8166869012032
351810,1,1,9,325.1616793994256
351818,1,1,9,737.2889984298841
351830,1,1,4,0.42645458358136
351836,1,1,6,176.10587162729854
351851,1,1,9,131.6085575777187
351867,1,1,4,0.42645458358136
351879,1,1,6,283.1671863587555
351890,1,1,4,0.42645458358136
351891,1,1,7,56.05973692010543
351904,1,1,9,622.6670412042779
351910,1,1,6,308.25585569090913
351925,1,1,9,446.9190179540213
351936,1,1,1,617.0846839606672
351945,1,1,7,59.034545651202606
351946,1,1,9,814.5318280895555
351956,1,1,9,527.3839904468309
351986,1,1,5,0.42645457969393247
351987,1,1,4,0.42645458358136
352001,1,1,6,767.5863569601382
352016,1,1,3,48.66357803180546
352019,1,1,9,859.8705909319865
352032,1,1,1,701.795081787558
352036,1,1,4,0.42645458358136
352055,1,1,5,0.42645457969393247
352060,1,1,9,222.79435135192216
352084,1,1,1,155.3922898459339
352086,1,1,7,160.14420003021144
352097,1,1,9,117.26988768129242
352098,1,1,2,56.07987954009891
352112,1,1,10,637.6214058730466
352115,1,1,3,47.81972302590748
352120,1,1,5,0.42645457969393247
352127,1,1,10,261.2973828285461
352138,1,1,4,0.42645458358136
352147,1,1,4,0.42645458358136
352161,1,1,6,810.7343346661813
352170,1,1,7,60.56060509833338
352177,1,1,2,79.1626796888383
352178,1,1,4,0.42645458358136
352180,1,1,9,407.42222788422004
352214,1,1,1,587.6226998462165
352235,1,1,4,0.42645458358136
352244,1,1,9,344.5755467079233
352306,1,1,4,0.4264545919581291
352313,1,1,4,0.4264545919581291
352314,1,1,10,669.525395769598
352315,1,1,4,0.42645458358136
352319,1,1,9,776.5382311059343
352321,1,1,7,130.71498191104203
352324,1,1,8,734.5376976512905
352325,1,1,10,417.7636435890156
352369,1,1,9,723.2839633386454
352384,1,1,5,0.42645457969393247
352390,1,1,4,0.42645458358136
352395,1,1,10,442.5506996710894
352401,1,1,9,844.9471042574097
352421,1,1,8,464.3681025146017
352430,1,1,4,0.42645458358136
352431,1,1,1,742.1389326225332
352437,1,1,9,68.56584464364903
352440,1,1,10,191.78309538427268
352445,1,1,6,780.6796827109056
352447,1,1,9,849.8882020651215
352451,1,1,5,0.42645457969393247
352472,1,1,9,49.95653828054493
352482,1,1,2,96.66161391932337
352522,1,1,2,217.32269038194505
352525,1,1,9,656.0584956953608
352549,1,1,10,714.2021646385101
352553,1,1,8,527.7924038508665
352554,1,1,9,638.2716794130622
352586,1,1,10,717.662997793199
352594,1,1,10,174.26364322382506
352598,1,1,3,86.15481219629024
352600,1,1,1,542.1360515777046
352605,1,1,4,0.4264545919581291
352617,1,1,4,0.4264545919581291
352625,1,1,9,774.4569220494066
352632,1,1,10,175.9599059472424
352642,1,1,9,229.26933997982277
352647,1,1,5,0.42645457969393247
352666,1,1,10,256.8111004481253
352693,1,1,9,599.0596638487676
352708,1,1,3,67.8387231509831
352752,1,1,4,0.42645458358136
352782,1,1,5,0.42645457969393247
352785,1,1,3,83.663000995561
352790,1,1,9,631.6424662452995
352799,1,1,10,241.13987655671284
352801,1,1,9,862.8535597561757
352810,1,1,1,719.8999624579474
352820,1,1,5,0.42645457969393247
352821,1,1,5,0.42645457969393247
352829,1,1,9,784.7375847332091
352833,1,1,8,734.709167282238
352837,1,1,8,653.8893637662691
352865,1,1,5,0.42645457969393247
352866,1,1,8,496.9034261635062
352886,1,1,3,89.32137961522194
352912,0,1,0,0.23029420586651925
352916,1,1,4,0.42645458358136
352926,1,1,5,0.42645457969393247
352944,1,1,7,151.88851475800524
352952,1,1,9,208.8564780309947
352973,1,1,4,0.42645458358136
352978,1,1,10,153.97233514529998
352980,1,1,5,0.42645457969393247
353000,1,1,9,194.00970450732572
353023,1,1,9,764.9626511990427
353048,1,1,4,0.42645458358136
353055,1,1,6,742.0242820500918
353059,1,1,6,377.6649020181484
353061,1,1,8,399.94357400079815
353067,1,1,4,0.42645458358136
353071,1,1,10,415.34272467990564
353073,1,1,8,280.4206310322853
353078,1,1,10,686.6785316379343
353094,1,1,6,543.6645203643519
353109,1,1,10,521.4193137440919
353111,1,1,9,625.2347343400263
353124,1,1,6,507.30989707323005
353128,1,1,9,880.3158920492182
353133,1,1,7,23.44101192594374
353139,1,1,3,39.712691271333696
353152,1,1,6,606.8471689381694
353172,1,1,5,0.42645457969393247
353180,1,1,6,446.3973322104884
353198,1,1,8,407.46248401783976
353202,1,1,9,593.593336908555
353208,1,1,8,142.1462623458837
353231,1,1,9,204.24344958021487
353234,1,1,5,0.42645457969393247
353253,1,1,4,0.42645458358136
353263,1,1,6,476.8478453504402
353282,1,1,7,161.72247297998805
353287,1,1,1,432.4995450059721
353311,1,1,9,551.5408809102166
353313,1,1,2,350.036389284237
353327,1,1,4,0.42645458358136
353352,1,1,4,0.4264545919581291
353357,1,1,9,243.3513570880974
353358,1,1,9,540.1128327117826
353365,1,1,8,692.5471018994698
353367,1,1,2,110.77413319108646
353389,1,1,6,364.8918871979675
353399,1,1,6,429.6902206338299
353401,1,1,4,0.42645458358136
353409,0,1,0,0.11510221768402659
353418,1,1,4,0.42645458358136
353428,1,1,6,427.1696392994436
353442,1,1,9,98.87329547059373
353443,1,1,5,0.42645457969393247
353446,1,1,5,0.42645457969393247
353448,1,1,2,249.02627288972937
353459,1,1,7,98.13754765009126
353530,1,1,7,118.04841076163552
353535,1,1,9,577.5740651263437
353544,1,1,4,0.42645458358136
353555,1,1,2,364.24389374615475
353557,1,1,8,508.6201402290604
353563,1,1,5,0.42645457969393247
353564,1,1,3,85.91972749101878
353573,0,1,0,0.1347585344677189
353578,1,1,6,759.6100755940987
353580,1,1,5,0.42645457969393247
353583,1,1,7,84.86919967659956
353585,1,1,6,650.0217318224388
353587,1,1,9,504.8565930759234
353595,1,1,4,0.42645458358136
353596,1,1,5,0.42645457969393247
353601,1,1,9,498.6305642601771
353604,1,1,5,0.42645456789925423
353609,1,1,1,548.414263045183
353611,1,1,10,487.1528000314239
353617,1,1,8,912.9731308780089
353628,1,1,10,669.7483493110203
353630,1,1,6,728.5561146315608
353637,1,1,9,845.153824921103
353645,1,1,5,0.42645457969393247
353668,1,1,8,943.389731521243
353682,1,1,9,278.1257620771847
353685,1,1,6,534.2108478631103
353703,1,1,8,106.21464810393132
353707,1,1,3,92.23882138623055
353709,1,1,9,429.0116346465666
353712,1,1,6,221.35534651865913
353715,1,1,9,761.8455726910989
353724,1,1,9,797.2825122722948
353756,1,1,4,0.42645458358136
353757,1,1,5,0.42645457969393247
353770,1,1,5,0.42645457969393247
353771,1,1,8,536.0138128386981
353772,1,1,4,0.42645458358136
353777,1,1,9,605.6405302989064
353778,1,1,8,947.7597359929874
353784,1,1,10,311.62930886070455
353794,1,1,5,0.42645457969393247
353797,1,1,10,661.0795992578754
353818,1,1,6,252.4654934939803
353822,1,1,8,793.4070906244295
353854,1,1,9,858.2818205233515
353868,1,1,4,0.42645458358136
353869,1,1,9,738.1513304839409
353883,1,1,4,0.4264545919581291
353892,1,1,4,0.4264545919581291
353893,1,1,5,0.42645457969393247
353909,1,1,2,396.0822597917434
353910,1,1,6,787.4519628150574
353924,1,1,10,398.664726302525
353958,1,1,8,198.46043212290667
353972,1,1,5,0.42645457969393247
353978,1,1,8,591.7446877844575
353980,1,1,6,342.1549157342388
353997,1,1,10,719.5902567261985
354026,1,1,10,391.7418287384355
354029,1,1,9,459.6969197435625
354036,1,1,9,758.1790047605973
354040,1,1,8,591.92509065491
354054,1,1,5,0.42645457969393247
354060,1,1,5,0.42645457969393247
354081,0,1,0,0.12662714607115946
354091,1,1,5,0.42645457969393247
354102,1,1,5,0.42645457969393247
354104,1,1,9,529.8909139598712
354111,1,1,8,303.1877628347848
354122,1,1,10,621.9352624677472
354128,1,1,4,0.42645458358136
354146,1,1,4,0.42645458358136
354147,1,1,6,596.7564428336852
354165,1,1,7,121.34090254773393
354176,1,1,1,666.0941625319693
354200,1,1,8,457.0349474835392
354213,1,1,6,557.905697030942
354221,1,1,9,771.4857266426844
354245,1,1,1,664.393485241652
354257,1,1,7,163.77482207684918
354274,1,1,5,0.42645456789925423
354276,1,1,6,328.7836784823214
354278,1,1,10,618.9853022252962
354283,1,1,6,444.2336938865143
354291,1,1,4,0.42645458358136
354310,1,1,1,604.081553628928
354314,1,1,9,529.9167879050099
354315,1,1,1,613.9303272653129
354319,1,1,6,764.4417618885725
354339,1,1,4,0.42645458358136
354348,1,1,1,316.0605130314239
354381,1,1,9,640.3650554778515
354388,1,1,6,795.7752319812282
354425,1,1,5,0.42645457969393247
354447,1,1,8,779.1565794059879
354472,1,1,6,681.1932223961625
354479,1,1,10,704.077149852626
354504,1,1,9,563.9939441265503
354530,1,1,8,813.3507164472056
354553,1,1,3,92.71664047646038
354575,1,1,7,163.34026103723454
354576,1,1,5,0.42645457969393247
354580,1,1,3,88.87973910046779
354584,1,1,1,654.9676134576354
354598,1,1,7,69.83043268755367
354606,1,1,5,0.42645457969393247
354622,1,1,9,824.6976619338344
354625,1,1,9,331.5111296633568
354630,1,1,7,56.950638237999925
354632,1,1,7,151.6773112455179
354644,1,1,9,671.9540673385876
354670,1,1,9,577.627938083917
354683,1,1,9,367.23995654479387
354685,1,1,9,576.7438587836021
354688,1,1,7,59.67591038019058
354705,1,1,8,200.22347476081882
354710,1,1,9,810.2975412239254
354715,1,1,6,410.92666339742584
354719,1,1,9,614.6750237415263
354723,1,1,6,706.2135833955183
354731,1,1,2,476.4577662990504
354735,1,1,1,524.3527734416828
354747,1,1,9,243.8638067557976
354754,1,1,8,832.6024966317284
354768,1,1,5,0.42645457969393247
354794,1,1,6,581.1554455965314
354805,1,1,2,453.1256267695642
354815,1,1,3,91.33600315161739
354852,1,1,5,0.42645457969393247
354864,1,1,5,0.42645457969393247
354867,1,1,9,464.3755325055389
354874,1,1,4,0.42645458358136
354903,1,1,5,0.42645457969393247
354905,1,1,10,441.5889796980928
354907,1,1,4,0.42645458358136
354916,1,1,5,0.42645457969393247
354922,1,1,7,169.7884432562143
354929,1,1,4,0.42645458358136
354945,1,1,9,549.6874998305391
354952,1,1,4,0.42645458358136
354963,1,1,10,639.4589784823038
354981,1,1,10,503.3029334194839
354986,1,1,10,719.4383755259191
355008,1,1,9,599.3034626642071
355042,1,1,9,832.4401915212039
355049,1,1,5,0.42645457969393247
355053,1,1,9,818.3573114208913
355062,1,1,9,705.2996866833429
355064,1,1,5,0.42645457969393247
355086,1,1,6,195.73519146986476
355098,1,1,5,0.42645457969393247
355100,1,1,4,0.42645458358136
355107,1,1,6,255.82356398652314
355114,1,1,4,0.42645458358136
355116,1,1,9,484.70501178397427
355134,1,1,4,0.42645458358136
355141,1,1,10,722.593731806068
355148,1,1,10,443.49151757940797
355150,1,1,3,91.12190175725006
355154,1,1,6,322.1560778539306
355155,1,1,6,735.9358692822435
355169,1,1,9,492.91542937304484
355182,1,1,10,126.11605376840079
355194,1,1,9,509.693935934455
355201,1,1,5,0.42645457969393247
355221,1,1,8,450.1996360255738
355233,1,1,5,0.42645457969393247
355234,1,1,9,890.9455514383399
355247,1,1,5,0.42645457969393247
355256,1,1,5,0.42645457969393247
355261,1,1,8,355.3360208790405
355263,1,1,6,712.6914915568011
355266,1,1,3,64.7277767709072
355268,1,1,10,416.4081136870458
355273,1,1,10,722.0756545905604
355280,1,1,8,433.2336369943622
355287,1,1,10,711.5473458689224
355292,1,1,1,538.4435443735357
355304,0,1,0,0.09703956078931977
355317,1,1,4,0.42645458358136
355335,1,1,9,456.12972653265217
355367,1,1,2,306.4648017697017
355376,1,1,6,509.00441231545943
355397,1,1,6,222.91191960284277
355406,1,1,6,253.7684559902384
355420,1,1,5,0.42645457969393247
355421,1,1,5,0.42645457969393247
355434,1,1,6,641.5057702292071
355474,1,1,1,333.31085203829554
355489,1,1,6,438.06161390036635
355527,1,1,9,509.41581617701127
355531,1,1,6,335.7550578046841
355537,1,1,6,420.69975303376583
355545,1,1,6,596.7981767494755
355550,1,1,8,774.2590482092089
355553,1,1,8,831.2990877597068
355555,1,1,6,312.39242713497424
355557,1,1,3,92.91208078191487
355583,1,1,7,111.33697147078007
355593,0,1,0,0.12373839835412474
355598,1,1,5,0.42645457969393247
355600,1,1,10,410.919741559432
355602,1,1,6,376.4103970039048
355607,1,1,9,370.84412977050886
355624,1,1,9,618.0220037877344
355649,1,1,8,767.996966358237
355659,1,1,4,0.42645458358136
355695,1,1,5,0.42645456789925423
355703,1,1,8,835.4132076436421
355707,1,1,4,0.42645458358136
355718,1,1,6,540.0907160680277
355727,1,1,5,0.42645457969393247
355732,1,1,10,510.3140279590319
355741,1,1,6,297.3830100330025
355743,1,1,4,0.42645458358136
355775,1,1,7,86.82115839643188
355806,1,1,9,302.74555128014356
355837,1,1,9,651.9875242378015
355843,1,1,7,173.53327588520477
355844,1,1,7,156.29689027511688
355853,1,1,6,174.57160656212173
355858,1,1,7,164.46884663092382
355859,1,1,5,0.42645457969393247
355865,1,1,2,382.4024757300999
355880,1,1,2,424.753406523908
355882,1,1,9,874.4430356879544
355884,1,1,9,874.2228998190294
355889,1,1,8,783.539103419679
355895,1,1,1,378.8333955733216
355897,1,1,10,458.98987617238885
355920,1,1,10,333.3127700842042
355921,1,1,2,465.4196617886924
355926,1,1,8,111.69066246582418
355932,1,1,4,0.42645458358136
355934,1,1,9,352.5939769842986
355936,1,1,9,640.1485855840513
355941,1,1,8,604.9235128435
355945,1,1,8,316.47623605376555
355970,1,1,8,830.0135404289907
355974,1,1,7,79.06460629891124
356036,1,1,2,434.5086592951126
356044,1,1,5,0.42645457969393247
356051,1,1,3,71.33228075924204
356052,1,1,8,529.9396745552675
356057,1,1,9,331.16548790472655
356062,1,1,6,511.61809859482264
356063,1,1,2,312.5602046415996
356067,1,1,8,765.833122439103
356074,1,1,1,411.33230738484747
356080,1,1,10,203.8391708149408
356084,1,1,9,786.2116998638878
356094,1,1,1,293.0026549610164
356097,1,1,9,605.5750154227927
356114,1,1,6,531.5174765375118
356125,1,1,1,696.0870779518318
356148,1,1,1,663.975918724314
356157,1,1,9,607.2789195276329
356159,1,1,9,161.8654096928343
356160,1,1,8,564.4452592040616
356165,1,1,9,877.1421900334719
356167,1,1,10,533.5473405210638
356168,1,1,4,0.42645458358136
356191,1,1,8,395.49090768712614
356195,1,1,5,0.42645457969393247
356205,1,1,9,546.2836458439965
356218,1,1,9,310.8862744263039
356219,1,1,9,583.2789010935879
356220,1,1,9,807.8521252390213
356223,1,1,6,609.6626693253666
356224,1,1,10,461.4585998677282
356227,1,1,9,761.4364335874878
356230,1,1,9,645.6627012524212
356235,1,1,1,227.48086443404875
356250,1,1,5,0.42645457969393247
356252,1,1,8,784.5350671783331
356260,1,1,9,433.2837660325099
356272,0,1,0,0.0964819277536004
356276,1,1,9,739.4462183981461
356307,1,1,8,433.2524329100801
356332,1,1,4,0.42645458358136
356339,1,1,7,155.1520942305473
356383,1,1,9,212.38701731163422
356392,1,1,4,0.42645458358136
356409,1,1,7,147.59762913177593
356411,1,1,10,721.1290034642484
356415,1,1,9,683.7564697975716
356421,0,1,0,0.08918325108929008
356423,1,1,9,592.7045155289322
356477,1,1,10,156.83582455216057
356483,1,1,4,0.42645458358136
356498,1,1,1,394.40232238458987
356499,1,1,1,598.1152176794001
356520,1,1,2,311.74545060062025
356525,1,1,3,92.21609767680152
356534,1,1,6,774.0340873770326
356543,1,1,7,173.97303355871824
356588,1,1,6,448.1284627201633
356604,1,1,9,303.4085567489366
356608,1,1,5,0.42645457969393247
356611,1,1,7,153.19793244252966
356618,1,1,4,0.42645458358136
356637,1,1,1,538.5160205204037
356666,1,1,8,901.096703974964
356672,1,1,1,516.9854820325368
356678,1,1,9,729.5124109034803
356681,1,1,1,346.82324167387003
356702,1,1,8,204.85362913110058
356721,1,1,9,180.18151075850614
356723,1,1,1,566.2091265501145
356734,1,1,7,167.27575182482536
356745,1,1,9,829.4324910528969
356751,1,1,10,407.6906836476634
356757,1,1,4,0.42645458358136
356762,1,1,5,0.42645457969393247
356765,1,1,1,502.26915900022897
356770,1,1,8,424.9210689532952
356773,1,1,8,567.0219839697183
356795,1,1,10,388.9593017297055
356818,1,1,7,69.67814041910509
356827,1,1,9,131.55251520027593
356835,1,1,8,811.0461210118184
356842,1,1,2,292.8497357120204
356846,1,1,4,0.42645458358136
356855,1,1,7,78.68649976382136
356871,1,1,8,520.1956532900796
356877,1,1,4,0.42645458358136
356888,1,1,4,0.42645458358136
356889,1,1,9,144.6744214420428
356891,1,1,6,781.6596533749839
356895,1,1,10,610.5916324176878
356928,1,1,5,0.42645457969393247
356942,1,1,10,427.5044433508876
356964,1,1,5,0.42645457969393247
356970,1,1,9,488.79189289550254
356975,1,1,9,775.0344826677706
356979,1,1,9,870.9717345253947
356982,1,1,6,534.676727664241
356988,1,1,8,813.1039844113313
356998,1,1,4,0.42645457969393247
357002,1,1,4,0.42645458358136
357008,1,1,5,0.42645457969393247
357040,1,1,9,886.1986175851696
357071,1,1,9,543.7673752842406
357073,1,1,9,545.3395600298571
357076,1,1,4,0.42645458358136
357082,1,1,9,782.1095708918916
357097,1,1,5,0.42645457969393247
357107,1,1,3,85.90453054124109
357122,1,1,9,777.2856790840028
357143,1,1,6,275.75866656231653
357156,1,1,8,765.8734151174874
357164,1,1,8,558.7374397379604
357175,1,1,4,0.42645458358136
357178,1,1,1,658.542915079474
357186,1,1,4,0.42645458358136
357195,1,1,9,587.9132599391808
357201,1,1,4,0.42645458358136
357202,1,1,8,885.604371316786
357206,1,1,8,707.5055095567571
357210,1,1,9,276.34600294685947
357214,1,1,7,47.79555022853591
357227,1,1,2,187.4106102933069
357235,1,1,2,217.80685298407246
357244,1,1,1,609.7069385903409
357258,1,1,4,0.42645458358136
357259,1,1,2,158.364946331906
357260,1,1,9,838.1135354048146
357277,1,1,4,0.4264545919581291
357278,1,1,5,0.42645456789925423
357284,1,1,5,0.42645457969393247
357290,1,1,9,636.409514057396
357302,1,1,9,346.66731117146196
357318,1,1,4,0.42645458358136
357341,1,1,8,728.763546124352
357348,1,1,4,0.42645458358136
357376,1,1,9,381.71373361517243
357397,1,1,10,719.6837432826001
357433,1,1,9,546.0200392276788
357442,1,1,3,39.81330659570546
357445,1,1,4,0.42645458358136
357455,0,1,0,0.1449692584085219
357468,1,1,10,527.0114912723559
357470,1,1,5,0.42645457969393247
357476,1,1,6,587.6209070262078
357478,1,1,5,0.42645457969393247
357487,1,1,9,831.1814273305112
357517,1,1,9,340.58699817250226
357523,1,1,5,0.42645457969393247
357531,1,1,7,150.35740427781542
357533,1,1,10,293.4072272457455
357536,1,1,8,263.3387204008287
357543,1,1,6,556.709745324494
357549,1,1,8,861.7823241354595
357552,1,1,6,787.829841611493
357571,1,1,1,657.1732561806976
357583,1,1,9,569.1029415301477
357590,1,1,4,0.42645458358136
357591,1,1,10,196.92979924447175
357594,1,1,5,0.42645457969393247
357654,1,1,6,799.0327039279388
357658,1,1,4,0.4264545919581291
357691,1,1,5,0.42645457969393247
357702,1,1,8,495.8419400095229
357720,1,1,7,141.99394895123498
357729,1,1,5,0.42645457969393247
357730,1,1,10,431.27336642002194
357731,1,1,5,0.42645457969393247
357764,1,1,2,67.34973964080527
357766,1,1,8,781.2370430801079
357767,1,1,6,669.8717727687318
357782,1,1,3,57.304161926216395
357793,1,1,8,445.29708073886815
357795,1,1,4,0.42645458358136
357809,1,1,9,711.7275146877674
357812,1,1,9,516.4915447523701
357815,1,1,5,0.42645457969393247
357816,1,1,8,425.30437916897813
357827,1,1,1,621.7228894134768
357834,1,1,5,0.42645457969393247
357844,1,1,9,852.0051733721131
357889,1,1,7,156.91393639818813
357900,1,1,10,459.5875023214361
357902,1,1,9,810.2997701852466
357918,1,1,5,0.42645457969393247
357922,1,1,3,60.987534596465046
357935,1,1,6,782.6638415566923
357947,1,1,4,0.42645458358136
357951,1,1,7,95.64322836631048
357958,1,1,8,394.76137587691204
357964,1,1,1,451.5448287626319
357971,1,1,5,0.42645457969393247
357985,1,1,9,577.4563133092987
358005,1,1,8,291.8609300803094
358021,1,1,2,134.91700544236127
358049,1,1,8,359.21332714777543
358057,0,1,0,0.1006028030828378
358059,1,1,4,0.42645458358136
358081,1,1,5,0.42645457969393247
358092,1,1,9,607.8592053460752
358093,1,1,5,0.42645457969393247
358094,1,1,9,365.53486914914214
358098,1,1,7,38.449801385750646
358114,1,1,6,212.6280842504157
358123,1,1,5,0.42645457969393247
358135,1,1,8,373.48196195190513
358142,1,1,10,680.602512132105
358147,1,1,4,0.42645458358136
358152,1,1,5,0.42645457969393247
358166,1,1,8,571.7361807335393
358194,1,1,9,688.8169358385907
358202,1,1,10,434.01458106407455
358206,1,1,8,438.0814125685685
358239,1,1,5,0.42645457969393247
358241,1,1,9,365.19173233275296
358252,1,1,4,0.42645458358136
358256,1,1,10,251.65016623834282
358272,1,1,4,0.42645458358136
358327,1,1,2,201.3482724586394
358329,1,1,3,84.45327100200478
358336,1,1,10,571.3732721676606
358358,1,1,2,122.88692338496854
358383,1,1,9,755.4202861701797
358385,1,1,9,836.8750966189813
358389,1,1,9,391.841544724558
358391,1,1,5,0.42645456789925423
358402,1,1,4,0.42645458358136
358407,1,1,6,599.6389012695986
358445,1,1,8,568.3690073874355
358447,1,1,5,0.42645457969393247
358454,1,1,5,0.42645457969393247
358455,1,1,8,494.679171297983
358463,1,1,5,0.42645457969393247
358471,1,1,1,715.3367026957452
358479,1,1,9,568.7115085082551
358493,1,1,6,734.4055061625733
358499,1,1,6,335.1909758020607
358502,1,1,10,674.6898708618626
358506,0,1,0,0.13105458027609496
358510,1,1,5,0.42645457969393247
358524,1,1,4,0.42645458358136
358528,1,1,9,578.5319118804747
358537,1,1,9,856.6360295683921
358540,1,1,5,0.42645457969393247
358542,1,1,10,684.5261804324083
358546,1,1,8,494.97483877550195
358553,1,1,10,290.46971531906826
358554,1,1,5,0.42645457969393247
358593,1,1,6,619.6739786044452
358604,1,1,6,622.0656133134624
358606,1,1,10,699.9604157059326
358621,1,1,1,649.4667794045157
358629,1,1,9,884.9680002408861
358638,1,1,10,592.0705101760783
358656,1,1,8,867.9106104733066
358661,1,1,4,0.42645458358136
358664,1,1,6,431.5823716741514
358668,1,1,4,0.4264545919581291
358681,1,1,10,444.58697181959485
358691,1,1,6,745.9382576230691
358692,1,1,6,407.18518413808755
358697,1,1,10,539.0245309385135
358705,1,1,5,0.42645457969393247
358717,1,1,10,428.6207555873383
358724,1,1,6,264.74618128928347
358729,1,1,6,159.761434972212
358736,1,1,5,0.42645457969393247
358756,1,1,9,854.8365530696465
358775,1,1,10,598.5318200538226
358778,1,1,9,856.6509817682809
358793,1,1,5,0.42645457969393247
358800,1,1,8,617.2076001446883
358814,1,1,4,0.42645458358136
358817,1,1,4,0.42645458358136
358830,1,1,4,0.42645458358136
358834,1,1,10,576.840515307134
358840,1,1,4,0.42645458358136
358844,1,1,10,721.8204677701974
358857,1,1,8,797.9761162708861
358864,1,1,7,149.74917106983796
358874,1,1,3,90.23240511114184
358880,1,1,9,663.0509208149691
358887,1,1,10,134.99600730275495
358891,1,1,8,362.0038807157698
358897,1,1,5,0.42645457969393247
358903,1,1,5,0.42645457969393247
358910,1,1,5,0.42645457969393247
358932,1,1,8,731.2746688219883
358942,1,1,7,138.8139139594097
358957,1,1,3,64.03082109691205
358968,1,1,2,120.66444425165007
358970,1,1,6,781.66496877874
358973,1,1,6,366.43148831369626
358975,1,1,8,405.0991183048999
358983,1,1,9,511.05519346919397
359008,1,1,6,277.21310401833415
359017,1,1,8,464.30351221579537
359036,1,1,6,804.2322532236261
359045,1,1,10,691.4944187801079
359046,1,1,6,314.45624179610144
359048,1,1,4,0.42645458358136
359051,1,1,1,611.8356585084616
359065,1,1,9,492.00111617135707
359071,1,1,10,363.53674347918326
359090,1,1,9,592.3150060848204
359120,1,1,6,734.2800400076335
359128,1,1,10,496.4462445352019
359132,1,1,5,0.42645457969393247
359154,1,1,5,0.42645457969393247
359164,1,1,8,829.4429065354802
359168,1,1,9,470.0125097222421
359187,1,1,4,0.42645458358136
359203,1,1,1,440.7180971642679
359204,1,1,3,94.12355404688827
359225,1,1,9,470.910775971866
359290,1,1,6,583.8583269795091
359319,1,1,3,71.4940060247001
359325,1,1,5,0.42645457969393247
359328,1,1,7,136.31790641729617
359337,1,1,7,68.28755748871929
359345,1,1,1,426.79376366573274
359348,1,1,9,627.8296764223921
359359,1,1,10,499.97504660217226
359361,1,1,3,84.10805681798601
359368,1,1,5,0.42645457969393247
359416,1,1,10,713.027403454374
359421,1,1,4,0.42645458358136
359423,1,1,7,53.579634017159904
359442,1,1,4,0.42645458358136
359444,1,1,6,748.45485456622
359447,1,1,6,577.9488060532315
359452,1,1,6,649.582844357185
359455,1,1,9,406.9051220764738
359487,1,1,4,0.42645458358136
359491,1,1,6,799.3591116492911
359496,1,1,9,798.3757983742806
359505,1,1,10,183.08905383084445
359509,1,1,10,719.971898532702
359513,1,1,8,670.2469206499462
359516,1,1,6,720.9823864786998
359534,1,1,10,357.4794797807419
359536,1,1,9,511.4251687435261
359548,1,1,9,889.3329744802652
359558,1,1,9,431.1982623524835
359569,1,1,5,0.42645457969393247
359572,1,1,3,91.72506396127255
359574,1,1,9,771.358016265413
359579,1,1,9,845.1915818578917
359581,1,1,5,0.42645457969393247
359601,1,1,6,340.7888601673738
359603,1,1,6,466.69004639785817
359621,1,1,8,437.96376333365555
359627,1,1,4,0.4264545919581291
359628,1,1,6,454.9807970010473
359631,1,1,4,0.42645458358136
359640,1,1,4,0.42645458358136
359663,1,1,3,86.25795179222474
359668,1,1,9,876.5460991404113
359679,1,1,8,267.3633684491222
359681,1,1,6,791.531866153207
359690,1,1,5,0.42645457969393247
359701,1,1,10,722.4895405568342
359731,1,1,3,93.31120813921112
359734,1,1,10,653.3773882472342
359736,1,1,8,572.021543381013
359737,1,1,6,491.7704881224303
359743,1,1,6,780.8981943015017
359757,1,1,5,0.42645457969393247
359774,1,1,9,587.7146297809343
359777,1,1,9,165.50570679343843
359818,1,1,9,435.4895197221905
359838,1,1,5,0.42645457969393247
359840,1,1,7,13.318994443642485
359844,1,1,4,0.42645458358136
359852,1,1,7,44.03703878013586
359866,1,1,6,480.45490004410846
359873,1,1,4,0.42645458358136
359877,1,1,6,373.8938103690484
359884,1,1,10,270.87328273822897
359918,1,1,8,120.00096941058119
359920,1,1,4,0.42645458358136
359923,1,1,5,0.42645457969393247
359936,1,1,8,443.99789368905465
359938,1,1,6,746.3721573984382
359946,1,1,9,874.1761268860248
359951,1,1,8,799.9189509029433
359962,1,1,8,868.5808519953063
359979,0,1,0,0.12989169428667233
359982,1,1,2,214.72773037662654
359983,1,1,10,345.1221606237134
359997,1,1,9,411.4191902168863
360004,1,1,6,206.92252670498917
360011,1,1,8,397.016366553067
360014,1,1,7,93.24003084961022
360028,1,1,5,0.42645457969393247
360032,1,1,5,0.42645457969393247
360038,1,1,10,590.1976410165263
360049,1,1,10,88.1918696082088
360072,1,1,6,597.6212828844438
360079,1,1,9,438.26673431407164
360085,1,1,9,508.97607093023254
360092,1,1,8,573.1304002232422
360122,1,1,3,38.01691963900557
360127,1,1,10,283.1052462651293
360131,1,1,6,207.743284733396
360147,1,1,1,755.1596447520664
360149,1,1,5,0.42645457969393247
360164,1,1,10,445.8833016782469
360200,1,1,5,0.42645457969393247
360201,1,1,9,488.8892508923432
360211,0,1,0,0.10423511807838316
360219,1,1,8,916.5105051007075
360227,1,1,2,121.34159637369653
360232,1,1,8,360.9035255088207
360235,1,1,9,772.0827422536172
360250,1,1,6,546.1336887302691
360264,1,1,10,637.0571430893824
360268,1,1,9,793.5694862687646
360270,1,1,4,0.42645458358136
360288,1,1,4,0.42645458358136
360299,1,1,5,0.42645457969393247
360318,1,1,8,943.480775520258
360331,1,1,8,610.3314570563917
360342,1,1,7,57.1100992648504
360343,1,1,10,137.6058248829687
360352,1,1,3,93.057792969454
360366,1,1,10,680.5730789564532
360370,1,1,2,133.97247211962562
360371,1,1,10,415.7648112878429
360385,1,1,6,616.3443952867096
360393,1,1,9,263.6091300491501
360413,1,1,1,565.7900694657114
360418,1,1,8,730.4220603512961
360420,1,1,3,56.60776476679167
360431,1,1,10,409.7694297385882
360434,1,1,7,152.9727760745583
360441,0,1,0,0.11237218744816942
360444,1,1,5,0.42645457969393247
360461,1,1,9,878.4489610581818
360474,1,1,6,606.2814901782115
360488,1,1,3,91.99559004961199
360518,1,1,6,751.6293467497816
360524,1,1,1,520.2497090186084
360537,1,1,2,326.1664845461335
360552,1,1,5,0.42645457969393247
360560,1,1,4,0.42645458358136
360581,1,1,9,349.0466423115536
360599,1,1,9,604.0000780339325
360603,1,1,9,451.7711374608639
360606,1,1,9,871.7393606755722
360607,1,1,8,171.20196434647622
360630,1,1,8,886.9125831154023
360631,1,1,8,486.04035607905126
360649,1,1,6,360.86409104918835
360667,1,1,2,267.3600768980819
360674,1,1,6,487.385561210057
360709,1,1,5,0.42645457969393247
360721,1,1,2,285.71736476012507
360725,1,1,7,105.26239826210367
360732,1,1,5,0.42645457969393247
360738,1,1,5,0.42645457969393247
360758,1,1,5,0.42645457969393247
360761,1,1,4,0.42645458358136
360771,1,1,9,814.5570802107767
360774,1,1,10,508.32686370361284
360783,1,1,9,771.0652390336504
360795,1,1,6,468.1349769840903
360824,1,1,5,0.42645457969393247
360836,1,1,5,0.42645457969393247
360846,1,1,8,546.9966652685414
360854,1,1,8,913.5455122544308
360867,1,1,1,281.58566844892493
360869,1,1,1,448.8899494393651
360892,1,1,6,317.28210703267104
360902,1,1,5,0.42645457969393247
360912,1,1,2,148.03038131689365
360916,1,1,7,153.92963840279833
360938,1,1,7,71.68806291844052
360946,1,1,2,384.15366843061884
360970,1,1,9,874.7259151023663
360984,1,1,3,92.9166547914639
360990,1,1,2,204.92943372600476
361010,1,1,1,691.8374186348998
361032,1,1,9,62.1794191699554
361049,1,1,9,484.62298006308566
361052,1,1,8,182.7613036200835
361055,1,1,9,176.23655210093017
361062,1,1,8,683.4342798446485
361064,1,1,9,495.59029726690005
361069,1,1,9,781.3644227893902
361075,1,1,8,898.9427577238417
361077,1,1,4,0.42645458358136
361086,1,1,7,81.765380477319
361091,1,1,9,511.3538795238688
361095,1,1,1,428.1994402561731
361107,1,1,8,394.280820792761
361112,1,1,5,0.42645457969393247
361121,1,1,8,459.77200178260466
361128,1,1,10,629.0677632065559
361133,1,1,7,156.84315628161667
361135,1,1,10,315.3269570354018
361136,1,1,6,487.125353873942
361138,1,1,8,346.47570273512133
361159,1,1,10,679.5987073356745
361163,1,1,6,442.67560697752805
361165,1,1,3,91.79138904249706
361184,1,1,6,714.0063555889092
361192,1,1,1,294.7074606641252
361198,1,1,4,0.42645458358136
361221,1,1,9,473.3138407913394
361229,1,1,9,573.0787228319267
361238,1,1,9,259.7455943884312
361253,1,1,4,0.4264545919581291
361267,1,1,2,229.02838551515427
361275,1,1,5,0.42645457969393247
361277,1,1,2,191.30604323007503
361280,1,1,3,87.30834938803878
361290,1,1,8,719.7698812285216
361303,1,1,8,910.037283395415
361318,1,1,5,0.42645457969393247
361325,1,1,10,596.3022529896675
361332,1,1,7,9.467595696310044
361333,1,1,4,0.42645458358136
361335,1,1,1,180.04999540497099
361348,1,1,6,679.356156250355
361362,1,1,9,565.7223607374401
361398,1,1,9,198.29643837961572
361408,1,1,6,158.5326617295088
361410,1,1,9,652.2473294039448
361414,1,1,8,306.0664146055874
361416,1,1,5,0.42645457969393247
361417,1,1,8,731.7321834239863
361420,1,1,6,458.0535668476476
361424,1,1,3,91.20032793706321
361446,1,1,4,0.42645458358136
361450,1,1,6,618.3039690686378
361494,1,1,6,560.1987209532188
361516,1,1,9,788.8324752431893
361522,1,1,10,259.8172270206302
361564,1,1,5,0.42645457969393247
361576,1,1,4,0.42645458358136
361582,1,1,5,0.42645457969393247
361584,1,1,6,478.85426001006397
361592,1,1,8,710.0414921817157
361611,1,1,10,695.5003330113954
361624,1,1,6,431.879679049158
361625,1,1,5,0.42645457969393247
361629,1,1,6,600.5044361707921
361639,1,1,9,641.1589493721342
361640,1,1,2,164.67853521306216
361646,1,1,10,437.66344286591436
361654,1,1,8,703.3720900721695
361655,1,1,10,453.8246503791315
361660,1,1,8,234.20420004714535
361661,1,1,9,654.8619344899737
361662,1,1,7,149.07072864794557
361667,1,1,7,169.14150443182936
361700,1,1,9,238.9087052528039
361703,1,1,5,0.42645457969393247
361707,1,1,8,514.6481034986189
361715,1,1,8,517.6580829295409
361721,1,1,9,170.46440237594894
361723,1,1,7,173.38009018551907
361735,1,1,7,14.667405226298726
361738,1,1,6,431.2359892845472
361752,1,1,7,126.9968698244491
361790,1,1,2,348.5576398792017
361800,1,1,8,561.9272968862771
361803,1,1,10,643.6363880549264
361808,1,1,4,0.42645458358136
361816,1,1,9,179.2038168984668
361831,1,1,1,693.5492219334162
361832,1,1,1,667.3374023475753
361836,1,1,5,0.42645457969393247
361837,1,1,9,105.47726028237422
361841,1,1,5,0.42645457969393247
361852,1,1,8,234.15117027962756
361859,1,1,6,155.18371383507454
361868,1,1,6,513.7815795428004
361878,1,1,10,439.9224978543201
361886,1,1,9,569.2646194082649
361896,1,1,10,232.33594484808404
361900,1,1,7,69.65710044602389
361908,1,1,6,695.5890665167251
361911,1,1,10,656.2843910540416
361939,1,1,1,214.2310914961117
361964,1,1,4,0.42645458358136
361971,1,1,6,803.3305417840886
361992,1,1,8,778.4903534988033
362007,1,1,8,338.1115095684742
362017,1,1,1,466.5147756354569
362029,1,1,1,710.6743825027348
362079,1,1,8,774.1106945324249
362091,1,1,7,162.00429515508705
362096,1,1,10,180.46981964102142
362112,1,1,6,207.95283524646268
362134,1,1,9,756.7214697068592
362160,1,1,8,866.7277185484476
362177,1,1,8,497.3153154823875
362194,1,1,10,197.81437062694565
362196,1,1,9,80.02292183862443
362198,1,1,7,76.70084061401747
362210,1,1,7,83.89867199012582
362211,1,1,4,0.42645458358136
362213,1,1,10,415.9167099072431
362214,1,1,9,704.1998185706162
362227,1,1,9,207.97348436418946
362233,1,1,6,727.9723742335053
362238,1,1,8,518.7213276306644
362241,1,1,4,0.4264545919581291
362260,1,1,10,331.92553921019254
362264,1,1,5,0.42645457969393247
362285,1,1,4,0.42645458358136
362296,1,1,9,843.4191814560833
362299,1,1,2,480.39949964073986
362322,1,1,9,642.2126267277947
362327,1,1,4,0.42645458358136
362340,1,1,8,841.3919764842001
362347,1,1,9,356.76413118647093
362357,1,1,9,429.8165436803658
362360,1,1,1,225.59928757853052
362364,1,1,5,0.42645457969393247
362371,1,1,9,476.7775630405087
362377,1,1,9,752.9480466794071
362396,1,1,3,90.78720887165139
362411,1,1,8,623.1868859529197
362414,1,1,4,0.42645458358136
362422,1,1,4,0.42645458358136
362428,1,1,6,810.822713780122
362441,1,1,8,868.6351559569736
362451,1,1,9,573.1643747354955
362453,1,1,7,119.0314224471245
362486,1,1,6,756.4699058628573
362488,1,1,2,437.2319630327075
362499,1,1,10,491.7319744600939
362507,1,1,5,0.42645457969393247
362510,1,1,9,735.3642161231357
362522,1,1,6,166.8378107731684
362526,1,1,9,527.6348133056509
362533,1,1,8,573.057682589697
362541,1,1,4,0.4264545919581291
362552,1,1,1,297.6518000177104
362554,1,1,8,865.7508613083417
362575,1,1,8,183.6561974779297
362587,1,1,9,427.46082147334124
362588,1,1,6,449.3577837447296
362613,1,1,9,613.0048154829308
362624,1,1,4,0.42645458358136
362637,1,1,4,0.42645458358136
362645,1,1,9,369.88751301119095
362648,1,1,10,719.7235959284772
362661,1,1,2,398.4392530962332
362662,1,1,8,767.5910061050374
362679,1,1,8,356.2962015751924
362688,1,1,9,658.6091698384678
362696,1,1,9,829.5889434139257
362708,1,1,6,707.0463134308051
362726,1,1,4,0.42645457969393247
362735,1,1,5,0.42645457969393247
362736,1,1,6,109.46061355664497
362743,1,1,8,278.51543330520826
362760,0,1,0,0.3869909067966183
362769,1,1,4,0.42645458358136
362776,1,1,10,576.047472249412
362792,1,1,9,865.5864681121378
362793,1,1,3,86.05451032221887
362796,1,1,4,0.42645458358136
362812,1,1,7,62.334442607729
362817,1,1,5,0.42645457969393247
362820,1,1,6,774.838265052824
362837,1,1,6,802.8990391644967
362838,1,1,7,118.0431168126579
362845,1,1,8,449.93270394818325
362848,1,1,9,191.44606638636043
362859,0,1,0,0.11351626982348623
362865,1,1,9,560.2058154860383
362869,1,1,7,55.350283501999144
362878,1,1,4,0.42645458358136
362885,1,1,3,91.10312841305809
362900,1,1,10,720.1643810474868
362902,1,1,3,45.33718519466546
362905,1,1,9,579.5602878892316
362909,1,1,1,523.4368018739732
362983,1,1,10,521.3864682857837
362993,0,1,0,0.12056729123745454
363008,1,1,7,88.79233486072296
363013,1,1,6,606.3943819951736
363021,1,1,6,744.8613293811651
363031,1,1,9,740.650043156536
363035,1,1,8,485.19611190358734
363037,1,1,10,184.59093232440912
363054,1,1,10,519.3116590611673
363058,1,1,9,554.9618577248673
363075,1,1,4,0.42645458358136
363091,1,1,7,61.67684870285326
363110,1,1,7,171.54618233297015
363123,1,1,8,770.3706033565101
363124,1,1,8,324.4826319097792
363132,1,1,8,835.3387292379961
363160,1,1,5,0.42645457969393247
363165,1,1,8,790.7784421586223
363187,1,1,8,565.481311263233
363197,1,1,5,0.42645457969393247
363203,1,1,7,147.27179311197492
363204,1,1,1,554.731350232243
363208,1,1,8,467.94407799659484
363213,1,1,10,721.072718495501
363221,1,1,10,433.3611388497688
363223,1,1,4,0.42645458358136
363225,1,1,4,0.42645458358136
363241,1,1,4,0.42645458358136
363252,1,1,10,444.3041275117183
363296,1,1,9,543.1786944622087
363299,1,1,9,785.469612956909
363303,1,1,10,460.34815417963136
363308,1,1,9,504.3019666573991
363317,1,1,1,428.1366293629853
363340,1,1,4,0.42645458358136
363343,1,1,5,0.42645457969393247
363347,1,1,8,503.1495314055054
363367,1,1,9,821.6015768080097
363390,1,1,8,357.63681608356904
363420,1,1,8,567.9881121063413
363447,1,1,9,467.35848158141846
363452,1,1,8,383.3565020311142
363458,1,1,7,136.15940994496466
363470,1,1,10,719.4286624077101
363477,1,1,10,247.3888786969473
363547,1,1,10,490.33219134045487
363561,1,1,10,717.3896446937309
363571,1,1,9,422.0089726796974
363591,1,1,8,657.6933645407362
363611,1,1,3,53.90835394904565
363613,1,1,5,0.42645457969393247
363614,0,1,0,0.11309325237097746
363623,1,1,5,0.42645457969393247
363633,1,1,9,860.3296557238666
363639,1,1,1,525.0741362872828
363649,1,1,9,757.7939047530383
363658,1,1,9,872.6311478530325
363666,1,1,6,300.0333892532457
363670,1,1,2,480.5112353855886
363679,1,1,3,92.00933002444393
363680,1,1,6,783.6096698215596
363682,1,1,9,376.57115607305366
363688,1,1,9,154.6706838935956
363689,1,1,8,780.9653249287496
363694,1,1,9,775.7256699922433
363705,1,1,6,501.5395642861416
363717,1,1,6,335.47208589900436
363722,1,1,4,0.42645458358136
363734,1,1,6,336.50990637197384
363749,1,1,1,379.012625321423
363752,1,1,8,938.335444339347
363754,1,1,7,57.5910660485491
363757,1,1,6,443.1853286894811
363771,1,1,8,343.7143528298618
363786,1,1,9,534.0623906451912
363788,1,1,9,423.1153415343039
363789,1,1,10,261.98088763510185
363790,1,1,8,811.2340744647039
363812,1,1,1,376.1840379228398
363821,1,1,5,0.42645457969393247
363828,1,1,3,77.02326540884513
363831,1,1,10,227.8247628081562
363847,1,1,5,0.42645457969393247
363859,1,1,9,614.1751684929035
363860,1,1,10,280.83462824144027
363880,1,1,4,0.4264545919581291
363882,1,1,10,297.19887296651535
363889,1,1,5,0.42645457969393247
363896,1,1,4,0.42645458358136
363921,1,1,4,0.42645458358136
363967,1,1,10,125.8029956070996
363970,1,1,8,759.1816372672071
363973,1,1,9,471.32221182567406
363974,1,1,10,721.9095310629807
363979,1,1,4,0.42645458358136
363996,1,1,8,470.79587608195425
364000,1,1,6,624.0484931360405
364010,1,1,8,211.47358802347537
364027,1,1,5,0.42645457969393247
364061,1,1,5,0.42645457969393247
364074,1,1,8,763.0473909129544
364078,1,1,8,575.8518155225051
364097,1,1,8,455.5359015757995
364103,1,1,10,717.4136919556024
364106,1,1,9,778.8063703012546
364109,1,1,5,0.42645457969393247
364121,1,1,8,177.57230473391823
364123,1,1,5,0.42645457969393247
364126,1,1,5,0.42645457969393247
364132,1,1,9,799.5475149230541
364147,1,1,4,0.42645458358136
364162,1,1,2,374.1766601249725
364164,1,1,5,0.42645457969393247
364171,1,1,10,302.9387646743683
364176,1,1,5,0.42645457969393247
364189,1,1,5,0.42645457969393247
364192,1,1,3,81.45466306590608
364198,1,1,9,456.4001363168585
364216,1,1,8,325.11229867529977
364222,1,1,6,140.29202817270445
364229,1,1,6,310.13037664931295
364235,1,1,9,782.4038885702867
364239,1,1,9,393.3148824748892
364249,1,1,4,0.42645458358136
364257,1,1,5,0.42645457969393247
364265,1,1,8,582.175707075283
364280,1,1,2,453.34066086877453
364283,1,1,4,0.42645458358136
364285,1,1,9,526.3474695918422
364289,1,1,9,865.6528369983471
364325,1,1,9,822.0055278239798
364337,1,1,5,0.42645457969393247
364339,1,1,8,821.172178550537
364349,1,1,9,482.80955563913494
364365,1,1,8,868.5664557801358
364366,1,1,1,604.681132535362
364373,1,1,3,90.6102103313603
364395,1,1,4,0.42645458358136
364403,1,1,5,0.42645457969393247
364413,1,1,5,0.42645457969393247
364415,1,1,1,329.3436038101777
364419,1,1,2,74.37867168687943
364425,1,1,2,355.7326246661445
364427,1,1,4,0.42645458358136
364433,1,1,4,0.42645458358136
364434,1,1,4,0.42645458358136
364462,1,1,1,431.4962415221606
364466,1,1,5,0.42645457969393247
364470,1,1,4,0.42645458358136
364475,1,1,4,0.4264545919581291
364487,1,1,8,153.04377079386487
364496,1,1,1,558.7859483502551
364503,1,1,8,536.0724900422699
364516,1,1,8,476.3799119442204
364518,1,1,2,351.38116135794775
364530,1,1,8,832.0425305203912
364540,1,1,10,717.0590236338696
364543,1,1,9,446.5405087885666
364559,1,1,4,0.42645458358136
364561,1,1,8,913.0794097753
364579,1,1,8,671.9514524423528
364597,1,1,8,813.2381720414747
364599,1,1,8,241.64438376309712
364615,1,1,10,360.0007063002366
364648,1,1,1,605.0165652017175
364659,1,1,9,867.9094786033211
364662,1,1,4,0.42645458358136
364669,1,1,5,0.42645457969393247
364676,1,1,4,0.42645458358136
364707,1,1,7,137.78623618913255
364722,1,1,6,411.2303639135047
364727,1,1,5,0.42645457969393247
364728,1,1,6,660.1691398366286
364748,1,1,8,426.5870218561517
364763,1,1,6,644.1602598204777
364777,1,1,10,450.4208353958357
364783,1,1,6,721.093747654534
364787,1,1,10,720.0968184688159
364790,1,1,10,246.94573501269048
364792,1,1,10,322.63180140741224
364814,1,1,8,733.1823952634447
364829,1,1,6,737.7496150351201
364849,1,1,10,325.15698686220355
364860,1,1,5,0.42645457969393247
364864,1,1,3,70.7800162409649
364878,1,1,6,256.2452470555388
364881,1,1,6,701.5941076731266
364882,1,1,8,761.2395015042115
364885,1,1,7,27.298761071917184
364896,1,1,4,0.42645458358136
364899,1,1,9,685.8924124405348
364918,1,1,10,434.1119774769917
364923,1,1,9,714.5943467648939
364936,1,1,3,91.89939477407555
364943,1,1,8,899.8541394171039
364944,1,1,9,865.815117000991
364957,1,1,1,604.546974085676
364965,1,1,10,123.16363618528615
364981,1,1,10,162.63242844210993
365033,1,1,3,44.71798547009264
365036,1,1,10,418.29670527852284
365048,1,1,1,617.3351805552326
365058,1,1,4,0.42645458358136
365076,1,1,8,469.55147805265705
365079,1,1,1,546.172141299498
365101,1,1,2,141.79502880899207
365108,1,1,1,498.0989107393426
365113,1,1,9,581.1901108432384
365127,1,1,5,0.42645457969393247
365129,1,1,5,0.42645457969393247
365140,1,1,8,426.671248694355
365157,1,1,9,223.64855094927654
365170,1,1,6,504.7396136390436
365184,1,1,10,678.5437806569478
365185,1,1,4,0.4264545919581291
365186,1,1,8,274.2711391851715
365188,1,1,7,126.62459206785371
365190,1,1,9,636.0994655449931
365195,1,1,2,321.7761224258048
365208,1,1,4,0.42645458358136
365214,1,1,5,0.42645457969393247
365230,1,1,8,651.5459459927916
365233,1,1,8,481.5330309652481
365236,1,1,9,876.9547439721415
365248,1,1,5,0.42645457969393247
365258,1,1,7,7.327222554585945
365265,1,1,8,624.4952102392436
365272,1,1,5,0.42645457969393247
365301,1,1,8,753.3672691305807
365343,1,1,9,319.78530194897087
365346,1,1,8,886.7484658809035
365354,1,1,6,437.9046743072398
365366,1,1,10,591.6390927579394
365367,1,1,9,110.5296845888716
365376,1,1,1,670.679818217156
365380,1,1,4,0.42645458358136
365383,1,1,10,570.0676275922058
365388,1,1,5,0.42645457969393247
365403,1,1,3,56.650431443066225
365420,1,1,3,91.5379732768031
365448,1,1,9,738.668908360519
365473,1,1,3,45.87309593531117
365477,1,1,6,331.665586158366
365487,1,1,5,0.42645457969393247
365506,1,1,8,196.24141406173348
365510,1,1,4,0.4264545919581291
365512,1,1,8,216.89070263586393
365536,1,1,1,262.93947342055856
365538,1,1,9,516.326289155426
365545,1,1,3,88.1423400471005
365571,1,1,4,0.42645458358136
365584,1,1,4,0.42645458358136
365588,1,1,6,654.284247731411
365590,1,1,8,812.5980273667913
365591,1,1,8,442.0877088990283
365596,1,1,4,0.42645457969393247
365597,1,1,9,792.2959679655997
365604,1,1,6,632.7251667178541
365617,1,1,8,733.6556887556771
365631,1,1,3,83.3933280632879
365638,1,1,9,666.2294912274474
365667,1,1,9,246.43109997516746
365675,0,1,0,0.11260348204914555
365677,1,1,5,0.42645457969393247
365682,1,1,6,406.8225708462105
365687,1,1,6,176.27634355456533
365694,1,1,2,390.18494313162785
365696,1,1,3,71.96377852705216
365701,1,1,7,173.83040374440375
365704,1,1,7,79.93201607422824
365706,1,1,4,0.42645458358136
365710,1,1,6,731.1282800641801
365711,1,1,10,193.9523876746445
365713,1,1,10,723.267233737766
365739,1,1,10,292.1417004114119
365740,1,1,9,577.722024082895
365741,1,1,8,349.41186684626126
365765,1,1,1,393.55034174133306
365775,1,1,10,558.90479323772
365783,1,1,10,175.8277906815553
365790,1,1,4,0.42645458358136
365795,1,1,4,0.42645458358136
365806,1,1,5,0.42645457969393247
365809,1,1,7,132.1077131374218
365830,1,1,2,374.1319334335911
365841,1,1,5,0.42645457969393247
365858,1,1,5,0.42645457969393247
365867,1,1,9,350.82852954919963
365870,0,1,0,0.24330863512799497
365881,1,1,9,485.391846603499
365887,1,1,8,833.1580858624872
365891,1,1,6,715.2416171109485
365895,1,1,7,2.613148397789406
365908,1,1,8,459.9041115072156
365909,1,1,8,910.1887999940267
365910,1,1,7,43.50343411351252
365921,1,1,6,798.8119088590418
365951,1,1,7,128.17239767003605
365975,1,1,10,153.8281812919445
366001,1,1,8,520.4811510542
366006,1,1,8,509.9476363339542
366023,1,1,5,0.42645457969393247
366028,1,1,6,559.6024873706522
366031,1,1,10,421.8000914914714
366040,1,1,8,308.5749966988294
366042,1,1,9,599.1717809250526
366049,1,1,6,618.2186628976623
366061,1,1,5,0.42645457969393247
366062,1,1,8,660.3931263510776
366076,1,1,5,0.42645456789925423
366079,1,1,1,344.0255094253385
366089,1,1,8,828.4901930427558
366106,0,1,0,0.1273776514991153
366119,1,1,3,88.30499620459061
366136,1,1,4,0.42645458358136
366152,1,1,8,454.59336238422895
366155,1,1,6,524.287502646607
366204,1,1,4,0.42645458358136
366214,1,1,5,0.42645457969393247
366219,1,1,9,876.158275316095
366223,1,1,9,557.1108335376136
366227,1,1,1,378.4404946042271
366231,1,1,10,608.9052557358913
366235,1,1,5,0.42645457969393247
366244,1,1,5,0.42645457969393247
366255,1,1,5,0.42645457969393247
366259,1,1,2,288.7297804735608
366288,1,1,6,650.9258657449456
366297,1,1,9,432.8100205565315
366335,1,1,9,882.1903117986387
366342,1,1,6,618.3780285272095
366346,1,1,5,0.42645457969393247
366362,1,1,8,636.957791526879
366395,1,1,9,747.8199103957485
366396,1,1,3,37.144315452114405
366404,1,1,6,117.4735978486754
366410,1,1,2,388.62642590784014
366437,1,1,4,0.42645458358136
366444,1,1,6,618.1362112387254
366445,1,1,8,162.14324314006092
366463,1,1,5,0.42645457969393247
366493,1,1,8,696.4901014421423
366497,1,1,3,87.61334763591556
366500,1,1,5,0.42645457969393247
366527,1,1,1,753.0808489959022
366544,1,1,8,511.07667859198125
366548,1,1,7,155.1272252554748
366554,1,1,6,507.35871820633247
366561,1,1,6,801.8978596705601
366562,1,1,5,0.42645457969393247
366565,1,1,4,0.42645458358136
366590,1,1,9,354.94120837079214
366593,1,1,4,0.42645458358136
366634,1,1,9,504.5294792588875
366647,1,1,6,777.6651875002427
366648,1,1,10,175.19256770953876
366654,1,1,9,774.9226338598776
366655,1,1,3,90.40844382133298
366662,1,1,7,86.5537055795376
366666,1,1,8,641.4200966608736
366670,1,1,1,552.5220132335205
366671,1,1,6,721.1181919989257
366702,1,1,4,0.42645458358136
366717,1,1,10,720.3531350155863
366725,1,1,10,487.02895901668285
366731,1,1,9,813.3584859796069
366741,1,1,10,337.7719508751048
366746,1,1,1,759.0726139073536
366753,1,1,2,447.0835793366404
366780,1,1,8,705.6821905014086
366812,1,1,10,223.67720802723912
366822,1,1,9,169.06643483600638
366824,1,1,5,0.42645457969393247
366848,1,1,1,287.92298823440274
366863,1,1,9,576.565738069774
366871,1,1,6,167.68264324661703
366879,1,1,6,372.5261026113283
366881,1,1,5,0.42645457969393247
366885,1,1,8,780.5063587622914
366886,1,1,4,0.42645458358136
366891,1,1,6,731.3242095630399
366910,1,1,6,597.7501039334546
366920,1,1,1,632.7605539029328
366923,1,1,8,865.8305322405665
366946,1,1,9,744.0823744909267
366948,1,1,5,0.42645457969393247
366954,1,1,9,350.0105957397296
366961,1,1,9,403.4334775843429
366969,1,1,3,89.86270711657508
367001,1,1,6,356.6309562172742
367004,1,1,5,0.42645457969393247
367013,1,1,8,536.2938771174939
367031,1,1,9,96.61668262659336
367041,1,1,9,356.6582732959
367068,1,1,5,0.42645457969393247
367073,1,1,5,0.42645457969393247
367075,1,1,9,816.0310091053859
367077,1,1,2,74.44193654317839
367089,1,1,1,709.867580068699
367090,1,1,3,90.26560360005027
367091,1,1,9,246.79156092510289
367094,1,1,9,448.6027889789873
367099,1,1,8,767.3668790187357
367109,1,1,6,256.0083347813547
367142,1,1,10,124.27786165339502
367165,1,1,9,135.29887113074233
367180,1,1,9,584.8654448307806
367207,1,1,6,214.84388809440438
367228,1,1,4,0.42645458358136
367237,1,1,5,0.42645457969393247
367239,1,1,9,270.65594859929115
367245,1,1,4,0.42645458358136
367249,1,1,6,260.2638614572944
367271,1,1,6,761.927904153802
367275,1,1,2,362.17576111664584
367277,1,1,2,251.77384891010635
367284,1,1,9,572.2335649640188
367289,1,1,4,0.42645458358136
367293,1,1,5,0.42645457969393247
367294,1,1,2,298.7361507403207
367299,1,1,2,141.51817929317656
367322,1,1,10,461.6574742922111
367350,1,1,5,0.42645457969393247
367353,1,1,5,0.42645457969393247
367357,1,1,8,930.4093579945385
367359,1,1,4,0.42645458358136
367384,1,1,5,0.42645457969393247
367390,1,1,7,154.37253590706337
367401,1,1,5,0.42645457969393247
367413,1,1,9,570.1386666793894
367418,1,1,9,831.5792862045022
367431,1,1,10,646.8429279300708
367441,1,1,8,606.1737154957624
367462,1,1,6,424.476204324233
367464,1,1,9,322.2534393546779
367465,1,1,9,523.0996267804863
367475,1,1,8,307.24688359323164
367478,1,1,2,225.80144593612314
367503,1,1,10,278.6892017076603
367535,1,1,9,669.6427278257155
367540,1,1,4,0.42645458358136
367571,1,1,10,668.6222458700281
367583,1,1,4,0.42645458358136
367584,1,1,9,746.6340395374579
367585,1,1,3,83.66670143985084
367592,1,1,6,343.08387572393934
367604,1,1,6,399.8541230811857
367637,1,1,9,532.9470650434896
367639,1,1,9,428.08834591166675
367644,1,1,8,484.27368832123057
367651,1,1,9,540.8291707687612
367660,1,1,6,339.43746224244455
367666,1,1,4,0.42645458358136
367673,1,1,6,484.3768125174195
367679,1,1,8,605.7916157419123
367688,1,1,9,561.3048756787625
367705,1,1,10,130.44673957430052
367708,1,1,4,0.42645458358136
367712,1,1,5,0.42645457969393247
367721,1,1,9,548.6914551809917
367728,1,1,4,0.42645458358136
367743,1,1,9,399.34647749685547
367748,1,1,5,0.42645457969393247
367769,1,1,6,460.5764649917468
367780,1,1,6,240.72559389731921
367785,1,1,8,835.9251717636783
367791,1,1,8,733.9791651741733
367796,1,1,9,860.8052707315056
367806,1,1,5,0.42645457969393247
367824,1,1,1,471.66258010202944
367825,1,1,6,301.4588295482894
367830,1,1,8,351.6145936413467
367837,1,1,7,169.91548098841895
367839,1,1,8,308.0819103374433
367843,1,1,1,531.5386064303146
367848,1,1,2,308.85776071205026
367852,1,1,5,0.42645457969393247
367854,1,1,6,312.9121436350252
367857,1,1,6,535.5396518305882
367861,1,1,1,763.055818527902
367874,1,1,2,469.18929496785375
367881,1,1,10,488.18977813711484
367882,1,1,9,749.4646739061602
367892,1,1,8,402.46212021520114
367902,1,1,8,506.7928519248554
367918,1,1,1,676.1315867480886
367925,1,1,9,298.726095639703
367935,1,1,9,160.8721435173239
367954,1,1,1,244.25025746411586
367958,1,1,5,0.42645457969393247
367960,1,1,9,700.3713407915108
367961,1,1,10,492.9221061381139
367965,1,1,9,645.0598034699466
367969,1,1,4,0.42645458358136
367999,1,1,10,680.0818305927852
368014,1,1,8,413.74197403043286
368017,1,1,4,0.42645458358136
368020,1,1,8,601.2782205692197
368023,1,1,1,489.22945406007244
368053,1,1,5,0.42645457969393247
368064,1,1,4,0.42645458358136
368086,1,1,4,0.4264545919581291
368094,1,1,3,71.38792772473465
368127,1,1,9,720.67132532896
368143,1,1,4,0.42645458358136
368146,1,1,5,0.42645457969393247
368148,1,1,7,151.05072150320962
368150,1,1,4,0.42645458358136
368171,1,1,10,421.6569067013157
368172,1,1,5,0.42645457969393247
368187,1,1,6,562.8354660745068
368191,1,1,8,511.9098017674911
368198,1,1,5,0.42645457969393247
368223,1,1,4,0.42645458358136
368248,1,1,6,356.0710053262058
368254,1,1,3,88.71052269749559
368267,1,1,4,0.42645458358136
368321,1,1,10,566.0908810657108
368372,1,1,8,419.3666274298289
368376,0,1,0,0.1606264038436733
368391,1,1,1,666.962268730566
368409,1,1,5,0.42645457969393247
368411,1,1,8,557.2109403170626
368444,1,1,5,0.42645457969393247
368450,1,1,6,218.3336740785412
368479,1,1,8,829.8222967496359
368492,1,1,6,289.1678729370736
368496,1,1,10,520.207749786333
368505,1,1,10,694.7137038971738
368511,1,1,10,635.7820294745374
368530,1,1,6,507.63539268130734
368531,1,1,6,515.8224287742221
368546,1,1,3,79.34349732149398
368552,1,1,4,0.4264545919581291
368555,1,1,6,658.4332010786696
368564,1,1,8,798.6400245892103
368575,1,1,6,409.2436698293037
368589,1,1,7,62.94160586784328
368592,1,1,6,419.0903908180935
368593,1,1,1,543.2601713725285
368596,1,1,5,0.42645457969393247
368621,1,1,8,331.3002422471798
368633,1,1,9,691.3290552174573
368651,1,1,7,159.96681307215832
368655,1,1,8,739.5321254320266
368662,1,1,3,91.68910474838326
368663,1,1,7,153.65172631546776
368666,1,1,9,538.6884809102382
368680,1,1,6,810.1866533232118
368684,1,1,10,543.7863852169446
368686,1,1,4,0.42645458358136
368688,1,1,2,389.4016398364586
368696,1,1,4,0.42645458358136
368722,1,1,1,318.6046452025905
368734,1,1,1,678.2967173838509
368743,1,1,6,499.11946051828284
368748,1,1,4,0.42645458358136
368749,1,1,4,0.42645458358136
368770,1,1,10,294.55130260649605
368786,1,1,7,173.20403672748657
368787,1,1,10,413.03416541482
368790,1,1,2,135.91676923604396
368823,1,1,5,0.42645457969393247
368849,1,1,4,0.42645458358136
368872,1,1,9,513.5079987735111
368881,1,1,9,51.40194994666836
368883,1,1,9,243.44859958609604
368907,1,1,5,0.42645457969393247
368927,1,1,7,127.07067322625645
368934,1,1,9,408.45507182974916
368937,1,1,4,0.42645458358136
368961,1,1,1,361.5460271495123
368972,1,1,10,541.5499628353219
368980,1,1,8,328.89775521890454
368997,1,1,6,675.2868197975552
369008,1,1,2,64.0102940264245
369020,1,1,1,544.5971334848986
369030,1,1,9,106.78283405121786
369052,1,1,9,730.0044955885793
369059,1,1,8,300.58822070668754
369062,1,1,3,74.53327753666076
369085,1,1,7,67.86290663944231
369097,1,1,9,885.8082419231271
369106,1,1,6,198.27454324389402
369107,1,1,10,620.4187932035297
369108,1,1,2,218.22380164971872
369119,1,1,8,751.5228410905398
369127,1,1,9,242.79551681006325
369149,1,1,2,254.68931048778282
369164,1,1,5,0.42645457969393247
369167,1,1,8,942.4912392710553
369176,1,1,6,586.6157662164004
369179,1,1,6,800.1643109481433
369197,1,1,4,0.42645458358136
369208,1,1,9,620.4986793300274
369212,1,1,1,411.7157161405129
369243,1,1,10,679.4444186550934
369255,1,1,8,837.7903839433664
369263,1,1,9,578.2401994844515
369267,1,1,8,690.2244112499483
369282,1,1,6,307.6768484871004
369289,1,1,5,0.42645457969393247
369295,1,1,8,297.5675492267052
369300,1,1,4,0.42645458358136
369333,1,1,5,0.42645457969393247
369345,1,1,4,0.42645458358136
369347,1,1,5,0.42645457969393247
369352,1,1,9,786.742122568635
369355,1,1,1,583.6326220272807
369367,1,1,10,698.3295569720767
369376,1,1,1,728.6959302167529
369421,1,1,6,270.7367016108366
369422,1,1,1,730.2029475370889
369435,1,1,8,690.8633865288979
369469,1,1,4,0.42645458358136
369470,1,1,10,719.7857130096418
369477,1,1,8,724.5350544801743
369482,1,1,10,381.99120426428476
369490,1,1,1,604.9457736804103
369494,1,1,9,117.17308441427502
369502,1,1,7,163.9886412986804
369508,1,1,5,0.42645457969393247
369509,1,1,2,348.54418511191074
369524,1,1,8,368.9265850451163
369530,1,1,8,611.9037234871173
369548,0,1,0,0.11923160111670851
369551,1,1,8,633.5866546603849
369569,1,1,6,326.14330510421206
369571,1,1,3,91.72499697901124
369575,1,1,4,0.4264545919581291
369577,1,1,1,241.29025901825594
369598,1,1,2,195.66301969033526
369599,1,1,5,0.42645457969393247
369601,1,1,6,232.39074239579364
369618,1,1,6,236.28228691119466
369629,1,1,8,386.25066488620456
369633,1,1,2,209.83580243435037
369635,1,1,6,536.6260199107579
369638,1,1,8,848.2305671598723
369658,1,1,1,622.3043046077653
369662,1,1,6,697.2067409484982
369670,1,1,6,784.3234184244897
369676,1,1,10,351.5524060652466
369682,1,1,3,50.55269792961521
369683,1,1,6,791.4520365517491
369687,1,1,1,626.2202905793505
369716,1,1,1,242.4034885047911
369722,1,1,7,5.47542301042939
369739,1,1,6,713.9354805992657
369744,1,1,8,746.2753487291812
369760,1,1,5,0.42645457969393247
369767,1,1,9,770.2511689187673
369774,1,1,6,338.4467962424675
369783,1,1,9,576.9947794188048
369788,1,1,3,69.74866346846864
369795,1,1,9,879.8868447793768
369800,1,1,6,575.9636246385148
369801,1,1,6,484.4132901794415
369805,1,1,9,794.5294948395392
369807,1,1,8,614.3281262078528
369810,1,1,9,652.2265957128984
369812,1,1,1,709.597973070412
369820,1,1,4,0.4264545919581291
369826,1,1,9,676.4415362281106
369827,1,1,9,652.4449090751301
369829,1,1,10,650.6522022449604
369832,1,1,9,515.3072944795756
369835,1,1,5,0.42645457969393247
369844,1,1,8,626.1786830121093
369853,1,1,8,870.784056931707
369873,1,1,9,862.8142508114977
369886,1,1,5,0.42645457969393247
369887,1,1,9,562.7684064873803
369891,1,1,6,785.7334855981826
369896,1,1,2,291.2965851142554
369903,1,1,3,47.58129863577271
369911,1,1,3,91.41700310082562
369930,1,1,8,761.8198807512355
369933,1,1,7,66.19073844454506
369951,1,1,9,466.8738550977808
369958,1,1,9,816.1149166658945
369963,1,1,5,0.42645457969393247
369972,1,1,8,554.6805549692634
369973,1,1,4,0.42645458358136
369977,1,1,7,162.82746673459673
369981,1,1,9,630.8242262745439
369985,1,1,4,0.42645458358136
369987,1,1,6,411.008347845634
369988,1,1,6,500.07528115730236
370000,1,1,1,718.6186791615409
370002,1,1,5,0.42645457969393247
370011,1,1,7,81.31962880396621
370023,1,1,7,64.87794912601416
370037,1,1,10,181.85358390078045
370049,1,1,9,829.9736470824298
370066,1,1,5,0.42645457969393247
370068,1,1,10,255.19594466626333
370077,1,1,4,0.42645458358136
370104,1,1,9,493.15161689812487
370111,1,1,3,90.97519126409807
370115,1,1,5,0.42645457969393247
370123,1,1,1,630.4087000269925
370125,1,1,7,124.64343947078106
370140,1,1,9,599.2842599284901
370141,1,1,9,372.9500218405072
370157,1,1,5,0.42645457969393247
370163,1,1,6,539.5122710019016
370170,1,1,9,476.32671882105495
370171,1,1,3,92.22288458023972
370176,1,1,9,550.9335146310526
370187,1,1,3,60.059954525639206
370189,1,1,1,546.492085034342
370198,1,1,6,762.149568697081
370243,1,1,8,592.3119504589592
370281,1,1,1,412.35920553138675
370283,1,1,5,0.42645457969393247
370292,1,1,9,693.3636748046184
370303,1,1,5,0.42645457969393247
370313,1,1,5,0.42645457969393247
370343,1,1,6,668.0609795839192
370353,1,1,8,399.6426601472308
370367,1,1,6,713.98109916526
370378,1,1,10,252.0742250972736
370380,1,1,9,680.5848493662259
370408,1,1,10,176.35334987053457
370414,1,1,4,0.4264545919581291
370436,1,1,9,488.9493210696429
370441,1,1,9,777.5072482269971
370458,1,1,2,438.23697805503156
370470,1,1,4,0.42645458358136
370480,1,1,3,92.47918668983829
370482,1,1,7,86.62145250500373
370502,1,1,9,757.4957435902011
370507,1,1,6,776.666526297288
370508,1,1,6,644.1472996708168
370512,1,1,5,0.42645457969393247
370515,1,1,5,0.42645457969393247
370522,1,1,6,802.9154947379168
370524,1,1,8,812.408276684654
370564,1,1,10,529.9724974048049
370565,1,1,8,255.54086622851682
370579,1,1,5,0.42645457969393247
370588,1,1,5,0.42645457969393247
370589,1,1,6,329.9320394091619
370599,1,1,10,459.57211231526406
370601,1,1,6,722.0188162613688
370612,1,1,8,200.2941550803462
370620,1,1,9,829.2417274539201
370627,1,1,10,517.0499282412923
370628,1,1,6,442.11484067180334
370629,1,1,4,0.42645458358136
370648,1,1,10,718.3982732302452
370654,1,1,8,720.3445646260791
370657,1,1,8,724.4686740781397
370675,1,1,1,439.76892885753455
370682,1,1,9,877.0663511143783
370697,1,1,4,0.42645458358136
370707,1,1,8,898.7616093355482
370712,1,1,9,842.9952262284173
370724,1,1,4,0.42645458358136
370761,1,1,8,339.81074826523104
370771,1,1,1,741.8806566633751
370772,1,1,8,555.861983531177
370775,1,1,9,233.90491522236124
370798,1,1,9,795.18687450686
370805,1,1,2,461.45768812809825
370825,1,1,6,811.8619870477162
370840,1,1,6,563.7333839111305
370844,1,1,9,647.9473515326687
370849,1,1,1,189.13158808399257
370850,1,1,6,554.7230440922506
370856,1,1,9,685.541459313639
370872,1,1,8,515.6782186932371
370878,1,1,9,749.1242186102503
370881,1,1,10,439.9410208780789
370882,1,1,6,562.4590947895155
370895,1,1,9,721.7600540771598
370913,1,1,1,448.77875327265525
370916,1,1,6,165.12185578878757
370922,1,1,6,787.6086037343032
370930,1,1,10,521.3744900533533
370932,1,1,9,430.2942164284282
370934,1,1,8,820.6326526830128
370947,1,1,8,605.550471000201
370950,1,1,9,384.3523258246496
370959,1,1,5,0.42645457969393247
370963,1,1,9,812.9458568342309
370983,1,1,5,0.42645457969393247
370984,1,1,5,0.42645457969393247
370998,1,1,8,856.2346170820991
371018,1,1,9,180.5841986769483
371024,1,1,1,709.0424789266281
371026,1,1,1,228.7414762886182
371033,1,1,4,0.42645458358136
371048,1,1,9,813.6576909265373
371066,1,1,4,0.42645458358136
371067,1,1,3,64.62402153555016
371074,1,1,4,0.42645458358136
371082,1,1,8,404.6245162052712
371084,1,1,1,426.1855373466638
371086,1,1,9,527.7352754865453
371096,1,1,8,870.7730239246288
371101,1,1,4,0.42645458358136
371104,1,1,6,809.76999464115
371121,1,1,6,448.4129203203967
371139,1,1,4,0.42645458358136
371163,1,1,6,484.4946327039582
371165,1,1,10,164.08358730774972
371170,1,1,2,170.779113204935
371176,1,1,8,651.9180299795701
371179,1,1,8,366.46353444436863
371185,1,1,3,90.34470094483595
371192,1,1,6,169.214691269614
371202,1,1,5,0.42645457969393247
371205,1,1,4,0.42645458358136
371210,1,1,4,0.42645458358136
371215,1,1,7,148.48598143019905
371216,1,1,4,0.42645458358136
371222,1,1,9,338.4387302972228
371225,1,1,5,0.42645457969393247
371227,1,1,5,0.42645457969393247
371229,1,1,10,558.7391400717355
371232,1,1,4,0.4264545919581291
371235,1,1,6,222.87319209078998
371238,1,1,2,136.8408218244509
371250,1,1,6,564.748570701457
371254,1,1,4,0.42645458358136
371255,1,1,4,0.42645458358136
371266,1,1,9,853.7066029835796
371270,1,1,6,537.8754557145093
371283,1,1,1,295.724379705923
371287,1,1,4,0.42645458358136
371294,1,1,6,162.56765897496712
371303,1,1,9,231.02609230013857
371346,1,1,10,719.973841962052
371360,1,1,4,0.42645458358136
371365,1,1,10,604.933621906387
371369,1,1,9,794.1641642399992
371371,1,1,9,603.9666404448515
371377,1,1,9,862.7104418390086
371392,1,1,2,462.29361561357837
371393,1,1,9,566.2753109125971
371396,1,1,6,797.5045985126111
371397,1,1,9,252.6131620741526
371403,1,1,5,0.42645457969393247
371406,1,1,3,88.52966535147272
371407,1,1,3,70.52633690959617
371421,1,1,8,457.48341123044287
371423,1,1,9,66.13467473980711
371436,1,1,5,0.42645457969393247
371437,1,1,6,483.982196660323
371466,1,1,6,720.7883717739177
371490,1,1,4,0.42645458358136
371500,1,1,6,659.4333968228907
371507,1,1,5,0.42645456789925423
371521,1,1,10,337.72364330104233
371598,1,1,5,0.42645457969393247
371609,1,1,8,455.04899723791203
371612,1,1,5,0.42645457969393247
371620,1,1,4,0.42645458358136
371634,1,1,4,0.42645458358136
371638,1,1,1,566.0086967444338
371650,1,1,5,0.42645457969393247
371656,1,1,10,276.2918205987952
371660,1,1,6,156.543246811338
371677,1,1,4,0.42645458358136
371680,0,1,0,0.22224502603304372
371703,1,1,5,0.42645457969393247
371707,1,1,1,606.3103948309691
371709,1,1,3,90.57716781776963
371728,1,1,2,266.5683105939059
371739,1,1,9,735.4087600340389
371743,1,1,2,254.26393602728314
371757,1,1,8,829.7989046422441
371763,1,1,5,0.42645457969393247
371764,1,1,10,217.72362012802392
371769,1,1,10,420.95863307802136
371776,1,1,6,314.19592046555834
371780,1,1,6,232.16934886600382
371783,1,1,9,537.4411493997711
371795,1,1,5,0.42645457969393247
371796,1,1,8,749.5181224346773
371802,1,1,10,517.3721570881627
371803,1,1,7,43.44456024769426
371806,1,1,2,475.41772745046376
371807,1,1,6,158.2879243701594
371810,1,1,4,0.4264545919581291
371816,1,1,9,248.76513401462935
371824,1,1,9,603.2227181447561
371829,1,1,8,415.5646304525409
371845,1,1,7,161.99488927521674
371849,1,1,5,0.42645457969393247
371891,1,1,5,0.42645457969393247
371902,1,1,1,192.18429964806057
371917,1,1,3,53.690214971176594
371920,1,1,5,0.42645457969393247
371924,1,1,10,650.8559891342713
371958,1,1,6,516.5375085896131
371970,1,1,5,0.42645457969393247
371995,1,1,6,356.1500666171858
371997,1,1,4,0.42645458358136
372004,1,1,9,838.2458917930494
372010,1,1,9,603.6539657221379
372017,1,1,10,390.2800108607357
372023,1,1,9,505.3241692984247
372044,1,1,6,731.9601620783266
372046,1,1,5,0.42645457969393247
372053,1,1,8,317.9620898620003
372057,1,1,9,66.30589750991129
372064,1,1,4,0.42645458358136
372065,1,1,6,300.5139233475241
372070,1,1,2,416.81957879634
372078,1,1,10,583.9252857291335
372085,1,1,8,635.2909168997614
372095,1,1,9,97.20991168377489
372119,1,1,9,555.15575472352
372128,1,1,8,791.960564774591
372168,1,1,10,372.6967891978973
372184,1,1,9,474.73942972504875
372231,1,1,9,439.71798191491604
372242,1,1,10,418.52262473632675
372249,1,1,10,335.8997449545368
372269,1,1,7,64.81079702958687
372274,1,1,8,885.6701912748949
372289,1,1,6,547.0795966691298
372296,1,1,4,0.42645458358136
372297,1,1,2,263.53602146445905
372302,1,1,5,0.42645457969393247
372310,1,1,8,709.5423003255396
372326,1,1,7,169.54690684585822
372337,1,1,10,569.3824170633914
372342,1,1,6,703.9430574944865
372352,1,1,1,559.9553611321605
372353,1,1,4,0.42645458358136
372370,1,1,5,0.42645457969393247
372382,1,1,8,732.7675397523324
372385,1,1,10,156.47975632053829
372391,1,1,1,632.2432842625839
372396,1,1,10,685.1493666364578
372403,1,1,9,873.908029923759
372415,1,1,5,0.42645457969393247
372424,1,1,1,745.3869749519973
372435,1,1,6,241.31451374237918
372442,1,1,10,465.0301372701466
372458,1,1,8,444.02682497576075
372500,1,1,9,560.5075274519444
372506,1,1,8,735.8518624442896
372514,1,1,7,131.6694731341484
372522,1,1,6,125.41628057841424
372524,1,1,6,534.879313506355
372534,1,1,9,418.7265211597402
372538,1,1,4,0.42645458358136
372544,1,1,5,0.42645457969393247
372554,1,1,4,0.42645458358136
372559,1,1,6,509.5485894136002
372565,1,1,9,563.4405166157903
372574,1,1,5,0.42645457969393247
372577,1,1,5,0.42645457969393247
372578,1,1,9,104.97325051273108
372579,1,1,4,0.42645458358136
372597,1,1,9,815.6429966777149
372605,1,1,6,468.2457263484909
372617,1,1,9,761.9192288956125
372619,1,1,4,0.42645458358136
372639,1,1,4,0.42645458358136
372640,1,1,9,765.2140809288361
372663,1,1,10,558.9510618291246
372665,1,1,9,36.26650103545511
372669,1,1,4,0.42645458358136
372689,1,1,7,104.36235679755109
372691,1,1,5,0.42645457969393247
372694,1,1,10,144.2423790978347
372697,1,1,8,704.5268328063772
372698,1,1,4,0.42645458358136
372700,1,1,9,298.81559739230386
372701,1,1,8,504.88607804843934
372702,1,1,6,276.8078454265249
372705,1,1,5,0.42645457969393247
372712,1,1,3,91.08278381107212
372739,1,1,6,454.1134773444133
372745,1,1,5,0.42645457969393247
372746,1,1,3,61.10846906014818
372747,1,1,4,0.4264545919581291
372760,1,1,5,0.42645457969393247
372769,1,1,7,127.58452774480034
372772,1,1,3,68.67732649724363
372773,1,1,9,642.7664519479993
372778,1,1,2,361.7200166255561
372781,1,1,9,436.2460796647548
372805,1,1,5,0.42645457969393247
372808,1,1,5,0.42645457969393247
372821,1,1,9,611.49344943933
372829,1,1,10,624.8513543312513
372832,1,1,6,738.9337723119918
372841,1,1,4,0.42645458358136
372842,1,1,7,166.38402670372312
372844,1,1,4,0.42645458358136
372848,1,1,5,0.42645457969393247
372853,1,1,7,168.94322321300217
372861,1,1,4,0.42645458358136
372867,1,1,5,0.42645457969393247
372919,1,1,5,0.42645457969393247
372952,1,1,9,242.39108397030301
372982,1,1,2,402.7998536709263
372990,1,1,7,99.38735973567262
372997,1,1,10,432.93583883926965
373041,1,1,7,118.35145148521431
373046,1,1,7,40.89796330079313
373047,1,1,1,676.6930851499138
373058,1,1,4,0.42645458358136
373062,1,1,4,0.42645458358136
373074,1,1,10,579.0035586460011
373099,1,1,9,532.2967300900528
373101,1,1,6,605.8473107004385
373103,1,1,7,120.99544018260347
373105,1,1,6,390.2945870149309
373115,1,1,8,557.9198867052172
373123,1,1,6,791.2254154484165
373126,1,1,5,0.42645457969393247
373168,1,1,6,755.7570954659922
373172,1,1,6,592.9832226213957
373179,1,1,10,560.8104730606623
373196,1,1,9,791.8531734473094
373199,1,1,10,650.8484038280917
373205,1,1,6,772.3905834183446
373237,1,1,9,552.771883855638
373238,1,1,7,131.59835528909116
373245,1,1,6,744.9093536676417
373250,1,1,4,0.42645458358136
373259,1,1,10,687.7173838069135
373272,1,1,1,290.1461410430564
373286,1,1,4,0.42645458358136
373288,1,1,1,616.374874358352
373312,1,1,9,503.1407253324815
373323,1,1,10,122.60836025210163
373337,1,1,9,761.19120513126
373342,1,1,10,334.56000116267023
373347,1,1,6,207.6756251312628
373348,1,1,5,0.42645457969393247
373351,1,1,9,558.0510514205951
373352,1,1,10,127.56295004621028
373368,1,1,8,515.4892618252399
373384,1,1,8,755.9801332203039
373396,1,1,10,575.1370262783255
373397,1,1,7,55.57884232307834
373404,1,1,8,592.7159795727767
373406,1,1,1,264.586440520397
373421,1,1,8,605.8041871416017
373437,1,1,2,469.3224736898078
373445,1,1,6,771.2816656556602
373446,1,1,1,723.0688906877782
373456,1,1,8,921.6332360163798
373462,1,1,6,790.2087588890533
373470,1,1,1,391.984063235708
373483,1,1,9,420.89897780879505
373484,1,1,9,866.4953801458556
373497,1,1,4,0.42645458358136
373503,1,1,5,0.42645457969393247
373504,1,1,1,715.7727559441986
373506,1,1,6,636.5935829037485
373520,1,1,8,901.9365555038123
373570,1,1,9,542.8836084811884
373571,1,1,4,0.42645458358136
373595,1,1,5,0.42645457969393247
373602,1,1,6,686.7336822436768
373604,1,1,9,600.1995000150279
373610,1,1,1,433.40069817361086
373614,1,1,10,401.9489214027883
373631,1,1,4,0.42645458358136
373645,1,1,5,0.42645457969393247
373664,1,1,8,791.9024928924891
373683,1,1,9,325.7785706016147
373685,1,1,3,83.61209177494963
373696,1,1,4,0.42645457969393247
373707,1,1,10,683.8943711985962
373709,1,1,3,82.05960581814728
373715,1,1,9,627.8812684320663
373720,1,1,8,592.2924503442927
373725,1,1,7,147.37104865431292
373747,1,1,6,686.0033062759923
373759,1,1,7,132.69055628114106
373760,1,1,5,0.42645457969393247
373769,1,1,5,0.42645457969393247
373785,1,1,4,0.42645458358136
373793,0,1,0,0.11328805447913241
373836,1,1,10,561.5375467829376
373840,1,1,3,78.97701470531375
373853,1,1,1,441.4296338217999
373866,1,1,3,43.549277553026414
373890,1,1,6,735.5602408779572
373901,1,1,9,541.5014778518288
373908,1,1,1,523.1583391747422
373925,1,1,3,91.13338074578557
373933,1,1,10,460.147184159058
373950,1,1,10,335.79985382283274
373968,1,1,4,0.42645458358136
373970,1,1,4,0.42645458358136
373975,1,1,9,603.0020583502819
373987,1,1,3,92.68778686679484
373988,1,1,5,0.42645457969393247
373994,1,1,2,290.4334542103376
374005,1,1,7,173.27497135756843
374028,1,1,3,47.34045427852541
374032,1,1,7,64.63240952332971
374034,1,1,7,88.33821432666089
374037,1,1,9,801.4198604461097
374050,1,1,1,243.05269848694172
374062,1,1,1,669.0416009525852
374063,1,1,7,115.57199581735847
374066,1,1,5,0.42645456789925423
374071,1,1,4,0.4264545919581291
374076,1,1,8,353.09180218921546
374095,1,1,8,377.67149812531153
374103,1,1,4,0.42645458358136
374118,1,1,5,0.42645457969393247
374128,1,1,1,602.3773091441118
374134,1,1,1,508.38141223699193
374142,1,1,6,769.1538975311577
374145,1,1,5,0.42645457969393247
374158,1,1,6,804.4976177662239
374159,1,1,6,495.2860427308883
374164,1,1,2,373.1308930471611
374165,1,1,5,0.42645457969393247
374166,1,1,8,658.4381551195563
374168,1,1,9,511.8428719927706
374188,1,1,5,0.42645457969393247
374194,1,1,4,0.42645458358136
374202,1,1,6,459.9332528562074
374206,1,1,7,89.07589947289487
374215,1,1,5,0.42645457969393247
374218,1,1,9,468.9612793661622
374221,1,1,3,50.2475864608724
374233,1,1,7,172.41353531821423
374235,1,1,4,0.42645458358136
374242,1,1,5,0.42645457969393247
374243,1,1,9,700.9188300858816
374247,1,1,10,372.01515556204146
374250,1,1,9,528.308124299469
374252,1,1,9,769.6986484293716
374254,1,1,8,623.4330909859473
374276,1,1,2,466.2005575029255
374281,1,1,5,0.42645456789925423
374284,1,1,10,357.41575703205655
374290,0,1,0,0.1305335688765683
374323,1,1,1,710.3962326206156
374330,1,1,6,408.04318970791616
374354,1,1,8,566.9515383064953
374360,1,1,4,0.42645458358136
374372,1,1,6,347.47781855130705
374373,1,1,10,459.1418949055592
374381,1,1,2,145.10839095042215
374385,1,1,8,150.05627762333572
374398,1,1,6,807.0378396452409
374404,1,1,5,0.42645457969393247
374419,1,1,8,592.4766790448904
374437,1,1,5,0.42645457969393247
374438,1,1,1,747.7981323561487
374449,1,1,9,421.57917592122135
374459,1,1,10,311.24321460406946
374466,1,1,9,884.0646913457964
374472,1,1,1,282.3665302479338
374477,1,1,1,207.97148728580436
374484,1,1,3,75.6479521282544
374488,1,1,5,0.42645457969393247
374493,1,1,4,0.42645458358136
374521,1,1,4,0.42645458358136
374523,1,1,9,545.8134713843853
374526,1,1,1,404.91696131724206
374528,1,1,5,0.42645457969393247
374538,1,1,9,884.9087485770484
374544,1,1,10,427.66303458739185
374571,1,1,4,0.42645458358136
374581,1,1,10,436.8321168812004
374587,1,1,8,278.6233688909322
374589,1,1,6,627.2428194125522
374596,1,1,9,553.3446557576502
374598,0,1,0,0.10693774042773964
374604,1,1,8,798.2375950093857
374619,1,1,10,559.8211106292421
374620,1,1,6,253.83081399094425
374624,1,1,9,448.1429585079632
374632,1,1,10,121.90856336771799
374646,1,1,2,433.0520282542876
374647,1,1,8,838.8033190378883
374651,1,1,4,0.42645458358136
374659,1,1,8,871.0165287094898
374663,1,1,9,451.4015723986422
374664,1,1,2,117.67440225612175
374669,1,1,7,170.38886948507624
374672,1,1,8,679.6471491480133
374673,1,1,8,352.52661135635685
374675,1,1,10,418.62139977414415
374682,1,1,8,645.265103431443
374720,1,1,6,714.1682395231093
374749,1,1,10,578.6875523061897
374760,1,1,9,540.1398897349382
374768,1,1,8,270.7634356562871
374775,1,1,9,338.6380098317894
374779,1,1,10,185.07081216440832
374781,1,1,4,0.42645458358136
374784,1,1,9,514.9514801275296
374803,1,1,7,142.05066172891992
374815,1,1,9,824.6117083467719
374828,1,1,8,369.61690659614595
374851,1,1,7,155.09683796512252
374855,1,1,5,0.42645456789925423
374862,1,1,5,0.42645456789925423
374866,1,1,1,495.3205768135662
374889,1,1,10,508.7607792061413
374892,1,1,5,0.42645457969393247
374897,1,1,10,600.396272152497
374904,1,1,4,0.42645458358136
374914,1,1,8,662.7295353016002
374915,1,1,1,645.4878611954446
374921,1,1,9,322.5205570104734
374935,1,1,8,417.84645626317
374936,1,1,5,0.42645457969393247
374939,1,1,9,620.0973333571161
374942,1,1,2,327.2543588529147
374952,1,1,6,206.95549049334758
374956,1,1,4,0.42645458358136
374961,1,1,4,0.42645458358136
374968,1,1,6,736.0036168943856
374971,1,1,8,783.9228172939183
374985,1,1,1,700.4451637681227
374993,1,1,5,0.42645457969393247
374999,1,1,8,543.1799326227341
375018,1,1,10,212.15246504469692
375031,1,1,9,373.6889260566886
375034,1,1,1,451.87515530978095
375036,1,1,4,0.42645458358136
375038,1,1,3,59.0814526654427
375069,1,1,9,276.45291413410587
375076,0,1,0,0.08388112661047108
375077,1,1,10,624.9569131582358
375078,1,1,10,533.9225513375426
375092,1,1,10,567.2825732356931
375102,1,1,1,502.76359457784906
375112,1,1,2,368.10754028334316
375122,1,1,10,544.5909021007906
375136,1,1,8,804.6511870347396
375144,1,1,5,0.42645457969393247
375148,1,1,4,0.42645458358136
375153,1,1,1,761.91507096461
375157,1,1,10,253.96114600148422
375164,1,1,4,0.42645458358136
375174,1,1,4,0.42645458358136
375177,1,1,9,709.5787602050104
375179,0,1,0,0.1213853255246157
375188,1,1,9,814.5536175228119
375193,1,1,10,683.738704052223
375194,1,1,6,468.35574595798397
375198,1,1,1,395.38261775886707
375200,1,1,9,795.3551368447335
375212,1,1,10,291.6434857182811
375217,1,1,7,15.83434651838326
375226,1,1,4,0.42645458358136
375245,1,1,6,785.6497246809438
375284,1,1,9,212.44027350305387
375301,1,1,10,720.5691472434565
375303,1,1,4,0.42645458358136
375323,1,1,9,722.8433538836512
375347,1,1,10,388.5412233007237
375353,1,1,1,468.33575605698377
375371,1,1,8,463.02369627630003
375383,1,1,6,674.3051476884119
375384,1,1,8,253.59173427863425
375400,1,1,5,0.42645457969393247
375404,1,1,9,788.7517286527238
375415,1,1,2,236.25100423775626
375428,1,1,9,437.14234221130283
375438,1,1,7,157.75694661988015
375444,1,1,6,470.1428615426696
375447,1,1,9,237.12258524415262
375497,0,1,0,0.11283792700839516
375499,1,1,4,0.42645458358136
375500,1,1,6,626.8130453268459
375512,1,1,8,919.3457337912306
375513,1,1,9,164.89109335417746
375532,1,1,6,801.1526780453072
375536,1,1,9,616.4746906200753
375548,1,1,9,479.7893043497117
375558,1,1,5,0.42645457969393247
375568,1,1,6,525.1030997551493
375587,1,1,6,406.11764695916577
375597,1,1,8,647.0512190138792
375600,1,1,7,95.07901852370273
375606,1,1,6,678.9578787885479
375614,1,1,9,749.0240282903616
375636,1,1,8,365.97703189072416
375637,1,1,2,137.82978233307998
375655,1,1,1,696.8160522009345
375661,1,1,8,443.86862058463805
375665,1,1,6,147.29473534171672
375680,1,1,8,196.59180439525653
375714,1,1,9,441.46175671987527
375720,1,1,9,358.85241935052255
375731,1,1,9,706.89226177116
375738,1,1,4,0.42645458358136
375741,1,1,2,375.32948135225115
375745,1,1,6,560.8921607677618
375748,1,1,8,352.3070745294143
375749,1,1,9,553.4413750850082
375752,1,1,5,0.42645457969393247
375763,1,1,8,664.9398984331141
375770,1,1,7,125.51777145350822
375771,1,1,4,0.42645458358136
375778,1,1,10,499.45756660417504
375784,0,1,0,0.12105582469782993
375786,1,1,10,189.09130640097865
375803,1,1,9,390.99459671501955
375831,1,1,10,399.40309613979554
375837,1,1,9,115.43858726163265
375841,1,1,4,0.42645458358136
375852,1,1,3,42.30418833250951
375856,1,1,9,90.74349241628546
375879,1,1,7,173.6373382888214
375899,1,1,3,59.31005186234507
375917,1,1,8,301.13068859962993
375921,1,1,2,289.6713959182009
375925,1,1,6,796.1331946330303
375932,1,1,2,469.2924165712897
375939,1,1,5,0.42645457969393247
375956,1,1,10,362.7021486289722
375957,1,1,4,0.42645458358136
375969,1,1,10,488.84731969258775
375996,1,1,2,303.14313287149446
376006,1,1,8,199.48863312167518
376028,1,1,10,209.21759142165845
376032,1,1,7,147.2321452695867
376111,1,1,4,0.42645458358136
376119,1,1,1,450.5014097055365
376127,1,1,6,764.4480673111198
376134,1,1,4,0.4264545919581291
376137,1,1,4,0.4264545919581291
376141,1,1,5,0.42645457969393247
376150,1,1,5,0.42645457969393247
376158,1,1,8,731.8264738684453
376160,1,1,9,719.6524653151978
376191,1,1,9,739.3415650127123
376192,1,1,8,150.84387329911863
376214,1,1,6,399.9756997587113
376220,1,1,9,818.5790636501994
376230,1,1,10,454.13959659815214
376241,1,1,5,0.42645457969393247
376252,1,1,9,597.0121623303762
376267,1,1,6,484.10462956615544
376289,1,1,1,662.2092952235913
376294,1,1,10,496.9086521352686
376306,1,1,1,636.4713852528009
376321,1,1,1,756.6272672049801
376324,1,1,5,0.42645457969393247
376342,1,1,4,0.42645458358136
376371,1,1,1,543.751083433131
376372,1,1,8,636.8825283002204
376408,1,1,6,482.7964430702977
376441,1,1,9,671.2994154045242
376446,1,1,9,848.5335217414236
376454,1,1,1,406.22932051688076
376468,1,1,7,144.4356750011808
376480,1,1,10,162.38073275982407
376482,1,1,1,297.4318323494253
376487,1,1,8,676.7367257230127
376489,1,1,3,89.76722299302399
376499,1,1,9,606.5576571130617
376526,1,1,1,674.5283916616656
376529,1,1,10,144.12511010700302
376550,1,1,9,615.81401144079
376566,1,1,9,208.54244111484175
376586,1,1,1,371.22238995366905
376587,1,1,10,720.2233096287416
376617,1,1,5,0.42645457969393247
376621,1,1,10,459.32980547945283
376626,1,1,9,874.3891860670644
376636,1,1,8,535.3534485368546
376649,1,1,9,707.6296765162688
376651,1,1,5,0.42645457969393247
376660,1,1,4,0.42645458358136
376661,1,1,9,795.1997541122425
376663,1,1,3,93.01093890597839
376681,1,1,10,656.0929970473451
376683,1,1,9,727.0386668686539
376688,1,1,8,835.2871422340297
376706,1,1,9,418.59666838045325
376707,1,1,10,722.1227203764026
376714,1,1,6,698.2638592302865
376718,1,1,4,0.42645458358136
376728,1,1,3,91.35067996330092
376752,1,1,6,470.9218280856702
376772,1,1,8,885.602166329426
376778,1,1,9,513.2015531673222
376786,1,1,4,0.42645458358136
376798,1,1,7,167.62516558232556
376803,1,1,10,432.5955780976369
376818,1,1,7,91.48132904217289
376830,1,1,6,204.39317536310256
376831,1,1,5,0.42645457969393247
376847,1,1,6,606.0843199889563
376861,1,1,10,181.86446024534266
376867,1,1,9,621.9508583910911
376869,1,1,10,698.5408878400274
376877,1,1,4,0.42645458358136
376886,1,1,5,0.42645457969393247
376895,1,1,4,0.42645458358136
376909,1,1,2,270.98169908256443
376910,1,1,4,0.42645458358136
376916,1,1,5,0.42645457969393247
376917,1,1,4,0.42645458358136
376926,1,1,9,836.9960840775265
376931,1,1,8,702.7346904440607
376935,1,1,5,0.42645457969393247
376936,1,1,9,619.8146226472267
376938,1,1,4,0.42645458358136
376939,1,1,5,0.42645457969393247
376944,1,1,1,640.6271709059696
376974,1,1,4,0.42645458358136
376992,1,1,1,491.44632558276896
376993,1,1,8,362.89232651128674
377002,1,1,9,561.8848881130442
377005,1,1,7,155.84353651295515
377023,1,1,10,546.0951140648364
377041,1,1,9,782.0024109692954
377051,1,1,10,460.38204594042844
377055,1,1,9,573.0837998719305
377058,1,1,5,0.42645457969393247
377075,1,1,8,224.94259503649207
377099,1,1,6,228.03419333897895
377102,1,1,6,549.685699763192
377118,1,1,8,916.0084539378079
377121,1,1,7,138.97905747894066
377123,1,1,8,636.1218313148872
377142,1,1,4,0.42645458358136
377151,1,1,10,438.30891262933704
377157,1,1,5,0.42645457969393247
377167,1,1,8,781.7002452703396
377189,1,1,6,777.539525910209
377221,1,1,10,425.3053119743552
377231,1,1,9,728.6059354404431
377247,1,1,10,619.2239385146444
377254,1,1,10,699.278992532093
377265,1,1,7,94.3300842117659
377276,1,1,9,117.12894567182886
377282,1,1,2,466.67764350188986
377287,1,1,2,382.75294241927105
377301,1,1,6,769.5396170084621
377303,1,1,5,0.42645457969393247
377309,1,1,6,415.55151630230364
377311,1,1,8,362.29364991941577
377317,1,1,6,802.447140390218
377327,1,1,9,583.3309013061676
377328,1,1,1,176.88499276381643
377329,1,1,6,738.4162516692285
377332,1,1,8,513.2528397206986
377335,1,1,1,633.337905159692
377337,1,1,4,0.42645458358136
377350,1,1,4,0.42645458358136
377379,1,1,10,433.8906660205922
377389,1,1,2,349.6529569252867
377408,1,1,1,560.4931678720772
377415,1,1,6,715.096798225714
377418,1,1,9,866.0926685449823
377427,1,1,5,0.42645456789925423
377433,1,1,4,0.4264545919581291
377440,1,1,9,829.9838142163491
377449,1,1,5,0.42645457969393247
377454,1,1,6,251.6783460470479
377462,1,1,10,574.7416614193152
377463,1,1,6,532.9729885139893
377477,1,1,9,84.22706635982118
377489,1,1,10,194.6314614469849
377498,1,1,7,93.33583704807577
377521,1,1,5,0.42645457969393247
377531,1,1,5,0.42645457969393247
377548,1,1,6,157.58947301961257
377552,1,1,4,0.42645458358136
377558,1,1,5,0.42645457969393247
377560,1,1,8,531.3991021001526
377565,1,1,5,0.42645457969393247
377584,1,1,5,0.42645457969393247
377586,1,1,8,315.2700870796992
377594,1,1,9,373.3503539981616
377643,1,1,8,911.358525025798
377648,1,1,4,0.42645458358136
377656,1,1,9,777.1086810491362
377670,1,1,2,358.54227644885844
377688,1,1,1,742.0593800057649
377696,1,1,9,855.8530607383225
377738,1,1,9,536.0161620510073
377744,1,1,9,659.1663432067647
377758,1,1,10,459.4106256787099
377774,1,1,8,355.6978322430962
377782,1,1,9,340.627102645776
377802,1,1,5,0.42645457969393247
377804,1,1,3,90.42906410778836
377840,1,1,10,416.2810880492509
377841,1,1,6,536.5546415519727
377847,1,1,5,0.42645457969393247
377861,1,1,4,0.42645458358136
377876,1,1,8,545.0506526657182
377886,0,1,0,0.24079886373020754
377892,1,1,5,0.42645457969393247
377897,1,1,8,204.62278466003795
377905,1,1,6,189.80742366286242
377906,1,1,7,167.00541361660476
377907,1,1,9,769.8613805002251
377924,1,1,10,262.4191336502854
377928,1,1,8,369.37712447322065
377937,1,1,8,639.665849314596
377938,1,1,6,715.1199172950506
377944,1,1,9,817.7137385222861
377953,1,1,6,805.9802411610112
377972,1,1,4,0.42645458358136
378005,1,1,9,715.0703494108717
378014,1,1,8,643.463419599733
378016,1,1,8,729.2426186703764
378017,1,1,8,691.6857433081374
378028,1,1,4,0.42645458358136
378030,1,1,9,500.990534256059
378031,1,1,10,721.8811235022511
378032,1,1,1,737.0846584331019
378042,1,1,6,714.0341241099218
378049,1,1,2,411.6820370842032
378080,1,1,6,549.7109837872258
378094,1,1,8,855.6963061063534
378095,1,1,10,464.30013488242963
378100,1,1,8,337.4066357735582
378115,1,1,9,854.9899666220192
378139,1,1,5,0.42645457969393247
378166,1,1,4,0.42645458358136
378177,1,1,8,137.78621043402836
378182,1,1,8,773.2727231528038
378183,1,1,8,542.234836177692
378214,1,1,9,281.08724041142005
378225,1,1,9,878.545552238656
378230,1,1,9,590.324423224332
378239,1,1,4,0.42645458358136
378242,1,1,9,403.7339285038922
378257,0,1,0,0.11209036364487564
378258,1,1,9,724.192471153221
378265,1,1,3,71.5506348274793
378286,1,1,2,327.6645370676104
378292,1,1,8,628.524368595401
378294,1,1,9,445.6313463247993
378311,1,1,10,660.394151294663
378312,1,1,5,0.42645457969393247
378315,1,1,1,315.37850576723093
378327,1,1,4,0.42645458358136
378330,1,1,5,0.42645457969393247
378343,1,1,9,805.302670598686
378360,1,1,6,789.0755910860274
378361,1,1,1,455.30153972745927
378367,1,1,10,430.9728686322732
378379,1,1,10,301.82082246708643
378416,1,1,9,617.1962629320356
378425,1,1,5,0.42645457969393247
378426,1,1,9,811.9773238615408
378432,1,1,5,0.42645457969393247
378434,1,1,6,681.9938915726326
378436,1,1,2,457.9841295676347
378438,1,1,6,748.3819987385136
378462,1,1,10,703.7374092899375
378479,1,1,5,0.42645457969393247
378487,1,1,10,453.3483621630748
378526,1,1,9,173.15665928499644
378531,1,1,5,0.42645457969393247
378541,1,1,8,628.7386510632173
378545,1,1,6,205.88996547823302
378557,1,1,8,790.6861280618441
378560,1,1,3,91.18829551491993
378569,1,1,9,513.0093431050614
378586,1,1,9,612.4254971831501
378618,1,1,4,0.42645458358136
378620,1,1,5,0.42645457969393247
378624,1,1,4,0.42645458358136
378625,1,1,3,83.94559905480916
378648,1,1,9,633.7161231883961
378655,1,1,8,471.50553946306417
378677,1,1,9,160.6010320675055
378711,1,1,10,374.28858686278267
378713,1,1,3,75.85736300607887
378727,1,1,10,695.0490942754383
378729,1,1,6,557.5631767802637
378745,1,1,8,474.89961413002425
378748,1,1,6,729.3399149823234
378752,1,1,1,615.9555075208175
378761,1,1,5,0.42645457969393247
378770,1,1,9,587.263293632783
378772,1,1,8,417.7568246745424
378782,1,1,10,417.4733275045584
378798,1,1,4,0.4264545919581291
378804,1,1,4,0.4264545919581291
378807,1,1,8,561.3798104165486
378808,1,1,4,0.42645458358136
378813,1,1,8,856.6820389511493
378817,1,1,9,270.528273836705
378819,1,1,1,199.0622905395459
378823,1,1,9,816.89749053173
378834,1,1,9,64.88539862490273
378839,1,1,5,0.42645457969393247
378841,1,1,5,0.42645457969393247
378905,1,1,9,310.26243037210963
378911,1,1,10,150.04264732976003
378916,1,1,8,870.6950331995254
378922,1,1,7,157.08158705393456
378926,1,1,8,812.6505294389428
378938,1,1,9,297.4112548920849
378945,1,1,6,768.3114835281044
378953,1,1,2,463.4591994678194
378959,1,1,9,596.6549329704147
378969,1,1,7,85.48277637626913
378997,1,1,2,395.1266999781937
379009,1,1,10,449.5388042023148
379010,1,1,9,407.11326835185
379014,1,1,3,91.0090170983403
379024,1,1,5,0.42645457969393247
379025,1,1,4,0.42645458358136
379042,1,1,3,47.23071176994692
379047,1,1,2,121.52682893276506
379060,1,1,7,55.668276598425976
379061,1,1,5,0.42645457969393247
379066,1,1,8,674.9702288066359
379072,0,1,0,0.11758233888461354
379092,1,1,8,502.79388259091445
379095,1,1,1,354.7507256267082
379100,1,1,5,0.42645457969393247
379103,1,1,9,109.19276373925064
379105,1,1,4,0.42645458358136
379124,1,1,8,477.808531854393
379126,1,1,5,0.42645457969393247
379133,1,1,9,797.2630845831943
379137,1,1,5,0.42645457969393247
379143,1,1,4,0.42645458358136
379144,1,1,9,488.8798295020021
379147,1,1,6,648.6402135330904
379148,1,1,9,615.0826263372702
379150,1,1,3,93.81008891201878
379156,1,1,7,36.72052453257475
379171,1,1,5,0.42645457969393247
379178,1,1,7,136.91091091672854
379221,1,1,5,0.42645457969393247
379230,1,1,1,449.81455094827146
379234,1,1,3,89.61405450098829
379242,1,1,6,323.76866384797756
379262,1,1,8,457.8618270554218
379263,1,1,6,575.2387971278474
379272,1,1,9,69.63452747641072
379280,1,1,9,634.3187455438365
379301,1,1,8,302.656218981135
379304,1,1,6,150.16981924519516
379306,1,1,6,291.60601407065303
379317,1,1,10,110.16950788386868
379340,1,1,8,180.62721881130975
379372,1,1,8,606.3622246217554
379375,1,1,8,309.19519791075135
379377,1,1,8,213.3474521966859
379387,1,1,10,678.2717598216097
379397,1,1,9,315.1412660663396
379399,1,1,5,0.42645457969393247
379406,1,1,3,60.097984436511915
379413,1,1,2,388.90643165965116
379421,1,1,6,536.1780452815572
379435,1,1,9,850.3236681983639
379453,1,1,1,363.73498624487416
379455,1,1,8,390.082235275799
379473,1,1,5,0.42645457969393247
379480,1,1,10,443.8197986910972
379487,1,1,8,498.04372681549455
379488,1,1,6,487.43611106520007
379497,1,1,10,590.0876898920402
379498,1,1,9,880.1608162370228
379510,1,1,5,0.42645457969393247
379522,1,1,3,41.325386760559056
379528,1,1,8,843.9308455279825
379537,0,1,0,0.15551111154630445
379545,1,1,6,656.5928773094374
379570,1,1,3,87.38425358953783
379574,1,1,9,422.71938605294184
379580,1,1,5,0.42645457969393247
379626,1,1,8,464.3365831111478
379645,0,1,0,0.11605369568536512
379654,1,1,5,0.42645457969393247
379656,1,1,2,407.56834436029555
379660,1,1,9,800.0691298498009
379663,1,1,1,448.90421173087213
379670,1,1,10,335.5908232080626
379677,1,1,10,327.20693201321416
379678,1,1,5,0.42645456789925423
379696,1,1,8,482.2462075095547
379709,1,1,2,305.85697809361477
379714,1,1,10,642.0166463512957
379740,1,1,4,0.42645458358136
379754,1,1,6,500.0094371973799
379789,1,1,10,430.1551158504316
379795,1,1,9,847.722082997797
379808,1,1,4,0.42645458358136
379816,1,1,1,582.2062419235641
379844,1,1,9,504.93835943714
379854,1,1,9,521.2177174106183
379870,1,1,8,548.2617089798567
379877,1,1,5,0.42645457969393247
379886,1,1,6,448.0435981440615
379897,1,1,6,810.7974159106851
379898,1,1,9,622.1529202639754
379905,1,1,10,402.26002396350344
379906,1,1,6,549.7098254219757
379917,1,1,7,150.28238921771904
379924,1,1,1,329.88977125678184
379932,1,1,10,434.7420884144393
379940,1,1,6,784.350066193214
379952,1,1,9,535.1624608609042
379957,1,1,6,345.5841115956843
379968,1,1,8,782.9076337579921
379972,1,1,1,613.886607010834
380021,1,1,3,84.71655151241043
380035,1,1,5,0.42645457969393247
380036,1,1,8,916.1647639025213
380042,1,1,9,532.8974809033004
380053,1,1,3,53.704489517894736
380055,1,1,1,669.8189786960264
380061,1,1,9,606.9194990963485
380064,1,1,6,639.9842705993129
380068,1,1,6,556.3252533766553
380091,1,1,9,587.5958996121321
380100,1,1,8,256.09663511475776
380113,1,1,9,351.4898759099272
380118,1,1,9,324.37453531356005
380130,1,1,9,727.5159782210984
380137,1,1,8,553.5748021904824
380144,1,1,6,206.53124911993459
380151,1,1,10,91.06875414857645
380154,1,1,9,324.20123224374
380155,1,1,6,382.56844879041466
380162,1,1,7,164.46636799579375
380168,1,1,6,447.95327139997875
380170,1,1,9,608.5347894088719
380171,1,1,2,186.28953613313294
380173,1,1,4,0.42645458358136
380188,0,1,0,0.17224543869219375
380193,1,1,8,766.6032753339786
380213,1,1,10,669.3616682688667
380217,1,1,6,446.6374171109394
380230,1,1,5,0.42645457969393247
380245,1,1,6,731.1773926940823
380247,1,1,10,590.9279673910054
380256,1,1,9,485.3510517285594
380262,1,1,1,610.2312215549065
380271,1,1,9,606.8610352963793
380279,1,1,4,0.42645458358136
380288,1,1,6,636.6377769411644
380303,1,1,6,540.1423365099986
380310,1,1,8,734.4341497725474
380321,1,1,9,516.474189506255
380325,1,1,6,775.03366256464
380331,1,1,8,577.0139660518705
380340,1,1,5,0.42645457969393247
380343,1,1,10,460.05271548969
380352,1,1,10,496.4268323396342
380373,1,1,5,0.42645457969393247
380380,1,1,7,56.18810844657782
380383,1,1,9,828.9618021936182
380402,1,1,1,433.8469945904561
380404,1,1,10,391.3950859796318
380412,1,1,9,812.4376969277821
380444,1,1,8,662.0829330165881
380467,1,1,4,0.42645458358136
380474,1,1,8,709.641788098327
380490,1,1,9,204.54408007910612
380493,1,1,9,611.8920428574606
380498,1,1,6,551.8607514599754
380499,1,1,8,286.36010551272864
380515,1,1,1,628.9758846466586
380543,1,1,9,815.3759776533976
380549,1,1,5,0.42645457969393247
380570,1,1,6,175.09691122757923
380582,1,1,4,0.42645458358136
380595,1,1,9,613.3536996332857
380604,1,1,4,0.42645458358136
380613,1,1,2,143.39016089124624
380614,1,1,5,0.42645457969393247
380624,1,1,4,0.42645458358136
380627,1,1,1,598.382398567912
380635,1,1,9,793.3970943431958
380641,1,1,9,355.63272497561377
380652,1,1,4,0.42645458358136
380674,1,1,9,787.2602963460745
380676,1,1,6,587.7016418288689
380683,1,1,8,756.4511466957657
380692,1,1,10,563.5135236242153
380693,1,1,9,719.5499428620953
380695,1,1,5,0.42645457969393247
380715,1,1,5,0.42645457969393247
380733,1,1,4,0.42645458358136
380737,1,1,8,889.4873019316151
380741,1,1,6,574.6944135659011
380748,1,1,5,0.42645457969393247
380750,1,1,4,0.42645458358136
380751,1,1,6,767.8604981521453
380765,1,1,8,506.43449571664604
380766,1,1,10,552.2325870201968
380772,1,1,9,396.25311448390363
380776,1,1,8,320.34444233252606
380791,1,1,6,783.3680203850196
380800,1,1,5,0.42645457969393247
380807,1,1,6,659.7876020127628
380810,1,1,5,0.42645457969393247
380830,1,1,3,91.46298920616009
380841,1,1,9,577.4916984784624
380845,1,1,6,386.4389418085456
380880,1,1,5,0.42645457969393247
380884,1,1,1,330.40959264085467
380887,1,1,9,656.7733732664764
380894,1,1,9,874.0917218038079
380897,1,1,4,0.42645458358136
380899,1,1,10,654.8275519851717
380904,1,1,6,617.7435292267766
380905,1,1,9,529.3797036294352
380912,1,1,6,504.694974676336
380915,1,1,6,794.4206787665507
380922,1,1,5,0.42645457969393247
380929,1,1,5,0.42645457969393247
380939,1,1,6,282.43634587721687
380943,1,1,6,805.497223060173
380952,1,1,4,0.42645458358136
380954,1,1,9,582.0270937272688
380958,1,1,6,510.53401848230715
380959,1,1,6,804.7430826224731
380967,1,1,7,170.210335461148
380978,1,1,4,0.42645458358136
380998,1,1,8,778.6773942611023
380999,1,1,10,662.5698796241597
381005,1,1,6,770.8094596129059
381010,1,1,8,619.3412199452681
381031,1,1,9,384.9327603805045
381034,1,1,9,873.8387730937737
381040,1,1,5,0.42645457969393247
381052,1,1,10,451.16680570566734
381053,1,1,4,0.42645458358136
381054,1,1,7,37.14212989510297
381056,1,1,8,554.5664622554401
381058,1,1,8,458.37584411505753
381059,1,1,9,707.6268164660803
381064,1,1,8,286.295117617824
381067,1,1,5,0.42645457969393247
381073,1,1,6,373.4402034980387
381079,1,1,8,715.9752497656227
381104,1,1,10,643.0453684668586
381108,1,1,9,865.3299295717239
381116,1,1,10,272.8378986412707
381131,1,1,9,883.0390144244664
381133,1,1,5,0.42645457969393247
381134,1,1,5,0.42645457969393247
381148,1,1,6,416.1594435247833
381151,1,1,9,855.1975691988034
381161,1,1,3,52.746296290184844
381162,1,1,9,145.35888233121437
381182,1,1,9,346.3291200890365
381183,1,1,9,825.222070147378
381187,1,1,6,389.0587631555707
381189,1,1,9,371.36163851330014
381194,1,1,5,0.42645457969393247
381197,1,1,9,869.9829278160122
381203,1,1,8,271.4790787324374
381214,1,1,3,91.74643063209506
381229,1,1,4,0.42645458358136
381239,1,1,7,169.2216856077146
381248,1,1,4,0.42645458358136
381251,1,1,4,0.42645458358136
381274,1,1,9,610.9076418288544
381277,1,1,8,474.6126493807013
381280,1,1,6,347.7337778765122
381283,1,1,7,156.33188651320756
381286,1,1,5,0.42645457969393247
381289,1,1,2,342.39213529834996
381294,1,1,4,0.42645458358136
381299,1,1,6,770.5992102718185
381304,1,1,4,0.42645458358136
381320,1,1,5,0.42645457969393247
381321,1,1,8,291.4510526988533
381325,1,1,9,422.2816839014007
381352,1,1,3,92.18913749565576
381358,1,1,1,505.1113813020357
381365,1,1,10,497.31284766087896
381370,1,1,5,0.42645457969393247
381373,1,1,6,693.8978707422543
381375,1,1,7,48.53591047066385
381387,1,1,4,0.42645458358136
381390,1,1,4,0.42645458358136
381415,1,1,8,780.1799489639482
381416,1,1,2,118.69499686995142
381417,1,1,7,46.923899206964
381437,1,1,10,680.4185397881813
381442,1,1,9,528.2881980114308
381467,1,1,3,49.33230739858411
381470,1,1,10,496.2676208754256
381481,1,1,6,422.68024855111895
381493,1,1,6,422.1679054066624
381500,1,1,1,675.5984699818765
381501,1,1,3,94.14020820364932
381509,1,1,1,289.0302821666931
381514,1,1,10,209.24584300440787
381536,1,1,6,254.7797683529894
381540,1,1,10,413.2659875359394
381543,1,1,9,459.356088504287
381552,1,1,10,603.609575555681
381562,1,1,9,639.7618116166293
381567,1,1,1,606.6842263976307
381574,1,1,4,0.42645458358136
381583,1,1,7,83.12882986278349
381584,1,1,9,582.4285991047428
381593,1,1,3,89.50931002142269
381603,1,1,8,564.1819300278871
381606,1,1,4,0.42645458358136
381617,1,1,9,632.6523921377396
381624,1,1,6,650.159285315513
381626,1,1,10,459.748359222415
381653,1,1,4,0.42645458358136
381667,1,1,6,726.1419315614887
381677,1,1,9,591.618368034242
381699,1,1,9,133.03855713798657
381720,1,1,6,772.4148179961898
381723,1,1,9,868.4170360527639
381727,1,1,4,0.42645458358136
381728,1,1,9,502.14509445536487
381740,1,1,9,782.0081949210279
381747,1,1,3,67.70660545628922
381762,1,1,8,801.1635908337363
381765,1,1,10,366.75411079014856
381788,1,1,9,814.3418994139276
381789,1,1,10,400.1836032862775
381793,1,1,4,0.42645458358136
381804,1,1,1,633.7049216652246
381815,1,1,4,0.42645458358136
381817,1,1,9,809.344712030025
381831,1,1,5,0.42645457969393247
381834,1,1,5,0.42645457969393247
381838,1,1,8,124.69732114775253
381863,1,1,9,790.5051903150546
381872,1,1,8,866.6059182458649
381878,1,1,1,590.2952867308735
381890,1,1,4,0.42645458358136
381893,1,1,9,381.20817102678654
381899,1,1,6,140.50064780313107
381908,1,1,1,598.9864449291309
381921,1,1,8,548.2370447875958
381927,1,1,10,303.1067892243048
381935,1,1,9,164.57363272110362
381969,1,1,5,0.42645457969393247
381979,1,1,4,0.42645458358136
381984,1,1,6,566.4391236868074
381997,1,1,9,778.3242015452346
381998,1,1,4,0.42645458358136
382007,1,1,4,0.42645458358136
382036,1,1,3,78.79881269685002
382048,1,1,9,620.6587089143287
382052,1,1,6,546.7540986218683
382061,1,1,7,67.2457544750506
382067,1,1,2,118.7422092658234
382097,1,1,10,687.8752077551867
382107,1,1,8,648.1757592148697
382112,1,1,1,582.6066073277229
382122,1,1,5,0.42645457969393247
382132,1,1,5,0.42645457969393247
382136,1,1,10,601.6998006383343
382141,1,1,5,0.42645457969393247
382147,1,1,6,613.4189001165676
382167,1,1,9,476.7313313576437
382190,1,1,4,0.42645458358136
382217,1,1,10,525.0152031425483
382222,1,1,6,608.8245816310679
382227,1,1,9,302.6646731971359
382228,1,1,4,0.42645458358136
382237,1,1,1,543.7491980697165
382245,1,1,6,494.2693975423806
382271,1,1,10,368.0102250849158
382278,1,1,8,699.0133623457668
382296,1,1,4,0.42645458358136
382304,1,1,5,0.42645457969393247
382312,1,1,5,0.42645457969393247
382316,1,1,1,621.0059448118591
382327,1,1,5,0.42645457969393247
382336,1,1,2,58.451894850451126
382338,1,1,6,453.57828343239333
382345,1,1,6,403.1397479702629
382382,1,1,8,506.17794445545354
382388,1,1,1,520.4993488888816
382402,1,1,5,0.42645457969393247
382407,1,1,9,557.6343110160398
382410,1,1,5,0.42645457969393247
382411,1,1,6,577.8775130517125
382414,1,1,10,149.06195979065853
382419,1,1,8,870.6401145919804
382440,1,1,4,0.42645458358136
382471,1,1,6,262.48838846374974
382480,1,1,10,105.16795579454147
382497,1,1,7,145.21206549734876
382530,0,1,0,0.10370324882574812
382536,1,1,5,0.42645457969393247
382543,1,1,6,428.652524632581
382562,1,1,9,584.5495503704872
382568,1,1,10,605.3271461732107
382573,1,1,6,765.2626403466526
382576,1,1,5,0.42645457969393247
382577,1,1,8,629.1706237786009
382592,1,1,8,948.5923993247761
382614,1,1,9,606.8898221094734
382628,1,1,5,0.42645456789925423
382670,1,1,5,0.42645456789925423
382730,1,1,2,148.11769588227767
382735,1,1,8,443.69442816552254
382757,1,1,9,115.09919982858044
382772,1,1,8,610.0660917354841
382785,1,1,10,366.690047685712
382788,1,1,2,57.88599144599457
382794,1,1,8,425.70202210492005
382799,1,1,8,722.7688064888918
382811,1,1,9,269.04563633350506
382812,1,1,5,0.42645457969393247
382820,1,1,5,0.42645457969393247
382821,1,1,9,470.09489009308425
382826,1,1,10,720.728602766048
382841,1,1,7,171.7029696194208
382846,1,1,6,763.1573068389839
382848,1,1,4,0.42645458358136
382856,1,1,6,344.8169514553955
382882,1,1,4,0.42645458358136
382888,1,1,9,602.7453580096886
382893,1,1,5,0.42645457969393247
382899,1,1,9,611.7991148497765
382904,1,1,9,227.13316805486147
382912,1,1,8,811.0741593271102
382922,1,1,8,344.7862309345045
382925,1,1,8,943.4715799425701
382942,1,1,5,0.42645457969393247
382962,1,1,4,0.42645458358136
382969,1,1,10,720.1865039997335
382970,1,1,8,424.5229286045064
382980,1,1,10,145.30766655665053
382983,1,1,10,718.8172526888243
382994,1,1,10,569.2847563693467
382996,1,1,5,0.42645457969393247
383006,1,1,6,383.66104746315693
383008,1,1,5,0.42645457969393247
383015,1,1,9,638.9049151290556
383024,1,1,8,731.786343039813
383025,1,1,6,772.5873581634077
383027,1,1,3,55.86299721596002
383046,1,1,8,500.08774690328545
383090,1,1,9,614.5922714981904
383142,1,1,7,25.132682387608497
383163,1,1,7,164.94420658072
383183,1,1,8,539.5428249380368
383191,1,1,10,506.52132706869963
383222,1,1,6,372.75714230069184
383236,1,1,1,737.3272290723377
383244,1,1,9,845.8478266768137
383261,0,1,0,0.1457610271309782
383308,1,1,10,608.5034327754418
383315,1,1,8,521.2868834555272
383326,1,1,9,519.816571446007
383335,1,1,1,294.86653668843746
383336,1,1,6,574.2317460854509
383337,1,1,10,430.900389113205
383355,1,1,8,694.5727213043306
383368,1,1,6,480.7475457835699
383370,1,1,9,572.984165246983
383377,1,1,6,775.5539252632597
383396,1,1,5,0.42645457969393247
383405,1,1,6,437.8803581238182
383417,1,1,8,653.4874559147271
383420,1,1,8,862.1465287146094
383424,1,1,1,378.57592677763006
383426,1,1,5,0.42645457969393247
383434,1,1,5,0.42645457969393247
383444,1,1,9,721.1001493921034
383455,1,1,1,609.6837104409757
383467,1,1,2,106.06752964950549
383480,1,1,9,633.8484179759713
383484,1,1,6,764.0364336519368
383491,1,1,5,0.42645457969393247
383554,1,1,1,462.1522770435058
383560,1,1,2,176.99402199272745
383564,1,1,1,687.6184181545974
383566,1,1,6,687.625382221647
383570,1,1,8,332.89014859484627
383576,1,1,9,505.42170316148804
383595,1,1,9,172.92432426872352
383598,1,1,6,716.6106388465689
383599,1,1,10,619.8287752831487
383610,1,1,6,772.5459489960552
383618,1,1,1,745.2029061110893
383624,1,1,5,0.42645457969393247
383626,1,1,5,0.42645457969393247
383629,1,1,9,639.8853081981183
383637,1,1,5,0.42645457969393247
383639,1,1,6,198.74741998193795
383642,1,1,8,484.2315733279107
383659,1,1,5,0.42645457969393247
383663,1,1,5,0.42645457969393247
383672,1,1,5,0.42645457969393247
383702,1,1,4,0.42645458358136
383705,1,1,9,553.8834340677498
383714,1,1,2,363.5774227584355
383718,1,1,5,0.42645456789925423
383719,1,1,5,0.42645457969393247
383727,1,1,6,807.9071847124477
383756,1,1,6,529.8868823889995
383757,1,1,6,505.9580181358932
383760,1,1,6,802.7278473783311
383768,1,1,5,0.42645457969393247
383777,1,1,1,454.3680560591066
383781,1,1,8,362.6750358440651
383796,1,1,5,0.42645457969393247
383802,1,1,6,355.3657768278289
383804,1,1,3,47.08493361765147
383805,1,1,3,89.42427475563476
383841,1,1,10,674.6403970382411
383855,1,1,6,687.0777999910613
383886,1,1,9,587.9443933398934
383900,1,1,10,294.70946271931774
383905,1,1,6,810.7967543353218
383907,1,1,9,711.789122819933
383927,1,1,4,0.42645458358136
383947,1,1,8,948.3302996064959
383986,1,1,9,786.8389358480308
383996,1,1,8,868.970276368199
384007,1,1,1,541.9276285762766
384016,1,1,5,0.42645457969393247
384018,1,1,6,616.5953492524305
384024,1,1,9,609.2961478955573
384039,1,1,10,399.6480074873724
384055,1,1,2,464.49453574373007
384058,1,1,6,791.2780864727819
384068,1,1,4,0.42645458358136
384072,1,1,9,39.393653438347705
384075,1,1,5,0.42645456789925423
384079,1,1,9,207.36547875606325
384111,1,1,1,204.06587229159769
384112,1,1,9,481.8671838892876
384116,1,1,6,778.9516834842531
384118,1,1,8,777.854587657828
384152,1,1,10,662.0602754890627
384199,1,1,8,683.5281254196967
384208,1,1,9,232.9065440858263
384216,1,1,9,473.67509610849936
384219,1,1,8,409.55202276591933
384227,1,1,3,82.18820080078699
384234,1,1,1,495.1876513211259
384256,1,1,7,84.10427002888972
384261,1,1,1,228.22192638714017
384265,1,1,4,0.42645458358136
384286,1,1,1,435.54352940119406
384310,1,1,6,642.6010334886797
384316,1,1,6,557.9646527762378
384319,1,1,2,193.08454053521135
384323,1,1,4,0.42645458358136
384324,1,1,8,577.2577934968923
384326,1,1,6,333.2398890301846
384331,1,1,9,882.9745199091864
384337,1,1,6,543.1741875834798
384339,1,1,10,721.8938977396127
384342,1,1,9,336.20036459040466
384343,0,1,0,0.1382476182630659
384373,1,1,4,0.42645458358136
384381,1,1,1,373.8124883901549
384382,1,1,9,855.4469991618911
384386,1,1,9,693.4701612867625
384390,1,1,6,474.7409595823066
384397,1,1,10,223.46129935570687
384408,1,1,4,0.42645458358136
384411,1,1,4,0.42645458358136
384440,1,1,4,0.42645458358136
384442,1,1,9,597.4507846254255
384448,1,1,5,0.42645457969393247
384456,1,1,3,74.82310992470629
384467,1,1,5,0.42645457969393247
384471,1,1,5,0.42645457969393247
384477,1,1,6,540.5685091801271
384488,1,1,4,0.42645458358136
384490,1,1,8,296.0752658262273
384507,1,1,5,0.42645457969393247
384510,1,1,8,633.3591618142133
384512,1,1,9,524.8314439454647
384520,1,1,6,783.5169627377785
384530,1,1,5,0.42645457969393247
384544,1,1,8,564.4459920713109
384566,1,1,8,306.2074619557173
384582,1,1,6,659.453532665096
384595,1,1,1,501.542103022336
384607,1,1,6,547.6730623550526
384613,1,1,8,756.9077431687899
384622,1,1,9,861.7066614950687
384626,1,1,9,488.0030231963185
384629,1,1,5,0.42645457969393247
384639,1,1,8,500.72210211856026
384648,1,1,5,0.42645457969393247
384653,1,1,6,524.0028491713732
384654,1,1,4,0.42645458358136
384658,1,1,5,0.42645456789925423
384667,1,1,5,0.42645456789925423
384669,1,1,2,349.53495318041547
384680,1,1,6,698.243339226673
384681,1,1,4,0.42645458358136
384717,1,1,4,0.42645458358136
384732,1,1,3,55.08399422453086
384735,1,1,9,110.33816832905545
384740,1,1,7,70.73861104953444
384745,1,1,9,305.94059578950834
384751,1,1,10,571.5395581773506
384755,1,1,8,905.8870874548475
384758,1,1,9,500.9698216673856
384763,1,1,9,511.92754954957957
384767,1,1,5,0.42645457969393247
384773,1,1,9,382.19354514616555
384776,1,1,4,0.42645458358136
384778,1,1,8,149.20869030721198
384790,1,1,7,45.96357846661392
384802,1,1,8,816.4651178346697
384808,1,1,6,787.3399454633181
384817,1,1,8,802.3528380471731
384829,1,1,1,168.7134099333369
384839,1,1,6,741.8266080297653
384863,1,1,10,459.6767950302208
384865,1,1,9,860.9819104381125
384891,1,1,7,96.26434283915742
384912,1,1,5,0.42645457969393247
384917,1,1,5,0.42645457969393247
384926,1,1,10,663.3801243799066
384935,1,1,9,504.3452570516853
384952,1,1,8,880.2256028000206
384954,1,1,1,689.4733733526393
384958,1,1,9,703.8977999683813
384961,1,1,10,164.01117810456932
384980,1,1,7,167.05521222238548
385004,1,1,10,135.89103364993187
385007,1,1,3,85.88881121107387
385009,1,1,9,560.2069955727399
385019,1,1,8,776.9694588507042
385025,0,1,0,0.13083620199370313
385033,1,1,5,0.42645457969393247
385038,1,1,1,441.8201779566005
385051,1,1,8,722.6924305220163
385059,1,1,5,0.42645457969393247
385067,1,1,7,77.34983534753587
385072,1,1,3,93.08552377250146
385077,1,1,8,226.93382839485946
385082,1,1,7,170.0749556643761
385085,1,1,5,0.42645457969393247
385090,1,1,8,576.7393317833732
385099,1,1,8,363.15758281709736
385102,1,1,4,0.42645458358136
385124,1,1,8,161.99214844898353
385129,1,1,6,518.4185981681678
385134,1,1,5,0.42645457969393247
385142,1,1,8,808.8684426673288
385153,1,1,3,90.25050015093909
385160,1,1,4,0.42645458358136
385161,1,1,2,291.4417473332392
385180,1,1,6,494.29701141001124
385188,1,1,6,584.4255905286171
385201,1,1,6,692.6270193569555
385208,1,1,1,604.7702596917313
385212,1,1,5,0.42645456789925423
385215,1,1,9,178.6985158666651
385229,1,1,10,722.0043728047143
385283,1,1,10,430.23542779584693
385286,1,1,3,74.22988953408962
385289,1,1,5,0.42645457969393247
385292,1,1,9,596.8015786460098
385300,1,1,8,524.3902219603497
385306,1,1,10,425.853614545128
385311,1,1,4,0.42645458358136
385313,1,1,2,369.9877786497961
385314,1,1,9,381.66650801465136
385330,1,1,7,78.36651367799081
385347,1,1,4,0.42645458358136
385358,1,1,8,721.1296494761024
385373,1,1,8,770.8796089277696
385382,1,1,7,117.15623606590269
385388,1,1,6,176.4439686603441
385390,1,1,9,709.4722410313985
385396,1,1,9,711.610969163771
385398,1,1,7,42.420664386726635
385420,1,1,4,0.42645458358136
385448,1,1,9,843.4001072629699
385450,1,1,1,756.541483039244
385451,1,1,5,0.42645457969393247
385454,1,1,8,513.7646509656353
385481,1,1,10,645.7717360646093
385485,1,1,6,801.117833068109
385496,1,1,5,0.42645457969393247
385507,1,1,4,0.42645458358136
385511,1,1,9,759.4257394635041
385517,1,1,6,751.6104823020161
385520,1,1,6,792.9129174689821
385526,1,1,1,362.51124373162367
385544,1,1,10,284.6308639890074
385564,1,1,1,520.9348516805741
385566,1,1,5,0.42645457969393247
385578,1,1,9,860.9697682376981
385581,1,1,7,117.89122141293869
385597,1,1,6,241.7134457404871
385609,1,1,9,421.1194587520516
385610,1,1,7,142.0465968342452
385616,1,1,5,0.42645457969393247
385640,1,1,10,268.4406032927426
385648,1,1,6,782.2585797352853
385657,1,1,5,0.42645457969393247
385697,1,1,6,602.1438613684926
385701,1,1,3,80.47012737764734
385746,1,1,1,453.74369209777393
385774,1,1,3,56.10013250159708
385781,1,1,5,0.42645457969393247
385789,1,1,9,803.0654665534697
385790,1,1,6,501.78054241896956
385810,1,1,4,0.42645458358136
385813,1,1,2,374.92409789288314
385825,1,1,4,0.42645458358136
385832,1,1,9,269.45522375654275
385842,1,1,9,756.9661632457509
385846,1,1,8,853.760461511645
385849,1,1,5,0.42645457969393247
385870,1,1,4,0.42645458358136
385881,1,1,5,0.42645457969393247
385890,1,1,9,497.94983059853496
385924,1,1,10,619.8750176948516
385926,1,1,3,88.82820185596728
385934,1,1,9,99.41346342277713
385966,1,1,4,0.42645458358136
385977,1,1,4,0.42645458358136
385984,1,1,6,626.8166931546033
385989,1,1,4,0.42645458358136
385990,1,1,4,0.42645458358136
386003,1,1,7,143.07046205403637
386034,1,1,6,724.0980086858051
386051,1,1,7,168.00472934263476
386063,1,1,8,454.8010425563654
386116,1,1,6,280.17708860700236
386122,1,1,7,126.55269352167927
386123,1,1,5,0.42645457969393247
386150,1,1,9,606.2051856433915
386171,1,1,10,339.2995655734423
386192,1,1,10,618.1393432083782
386198,1,1,2,374.584013396036
386199,1,1,9,617.0790711107002
386215,1,1,9,550.9880163187598
386222,1,1,4,0.42645458358136
386228,1,1,1,448.9548403880955
386237,1,1,5,0.42645457969393247
386238,1,1,5,0.42645457969393247
386240,1,1,8,733.1040708889416
386242,1,1,10,142.66277614007262
386258,1,1,4,0.42645458358136
386260,1,1,4,0.42645458358136
386261,1,1,5,0.42645457969393247
386266,1,1,8,619.3028623100624
386274,1,1,7,77.49641329302965
386283,1,1,2,318.9639083422536
386284,1,1,5,0.42645456789925423
386288,1,1,10,389.5536504217759
386294,1,1,1,164.59552117209014
386296,1,1,5,0.42645457969393247
386311,1,1,8,337.35168053595754
386320,1,1,6,796.9194209859588
386321,1,1,9,153.10381655697796
386329,1,1,6,414.9822674147227
386335,1,1,10,605.8194581966962
386372,1,1,10,540.6518559625047
386398,1,1,10,718.3026259339123
386407,1,1,5,0.42645457969393247
386415,1,1,8,150.93149087694724
386418,1,1,5,0.42645457969393247
386419,1,1,1,408.26267239607523
386439,1,1,5,0.42645457969393247
386444,1,1,5,0.42645457969393247
386461,1,1,9,193.5261669076236
386484,1,1,6,617.726521992602
386490,1,1,5,0.42645457969393247
386495,1,1,9,460.01204855147046
386501,1,1,5,0.42645457969393247
386504,1,1,4,0.42645458358136
386516,1,1,10,115.02280496750403
386517,1,1,6,131.04740995611607
386537,1,1,5,0.42645457969393247
386538,1,1,3,90.02828546809316
386545,1,1,9,511.8749122154071
386561,1,1,9,503.18275232514344
386577,1,1,6,779.5130098422856
386604,1,1,3,67.61818864191932
386628,1,1,10,627.1590299556468
386630,1,1,5,0.42645456789925423
386637,1,1,9,265.1167670210313
386638,1,1,1,676.9151660462078
386649,1,1,9,842.5198654441291
386652,1,1,9,841.5217114944173
386658,1,1,9,345.87977751810564
386660,1,1,4,0.42645458358136
386673,1,1,8,780.8275301932505
386687,1,1,9,372.43195970115465
386733,1,1,6,805.6669395683938
386744,1,1,9,38.413201931912475
386768,1,1,8,436.97372803945143
386783,1,1,6,300.0067854540424
386787,1,1,8,308.41105808647734
386792,1,1,5,0.42645457969393247
386797,1,1,4,0.42645458358136
386810,1,1,1,406.2028814600304
386814,1,1,5,0.42645457969393247
386816,1,1,3,46.21903927972186
386839,1,1,9,789.9961279475864
386850,1,1,5,0.42645457969393247
386853,1,1,8,362.4280025051696
386855,1,1,3,33.750271246163294
386862,1,1,6,762.6713144978199
386875,1,1,2,375.99643324658933
386876,1,1,7,135.43912851209876
386901,1,1,8,225.5435244090232
386905,1,1,4,0.42645458358136
386911,1,1,4,0.42645458358136
386928,1,1,1,758.1324920039514
386932,1,1,9,706.5250753955569
386939,1,1,10,570.7045849694692
386958,1,1,8,799.2105191496426
386960,1,1,7,75.32851611571876
386969,1,1,6,476.23174096788665
386974,1,1,8,680.2197650304756
386975,1,1,10,721.927843582495
386979,1,1,3,89.66664718118047
386983,1,1,8,665.6987641600025
386998,1,1,4,0.42645458358136
387007,1,1,8,800.1754562661929
387012,1,1,5,0.42645457969393247
387024,1,1,8,642.6818975485716
387029,1,1,4,0.42645458358136
387037,1,1,9,211.81436439141217
387039,1,1,9,340.61792665887543
387043,1,1,9,226.47588098806258
387053,1,1,5,0.42645457969393247
387057,1,1,4,0.42645458358136
387060,1,1,6,592.0644955334325
387061,1,1,8,833.8727887309053
387064,1,1,6,627.9016812510209
387070,1,1,10,638.8053712181749
387080,1,1,6,431.20180675096657
387082,1,1,1,329.7436104646217
387086,1,1,5,0.42645457969393247
387087,1,1,4,0.42645458358136
387095,1,1,6,361.46509525963205
387103,1,1,9,633.2180576324497
387104,1,1,10,716.6917550350569
387137,1,1,10,407.7677400858472
387146,1,1,4,0.42645458358136
387156,1,1,4,0.42645458358136
387177,1,1,10,390.04724433919955
387185,1,1,8,854.0700251637527
387187,1,1,5,0.42645456789925423
387191,1,1,3,41.838674619830435
387198,1,1,6,367.0559501953517
387221,1,1,4,0.42645458358136
387228,1,1,5,0.42645457969393247
387249,1,1,8,592.4776501336457
387254,1,1,7,117.91783331843828
387256,1,1,5,0.42645457969393247
387277,1,1,6,680.7720207323298
387288,1,1,4,0.42645458358136
387316,1,1,4,0.42645458358136
387330,1,1,9,234.60056789533658
387335,1,1,8,301.5296035034655
387340,1,1,5,0.42645457969393247
387341,1,1,5,0.42645457969393247
387344,1,1,5,0.42645457969393247
387346,1,1,4,0.42645458358136
387347,1,1,9,849.7092270547954
387348,1,1,6,794.3155529804078
387360,1,1,5,0.42645457969393247
387388,1,1,8,436.88228975482036
387391,1,1,7,127.92156181096605
387400,1,1,1,616.6099892274361
387405,1,1,6,437.5293471418378
387406,1,1,9,892.3763731611893
387411,1,1,8,540.5072875397772
387418,1,1,9,446.5643286903166
387422,1,1,5,0.42645457969393247
387423,1,1,9,825.0617584868355
387437,1,1,9,762.4827512236259
387450,1,1,6,355.4571611842851
387456,1,1,10,446.3489089361878
387480,1,1,5,0.42645456789925423
387481,1,1,4,0.42645458358136
387492,1,1,1,223.51406665111972
387496,1,1,6,262.1239285318628
387505,1,1,8,198.27354104612147
387517,1,1,10,442.88668512439614
387530,1,1,8,885.5447798633968
387534,1,1,8,844.7696168998237
387537,1,1,6,681.3398710825261
387552,1,1,9,438.77810188350753
387560,1,1,9,451.3161660487811
387568,1,1,6,337.83478593569544
387574,1,1,4,0.42645458358136
387580,1,1,7,104.50414111476746
387581,1,1,5,0.42645457969393247
387594,1,1,2,474.9330306230999
387613,1,1,9,662.3827225127329
387621,1,1,4,0.42645458358136
387623,1,1,9,661.3833596925588
387624,1,1,3,92.31431701481947
387625,1,1,8,138.76880262505463
387626,1,1,9,704.4265184998036
387629,1,1,9,47.33543210189141
387651,1,1,6,545.1067532557245
387658,1,1,9,867.3429390709729
387675,1,1,6,641.4388959687883
387677,1,1,9,493.3734827322976
387681,1,1,9,573.9557425915852
387684,1,1,1,187.75114529892454
387690,1,1,4,0.42645458358136
387705,1,1,7,88.29931622182613
387720,1,1,10,394.2179272002993
387731,1,1,5,0.42645456789925423
387740,1,1,4,0.42645458358136
387745,1,1,4,0.42645458358136
387752,1,1,8,414.8838080281625
387761,1,1,9,473.60984772007936
387762,1,1,1,455.8592835159077
387765,1,1,4,0.42645458358136
387788,1,1,9,442.6293969638612
387790,1,1,10,186.45261858742958
387803,1,1,6,410.74829469759595
387808,1,1,9,413.43445395972094
387833,1,1,8,381.2309408984708
387835,1,1,1,436.4594061982189
387841,1,1,5,0.42645457969393247
387843,1,1,9,640.3536030820438
387854,1,1,2,488.50255640907784
387871,0,1,0,0.24175180093479168
387873,1,1,7,158.70730522437174
387883,1,1,5,0.42645457969393247
387891,1,1,5,0.42645457969393247
387892,1,1,8,512.0875377094742
387895,1,1,9,778.5444915884016
387897,1,1,4,0.42645458358136
387906,1,1,5,0.42645457969393247
387916,1,1,6,468.5984958541494
387920,1,1,5,0.42645457969393247
387929,1,1,9,54.63257127790777
387970,1,1,1,695.3858316343651
387980,1,1,6,660.2840482137902
387983,1,1,4,0.42645458358136
387987,1,1,1,524.7697605381667
387997,1,1,5,0.42645456789925423
388000,1,1,1,617.0859239468679
388014,1,1,7,34.610686170366705
388018,1,1,8,196.636970109873
388025,1,1,7,62.63918697090476
388033,1,1,7,139.8729516476897
388037,1,1,8,443.7299753475206
388045,1,1,10,414.6668863100717
388071,1,1,5,0.42645457969393247
388077,1,1,3,82.31397156181012
388078,1,1,6,553.5219365143158
388086,1,1,1,370.9879656175886
388098,1,1,6,320.1307819044679
388125,1,1,5,0.42645457969393247
388132,1,1,4,0.42645458358136
388134,1,1,1,359.574314288421
388154,1,1,1,619.4074457104971
388156,1,1,9,78.6697048937566
388157,1,1,6,253.62948454713282
388164,1,1,5,0.42645457969393247
388168,1,1,8,511.2698343934561
388190,1,1,9,583.0171274603001
388196,1,1,5,0.42645457969393247
388207,1,1,9,737.5185322626719
388208,1,1,8,517.1197846348962
388209,1,1,9,485.23299522171186
388217,1,1,5,0.42645457969393247
388221,1,1,5,0.42645457969393247
388238,1,1,10,463.60005672117285
388239,1,1,9,418.0481762773651
388241,1,1,8,893.3864813949349
388254,1,1,1,535.7629294936985
388263,1,1,8,518.6218067674388
388281,1,1,8,547.8439769709221
388308,1,1,9,533.0005673127449
388332,1,1,4,0.42645458358136
388335,1,1,5,0.42645457969393247
388340,1,1,6,610.1426544154557
388346,1,1,10,616.5038316699662
388360,1,1,7,169.35973344455
388361,1,1,8,675.0246713866294
388364,1,1,9,747.4230364343111
388380,1,1,1,287.91722036052846
388403,1,1,5,0.42645457969393247
388436,1,1,6,586.2019172541048
388446,1,1,6,151.1127689305237
388455,1,1,5,0.42645457969393247
388461,1,1,4,0.42645458358136
388489,1,1,10,666.8610154541686
388505,1,1,9,581.8606328181676
388515,1,1,4,0.42645458358136
388522,1,1,10,460.66276167894387
388525,1,1,10,473.7278788279491
388526,1,1,5,0.42645457969393247
388530,1,1,4,0.42645458358136
388538,1,1,6,396.73299867308657
388560,1,1,7,148.29651087368097
388575,1,1,2,99.58720743566937
388578,1,1,9,320.1213174070822
388590,1,1,9,772.5986444160053
388595,1,1,9,589.6930230943068
388602,1,1,3,92.95112477194529
388610,1,1,6,683.9980304664648
388635,1,1,4,0.42645458358136
388651,1,1,10,594.1732142160635
388661,1,1,6,386.65869237482525
388662,1,1,7,167.4747726123897
388663,1,1,5,0.42645457969393247
388673,1,1,2,186.89961217475997
388686,1,1,6,490.10011926452563
388691,1,1,8,734.3741423591262
388694,1,1,6,650.9302835936296
388729,1,1,8,312.44074754207463
388730,1,1,6,416.7653518319702
388741,1,1,3,76.56280911268409
388753,1,1,4,0.42645458358136
388764,1,1,6,407.6890155042868
388780,1,1,7,0.615096363578191
388783,1,1,3,75.68639400524634
388799,1,1,6,563.9337758201823
388804,1,1,8,776.9406683613862
388806,1,1,4,0.42645458358136
388824,1,1,7,89.77885535332257
388835,1,1,5,0.42645457969393247
388844,1,1,8,385.14658980188227
388845,1,1,1,327.0501497606923
388853,1,1,10,352.3587857797993
388856,1,1,8,870.5588572837121
388885,1,1,6,638.4516063479042
388886,1,1,5,0.42645457969393247
388906,1,1,4,0.42645458358136
388914,1,1,8,724.1847642212131
388919,1,1,9,142.35170998789454
388949,1,1,5,0.42645457969393247
388968,1,1,9,386.7378735156162
388976,1,1,6,725.2065180531453
388985,1,1,10,353.97055190665554
389002,1,1,9,683.3673645991408
389007,1,1,10,619.4527140232186
389017,1,1,8,685.4313646094289
389029,0,1,0,0.14087715362356612
389054,1,1,6,505.5609459491329
389055,1,1,6,529.4547472388072
389061,1,1,10,620.2906185584866
389091,1,1,7,98.81868357051106
389109,1,1,10,257.64489378613655
389131,1,1,5,0.42645457969393247
389138,1,1,8,433.52222735829696
389144,1,1,9,765.1295428721752
389150,1,1,4,0.42645458358136
389171,1,1,9,870.9357132042801
389179,1,1,10,430.68319980591207
389182,1,1,2,392.4187442088461
389189,1,1,7,105.86284119170908
389201,1,1,8,356.276992293263
389206,1,1,9,485.4425115144186
389210,1,1,1,436.0401291199358
389243,1,1,3,87.78597291043732
389263,1,1,4,0.42645458358136
389264,1,1,1,363.78294282474957
389273,1,1,3,56.63629452423687
389282,1,1,2,121.06658981055354
389310,1,1,8,536.482307101386
389321,1,1,5,0.42645457969393247
389322,1,1,9,546.8330113896983
389323,1,1,7,168.44805575930258
389324,1,1,6,175.79720673274562
389342,1,1,9,503.3344043713033
389346,1,1,10,627.2103632778292
389356,1,1,7,96.33776493234184
389372,1,1,5,0.42645457969393247
389376,1,1,3,89.59288235116345
389378,1,1,10,201.60349270382994
389400,1,1,9,781.8313018661457
389412,1,1,2,348.07746441596476
389421,1,1,8,790.9802603596256
389427,1,1,9,418.8685559276018
389428,1,1,8,569.6012945325597
389429,1,1,10,679.8527155687268
389438,0,1,0,0.10789332667140378
389445,1,1,8,786.9278241423303
389458,1,1,5,0.42645457969393247
389464,1,1,8,448.8118411041809
389475,1,1,10,487.00359597012454
389479,1,1,1,759.9691679680421
389482,1,1,9,816.1264621806425
389536,1,1,8,765.8888993288357
389542,1,1,4,0.42645458358136
389551,1,1,9,581.576807616072
389555,1,1,10,204.08577198487976
389557,1,1,6,555.983014083917
389564,1,1,8,889.0156222584657
389565,1,1,6,751.625635569738
389579,1,1,9,746.5586660390696
389587,1,1,9,749.149472241901
389611,1,1,4,0.42645458358136
389634,1,1,9,254.60749006546106
389635,1,1,9,880.4668513352066
389643,1,1,4,0.42645458358136
389644,1,1,10,219.4365279174331
389658,1,1,6,497.375900935421
389669,1,1,9,23.86982840872035
389696,1,1,9,772.9301107546943
389699,1,1,4,0.42645458358136
389700,1,1,10,699.1258490257134
389708,1,1,6,656.6583292811747
389715,1,1,6,563.7049707821358
389726,1,1,6,377.7080588604806
389737,1,1,9,740.3154186404944
389740,1,1,1,602.9738643303342
389754,1,1,6,653.2568004392534
389756,1,1,10,504.77238055199535
389762,1,1,9,807.9848092107226
389774,1,1,7,113.89105653547547
389776,1,1,9,726.693173277986
389779,1,1,1,205.58480363518572
389782,1,1,6,789.946629616073
389795,1,1,1,544.4438504032228
389811,1,1,2,222.4630374401628
389824,1,1,9,52.88828222151066
389832,1,1,10,510.996707894569
389844,1,1,8,309.76115687335306
389848,1,1,1,671.4019670448295
389858,1,1,4,0.42645458358136
389866,1,1,1,577.0791617885156
389879,1,1,8,268.40651435775277
389888,1,1,8,669.8920625534475
389897,1,1,9,437.3968342808449
389901,1,1,4,0.42645458358136
389903,1,1,8,583.3664856811208
389921,1,1,10,459.763729757332
389925,1,1,9,589.8017116961976
389934,1,1,7,126.2399011024098
389936,1,1,6,562.0015999560267
389941,1,1,5,0.42645457969393247
389948,1,1,8,512.751542006898
389953,1,1,1,601.4232916568973
389969,1,1,4,0.42645458358136
389974,1,1,5,0.42645457969393247
389996,1,1,9,546.1363095131218
390003,1,1,6,548.1835042942896
390026,1,1,4,0.42645458358136
390036,1,1,9,621.5222098786828
390041,1,1,6,241.90091976744347
390043,1,1,4,0.42645457969393247
390058,1,1,8,393.3573379822349
390066,1,1,10,720.0830181717542
390083,1,1,9,238.06361981065092
390085,1,1,7,102.53098782114986
390091,1,1,10,383.57739806638256
390096,1,1,8,817.3976229689462
390120,1,1,10,593.3144250567777
390148,1,1,9,871.0287102673615
390155,1,1,7,96.0416804642709
390157,1,1,4,0.42645458358136
390165,1,1,5,0.42645457969393247
390173,1,1,1,427.8296796405427
390180,1,1,9,880.1745270715942
390207,1,1,9,876.3677920896573
390214,1,1,1,325.64523444431325
390219,1,1,4,0.42645458358136
390222,1,1,9,557.8235307925454
390229,1,1,1,537.5689013096926
390248,1,1,4,0.42645458358136
390250,1,1,9,401.49855665881375
390258,1,1,4,0.4264545919581291
390259,1,1,10,449.4160985015848
390312,1,1,5,0.42645457969393247
390313,1,1,8,682.8647473281761
390327,1,1,1,439.86160589905506
390355,1,1,3,81.57680411010647
390358,1,1,4,0.42645458358136
390399,1,1,9,739.5068695343102
390400,1,1,9,538.1219493363964
390435,1,1,9,862.3523743543784
390443,1,1,8,811.4162585653369
390446,1,1,7,156.4621628098217
390455,1,1,9,584.0173751327059
390478,1,1,4,0.42645458358136
390481,1,1,1,389.38177563368885
390484,1,1,10,280.5013824644155
390488,1,1,9,389.51476561926887
390493,0,1,0,0.11900203212153955
390498,1,1,4,0.42645458358136
390508,1,1,5,0.42645457969393247
390513,1,1,1,627.2015578748482
390517,1,1,8,562.1730178081826
390522,1,1,1,604.7437884177162
390528,1,1,5,0.42645457969393247
390533,1,1,6,454.9094370856326
390534,1,1,1,448.23857033332916
390560,1,1,1,305.2557271589116
390573,1,1,4,0.42645458358136
390577,1,1,5,0.42645457969393247
390604,1,1,4,0.42645458358136
390606,1,1,8,615.393176152169
390624,1,1,9,257.72803986672045
390640,1,1,8,754.2175663279768
390645,1,1,6,459.6431459836986
390661,1,1,4,0.42645458358136
390672,1,1,8,433.4902983115156
390690,1,1,8,938.8226165704766
390695,1,1,10,721.3463583076265
390716,1,1,8,781.930588776938
390721,1,1,5,0.42645457969393247
390767,1,1,9,427.8853046726653
390780,1,1,5,0.42645457969393247
390789,1,1,10,656.7173073652131
390796,1,1,10,275.2690535810107
390801,1,1,2,195.13848509243513
390803,1,1,5,0.42645457969393247
390813,1,1,7,63.484364399404946
390821,1,1,10,373.2469782168217
390822,1,1,2,378.78564643695626
390828,1,1,10,160.71858764022576
390840,1,1,8,584.3033329936007
390852,1,1,8,381.3035113340048
390857,1,1,8,514.1640034113447
390883,1,1,9,237.52717176544107
390885,1,1,8,836.152645019743
390912,1,1,4,0.42645458358136
390918,1,1,10,164.57356871551917
390919,1,1,8,108.87373160127498
390921,1,1,6,588.3235084056834
390931,1,1,2,373.16460655327825
390932,1,1,6,527.6221637231467
390937,1,1,9,816.1268438012125
390939,1,1,2,476.627713143747
390947,1,1,5,0.42645456789925423
390953,1,1,5,0.42645456789925423
390957,1,1,2,394.0639512719107
390965,1,1,6,511.802247876523
390978,1,1,10,389.74609414182436
390983,1,1,8,646.3442849911444
391003,1,1,1,170.60891125806546
391032,1,1,3,70.07996022644814
391042,1,1,8,800.318413420899
391054,1,1,6,486.383400730189
391055,1,1,9,763.6352806281608
391059,1,1,8,536.4839708536457
391087,1,1,7,153.5840442010368
391090,1,1,4,0.42645458358136
391092,1,1,6,323.81718461547786
391097,1,1,10,124.49092343563767
391102,1,1,9,307.91603851578833
391114,1,1,9,348.1919275317005
391134,1,1,10,718.659756169753
391137,1,1,4,0.42645458358136
391139,1,1,6,591.6712553321411
391140,1,1,10,510.2292604386807
391149,1,1,7,147.00864051559907
391150,1,1,7,69.28947457377714
391151,1,1,6,491.60294304443835
391164,1,1,9,849.7273205653192
391174,1,1,6,767.8012716799168
391176,1,1,6,773.1650241315767
391187,1,1,10,268.757388852938
391191,1,1,4,0.42645458358136
391197,1,1,10,605.0340716687683
391225,1,1,6,777.9143768294806
391242,1,1,9,212.57904557480506
391244,1,1,5,0.42645456789925423
391252,1,1,6,303.22838025793106
391270,1,1,10,597.0052721788701
391289,1,1,4,0.42645458358136
391299,1,1,6,378.8808347093775
391309,1,1,7,127.00966138976534
391319,1,1,8,515.4950906956625
391340,1,1,7,86.08628939006857
391349,1,1,5,0.42645457969393247
391358,1,1,8,471.39666711453225
391360,1,1,8,632.2759121977941
391363,1,1,6,551.6058440009706
391382,1,1,8,808.6415917303987
391413,1,1,2,481.9845027152474
391440,1,1,9,344.9417215293731
391442,1,1,5,0.42645457969393247
391445,1,1,1,485.17052015797447
391446,1,1,5,0.42645457969393247
391462,1,1,4,0.42645458358136
391470,1,1,1,582.5733971600066
391507,1,1,7,127.70096524005329
391514,1,1,7,93.10486358646067
391518,1,1,9,212.51612143815214
391524,1,1,4,0.42645458358136
391527,1,1,5,0.42645457969393247
391533,1,1,5,0.42645457969393247
391534,1,1,9,599.2875170904049
391539,1,1,6,745.8897714290746
391540,1,1,10,505.7656922680261
391556,1,1,1,752.7883301049374
391597,1,1,8,697.5979985972716
391614,1,1,10,652.7097254036252
391618,1,1,9,522.1013945221233
391621,1,1,9,698.0025599751725
391625,1,1,9,178.85326665447062
391627,1,1,6,659.2870533421705
391646,1,1,8,727.8966975890266
391656,1,1,10,609.7329678507848
391669,1,1,7,62.23254710811148
391672,1,1,2,230.07981443345037
391677,1,1,9,625.8614441186508
391689,1,1,7,144.36820295708574
391694,1,1,10,693.7537334551463
391716,1,1,6,784.0334799041143
391742,1,1,9,883.6299127578922
391749,1,1,5,0.42645457969393247
391762,1,1,6,444.1829163748915
391771,1,1,2,85.64758490050382
391772,1,1,9,348.8879133510334
391778,1,1,8,170.25122436063768
391796,1,1,10,461.12051800353225
391809,1,1,4,0.42645458358136
391816,1,1,9,745.9986575869005
391817,1,1,10,372.52782198996493
391824,1,1,10,272.0837352166169
391829,1,1,1,307.52493033856143
391833,1,1,6,395.4142335746443
391837,1,1,9,810.3942507793136
391839,1,1,5,0.42645457969393247
391842,1,1,8,417.8723283253275
391848,1,1,10,153.58212550303372
391851,1,1,9,425.83846871087763
391868,1,1,4,0.42645458358136
391893,1,1,10,459.39146783316613
391907,1,1,3,76.00674461690653
391910,1,1,8,588.4841869020606
391918,1,1,4,0.42645458358136
391922,1,1,10,139.18492601882681
391927,1,1,1,422.63299690781906
391980,1,1,4,0.42645458358136
391982,1,1,6,469.1531872906502
391993,1,1,6,292.90325663650606
391999,1,1,4,0.42645458358136
392012,1,1,10,597.5251229815548
392014,1,1,9,185.36731413623482
392019,1,1,8,366.9099985456305
392020,1,1,5,0.42645457969393247
392028,1,1,4,0.42645458358136
392049,1,1,6,423.9955955885138
392051,1,1,2,389.6202541928821
392066,1,1,5,0.42645457969393247
392068,1,1,8,576.0787174826959
392084,1,1,1,515.3987449765257
392091,1,1,10,465.0229084361844
392107,1,1,9,695.1968974376567
392130,1,1,1,725.1144405035376
392145,1,1,10,720.8077458012394
392157,1,1,10,184.08764081562398
392166,1,1,6,563.7661600339796
392183,1,1,1,690.3830380762812
392199,1,1,5,0.42645457969393247
392204,1,1,7,147.3687375801457
392219,1,1,7,137.56054324935803
392221,1,1,1,318.24103694492374
392228,1,1,6,131.62177757147208
392234,1,1,10,205.4872225501619
392238,1,1,6,458.11310324945305
392239,1,1,5,0.42645457969393247
392240,1,1,7,78.9347498685445
392245,1,1,6,547.9942386441211
392260,1,1,6,783.9992530121765
392265,1,1,5,0.42645457969393247
392275,1,1,7,82.52179482242747
392281,1,1,1,607.5828441565723
392299,1,1,9,285.8324714667812
392317,1,1,8,267.68447324570377
392318,1,1,5,0.42645457969393247
392326,1,1,10,285.5284094212787
392334,1,1,9,531.1901397985914
392343,1,1,6,790.3078510370709
392357,1,1,1,311.2687350023106
392361,1,1,6,590.4116292008139
392389,1,1,9,647.7488717780551
392393,1,1,8,523.1980917484843
392394,1,1,10,589.742816249048
392395,1,1,9,348.1843430396285
392398,1,1,10,315.64436804259066
392419,1,1,8,531.5680057664218
392426,1,1,6,512.0209691995756
392429,1,1,8,627.1422737762475
392430,1,1,4,0.42645458358136
392432,1,1,5,0.42645457969393247
392441,1,1,5,0.42645457969393247
392449,1,1,3,70.37114550401019
392451,1,1,9,893.1160699601637
392487,1,1,9,587.3804774480535
392502,1,1,4,0.42645458358136
392507,1,1,9,879.924103627262
392529,1,1,8,430.38015634367537
392561,1,1,10,581.2896148776443
392576,1,1,4,0.42645458358136
392586,1,1,4,0.42645458358136
392597,1,1,5,0.42645457969393247
392608,1,1,2,73.73743700158958
392615,1,1,10,392.2633113922538
392629,1,1,8,533.7335874783925
392632,1,1,6,539.862207563633
392640,1,1,1,610.4664945063828
392647,1,1,4,0.42645458358136
392655,1,1,4,0.42645458358136
392664,1,1,6,187.61498066225172
392672,1,1,7,92.04697571469119
392688,1,1,3,91.78989467944939
392690,1,1,6,779.5487007975474
392695,1,1,1,431.5647974544437
392697,1,1,6,666.2301677451437
392737,1,1,5,0.42645457969393247
392739,1,1,9,699.4833500263921
392742,1,1,8,560.1225418603236
392750,1,1,5,0.42645457969393247
392764,1,1,4,0.42645458358136
392773,1,1,8,657.970161426269
392778,1,1,3,44.75118569217372
392788,1,1,2,47.511322626915266
392791,1,1,4,0.42645458358136
392799,1,1,9,797.1778731567584
392803,1,1,6,534.3997956270356
392804,1,1,8,824.5022552439208
392806,1,1,8,224.933873416159
392809,0,1,0,0.11150969690666074
392814,1,1,4,0.4264545919581291
392817,1,1,4,0.42645458358136
392832,1,1,10,257.6399497106015
392833,1,1,5,0.42645457969393247
392839,1,1,7,100.34910573619085
392843,1,1,5,0.42645457969393247
392852,1,1,9,737.0774868493515
392863,1,1,5,0.42645457969393247
392867,1,1,5,0.42645457969393247
392872,1,1,10,339.0104919837476
392874,1,1,10,452.72481901826274
392875,1,1,8,429.7465673384802
392878,1,1,9,568.5872175552677
392889,1,1,9,845.3018765445936
392903,1,1,6,737.830226612788
392916,1,1,10,198.47878930197342
392942,1,1,9,645.4591449604807
392949,1,1,9,481.2153155999086
392950,1,1,8,600.6295789923863
392969,1,1,6,509.5282688208464
392992,1,1,4,0.42645458358136
393011,1,1,8,782.0413208055921
393016,1,1,4,0.42645458358136
393032,1,1,5,0.42645457969393247
393035,1,1,9,584.0350832315734
393037,1,1,10,185.7771977020437
393045,1,1,7,20.333561591686586
393054,1,1,4,0.42645458358136
393057,1,1,4,0.42645458358136
393058,1,1,5,0.42645457969393247
393079,1,1,6,643.5621937423783
393098,1,1,8,357.27009691840215
393099,1,1,8,507.5748672264661
393115,1,1,8,852.5513272991105
393125,1,1,4,0.42645458358136
393138,1,1,4,0.42645458358136
393140,1,1,7,38.12348499128418
393149,1,1,1,333.1126623456495
393175,1,1,9,609.8650909282676
393185,1,1,10,706.1312315165379
393231,1,1,8,787.8473798968969
393298,1,1,6,654.4756771028965
393301,1,1,5,0.42645457969393247
393305,1,1,8,944.2450798228124
393312,1,1,4,0.42645458358136
393320,1,1,9,579.0322219770412
393322,1,1,1,582.6393611006827
393324,1,1,10,570.9333734758924
393354,1,1,9,781.9208683832189
393357,1,1,8,247.61001030387342
393371,1,1,5,0.42645457969393247
393381,1,1,6,763.0464407944854
393390,1,1,9,878.6614332705688
393405,1,1,9,354.951546585593
393409,1,1,9,328.5647680158582
393414,1,1,5,0.42645457969393247
393415,1,1,9,873.2667031594614
393418,1,1,8,452.9289250772521
393422,1,1,10,327.9850264838623
393428,1,1,6,775.9496187025956
393437,1,1,8,547.5589172823542
393457,1,1,7,81.4451021170378
393477,1,1,9,211.12736948929646
393479,1,1,10,666.5955515939276
393490,1,1,9,454.6990540067526
393492,1,1,3,79.85149321762727
393512,1,1,4,0.42645458358136
393534,1,1,10,721.9920986675485
393547,1,1,7,168.93367892780265
393553,1,1,10,339.37851329682474
393555,1,1,8,502.5706830314849
393592,1,1,4,0.42645458358136
393607,1,1,8,392.13394962710214
393608,1,1,8,583.242828637344
393622,1,1,9,469.631743390013
393636,1,1,5,0.42645457969393247
393641,1,1,1,689.5647323869263
393646,1,1,6,666.3149752442222
393652,1,1,10,657.4066245019296
393667,1,1,8,630.116515987754
393674,1,1,4,0.42645458358136
393697,1,1,4,0.42645458358136
393716,1,1,1,361.42344785707905
393717,1,1,4,0.42645458358136
393723,1,1,3,90.57184396759199
393735,1,1,9,478.9463221119885
393748,1,1,5,0.42645457969393247
393782,1,1,6,167.89111106932697
393786,1,1,10,97.43693959229788
393787,1,1,8,936.750728257918
393798,1,1,3,77.28824527927137
393819,1,1,6,244.68746981561807
393821,1,1,4,0.42645458358136
393836,1,1,9,853.1473099796721
393839,1,1,4,0.42645458358136
393843,1,1,10,334.9428511493953
393852,1,1,8,526.6733168157592
393869,1,1,7,133.1824964324625
393880,1,1,10,417.9936800381295
393910,1,1,1,737.3322733359552
393922,1,1,4,0.42645458358136
393949,1,1,1,483.4238022183104
393952,1,1,4,0.42645457969393247
393974,1,1,4,0.42645458358136
393979,1,1,6,509.6168509400504
393999,1,1,8,666.4584117324948
394011,1,1,10,523.9720315217487
394021,1,1,4,0.42645458358136
394022,1,1,9,544.0256859721603
394026,1,1,7,44.419193358303176
394031,1,1,10,339.32371484729543
394034,1,1,8,619.063991303936
394037,1,1,8,440.12530519004525
394041,1,1,8,912.7464119533353
394043,1,1,9,554.2028230897163
394056,1,1,8,470.5825766346026
394062,1,1,6,214.3722972390765
394081,1,1,10,397.75336810675304
394087,1,1,9,436.9914751031682
394103,1,1,6,312.58734503697093
394118,1,1,5,0.42645457969393247
394149,1,1,8,643.7304765741926
394158,1,1,1,508.95867449855507
394179,1,1,4,0.42645458358136
394189,1,1,6,721.5268989169183
394191,1,1,4,0.42645458358136
394202,1,1,1,459.5496228591618
394204,1,1,7,145.1301171442462
394207,1,1,6,374.2253988261678
394218,1,1,8,815.6395906399632
394225,1,1,5,0.42645457969393247
394241,1,1,4,0.42645458358136
394245,1,1,5,0.42645457969393247
394252,1,1,7,126.9778177224429
394263,1,1,10,276.1338449947242
394266,1,1,10,431.8426104348141
394278,1,1,6,606.8750440409342
394287,1,1,10,655.9964134813296
394305,1,1,10,717.549439188957
394378,1,1,8,892.849043384962
394383,1,1,9,578.53409220395
394402,1,1,8,690.8085316642018
394409,1,1,5,0.42645457969393247
394417,1,1,9,463.8271817723684
394426,1,1,9,681.655100548289
394428,1,1,6,482.812137825036
394431,1,1,5,0.42645457969393247
394432,1,1,7,173.92913376355315
394438,1,1,10,460.4854465590519
394453,1,1,9,747.0558377010911
394460,1,1,10,578.3637427474725
394462,1,1,8,777.7348868757521
394468,1,1,6,485.84201641245323
394480,1,1,8,320.5724311114324
394492,1,1,9,853.8498082567801
394497,1,1,3,92.01409946639409
394506,1,1,4,0.42645458358136
394512,1,1,10,720.8699848669103
394552,1,1,6,202.5545355597773
394555,1,1,3,58.984545106351064
394561,1,1,9,784.7797348692606
394576,1,1,6,626.0051420755464
394578,1,1,6,468.1869746692428
394580,1,1,4,0.42645458358136
394601,1,1,10,402.2938213460396
394610,1,1,5,0.42645457969393247
394614,1,1,8,582.1779646591425
394631,1,1,6,541.6373179463214
394632,1,1,9,463.93903871316314
394639,1,1,4,0.42645458358136
394644,1,1,9,381.4646039652024
394677,1,1,6,482.9156878663642
394695,1,1,2,470.0154614126238
394696,1,1,6,651.1839053978897
394709,1,1,6,475.59574002604086
394742,1,1,10,534.2377796761567
394753,1,1,10,393.9752827164182
394770,1,1,6,556.1131475304412
394774,1,1,7,43.725127147417446
394783,1,1,2,251.23291272667686
394785,1,1,8,734.2886712618314
394802,1,1,9,520.8631216923983
394807,1,1,6,559.6939523867015
394821,1,1,6,806.2023315315208
394822,1,1,2,467.5080285971007
394859,1,1,8,779.8738922646492
394860,1,1,5,0.42645457969393247
394868,1,1,5,0.42645457969393247
394869,1,1,10,183.7890672776988
394889,1,1,9,691.9082426651485
394893,1,1,3,93.27852063207233
394898,1,1,8,907.3258024430144
394912,1,1,4,0.4264545919581291
394919,1,1,4,0.42645457969393247
394922,1,1,9,373.745598288417
394931,1,1,8,611.0121742067994
394933,1,1,10,366.08275494265155
394943,1,1,3,40.83781371809824
394956,0,1,0,0.11736325909391199
394957,1,1,9,879.4536904305643
394963,1,1,9,734.8894587426523
394968,1,1,5,0.42645457969393247
394972,1,1,8,633.4107426350607
394995,1,1,9,346.6513787390245
395003,1,1,9,320.1700416190636
395004,1,1,8,500.82046336845787
395007,1,1,5,0.42645457969393247
395021,1,1,6,261.5736679733126
395023,1,1,9,587.2902728324267
395024,1,1,5,0.42645457969393247
395028,1,1,8,209.75202227223699
395029,1,1,2,180.7337170193783
395035,1,1,5,0.42645457969393247
395047,0,1,0,0.09935613740786563
395055,1,1,5,0.42645457969393247
395066,1,1,6,293.16808321726074
395069,1,1,10,699.7146308936049
395103,1,1,10,719.7394364322317
395104,1,1,9,715.9772835072309
395112,1,1,5,0.42645457969393247
395114,1,1,6,398.2298136352935
395118,1,1,10,314.0487612180479
395121,1,1,2,143.44616546940404
395134,1,1,6,775.6192520689995
395159,1,1,4,0.4264545919581291
395173,1,1,2,398.67665596302203
395174,1,1,1,595.2364251465318
395184,1,1,2,355.6716559941393
395202,1,1,4,0.42645458358136
395207,1,1,7,133.54254580167822
395219,1,1,2,447.57009532940737
395225,1,1,5,0.42645457969393247
395228,1,1,4,0.42645458358136
395230,1,1,10,577.7534532800587
395233,1,1,7,138.1771101935412
395250,1,1,1,459.72501631987024
395251,1,1,7,99.23076409375346
395256,1,1,6,372.7439523045508
395261,1,1,6,679.1065261954903
395273,1,1,6,728.7269351311298
395283,1,1,6,460.536880023901
395286,1,1,9,604.1106044735711
395294,1,1,1,220.2023196188773
395299,1,1,2,75.59480198843356
395322,1,1,5,0.42645457969393247
395345,1,1,5,0.42645457969393247
395380,1,1,4,0.42645458358136
395390,1,1,2,190.4221415812724
395410,1,1,3,34.5262898624519
395427,1,1,4,0.42645458358136
395433,1,1,6,252.10145902088107
395441,1,1,4,0.42645458358136
395448,1,1,8,233.65685285428629
395449,1,1,10,647.9405180242824
395466,1,1,8,758.7217686975088
395472,1,1,5,0.42645456789925423
395483,1,1,10,112.63342606068399
395493,1,1,10,379.0832439503487
395495,1,1,9,492.2761793905331
395502,1,1,1,204.45353824917757
395524,1,1,7,81.42637518064399
395534,1,1,7,88.4002045048286
395552,1,1,2,103.30760819281332
395557,1,1,6,416.03790513323816
395558,1,1,4,0.42645458358136
395581,1,1,9,889.779373015984
395586,1,1,6,165.69020522188347
395606,1,1,8,282.0816267077342
395623,1,1,4,0.42645458358136
395663,1,1,10,705.8682244504544
395669,1,1,6,664.1702227480088
395671,1,1,4,0.42645458358136
395679,1,1,6,259.8535928730124
395683,1,1,10,358.87316687196596
395692,1,1,6,530.1941499217684
395694,1,1,10,621.2977273847771
395696,1,1,9,473.94754891337965
395702,1,1,1,601.4704871627154
395719,1,1,6,741.9943223311851
395732,1,1,5,0.42645457969393247
395754,1,1,5,0.42645457969393247
395758,1,1,2,315.6969182737548
395760,1,1,2,413.1394364376333
395786,1,1,7,64.43288553123021
395805,1,1,5,0.42645457969393247
395829,1,1,7,102.93575351214156
395833,1,1,6,254.53464575754126
395835,1,1,10,709.8894921178035
395862,1,1,6,577.4094281713577
395868,1,1,4,0.42645458358136
395877,1,1,5,0.42645457969393247
395894,1,1,7,80.72762953571916
395899,1,1,7,139.90565392316367
395929,1,1,5,0.42645457969393247
395944,1,1,8,659.544318073344
395952,1,1,5,0.42645457969393247
395953,1,1,8,557.4054542638098
395970,1,1,10,321.9202904026246
395972,1,1,10,215.69177102431465
395993,1,1,6,225.2483370875611
396016,1,1,6,728.5549566923028
396027,0,1,0,0.20390135759850012
396032,1,1,10,326.22426442537983
396063,1,1,9,472.2294209244427
396073,1,1,1,643.9204557316618
396076,1,1,5,0.42645457969393247
396077,1,1,4,0.42645458358136
396081,1,1,9,515.3707119375628
396092,1,1,9,647.9953543043606
396096,1,1,8,835.192662187039
396135,1,1,9,218.07294291453906
396137,1,1,10,444.3571261985856
396142,1,1,8,430.8921780665929
396146,1,1,8,417.10558010544236
396166,1,1,5,0.42645457969393247
396173,1,1,6,241.10729472911535
396186,1,1,1,574.6508521363958
396192,1,1,7,113.21189036116084
396206,1,1,8,556.1622806556228
396214,1,1,10,360.8657782578322
396217,1,1,8,232.15373677216033
396219,1,1,9,612.1937113479302
396226,1,1,9,726.6336932306664
396241,1,1,3,88.34153199281648
396250,1,1,9,166.29996406180723
396260,1,1,9,877.6057276332556
396264,1,1,9,431.44793448148994
396273,1,1,4,0.42645458358136
396286,1,1,3,37.6746077972747
396336,1,1,7,143.45046014539972
396352,1,1,7,140.55717483130988
396361,1,1,4,0.42645458358136
396414,1,1,5,0.42645457969393247
396416,1,1,5,0.42645457969393247
396420,1,1,8,940.4432717388603
396433,1,1,9,536.4360997945724
396435,1,1,8,577.854199243551
396440,1,1,10,664.9091465371002
396451,1,1,9,884.8429416288019
396452,1,1,8,201.48627278473043
396480,1,1,6,643.3286134682428
396504,1,1,9,611.7984594055848
396510,1,1,5,0.42645457969393247
396530,1,1,1,647.2759634770738
396533,1,1,1,477.8323547444318
396544,1,1,6,671.7503566504338
396558,1,1,1,729.6173492052542
396563,1,1,6,200.5521432224803
396567,1,1,3,90.12494624723912
396570,1,1,1,758.523639737552
396596,1,1,6,639.8074746138874
396597,1,1,8,353.47560027644613
396604,1,1,6,720.8823528146436
396618,1,1,9,492.9227149699515
396621,1,1,6,787.6168234997842
396654,1,1,9,685.8200542268751
396660,1,1,8,464.11927051946367
396670,1,1,10,418.14938220239554
396673,1,1,6,540.1022038731506
396684,1,1,8,557.3995206618796
396704,1,1,9,355.27204566575887
396734,1,1,8,374.13419187750515
396735,1,1,5,0.42645457969393247
396744,0,1,0,0.1420314671411548
396779,1,1,10,416.5203086416285
396788,1,1,5,0.42645457969393247
396789,1,1,6,446.3849565961976
396797,1,1,10,715.169587054218
396804,1,1,9,575.6201289155924
396818,1,1,1,561.0220805348758
396826,1,1,4,0.42645458358136
396830,1,1,8,673.4553261858103
396837,1,1,9,523.1689313640662
396846,1,1,3,91.81703159503373
396850,1,1,4,0.42645458358136
396865,1,1,8,474.3208857145141
396868,1,1,9,702.5276032971251
396871,1,1,10,416.2465010625655
396884,1,1,6,586.1935947993773
396885,1,1,9,212.39714762123165
396887,1,1,1,544.0368437858637
396896,1,1,5,0.42645457969393247
396898,1,1,4,0.42645458358136
396899,1,1,5,0.42645456789925423
396900,1,1,4,0.4264545919581291
396905,1,1,2,417.28881804642396
396912,1,1,9,512.006552354276
396953,1,1,4,0.42645458358136
396967,1,1,3,46.94054458026997
396988,1,1,10,269.8151325065496
396992,1,1,6,311.98153184319915
396999,1,1,6,493.1590828894662
397000,1,1,9,805.5827697378814
397011,1,1,4,0.42645458358136
397013,1,1,5,0.42645457969393247
397014,1,1,9,871.8251056618388
397015,1,1,5,0.42645457969393247
397041,1,1,1,631.0471479917193
397042,1,1,4,0.42645458358136
397063,1,1,5,0.42645457969393247
397075,1,1,10,144.95090814092532
397086,1,1,10,189.4479474557488
397091,1,1,4,0.42645458358136
397107,1,1,5,0.42645457969393247
397112,1,1,10,459.7736373869023
397129,1,1,5,0.42645457969393247
397133,1,1,9,862.3622196365823
397147,1,1,4,0.42645458358136
397152,1,1,3,92.15630166056215
397155,1,1,7,72.94156869649115
397162,0,1,0,0.24076253612850432
397163,1,1,8,449.8457240250229
397173,1,1,9,272.28490994877285
397175,1,1,4,0.42645458358136
397177,1,1,6,373.7668227925184
397187,1,1,8,554.5597719727659
397189,1,1,6,374.65391070948033
397197,1,1,9,781.2272428480513
397204,1,1,5,0.42645457969393247
397212,1,1,2,370.67743231404654
397227,1,1,4,0.42645458358136
397235,1,1,1,304.9810609646865
397246,1,1,2,454.87096731264137
397250,1,1,8,873.1773264305677
397256,1,1,10,399.73990256958365
397279,1,1,5,0.42645457969393247
397315,1,1,8,684.6199381584175
397318,1,1,10,478.80468409748096
397320,1,1,10,395.3490209661504
397326,1,1,4,0.42645458358136
397328,1,1,2,80.93609094990028
397358,1,1,4,0.42645458358136
397366,1,1,4,0.42645458358136
397370,1,1,6,770.4279402707926
397372,1,1,8,584.3636228529288
397373,1,1,8,907.9252546161642
397430,1,1,8,552.3265504894695
397432,1,1,1,480.2808176087376
397445,1,1,5,0.42645457969393247
397455,1,1,6,265.39730149238005
397465,1,1,6,581.2966268493124
397470,1,1,9,286.7326922270271
397471,1,1,9,288.1403811787496
397484,1,1,3,39.901253434630824
397485,1,1,4,0.42645458358136
397492,0,1,0,0.192443765052568
397521,1,1,8,765.4009471875108
397532,1,1,8,314.0867510010134
397533,1,1,9,461.547778110623
397547,1,1,9,73.01946362961608
397553,1,1,8,330.56288119680335
397557,1,1,4,0.42645458358136
397575,1,1,2,100.3123454851975
397578,1,1,6,471.2632819415035
397588,1,1,2,201.9015217151094
397601,1,1,4,0.42645458358136
397613,1,1,1,644.177314799425
397627,1,1,5,0.42645457969393247
397637,1,1,6,382.39837621184506
397640,1,1,6,530.0223702792075
397680,1,1,8,217.6563305876243
397702,1,1,3,65.98662371664327
397705,1,1,9,510.63967157312464
397707,1,1,9,612.4461911369714
397711,1,1,6,467.8187511089285
397716,1,1,6,432.0081660246437
397723,1,1,5,0.42645457969393247
397726,1,1,6,789.5446247290021
397738,1,1,6,615.3141432404477
397741,1,1,5,0.42645457969393247
397745,1,1,9,603.1021572236909
397749,1,1,6,464.26590469044277
397766,1,1,4,0.42645458358136
397777,1,1,1,567.1800220031527
397778,1,1,9,278.3251802141051
397795,1,1,8,618.9344288882585
397810,1,1,8,924.1732737814095
397813,1,1,1,166.0996831556537
397825,1,1,6,597.790829945522
397844,1,1,5,0.42645456789925423
397858,1,1,3,89.82298484420127
397863,1,1,9,864.5598620105685
397871,1,1,9,596.0531485035798
397873,1,1,8,488.6827263161187
397890,1,1,10,388.32081440688347
397891,1,1,5,0.42645457969393247
397902,1,1,9,867.0209258341151
397904,1,1,4,0.42645458358136
397921,1,1,4,0.42645458358136
397929,1,1,10,566.4540211164261
397940,1,1,9,701.1615956139418
397946,1,1,4,0.42645458358136
397949,1,1,5,0.42645457969393247
397950,1,1,10,396.72184996004046
397952,1,1,5,0.42645457969393247
397964,1,1,5,0.42645457969393247
397966,1,1,6,469.79670741602575
397989,1,1,7,105.66697081927745
398001,1,1,6,556.0559578459412
398021,1,1,5,0.42645457969393247
398029,1,1,7,99.03606693138862
398035,1,1,4,0.42645458358136
398053,1,1,9,698.3704549147093
398057,1,1,6,588.1849230839164
398060,1,1,1,438.1831148764332
398080,1,1,1,405.47666241789796
398086,1,1,8,755.6768036720482
398107,1,1,9,409.3657210597463
398114,1,1,9,704.6085320544763
398118,1,1,5,0.42645457969393247
398126,1,1,1,512.3723106478016
398140,1,1,6,577.3043233104178
398148,1,1,6,345.8521380664729
398151,1,1,8,225.45172815078274
398158,1,1,5,0.42645457969393247
398167,1,1,4,0.42645458358136
398172,1,1,10,466.2510793573587
398176,1,1,10,720.5477428118727
398179,1,1,9,465.8923283966445
398180,1,1,8,468.02044544010624
398198,1,1,10,716.3541930552225
398207,1,1,4,0.42645458358136
398222,1,1,8,352.8287270918254
398227,1,1,6,735.7290076071112
398231,1,1,9,874.9191369749465
398235,1,1,6,798.0288636101101
398251,1,1,8,130.5476484021986
398256,1,1,9,757.8598108659603
398259,1,1,3,92.29883107569268
398270,1,1,7,135.44151473377977
398275,1,1,9,300.26489057580494
398276,1,1,10,296.99444951591096
398282,1,1,4,0.42645458358136
398287,1,1,2,165.47605618502982
398308,1,1,4,0.42645458358136
398326,1,1,6,685.1106879073911
398332,1,1,7,128.22822437479775
398337,1,1,1,456.6998495445269
398348,1,1,10,596.9581983338802
398357,1,1,7,88.91093758009768
398366,1,1,1,603.2781294193575
398369,1,1,8,776.5866411926879
398394,1,1,8,721.8398375485632
398402,1,1,1,443.6895190399892
398442,1,1,6,629.0870599088297
398465,1,1,4,0.42645458358136
398472,1,1,3,33.85735912225701
398476,1,1,9,580.0070024141108
398517,1,1,8,933.7387501724212
398539,1,1,10,546.1779491455807
398559,1,1,7,134.01251427716994
398601,1,1,8,829.8179511180839
398603,1,1,5,0.42645457969393247
398621,1,1,9,476.7415192600412
398626,1,1,10,280.2198263708154
398627,1,1,5,0.42645457969393247
398630,1,1,10,142.89296964214364
398646,1,1,1,707.4460265961595
398653,1,1,2,340.1631326162316
398654,1,1,6,606.5283162906434
398656,1,1,9,519.3523668189582
398667,1,1,1,734.7313419868411
398695,1,1,5,0.42645457969393247
398705,1,1,5,0.42645457969393247
398724,1,1,5,0.42645457969393247
398739,1,1,5,0.42645457969393247
398749,1,1,8,507.03454018580754
398751,1,1,9,787.8145271099864
398785,1,1,9,208.81908400150198
398791,1,1,9,387.3863776782437
398809,1,1,8,886.5696643988539
398835,1,1,8,508.5384577167158
398840,1,1,1,585.4813992709556
398853,1,1,3,65.52089097864042
398854,1,1,1,577.251326911158
398859,1,1,9,656.9922584747785
398881,1,1,9,58.98822897021007
398885,1,1,8,893.9992656634363
398892,1,1,4,0.42645458358136
398895,1,1,5,0.42645457969393247
398896,1,1,4,0.42645458358136
398897,1,1,6,713.872447142204
398904,1,1,9,605.3598704118857
398920,1,1,10,459.75573830460695
398923,0,1,0,0.12017086547500594
398925,1,1,6,470.65241791035317
398943,1,1,9,813.1101836417793
398948,1,1,7,130.78099401732067
398963,1,1,5,0.42645457969393247
398966,0,1,0,0.09062938106452363
398970,1,1,10,210.4306374053498
398979,1,1,8,792.6218301505821
398988,1,1,6,361.70616809511057
398991,1,1,5,0.42645457969393247
399003,1,1,9,460.2856824431966
399032,1,1,1,270.5896261156457
399034,1,1,9,697.9150920053448
399049,1,1,1,276.4598424884008
399052,1,1,5,0.42645457969393247
399074,1,1,5,0.42645457969393247
399078,1,1,9,620.4593463475231
399086,0,1,0,0.10487719041888116
399088,1,1,2,382.064126024822
399095,1,1,7,108.73658540570223
399096,1,1,9,850.3351146253638
399109,1,1,4,0.42645458358136
399157,1,1,5,0.42645457969393247
399173,1,1,6,755.9983821014854
399179,1,1,4,0.4264545919581291
399191,1,1,7,126.35711233898469
399202,1,1,10,652.0224590266758
399203,1,1,5,0.42645457969393247
399204,1,1,1,521.8775551225417
399205,1,1,9,398.41396649296917
399206,1,1,6,158.3108274588271
399211,1,1,9,849.7565653752082
399219,1,1,7,69.62233835253596
399227,1,1,6,774.8726317623564
399241,1,1,8,278.99953336360153
399248,1,1,6,728.3834212734725
399249,1,1,10,716.8649129886578
399251,1,1,2,349.46702647327146
399256,1,1,10,177.72394233867956
399261,1,1,10,590.1968702832401
399262,1,1,8,812.4818319607466
399266,1,1,2,442.7421219221981
399281,1,1,5,0.42645457969393247
399285,1,1,10,391.64458028202887
399301,1,1,8,886.0689306587253
399303,1,1,10,663.551391758606
399307,1,1,9,862.6931082734192
399313,1,1,9,862.0668883715289
399314,1,1,8,278.64159148397334
399346,1,1,9,684.2668895864826
399354,1,1,8,420.09933720587287
399385,1,1,8,930.2566307710123
399395,1,1,5,0.42645457969393247
399399,1,1,4,0.42645458358136
399408,1,1,6,349.19590737080927
399435,1,1,8,904.2180748433175
399445,1,1,10,463.4628889728123
399453,1,1,9,502.10066772746217
399455,1,1,6,286.6548345455327
399456,1,1,4,0.42645458358136
399470,1,1,8,737.6354205821452
399481,1,1,8,754.3224123364992
399509,1,1,6,564.0146379913111
399550,1,1,4,0.42645458358136
399552,1,1,9,766.7242728434308
399556,1,1,9,597.195485886905
399557,1,1,8,430.9164951843714
399575,1,1,5,0.42645457969393247
399580,1,1,8,552.3741862483902
399586,1,1,5,0.42645457969393247
399614,1,1,10,577.6919348149418
399618,1,1,1,485.6192214562555
399627,1,1,9,485.32025194003563
399632,1,1,8,246.5991070004897
399640,1,1,9,661.1441857335939
399659,1,1,9,207.81295891930637
399662,1,1,6,277.2049828680846
399663,1,1,9,295.65540370997877
399664,1,1,8,639.5296500299067
399679,1,1,4,0.42645458358136
399693,1,1,1,688.1260323845949
399696,0,1,0,0.2773211535854855
399702,1,1,1,586.1319299430589
399717,1,1,2,78.14431389470451
399718,1,1,2,228.9962280356667
399723,1,1,1,739.8779836743207
399724,1,1,8,503.55561791632704
399740,1,1,6,496.2485493306857
399749,1,1,5,0.42645456789925423
399750,1,1,10,153.5159705986117
399762,1,1,5,0.42645457969393247
399798,1,1,8,677.9359924817512
399800,1,1,10,678.509333746348
399811,1,1,4,0.42645458358136
399814,1,1,9,466.1126641627972
399826,1,1,9,445.1471842879383
399838,1,1,7,41.76173409910009
399844,1,1,4,0.42645458358136
399846,1,1,7,75.64962791679773
399850,1,1,9,551.0589868866351
399853,1,1,9,831.727898592319
399862,1,1,6,614.7360886259953
399866,1,1,9,765.0101873961522
399868,1,1,6,595.0572947553305
399870,1,1,8,858.332853288634
399873,1,1,7,63.21494215830169
399915,1,1,8,623.0471485684744
399916,1,1,6,373.55260286098684
399925,1,1,6,724.0689361213492
399933,1,1,9,90.43467659729602
399934,1,1,3,91.93110744893904
399946,1,1,9,785.9645942423489
399955,1,1,4,0.42645458358136
399977,1,1,7,70.47200809376342
399978,1,1,1,610.1526043299973
399992,1,1,8,285.7547637035177
399994,1,1,10,353.75049921814735
400003,1,1,6,175.12024750475996
400015,1,1,6,449.5337462781217
400025,1,1,1,229.42255667586306
400038,1,1,9,467.4816784665048
400056,1,1,8,822.8310234844472
400091,1,1,1,755.6536007512774
400093,1,1,4,0.42645458358136
400099,1,1,6,596.8056522965717
400121,1,1,9,561.9294198189815
400147,1,1,10,698.2201847477673
400163,1,1,2,378.5263287739971
400170,1,1,1,205.05659733427018
400176,1,1,4,0.42645458358136
400182,1,1,9,760.7909088203833
400214,1,1,8,208.77841739150824
400237,1,1,4,0.42645458358136
400239,1,1,5,0.42645457969393247
400259,1,1,9,666.0528967997669
400263,1,1,8,660.0004738801015
400270,1,1,10,427.26210066442525
400310,1,1,3,40.017471159324906
400312,1,1,6,276.11981244892553
400325,1,1,3,79.56576312440654
400336,1,1,5,0.42645457969393247
400340,1,1,6,285.26764974884276
400357,1,1,5,0.42645457969393247
400359,1,1,5,0.42645457969393247
400361,1,1,6,764.3333992813936
400366,1,1,9,838.201086035543
400374,1,1,6,479.8226238239368
400391,1,1,9,323.7201731335409
400392,1,1,7,133.81401196327883
400401,1,1,1,487.70437296348234
400405,1,1,8,667.0664134701213
400415,1,1,4,0.4264545919581291
400419,1,1,1,388.69620946380263
400449,1,1,6,738.4908586144826
400469,1,1,5,0.42645457969393247
400474,1,1,7,92.15985262823884
400483,1,1,4,0.42645458358136
400489,1,1,2,267.7756574606403
400491,1,1,2,312.7997201442289
400513,1,1,10,314.00184738137807
400515,1,1,3,91.65523534707432
400522,1,1,8,517.9302146184565
400532,1,1,9,636.3239105553365
400541,1,1,9,157.40758946230676
400556,1,1,9,808.1643200964926
400562,1,1,8,241.48175169700457
400564,1,1,3,39.09147323896952
400565,1,1,7,53.19799802394729
400572,1,1,8,311.40476158987684
400574,1,1,8,572.4476580936335
400577,0,1,0,0.10532665975740113
400624,1,1,8,222.11362802102417
400634,1,1,8,440.642670708806
400644,1,1,10,705.702640994278
400654,1,1,4,0.42645458358136
400655,1,1,2,396.81294893585306
400672,1,1,9,845.0732380830983
400703,1,1,6,541.2292636720513
400708,1,1,9,179.7531968967768
400713,1,1,5,0.42645457969393247
400738,1,1,10,182.14371172212265
400751,1,1,7,135.84519550201492
400759,1,1,3,71.61284935963896
400773,1,1,4,0.4264545919581291
400778,1,1,5,0.42645456789925423
400785,1,1,6,446.99320503034124
400786,1,1,1,684.4939718193832
400791,1,1,1,438.2399311204652
400799,1,1,1,664.3615471353206
400809,1,1,4,0.42645458358136
400818,1,1,10,502.4795139752495
400831,1,1,10,608.7721126531401
400834,1,1,1,391.7212922554058
400836,1,1,3,90.15833243631003
400843,1,1,4,0.42645458358136
400861,1,1,4,0.42645458358136
400868,1,1,6,323.8480930355325
400873,1,1,4,0.42645458358136
400880,1,1,6,271.69325593967267
400882,1,1,1,599.6595567003664
400891,1,1,6,459.08739050868337
400896,1,1,5,0.42645457969393247
400897,1,1,10,370.49806646579924
400906,1,1,5,0.42645457969393247
400942,1,1,5,0.42645457969393247
400945,1,1,10,90.36907202747821
400951,1,1,5,0.42645457969393247
400967,1,1,9,322.488535322734
400981,1,1,1,736.6076853689578
400995,1,1,9,696.4071919174202
400999,1,1,1,682.6901904203647
401006,1,1,2,175.90886570345725
401008,1,1,9,840.4126791736402
401024,1,1,9,844.2742550688974
401041,1,1,10,546.7063918814891
401047,1,1,1,713.2635533715538
401050,1,1,4,0.4264545919581291
401055,1,1,5,0.42645457969393247
401062,1,1,2,165.53635998238497
401073,1,1,9,661.5470851544326
401084,1,1,8,340.9577859890174
401099,1,1,9,806.1304201227695
401100,1,1,10,322.36660414681063
401101,1,1,8,389.42394365324304
401106,1,1,5,0.42645457969393247
401108,1,1,9,570.2660901161968
401115,1,1,8,792.8546628185306
401123,1,1,9,576.6078355305106
401131,1,1,6,344.1464485837824
401138,1,1,6,410.6899999215162
401139,1,1,10,668.6590672724747
401140,1,1,9,347.9999514707352
401141,1,1,5,0.42645457969393247
401143,1,1,10,382.14852552259424
401150,1,1,9,866.3310137644629
401158,1,1,6,592.9414262943565
401183,1,1,5,0.42645457969393247
401187,1,1,10,109.45639906849578
401195,1,1,5,0.42645457969393247
401201,1,1,8,812.3793789313386
401206,1,1,4,0.42645458358136
401227,1,1,4,0.42645458358136
401232,1,1,10,411.9788293589569
401243,1,1,9,545.7201851163052
401254,1,1,2,381.49640667944817
401261,1,1,8,689.5388852478163
401263,1,1,8,842.3591509204566
401269,1,1,5,0.42645456789925423
401271,1,1,9,334.38190151176855
401273,1,1,10,719.8335114800051
401277,1,1,10,223.58264842551245
401298,1,1,10,350.08572203470004
401312,1,1,10,187.4694150136352
401317,1,1,6,269.97501836185876
401323,1,1,9,809.510589648208
401329,1,1,10,609.0344035324922
401343,1,1,1,528.8682948550945
401354,1,1,1,502.61903761116196
401358,1,1,9,812.4175835198378
401371,1,1,5,0.42645457969393247
401389,1,1,8,435.63771289513477
401392,1,1,8,312.1916859650285
401407,1,1,1,291.1404293435051
401409,1,1,6,607.5986440327284
401411,1,1,4,0.42645458358136
401415,1,1,3,90.98135421335991
401420,1,1,6,598.5847111030972
401425,1,1,4,0.42645458358136
401426,1,1,7,86.98470333579223
401430,1,1,7,68.33948748203113
401432,1,1,9,787.7454449486204
401433,1,1,10,375.7510341381194
401438,1,1,3,83.29394766101291
401441,1,1,10,590.5994151109719
401442,1,1,6,740.6746615288787
401446,1,1,4,0.42645458358136
401463,1,1,9,863.9674502373858
401494,1,1,4,0.42645458358136
401506,0,1,0,0.155952076034501
401508,1,1,6,582.3232408462959
401512,1,1,10,411.27993214726644
401519,1,1,9,597.9737852079081
401521,1,1,10,302.40387845146245
401524,1,1,8,923.5443659006662
401559,1,1,1,251.71398397620138
401563,1,1,4,0.42645458358136
401571,1,1,4,0.42645458358136
401579,1,1,6,237.14027200086036
401586,1,1,4,0.42645458358136
401606,1,1,1,297.2565617141547
401615,1,1,6,496.73836976043526
401616,1,1,3,91.06912532102272
401626,1,1,10,364.45172758486586
401644,1,1,5,0.42645457969393247
401646,1,1,6,752.7466869519678
401647,1,1,9,420.99094667312136
401654,1,1,9,714.8604868373562
401665,1,1,4,0.42645458358136
401688,1,1,9,397.46754900098455
401691,1,1,6,796.8463319601785
401694,1,1,6,716.8597153365554
401723,1,1,4,0.42645458358136
401728,1,1,9,573.1756834286548
401730,1,1,5,0.42645457969393247
401743,1,1,6,511.2956092702278
401744,1,1,10,293.1806055792013
401747,1,1,8,315.6927902714276
401749,1,1,5,0.42645457969393247
401756,1,1,7,154.6587891997673
401783,1,1,5,0.42645457969393247
401789,1,1,4,0.42645458358136
401797,1,1,8,192.90913631311554
401799,1,1,6,684.7600350370261
401808,1,1,8,649.1006378792057
401818,1,1,6,545.0711226805481
401820,1,1,8,285.9579906285903
401822,1,1,8,560.3711938482248
401829,1,1,8,735.6925653249226
401849,1,1,4,0.42645458358136
401864,1,1,1,512.1209096391133
401880,1,1,1,618.9657317348756
401882,1,1,5,0.42645457969393247
401883,1,1,10,462.3743344909805
401886,1,1,9,720.5569491511528
401888,1,1,5,0.42645457969393247
401893,1,1,9,787.4086076115727
401894,1,1,8,829.9006668021166
401898,1,1,4,0.42645458358136
401900,1,1,4,0.42645458358136
401916,1,1,3,91.87794389268021
401922,1,1,4,0.42645458358136
401925,1,1,10,281.36417571068006
401941,1,1,4,0.42645458358136
401949,1,1,5,0.42645457969393247
401968,1,1,10,466.26902326403643
401969,1,1,1,593.8969841502279
402001,1,1,6,271.26134835711713
402004,1,1,1,346.9103199799264
402009,1,1,5,0.42645457969393247
402014,1,1,5,0.42645457969393247
402018,1,1,6,444.4912323536015
402030,1,1,9,847.2781348628089
402034,1,1,1,425.89719937913054
402043,1,1,7,37.323848847888534
402049,1,1,8,438.2343023594312
402051,1,1,4,0.42645458358136
402064,1,1,4,0.42645458358136
402065,1,1,1,197.1421309133118
402076,1,1,9,689.2362953830524
402089,1,1,8,592.6608473933603
402098,1,1,1,690.7144294550927
402103,1,1,7,56.06124183831933
402104,0,1,0,0.05937163207341005
402117,1,1,9,557.383333324327
402120,1,1,9,504.75667709391973
402123,1,1,9,736.6103952168572
402136,1,1,10,547.5590206776508
402138,1,1,8,605.9109151155683
402142,1,1,2,415.00923080873315
402145,1,1,6,683.7074948059679
402153,1,1,6,631.1632302238633
402156,1,1,3,65.6070838845541
402157,1,1,5,0.42645457969393247
402174,1,1,6,510.8310346690653
402175,1,1,9,631.8480891898664
402179,1,1,6,643.687329164515
402191,1,1,1,627.4123320506144
402197,1,1,4,0.42645458358136
402245,1,1,9,616.7465233053318
402263,1,1,5,0.42645457969393247
402278,1,1,9,874.0611324154517
402287,1,1,10,94.72714944458855
402288,1,1,9,607.569763454144
402299,1,1,1,688.0834412269237
402300,1,1,6,618.5956613406795
402323,1,1,1,384.14775906489007
402330,1,1,5,0.42645456789925423
402332,1,1,5,0.42645457969393247
402354,1,1,9,813.7503337569267
402366,1,1,7,132.39699197884417
402370,1,1,5,0.42645457969393247
402376,1,1,9,275.00671908190435
402384,1,1,9,777.4549937119464
402386,1,1,6,549.6617475824656
402390,1,1,5,0.42645457969393247
402410,1,1,9,438.0032763806755
402417,1,1,1,383.2834817909523
402424,1,1,9,638.3578010934914
402428,1,1,8,458.92678392646036
402430,1,1,8,464.7958025135395
402436,1,1,8,429.3266633560283
402445,1,1,5,0.42645457969393247
402469,1,1,8,467.6453013921813
402480,1,1,10,597.0552064336372
402500,1,1,6,355.31137730669695
402502,1,1,8,562.4228365675112
402503,1,1,5,0.42645457969393247
402512,1,1,8,508.09961865537053
402533,1,1,9,258.07261690958603
402545,1,1,10,253.90056374332408
402558,1,1,1,690.4078791141998
402562,1,1,1,633.5735053523983
402567,1,1,6,700.1791746059599
402576,1,1,5,0.42645457969393247
402607,1,1,6,231.9728275459438
402617,1,1,6,180.01761946101405
402619,1,1,9,184.25186192629164
402626,1,1,8,555.6388009421855
402628,1,1,5,0.42645456789925423
402631,1,1,6,774.1551616046224
402634,1,1,6,375.5993510021282
402639,1,1,9,552.7590510210186
402645,1,1,4,0.42645458358136
402659,1,1,8,309.9704619945837
402662,1,1,5,0.42645457969393247
402679,1,1,10,96.67134583876324
402690,1,1,4,0.42645458358136
402696,1,1,9,731.7495240732796
402702,1,1,10,719.8705965321432
402704,1,1,10,459.73248462781726
402707,1,1,7,132.04489486765908
402709,1,1,10,390.63661435713504
402734,1,1,5,0.42645457969393247
402743,1,1,1,418.70612559674754
402774,1,1,10,195.0570831915408
402786,1,1,9,576.6133378777462
402789,1,1,8,473.66714632086394
402797,1,1,9,840.249696796112
402800,1,1,9,791.1541625174949
402812,1,1,5,0.42645457969393247
402818,1,1,10,322.41267354307155
402846,1,1,8,693.8674425122969
402859,1,1,9,608.3660446055144
402872,1,1,4,0.42645458358136
402878,1,1,1,577.7380729051338
402890,1,1,8,560.4463513694243
402897,1,1,4,0.42645458358136
402919,1,1,6,229.04908788488544
402920,1,1,6,620.3579068375018
402928,1,1,10,711.9503108965015
402937,1,1,8,835.7804574318939
402953,1,1,8,843.8473258601927
402958,1,1,6,322.23680622001456
402973,1,1,9,572.0363913727742
402983,1,1,10,706.1811440922353
402998,1,1,10,461.34331335268814
403005,1,1,8,408.07294352936066
403013,1,1,10,570.796152720667
403017,1,1,9,478.2258873929331
403035,0,1,0,0.1521814974932099
403038,1,1,8,814.4667125375189
403095,1,1,8,287.2561902017201
403107,0,1,0,0.1151573615285598
403120,1,1,1,570.0269835589028
403128,1,1,8,840.0659050119446
403131,1,1,6,259.2494942848975
403134,1,1,8,943.082116350366
403142,1,1,8,565.4104906919596
403152,1,1,9,378.52098785577624
403153,1,1,8,317.4923158330782
403165,1,1,8,735.8496927413862
403172,1,1,10,400.14980538989676
403173,1,1,7,66.71839217054413
403183,1,1,4,0.42645458358136
403187,1,1,4,0.42645458358136
403189,0,1,0,0.11015150652623582
403193,1,1,9,607.0296434473188
403200,1,1,4,0.42645458358136
403201,1,1,9,871.1487298553656
403206,1,1,1,426.6669643983192
403216,1,1,4,0.42645458358136
403227,1,1,1,565.5527211584238
403248,1,1,1,537.7994757562866
403249,1,1,4,0.42645457969393247
403250,1,1,9,90.12844145241056
403253,1,1,9,674.1488849307661
403268,1,1,8,720.0021298557306
403269,1,1,8,689.8015942754265
403282,1,1,6,264.86669013303714
403288,1,1,9,571.7878676383305
403295,1,1,6,591.9856934166254
403299,1,1,5,0.42645457969393247
403305,1,1,9,609.5726239639744
403319,1,1,8,766.909725062099
403328,1,1,2,462.3433576936672
403338,1,1,5,0.42645457969393247
403355,1,1,3,90.17683102569362
403368,1,1,6,521.0693202363341
403377,1,1,9,735.2461222888036
403395,1,1,10,509.63242854486333
403401,1,1,4,0.42645458358136
403421,1,1,5,0.42645457969393247
403427,1,1,6,797.6130411190533
403429,1,1,1,702.0913627710111
403432,1,1,10,720.4935420996366
403437,1,1,3,53.23518464301195
403453,1,1,4,0.42645458358136
403462,1,1,5,0.42645457969393247
403470,1,1,5,0.42645457969393247
403483,1,1,8,922.8474932136763
403488,1,1,4,0.42645458358136
403515,1,1,3,36.691947184202995
403527,1,1,5,0.42645457969393247
403537,1,1,4,0.4264545919581291
403544,1,1,8,523.0793296703948
403552,1,1,6,615.7718985864748
403572,1,1,6,772.6573817959427
403579,1,1,6,810.3110981724051
403588,1,1,5,0.42645457969393247
403597,1,1,5,0.42645457969393247
403623,1,1,6,627.0466042207694
403625,1,1,3,88.00451658812405
403644,1,1,10,180.13573810356218
403662,1,1,9,832.8647150245374
403669,1,1,8,534.9070428583714
403695,1,1,6,563.0429725243959
403745,1,1,8,536.4226381468474
403747,1,1,10,539.526319952691
403752,1,1,9,538.3506529928055
403788,1,1,5,0.42645457969393247
403825,1,1,5,0.42645457969393247
403827,1,1,9,802.2371509344734
403831,1,1,2,46.851893427371756
403835,1,1,2,155.46379786365486
403841,1,1,8,718.8143774198973
403850,1,1,2,428.3113834828025
403853,1,1,4,0.42645458358136
403855,1,1,8,366.565862974632
403857,1,1,1,545.591614966212
403877,1,1,2,272.49990419348865
403882,1,1,5,0.42645457969393247
403884,1,1,1,495.17715990675015
403887,1,1,4,0.42645458358136
403893,1,1,6,221.2609372197435
403896,1,1,10,326.1840923308518
403898,1,1,9,672.115276061205
403904,1,1,5,0.42645456789925423
403905,1,1,10,533.6618232740691
403935,1,1,10,456.8098563665797
403939,1,1,4,0.42645458358136
403942,1,1,8,685.6107900566242
403946,1,1,6,487.8327271983375
403952,1,1,8,302.9505865545067
403964,1,1,6,379.0066561877683
403980,1,1,10,662.3824537736165
403981,1,1,8,645.4634085824251
403991,1,1,9,854.465331888967
403997,0,1,0,0.09884800528425838
404002,1,1,7,61.68740638515935
404003,1,1,8,905.6364512711509
404004,1,1,5,0.42645457969393247
404008,1,1,8,829.5409183682507
404022,1,1,5,0.42645457969393247
404029,1,1,3,93.3078660818074
404040,1,1,8,278.9990386059338
404046,1,1,9,377.94371338647926
404053,1,1,8,495.1913695557455
404057,1,1,10,466.15047023162725
404071,1,1,5,0.42645457969393247
404077,1,1,5,0.42645457969393247
404097,1,1,8,664.0479135737667
404118,1,1,5,0.42645457969393247
404119,1,1,9,780.1158585269582
404127,1,1,4,0.42645458358136
404137,1,1,2,249.67941063469402
404142,1,1,6,476.3890938560138
404160,1,1,10,408.39434024072597
404168,1,1,4,0.4264545919581291
404174,1,1,10,371.81401175709186
404175,1,1,10,191.1839418583357
404206,1,1,4,0.42645458358136
404210,1,1,6,385.93678406304366
404218,1,1,6,721.2425696712078
404225,1,1,4,0.42645458358136
404232,1,1,5,0.42645457969393247
404238,1,1,9,868.7279646989107
404256,1,1,4,0.42645458358136
404271,1,1,8,733.5894878482281
404272,1,1,1,311.98960477593903
404273,1,1,9,771.8936329693023
404290,1,1,5,0.42645457969393247
404296,1,1,9,208.92349099194908
404311,1,1,9,793.4555738969782
404318,1,1,9,493.1688660233013
404323,1,1,9,867.9560714612137
404327,1,1,5,0.42645457969393247
404333,1,1,9,360.06014919376736
404351,1,1,1,446.47165458804795
404352,1,1,8,690.8620226840538
404372,1,1,6,356.2227617130482
404380,1,1,10,429.57429493489377
404384,1,1,8,940.569764278931
404394,1,1,4,0.42645458358136
404396,1,1,7,48.23231170331844
404402,1,1,4,0.42645458358136
404403,1,1,9,556.9194370411739
404409,1,1,4,0.42645458358136
404411,1,1,4,0.42645458358136
404412,1,1,9,831.4655736725334
404419,1,1,5,0.42645456789925423
404420,1,1,9,257.17370710939593
404423,1,1,9,731.8008624412008
404437,1,1,5,0.42645457969393247
404455,1,1,10,395.47125823313996
404463,1,1,6,539.3973082396677
404475,1,1,4,0.42645458358136
404506,1,1,6,510.67456534051234
404508,1,1,9,545.8422279074779
404513,1,1,6,762.009581218775
404547,1,1,8,754.1883576364455
404553,1,1,10,722.2017886229046
404560,1,1,6,659.1915507284476
404595,1,1,4,0.42645458358136
404598,1,1,3,60.078881892621986
404605,1,1,9,789.8847150806391
404609,1,1,9,437.6441831482715
404620,1,1,4,0.42645458358136
404643,1,1,9,383.9453934368675
404660,1,1,8,727.8597134022277
404694,1,1,4,0.42645458358136
404697,1,1,9,601.5869155422732
404704,1,1,4,0.42645458358136
404708,1,1,4,0.42645458358136
404710,1,1,8,482.5378851827368
404711,1,1,5,0.42645457969393247
404716,1,1,5,0.42645457969393247
404722,1,1,8,202.32722830400155
404732,1,1,9,608.449215646556
404734,1,1,6,510.0466251931863
404740,1,1,6,402.53138011938046
404742,1,1,6,336.7708208223989
404744,1,1,4,0.4264545919581291
404748,1,1,2,370.6166463915037
404756,1,1,8,554.6435914884236
404758,1,1,3,88.0802431783952
404765,1,1,7,168.69622197775192
404776,0,1,0,0.16384447978863154
404778,1,1,6,319.75300894791866
404785,1,1,6,778.6273711206782
404787,1,1,6,459.2958472194438
404789,1,1,6,765.3757816741522
404791,1,1,8,586.0983143156585
404811,1,1,4,0.42645458358136
404816,1,1,9,803.4846642521961
404825,1,1,6,783.0710525263078
404827,1,1,7,155.93492009107499
404842,1,1,10,392.3084423496941
404858,1,1,9,609.4004317450753
404864,1,1,5,0.42645457969393247
404866,1,1,5,0.42645457969393247
404876,1,1,6,403.5808321689354
404882,1,1,2,169.63466307918029
404893,1,1,5,0.42645457969393247
404897,1,1,3,82.5382433489971
404901,1,1,8,242.52446946841368
404903,1,1,5,0.42645457969393247
404909,1,1,5,0.42645457969393247
404912,0,1,0,0.09673109099309675
404914,1,1,8,274.3000966344558
404923,1,1,9,413.8079081016489
404928,1,1,1,587.3315444028233
404936,1,1,3,88.93977616746145
404937,1,1,9,581.5628112108814
404940,1,1,8,908.5120797327368
404949,1,1,8,543.3421135341025
404970,1,1,8,542.5527350224705
404977,1,1,4,0.42645458358136
404985,1,1,9,321.1529324372149
405012,1,1,8,352.221565443686
405018,1,1,10,458.6372175810418
405022,1,1,4,0.42645458358136
405028,1,1,9,872.0663693189022
405053,1,1,7,107.63071899303887
405070,1,1,4,0.42645458358136
405076,1,1,5,0.42645457969393247
405079,1,1,2,150.46294441439298
405083,1,1,4,0.42645458358136
405088,1,1,4,0.42645458358136
405093,1,1,4,0.42645458358136
405098,1,1,10,418.6913299692755
405099,1,1,10,289.2976855896179
405103,1,1,8,731.9041481332762
405123,1,1,4,0.42645458358136
405132,1,1,8,746.6325566656735
405141,1,1,9,212.81031050886577
405143,1,1,4,0.42645458358136
405151,1,1,3,40.082259991563504
405161,1,1,9,234.3353328280407
405170,1,1,5,0.42645457969393247
405189,1,1,6,241.37631848680923
405197,1,1,7,146.87294718660868
405202,1,1,4,0.42645458358136
405215,1,1,8,308.0852661156075
405232,1,1,5,0.42645457969393247
405234,1,1,8,332.992425330458
405245,1,1,10,679.0592860228686
405260,1,1,4,0.4264545919581291
405270,1,1,8,588.5955977517742
405271,1,1,5,0.42645457969393247
405303,1,1,10,474.1684064642058
405305,1,1,6,340.9606108633384
405342,1,1,10,294.1175121697739
405352,1,1,5,0.42645457969393247
405379,1,1,10,719.9987760194863
405388,1,1,5,0.42645457969393247
405390,1,1,5,0.42645457969393247
405400,1,1,5,0.42645457969393247
405420,1,1,2,59.209761208992546
405421,1,1,9,814.1155510527292
405429,1,1,4,0.42645458358136
405450,1,1,5,0.42645457969393247
405464,1,1,10,302.95552338922954
405471,1,1,3,91.5726134968027
405473,1,1,10,253.59737783028243
405497,1,1,6,613.427537968673
405510,1,1,2,295.60835641771774
405514,1,1,6,448.9654575726831
405523,1,1,6,744.698356033455
405532,1,1,8,529.4467789459869
405565,1,1,9,874.883949154129
405569,1,1,9,550.8942958854445
405581,1,1,4,0.42645458358136
405588,1,1,8,807.8629670774894
405589,1,1,8,420.93767285530475
405629,1,1,4,0.42645458358136
405630,1,1,10,378.787578445994
405641,1,1,1,223.25163478555982
405652,1,1,5,0.42645456789925423
405663,1,1,10,280.5003803314041
405664,1,1,7,151.99277274960377
405677,1,1,6,625.9007363011772
405681,1,1,5,0.42645457969393247
405692,1,1,1,607.0962773647611
405751,1,1,9,795.4906619857076
405763,1,1,7,80.51781289620351
405770,1,1,8,232.735150493457
405781,1,1,7,150.49473414810973
405785,1,1,1,538.3294016367237
405786,1,1,3,88.38676852779935
405791,1,1,3,86.09730209003685
405799,1,1,7,82.28173933400365
405801,1,1,5,0.42645457969393247
405814,1,1,9,538.3642792786743
405821,1,1,6,547.9180058474666
405836,1,1,7,88.03304849184977
405837,1,1,4,0.42645458358136
405843,1,1,6,352.8248331094318
405850,1,1,1,758.0181369813128
405852,1,1,5,0.42645457969393247
405869,1,1,4,0.42645458358136
405875,1,1,10,677.535938529345
405877,1,1,4,0.42645458358136
405881,1,1,10,366.1082263980628
405883,1,1,5,0.42645457969393247
405898,1,1,8,225.56130667826304
405911,1,1,4,0.42645458358136
405922,1,1,4,0.42645458358136
405946,1,1,2,428.9584552714349
405954,1,1,7,168.66160089313686
405959,1,1,1,604.0660899466534
405965,1,1,6,643.4230592607265
405968,1,1,9,780.0597487491692
405988,1,1,5,0.42645457969393247
405989,1,1,7,144.6186019206278
406007,1,1,10,457.43969396885933
406027,1,1,10,719.7540607205236
406039,1,1,10,143.16318431927294
406041,1,1,8,192.23286243067173
406058,1,1,6,446.63227082097404
406084,1,1,1,165.37817411423254
406085,0,1,0,0.17131160460243944
406089,1,1,5,0.42645457969393247
406099,1,1,8,612.5644199741074
406117,1,1,5,0.42645457969393247
406124,1,1,9,214.73600936087382
406138,1,1,8,156.60032086579267
406146,1,1,9,865.5153818202577
406157,1,1,10,203.75080200019073
406164,1,1,8,813.4937104735002
406172,1,1,1,617.5084060167197
406186,1,1,6,572.2061777893554
406192,1,1,5,0.42645457969393247
406200,1,1,9,700.7567498707035
406211,1,1,6,799.9153774945931
406238,1,1,8,868.8980862048027
406250,1,1,1,453.19672339120626
406278,1,1,2,50.75166243744078
406280,1,1,8,531.0601152894117
406293,1,1,7,84.03245856358176
406299,1,1,8,656.5152103929828
406302,1,1,4,0.42645458358136
406318,1,1,9,843.7066926306461
406319,1,1,3,79.3340161363207
406338,1,1,2,391.3640437808313
406344,1,1,8,937.2645481159934
406368,1,1,5,0.42645457969393247
406379,1,1,4,0.42645458358136
406388,1,1,9,719.6062898180088
406397,1,1,8,229.6790056204009
406399,1,1,1,598.9685473487858
406411,1,1,10,431.6771335019432
406427,1,1,6,780.6527847967442
406428,1,1,5,0.42645457969393247
406429,1,1,7,38.65382167989377
406435,1,1,6,779.0708356703083
406436,1,1,10,562.8038694555067
406437,1,1,2,254.76480202243468
406453,1,1,8,382.01010679534033
406469,1,1,9,845.2930209953466
406482,1,1,10,99.98865281258131
406492,1,1,6,515.6262478019099
406500,1,1,5,0.42645457969393247
406502,1,1,2,114.4544222552434
406530,1,1,8,830.2931610801893
406537,1,1,10,449.2617446063846
406547,1,1,1,322.02272726437735
406560,1,1,4,0.42645458358136
406564,1,1,8,108.18833480079095
406576,1,1,9,359.69705456855183
406578,1,1,8,359.7294997462236
406622,1,1,4,0.42645458358136
406624,1,1,2,271.2768724408424
406627,1,1,8,461.14665725359146
406632,1,1,5,0.42645456789925423
406633,1,1,9,810.2000224762494
406636,1,1,5,0.42645457969393247
406652,1,1,1,430.6232202628044
406655,1,1,5,0.42645457969393247
406661,1,1,8,380.2964433806619
406662,1,1,2,341.691387823902
406701,1,1,10,98.71797347590126
406716,1,1,7,20.544615638157463
406726,1,1,7,131.10510199955553
406733,1,1,2,127.41639664242139
406744,1,1,3,64.57002882107533
406750,1,1,7,172.86261773758577
406770,1,1,9,890.6330751283318
406775,1,1,5,0.42645457969393247
406779,1,1,4,0.42645458358136
406780,1,1,4,0.42645458358136
406782,1,1,9,616.5135709006563
406789,1,1,5,0.42645457969393247
406802,1,1,6,411.1478338300902
406803,1,1,8,425.12191864297114
406812,1,1,7,97.62587635247165
406820,1,1,9,508.0860813512884
406833,1,1,4,0.42645458358136
406838,1,1,4,0.42645458358136
406842,1,1,5,0.42645457969393247
406843,1,1,9,610.8625384215594
406852,1,1,10,286.12561657012895
406864,1,1,9,280.27495544884556
406866,1,1,5,0.42645457969393247
406872,1,1,6,806.501580601632
406877,1,1,1,553.3557356664079
406880,1,1,6,609.1762419126457
406894,1,1,1,748.8639644431199
406907,1,1,9,512.0594733592214
406909,1,1,4,0.42645458358136
406926,1,1,6,667.9052756060692
406928,1,1,4,0.42645458358136
406931,1,1,10,183.6771194827451
406944,1,1,4,0.42645458358136
406947,0,1,0,0.13625946488530316
406948,1,1,4,0.42645458358136
406951,1,1,5,0.42645457969393247
406952,1,1,10,282.6005344032682
406966,1,1,1,568.8430988927015
406993,1,1,8,937.4784104190619
407003,1,1,4,0.42645458358136
407004,1,1,5,0.42645457969393247
407006,1,1,8,617.5485597240577
407023,1,1,9,870.65629392688
407028,1,1,10,546.9162210806899
407032,1,1,4,0.42645458358136
407038,1,1,6,643.4027758119579
407044,1,1,9,274.99028677594725
407045,1,1,9,522.9563695572314
407052,1,1,5,0.42645457969393247
407056,1,1,9,784.5377309794516
407074,1,1,6,358.49609885001183
407077,0,1,0,0.11008425238739895
407079,1,1,4,0.42645458358136
407114,1,1,10,363.60826236195584
407121,1,1,10,395.883434559128
407125,1,1,8,324.5944677008913
407129,1,1,2,65.85033134972672
407131,1,1,6,790.3193492772564
407145,1,1,4,0.4264545919581291
407157,1,1,9,373.01393989614957
407164,1,1,9,580.8180059835962
407169,1,1,9,610.1923547111322
407186,1,1,5,0.42645457969393247
407192,1,1,2,397.3103881395035
407193,1,1,8,536.6372283494337
407202,1,1,9,867.7679128862133
407213,1,1,6,535.8966568870069
407219,1,1,5,0.42645457969393247
407223,1,1,8,345.40013424008356
407227,1,1,6,803.1380356453642
407229,1,1,4,0.42645458358136
407233,1,1,9,838.0401400285662
407240,1,1,8,337.1458166209337
407247,1,1,5,0.42645457969393247
407251,1,1,5,0.42645457969393247
407264,1,1,3,91.95281868413142
407269,1,1,6,781.4049319572268
407271,1,1,5,0.42645457969393247
407272,1,1,7,150.2016990413833
407281,1,1,8,634.3050430373495
407313,1,1,4,0.42645457969393247
407324,1,1,9,449.61028630932344
407336,1,1,6,554.0841884490634
407343,1,1,3,87.09877531462732
407346,1,1,4,0.42645458358136
407349,1,1,9,452.3059225952914
407356,1,1,9,349.8766727674431
407378,1,1,5,0.42645457969393247
407388,1,1,6,732.0398482402344
407415,1,1,8,787.2698085244068
407418,1,1,4,0.42645456789925423
407427,1,1,4,0.42645458358136
407441,1,1,5,0.42645457969393247
407444,1,1,4,0.42645458358136
407461,1,1,2,128.488284292461
407465,1,1,9,477.99336668487655
407483,1,1,5,0.42645457969393247
407495,1,1,8,405.5099158323013
407501,1,1,1,591.7003139751315
407505,1,1,2,410.3478163713906
407517,1,1,6,260.0767699009881
407521,1,1,5,0.42645457969393247
407522,1,1,10,462.1598139466652
407524,1,1,5,0.42645457969393247
407542,1,1,9,843.0727038245706
407551,1,1,5,0.42645457969393247
407558,1,1,4,0.42645458358136
407565,0,1,0,0.10821860389877348
407570,1,1,10,721.4991405810381
407572,1,1,5,0.42645457969393247
407577,1,1,6,373.24357452669153
407586,1,1,9,815.3527228525147
407591,1,1,2,459.22202054908524
407602,1,1,5,0.42645457969393247
407638,1,1,4,0.42645458358136
407640,1,1,8,924.1739399003059
407650,1,1,6,511.4288815177379
407671,1,1,9,448.5232755893814
407708,1,1,10,460.125855302002
407709,1,1,1,614.5915822898456
407712,1,1,10,650.7638479387105
407717,1,1,6,353.6132135945217
407731,1,1,9,598.1384796618918
407732,1,1,9,582.855862031158
407744,1,1,6,619.9046227979916
407750,1,1,5,0.42645457969393247
407753,1,1,6,301.3322293710366
407755,1,1,10,276.8497501841998
407763,1,1,8,415.70210821493197
407767,1,1,5,0.42645457969393247
407799,1,1,6,442.78787047888443
407809,1,1,6,189.9741720315614
407818,1,1,9,369.9931265731807
407835,1,1,6,805.8242492774226
407842,1,1,9,361.30205712290564
407844,1,1,9,612.5317239198823
407847,1,1,9,610.9247254659534
407858,1,1,5,0.42645457969393247
407861,1,1,4,0.42645458358136
407865,1,1,8,829.6126617429726
407877,1,1,5,0.42645457969393247
407882,1,1,10,339.73500471032634
407887,1,1,2,452.93393416074326
407888,1,1,6,332.51173640004134
407889,1,1,8,618.7018720218888
407895,1,1,2,260.54415851050493
407896,1,1,8,820.6598090065834
407910,1,1,7,101.61217240203149
407924,1,1,4,0.42645458358136
407930,1,1,9,217.4041478404362
407941,1,1,4,0.42645458358136
407944,1,1,10,485.7394222853529
407947,1,1,9,828.5434931086169
407949,1,1,7,174.33327223584755
407974,1,1,4,0.4264545919581291
407980,1,1,9,845.8103538978015
407987,1,1,9,494.4291184879412
407992,1,1,5,0.42645457969393247
408014,1,1,9,861.6797635956201
408034,1,1,8,557.7547571958189
408040,1,1,10,311.5536620265291
408042,1,1,8,447.59285412477976
408046,1,1,6,257.2282745629809
408056,1,1,9,78.16159978946075
408066,1,1,5,0.42645457969393247
408080,1,1,10,661.9480177252765
408090,1,1,10,258.30176380933466
408098,1,1,4,0.42645458358136
408103,1,1,3,92.22150126429543
408113,1,1,6,200.15077507323002
408143,1,1,6,487.142659174482
408148,1,1,2,438.19865212244935
408192,1,1,7,33.4149915027343
408204,1,1,6,557.1047614536208
408208,1,1,4,0.42645458358136
408217,1,1,8,188.65947441910046
408226,1,1,3,84.01260377988973
408227,1,1,4,0.42645458358136
408229,1,1,8,534.8096809049475
408233,1,1,10,711.8894549441698
408239,1,1,2,230.89524841291802
408244,1,1,2,360.7924752656116
408255,1,1,5,0.42645457969393247
408269,1,1,8,563.0412313112922
408271,1,1,5,0.42645457969393247
408286,1,1,10,677.6662232784653
408296,1,1,9,300.54150141325704
408315,1,1,8,565.2658264844484
408323,1,1,2,398.1284851869663
408335,1,1,7,16.706247476470526
408347,1,1,5,0.42645457969393247
408385,1,1,5,0.42645457969393247
408392,1,1,8,610.7944710000013
408394,1,1,2,196.67021470462853
408395,1,1,9,585.7669708247445
408405,1,1,8,418.12097967913877
408409,1,1,8,475.98842105265686
408437,1,1,2,214.44160875538543
408443,1,1,10,552.7020592571313
408448,1,1,8,216.5673302600507
408451,1,1,5,0.42645457969393247
408455,1,1,5,0.42645457969393247
408457,1,1,7,56.2786392718395
408484,1,1,9,313.0395442274738
408486,1,1,4,0.42645458358136
408487,1,1,6,658.9817683672974
408501,1,1,7,123.529224159061
408504,1,1,6,476.13015962142845
408527,1,1,9,806.4930171813028
408530,1,1,6,339.1734415352514
408540,1,1,10,431.764729893081
408561,1,1,8,604.7641008736163
408562,1,1,3,61.023074163872735
408574,1,1,8,923.2635538587718
408599,1,1,10,719.4649570386064
408629,1,1,6,380.40196040066945
408632,1,1,7,77.22918958961687
408643,1,1,4,0.4264545919581291
408694,1,1,3,68.7198080956822
408695,1,1,6,480.8443753660425
408697,1,1,10,276.07166676814484
408700,1,1,8,572.047082543864
408701,1,1,1,417.5567483944937
408713,1,1,6,700.3598044655262
408719,1,1,2,419.7966142639001
408734,1,1,6,474.5436415954293
408742,1,1,6,555.8037229576355
408744,1,1,9,235.4208087729615
408753,1,1,6,772.5022472485141
408768,1,1,5,0.42645457969393247
408774,1,1,8,602.787493225969
408777,1,1,9,526.9366530924868
408784,1,1,10,177.19719059370695
408787,1,1,9,869.3551522369178
408802,1,1,2,169.0140708048164
408805,1,1,5,0.42645457969393247
408808,1,1,5,0.42645457969393247
408812,1,1,4,0.42645458358136
408813,1,1,5,0.42645457969393247
408843,1,1,2,149.67181361278034
408849,1,1,2,322.7881290841635
408854,1,1,9,763.0961581156588
408856,1,1,5,0.42645457969393247
408865,1,1,9,822.3550856390606
408868,1,1,9,875.1852009941067
408888,1,1,10,416.97488643841075
408896,1,1,10,174.34134961378035
408905,1,1,6,689.2126269668852
408918,1,1,2,435.8760625398235
408921,1,1,6,775.8098034883595
408932,1,1,9,607.0445973185836
408945,1,1,10,382.0002008179748
408953,1,1,9,877.0504852631938
408954,1,1,6,506.82322502349723
408958,1,1,6,448.69003599980243
408960,1,1,5,0.42645457969393247
408965,1,1,9,215.85756319520925
408972,1,1,2,468.64521887398854
408985,1,1,5,0.42645457969393247
408994,1,1,10,677.8270903091858
409017,1,1,9,412.2480968053079
409025,1,1,5,0.42645457969393247
409029,1,1,4,0.42645458358136
409061,1,1,9,828.7985284982085
409064,1,1,1,625.3995828169066
409117,1,1,4,0.42645458358136
409122,1,1,8,761.082632901475
409124,1,1,9,254.26687509464537
409127,1,1,4,0.42645458358136
409129,1,1,6,616.2365138597871
409133,1,1,9,524.9934667274604
409148,1,1,5,0.42645457969393247
409176,1,1,9,824.6211964933176
409184,1,1,6,620.1835851752097
409202,1,1,6,264.15411103426385
409203,1,1,10,371.23922774649293
409219,1,1,10,273.57159249630763
409224,1,1,5,0.42645457969393247
409229,1,1,9,439.419733060805
409231,1,1,10,200.3099209778374
409241,1,1,6,772.4661391596766
409258,1,1,9,607.8760596467536
409263,1,1,9,433.9060214281636
409279,1,1,9,890.5406832840498
409312,1,1,9,871.0862462751205
409317,1,1,2,125.76354561609908
409320,1,1,8,840.9228014028357
409334,1,1,10,488.2406112350481
409351,1,1,3,42.955996632137854
409352,1,1,1,215.91673937415374
409355,1,1,8,880.5913957511374
409375,1,1,6,467.965637468564
409387,1,1,4,0.42645458358136
409397,1,1,4,0.42645458358136
409407,1,1,8,150.95933276796828
409409,1,1,10,165.83720417462828
409424,1,1,6,778.6297486651068
409431,1,1,9,872.2623666246594
409435,1,1,6,273.2924801449109
409456,1,1,6,544.7259539908003
409465,1,1,4,0.42645458358136
409503,1,1,8,790.983937870704
409512,1,1,4,0.42645458358136
409515,1,1,9,346.002431593477
409517,1,1,8,535.0689148923004
409518,1,1,6,390.34356956599987
409520,1,1,2,213.82008365943912
409521,1,1,9,868.7083838303568
409522,1,1,7,168.746915353345
409527,1,1,10,434.7978800535709
409534,1,1,10,176.4314424995658
409548,1,1,4,0.42645458358136
409595,1,1,1,559.7472367151632
409606,1,1,8,725.0171646850181
409634,1,1,6,380.4295195073605
409637,1,1,4,0.42645458358136
409638,1,1,9,362.15114110232554
409665,1,1,10,347.5909193667033
409668,1,1,8,469.90183830821917
409675,1,1,8,591.7211572291664
409678,1,1,5,0.42645457969393247
409680,1,1,8,563.2651143235806
409688,1,1,4,0.42645458358136
409701,1,1,6,275.7382035730948
409707,1,1,8,277.40655184166593
409737,1,1,8,697.8220875485736
409740,1,1,1,270.5589696315565
409752,1,1,6,792.9472971854848
409769,1,1,4,0.42645458358136
409776,1,1,9,696.3260791381183
409790,1,1,4,0.42645458358136
409807,1,1,7,38.25875544498224
409809,1,1,4,0.42645458358136
409820,1,1,4,0.42645458358136
409831,1,1,9,666.2442252068437
409843,1,1,8,175.81734790526897
409844,1,1,6,680.2887532565901
409845,1,1,8,676.6446600510276
409848,1,1,5,0.42645457969393247
409857,1,1,5,0.42645457969393247
409864,1,1,8,893.0315239104683
409878,1,1,5,0.42645457969393247
409884,1,1,9,862.2765217134015
409893,1,1,7,150.53208155391357
409897,1,1,10,400.8794222036819
409913,1,1,4,0.4264545919581291
409923,1,1,4,0.4264545919581291
409927,1,1,8,830.6243593194948
409934,1,1,3,91.77030377107859
409966,1,1,9,824.8843932114497
409988,0,1,0,0.1117857183679945
410009,1,1,10,391.39653725247246
410014,1,1,5,0.42645457969393247
410032,1,1,9,232.70686065241696
410035,1,1,10,534.8531179580949
410039,1,1,9,604.6896467897594
410042,1,1,9,572.7904689416944
410043,1,1,9,667.7152631166695
410066,1,1,6,536.5602219733876
410070,1,1,4,0.42645458358136
410071,1,1,5,0.42645457969393247
410079,1,1,5,0.42645457969393247
410092,1,1,6,797.6955852873251
410093,1,1,10,459.3346124297834
410103,1,1,4,0.42645458358136
410112,1,1,9,58.13652645258501
410130,1,1,2,318.8119530786597
410166,1,1,9,204.1765605207977
410172,1,1,2,243.45487710233087
410190,1,1,6,714.0217284894642
410199,1,1,5,0.42645457969393247
410205,1,1,6,547.7260058558535
410207,1,1,6,401.5309198093263
410247,1,1,8,503.45745230373353
410255,1,1,8,503.90893417197975
410259,1,1,5,0.42645457969393247
410269,1,1,7,148.36500111882378
410272,1,1,6,765.5942324274112
410277,1,1,5,0.42645456789925423
410284,1,1,9,527.823366691487
410287,1,1,6,389.0228508179952
410289,1,1,4,0.42645458358136
410325,1,1,6,350.27619777634277
410327,1,1,1,607.0212833611529
410349,1,1,9,692.1121629570066
410355,1,1,8,605.0441543642075
410359,1,1,9,645.6811005280547
410375,1,1,9,802.3070815113855
410377,1,1,8,418.5880247591045
410381,1,1,1,752.2153929667539
410383,1,1,5,0.42645457969393247
410389,1,1,9,170.31767856911145
410415,1,1,4,0.42645458358136
410428,1,1,5,0.42645457969393247
410446,1,1,6,516.8462299990942
410448,1,1,7,129.2811511470595
410451,1,1,10,408.2043949332101
410477,1,1,10,328.2416905665365
410489,1,1,4,0.42645458358136
410491,1,1,5,0.42645457969393247
410505,1,1,3,93.24559356652475
410506,1,1,10,429.81609352270794
410515,1,1,2,449.30689544850276
410518,1,1,1,670.3518532045642
410531,1,1,10,449.8097661901132
410534,1,1,9,880.0181242493989
410539,1,1,7,168.86987712769385
410541,1,1,1,428.264410170995
410545,1,1,4,0.42645458358136
410557,1,1,2,478.49028118521306
410577,1,1,8,569.9998049623222
410589,1,1,7,142.97344270242897
410591,1,1,4,0.42645458358136
410607,1,1,6,790.8950116538473
410613,1,1,8,152.9385544248124
410616,1,1,9,522.0904064321445
410634,1,1,9,540.0332392842091
410637,1,1,5,0.42645457969393247
410653,1,1,8,437.7566904295035
410654,1,1,3,92.80330913520541
410655,1,1,6,210.24751685440768
410660,1,1,8,517.050792519843
410664,1,1,6,474.7682256939076
410677,1,1,8,389.26164072449143
410680,1,1,5,0.42645457969393247
410696,1,1,5,0.42645457969393247
410699,1,1,4,0.42645458358136
410704,1,1,9,120.41228445390641
410713,1,1,5,0.42645457969393247
410721,1,1,9,856.8535197989224
410729,1,1,8,799.5031940775666
410739,1,1,9,894.1921805777791
410741,1,1,5,0.42645457969393247
410767,1,1,7,90.64453699045383
410775,1,1,4,0.42645458358136
410801,1,1,8,927.6442244464846
410832,1,1,2,200.22548410073915
410837,1,1,8,817.1072928334264
410842,1,1,9,826.1389371415894
410845,1,1,10,388.98208219867263
410849,1,1,4,0.42645458358136
410851,1,1,2,324.1846255577969
410864,1,1,7,167.54366222337575
410868,1,1,6,597.2916777029869
410869,1,1,5,0.42645457969393247
410889,1,1,8,572.3818204802113
410894,1,1,4,0.42645458358136
410896,1,1,10,450.92865073215717
410905,1,1,10,709.4725998232828
410918,1,1,10,723.0548282220069
410919,1,1,9,45.43779605420933
410924,1,1,8,899.7989589286411
410934,1,1,8,395.34647706625935
410938,1,1,9,611.6215112192714
410948,0,1,0,0.09326668643434002
410949,1,1,5,0.42645457969393247
410961,1,1,8,531.6717901387709
410977,1,1,9,99.72635593168116
410982,1,1,9,506.30408174079895
410983,1,1,9,135.0545835841953
410991,1,1,10,224.00774332909015
410995,1,1,9,174.40035279710844
410997,1,1,5,0.42645457969393247
411007,1,1,1,757.7936236876428
411009,1,1,6,474.4880931120053
411010,1,1,5,0.42645457969393247
411021,1,1,5,0.42645457969393247
411032,1,1,9,36.7811693365348
411043,1,1,4,0.42645457969393247
411046,1,1,9,819.7195123216919
411049,1,1,10,261.2802707819164
411050,1,1,4,0.42645458358136
411060,1,1,8,342.3443126880007
411072,1,1,4,0.4264545919581291
411088,1,1,8,643.9281576054219
411095,1,1,9,734.0091098277578
411100,1,1,5,0.42645457969393247
411112,1,1,6,281.1590433550772
411113,1,1,8,720.9207299252843
411117,1,1,8,665.7477840009258
411125,1,1,4,0.42645458358136
411135,1,1,7,164.89574879390872
411138,1,1,10,336.9585180546349
411154,1,1,4,0.42645458358136
411160,1,1,7,149.49580672369723
411161,1,1,1,187.23371725115487
411164,1,1,9,451.174021836382
411176,1,1,6,798.155770621512
411177,1,1,5,0.42645457969393247
411179,1,1,4,0.42645458358136
411202,1,1,10,583.5183143379958
411205,1,1,6,773.588901300937
411206,1,1,6,788.8881215194109
411226,1,1,4,0.42645458358136
411232,1,1,6,735.6415361896123
411242,1,1,9,886.4047093680925
411280,1,1,8,150.625633872893
411282,1,1,8,810.9379388711312
411289,1,1,4,0.42645458358136
411307,1,1,2,75.22137715483747
411312,1,1,8,523.7462773709203
411313,1,1,9,438.5977394280119
411332,1,1,9,862.106813417797
411335,1,1,6,300.6978044284876
411343,1,1,5,0.42645457969393247
411345,1,1,10,440.46266255804585
411347,1,1,10,659.4548311264155
411348,1,1,8,927.8998370482363
411354,1,1,9,498.3291274971648
411380,1,1,9,229.63534858966372
411384,1,1,8,556.7715023651183
411386,1,1,5,0.42645457969393247
411407,0,1,0,0.12944619287577608
411410,1,1,9,408.4133383020998
411411,1,1,1,648.0919773494223
411428,1,1,8,662.6108081001327
411451,1,1,6,804.823307888159
411459,1,1,6,780.3406262261874
411469,1,1,8,589.6904319718024
411475,1,1,7,36.936379911219824
411492,1,1,3,79.54318118967011
411503,1,1,1,660.4609616295519
411505,1,1,4,0.42645458358136
411518,1,1,10,443.0046062060152
411520,1,1,5,0.42645457969393247
411525,1,1,1,551.4179025012069
411527,1,1,2,384.7170522955806
411537,1,1,8,283.96791178522835
411543,1,1,8,335.7973574015826
411550,1,1,4,0.42645458358136
411560,1,1,4,0.42645458358136
411563,1,1,2,47.287778433411006
411564,1,1,2,411.21088069998257
411565,1,1,7,111.16695839088847
411566,1,1,6,475.5363582758681
411572,1,1,3,89.23685620968723
411583,1,1,4,0.42645458358136
411587,1,1,8,241.47930092914424
411606,1,1,7,170.47400966875597
411639,1,1,2,419.7187468800337
411640,1,1,10,656.1389380269279
411651,1,1,2,268.36496956772385
411656,1,1,5,0.42645457969393247
411682,1,1,8,246.04105326730436
411706,1,1,8,800.9247280108864
411708,1,1,1,668.7011549365554
411709,1,1,6,544.1124002570579
411719,1,1,4,0.42645458358136
411725,0,1,0,0.2463319253322083
411735,1,1,8,617.4130829302934
411751,1,1,10,721.0304649556456
411763,1,1,5,0.42645457969393247
411768,1,1,1,418.5393111487004
411791,1,1,9,416.53765266767994
411796,1,1,5,0.42645457969393247
411799,1,1,5,0.42645457969393247
411826,1,1,10,674.7815349084752
411851,1,1,5,0.42645457969393247
411860,1,1,9,521.7761607367385
411873,1,1,4,0.42645458358136
411900,1,1,10,509.35539346349077
411906,0,1,0,0.14256680326424423
411911,1,1,4,0.42645458358136
411914,1,1,9,855.1533025124614
411917,1,1,8,821.2895572658016
411936,1,1,8,850.3209726659853
411948,1,1,9,676.3635015725555
411956,1,1,1,600.3236607056796
411961,1,1,4,0.42645458358136
411970,1,1,10,416.83788375514524
411974,1,1,10,608.945424244577
411995,0,1,0,0.13981710465562253
412002,1,1,7,89.7627456674941
412012,0,1,0,0.0830387552747667
412020,1,1,4,0.42645458358136
412022,1,1,1,690.7206762288207
412041,1,1,8,626.757926581781
412043,1,1,9,484.7902801198677
412051,1,1,5,0.42645457969393247
412059,1,1,10,720.2483812466805
412066,1,1,5,0.42645457969393247
412085,1,1,1,682.0634734695914
412111,1,1,6,693.4637760309209
412142,1,1,9,91.17508995366292
412147,1,1,8,341.11154233426925
412152,1,1,5,0.42645457969393247
412154,1,1,6,325.8660151168061
412166,1,1,9,745.2664647598979
412170,1,1,9,555.0093291028292
412171,1,1,8,497.31254351318023
412199,1,1,9,450.25560660212466
412203,1,1,8,386.408906608826
412216,1,1,1,333.02694499926247
412252,1,1,4,0.42645458358136
412253,1,1,4,0.42645458358136
412272,1,1,9,184.52612291025386
412282,1,1,1,583.1335963454952
412295,1,1,8,693.1756222807498
412306,1,1,6,783.4047466058931
412309,1,1,6,806.8016585495764
412321,1,1,4,0.42645458358136
412336,1,1,5,0.42645456789925423
412352,1,1,6,715.1108871690607
412371,1,1,4,0.42645458358136
412374,1,1,8,310.0389095732479
412380,1,1,9,755.4855745976103
412382,1,1,9,495.6430488126528
412396,1,1,10,610.3827853985524
412412,1,1,5,0.42645457969393247
412425,1,1,5,0.42645457969393247
412426,1,1,1,688.2005977020676
412427,1,1,6,728.5596435558133
412430,1,1,6,487.2475795200082
412436,1,1,8,632.7019473879296
412447,1,1,8,385.3322289076021
412469,1,1,6,675.3348255740423
412478,1,1,4,0.42645458358136
412495,1,1,8,537.3407197424681
412497,1,1,8,577.795971895103
412498,1,1,8,482.28946006363367
412507,1,1,6,495.9342883848176
412521,1,1,4,0.42645458358136
412526,1,1,9,437.23095197298846
412540,1,1,4,0.42645458358136
412550,1,1,4,0.42645458358136
412551,1,1,5,0.42645457969393247
412572,1,1,9,810.2124309259091
412586,1,1,9,251.54485133888758
412605,1,1,10,651.9380040305116
412622,1,1,8,752.2020376477013
412636,1,1,6,543.4100406222115
412645,1,1,6,456.91291733315313
412669,1,1,6,263.48432542372797
412677,1,1,4,0.4264545919581291
412682,1,1,9,754.2238185164867
412698,1,1,6,805.4681821432947
412704,1,1,1,603.5223354039484
412730,1,1,6,223.23265743819871
412738,1,1,10,269.0501221137027
412741,1,1,2,398.502087867918
412763,1,1,5,0.42645457969393247
412770,1,1,5,0.42645457969393247
412773,1,1,10,651.5721650089841
412779,1,1,9,72.34895597651416
412783,1,1,10,580.4237973898927
412792,1,1,9,867.6818261858615
412794,1,1,7,67.22447172044569
412818,1,1,7,144.718672789779
412820,1,1,8,436.59476873001427
412823,1,1,7,153.48783429288682
412827,1,1,5,0.42645457969393247
412835,1,1,6,657.3650678198196
412841,1,1,9,198.12162922981165
412847,1,1,9,576.7591233266367
412866,1,1,7,159.45217114959422
412873,1,1,4,0.42645458358136
412874,1,1,5,0.42645457969393247
412879,1,1,6,279.66460985313677
412884,1,1,6,476.85535150156016
412885,1,1,2,126.49881314762523
412915,1,1,9,831.392246980474
412920,1,1,6,356.68046039685805
412923,1,1,9,419.9337434059059
412925,1,1,1,642.0180557401676
412930,1,1,9,654.2395924154912
412931,1,1,4,0.4264545919581291
412937,0,1,0,0.1193458335720148
412950,1,1,10,722.2457131072792
412960,1,1,10,505.77886609548995
412965,1,1,9,49.389977032196064
412975,1,1,10,298.2770647971135
412979,1,1,10,457.1233580470401
412983,1,1,5,0.42645457969393247
412987,1,1,10,705.9654223816974
412994,1,1,1,709.3364715235018
412998,1,1,6,790.8015281825644
413008,1,1,10,459.599953164469
413031,1,1,6,247.07526095663036
413033,1,1,8,120.48915773049494
413079,1,1,5,0.42645457969393247
413095,1,1,9,349.0764086130869
413127,1,1,9,520.5186164482411
413145,1,1,5,0.42645457969393247
413152,1,1,5,0.42645457969393247
413167,1,1,5,0.42645457969393247
413180,1,1,5,0.42645457969393247
413194,1,1,9,327.2943259869725
413200,1,1,4,0.42645458358136
413204,1,1,8,537.1140410509502
413206,1,1,2,411.88681309104345
413218,1,1,10,712.0019163350837
413228,1,1,10,208.86911226989284
413236,1,1,9,885.2396460351273
413237,1,1,9,880.2129265265087
413243,1,1,8,170.13955396150251
413245,1,1,3,88.69769998052364
413262,1,1,3,89.94596053964138
413264,1,1,2,260.4514689249249
413276,1,1,8,691.0023603105785
413279,1,1,10,87.15402398361819
413280,1,1,9,461.03187492516236
413290,1,1,9,461.7112588704935
413297,1,1,8,393.1601836389081
413299,1,1,1,429.5502147082128
413302,1,1,1,709.9211000731559
413315,1,1,5,0.42645457969393247
413317,1,1,1,220.80705741780795
413318,1,1,9,194.27036778293177
413321,1,1,1,492.61684629952856
413338,1,1,6,736.5807827075892
413345,1,1,9,300.7513355105361
413347,1,1,5,0.42645457969393247
413348,1,1,8,483.016073975426
413349,1,1,6,539.3559865186999
413360,1,1,4,0.42645458358136
413371,1,1,8,800.3110037103279
413378,1,1,2,438.7429678178422
413407,1,1,9,616.5463082217266
413420,1,1,5,0.42645457969393247
413421,1,1,8,209.5559079210266
413430,1,1,6,746.7708503091898
413438,1,1,4,0.42645458358136
413447,1,1,8,458.4199074498387
413455,1,1,6,455.4522872811457
413457,1,1,4,0.42645458358136
413459,1,1,10,699.3102189897884
413470,1,1,1,404.3269356921339
413493,1,1,7,67.47478452524533
413495,1,1,7,159.29942096029325
413496,1,1,2,269.84754259498703
413506,1,1,9,640.1227412084902
413508,1,1,3,85.73441561668298
413509,1,1,5,0.42645457969393247
413510,1,1,9,532.1645812442317
413521,1,1,9,526.8275564153222
413532,1,1,9,704.8601221824156
413558,1,1,8,420.5760281890962
413560,1,1,5,0.42645457969393247
413567,1,1,9,373.4002252031338
413569,1,1,4,0.42645458358136
413572,1,1,9,462.62255078396856
413593,1,1,4,0.42645458358136
413606,1,1,9,649.6534766801701
413614,1,1,6,802.4808845998822
413615,1,1,1,742.2756248582901
413631,1,1,1,605.2629849367861
413632,1,1,5,0.42645457969393247
413648,1,1,4,0.42645458358136
413650,1,1,10,681.6662528177167
413656,1,1,5,0.42645457969393247
413664,1,1,1,287.53307521895636
413666,1,1,4,0.42645458358136
413668,1,1,4,0.42645458358136
413676,1,1,4,0.42645458358136
413683,1,1,2,475.7088530707371
413692,1,1,4,0.42645458358136
413693,1,1,7,132.24069088018913
413700,1,1,8,565.0504517170358
413733,1,1,8,644.5430973258768
413736,1,1,2,321.64454230950224
413742,1,1,10,653.6397126904986
413751,1,1,6,606.4690867686028
413758,1,1,5,0.42645456789925423
413759,1,1,6,798.9714632924463
413763,1,1,9,467.6215320667882
413772,1,1,1,478.3851440251303
413775,1,1,7,39.633125524682676
413781,1,1,5,0.42645457969393247
413784,1,1,9,715.2491422453062
413792,1,1,6,542.2813963594946
413799,1,1,4,0.42645458358136
413810,1,1,10,625.6873483141493
413814,1,1,1,188.54606127827148
413821,1,1,9,829.6734986471665
413824,1,1,1,692.6269725509326
413830,1,1,6,495.2457868983034
413834,1,1,6,708.0619476860709
413852,1,1,6,785.7665539850402
413855,1,1,10,197.27604167869828
413860,1,1,2,225.81907625485377
413863,1,1,10,359.41917342497084
413881,1,1,5,0.42645457969393247
413882,1,1,6,456.44607886871916
413900,1,1,9,689.2615213341223
413915,1,1,1,615.5902079556536
413985,1,1,8,784.9253943397109
414033,1,1,9,493.58368969074866
414056,1,1,1,676.2797248286932
414085,1,1,9,800.3262889387089
414097,1,1,5,0.42645457969393247
414102,1,1,2,284.4481729447724
414106,1,1,5,0.42645457969393247
414113,1,1,2,403.63064729518425
414119,1,1,8,311.2192393985949
414124,1,1,5,0.42645456789925423
414133,1,1,9,169.18995780981768
414136,1,1,10,516.8526629395124
414139,1,1,10,538.2290058383437
414171,1,1,6,782.5255627652315
414206,1,1,10,315.41774633654484
414220,1,1,9,584.2388875556503
414222,1,1,9,865.6604211890344
414238,1,1,10,187.59992280754736
414253,1,1,8,767.9437817316963
414254,1,1,2,367.8478421958209
414269,1,1,6,516.0729529418519
414279,1,1,4,0.42645458358136
414285,1,1,2,369.6089666404849
414287,1,1,9,502.9430604717073
414293,1,1,8,528.2080412549606
414324,1,1,5,0.42645457969393247
414326,1,1,6,749.0817225810401
414329,1,1,10,142.17003902371334
414385,1,1,7,156.7617922489305
414386,1,1,8,485.97419128017003
414394,1,1,6,787.8048106597779
414408,1,1,1,334.93930633846384
414409,1,1,8,764.7196313088592
414416,1,1,9,726.4125622374263
414423,1,1,9,818.7647373280765
414431,1,1,9,557.8261792566716
414444,1,1,4,0.42645458358136
414455,1,1,4,0.42645458358136
414470,1,1,4,0.42645458358136
414475,1,1,8,621.4975868828917
414507,1,1,7,172.0138745672519
414508,1,1,5,0.42645456789925423
414520,1,1,1,563.8605208040952
414526,1,1,1,681.5092195978217
414536,1,1,2,276.2837792645814
414541,1,1,10,226.23871976469823
414549,1,1,8,727.9513544411664
414557,1,1,4,0.42645458358136
414567,1,1,5,0.42645457969393247
414575,1,1,5,0.42645457969393247
414583,1,1,4,0.42645458358136
414584,1,1,5,0.42645457969393247
414592,1,1,2,138.42554552265625
414607,1,1,6,752.7561343959426
414609,1,1,10,459.8021054008335
414621,1,1,6,619.7893061206843
414641,1,1,4,0.42645458358136
414644,1,1,5,0.42645457969393247
414649,1,1,6,720.454386357813
414656,1,1,9,450.40893463299284
414691,1,1,8,523.4976471650159
414693,1,1,10,685.4712788356583
414703,1,1,6,556.9876247950187
414713,1,1,8,775.5878153155484
414730,1,1,9,594.2023643447334
414732,1,1,8,577.7662096188702
414740,1,1,9,457.0555774620495
414758,1,1,6,260.1221340642994
414772,1,1,6,542.4475234050813
414775,1,1,8,449.8376099795451
414778,1,1,7,88.71195496489857
414789,1,1,5,0.42645457969393247
414790,1,1,9,424.7754856570902
414807,1,1,5,0.42645456789925423
414808,1,1,6,145.7235921994509
414824,1,1,8,419.2014779097543
414834,1,1,10,722.6129412213629
414839,1,1,10,326.2678177372206
414842,1,1,5,0.42645457969393247
414843,1,1,10,405.59900565806504
414845,1,1,6,292.0263054733211
414850,1,1,8,556.4614626079112
414902,1,1,8,328.32440178159266
414915,1,1,9,568.6568806356258
414917,1,1,8,871.2481961552296
414943,1,1,9,377.39450540194747
414952,1,1,10,180.27722888545384
414962,1,1,1,179.422890597119
414967,1,1,9,815.3022990911232
414976,1,1,5,0.42645457969393247
414980,1,1,9,521.2912623053828
414981,1,1,8,321.85511736659856
414983,1,1,4,0.42645458358136
415006,1,1,9,111.27027378274208
415018,1,1,8,436.99807227666975
415032,1,1,9,492.16454874745807
415040,1,1,10,446.87488133987
415042,1,1,5,0.42645457969393247
415045,0,1,0,0.1201943736498408
415046,1,1,6,810.1672826702268
415047,1,1,4,0.42645458358136
415055,1,1,4,0.42645458358136
415057,1,1,7,24.22842721894916
415066,1,1,9,814.8340745402329
415069,1,1,5,0.42645456789925423
415085,1,1,1,593.1265775114925
415113,1,1,10,718.9738948549676
415114,1,1,8,472.5339849586107
415127,1,1,10,97.95806613784758
415130,1,1,1,168.88987440474253
415139,1,1,9,577.4887654823928
415140,1,1,9,763.4563976638544
415152,1,1,9,792.2274347246762
415172,1,1,1,260.07719070051206
415174,1,1,8,947.1765989672061
415185,1,1,8,287.28297937525883
415190,1,1,9,528.2753309759975
415194,1,1,7,143.65788706347547
415195,1,1,8,665.1126470618491
415202,1,1,9,617.0815906687009
415210,1,1,8,472.0220159000637
415211,1,1,6,195.3545923028029
415244,0,1,0,0.12351878838509152
415245,1,1,8,780.5948083694169
415255,1,1,10,441.50372022944714
415256,1,1,10,720.1688625509508
415282,1,1,1,587.087582803954
415291,1,1,4,0.42645458358136
415299,1,1,9,356.83077038841003
415302,1,1,4,0.42645458358136
415305,1,1,9,823.5538207964358
415308,1,1,5,0.42645457969393247
415328,1,1,6,446.57172086225444
415338,1,1,5,0.42645457969393247
415344,1,1,5,0.42645457969393247
415346,1,1,7,56.77785882086376
415354,1,1,5,0.42645456789925423
415355,1,1,5,0.42645456789925423
415359,1,1,1,556.7830341148122
415370,1,1,6,360.93011335237713
415416,1,1,1,404.5827089144431
415420,1,1,9,824.4829993134846
415422,1,1,8,664.0684616184875
415431,1,1,2,95.71015911755578
415438,1,1,6,233.6741489140556
415445,1,1,3,93.88212440843154
415446,1,1,5,0.42645457969393247
415453,1,1,6,462.4853753945696
415455,1,1,8,204.94956148142222
415456,1,1,5,0.42645457969393247
415477,1,1,5,0.42645457969393247
415479,1,1,9,871.8667553770472
415480,1,1,4,0.42645458358136
415490,1,1,4,0.42645457969393247
415496,1,1,8,731.834369315889
415497,1,1,8,657.4963454024021
415503,1,1,9,500.9298617004744
415508,1,1,10,387.3351710135191
415517,1,1,9,530.1731893811835
415526,1,1,10,144.42566575523315
415527,1,1,10,718.9130427492636
415535,1,1,8,773.3011552271645
415538,1,1,1,541.6806537947165
415541,1,1,1,405.7502629092338
415571,1,1,8,459.76704694120076
415573,1,1,6,794.6372837825471
415585,1,1,6,790.377362643973
415593,1,1,4,0.42645458358136
415602,1,1,6,420.23642237404584
415603,1,1,8,286.05183055362187
415613,1,1,10,720.1660832206671
415618,1,1,4,0.42645458358136
415621,1,1,9,278.15481101952145
415623,1,1,2,476.5052471584409
415637,1,1,5,0.42645457969393247
415689,1,1,9,782.2620042543836
415693,1,1,9,867.27685903856
415694,1,1,6,623.0281141702492
415714,1,1,4,0.42645458358136
415715,1,1,10,297.3095947289729
415724,1,1,8,519.9981819722466
415733,1,1,1,239.65829800928253
415750,1,1,8,197.6841469879359
415769,1,1,5,0.42645457969393247
415777,1,1,8,762.5607419276846
415778,1,1,10,459.1918259100962
415779,1,1,4,0.42645458358136
415792,1,1,10,427.1645799027895
415793,1,1,8,716.583056852663
415804,1,1,5,0.42645457969393247
415805,1,1,9,750.7796673581058
415807,1,1,8,859.1067467022107
415811,1,1,8,543.3668017943434
415830,1,1,5,0.42645457969393247
415842,1,1,6,769.0408762868765
415851,1,1,5,0.42645457969393247
415855,1,1,5,0.42645457969393247
415856,1,1,9,346.24766390041407
415860,1,1,4,0.42645458358136
415869,1,1,10,669.3980716188893
415873,1,1,8,362.075839213684
415874,1,1,8,368.4400285095778
415896,1,1,7,58.5804151452486
415920,1,1,10,361.1651827738915
415921,1,1,5,0.42645457969393247
415930,1,1,2,417.81158337733876
415933,1,1,6,560.2807822163094
415934,1,1,3,89.86065434802363
415950,1,1,8,227.50807261556037
415951,1,1,3,91.69899327048203
415959,1,1,2,313.0771917804744
415989,1,1,9,861.7361184809967
415990,1,1,6,671.3858127851456
415993,1,1,4,0.42645458358136
416003,1,1,6,348.8614064427016
416004,0,1,0,0.11500936296853177
416007,0,1,0,0.08696266730847538
416018,1,1,2,138.30242528425606
416020,1,1,8,946.7505596432806
416021,1,1,4,0.42645458358136
416059,1,1,10,456.9623914547912
416067,1,1,5,0.42645457969393247
416103,1,1,8,170.83067772878914
416113,1,1,6,456.84377859555644
416116,1,1,6,731.2747880235025
416117,1,1,10,137.53214609311087
416135,1,1,6,787.464247955146
416141,1,1,7,167.63722148716303
416143,1,1,1,432.67317249193906
416154,1,1,4,0.42645458358136
416161,1,1,8,662.6698232247218
416199,1,1,3,77.33766216851699
416207,1,1,7,118.87772195164706
416210,1,1,1,737.7707221502573
416216,1,1,7,54.16946768157454
416225,1,1,6,511.34336803961133
416242,1,1,5,0.42645457969393247
416244,1,1,10,681.030385691095
416246,1,1,3,92.23313588664476
416249,1,1,9,590.6028613553683
416260,1,1,3,81.69865422259994
416275,1,1,10,530.5183343516402
416281,1,1,6,353.8058324702205
416287,1,1,9,647.3613632164083
416294,1,1,5,0.42645457969393247
416296,0,1,0,0.1162968065442128
416327,1,1,3,89.58588830567128
416330,1,1,10,458.70117089512576
416354,1,1,8,180.13780967690786
416358,1,1,4,0.42645458358136
416362,1,1,3,91.44076992983581
416367,1,1,8,354.49253471747153
416368,1,1,10,173.22482986697665
416379,1,1,4,0.42645458358136
416384,1,1,5,0.42645457969393247
416406,1,1,5,0.42645457969393247
416408,1,1,10,459.35186342403694
416422,0,1,0,0.11135920267488157
416424,1,1,4,0.42645458358136
416425,1,1,5,0.42645457969393247
416426,1,1,9,573.4768724280508
416475,1,1,9,86.80197179870578
416478,1,1,8,943.8662489306504
416515,1,1,9,210.25957009875935
416518,0,1,0,0.13992358290378767
416525,1,1,9,394.89438977937283
416527,1,1,8,840.7758333126297
416536,1,1,9,542.0157042227307
416539,1,1,9,595.0153343932608
416547,1,1,6,529.8155043602541
416549,1,1,6,758.187370298118
416554,1,1,2,369.6842711443306
416570,1,1,9,513.8888920033578
416573,1,1,5,0.42645457969393247
416585,1,1,8,149.67504099069862
416606,1,1,8,181.49179080800775
416625,1,1,1,673.7570737816503
416635,1,1,9,375.3380655015316
416645,1,1,4,0.42645458358136
416663,1,1,8,755.6916863740386
416666,1,1,9,715.0307499011071
416679,1,1,6,643.2161978124192
416682,1,1,5,0.42645457969393247
416691,1,1,3,91.66296793324469
416695,1,1,5,0.42645457969393247
416726,1,1,8,468.0851219061324
416749,0,1,0,0.12658717256880841
416754,1,1,5,0.42645457969393247
416760,1,1,6,640.0578173583127
416767,1,1,6,650.7709099117595
416785,1,1,4,0.42645458358136
416787,1,1,6,610.2646466998738
416797,1,1,8,491.6352440784616
416801,1,1,2,257.0236399221127
416813,1,1,8,780.5589248906247
416830,1,1,5,0.42645457969393247
416865,1,1,5,0.42645456789925423
416866,1,1,5,0.42645456789925423
416869,1,1,5,0.42645457969393247
416879,1,1,10,563.3232956297624
416881,1,1,10,645.6108245779219
416882,1,1,6,734.0711851981795
416904,1,1,8,164.31390221229762
416907,1,1,6,391.19468314136026
416938,1,1,8,564.9265896675458
416941,1,1,7,96.36136537263265
416954,1,1,8,776.0106535583615
416959,1,1,4,0.42645458358136
416963,1,1,6,386.0881765119293
416982,1,1,4,0.42645458358136
416995,1,1,8,430.61772579780103
417013,1,1,9,820.0146410160563
417015,1,1,1,304.9146780190247
417021,1,1,6,402.5376697323037
417030,1,1,6,617.0924441698112
417058,1,1,9,739.1282395580184
417065,1,1,5,0.42645457969393247
417078,1,1,6,789.7683955895507
417083,1,1,6,539.1537330201813
417097,1,1,6,719.9504784559526
417102,1,1,6,564.0452814581763
417105,1,1,3,89.64518393800768
417117,1,1,2,172.98310239829488
417126,1,1,6,400.53921779148544
417136,1,1,10,715.7555375435625
417147,1,1,3,82.21749019587897
417151,1,1,6,786.1542878952482
417180,1,1,9,443.2556235812016
417185,1,1,2,278.1240609683067
417192,1,1,6,257.42997692070634
417200,1,1,5,0.42645457969393247
417220,1,1,9,512.446811872271
417237,1,1,5,0.42645457969393247
417240,1,1,8,882.798861616689
417247,1,1,6,585.9903892834752
417252,1,1,9,246.7033667983856
417268,0,1,0,0.12221511867578097
417276,1,1,6,233.89662056597396
417277,1,1,1,334.2806184341429
417282,1,1,7,108.89688449337442
417283,1,1,5,0.42645457969393247
417286,1,1,9,778.2147629863507
417294,1,1,10,348.0620523037666
417298,1,1,5,0.42645457969393247
417313,1,1,6,629.1077368102931
417315,1,1,5,0.42645457969393247
417318,1,1,5,0.42645457969393247
417338,0,1,0,0.24072456790840716
417366,1,1,1,435.6451252964101
417385,1,1,9,785.791010133915
417395,1,1,8,550.4874590968284
417420,1,1,4,0.42645458358136
417425,1,1,1,176.98320313347142
417428,1,1,6,545.5777216652001
417433,1,1,1,239.21511467603503
417444,1,1,4,0.42645458358136
417446,1,1,6,746.4843375618398
417465,1,1,2,52.88287543706921
417494,1,1,5,0.42645457969393247
417498,1,1,2,73.42893449652534
417513,1,1,5,0.42645456789925423
417520,1,1,5,0.42645456789925423
417523,1,1,9,533.4217815526
417549,1,1,10,163.8166063633858
417551,1,1,6,449.67314736279695
417555,1,1,9,351.2553710582759
417556,1,1,8,421.35557164893
417562,1,1,7,76.8375500754197
417568,1,1,8,664.7124480753882
417579,1,1,8,311.88375631814705
417584,1,1,8,390.8715546974058
417596,1,1,4,0.42645458358136
417612,1,1,8,443.1648379640566
417619,1,1,2,276.0403261807216
417623,1,1,8,565.2187185792698
417624,1,1,8,627.1725920978542
417634,1,1,4,0.42645458358136
417646,1,1,2,349.4763360627104
417651,1,1,9,870.3340596051842
417702,1,1,8,780.0257515342241
417703,1,1,7,165.91675040113128
417722,1,1,10,515.5620346411638
417724,1,1,4,0.42645458358136
417741,1,1,3,90.76098971120967
417755,1,1,2,297.86151339569335
417771,1,1,5,0.42645457969393247
417777,1,1,9,273.9145336895397
417813,1,1,8,448.69134170726176
417831,1,1,4,0.42645458358136
417833,1,1,6,215.04648275954747
417837,1,1,4,0.42645458358136
417839,1,1,10,182.09285455530843
417841,1,1,10,292.48731772063115
417848,1,1,8,235.95894142981942
417874,1,1,8,497.8762528116388
417882,1,1,1,602.6177729389091
417884,1,1,6,629.2314106396177
417901,1,1,6,362.3126090971026
417919,1,1,6,497.86351551080054
417925,1,1,8,408.93846681915386
417926,1,1,5,0.42645457969393247
417935,1,1,6,554.0878864066146
417952,1,1,6,809.8985938963287
417956,1,1,5,0.42645457969393247
417957,1,1,2,374.637320252112
417962,1,1,5,0.42645457969393247
417978,1,1,4,0.42645458358136
417979,1,1,4,0.42645458358136
417981,1,1,5,0.42645457969393247
417992,1,1,6,441.82422488406075
417997,1,1,5,0.42645457969393247
418039,1,1,4,0.42645458358136
418051,1,1,5,0.42645457969393247
418074,1,1,9,830.2638832039306
418083,1,1,6,474.5353043763478
418101,1,1,2,388.2512684104527
418111,1,1,4,0.42645458358136
418118,1,1,4,0.42645458358136
418122,1,1,10,720.047269936527
418132,1,1,4,0.42645458358136
418138,1,1,3,52.66629502095141
418165,1,1,8,481.3324815371475
418170,1,1,10,437.8151889965818
418180,1,1,4,0.42645458358136
418189,1,1,8,169.64877287521787
418196,1,1,9,795.0140676592991
418198,1,1,4,0.42645458358136
418200,1,1,6,449.01969516870486
418201,1,1,1,180.91719975702244
418206,1,1,9,769.1214349929127
418217,1,1,9,817.8543559545751
418222,1,1,10,675.788096493185
418224,1,1,9,210.89033919817356
418227,1,1,9,278.32891971524134
418244,1,1,10,692.8498284470766
418255,1,1,8,729.214397401052
418263,1,1,1,426.1455834880941
418267,1,1,10,406.6845531771214
418268,1,1,3,70.30731406932104
418287,1,1,8,594.7534253840631
418297,1,1,5,0.42645457969393247
418301,1,1,5,0.42645457969393247
418309,1,1,10,263.5372360989478
418310,1,1,10,491.2724874593637
418319,1,1,9,281.49592885791606
418327,1,1,8,188.92101387590535
418349,1,1,5,0.42645457969393247
418389,1,1,9,694.6592698594984
418399,1,1,9,823.6827967540719
418402,1,1,9,817.8768698972797
418408,1,1,2,399.9977172979474
418411,1,1,6,749.2742409245934
418415,1,1,4,0.42645458358136
418421,1,1,9,557.4626872583426
418437,1,1,6,660.0651971089056
418445,1,1,6,276.22165265489605
418449,1,1,4,0.4264545919581291
418463,1,1,2,112.71903749167878
418464,1,1,9,652.3419253554431
418487,1,1,5,0.42645457969393247
418490,1,1,6,377.9593784653622
418499,1,1,4,0.42645458358136
418536,1,1,5,0.42645457969393247
418537,1,1,8,548.5864623049438
418541,1,1,10,457.72190249749735
418544,1,1,10,282.825365639377
418553,1,1,5,0.42645457969393247
418573,1,1,9,864.3316835357002
418574,1,1,10,577.9209981865124
418581,1,1,6,314.15291965700624
418585,1,1,9,492.55370348122256
418591,1,1,10,520.817024193654
418602,1,1,2,144.3099229043097
418612,1,1,4,0.42645458358136
418625,1,1,5,0.42645457969393247
418629,1,1,1,598.6244789372768
418636,1,1,3,80.56608995733096
418638,1,1,4,0.42645458358136
418652,1,1,10,715.6100254799394
418659,1,1,6,183.5714641895408
418668,1,1,5,0.42645457969393247
418677,1,1,2,448.78247127308464
418696,1,1,10,84.63514833609817
418711,1,1,10,696.7259341340897
418724,1,1,9,811.4178499010769
418726,1,1,6,257.54244908726287
418727,1,1,4,0.42645458358136
418733,1,1,9,578.9342177988772
418749,1,1,6,171.64981509436006
418753,1,1,5,0.42645456789925423
418765,1,1,6,528.3966377990522
418772,1,1,10,388.8024640791284
418805,1,1,9,22.05683072992081
418808,1,1,7,96.5664327534966
418815,1,1,5,0.42645457969393247
418819,1,1,7,103.64020366653467
418821,1,1,9,332.4651371977431
418825,1,1,4,0.42645458358136
418826,1,1,9,280.7879575949566
418828,1,1,10,535.4981398204886
418842,1,1,10,407.7432954637908
418874,1,1,5,0.42645457969393247
418883,1,1,4,0.42645458358136
418892,1,1,6,547.6168481212413
418933,1,1,1,378.7546495181335
418945,1,1,8,201.63791804012487
418946,1,1,1,405.19399545968344
418950,1,1,6,784.5824411031522
418965,1,1,7,130.68241676501444
418996,1,1,8,722.74896141825
419002,1,1,5,0.42645457969393247
419037,1,1,1,461.6598853977499
419053,1,1,7,155.96196747901968
419060,1,1,6,720.1193129743027
419061,1,1,9,359.59996255703436
419074,1,1,9,793.361287338496
419084,1,1,5,0.42645457969393247
419087,0,1,0,0.12320568143584118
419095,1,1,1,604.9105314863763
419112,1,1,5,0.42645457969393247
419119,1,1,4,0.4264545919581291
419125,1,1,2,320.732750611437
419152,1,1,6,222.86999594785087
419153,1,1,9,377.26109919808806
419161,1,1,9,649.137057853305
419189,1,1,6,593.6870790359659
419197,1,1,9,566.1125723500605
419200,1,1,8,724.3757903315101
419202,1,1,9,554.0318006024271
419212,1,1,6,527.2889817061518
419219,1,1,6,293.5953171612231
419233,1,1,5,0.42645457969393247
419235,1,1,4,0.42645458358136
419241,1,1,6,746.6125533562788
419254,1,1,9,546.0233767039522
419265,1,1,1,682.4308412514084
419271,1,1,6,730.5414850803927
419307,1,1,4,0.42645458358136
419358,1,1,10,723.3440515342671
419360,1,1,10,260.59167997090304
419363,1,1,4,0.42645458358136
419370,1,1,9,434.7273133569594
419378,0,1,0,0.1071794276137422
419383,1,1,9,394.3933999536982
419389,1,1,8,928.6937602785739
419393,1,1,5,0.42645457969393247
419396,1,1,9,46.35626316613921
419398,1,1,8,498.13398519512083
419399,1,1,7,49.61218261616972
419401,1,1,8,680.2539693059736
419403,1,1,8,469.9419853839911
419408,1,1,9,614.5587502097167
419440,1,1,5,0.42645456789925423
419474,1,1,3,93.1793902320422
419482,1,1,9,437.27906766704996
419497,1,1,9,577.6063425678242
419511,1,1,5,0.42645457969393247
419514,1,1,4,0.42645458358136
419534,1,1,5,0.42645457969393247
419535,1,1,8,777.3205542350776
419537,1,1,1,346.6841137092118
419548,1,1,8,629.6884965164344
419551,1,1,4,0.42645458358136
419552,1,1,7,92.7522254195737
419565,1,1,3,37.185583258195656
419568,1,1,3,68.61668349467213
419570,1,1,10,544.6265025830413
419572,1,1,4,0.42645458358136
419575,1,1,8,578.6947483042234
419581,1,1,5,0.42645457969393247
419591,1,1,6,790.2569250104068
419597,1,1,6,181.9689654633963
419601,1,1,3,47.47740697530859
419614,1,1,9,539.4088427298739
419620,1,1,3,90.5226315594193
419623,1,1,10,317.5531200947571
419629,1,1,4,0.42645458358136
419646,1,1,5,0.42645457969393247
419655,1,1,8,412.04862046096207
419664,1,1,5,0.42645457969393247
419666,1,1,4,0.42645458358136
419669,1,1,3,70.70877529285406
419680,1,1,3,90.86234872262384
419697,1,1,8,720.6631419469456
419698,1,1,5,0.42645456789925423
419701,1,1,10,716.6870811029196
419715,1,1,5,0.42645457969393247
419716,1,1,9,115.15521306725468
419730,1,1,9,868.581474536286
419732,1,1,7,120.54120839964187
419734,1,1,9,91.7994369334014
419756,1,1,3,89.86832711815434
419768,1,1,9,410.675704010696
419771,1,1,6,577.497058416451
419778,1,1,5,0.42645457969393247
419788,1,1,8,786.5386852085368
419791,1,1,10,180.2261749260885
419793,1,1,10,459.5342792505492
419798,1,1,9,672.966086731955
419800,1,1,7,68.7894077502607
419804,1,1,6,466.42386068142633
419818,1,1,8,268.34751750383674
419827,1,1,9,642.3617078890287
419831,1,1,9,675.5277602501278
419836,1,1,7,38.22106178519082
419838,1,1,8,286.1497433766674
419857,1,1,9,599.212767827859
419875,1,1,4,0.42645458358136
419897,1,1,8,617.273709291293
419899,1,1,6,725.1065367720018
419904,1,1,4,0.42645458358136
419910,1,1,8,286.6280289588197
419912,1,1,6,809.7246346586633
419916,1,1,1,456.7750089087472
419924,1,1,6,606.4252900747571
419928,0,1,0,0.24178728034413768
419939,1,1,9,865.6279538867464
419956,1,1,1,265.4196120985065
419960,1,1,2,281.1376967503081
419965,1,1,9,323.0751276895015
419975,1,1,5,0.42645457969393247
419979,1,1,1,467.3057989940483
419983,1,1,6,488.0761090994556
419985,1,1,8,237.7092766694997
419992,1,1,2,465.44767335320256
419998,1,1,4,0.42645458358136
420013,1,1,5,0.42645457969393247
420019,1,1,3,90.82850203966319
420021,1,1,5,0.42645457969393247
420059,1,1,6,659.6913508493133
420067,1,1,8,618.7155414158028
420077,1,1,4,0.42645458358136
420095,1,1,5,0.42645457969393247
420104,1,1,4,0.42645458358136
420116,1,1,9,561.5581074914538
420125,1,1,5,0.42645457969393247
420159,1,1,8,457.99175691274246
420161,1,1,10,272.83205470394694
420164,1,1,5,0.42645457969393247
420170,1,1,4,0.42645458358136
420178,1,1,5,0.42645457969393247
420195,1,1,4,0.42645458358136
420202,1,1,8,675.8284901481121
420231,1,1,10,271.2500040795148
420238,1,1,9,265.02963690995284
420239,1,1,6,744.2023013581147
420247,1,1,5,0.42645457969393247
420250,1,1,1,321.5230547046838
420253,1,1,8,438.5240627042639
420264,1,1,8,411.57695840997366
420265,1,1,6,509.7209334542045
420284,1,1,9,384.6280562441646
420292,1,1,8,906.9334365332983
420293,1,1,10,406.98037964708305
420301,1,1,6,246.4009444817403
420328,1,1,4,0.42645458358136
420333,1,1,2,137.82881879645745
420337,1,1,9,232.85244617378694
420343,1,1,9,546.9368876864644
420344,1,1,10,254.68884103927385
420351,1,1,4,0.42645458358136
420362,1,1,9,377.1617564195244
420375,1,1,5,0.42645457969393247
420380,1,1,10,422.7296446910607
420402,1,1,3,92.14531155274018
420404,1,1,7,67.83357345265694
420416,1,1,8,877.6697903077796
420421,1,1,10,566.9304823032214
420425,1,1,1,426.2144350900344
420430,1,1,6,421.8915114718667
420433,1,1,5,0.42645457969393247
420439,1,1,8,670.4421558841764
420443,1,1,3,92.10937417918463
420444,1,1,4,0.42645458358136
420449,1,1,10,443.8697975645196
420459,1,1,9,179.9033423425457
420460,1,1,10,143.0929243970521
420481,1,1,5,0.42645457969393247
420501,1,1,1,607.7385215258305
420505,1,1,9,721.0180690222967
420525,1,1,10,711.2239676914435
420533,1,1,6,556.341057198095
420536,1,1,9,378.56597174114626
420547,1,1,6,777.9714030562114
420555,1,1,9,591.8152687422381
420564,1,1,6,492.0231923224204
420569,1,1,5,0.42645457969393247
420582,1,1,6,711.1999593900943
420585,1,1,4,0.42645458358136
420588,1,1,5,0.42645457969393247
420599,1,1,7,118.74560020782586
420601,1,1,4,0.42645458358136
420621,1,1,5,0.42645457969393247
420624,1,1,9,863.957076758838
420634,1,1,8,303.9278206396675
420638,1,1,8,582.647313553981
420647,1,1,8,867.7736033312187
420659,1,1,6,592.543005421886
420662,1,1,1,221.44785904337039
420674,1,1,7,165.68247894973183
420680,1,1,5,0.42645457969393247
420682,1,1,9,811.4305150357219
420693,1,1,6,554.3009974989528
420695,1,1,2,373.24272422247736
420699,1,1,9,429.038553723932
420709,1,1,8,361.72458080413884
420710,1,1,6,607.0209752322513
420715,1,1,7,60.14420320835163
420718,1,1,6,752.2631008887454
420731,1,1,6,586.9769865688048
420732,1,1,2,210.84454998579886
420734,1,1,6,684.444914165621
420736,1,1,1,543.8458042132125
420786,1,1,8,720.1430713908154
420793,1,1,9,580.2356793233662
420794,1,1,10,332.71563758365767
420798,1,1,10,522.0173394896573
420801,1,1,1,546.1394776026234
420805,1,1,6,684.4321750877674
420833,1,1,3,81.4694015149657
420843,1,1,8,868.6688928896247
420862,1,1,5,0.42645457969393247
420873,1,1,4,0.42645458358136
420902,1,1,8,666.641965106678
420905,1,1,6,150.25932495997355
420909,1,1,9,281.0392144559803
420915,1,1,10,407.02278727941473
420938,1,1,4,0.42645458358136
420982,0,1,0,0.11613309474377868
420985,1,1,3,75.6062092987351
420986,1,1,1,560.3641733505168
420997,1,1,7,169.92511702356657
420999,1,1,9,523.1749301581182
421012,1,1,9,346.841350323989
421026,1,1,1,472.30288694185566
421032,1,1,5,0.42645457969393247
421041,1,1,9,786.1845701859838
421065,1,1,2,290.6944658125557
421067,1,1,6,271.87697955543786
421071,1,1,8,748.4571613286578
421074,1,1,1,618.8623422649528
421097,1,1,3,57.24473130530594
421124,1,1,1,709.4297242855064
421143,1,1,5,0.42645457969393247
421146,1,1,6,444.58602216347435
421147,1,1,10,583.8648869276861
421155,1,1,8,617.7041972276736
421175,1,1,6,790.3459365127056
421178,1,1,4,0.42645458358136
421199,1,1,1,252.99555929687858
421219,1,1,9,874.1935159396205
421220,1,1,8,831.3689749023507
421224,1,1,9,194.99131144634322
421246,1,1,8,628.7027311448136
421271,1,1,5,0.42645457969393247
421297,1,1,8,604.6840894884319
421298,1,1,8,656.2987043450808
421313,1,1,4,0.42645458358136
421327,1,1,4,0.42645458358136
421335,1,1,5,0.42645457969393247
421337,1,1,7,160.0010586901
421341,1,1,6,785.6924760964882
421350,1,1,8,719.9880661614242
421351,1,1,6,368.0557880664499
421356,1,1,8,563.3975128661217
421357,1,1,8,612.4848788631712
421358,1,1,9,611.467749935916
421369,1,1,9,839.821924962781
421391,1,1,5,0.42645457969393247
421392,1,1,9,821.9818062528165
421399,1,1,7,171.80898183767857
421406,1,1,10,427.15983520294344
421409,1,1,9,355.2745451538589
421414,1,1,5,0.42645457969393247
421422,1,1,7,164.1864302720413
421440,1,1,4,0.42645458358136
421455,1,1,9,328.4188487388337
421468,1,1,4,0.4264545919581291
421487,1,1,10,585.6685982603066
421492,1,1,4,0.42645458358136
421496,1,1,2,222.83363932215164
421504,1,1,5,0.42645457969393247
421512,1,1,8,163.2423468993484
421521,1,1,6,396.46256881746405
421554,1,1,8,644.6937844143304
421580,1,1,6,591.843054753174
421584,1,1,9,809.3774845399901
421595,1,1,9,880.1983178363012
421597,1,1,4,0.42645458358136
421604,1,1,4,0.42645458358136
421615,1,1,5,0.42645457969393247
421628,1,1,4,0.42645458358136
421638,1,1,3,85.28983829297708
421647,1,1,9,813.7069328692661
421652,1,1,8,330.37574874013063
421657,1,1,6,390.37719288304464
421675,1,1,6,688.4668066627098
421679,1,1,9,361.2229364932021
421682,1,1,8,682.2308582908397
421683,1,1,3,91.80264638654614
421685,1,1,6,423.30227746834476
421692,1,1,6,195.1635399901455
421701,1,1,8,412.2111202642749
421702,1,1,8,758.1682411093916
421733,1,1,9,865.4639361926291
421749,1,1,4,0.42645458358136
421760,1,1,9,258.33405773382106
421769,1,1,4,0.42645458358136
421774,1,1,8,307.61226667969737
421775,1,1,6,700.4274693624079
421786,1,1,6,123.71474835658569
421810,1,1,2,167.1430644692047
421819,1,1,9,219.04305698832496
421826,1,1,8,454.433087589922
421828,1,1,9,850.0984110612745
421851,1,1,7,144.02796478192295
421863,1,1,9,107.04574711638143
421869,1,1,8,848.400281191272
421876,1,1,6,688.2142889851859
421877,1,1,6,730.7161890898453
421880,0,1,0,0.19932396834361896
421884,1,1,9,644.9391721466642
421885,1,1,6,167.6131127692865
421888,1,1,8,887.9586993000933
421890,1,1,9,852.3169096930906
421903,1,1,4,0.42645458358136
421904,0,1,0,0.1761304080139731
421910,1,1,10,273.82540924339503
421932,1,1,10,139.20753306637604
421938,1,1,9,361.7009941366874
421943,1,1,4,0.42645458358136
421972,1,1,9,269.1008985544948
421975,1,1,2,391.73373618125083
421977,1,1,4,0.42645458358136
421984,1,1,9,376.4188055001243
421999,1,1,6,230.391749734902
422000,1,1,9,833.0416058831139
422024,1,1,10,138.7827923839046
422027,1,1,4,0.42645458358136
422028,1,1,8,614.6178697023159
422031,1,1,3,87.85643962419186
422035,1,1,6,407.014346060423
422043,1,1,10,163.85291814971876
422049,1,1,8,897.5886055608325
422098,1,1,9,387.4322340957065
422106,1,1,6,446.3452018826437
422121,1,1,2,366.7878852909623
422125,1,1,10,722.1310785611348
422126,1,1,4,0.42645458358136
422130,1,1,7,58.792650197210364
422141,1,1,9,731.4673591263587
422171,1,1,1,271.7470381464738
422186,1,1,9,862.6122198618052
422191,1,1,8,576.8032445157793
422195,1,1,7,86.28105241445756
422232,1,1,9,529.7885351181244
422237,1,1,10,559.5613538940778
422242,1,1,8,643.6268000183363
422245,1,1,5,0.42645457969393247
422251,1,1,5,0.42645457969393247
422254,1,1,2,335.5755349808577
422287,1,1,8,605.0364276118611
422290,1,1,8,177.0716755400008
422337,1,1,4,0.42645458358136
422342,1,1,2,307.92328025964997
422348,1,1,5,0.42645457969393247
422377,1,1,4,0.42645458358136
422378,1,1,9,886.4069897478344
422380,1,1,1,425.83622847551436
422381,1,1,8,618.3040107145071
422382,1,1,5,0.42645457969393247
422386,1,1,1,274.1130749162015
422387,1,1,10,459.26015606371067
422391,1,1,6,175.01630043600755
422437,1,1,5,0.42645457969393247
422443,1,1,7,55.71809350471584
422453,1,1,3,92.92251768870621
422478,1,1,9,404.61856796255165
422479,1,1,6,367.9667504413087
422480,1,1,9,554.9202595036032
422481,1,1,6,543.3358252577012
422487,1,1,6,702.3903474925305
422498,1,1,8,266.06263017576674
422500,1,1,6,329.3934818021089
422517,1,1,10,676.6332239175978
422540,1,1,10,380.2314789108911
422549,1,1,4,0.42645458358136
422555,1,1,7,167.36759017197699
422562,1,1,8,408.1662313702958
422577,1,1,10,323.42696873537454
422584,1,1,10,322.77440011913876
422601,1,1,6,793.3713510005953
422613,1,1,9,822.5372060275234
422624,1,1,9,778.4677814303932
422625,1,1,5,0.42645457969393247
422633,1,1,2,49.65342119736823
422642,1,1,7,60.191235488604086
422648,1,1,5,0.42645457969393247
422657,1,1,5,0.42645457969393247
422660,1,1,5,0.42645457969393247
422675,1,1,3,89.8456664072249
422687,1,1,4,0.42645458358136
422689,1,1,9,819.5164417522888
422690,1,1,1,279.0924030417513
422692,1,1,9,571.6029172355263
422696,1,1,5,0.42645456789925423
422705,1,1,1,578.6085861765407
422715,1,1,9,30.334190863951438
422730,1,1,9,124.13477514295431
422736,1,1,5,0.42645457969393247
422749,1,1,2,73.74789388681832
422750,1,1,9,582.5264858802536
422752,1,1,8,555.8106529102429
422760,1,1,2,387.68468882357587
422769,1,1,6,393.39307750988314
422795,1,1,5,0.42645457969393247
422814,1,1,4,0.42645458358136
422831,1,1,5,0.42645457969393247
422834,1,1,5,0.42645457969393247
422837,1,1,9,592.4206144440695
422842,1,1,7,76.16789066641184
422851,1,1,1,700.9894948305138
422859,1,1,4,0.42645458358136
422866,1,1,5,0.42645457969393247
422873,1,1,8,460.54663789491076
422885,1,1,2,64.43082090945897
422902,1,1,2,379.52595597172666
422908,1,1,4,0.42645458358136
422940,1,1,10,382.90583518843056
422941,1,1,2,474.59288068080247
422948,1,1,6,807.0888142621475
422949,1,1,9,759.152815756326
422956,1,1,9,27.50120148152536
422960,1,1,8,485.4661739557855
422961,1,1,5,0.42645457969393247
422976,1,1,9,535.0151151416654
422981,1,1,10,260.1371296807384
422987,1,1,8,246.87184303594495
422999,1,1,9,812.3881722664966
423001,1,1,8,921.4186123594985
423007,1,1,5,0.4901086390430734
423012,1,1,6,732.7980087803468
423013,1,1,4,0.42645458358136
423028,1,1,9,816.0135586885771
423035,1,1,10,526.0516250826786
423047,1,1,9,558.4930385891217
423089,1,1,8,612.1197188786917
423114,1,1,10,575.5259180829675
423115,1,1,4,0.42645457969393247
423125,1,1,8,717.2623395800695
423137,1,1,1,243.88548709034933
423140,1,1,10,459.8819325995658
423148,1,1,8,784.250786421169
423149,1,1,7,79.14227304812304
423162,1,1,9,426.87426159056446
423178,1,1,5,0.42645457969393247
423204,1,1,9,117.68943420210638
423206,1,1,10,455.51326901818874
423219,1,1,4,0.42645458358136
423232,0,1,0,0.13520634601693526
423266,1,1,8,799.9053447609612
423268,1,1,9,381.9635899941136
423275,1,1,6,406.48313314103365
423283,1,1,8,251.51848433834184
423290,1,1,5,0.42645457969393247
423303,1,1,9,887.2875484326388
423309,1,1,6,714.1914391943577
423352,1,1,6,779.3113743864659
423354,1,1,10,247.79538466590643
423364,1,1,1,626.9910616922008
423396,1,1,10,694.7442864045465
423398,0,1,0,0.12617542612151222
423403,1,1,8,875.8798211694419
423412,1,1,9,28.87089516358179
423443,1,1,9,540.6917462007767
423449,1,1,2,245.94925384622414
423450,1,1,4,0.42645458358136
423451,1,1,4,0.42645457969393247
423468,1,1,8,726.0010906099601
423482,1,1,3,48.3245225331196
423491,1,1,1,646.4634917225569
423492,1,1,8,385.2698697334636
423493,1,1,9,877.719645428719
423502,1,1,8,849.0797594649636
423509,1,1,9,726.4088762411623
423513,1,1,9,603.6785052536405
423518,1,1,5,0.42645457969393247
423552,1,1,6,347.5389343215336
423576,1,1,5,0.42645457969393247
423588,1,1,8,799.0740212389652
423598,1,1,5,0.42645457969393247
423610,1,1,9,534.4526141662254
423611,1,1,9,565.9089219198994
423619,1,1,10,722.4987222073473
423629,1,1,6,618.1698571151732
423649,1,1,9,834.756899532537
423669,1,1,9,859.7485295423432
423670,1,1,8,641.8673166116415
423677,1,1,4,0.42645458358136
423710,1,1,5,0.42645457969393247
423722,1,1,9,371.39537430673215
423726,1,1,5,0.42645456789925423
423735,1,1,5,0.42645457969393247
423741,1,1,5,0.42645457969393247
423745,1,1,5,0.42645457969393247
423769,1,1,8,821.569901955902
423784,1,1,6,268.3495869850696
423787,1,1,6,399.28727413832405
423793,1,1,9,860.0221315490815
423804,1,1,6,198.45509975427038
423805,1,1,10,720.9677094873591
423823,1,1,5,0.42645457969393247
423826,1,1,9,519.4012303570906
423827,1,1,9,73.64388474234121
423839,1,1,7,85.03321773936989
423849,1,1,8,368.669328140748
423850,1,1,8,269.34951221296484
423879,1,1,5,0.42645457969393247
423887,1,1,6,456.6488708085852
423888,1,1,9,51.433073612434335
423904,1,1,5,0.42645457969393247
423906,1,1,4,0.42645458358136
423914,1,1,5,0.42645457969393247
423921,1,1,5,0.42645457969393247
423931,1,1,5,0.42645457969393247
423950,1,1,4,0.42645458358136
423952,1,1,9,607.6344902260953
423954,1,1,9,573.1914267284945
423968,1,1,5,0.42645457969393247
423972,1,1,10,714.6203838366515
423980,1,1,1,550.6086013633941
423988,1,1,7,54.12692533918352
423996,1,1,2,236.1664685365897
424000,1,1,8,517.6272238095169
424004,1,1,7,85.19433081378277
424015,1,1,9,268.92834567039307
424021,1,1,3,91.8496055605986
424036,1,1,8,639.5646102596473
424050,1,1,8,808.2711739420153
424052,1,1,5,0.42645457969393247
424093,1,1,4,0.42645458358136
424105,1,1,6,782.6633985162662
424112,1,1,8,606.0593446883945
424115,1,1,4,0.42645458358136
424121,1,1,5,0.42645457969393247
424122,1,1,1,424.8610607534989
424150,1,1,9,70.44181337547067
424175,1,1,4,0.42645458358136
424178,1,1,3,58.25684531709091
424189,1,1,6,506.1763491353023
424207,1,1,8,176.08289698578366
424210,1,1,4,0.42645458358136
424214,1,1,5,0.42645457969393247
424215,1,1,6,758.3089882024718
424225,1,1,9,579.4668222751185
424253,1,1,3,90.95962247681638
424268,1,1,9,797.53249709838
424275,1,1,5,0.42645457969393247
424295,1,1,6,563.0682302359621
424298,1,1,4,0.42645458358136
424306,1,1,8,226.91304320443922
424309,1,1,1,229.60715070174675
424313,1,1,8,549.1682140581432
424326,1,1,9,814.9065398954818
424327,1,1,8,689.2323945168241
424332,1,1,9,183.10095924428867
424344,1,1,6,543.2388179274627
424365,1,1,8,528.2207530727015
424386,1,1,9,117.61470593548694
424455,1,1,9,338.62274150154286
424464,1,1,1,692.6187074397443
424467,1,1,5,0.42645457969393247
424473,1,1,9,243.06371515446608
424486,1,1,10,650.2122252986524
424492,1,1,6,732.1099244950309
424519,1,1,1,450.2278485092877
424538,1,1,9,619.5202641251426
424551,1,1,9,512.8802131095734
424552,1,1,5,0.42645457969393247
424583,1,1,2,303.1720701726948
424590,1,1,6,279.2330892549658
424596,1,1,5,0.42645457969393247
424599,1,1,5,0.42645457969393247
424653,1,1,9,788.9063712712335
424660,1,1,5,0.42645457969393247
424670,1,1,8,510.893819792629
424678,0,1,0,0.09792391926986843
424680,1,1,7,167.03890057059633
424693,1,1,5,0.42645457969393247
424728,1,1,9,600.8047053377795
424730,1,1,5,0.42645457969393247
424731,1,1,2,256.67785899200754
424758,1,1,9,827.9072962534127
424764,1,1,6,507.1776348655273
424775,1,1,8,465.1210682901207
424778,1,1,6,757.7427975659757
424808,1,1,9,865.6626981760418
424826,1,1,7,172.21685870169713
424829,1,1,4,0.42645458358136
424833,1,1,6,337.85445693656123
424844,1,1,9,859.7252512350967
424848,1,1,3,89.78916507446888
424850,1,1,9,378.7906497038911
424852,1,1,8,910.1360414974836
424869,1,1,5,0.42645457969393247
424893,1,1,4,0.42645458358136
424908,1,1,9,873.7697860383424
424933,1,1,4,0.42645458358136
424940,1,1,4,0.42645458358136
424951,1,1,4,0.42645458358136
424959,1,1,4,0.42645458358136
424966,1,1,8,777.8432616009262
424975,1,1,9,876.0734830590334
424985,1,1,1,318.66817650880955
424992,1,1,1,206.01737797461936
425000,1,1,4,0.42645458358136
425017,1,1,4,0.42645458358136
425036,1,1,9,883.0126817636032
425052,1,1,8,147.56161858542268
425072,1,1,8,514.8777318324005
425073,1,1,9,48.797478764501776
425082,1,1,10,660.9847292663084
425088,1,1,9,755.1331242743889
425101,1,1,9,209.60862107699757
425102,1,1,8,830.0617806990784
425105,1,1,6,606.1535235117947
425109,1,1,1,284.19159040380265
425118,1,1,5,0.42645457969393247
425132,1,1,1,210.17085020223612
425133,1,1,10,530.4179416475881
425137,1,1,9,216.86441314264331
425146,1,1,8,734.6150818438514
425149,1,1,2,366.4330372164743
425158,1,1,5,0.42645457969393247
425171,1,1,8,433.6622127296188
425179,1,1,4,0.42645458358136
425220,1,1,4,0.42645458358136
425221,1,1,2,468.274411612794
425229,1,1,6,724.3026316767217
425230,1,1,2,169.5734614180116
425263,1,1,7,172.92256135029862
425275,1,1,5,0.42645457969393247
425279,1,1,6,304.6828779695371
425281,1,1,8,291.6441293590912
425293,1,1,4,0.42645458358136
425296,1,1,1,362.4318722013177
425306,1,1,1,482.34547447797996
425309,1,1,8,310.070785835433
425315,1,1,9,861.8231897656149
425330,1,1,8,576.1044694654723
425333,1,1,2,175.534520637824
425338,1,1,6,796.9452571253707
425342,1,1,10,255.27247095061563
425348,1,1,8,847.8059683781995
425366,1,1,6,476.7061687444845
425372,1,1,6,495.3176067271014
425373,1,1,6,714.3846167584385
425396,1,1,9,631.9546407604574
425436,1,1,8,868.9556494511759
425440,1,1,10,694.3816358476589
425449,1,1,9,893.1023740904917
425454,1,1,1,544.6622482366811
425464,1,1,4,0.42645458358136
425482,1,1,4,0.42645458358136
425487,1,1,9,878.0370542183216
425514,1,1,5,0.42645457969393247
425515,1,1,8,214.52081564671406
425517,1,1,5,0.42645457969393247
425519,1,1,8,122.89936166008027
425521,1,1,8,899.1938830221337
425523,1,1,5,0.42645457969393247
425525,1,1,4,0.42645458358136
425535,1,1,4,0.42645458358136
425539,1,1,3,77.9642564406089
425542,1,1,1,752.8676308305061
425559,1,1,9,509.941844006887
425561,0,1,0,0.16550045903694668
425572,1,1,5,0.42645457969393247
425574,1,1,9,422.1684649369601
425575,1,1,8,658.405054133389
425576,1,1,10,510.38816145402933
425588,1,1,8,171.4376869937763
425592,1,1,6,323.82538873488187
425595,1,1,3,36.00880132570693
425596,1,1,2,284.5640466369915
425649,1,1,10,678.9685162881906
425681,1,1,8,317.37879827634004
425687,1,1,5,0.42645457969393247
425689,1,1,4,0.42645458358136
425695,1,1,8,871.161379016953
425703,1,1,6,807.5920863360021
425723,1,1,9,785.3802738050756
425730,1,1,9,866.8764974178816
425734,1,1,7,137.8229388288527
425746,1,1,5,0.42645457969393247
425776,1,1,6,561.9509874575052
425787,1,1,9,275.30029456034
425796,1,1,10,225.77421296531026
425801,1,1,4,0.42645458358136
425803,1,1,9,812.6633220622108
425818,1,1,5,0.42645457969393247
425824,1,1,9,695.9574848603734
425830,1,1,9,557.3069644117151
425839,1,1,4,0.42645458358136
425846,1,1,4,0.42645458358136
425855,1,1,8,723.219020866454
425860,1,1,6,449.8089432453127
425886,1,1,9,201.93409555363698
425888,1,1,5,0.42645457969393247
425890,1,1,2,348.5922507426477
425893,1,1,6,334.9301331222744
425901,1,1,4,0.42645458358136
425912,1,1,5,0.42645457969393247
425942,1,1,6,232.43649688904438
425985,1,1,4,0.42645458358136
425991,1,1,9,287.7005402370605
426010,1,1,8,497.60280446757736
426012,1,1,4,0.42645458358136
426045,1,1,8,766.8788002428633
426063,1,1,9,725.598208125949
426068,1,1,5,0.42645457969393247
426092,1,1,4,0.42645458358136
426094,1,1,4,0.42645458358136
426168,1,1,8,690.6588066904216
426195,1,1,8,197.10900291537834
426199,1,1,6,399.90704632093684
426204,1,1,5,0.42645457969393247
426207,1,1,6,449.1976504267303
426216,1,1,6,519.9021536389089
426221,1,1,5,0.42645457969393247
426271,1,1,10,547.1510321924594
426277,1,1,7,96.10425171356137
426299,1,1,5,0.42645457969393247
426300,1,1,6,497.09064114007856
426312,1,1,1,219.52961089677336
426326,1,1,10,382.9139542832226
426330,1,1,4,0.42645458358136
426334,1,1,6,556.6274755844393
426348,1,1,1,647.9949070373636
426386,1,1,1,171.25774078641808
426389,1,1,6,751.8188127237416
426391,1,1,2,265.744814709839
426397,1,1,6,783.0880365854489
426408,1,1,9,571.7736671791109
426437,1,1,9,810.3075413102714
426439,1,1,5,0.42645457969393247
426451,1,1,5,0.42645457969393247
426453,1,1,6,588.0313311811047
426454,1,1,10,506.6951030465781
426462,1,1,8,522.3517629554693
426475,1,1,4,0.42645458358136
426487,1,1,8,780.4152137241299
426509,1,1,8,946.3284866013774
426510,1,1,8,549.7306944093559
426511,1,1,9,486.0116569038662
426512,1,1,9,871.4070171095958
426526,1,1,8,177.3603114584003
426531,1,1,6,496.212133954045
426546,1,1,5,0.42645457969393247
426552,1,1,5,0.42645457969393247
426554,1,1,5,0.42645457969393247
426560,1,1,6,623.7301550402383
426568,1,1,3,92.75907587539413
426588,1,1,3,90.09759112171858
426590,1,1,1,710.966301692829
426602,1,1,5,0.42645457969393247
426607,1,1,1,300.8776581901628
426609,1,1,4,0.42645458358136
426611,1,1,4,0.42645458358136
426613,1,1,9,367.7460538779929
426621,1,1,4,0.42645458358136
426650,1,1,1,610.1992853271289
426657,1,1,8,606.1798278534859
426659,1,1,6,390.25528111970914
426660,1,1,7,172.79516681233545
426670,1,1,8,740.1263283928506
426675,1,1,8,683.4830298269363
426680,1,1,2,372.7010833894223
426686,1,1,9,414.2347853730406
426688,1,1,4,0.42645458358136
426699,1,1,5,0.42645457969393247
426704,1,1,10,200.94163825858155
426716,1,1,9,498.68759029496675
426725,1,1,3,91.64527083477901
426734,1,1,9,644.3044330803461
426740,1,1,6,565.7030303306722
426743,1,1,9,213.1061073496603
426746,1,1,7,60.31631559513101
426749,1,1,9,825.2341523011232
426763,1,1,2,355.62777112360305
426766,1,1,6,431.183669382331
426774,1,1,10,144.45792799416486
426782,1,1,8,549.5283525139454
426783,1,1,6,661.2337019754692
426794,1,1,6,232.41580048490567
426804,1,1,1,527.681067751316
426806,1,1,7,138.78160247278916
426829,1,1,9,594.0332170540287
426844,1,1,4,0.42645458358136
426847,1,1,6,784.1651145079851
426863,0,1,0,0.10915775687521431
426877,1,1,5,0.42645457969393247
426879,1,1,5,0.42645457969393247
426883,1,1,9,885.3734692272831
426896,1,1,3,50.71092277009441
426900,1,1,10,427.90780066026355
426918,1,1,9,244.32845122224646
426920,1,1,8,474.42318997647175
426929,1,1,1,428.955547326851
426932,1,1,9,511.88234680817857
426937,1,1,7,127.12456491357764
426953,1,1,3,85.02393941822953
426967,1,1,8,633.6989722569283
426977,1,1,9,235.45804314324235
426990,1,1,4,0.42645458358136
426998,1,1,3,87.867497451295
427001,1,1,5,0.42645457969393247
427019,1,1,10,389.12273074300924
427059,1,1,8,380.6051664125298
427063,1,1,3,92.19980256205292
427082,1,1,2,447.73735909988494
427092,1,1,9,786.2003304221118
427097,1,1,9,430.23112400502924
427110,1,1,10,453.88527974100595
427119,1,1,10,299.3187160287153
427121,1,1,4,0.42645458358136
427124,1,1,9,509.05422371780975
427129,1,1,6,529.8328837791985
427155,1,1,1,170.0224174790539
427172,1,1,8,726.7140593129744
427192,1,1,4,0.42645458358136
427197,1,1,10,421.7358223717851
427204,1,1,8,740.9825706050727
427212,1,1,4,0.42645458358136
427214,1,1,10,440.94729827624906
427217,1,1,1,686.7128824481008
427222,1,1,7,81.08091180529965
427233,1,1,4,0.42645458358136
427235,1,1,9,191.62553456733903
427245,1,1,9,813.1117574516284
427248,1,1,8,645.6195356285984
427259,1,1,1,241.1603973283201
427307,1,1,10,159.91965885206656
427308,1,1,8,350.22763994630026
427311,1,1,7,146.1365378240473
427323,1,1,10,498.927500698031
427338,1,1,7,91.65122220176848
427340,1,1,3,36.42349978038423
427347,1,1,8,612.6757218545383
427367,1,1,8,424.460860487609
427377,1,1,9,874.1383711259881
427393,1,1,9,474.77119901480893
427403,1,1,10,387.05715545253236
427407,1,1,9,885.7647745175738
427425,1,1,9,723.3241802442852
427426,1,1,4,0.42645458358136
427454,1,1,6,540.8296319009171
427473,1,1,8,714.6570620482695
427481,1,1,10,460.8839043854021
427488,1,1,10,689.3383284762991
427492,1,1,6,252.56367633734556
427509,1,1,8,458.4896802118441
427520,1,1,9,845.8397917856204
427529,1,1,6,745.7787777861964
427561,1,1,5,0.42645457969393247
427593,1,1,2,165.42950139685075
427599,1,1,8,361.9979071078851
427608,1,1,8,777.7304006037413
427623,1,1,4,0.42645458358136
427627,1,1,4,0.42645458358136
427638,1,1,7,66.25264356527256
427649,1,1,9,861.5676061375806
427650,1,1,1,759.5439049360158
427680,1,1,8,878.0895054266385
427690,1,1,5,0.42645457969393247
427705,1,1,8,575.3652964727365
427708,1,1,4,0.42645458358136
427723,1,1,8,268.23349788870115
427737,1,1,10,652.5848468467827
427743,1,1,9,659.9347023779486
427749,1,1,9,467.7312964658008
427767,1,1,6,513.9221747629374
427779,1,1,8,177.0246183231186
427780,1,1,1,435.6738797150479
427786,1,1,4,0.4264545919581291
427787,1,1,1,202.6603263786101
427789,1,1,4,0.42645458358136
427805,1,1,5,0.42645457969393247
427810,1,1,10,131.69825769829245
427818,1,1,9,686.2121668685934
427822,1,1,5,0.42645457969393247
427860,1,1,9,407.5477177187335
427890,1,1,4,0.42645458358136
427891,1,1,8,928.8839832654925
427896,1,1,5,0.42645457969393247
427901,1,1,4,0.42645458358136
427929,1,1,10,718.870065040257
427935,1,1,10,489.0985162239198
427938,1,1,6,326.49027868160346
427962,1,1,9,801.5342499783965
427970,1,1,7,161.63706534996885
427992,1,1,4,0.42645458358136
428022,1,1,5,0.42645457969393247
428024,1,1,5,0.42645457969393247
428026,1,1,9,560.6262376703895
428034,1,1,1,276.77293057258237
428035,1,1,2,119.45771957523458
428038,1,1,1,444.4826334815602
428044,1,1,5,0.42645457969393247
428093,1,1,10,720.9196592502716
428124,1,1,10,534.73671808488
428128,1,1,9,418.1790781804995
428138,1,1,10,371.85417627481326
428145,1,1,10,148.47318634334792
428166,1,1,8,449.97607687792447
428167,1,1,1,512.8340768818737
428194,1,1,10,260.17007155404826
428206,1,1,10,718.6641307417497
428213,1,1,3,92.38535691664711
428215,1,1,9,498.8614249433428
428218,0,1,0,0.1416477500974104
428225,1,1,8,356.8026488131875
428246,1,1,10,84.2922269662435
428247,1,1,3,85.59318774381896
428249,1,1,8,567.3080772930474
428281,1,1,1,151.05702659258247
428282,1,1,6,559.1594879700001
428287,1,1,5,0.42645457969393247
428296,1,1,10,647.1167020905184
428309,1,1,6,762.9301796662601
428315,1,1,4,0.42645458358136
428317,1,1,7,119.36921190873149
428318,1,1,8,444.8419906057664
428337,1,1,10,721.7166048394756
428341,1,1,8,593.9340661243942
428361,1,1,6,738.6371335795205
428362,1,1,9,751.3564077584197
428396,1,1,7,19.47929012353369
428427,1,1,5,0.42645457969393247
428437,1,1,8,614.5604905785672
428439,1,1,9,571.6196318395366
428451,1,1,9,726.2449353219889
428463,1,1,9,358.7669989429874
428464,1,1,9,456.93052935470405
428471,1,1,9,767.5752760098119
428472,1,1,5,0.42645457969393247
428473,1,1,6,436.6514965458069
428474,1,1,9,534.3413437914551
428497,1,1,1,427.66226640843297
428504,1,1,8,453.75774711799835
428517,1,1,8,451.4609374674671
428522,1,1,7,170.46234175012754
428524,1,1,6,732.8182676399342
428551,1,1,6,259.9517649289665
428555,1,1,9,583.24827954099
428561,1,1,10,623.9315973960377
428573,1,1,1,729.4547449882883
428579,1,1,8,781.9984784769083
428603,1,1,4,0.42645458358136
428604,1,1,1,178.79882757651345
428633,1,1,10,399.8370397043059
428635,1,1,9,520.962831922907
428639,1,1,5,0.42645457969393247
428644,1,1,5,0.42645457969393247
428654,1,1,6,608.0142535391341
428659,1,1,8,457.9168752549805
428664,1,1,1,498.3119294557857
428675,1,1,8,519.161839622005
428678,1,1,4,0.42645458358136
428684,1,1,1,652.7375439205289
428692,1,1,5,0.42645457969393247
428717,1,1,6,629.8507564523564
428725,1,1,9,498.23968332158364
428729,1,1,5,0.42645457969393247
428746,1,1,8,138.82129952556377
428753,1,1,6,477.01079514983957
428762,1,1,7,172.5639615920643
428780,1,1,2,379.1256647899413
428781,1,1,6,735.758546315595
428783,1,1,6,331.7736915498798
428790,1,1,5,0.42645456789925423
428812,1,1,10,179.51843857970536
428815,1,1,1,303.8308369180583
428840,1,1,5,0.42645457969393247
428865,1,1,3,84.07701446385607
428884,1,1,7,163.52557487130917
428894,1,1,8,157.8201209771581
428910,1,1,4,0.42645458358136
428911,1,1,4,0.42645458358136
428921,1,1,4,0.42645458358136
428924,1,1,4,0.42645458358136
428927,1,1,9,374.7233058457219
428928,1,1,5,0.42645457969393247
428942,1,1,1,631.5987427389443
428953,1,1,6,230.41444600484542
428975,1,1,9,412.3512913934262
428981,1,1,8,719.9999950308945
428998,1,1,4,0.42645458358136
429005,1,1,8,557.4613768412988
429008,1,1,8,193.47875462780567
429016,1,1,5,0.42645457969393247
429030,1,1,6,390.126378597937
429050,1,1,1,742.0756504156336
429057,1,1,8,164.22312825620145
429087,1,1,5,0.42645457969393247
429090,1,1,6,781.8963303133229
429093,1,1,5,0.42645457969393247
429100,1,1,9,396.9924604613572
429103,1,1,10,608.8144969600608
429112,1,1,6,706.8628577902546
429127,1,1,8,706.8770531749226
429136,1,1,6,772.3306591462845
429161,1,1,8,302.5300808999428
429167,1,1,10,256.8465626303902
429209,1,1,4,0.42645458358136
429215,1,1,3,89.92874743946008
429247,1,1,4,0.42645458358136
429266,1,1,6,407.2356259692063
429277,1,1,9,862.3057151964181
429292,1,1,5,0.42645457969393247
429295,1,1,5,0.42645457969393247
429299,1,1,9,258.479493089384
429325,1,1,4,0.42645458358136
429326,1,1,8,752.4812487479762
429335,1,1,10,252.56563801549254
429344,1,1,2,484.9490465153276
429346,1,1,6,804.624803526193
429361,1,1,1,628.4060643196121
429364,1,1,9,835.7262211251335
429366,1,1,10,254.99267280509895
429390,1,1,10,647.873200682132
429405,1,1,10,680.4493839405787
429413,1,1,9,296.8814321559655
429426,1,1,5,0.42645457969393247
429438,1,1,9,832.9702940594768
429442,1,1,10,720.1177011770221
429464,1,1,9,789.4165460382499
429512,1,1,8,731.9124973928568
429515,1,1,5,0.42645457969393247
429532,1,1,6,547.5022883208838
429545,1,1,1,747.0685716582657
429547,1,1,8,726.1559042310002
429549,1,1,8,596.133952502842
429553,1,1,10,644.8653011925587
429558,1,1,6,169.40196534711527
429570,1,1,10,501.27559617060587
429587,1,1,4,0.42645458358136
429588,1,1,6,797.4479719288244
429590,1,1,10,337.2485876552368
429611,1,1,7,82.42419513897785
429615,1,1,5,0.42645457969393247
429620,1,1,10,680.251350970504
429627,1,1,9,118.8539031388067
429636,1,1,4,0.42645458358136
429658,1,1,9,462.43446934168463
429660,1,1,9,825.8155825486124
429679,1,1,1,313.4781557458536
429692,1,1,9,819.3909912040062
429694,1,1,4,0.42645458358136
429700,1,1,9,759.3471915618136
429708,1,1,9,296.7003982005165
429710,1,1,5,0.42645457969393247
429712,1,1,5,0.42645457969393247
429714,1,1,4,0.42645458358136
429722,1,1,4,0.42645458358136
429734,1,1,10,681.564270435858
429757,1,1,10,575.7971681784262
429763,1,1,9,695.348065847473
429764,1,1,3,91.43996510720898
429771,1,1,6,336.77944641079085
429776,1,1,2,454.78015600938005
429802,1,1,7,80.7555976678899
429806,1,1,3,92.92812332037236
429843,1,1,8,760.0300893654752
429854,1,1,9,884.1311029475802
429855,1,1,10,459.02404772529883
429873,1,1,5,0.42645456789925423
429882,1,1,5,0.42645456789925423
429887,1,1,2,421.68044959665514
429896,1,1,5,0.42645457969393247
429901,1,1,5,0.42645457969393247
429903,1,1,1,430.55382355195223
429910,1,1,6,462.42623913120366
429917,1,1,5,0.42645457969393247
429921,1,1,10,438.26992416767905
429925,1,1,5,0.42645457969393247
429945,1,1,6,734.2583610850982
429959,1,1,8,486.997008113123
429966,1,1,5,0.42645457969393247
429967,1,1,6,556.4193434344751
429970,1,1,5,0.42645457969393247
429975,1,1,4,0.42645458358136
429981,1,1,7,93.59946200894893
430003,1,1,2,375.4251300282942
430018,1,1,2,124.48677711969376
430020,1,1,10,279.08101477489606
430023,1,1,10,562.2039417496046
430035,1,1,8,590.2763542458766
430042,1,1,4,0.42645458358136
430058,1,1,9,822.2613059643865
430067,1,1,4,0.42645458358136
430072,1,1,4,0.42645458358136
430083,1,1,1,628.7397163010702
430084,1,1,10,291.68470040120417
430088,1,1,2,212.63270575345985
430092,1,1,1,522.1606297252351
430133,1,1,2,84.72566414304056
430146,1,1,2,439.4117459454096
430169,1,1,2,96.76495431088672
430202,1,1,8,357.6332034398695
430218,1,1,5,0.42645457969393247
430230,1,1,4,0.42645458358136
430238,1,1,9,868.0964124756769
430261,1,1,4,0.42645458358136
430303,1,1,9,868.5544669946589
430304,1,1,9,429.18601048651504
430305,1,1,4,0.42645458358136
430310,1,1,3,88.61958981289041
430315,1,1,10,460.7173338084268
430316,1,1,7,94.5516898626291
430322,1,1,6,542.824970822987
430325,1,1,10,387.67507145146726
430329,1,1,6,791.6147324963664
430343,1,1,5,0.42645457969393247
430344,1,1,5,0.42645457969393247
430353,1,1,6,574.9284576945856
430361,1,1,6,580.1994587930647
430362,1,1,5,0.42645457969393247
430370,1,1,6,581.393346232278
430386,1,1,9,538.8396569804797
430391,1,1,1,343.2957298327206
430394,1,1,8,187.24381658647926
430395,1,1,1,280.90793008295947
430397,1,1,5,0.42645457969393247
430399,1,1,9,481.2426237912509
430401,1,1,9,884.6465304754342
430416,1,1,4,0.42645458358136
430447,1,1,6,778.2329223783961
430451,1,1,4,0.42645458358136
430455,1,1,8,760.7340363769916
430483,1,1,6,491.603861987204
430506,1,1,5,0.42645456789925423
430509,1,1,1,406.3982911562762
430510,1,1,10,409.25106910009
430516,1,1,8,404.14457798723475
430517,1,1,5,0.42645457969393247
430521,1,1,5,0.42645457969393247
430548,1,1,4,0.42645458358136
430551,1,1,9,715.2769546761209
430570,1,1,6,638.7520249117179
430576,1,1,1,352.06530790313167
430582,1,1,1,544.3793880882258
430586,1,1,9,526.8691791465237
430600,1,1,5,0.42645457969393247
430602,1,1,1,460.6823475120164
430604,1,1,5,0.42645457969393247
430606,1,1,3,88.67209843972302
430607,1,1,2,328.75083444947484
430609,1,1,6,191.3029797629586
430610,1,1,10,308.80597518099984
430611,1,1,1,740.8164761822884
430615,1,1,1,393.1431083882704
430620,1,1,10,539.4920839497582
430637,1,1,1,482.385618093479
430641,1,1,1,337.72626994109976
430642,1,1,9,580.9228340876625
430644,1,1,1,676.1517735444319
430660,1,1,8,762.1226937924293
430684,1,1,1,659.5179848627326
430689,1,1,5,0.42645457969393247
430707,1,1,4,0.42645458358136
430713,1,1,4,0.42645458358136
430737,1,1,5,0.42645456789925423
430756,1,1,8,868.7872230683887
430764,1,1,9,238.2973627728154
430768,1,1,4,0.42645458358136
430780,1,1,10,409.66797408459684
430785,1,1,4,0.42645458358136
430797,1,1,8,168.7569570127815
430804,1,1,5,0.42645457969393247
430805,1,1,9,300.92011149579525
430806,1,1,4,0.42645458358136
430830,1,1,4,0.42645458358136
430842,1,1,8,907.797014403664
430855,1,1,4,0.42645458358136
430858,1,1,9,792.2767047947925
430864,1,1,9,762.1953475786462
430877,1,1,6,783.7159732892595
430878,1,1,10,284.5186336526257
430886,1,1,8,461.3131013243412
430897,1,1,4,0.42645458358136
430900,1,1,5,0.42645457969393247
430915,1,1,9,380.84605170891626
430917,1,1,2,106.99824110055408
430919,1,1,6,352.56459288238443
430923,1,1,9,687.2439069786541
430929,1,1,6,721.6350176226008
430937,1,1,10,158.31976997126776
430941,1,1,10,610.5018335108182
430944,1,1,10,433.00095054737125
430969,1,1,9,273.7462334595412
430978,1,1,9,514.290802354676
430979,1,1,6,747.8179504690605
430992,1,1,6,554.1523912422015
430998,1,1,8,698.6224858608081
431004,1,1,1,238.13974285100784
431018,1,1,8,810.5662018140397
431027,1,1,10,421.08366727790155
431033,1,1,4,0.42645458358136
431034,1,1,9,520.5679572316383
431047,1,1,4,0.42645458358136
431061,1,1,5,0.42645457969393247
431062,1,1,3,81.33101688328787
431063,1,1,1,428.78405304930124
431075,1,1,5,0.42645457969393247
431083,1,1,9,70.19574243777097
431106,1,1,9,459.85490374305016
431107,1,1,9,863.5737832587394
431121,1,1,1,229.72111453777967
431131,1,1,7,25.287653616874337
431134,1,1,6,721.6750027464886
431150,1,1,3,85.66030276423147
431152,1,1,6,419.1760901013154
431153,1,1,10,570.6940385595964
431160,1,1,8,659.2686531574385
431167,1,1,6,363.2930366325984
431197,1,1,3,53.61786115121545
431228,1,1,9,608.5513424441056
431258,1,1,9,416.6573374730134
431268,1,1,4,0.42645458358136
431269,1,1,9,761.7584873114308
431277,1,1,6,724.2593981744557
431321,1,1,5,0.42645457969393247
431324,1,1,10,502.8345689157217
431326,1,1,4,0.42645458358136
431344,1,1,4,0.42645458358136
431347,1,1,6,373.2175712224263
431355,1,1,8,596.5994161613946
431376,1,1,8,903.0250232920323
431380,1,1,9,287.90582831175317
431382,1,1,8,535.8307442631971
431390,1,1,10,650.5527967834643
431392,1,1,4,0.42645458358136
431411,1,1,8,704.4236119711559
431413,1,1,9,662.1104526233655
431416,1,1,4,0.42645458358136
431435,1,1,10,407.829498256067
431452,1,1,5,0.42645457969393247
431464,1,1,5,0.42645457969393247
431470,1,1,9,277.1170452826524
431486,1,1,8,443.87957162244334
431501,1,1,6,721.8663553916803
431517,1,1,6,650.5858591631192
431518,1,1,8,662.4114560395707
431525,1,1,8,562.7678578248352
431540,1,1,8,213.3766856506876
431546,1,1,7,114.18332008914673
431548,1,1,5,0.42645457969393247
431560,1,1,5,0.42645457969393247
431567,1,1,5,0.42645457969393247
431570,1,1,4,0.42645458358136
431583,1,1,10,696.4512529976353
431586,1,1,8,365.6225288734122
431588,1,1,5,0.42645457969393247
431624,1,1,5,0.42645457969393247
431632,1,1,9,735.6136637686685
431636,1,1,6,748.9276058802291
431649,1,1,8,711.8081879036523
431676,1,1,6,790.2707177714867
431690,1,1,9,700.2083336144236
431692,1,1,9,533.0208288598136
431693,1,1,7,73.66013673964119
431710,1,1,9,735.7791757236255
431721,1,1,5,0.42645457969393247
431733,1,1,10,335.3859774398565
431740,1,1,8,186.72370665971115
431745,1,1,5,0.42645457969393247
431780,1,1,9,759.358803887511
431789,1,1,4,0.42645458358136
431797,1,1,7,149.8025311084407
431798,1,1,6,806.8084135837847
431803,1,1,4,0.42645458358136
431818,1,1,8,873.732495317742
431827,1,1,5,0.42645457969393247
431841,1,1,4,0.42645458358136
431843,1,1,4,0.42645458358136
431846,1,1,8,474.92448161083024
431868,1,1,7,112.22244379611324
431896,1,1,9,708.3159494442859
431900,1,1,8,821.1877908228868
431910,1,1,7,153.30066832953
431913,1,1,10,719.022087589621
431915,1,1,2,426.500048618246
431918,1,1,5,0.42645457969393247
431929,1,1,3,47.462119932941825
431935,1,1,6,758.282543275137
431941,1,1,4,0.42645458358136
431948,1,1,10,636.0561416793762
431953,1,1,5,0.42645457969393247
431957,1,1,7,77.1370828536118
431974,1,1,9,514.9091274519204
431976,1,1,4,0.4264545919581291
431977,1,1,7,63.521005505672534
431979,1,1,5,0.42645457969393247
431982,1,1,8,735.8772273594749
431991,1,1,9,882.3286435477617
432004,1,1,9,615.031362248734
432005,1,1,6,672.9104793900934
432009,1,1,8,190.21635796258383
432021,1,1,8,936.5440756930394
432030,1,1,8,560.5481950437828
432044,1,1,6,558.8294598734783
432049,0,1,0,0.1141724064314257
432078,1,1,8,941.4360534436158
432090,1,1,9,467.1648424299233
432095,1,1,6,138.6670448488511
432121,1,1,4,0.42645458358136
432126,1,1,10,361.71305346252655
432140,1,1,3,78.09784145473661
432154,1,1,2,446.40173284881405
432159,1,1,9,865.0306568771636
432162,1,1,10,719.343388466968
432172,1,1,4,0.42645458358136
432182,1,1,10,167.16575513212592
432186,1,1,4,0.42645458358136
432191,1,1,6,230.69674928676156
432192,1,1,6,467.0225438671865
432196,1,1,9,334.0727547901344
432197,1,1,5,0.42645457969393247
432204,1,1,5,0.42645457969393247
432238,1,1,5,0.42645457969393247
432265,1,1,5,0.42645457969393247
432270,1,1,6,137.2572059379796
432276,1,1,8,626.1906788413302
432283,1,1,8,760.7607635981783
432298,1,1,4,0.42645458358136
432311,1,1,9,61.10197941238602
432335,1,1,6,798.8968769065252
432347,1,1,8,421.3172579916952
432385,1,1,6,787.4348146006096
432389,1,1,6,217.46210532981206
432397,1,1,7,173.40970347880946
432398,1,1,8,801.7685090042087
432423,1,1,9,525.8338053939023
432430,1,1,10,199.0210740805942
432434,1,1,9,863.6789865458724
432440,1,1,9,844.3207800695762
432449,1,1,5,0.42645457969393247
432450,1,1,10,209.63026277353325
432455,1,1,9,502.3990484925172
432459,1,1,8,577.1497569399078
432473,1,1,5,0.42645457969393247
432474,1,1,8,171.56122042396692
432475,1,1,8,743.5903885312338
432477,1,1,5,0.42645457969393247
432479,1,1,3,89.25106906730042
432502,1,1,10,158.5761670588314
432505,1,1,5,0.42645457969393247
432508,1,1,9,454.30692154542453
432516,1,1,6,534.2139569230485
432529,1,1,9,234.42829931998148
432530,1,1,5,0.42645457969393247
432543,1,1,7,84.78536345937367
432545,1,1,4,0.42645458358136
432569,1,1,4,0.4264545919581291
432575,1,1,8,754.8502385157286
432587,1,1,10,260.2049034776542
432602,1,1,8,727.7455889085047
432607,1,1,6,487.9970586359878
432610,1,1,5,0.42645457969393247
432612,1,1,9,670.1676812681259
432613,1,1,6,311.7297542797128
432615,1,1,7,155.1876974626402
432619,1,1,10,184.974800014923
432623,1,1,1,516.2788090005453
432624,1,1,10,338.65848809324604
432646,1,1,6,312.7988959185883
432660,1,1,4,0.42645458358136
432671,1,1,9,614.3260907766191
432675,1,1,5,0.42645457969393247
432676,1,1,4,0.42645458358136
432681,1,1,9,553.0312620649543
432688,1,1,10,460.33956636582593
432712,1,1,2,487.9334975487633
432727,1,1,4,0.42645458358136
432745,1,1,10,722.814023398532
432749,1,1,10,216.64748899955669
432780,1,1,8,164.8341493675439
432781,1,1,4,0.42645458358136
432791,1,1,4,0.42645458358136
432810,1,1,5,0.42645457969393247
432815,1,1,9,665.9907640945321
432823,1,1,10,193.8664159909304
432827,1,1,5,0.42645457969393247
432848,1,1,7,69.15648173328294
432857,1,1,6,658.0599090289082
432859,1,1,5,0.42645456789925423
432866,1,1,9,617.5362639271711
432880,1,1,6,740.567148180092
432895,1,1,4,0.42645458358136
432901,1,1,6,728.473194884024
432905,1,1,5,0.42645457969393247
432914,1,1,7,160.2490366497128
432922,1,1,5,0.42645457969393247
432924,1,1,6,554.7811953515899
432938,1,1,7,157.50257766849583
432945,1,1,6,265.73393676352515
432948,1,1,6,648.0419133946202
432952,1,1,3,44.88562537045742
432970,1,1,1,604.8046753461526
432999,1,1,8,376.65063773963584
433003,1,1,8,373.82035324326847
433006,1,1,9,105.80705053322171
433008,1,1,5,0.42645457969393247
433017,1,1,8,256.37302872224495
433027,1,1,4,0.42645458358136
433043,1,1,8,698.2454490918403
433063,1,1,6,737.8712628917859
433074,1,1,4,0.42645458358136
433090,1,1,5,0.42645457969393247
433092,1,1,9,827.2937044823922
433099,1,1,3,84.44404439559352
433135,1,1,8,682.4116163079502
433152,1,1,2,316.9132944670226
433162,1,1,9,792.2403347208281
433184,1,1,8,359.8021145859063
433194,1,1,6,791.3293939822948
433202,1,1,7,156.3056744229052
433215,1,1,10,706.0315757552684
433224,1,1,9,838.8479160355488
433237,1,1,3,79.16206213276857
433238,1,1,1,759.1315284182333
433246,1,1,8,638.7503246042749
433247,1,1,5,0.42645457969393247
433277,1,1,10,562.9402465902222
433279,1,1,8,327.67645600119096
433280,1,1,9,861.4921835057401
433281,1,1,6,505.58837186062016
433294,1,1,9,786.8438072321769
433298,1,1,2,314.83013732483477
433303,1,1,6,138.89868526867332
433319,1,1,8,780.9092783507471
433320,1,1,6,253.92837159307516
433325,1,1,9,603.2549734884798
433340,1,1,8,314.9600844499856
433351,1,1,9,714.7335761462208
433356,1,1,7,58.65575101196425
433375,1,1,6,658.3276597238886
433378,1,1,4,0.42645458358136
433382,1,1,9,577.8019513576196
433410,1,1,4,0.42645458358136
433425,1,1,10,153.9292182531311
433436,1,1,4,0.42645458358136
433460,1,1,6,666.0105508024783
433474,1,1,6,454.0670738191856
433477,1,1,9,574.2543860513396
433478,1,1,1,455.73687787318147
433529,1,1,5,0.42645457969393247
433536,1,1,6,804.7239550942705
433541,1,1,1,491.6453519599385
433563,1,1,5,0.42645456789925423
433566,1,1,9,778.4332470636804
433611,1,1,1,684.6716437701934
433616,1,1,6,630.7079307813075
433632,1,1,9,117.85273462078449
433633,1,1,10,180.0044535811225
433638,1,1,6,783.3328752120287
433653,1,1,8,539.2523575768352
433662,1,1,10,376.5851825833031
433667,1,1,6,657.8118378420781
433675,1,1,1,543.7316876610947
433676,1,1,1,570.4626945993737
433680,1,1,10,719.9477748978817
433701,1,1,7,172.47621726785852
433719,1,1,8,740.5117461764077
433720,1,1,1,684.7055931042705
433722,1,1,10,351.50594116597506
433729,1,1,6,350.08359534124025
433741,1,1,9,551.7164052938078
433743,1,1,5,0.42645457969393247
433746,1,1,6,550.5080176518514
433747,1,1,4,0.42645458358136
433765,1,1,8,507.73643314010496
433779,1,1,5,0.42645457969393247
433782,1,1,9,847.842082228049
433784,1,1,7,170.7073329353182
433836,1,1,3,71.7181961576816
433837,1,1,9,823.1069837171177
433858,1,1,5,0.42645457969393247
433859,1,1,9,837.5551300520058
433867,1,1,2,427.83374193358827
433870,1,1,9,836.3189644959352
433890,1,1,6,695.9886577136258
433893,1,1,7,113.22088303567163
433898,1,1,9,619.5985187612523
433911,1,1,7,74.93221400093027
433923,1,1,2,290.9215879439901
433924,1,1,9,830.1864973230788
433928,1,1,6,617.6482815108008
433940,1,1,9,364.28093852427764
433941,1,1,6,236.89242931294285
433944,1,1,10,260.0668406627549
433946,1,1,1,764.1386515659898
433952,1,1,4,0.42645458358136
433955,1,1,5,0.42645457969393247
433958,1,1,5,0.42645457969393247
433971,1,1,6,459.6521391619183
433983,1,1,5,0.42645457969393247
434000,1,1,6,246.93785425198385
434005,1,1,3,92.25746138788374
434013,1,1,10,437.52124293535104
434017,1,1,10,460.03267876405505
434020,1,1,9,746.2223765851157
434030,1,1,7,102.40068316881163
434031,1,1,5,0.42645457969393247
434042,1,1,5,0.42645457969393247
434043,1,1,8,612.1633861882137
434077,1,1,9,229.10605659490878
434087,1,1,9,781.3823152365887
434095,1,1,1,430.2483430062155
434099,1,1,2,469.965360443321
434102,1,1,6,345.1116500115698
434118,1,1,4,0.42645458358136
434123,1,1,8,334.22149592510505
434129,1,1,8,449.0942459213635
434134,1,1,9,677.6530621200528
434138,1,1,8,514.8158797276274
434140,1,1,9,569.9370454075798
434142,1,1,8,804.6794587068158
434155,1,1,2,289.9020958010512
434180,1,1,1,379.7247407230301
434182,1,1,8,569.2158541042024
434200,1,1,9,829.4507594393657
434202,1,1,10,345.148480477301
434223,1,1,6,464.90308026867183
434227,1,1,9,824.1300672514096
434258,1,1,3,91.16960701696323
434262,1,1,4,0.42645458358136
434272,1,1,5,0.42645457969393247
434274,1,1,9,635.033457389241
434279,1,1,7,61.594735616124666
434290,1,1,3,89.10441644202606
434298,1,1,5,0.42645457969393247
434310,1,1,9,893.9298395125755
434315,1,1,10,608.0834484911435
434318,1,1,4,0.42645458358136
434319,1,1,6,755.5723785972266
434353,1,1,6,784.0572297576665
434366,1,1,8,644.0940307663178
434372,1,1,10,567.5898085392004
434386,1,1,8,900.7222328668715
434391,1,1,5,0.42645457969393247
434414,1,1,5,0.42645457969393247
434416,1,1,5,0.42645457969393247
434433,1,1,10,402.99005059841033
434435,1,1,7,130.60639063476665
434443,1,1,2,478.825664903221
434454,1,1,6,773.2270862999467
434458,1,1,6,805.4114705324445
434465,1,1,9,764.133374370128
434468,1,1,1,226.29245981720578
434482,1,1,8,848.9016990122788
434548,1,1,2,462.5372344617824
434571,1,1,8,595.5035575628413
434575,1,1,5,0.42645457969393247
434577,1,1,5,0.42645457969393247
434579,1,1,9,849.6307376274385
434598,1,1,9,817.94515018391
434601,1,1,10,418.85463763475303
434605,1,1,6,498.659620374664
434640,1,1,6,314.47280926579856
434660,1,1,6,424.9319956215617
434663,1,1,5,0.42645457969393247
434669,1,1,7,82.4987254352247
434683,1,1,10,583.4788764760585
434697,1,1,9,373.00973558542483
434704,1,1,5,0.42645457969393247
434713,1,1,4,0.42645458358136
434742,1,1,3,92.27311956662257
434747,1,1,4,0.42645458358136
434750,1,1,9,868.6638691920252
434759,1,1,6,197.2114620492897
434767,1,1,10,521.659395840078
434769,1,1,9,427.47490948491134
434777,1,1,1,180.33740014315063
434785,1,1,4,0.42645458358136
434791,1,1,7,134.9216185039356
434801,1,1,8,453.9205885581036
434804,1,1,9,860.2238797769758
434808,1,1,5,0.42645456789925423
434810,1,1,6,372.69051016346003
434812,1,1,3,83.92075199652368
434828,1,1,6,230.2853969722513
434838,1,1,10,339.8272044997755
434840,1,1,4,0.42645458358136
434842,1,1,7,156.8100922338976
434848,1,1,6,637.2171803014263
434880,1,1,5,0.42645457969393247
434901,1,1,4,0.42645458358136
434904,1,1,8,555.5829818095579
434914,1,1,6,284.5632971396111
434919,1,1,3,89.08496499709189
434925,1,1,8,819.9090457896705
434970,1,1,6,455.404376697151
434980,1,1,8,613.1309899689422
435011,1,1,5,0.42645457969393247
435028,1,1,1,704.0025118237614
435054,1,1,9,529.933409710107
435061,1,1,10,206.90958087050922
435081,1,1,5,0.42645457969393247
435091,1,1,8,582.6693257892716
435115,1,1,10,291.7639333392036
435117,1,1,1,312.33219213442106
435123,1,1,2,474.29859627361697
435154,1,1,5,0.42645457969393247
435156,1,1,8,271.29320023057403
435158,1,1,1,579.8333498790596
435167,1,1,9,451.46855979040595
435168,1,1,1,283.67635663087856
435170,1,1,3,70.77576949714927
435177,1,1,9,655.3098493196686
435189,1,1,9,671.2436258229282
435191,1,1,9,700.9699324488854
435197,1,1,8,792.6780672178442
435211,1,1,4,0.42645458358136
435216,1,1,8,444.4031052053767
435223,1,1,9,92.27613875419539
435232,1,1,8,568.401586832468
435239,1,1,6,389.7702342549815
435241,1,1,10,624.9138954573237
435242,1,1,5,0.42645457969393247
435243,1,1,6,408.2428840057756
435247,1,1,6,447.0296733851282
435262,1,1,9,876.3486301005844
435267,1,1,10,525.2854454742514
435268,1,1,8,672.0859820731811
435283,1,1,6,255.33154786457766
435296,1,1,8,618.1146346326921
435297,1,1,6,458.94639983310543
435299,1,1,9,404.7465709667286
435361,1,1,4,0.42645458358136
435368,1,1,4,0.42645458358136
435373,1,1,6,713.9975225568007
435384,1,1,6,500.93090002776876
435385,1,1,9,226.88736755890497
435408,1,1,8,588.1107632977938
435433,1,1,9,317.0083476655774
435437,1,1,1,175.5882453580929
435442,1,1,9,528.3602406321055
435444,1,1,8,665.7450858738127
435446,1,1,1,334.60075144757224
435448,1,1,6,556.0139870782724
435454,1,1,5,0.42645456789925423
435477,1,1,10,273.00377004181644
435485,1,1,9,513.4075492811119
435505,1,1,5,0.42645457969393247
435543,1,1,10,197.5093931254912
435550,1,1,9,873.2275890325526
435596,1,1,5,0.42645457969393247
435612,1,1,9,872.013974515535
435622,1,1,1,599.0632621581119
435633,1,1,9,358.7083092227213
435634,1,1,1,400.97443001715163
435636,1,1,1,461.81710465853234
435637,1,1,10,643.4051519028834
435647,1,1,6,333.1492879901445
435651,1,1,6,633.5006766850647
435667,1,1,2,467.9376276758418
435674,1,1,4,0.42645458358136
435694,1,1,2,137.2434311157488
435695,1,1,1,193.45086980716965
435705,1,1,10,398.904159353564
435720,1,1,8,610.4113036752002
435734,1,1,4,0.42645458358136
435744,1,1,2,418.79733235125065
435749,1,1,10,406.75403807290576
435750,1,1,10,647.6758851815212
435756,1,1,9,397.93130986128875
435763,1,1,5,0.42645457969393247
435764,1,1,9,722.2679524169018
435767,1,1,4,0.42645458358136
435768,1,1,4,0.42645458358136
435793,1,1,9,863.8082818133123
435794,1,1,7,42.33838032265705
435795,1,1,4,0.4264545919581291
435797,1,1,5,0.42645456789925423
435805,1,1,5,0.42645457969393247
435826,1,1,9,609.9870945618516
435843,1,1,6,794.5252996494504
435848,1,1,6,369.2019970722365
435857,1,1,6,457.38761275613507
435864,1,1,4,0.42645458358136
435876,1,1,6,218.63025885959877
435879,1,1,6,413.28512073568083
435906,1,1,10,499.3735372904239
435912,1,1,7,60.4383219829396
435925,1,1,5,0.42645457969393247
435933,1,1,10,717.2579202418032
435948,1,1,8,731.8297123163859
435949,1,1,5,0.42645457969393247
435987,1,1,5,0.42645457969393247
435990,1,1,10,316.8095086601047
435992,1,1,8,585.1890879820745
435995,1,1,6,521.8087038134637
436005,1,1,9,614.2465481193913
436009,1,1,8,317.085014497093
436034,1,1,7,167.98144027058896
436036,1,1,1,340.17262720739376
436039,1,1,4,0.42645458358136
436046,1,1,9,841.8760989429601
436061,1,1,5,0.42645457969393247
436065,1,1,8,252.57984397145114
436070,1,1,5,0.42645457969393247
436074,1,1,1,696.5416962888753
436075,1,1,8,556.9692064409282
436083,1,1,7,142.1762531202782
436090,1,1,4,0.4264545919581291
436092,1,1,6,672.0991419093227
436096,1,1,5,0.42645457969393247
436098,1,1,7,171.77809264784986
436099,1,1,6,494.37426211621806
436111,1,1,5,0.42645457969393247
436133,1,1,10,577.7408888285316
436135,1,1,5,0.42645457969393247
436136,1,1,3,91.54374268539136
436138,1,1,6,802.0274656102024
436154,1,1,8,734.1142095623358
436168,0,1,0,0.1506998077503192
436178,1,1,9,760.6994126764117
436186,1,1,6,253.49379623930983
436197,1,1,6,644.8639419867292
436211,1,1,9,615.4982449047891
436227,1,1,4,0.42645458358136
436229,1,1,10,135.51798813190166
436243,1,1,3,89.7311866223082
436245,1,1,4,0.42645458358136
436250,1,1,6,643.2778504097876
436255,1,1,1,551.1631364726428
436260,1,1,10,359.2009315478801
436272,1,1,9,852.3329958306738
436276,1,1,9,550.4372131287444
436277,1,1,9,528.1825666365078
436294,1,1,5,0.42645457969393247
436295,1,1,3,90.33114542774427
436310,1,1,4,0.42645458358136
436327,1,1,10,325.5529991834463
436330,1,1,1,229.9437701179694
436338,1,1,4,0.42645458358136
436346,0,1,0,0.10705264948973203
436349,1,1,8,618.8683645366785
436360,1,1,5,0.42645457969393247
436374,1,1,3,39.38499413689422
436378,1,1,6,195.31019336283728
436384,1,1,9,418.69409687335377
436406,1,1,10,459.7917905465303
436407,1,1,4,0.42645458358136
436418,1,1,6,681.2766566588406
436428,1,1,10,721.1272933967057
436430,1,1,6,547.7319656497967
436441,1,1,4,0.42645458358136
436450,1,1,8,664.250716000405
436456,1,1,9,448.11980645555843
436468,1,1,1,222.79505670539754
436471,1,1,5,0.42645457969393247
436485,1,1,9,386.0408033907922
436494,1,1,10,435.84231034533707
436510,1,1,10,662.3675575354919
436523,1,1,5,0.42645457969393247
436533,1,1,9,845.0984255730455
436538,1,1,6,377.72185812397055
436552,1,1,9,455.05787377406915
436572,1,1,5,0.42645457969393247
436573,1,1,9,725.6749244021528
436587,1,1,10,623.7493305157753
436593,1,1,10,199.1356443499555
436600,1,1,6,498.6361440704671
436602,1,1,8,182.61999917648677
436610,1,1,9,619.1563304708192
436622,1,1,10,463.7112287168266
436626,1,1,6,443.79474787657057
436631,1,1,4,0.4264545919581291
436633,1,1,6,687.426591535495
436641,1,1,7,173.97822712162406
436644,1,1,1,236.34211460254903
436645,1,1,5,0.42645457969393247
436649,1,1,6,544.1849991751365
436658,1,1,1,704.1982321387047
436673,1,1,6,773.9635928219647
436677,1,1,5,0.42645457969393247
436678,1,1,5,0.42645457969393247
436683,1,1,6,731.9010410603419
436697,1,1,5,0.42645457969393247
436700,1,1,4,0.42645458358136
436703,1,1,9,378.6404656319074
436722,1,1,7,171.0909387263875
436763,1,1,4,0.42645458358136
436769,1,1,5,0.42645457969393247
436776,1,1,9,823.9285985866638
436777,1,1,10,687.5995682835344
436779,1,1,10,661.6498209347271
436783,1,1,10,717.1587821848252
436822,1,1,6,312.67497824382235
436832,0,1,0,0.24625149995775736
436837,1,1,10,502.6058521464743
436841,1,1,5,0.42645457969393247
436850,1,1,9,823.2146428056544
436864,1,1,10,458.89656102425283
436871,1,1,5,0.42645457969393247
436874,1,1,2,400.10862373661126
436883,1,1,7,137.85703944425399
436884,1,1,2,314.6168522656121
436901,1,1,9,282.21472996830505
436907,1,1,10,390.148619193946
436920,1,1,6,606.2001612576378
436929,1,1,1,701.8642390627568
436942,1,1,4,0.42645458358136
436948,1,1,1,229.83949425667765
436977,1,1,5,0.42645457969393247
436988,1,1,4,0.42645458358136
436989,1,1,5,0.42645457969393247
436996,1,1,4,0.42645458358136
436997,1,1,6,552.0512407922748
437002,1,1,8,153.09915352676072
437021,1,1,8,538.2893260624148
437025,1,1,6,464.1554859904737
437054,1,1,8,396.88341814223827
437055,1,1,10,459.06924995016516
437078,1,1,10,478.1842034913591
437089,1,1,10,502.2265694909572
437108,1,1,5,0.42645457969393247
437115,1,1,1,638.8713312511928
437132,1,1,8,522.4974556272364
437143,1,1,10,236.58251594296843
437162,1,1,8,630.9350724712575
437175,1,1,9,347.7139743160381
437191,1,1,5,0.42645457969393247
437206,1,1,4,0.42645458358136
437212,1,1,10,720.5359071691701
437226,1,1,8,402.57332987065195
437246,1,1,10,652.2550528183775
437254,1,1,3,79.9273142732128
437262,1,1,6,529.3750884166615
437266,1,1,6,549.867482835096
437276,1,1,4,0.42645458358136
437290,1,1,6,445.3728887163273
437291,1,1,9,778.154154764108
437301,1,1,4,0.42645458358136
437318,1,1,7,133.18999740333194
437331,1,1,6,674.1700279669038
437384,1,1,8,432.45135919799947
437385,1,1,9,642.5896673443151
437388,1,1,1,732.116548212899
437392,1,1,6,786.2752242095601
437395,1,1,5,0.42645457969393247
437401,1,1,9,661.1008909216775
437406,1,1,5,0.42645457969393247
437407,1,1,8,661.7264593789955
437421,1,1,7,8.368471733854424
437441,1,1,7,147.38634318565178
437457,1,1,6,422.5611963301668
437460,1,1,6,625.9418066563848
437468,1,1,9,339.6332785519248
437470,1,1,6,665.68759346213
437476,1,1,4,0.42645458358136
437481,1,1,4,0.42645458358136
437488,1,1,9,295.4338142239091
437492,1,1,9,642.3016274513054
437499,1,1,4,0.42645458358136
437516,1,1,9,388.01082155649914
437529,1,1,8,584.8335303414544
437541,1,1,8,243.0297612039262
437543,1,1,2,380.80873593497665
437545,1,1,10,622.0805376633546
437550,1,1,4,0.42645458358136
437552,1,1,9,832.2594864549926
437588,1,1,2,425.5200691284448
437601,1,1,4,0.4264545919581291
437604,1,1,9,435.4684460213965
437609,1,1,8,886.9487893275159
437620,1,1,9,520.4500985782457
437627,1,1,3,92.56581107544854
437643,1,1,4,0.42645458358136
437646,1,1,9,737.486870941999
437656,1,1,4,0.42645458358136
437658,1,1,6,239.78829587204777
437661,1,1,9,601.0055801253138
437674,1,1,9,115.8693094942466
437681,1,1,10,519.472106167593
437703,1,1,4,0.42645458358136
437705,1,1,1,546.4346378739349
437711,1,1,8,498.1215044170086
437726,1,1,9,427.512656473361
437734,1,1,10,403.547387979563
437748,1,1,4,0.42645458358136
437765,1,1,9,521.955819771193
437768,1,1,9,489.00057177210755
437775,1,1,9,257.3418427031795
437789,1,1,8,854.583340137164
437790,1,1,8,925.8001804981268
437803,1,1,2,300.4438162192554
437816,1,1,1,694.347706141877
437818,1,1,6,556.4746025603646
437827,1,1,5,0.42645457969393247
437835,1,1,7,28.44213940839096
437843,1,1,4,0.42645458358136
437844,1,1,4,0.42645458358136
437901,1,1,10,351.4764952512667
437904,1,1,9,210.2424365303553
437905,1,1,9,821.6397275679994
437915,1,1,6,467.0934039788344
437916,1,1,1,763.3477535356769
437920,1,1,9,796.0597815351052
437939,1,1,9,700.1398562270792
437946,1,1,9,782.5035067619781
437955,1,1,7,50.56264577130282
437960,1,1,8,936.217342333194
437967,1,1,4,0.42645458358136
437976,1,1,4,0.42645458358136
437996,1,1,10,85.40631106810048
437997,1,1,8,791.8249075398758
438022,1,1,8,872.980953552259
438028,1,1,1,503.70133951422093
438068,1,1,1,428.53646530489414
438077,1,1,7,55.65945693330047
438089,1,1,8,612.654843734525
438095,1,1,8,176.46720479093796
438098,1,1,8,593.8567244664963
438104,1,1,6,626.7765646830841
438112,1,1,9,610.4175069467093
438118,1,1,9,797.1998219112802
438138,1,1,6,773.6838131162361
438144,1,1,9,609.3004996118667
438166,1,1,5,0.42645457969393247
438170,1,1,10,651.5747878384543
438178,1,1,10,668.9734787657434
438181,1,1,6,789.0198843451025
438201,1,1,9,220.23882991554356
438202,1,1,6,468.2358284552505
438208,1,1,1,389.9184598074684
438216,1,1,1,602.0824525435117
438221,1,1,9,852.8290687913636
438223,1,1,4,0.4264545919581291
438226,1,1,9,814.8334801816297
438230,1,1,8,892.1606482469142
438242,1,1,1,432.3994285493001
438246,1,1,8,438.62038992664554
438248,1,1,3,90.6231099218218
438252,0,1,0,0.13168703008922608
438255,1,1,1,328.9007306920546
438262,1,1,4,0.42645458358136
438266,1,1,9,98.55583389443026
438269,1,1,3,87.75247881569936
438289,1,1,4,0.42645458358136
438302,1,1,4,0.42645458358136
438304,1,1,3,90.32784214726804
438310,1,1,2,60.60513317416786
438313,1,1,9,842.5466948589566
438323,1,1,5,0.42645457969393247
438327,1,1,5,0.42645457969393247
438331,1,1,3,66.80126874454592
438333,1,1,8,630.0131584095082
438344,1,1,2,276.61487588811985
438349,1,1,6,218.22145510036256
438367,1,1,10,292.1021212804745
438370,1,1,10,322.2068995857962
438387,1,1,8,523.6187860756464
438391,1,1,1,626.5105530649756
438402,1,1,2,75.71903750746176
438403,1,1,4,0.42645458358136
438405,1,1,8,542.7336354318766
438408,1,1,9,573.5567690965311
438419,1,1,1,650.9832854455329
438429,1,1,4,0.4264545919581291
438452,1,1,5,0.42645456789925423
438470,1,1,8,593.9461232702602
438489,1,1,9,97.29597932663211
438495,1,1,1,235.9033096556998
438500,1,1,9,866.6333728673255
438512,1,1,7,117.62972183072712
438521,1,1,6,553.7614263203474
438525,1,1,2,468.69523438572804
438526,1,1,5,0.42645457969393247
438545,1,1,4,0.42645458358136
438551,1,1,1,278.5239451452984
438559,1,1,8,718.0453515806979
438570,1,1,6,131.1230926538535
438602,1,1,6,514.2336318245606
438616,1,1,8,388.52402320303884
438641,1,1,1,642.4745584584005
438643,1,1,4,0.42645458358136
438655,1,1,1,708.3221771191061
438658,1,1,8,947.114309347012
438673,1,1,4,0.42645458358136
438678,1,1,5,0.42645457969393247
438690,1,1,10,119.76753126231839
438703,1,1,4,0.42645458358136
438704,1,1,1,488.7653263593235
438706,1,1,5,0.42645457969393247
438712,1,1,8,792.4912762209165
438714,1,1,5,0.42645457969393247
438724,1,1,9,877.0348810485305
438733,1,1,1,673.3836493955519
438739,1,1,6,796.9125483473011
438751,1,1,2,305.76782350733487
438779,1,1,6,0.6236877654345812
438780,1,1,9,759.0307088126881
438782,1,1,7,154.54432484369988
438789,1,1,4,0.42645458358136
438852,1,1,6,793.0957193932868
438857,1,1,2,309.0289433555893
438860,1,1,9,774.5621012710378
438871,1,1,4,0.42645458358136
438876,1,1,7,57.75209582218548
438884,1,1,6,728.5766957715829
438897,1,1,7,116.29662458405298
438950,1,1,2,196.2662428190007
438958,1,1,7,143.14280229407086
438962,1,1,2,282.8409743353374
438968,1,1,8,771.9879881549039
438969,1,1,10,310.4384039397998
438970,1,1,8,793.057617970171
438971,1,1,9,827.9234158355672
438976,1,1,10,458.56165393427005
438982,1,1,9,543.4908367935827
439003,1,1,9,362.2134140459251
439009,1,1,1,435.264991183432
439024,1,1,5,0.42645457969393247
439025,1,1,9,515.7090802289972
439029,1,1,5,0.42645457969393247
439034,1,1,8,774.5442187255137
439042,1,1,9,370.38949138879696
439044,1,1,10,241.56393621428532
439045,1,1,9,645.0388881768506
439049,1,1,8,430.7711754379882
439052,1,1,3,89.7407722518775
439060,1,1,7,61.598959264890155
439071,1,1,9,394.8125018515602
439105,1,1,5,0.42645456789925423
439122,1,1,6,178.53799918610048
439126,1,1,9,635.4022810760923
439128,1,1,5,0.42645457969393247
439133,1,1,9,890.5347298437302
439155,1,1,9,154.56036858363692
439175,1,1,4,0.42645458358136
439179,1,1,10,392.9379983081786
439189,1,1,4,0.42645458358136
439212,1,1,6,420.31478053542673
439213,1,1,7,91.17069632913622
439219,1,1,2,364.0734483745323
439232,1,1,8,404.10270101589657
439246,1,1,8,924.0761527373463
439258,1,1,10,723.2581266128575
439265,1,1,9,516.4180814793428
439282,1,1,2,120.38413727599449
439296,1,1,7,85.1927998033554
439316,1,1,1,219.76215777074393
439318,1,1,5,0.42645457969393247
439365,1,1,6,344.59275330197516
439366,1,1,6,496.5178592974454
439368,1,1,10,718.5909447269498
439398,1,1,10,590.1285064662695
439404,1,1,9,700.5134522602114
439411,1,1,8,888.452585677545
439447,1,1,4,0.42645458358136
439448,1,1,6,764.2382391395219
439451,1,1,4,0.42645458358136
439466,1,1,8,870.1907197861799
439469,1,1,8,655.7941398555175
439472,1,1,9,304.34029437225604
439474,1,1,8,648.0408893250041
439488,1,1,3,85.46015557361699
439498,1,1,9,764.6821699164723
439500,1,1,9,401.28553650317275
439507,1,1,6,277.50497513586083
439542,1,1,4,0.42645458358136
439548,1,1,6,534.6546515637453
439574,1,1,8,501.345856723923
439580,1,1,3,71.78363738279528
439584,1,1,6,726.4052085575763
439594,1,1,8,270.2552477885748
439604,1,1,5,0.42645457969393247
439611,1,1,10,256.35547725447316
439630,1,1,8,773.628555036479
439671,1,1,1,674.5420670377068
439687,1,1,10,551.9965356555533
439693,1,1,6,640.1245503521957
439700,1,1,9,792.9268716975372
439710,1,1,5,0.42645457969393247
439716,1,1,5,0.42645457969393247
439722,1,1,5,0.42645457969393247
439725,1,1,4,0.42645458358136
439741,1,1,6,803.869935943696
439747,1,1,3,92.5107408669601
439758,1,1,7,95.8715522608203
439790,1,1,6,408.15761761418986
439800,1,1,5,0.42645457969393247
439866,1,1,4,0.42645458358136
439876,1,1,6,214.3873094721132
439892,1,1,10,132.56746789626487
439898,1,1,5,0.42645457969393247
439905,1,1,10,541.4547329310612
439908,1,1,4,0.4264545919581291
439923,1,1,4,0.42645458358136
439951,1,1,4,0.42645458358136
439958,1,1,5,0.42645457969393247
439961,1,1,9,638.3467880192682
439962,1,1,6,425.9777249293138
439985,1,1,6,781.8341392927606
439997,1,1,9,159.97499578541414
440006,1,1,5,0.42645457969393247
440027,1,1,4,0.42645458358136
440036,1,1,9,865.835709795977
440048,1,1,5,0.42645457969393247
440049,1,1,4,0.42645458358136
440051,1,1,9,882.4979290237864
440057,1,1,10,326.81404401011577
440064,1,1,2,435.9905930192905
440067,1,1,9,513.2173163449206
440079,1,1,5,0.42645457969393247
440085,1,1,8,859.3901700143841
440090,1,1,9,812.3815493655487
440091,1,1,7,124.24893761962834
440099,1,1,6,781.5700190514576
440111,1,1,4,0.42645458358136
440116,1,1,5,0.42645457969393247
440121,1,1,4,0.42645458358136
440127,1,1,3,91.99982268882668
440134,1,1,8,654.0801591719514
440137,1,1,3,70.39048411515378
440148,1,1,4,0.42645458358136
440166,1,1,6,231.56891431766877
440176,1,1,7,95.99942217035367
440179,1,1,10,651.0590333414114
440185,1,1,10,464.334253792637
440186,1,1,6,316.7849712824785
440201,1,1,9,660.4400932217536
440203,1,1,8,387.76748473593534
440204,1,1,6,788.5336313320422
440207,0,1,0,0.11525067280934741
440212,1,1,1,284.5665354414163
440232,1,1,8,522.7665291470855
440234,1,1,9,313.683975853287
440289,1,1,4,0.42645458358136
440295,1,1,9,837.2233370128446
440315,1,1,9,879.5107264333857
440321,1,1,1,701.4922907329997
440323,1,1,5,0.42645457969393247
440327,1,1,8,633.0338866159693
440341,1,1,8,840.1024289921656
440349,1,1,2,297.9733361161596
440360,1,1,5,0.42645457969393247
440390,1,1,10,530.0340662205306
440405,1,1,6,167.47187655204922
440409,1,1,9,603.9160207242779
440418,1,1,10,276.8851694403135
440429,1,1,8,575.7421128995508
440436,1,1,4,0.42645458358136
440453,1,1,6,534.7730274627207
440458,1,1,9,664.2360184404912
440461,1,1,8,253.52846656513262
440466,1,1,4,0.42645458358136
440477,1,1,5,0.42645457969393247
440481,1,1,5,0.42645457969393247
440482,1,1,4,0.42645458358136
440490,1,1,10,709.1844886896616
440492,1,1,9,594.4426759184379
440498,1,1,6,616.3029832598985
440509,1,1,7,88.86335236258113
440510,1,1,10,562.1837468655842
440519,1,1,6,778.5680529818391
440520,1,1,4,0.42645458358136
440525,1,1,5,0.42645457969393247
440579,1,1,9,735.0849732036537
440580,1,1,6,591.1323825777856
440587,1,1,8,685.3299054194911
440590,1,1,10,418.6617911444911
440595,1,1,6,264.9140091197094
440612,1,1,4,0.42645458358136
440633,1,1,1,441.472777487201
440634,1,1,2,470.9347258581297
440639,1,1,7,170.22299972516845
440650,1,1,6,240.97390686260982
440656,1,1,4,0.42645458358136
440667,1,1,9,149.2605640026293
440677,1,1,4,0.42645458358136
440700,1,1,9,641.9054339983304
440702,1,1,3,90.0992950518704
440706,1,1,4,0.42645458358136
440709,1,1,9,843.94455218318
440720,1,1,3,87.69717387328699
440739,1,1,8,343.0688960351925
440745,1,1,10,423.4740948044378
440756,1,1,6,423.71800032279117
440760,1,1,10,471.995383028961
440765,1,1,5,0.42645457969393247
440788,1,1,5,0.42645457969393247
440806,1,1,2,466.0114834633333
440822,1,1,4,0.4264545919581291
440844,1,1,9,711.0059560289744
440853,1,1,6,770.3592633576702
440857,1,1,10,335.7894787815625
440876,1,1,4,0.42645458358136
440914,1,1,7,55.43576121995045
440926,1,1,6,806.3409174120294
440929,1,1,9,864.1276456570071
440950,1,1,9,782.4290144757343
440958,1,1,9,876.7780817011414
440961,1,1,5,0.42645457969393247
440967,1,1,9,565.6230545308925
440969,1,1,8,722.6181270920623
440976,1,1,8,652.3118090764731
440981,1,1,5,0.42645457969393247
440988,1,1,8,674.9419192312075
441008,1,1,10,650.6635712643598
441019,1,1,8,554.0554119067799
441032,1,1,5,0.42645457969393247
441033,1,1,6,312.71734494271493
441037,1,1,9,570.1813184657047
441063,1,1,9,439.94323969393355
441067,1,1,10,545.1730586292759
441068,1,1,6,484.59959891434846
441069,1,1,3,53.65224914469494
441077,1,1,5,0.42645457969393247
441114,1,1,5,0.42645457969393247
441118,1,1,6,302.1033125082515
441129,1,1,5,0.42645457969393247
441133,1,1,5,0.42645457969393247
441151,0,1,0,0.11294735702413747
441152,1,1,8,651.9395769917268
441155,1,1,9,74.50258068241924
441158,1,1,5,0.42645457969393247
441194,1,1,5,0.42645457969393247
441201,1,1,6,780.3421910864083
441205,1,1,9,633.62075019748
441214,1,1,5,0.42645457969393247
441215,1,1,9,321.3837162846649
441219,1,1,4,0.42645458358136
441220,1,1,3,92.01073133679631
441235,1,1,9,722.5134610273361
441241,1,1,5,0.42645457969393247
441248,1,1,3,87.48664949536281
441252,1,1,8,605.2935070642508
441277,1,1,2,121.20298390557899
441280,1,1,9,74.58971476992097
441286,1,1,4,0.42645458358136
441292,1,1,4,0.42645458358136
441294,1,1,2,393.9966693053128
441299,1,1,6,766.4851305477381
441309,1,1,6,681.1890934076085
441311,1,1,8,396.55086814978864
441342,1,1,6,790.2823759785742
441348,1,1,6,586.749021198263
441359,1,1,9,499.9242059894034
441362,1,1,6,704.0406111911923
441365,1,1,8,616.3369441754264
441378,1,1,7,70.19987031071786
441399,1,1,9,491.8893195504902
441403,1,1,8,675.2425646488938
441406,1,1,1,221.74121812818473
441411,1,1,4,0.42645458358136
441426,1,1,9,824.5997977442012
441427,1,1,10,452.52881258762534
441449,1,1,2,272.4590355470661
441452,1,1,8,826.6324088576929
441453,1,1,3,80.40839173063918
441473,1,1,5,0.42645457969393247
441475,1,1,9,401.04318986572764
441476,1,1,10,676.1392207125145
441492,1,1,1,622.244045710685
441506,1,1,6,449.6986122278139
441532,1,1,4,0.42645458358136
441542,1,1,5,0.42645457969393247
441543,1,1,5,0.42645457969393247
441545,1,1,10,678.9936114887194
441546,1,1,6,722.1099573748157
441594,1,1,10,446.80116576717927
441599,1,1,5,0.42645457969393247
441621,1,1,9,819.7278113125401
441629,1,1,6,504.9046933220401
441633,1,1,1,285.39263901688105
441643,1,1,9,494.1424675438126
441645,1,1,6,577.7044195032365
441652,1,1,8,867.8997208094802
441655,1,1,1,575.8212467662033
441658,1,1,5,0.42645457969393247
441659,1,1,10,337.53824777762844
441684,1,1,9,551.745129554429
441694,1,1,10,170.9152798617668
441720,1,1,9,735.5417787032184
441725,1,1,4,0.42645458358136
441727,1,1,4,0.42645458358136
441730,1,1,5,0.42645457969393247
441733,1,1,9,559.9207733041011
441734,0,1,0,0.12217947562037502
441736,1,1,4,0.42645458358136
441767,1,1,6,554.6548871969259
441788,1,1,1,681.2520347256714
441791,1,1,8,768.1821306355744
441798,1,1,10,576.0163092715868
441823,1,1,8,633.3552420165407
441835,1,1,8,666.960120100494
441871,1,1,9,704.8552058808934
441872,1,1,4,0.42645458358136
441879,1,1,5,0.42645457969393247
441880,1,1,4,0.42645458358136
441888,1,1,5,0.42645457969393247
441896,1,1,9,566.3503265965192
441912,1,1,8,651.532111199118
441918,1,1,8,188.85210351496542
441923,1,1,3,56.958587363759534
441950,1,1,4,0.42645458358136
441955,1,1,4,0.42645458358136
441964,1,1,10,461.8132951101088
442023,1,1,1,396.3720768143175
442027,1,1,1,699.7721606317134
442042,1,1,10,328.5898118447733
442069,1,1,5,0.42645457969393247
442070,1,1,3,79.52540320813004
442087,1,1,7,90.58037454762696
442110,1,1,5,0.42645457969393247
442113,1,1,9,604.4107369431061
442116,1,1,5,0.42645457969393247
442134,1,1,6,555.4786673858227
442142,1,1,1,629.0283963616423
442196,1,1,1,462.0759893479566
442217,1,1,5,0.42645456789925423
442221,1,1,10,439.2129557146772
442225,1,1,8,682.3716530147387
442227,1,1,9,665.9975803588965
442242,1,1,5,0.42645457969393247
442261,1,1,4,0.42645458358136
442266,1,1,5,0.42645457969393247
442293,1,1,6,779.4177078463366
442297,1,1,4,0.42645458358136
442301,1,1,9,830.5465545283058
442302,1,1,9,427.5529594326772
442310,1,1,10,560.4610268597237
442312,1,1,5,0.42645457969393247
442323,1,1,1,707.1582969278227
442328,1,1,6,552.010664781019
442346,1,1,8,822.8528753738191
442353,1,1,9,568.7677199116432
442372,1,1,9,787.8571505354124
442377,1,1,4,0.42645458358136
442384,1,1,4,0.42645458358136
442386,1,1,9,412.14636536319523
442399,1,1,4,0.42645458358136
442414,1,1,8,445.7024435521277
442427,1,1,9,510.0714906470784
442429,1,1,6,713.8030557483465
442441,1,1,10,234.3183403712646
442475,1,1,8,302.6995724710062
442478,1,1,4,0.42645458358136
442498,1,1,9,754.5157402583894
442506,1,1,5,0.42645457969393247
442525,1,1,8,391.352058448582
442540,1,1,9,594.0283634508282
442546,0,1,0,0.16091092237755986
442547,1,1,1,387.76058283153156
442598,1,1,9,793.4279435537036
442603,1,1,9,589.4378277582798
442608,1,1,10,126.73407815325031
442612,1,1,10,441.88721735911116
442621,1,1,6,370.0571492110944
442627,1,1,9,498.6668450691899
442628,1,1,6,526.2899302334943
442637,1,1,10,723.2366742871665
442640,1,1,5,0.42645457969393247
442651,1,1,6,712.0641485204155
442653,1,1,9,861.7191452141573
442672,1,1,8,746.6096138674136
442687,1,1,2,187.23105525933525
442689,1,1,6,699.4459011076552
442704,1,1,5,0.42645457969393247
442705,1,1,5,0.42645457969393247
442713,1,1,1,612.40511126316
442714,1,1,8,781.8580871381799
442716,1,1,8,348.6270121698724
442728,1,1,9,66.67500223580161
442731,1,1,7,56.327290611559256
442738,1,1,1,715.1142863452685
442743,1,1,9,777.4282362347423
442748,1,1,8,412.4177733561998
442768,1,1,1,441.435830622261
442789,1,1,5,0.42645457969393247
442796,1,1,4,0.42645458358136
442818,1,1,8,286.4709462409444
442826,1,1,9,877.5803592307284
442867,1,1,2,458.8209785850282
442869,1,1,1,739.577315847751
442872,1,1,8,638.28377269867
442885,1,1,5,0.42645457969393247
442899,1,1,8,306.93729981600256
442917,1,1,6,298.1917840232012
442927,1,1,6,171.50694549406748
442944,1,1,9,291.70700837806845
442953,1,1,6,676.026176697168
442962,1,1,1,617.5620632759235
442970,1,1,10,407.08392486843655
442979,1,1,9,546.3910827293655
442985,1,1,2,326.31569291792374
443000,1,1,9,295.40096274263243
443006,1,1,10,252.63768257241225
443008,1,1,10,534.8409935346792
443013,1,1,4,0.42645458358136
443021,1,1,3,78.99840494241137
443033,1,1,10,321.1828647281196
443041,1,1,6,721.1616029768147
443050,1,1,9,570.3623018704079
443065,1,1,5,0.42645457969393247
443068,1,1,5,0.42645457969393247
443075,1,1,10,503.6643245618766
443081,1,1,9,271.95461248061014
443088,1,1,10,501.3529722838351
443102,1,1,2,144.97785530903622
443106,1,1,3,86.37641990383437
443135,1,1,5,0.42645457969393247
443162,1,1,9,801.2454148769634
443179,1,1,9,59.9476042962666
443181,1,1,6,499.1704603430137
443189,1,1,5,0.42645456789925423
443195,1,1,4,0.4264545919581291
443209,1,1,1,161.56524570465416
443213,1,1,8,865.8549472395844
443230,1,1,1,238.99530713456696
443232,1,1,8,494.2163588573943
443248,1,1,7,123.59066520322338
443249,1,1,4,0.42645458358136
443264,1,1,7,90.48186354465484
443281,1,1,5,0.42645457969393247
443290,1,1,1,542.5156395002971
443296,1,1,6,467.4063338021808
443312,1,1,7,64.65746538429094
443318,1,1,6,435.5230348286922
443323,1,1,8,676.5994109654
443329,1,1,4,0.42645458358136
443343,1,1,2,277.07255483796234
443345,1,1,5,0.42645457969393247
443352,1,1,5,0.42645457969393247
443359,1,1,6,590.030273842737
443377,1,1,2,475.9208680997647
443378,1,1,9,893.1278918853901
443381,1,1,5,0.42645457969393247
443397,1,1,6,244.30166859470435
443398,1,1,4,0.42645458358136
443413,1,1,4,0.42645458358136
443451,1,1,5,0.42645457969393247
443452,1,1,5,0.42645457969393247
443472,1,1,9,824.9804449325501
443478,1,1,6,703.4808290908497
443497,1,1,2,460.7375086644871
443499,1,1,6,312.357146596495
443544,1,1,3,88.38698055692493
443545,1,1,5,0.42645456789925423
443551,1,1,6,518.4722027292761
443553,1,1,4,0.42645458358136
443558,1,1,4,0.42645458358136
443565,1,1,9,645.6134079899882
443578,1,1,8,693.8753465849252
443582,1,1,7,55.1233310575467
443583,1,1,8,919.7259928083761
443603,1,1,9,830.2357020099008
443630,1,1,6,485.16359670842525
443645,1,1,7,82.18682345326076
443660,1,1,9,214.75811105899857
443679,1,1,8,672.0107683220443
443683,1,1,8,281.10836468809725
443686,1,1,5,0.42645457969393247
443708,1,1,4,0.42645458358136
443710,1,1,10,442.58806888363955
443752,1,1,8,866.3629466740539
443753,1,1,7,67.77934013263284
443770,1,1,8,186.51334643725394
443800,1,1,2,468.07774703626137
443838,1,1,2,205.90795049676603
443843,1,1,6,537.6479543199647
443844,1,1,8,115.15387657980156
443860,1,1,8,856.1573396039788
443885,1,1,5,0.42645457969393247
443897,1,1,6,372.76881831339756
443916,1,1,7,81.01189402434458
443917,1,1,3,79.73063317439693
443947,1,1,4,0.42645458358136
443956,1,1,3,92.19397454417471
443969,1,1,10,84.9360368847984
444010,1,1,3,92.98094115643687
444011,1,1,5,0.42645457969393247
444014,1,1,6,638.634707198842
444041,1,1,8,312.39028856766316
444066,1,1,8,658.795076917638
444070,1,1,9,237.69898236404703
444081,1,1,9,886.1120938891102
444084,1,1,4,0.42645458358136
444095,1,1,9,750.4691098689076
444108,1,1,4,0.42645458358136
444110,1,1,8,142.17345868977847
444127,1,1,9,430.03937391361484
444148,1,1,4,0.42645458358136
444159,1,1,10,588.4278472899958
444177,1,1,1,295.99807590553263
444184,1,1,6,184.99646498130664
444186,1,1,5,0.42645457969393247
444196,1,1,2,377.81369810042423
444225,1,1,4,0.42645458358136
444231,1,1,6,464.48079116915096
444235,1,1,4,0.42645458358136
444245,1,1,6,695.3251252649004
444250,1,1,8,483.05071209858016
444300,1,1,1,226.5511693018973
444309,1,1,5,0.42645457969393247
444351,1,1,8,634.7299497008014
444366,1,1,6,303.80539058082377
444371,1,1,6,767.7485940544607
444382,1,1,6,773.757588828062
444387,1,1,4,0.42645458358136
444398,1,1,5,0.42645457969393247
444402,1,1,9,135.85823343087773
444457,1,1,6,550.3009841998428
444466,1,1,6,556.4377249577649
444469,1,1,4,0.42645458358136
444473,1,1,4,0.42645458358136
444501,1,1,1,474.61577729029733
444521,1,1,6,554.1133509544286
444523,1,1,9,801.6558838198715
444547,1,1,6,400.51857786172445
444557,1,1,1,228.5127154659952
444562,1,1,9,673.7885188503972
444576,1,1,1,627.3066032856719
444583,1,1,9,427.77147903297123
444584,1,1,8,779.1294164455529
444596,1,1,10,537.4608311657283
444618,1,1,9,860.7796092699173
444699,1,1,1,426.59055179237873
444714,1,1,7,46.82191880052492
444723,1,1,5,0.42645457969393247
444729,1,1,2,489.3096405768899
444733,1,1,4,0.42645458358136
444734,1,1,4,0.42645458358136
444741,1,1,6,686.8911473439749
444749,1,1,9,459.9071532959208
444752,1,1,2,439.9709520200797
444757,1,1,7,107.06643090581224
444764,1,1,6,713.0311328635885
444768,1,1,6,644.389601356777
444781,1,1,9,677.2034090816394
444791,1,1,6,435.98815701587233
444798,1,1,2,373.36028617478456
444803,1,1,8,765.0715877540354
444821,1,1,9,373.18254988167564
444831,1,1,5,0.42645456789925423
444845,1,1,10,705.7888748388348
444854,1,1,3,90.70508564759282
444858,1,1,6,198.24966277599788
444866,1,1,5,0.42645457969393247
444876,1,1,7,140.70281198532527
444881,1,1,10,659.3036319037905
444890,1,1,4,0.42645458358136
444901,1,1,9,530.688916065394
444923,1,1,7,44.30281615369756
444930,1,1,4,0.42645458358136
444936,1,1,9,582.3736617807612
444937,1,1,1,655.7751335865562
444951,1,1,9,564.4450937946035
444952,1,1,9,92.51737794645189
444957,1,1,3,91.63832533734987
444968,1,1,6,477.1705419755903
444991,1,1,4,0.42645458358136
444995,1,1,5,0.42645457969393247
445004,1,1,9,892.0441815701284
445039,1,1,1,677.247446033634
445047,1,1,9,500.53257035911406
445053,1,1,8,740.4834666201891
445059,1,1,7,66.1238719124561
445066,1,1,6,451.60117019210867
445076,1,1,5,0.42645457969393247
445088,1,1,7,158.53022778861174
445090,1,1,9,502.34465523338866
445094,1,1,9,270.45268478063235
445106,1,1,2,262.58668633217707
445112,1,1,1,356.4946413779951
445122,1,1,9,574.4509524072776
445132,1,1,8,866.1387803348099
445145,1,1,4,0.42645458358136
445178,1,1,6,265.7481165166643
445181,1,1,5,0.42645457969393247
445184,1,1,5,0.42645457969393247
445190,1,1,5,0.42645457969393247
445213,1,1,8,780.4046763160645
445226,1,1,8,539.2326573901539
445235,1,1,2,383.121808369466
445243,1,1,4,0.42645458358136
445253,1,1,6,251.1197654542361
445259,1,1,3,92.49838895118529
445262,1,1,9,179.54960517866903
445271,1,1,10,256.9278324074139
445288,1,1,6,616.5369829697017
445293,1,1,4,0.42645458358136
445302,0,1,0,0.0943066038859046
445310,1,1,8,255.9307873819586
445319,1,1,1,333.8892403644714
445329,1,1,7,156.599028644424
445341,1,1,5,0.42645457969393247
445348,1,1,9,580.3801535121052
445369,1,1,6,147.27971221413225
445371,1,1,1,454.25629098491027
445376,1,1,5,0.42645457969393247
445383,1,1,6,721.2677457593926
445428,1,1,10,414.8765937544887
445438,1,1,9,825.6630384091626
445447,1,1,9,378.3016247908702
445475,1,1,5,0.42645457969393247
445487,1,1,10,621.5729042379436
445500,1,1,5,0.42645456789925423
445501,1,1,5,0.42645456789925423
445502,1,1,10,719.6597411396929
445510,1,1,2,466.6927813080931
445513,1,1,5,0.42645457969393247
445514,1,1,6,658.4119889437019
445523,1,1,9,562.8696013123625
445524,1,1,9,794.2368872923042
445531,1,1,1,725.0830346125173
445547,1,1,9,73.5774981114513
445552,1,1,6,243.57659106911245
445564,1,1,6,516.2613124373739
445565,1,1,4,0.42645458358136
445584,1,1,5,0.42645457969393247
445602,1,1,9,346.6331072448404
445606,1,1,3,92.10077948856909
445612,1,1,5,0.42645457969393247
445622,1,1,10,341.71548174341245
445627,1,1,10,577.6570741658373
445634,1,1,9,814.4890809241961
445652,1,1,9,451.63329535700296
445654,1,1,9,436.89800843565394
445685,1,1,9,606.7150069160076
445719,1,1,8,416.1023830189288
445732,1,1,3,91.46256391955319
445738,1,1,1,752.6991051415844
445739,1,1,3,76.17398894415768
445743,1,1,4,0.42645458358136
445749,1,1,3,92.50380730953408
445755,1,1,1,575.511434719667
445761,1,1,8,569.8245267439648
445766,1,1,9,584.6398495763258
445770,1,1,8,420.63607769841246
445775,1,1,5,0.42645456789925423
445776,1,1,5,0.42645457969393247
445817,1,1,9,199.2123028644447
445849,1,1,4,0.42645458358136
445852,1,1,9,776.000766074802
445859,1,1,5,0.42645457969393247
445877,1,1,10,455.7256238220013
445878,1,1,5,0.42645457969393247
445880,1,1,9,562.4255404236619
445884,1,1,1,162.60179783230114
445885,1,1,5,0.42645457969393247
445895,1,1,10,455.96782533318606
445902,1,1,10,685.3918410220281
445910,1,1,8,669.9387264238429
445919,1,1,1,659.718483461064
445934,1,1,9,236.69848448919805
445997,1,1,4,0.42645458358136
446007,1,1,9,226.80120499084737
446009,1,1,5,0.42645457969393247
446011,1,1,7,65.31673267838306
446013,1,1,8,684.6304303436885
446015,1,1,7,52.21668314632612
446039,1,1,2,392.6977089606342
446042,1,1,6,202.51035946350748
446052,1,1,10,136.33589104560144
446061,1,1,4,0.42645458358136
446073,1,1,8,662.4778825325661
446079,1,1,6,618.5440784357341
446082,1,1,8,516.6437061230895
446103,1,1,9,88.53170004987892
446105,1,1,4,0.42645458358136
446118,1,1,4,0.4264545919581291
446123,1,1,9,550.8250783912268
446135,1,1,6,690.5854335911283
446143,1,1,10,459.9949607424244
446159,1,1,9,127.04201840388177
446162,1,1,1,677.718804553276
446166,1,1,6,596.9606149364852
446189,1,1,5,0.42645457969393247
446195,1,1,6,247.08560956069928
446208,1,1,8,800.2612648766974
446212,1,1,10,426.64472784884106
446220,1,1,8,765.2591870321186
446226,1,1,3,92.05427693972617
446228,1,1,8,555.6715049946072
446235,1,1,9,420.14558703598277
446239,0,1,0,0.10322283722469262
446271,1,1,9,634.8885351549507
446273,1,1,9,358.4773901797461
446277,1,1,10,642.7310931080095
446280,1,1,1,426.92787842918335
446292,1,1,1,748.5478331473089
446300,1,1,1,603.3500549121678
446314,1,1,4,0.42645458358136
446326,1,1,9,541.9421088866644
446349,1,1,6,543.4884273968686
446351,1,1,6,281.9640342669948
446358,1,1,1,368.98814027247636
446368,1,1,1,696.4227799068827
446369,1,1,8,844.7975045217462
446373,1,1,1,621.4917329236131
446379,1,1,3,88.04339775941231
446393,1,1,6,360.8945592443802
446395,1,1,9,727.1173883491948
446410,1,1,5,0.42645456789925423
446415,1,1,9,711.0806840515719
446421,1,1,5,0.42645457969393247
446444,1,1,10,721.9864427588667
446457,1,1,10,670.1272058860718
446463,1,1,4,0.42645458358136
446475,1,1,10,655.6732337572282
446510,1,1,9,313.8323154191987
446517,1,1,9,862.1972856502098
446524,1,1,6,798.1333432757957
446533,1,1,6,750.914677823367
446534,1,1,4,0.42645458358136
446535,1,1,8,794.2959616774541
446556,1,1,7,145.05569625359584
446566,1,1,9,813.4578699846019
446567,1,1,1,206.79771449993464
446579,1,1,5,0.42645457969393247
446580,1,1,10,400.4154219895835
446601,1,1,5,0.42645457969393247
446605,1,1,8,723.6203089967657
446643,1,1,8,378.01262455373853
446648,1,1,8,177.66705248851892
446655,1,1,10,458.38834169705274
446688,0,1,0,0.11955750475788288
446695,1,1,6,464.96029491991766
446703,1,1,2,91.58008160440949
446713,1,1,5,0.42645457969393247
446721,1,1,4,0.42645458358136
446722,1,1,9,848.0596378707094
446727,1,1,4,0.42645458358136
446728,1,1,10,331.67245599058987
446746,1,1,10,695.0561743866909
446756,1,1,5,0.42645456789925423
446761,1,1,10,637.5838755138581
446771,1,1,1,261.03522842929874
446779,1,1,1,674.7305889473397
446780,1,1,6,642.8355481459296
446784,1,1,8,361.71957684690386
446792,1,1,4,0.42645458358136
446795,1,1,5,0.42645457969393247
446797,1,1,7,168.24233218400445
446800,1,1,4,0.42645458358136
446810,1,1,8,307.83970695989706
446812,1,1,10,291.46724652950866
446823,1,1,8,684.2547010994871
446842,1,1,8,430.31679624261096
446848,1,1,9,874.8319406921246
446851,1,1,6,161.84200867638157
446854,1,1,5,0.42645457969393247
446877,0,1,0,0.12895250562661215
446900,1,1,1,603.2588078155733
446903,1,1,6,785.4105315844613
446908,1,1,9,327.83529807060756
446917,1,1,10,324.20591099722856
446918,1,1,10,459.803865465387
446920,1,1,6,594.9734556483486
446925,1,1,9,89.69105636334113
446939,1,1,5,0.42645457969393247
446944,1,1,2,146.6842663559337
446951,1,1,8,536.3074617159461
446954,1,1,4,0.42645458358136
446960,1,1,6,786.3043341156672
446965,1,1,8,407.27477919799503
446977,1,1,9,862.4225505093289
446985,1,1,8,823.5861041045895
446995,1,1,9,611.7012157567314
447003,1,1,5,0.42645457969393247
447017,1,1,8,741.0976821087734
447032,0,1,0,0.09957575252974976
447034,1,1,6,744.2041637291229
447042,1,1,7,145.6583782372305
447043,1,1,9,650.1059113772995
447064,1,1,10,197.62123369499793
447069,1,1,4,0.42645458358136
447074,1,1,5,0.42645457969393247
447090,1,1,5,0.42645457969393247
447101,1,1,10,400.6051030123371
447117,1,1,9,876.6432770952601
447133,1,1,1,618.8392895885244
447161,1,1,6,516.4218276342874
447162,1,1,1,458.91855943921433
447166,1,1,8,576.8248668946017
447167,1,1,5,0.42645457969393247
447169,1,1,6,810.4235342403867
447186,1,1,10,653.5720684396528
447192,1,1,9,874.6498149897542
447193,1,1,8,727.6959487791501
447203,1,1,1,604.3651783239726
447213,1,1,8,674.7055546570583
447259,1,1,9,825.7407034345084
447279,1,1,4,0.42645458358136
447280,1,1,5,0.42645457969393247
447285,1,1,4,0.42645458358136
447295,1,1,7,58.7319337843785
447313,1,1,9,603.2166524863103
447324,1,1,10,418.2448421202065
447329,1,1,6,311.3103054465458
447330,1,1,9,797.1060276439506
447339,1,1,8,812.3849963378038
447340,1,1,4,0.42645458358136
447348,1,1,4,0.42645458358136
447350,1,1,8,452.74799515553417
447352,1,1,6,777.6080974400818
447361,1,1,9,836.0312853444974
447372,1,1,6,365.9454326214859
447376,1,1,8,627.5875412540164
447392,1,1,4,0.42645458358136
447394,1,1,8,730.3445242237315
447406,1,1,8,162.03952007051757
447411,1,1,7,91.53564530739288
447419,1,1,9,668.4091167383561
447425,1,1,8,137.7681144301355
447435,1,1,4,0.42645458358136
447444,1,1,1,729.1166368586237
447445,1,1,7,44.57093125251956
447446,1,1,8,197.21172534087833
447462,1,1,5,0.42645457969393247
447465,1,1,10,720.3382926547664
447469,1,1,9,386.5815004463513
447470,1,1,9,515.6924211673556
447471,1,1,9,813.4465227094447
447476,1,1,2,192.66188063797944
447479,1,1,8,638.9844303741522
447491,1,1,9,387.0333407832776
447502,1,1,4,0.42645458358136
447532,1,1,1,739.1726249397083
447536,1,1,10,474.32629404902065
447541,1,1,1,747.2543152918681
447542,1,1,9,243.56083383263876
447555,1,1,6,478.8177568894698
447569,1,1,6,782.7717007562228
447571,1,1,6,765.2577590011392
447575,1,1,8,749.6745749721396
447608,1,1,5,0.42645457969393247
447614,1,1,8,550.0432988607831
447617,1,1,6,687.5592055655816
447628,1,1,4,0.42645458358136
447649,1,1,5,0.42645457969393247
447653,1,1,9,459.366263859729
447692,1,1,10,189.26493383486596
447696,1,1,9,860.7354807450748
447708,1,1,9,542.4909688085424
447746,1,1,5,0.42645457969393247
447750,1,1,1,429.78609957314103
447754,1,1,8,417.0102040658094
447765,1,1,6,734.3970702677664
447766,1,1,10,135.73708590154263
447772,1,1,3,79.07016435733927
447776,1,1,4,0.42645458358136
447786,1,1,9,832.7610003901738
447788,1,1,6,252.24539402481346
447789,1,1,8,546.9345344998709
447832,1,1,5,0.42645457969393247
447865,0,1,0,0.11292182687033268
447873,1,1,7,149.24648532052947
447880,1,1,4,0.42645458358136
447895,1,1,6,457.63575833908146
447905,1,1,1,243.93192351728368
447907,1,1,8,785.1891701646432
447917,1,1,9,814.121325651117
447924,1,1,9,312.73908082040776
447927,1,1,8,346.4389172514721
447940,1,1,10,612.5556346326863
447941,1,1,5,0.42645457969393247
447945,1,1,7,130.9293938780682
447950,1,1,8,755.0353829124958
447959,1,1,8,372.88783375011855
447978,1,1,6,331.9986767628217
447986,1,1,5,0.42645457969393247
447987,1,1,5,0.42645457969393247
448029,1,1,6,496.6263276416918
448039,1,1,9,603.5269590761352
448044,1,1,5,0.42645457969393247
448054,1,1,4,0.42645458358136
448080,1,1,9,871.6226962424978
448082,1,1,9,606.7486924788055
448086,1,1,6,476.867044966876
448110,1,1,4,0.42645458358136
448111,1,1,5,0.42645457969393247
448113,1,1,4,0.42645458358136
448123,1,1,8,780.4453011773059
448125,1,1,10,333.97735721483247
448133,1,1,9,436.53084157583
448152,1,1,6,371.796283853063
448157,1,1,10,357.7854067250764
448162,1,1,4,0.42645458358136
448181,1,1,9,253.7008508727216
448185,1,1,10,519.0986192127208
448190,1,1,5,0.42645457969393247
448197,1,1,8,491.4226877551511
448215,1,1,10,406.6866509468874
448237,1,1,1,540.38972347766
448256,1,1,9,857.3527280189147
448260,1,1,10,699.6103429935139
448288,1,1,4,0.42645458358136
448289,1,1,6,400.9212995478277
448296,1,1,8,790.2311172658466
448303,1,1,9,549.9884275583295
448304,1,1,7,123.67830106733301
448322,1,1,5,0.42645457969393247
448326,1,1,10,710.5138827163275
448329,1,1,7,62.04928068338418
448342,1,1,5,0.42645457969393247
448356,1,1,1,169.44526333261135
448367,1,1,8,535.7503049674685
448388,1,1,8,253.35383938959407
448435,1,1,8,452.81324375527186
448450,1,1,9,771.8667060722618
448485,1,1,10,246.40635131996837
448494,1,1,9,714.8605912187539
448499,1,1,10,179.8176459237239
448513,1,1,6,400.83378140007125
448527,1,1,10,439.04496833450565
448532,1,1,8,231.74243106412695
448533,1,1,10,400.1541126914755
448549,1,1,5,0.42645457969393247
448562,1,1,6,341.1328223170317
448584,1,1,10,719.3584621120575
448589,1,1,10,638.0096140613672
448597,1,1,6,444.4371783115321
448602,1,1,6,714.9941423642944
448608,1,1,4,0.42645458358136
448621,1,1,8,680.102643358029
448623,1,1,7,172.74150891931268
448642,1,1,10,721.7367164638097
448647,1,1,1,718.4567517106774
448651,1,1,10,448.8247806252003
448655,1,1,5,0.42645457969393247
448668,1,1,5,0.42645457969393247
448672,1,1,2,275.2501743335845
448680,1,1,6,499.11783528962786
448682,1,1,7,90.94813585571083
448689,1,1,4,0.42645458358136
448692,1,1,4,0.42645458358136
448696,1,1,6,509.1939445689756
448707,1,1,6,469.4836021096141
448718,1,1,10,719.0151793962776
448736,1,1,8,928.5317011925551
448765,1,1,9,749.2624389591379
448770,1,1,4,0.42645458358136
448792,1,1,10,387.2862010048245
448795,1,1,6,789.8588303097586
448805,1,1,9,853.5890349593303
448808,1,1,6,680.796262699575
448823,1,1,6,810.1690544914177
448829,1,1,9,515.6607143725961
448834,1,1,5,0.42645457969393247
448835,1,1,6,467.04146507664524
448838,1,1,10,713.9763798562149
448845,1,1,4,0.42645458358136
448853,1,1,8,666.8173883484669
448867,1,1,8,572.5522584939516
448874,1,1,10,199.01761000806323
448883,1,1,8,246.6315663696006
448892,1,1,4,0.42645458358136
448900,1,1,6,447.7172654888851
448909,1,1,10,533.7080524964302
448938,1,1,10,120.32182985270974
448944,1,1,3,60.954610657649305
448956,1,1,2,302.65801145501075
448959,1,1,5,0.42645457969393247
448971,1,1,10,159.67218739880425
448973,1,1,6,659.4387802825386
448975,1,1,9,233.080983773108
448976,1,1,9,717.5795631338707
448983,1,1,8,636.9005825120531
448994,1,1,6,429.35802600360995
449000,1,1,3,90.49788233719617
449008,1,1,8,445.2873825968899
449010,1,1,3,88.5782221243188
449012,0,1,0,0.10650235712351037
449013,1,1,9,237.57814818034242
449051,1,1,1,481.40955439902723
449054,1,1,4,0.42645458358136
449059,1,1,5,0.42645457969393247
449080,1,1,7,136.70405562657584
449094,1,1,9,795.0751016339235
449119,1,1,9,614.9596967157529
449120,1,1,9,820.4507373193791
449121,1,1,9,620.4917025102741
449132,1,1,3,89.64965733853722
449141,1,1,8,610.93147300664
449164,1,1,9,460.2525560275816
449165,1,1,4,0.42645458358136
449171,1,1,2,476.0374102401821
449184,1,1,4,0.42645458358136
449193,1,1,9,301.0855496884571
449196,1,1,9,806.6917489401942
449209,1,1,5,0.42645456789925423
449217,1,1,2,352.55585237659784
449226,1,1,6,712.8408479858005
449228,0,1,0,0.22993288798844375
449245,1,1,9,728.2846216845869
449256,1,1,2,455.1819908745732
449258,1,1,5,0.42645457969393247
449259,1,1,6,504.4266662933746
449260,1,1,3,46.13829845661614
449282,1,1,8,734.5175867619871
449293,1,1,4,0.42645458358136
449307,1,1,9,754.8819585911443
449334,1,1,8,303.6545511917343
449337,1,1,9,263.60817049764165
449344,1,1,8,182.3895933799259
449345,1,1,2,382.3946733836532
449360,1,1,9,658.2329053247217
449378,1,1,10,285.848167481447
449380,1,1,5,0.42645457969393247
449386,1,1,10,570.9313884229438
449399,1,1,4,0.42645458358136
449404,1,1,8,312.3395617460513
449416,1,1,5,0.42645457969393247
449417,1,1,9,832.0666283326385
449426,1,1,4,0.42645458358136
449432,1,1,9,582.5555302582267
449436,1,1,4,0.42645458358136
449442,1,1,8,496.63952819818286
449492,1,1,5,0.42645457969393247
449531,1,1,6,513.7038825091212
449541,1,1,6,617.6459242914716
449551,1,1,8,182.87049437771952
449552,1,1,8,523.26280607497
449580,1,1,5,0.42645457969393247
449601,1,1,8,653.4526428349498
449611,1,1,5,0.42645457969393247
449613,1,1,8,361.7613910989404
449636,1,1,10,289.94175528416133
449637,1,1,6,333.16330123767983
449638,1,1,10,456.6306848260762
449641,1,1,5,0.42645457969393247
449644,1,1,5,0.42645457969393247
449669,1,1,1,259.5537789423989
449671,1,1,10,263.7151852007381
449707,1,1,4,0.42645458358136
449709,1,1,6,312.9395191293733
449710,1,1,6,406.6308893580708
449736,1,1,9,481.7414756951661
449744,1,1,1,705.6505827873358
449767,1,1,1,722.3216309328963
449775,1,1,9,565.1014784693228
449778,1,1,6,536.6529388862729
449781,1,1,6,543.992446572607
449791,1,1,5,0.42645457969393247
449820,1,1,8,318.3968056739898
449899,1,1,5,0.42645457969393247
449904,1,1,8,624.3446414459436
449930,1,1,6,618.5218229666788
449936,1,1,4,0.42645458358136
449937,1,1,1,730.7173777899362
449948,1,1,7,52.2844467456691
449968,1,1,9,127.06342240501994
449994,1,1,4,0.42645458358136
449998,1,1,4,0.4264545919581291
450010,1,1,6,671.3432245583489
450033,1,1,4,0.42645458358136
450035,1,1,6,470.16588598938426
450055,1,1,9,399.99325040041555
450058,1,1,4,0.42645458358136
450063,1,1,2,338.5286089118503
450074,1,1,7,67.21360064260851
450087,1,1,4,0.42645458358136
450093,1,1,8,781.5221729605198
450111,1,1,4,0.42645458358136
450129,1,1,5,0.42645457969393247
450138,1,1,2,244.10494041839203
450164,1,1,5,0.42645457969393247
450173,1,1,7,170.167406916036
450187,1,1,6,611.8774738316532
450198,1,1,8,837.7116096603713
450206,1,1,2,55.16166684971835
450219,1,1,1,514.7622571976895
450220,1,1,9,370.561468881308
450221,1,1,4,0.42645458358136
450227,1,1,8,679.8576110965615
450228,1,1,10,351.16147865721223
450244,1,1,3,57.43513251217595
450273,1,1,9,770.5047460609392
450277,1,1,8,338.03202404751255
450285,1,1,9,324.14591270656115
450294,1,1,9,874.2765240098686
450296,0,1,0,0.13507354241746278
450304,1,1,5,0.42645457969393247
450311,1,1,6,560.5294639903269
450334,1,1,4,0.42645458358136
450365,1,1,1,227.00865224907577
450395,1,1,10,581.3272449757488
450409,1,1,7,59.424895908003414
450454,1,1,5,0.42645457969393247
450467,1,1,1,198.5630231927278
450476,1,1,8,927.8429946832125
450481,1,1,5,0.42645457969393247
450495,1,1,4,0.42645458358136
450498,1,1,4,0.42645458358136
450507,1,1,4,0.42645458358136
450518,1,1,9,563.2294544157594
450520,0,1,0,0.17544887973761775
450585,1,1,9,287.2410682974554
450589,1,1,10,387.73864864537205
450602,1,1,5,0.42645457969393247
450605,1,1,9,674.197750078391
450612,1,1,9,407.2525730681306
450619,1,1,5,0.42645457969393247
450621,1,1,9,226.39727078955002
450642,1,1,2,244.31266316597856
450644,1,1,6,659.3058755042925
450679,1,1,1,483.39740697655907
450682,1,1,4,0.42645457969393247
450685,1,1,10,154.0382371160821
450699,1,1,6,255.6079345593013
450723,1,1,5,0.42645457969393247
450730,1,1,6,751.0345541475054
450736,1,1,9,275.24272262462694
450738,1,1,4,0.42645458358136
450741,1,1,1,393.1307524264117
450756,1,1,8,731.9963797036207
450776,1,1,9,865.1087980279328
450787,1,1,8,356.0842493970949
450810,1,1,6,616.383089654506
450837,1,1,4,0.42645458358136
450843,1,1,10,668.2108521834373
450845,1,1,9,283.8471996651916
450852,1,1,6,408.61181891683935
450885,1,1,5,0.42645457969393247
450894,1,1,3,59.30541638021301
450901,1,1,9,605.8063519865096
450929,1,1,2,133.98363081491615
450932,1,1,4,0.42645458358136
450935,1,1,1,432.3741006259865
450954,1,1,2,457.0540127087646
450968,1,1,5,0.42645457969393247
450996,1,1,3,87.9943836130994
450998,1,1,3,64.98937443354696
451004,1,1,8,468.66801998620963
451005,1,1,6,542.1604719653237
451008,1,1,10,136.89143809581577
451046,1,1,10,719.8844338289189
451047,1,1,2,131.0452883575217
451049,1,1,6,722.1401727709174
451074,1,1,10,500.69126236361063
451083,1,1,5,0.42645457969393247
451092,1,1,8,550.9838363250407
451097,1,1,9,457.40546417775454
451111,1,1,10,449.1320722898549
451112,1,1,6,624.5200646118925
451113,1,1,10,460.1962016310223
451121,1,1,8,430.72977662027756
451123,1,1,10,333.91800751277395
451125,1,1,10,406.78636108474825
451140,1,1,1,706.0129151922188
451145,1,1,2,76.54099459148394
451146,1,1,10,391.3729755424833
451171,1,1,8,564.7674409242388
451174,1,1,5,0.42645457969393247
451181,1,1,5,0.42645457969393247
451194,1,1,3,92.2963354740495
451239,1,1,4,0.42645458358136
451240,1,1,1,603.6819042507533
451263,1,1,4,0.42645458358136
451289,1,1,9,224.59955213859052
451291,1,1,1,742.424255231417
451294,1,1,8,420.75642210926867
451310,1,1,9,487.4477981254585
451315,1,1,4,0.42645458358136
451335,1,1,8,247.3854109288639
451339,1,1,2,434.1319465838977
451356,1,1,10,423.33507649092684
451358,1,1,4,0.42645458358136
451359,1,1,8,122.4472906189939
451371,1,1,7,175.4589947153619
451381,1,1,8,521.4049900624523
451383,1,1,9,238.11772289648394
451399,1,1,6,205.17869552823674
451400,1,1,10,229.54575904232235
451404,1,1,4,0.42645458358136
451408,1,1,8,532.3890571551302
451413,1,1,7,76.64300299280131
451444,1,1,10,519.5019742390366
451476,1,1,5,0.42645457969393247
451493,1,1,8,339.5975344599231
451505,1,1,4,0.42645458358136
451522,1,1,8,600.0581720739206
451526,1,1,7,69.0201632834684
451527,1,1,7,122.11403337643685
451538,1,1,10,144.66147593808762
451539,1,1,3,89.4193399025715
451540,1,1,2,220.21625159319166
451545,1,1,5,0.42645457969393247
451550,1,1,6,247.46342954766698
451552,1,1,9,810.3484077191041
451566,1,1,4,0.42645458358136
451577,1,1,9,730.4662192805447
451614,1,1,1,724.1042318875265
451674,1,1,5,0.42645457969393247
451679,1,1,4,0.42645458358136
451680,1,1,2,250.01231651766324
451708,1,1,4,0.42645458358136
451760,1,1,5,0.42645457969393247
451768,1,1,8,524.1677496997198
451783,1,1,5,0.42645457969393247
451797,1,1,6,380.36767873112007
451802,1,1,4,0.42645458358136
451805,1,1,10,626.4582259386476
451816,1,1,9,411.468187783365
451828,1,1,9,782.3602287014113
451830,1,1,3,92.98445214150057
451832,1,1,5,0.42645457969393247
451834,1,1,8,825.9926124876604
451847,1,1,10,652.2036735811118
451857,1,1,10,444.48430505030456
451859,1,1,5,0.42645457969393247
451870,1,1,5,0.42645457969393247
451885,1,1,9,590.4660373348889
451927,1,1,4,0.4264545919581291
451929,1,1,3,89.93378110621036
451949,1,1,9,558.3388112142337
451952,1,1,10,228.670091229851
452000,1,1,2,288.2548080720536
452003,1,1,9,874.6626375055095
452009,1,1,6,432.5748856835805
452016,1,1,8,529.3931720424639
452026,1,1,4,0.42645458358136
452049,1,1,3,78.54147956372191
452062,1,1,9,482.47212206935694
452064,1,1,1,742.2266282956167
452072,1,1,5,0.42645457969393247
452080,1,1,4,0.42645458358136
452082,1,1,10,509.6195975045621
452087,1,1,5,0.42645457969393247
452090,1,1,8,633.7210578207469
452092,1,1,6,483.2195999169533
452102,1,1,5,0.42645457969393247
452110,1,1,8,273.93869544568116
452113,1,1,9,329.27641711127023
452124,1,1,4,0.42645458358136
452125,1,1,9,414.25269603947856
452128,1,1,8,548.0869250932903
452149,1,1,10,417.86629184034877
452163,1,1,1,240.42670894057528
452166,1,1,9,148.05204006774179
452171,1,1,8,835.2699725385946
452174,1,1,4,0.42645458358136
452193,1,1,10,682.3532971096836
452195,1,1,9,551.7411597805581
452202,1,1,9,562.2722937367812
452207,1,1,9,582.9275936904926
452210,1,1,5,0.42645456789925423
452231,1,1,6,373.71753998796277
452245,1,1,8,516.8803238691615
452247,1,1,8,392.08857383532495
452251,1,1,1,481.27660596055284
452258,1,1,6,783.1282281578233
452264,1,1,9,604.9167786065858
452267,1,1,4,0.42645458358136
452273,1,1,5,0.42645457969393247
452274,1,1,10,162.29089092443155
452276,1,1,9,288.06254465377606
452286,1,1,4,0.42645458358136
452291,1,1,5,0.42645457969393247
452292,1,1,5,0.42645457969393247
452296,1,1,9,822.8062760519413
452305,1,1,6,515.9008442392667
452310,1,1,10,701.7070325227048
452316,1,1,2,134.95034794282964
452317,1,1,7,92.68995778475737
452344,1,1,4,0.42645457969393247
452372,1,1,6,801.9267467986967
452438,1,1,8,196.98876704153267
452448,1,1,5,0.42645457969393247
452451,1,1,7,126.05097318392265
452462,0,1,0,0.10153372610865277
452464,1,1,8,548.9768645762352
452465,1,1,5,0.42645457969393247
452479,1,1,4,0.42645458358136
452480,1,1,7,93.48251419310643
452488,1,1,9,543.5042864661173
452498,1,1,9,330.4891291094349
452502,1,1,9,769.4279015121613
452505,1,1,2,411.9405733705947
452510,1,1,4,0.42645458358136
452519,1,1,6,786.2110436358209
452520,1,1,4,0.42645458358136
452524,1,1,4,0.42645458358136
452536,1,1,6,468.1254076670685
452543,1,1,8,592.0077875728242
452553,1,1,1,230.85248019751765
452560,1,1,9,365.78824091076393
452581,1,1,5,0.42645457969393247
452582,1,1,8,529.9583434837245
452584,1,1,7,158.40678499190685
452587,1,1,5,0.42645457969393247
452590,1,1,6,503.05100771738813
452598,1,1,10,507.09472752154437
452604,1,1,9,373.6955742432628
452618,1,1,10,173.24241420915385
452634,1,1,10,643.8008546828089
452646,1,1,6,374.7336446883754
452668,1,1,8,585.6181811056837
452670,1,1,6,745.443265017532
452689,1,1,8,590.2553499280197
452701,1,1,7,109.0786840711623
452703,1,1,9,711.7220419415372
452707,1,1,8,471.7122593773117
452715,1,1,8,758.2603272591876
452717,1,1,6,765.1708437580429
452719,1,1,2,128.3241709048271
452725,1,1,3,70.7892583155513
452747,1,1,9,850.3809501597946
452790,1,1,8,812.7081456747742
452793,1,1,6,686.9302801740299
452795,1,1,9,808.7402519606147
452807,1,1,6,427.5164002569254
452812,1,1,4,0.42645458358136
452818,1,1,3,46.47022470119715
452844,1,1,9,681.9481586276119
452852,1,1,8,549.1932757740847
452867,1,1,8,489.0836768286677
452869,1,1,3,68.12942509192087
452870,1,1,9,878.0671208664813
452919,1,1,5,0.42645457969393247
452926,1,1,9,278.2038536207269
452944,1,1,9,116.0666927243254
452946,1,1,5,0.42645457969393247
452957,1,1,6,516.8817517094749
452958,1,1,8,561.4985610334546
452962,1,1,10,459.6596171254303
452965,1,1,8,205.1377232651217
452969,1,1,8,348.49293285622304
452975,1,1,7,67.04689424877908
452977,1,1,5,0.42645457969393247
452982,1,1,9,730.7376354398461
452985,1,1,4,0.42645458358136
453020,1,1,1,209.50523626241787
453023,1,1,4,0.42645458358136
453034,1,1,6,504.5821018790658
453040,1,1,1,489.25185338470993
453051,1,1,5,0.42645457969393247
453057,1,1,6,251.8180403846037
453064,1,1,8,761.5710508492663
453066,1,1,9,310.6652374894959
453081,1,1,9,799.6009198878893
453090,1,1,9,642.2602939894011
453102,1,1,8,916.8023011350367
453104,1,1,3,70.45934438843943
453117,1,1,2,190.26033385630254
453132,1,1,9,395.4206796854801
453137,1,1,2,410.2813454921681
453160,1,1,9,443.66175965748414
453187,1,1,3,90.79475692764973
453190,1,1,9,396.8666634208671
453193,1,1,4,0.42645458358136
453197,1,1,7,67.57288902846878
453206,1,1,5,0.42645457969393247
453207,1,1,4,0.42645458358136
453212,1,1,9,609.509663984856
453221,1,1,7,160.7812975225127
453225,1,1,4,0.42645458358136
453234,1,1,4,0.42645458358136
453236,1,1,9,854.6711829603328
453246,1,1,1,370.6849416667335
453263,1,1,4,0.42645458358136
453275,1,1,10,547.0510693740779
453302,1,1,8,813.052545133388
453327,1,1,9,832.733544852327
453342,1,1,4,0.42645458358136
453353,1,1,1,326.8544544243284
453354,1,1,4,0.42645458358136
453358,1,1,1,671.5889781816985
453365,1,1,8,406.72083209248245
453370,1,1,1,397.53369756599136
453380,1,1,9,646.599993935368
453390,1,1,6,183.28815847391337
453394,1,1,4,0.42645458358136
453401,1,1,6,191.26011529734626
453407,1,1,8,503.1240173841868
453408,1,1,2,208.5156442490983
453409,1,1,1,415.3500457350515
453416,1,1,10,322.2519289614064
453437,1,1,8,927.7291191770456
453445,1,1,9,610.0091156378943
453452,1,1,2,401.09910183653074
453464,1,1,4,0.42645458358136
453466,1,1,1,553.4891796175348
453471,1,1,9,565.3809274363992
453475,1,1,6,518.7883871684309
453476,1,1,9,790.2810368141908
453480,1,1,4,0.42645458358136
453481,1,1,1,504.29010328794317
453499,1,1,6,735.6086444188226
453500,0,1,0,0.12267918548016844
453505,1,1,9,868.0335048248055
453506,1,1,7,139.43456546718122
453511,1,1,4,0.42645458358136
453541,1,1,9,406.61490434079496
453548,1,1,7,91.05976750164206
453549,1,1,5,0.42645457969393247
453571,1,1,9,216.73208345674152
453573,1,1,5,0.42645457969393247
453577,1,1,4,0.42645458358136
453595,1,1,2,275.08543805494634
453605,1,1,5,0.42645457969393247
453607,1,1,8,399.2043938136279
453610,1,1,10,366.3323877022221
453611,1,1,8,896.7831373140689
453617,1,1,3,87.50769906720019
453653,1,1,10,711.6845260614714
453669,1,1,10,177.95737744495412
453674,1,1,7,85.73812514256872
453682,1,1,6,729.2923677935526
453683,1,1,9,652.5795055760168
453719,1,1,7,123.68907515409101
453726,1,1,9,587.5198371756184
453729,1,1,5,0.42645457969393247
453736,1,1,4,0.42645458358136
453737,1,1,8,697.2679587763521
453742,1,1,10,439.73224982614676
453750,1,1,8,854.5560848870806
453772,1,1,10,504.2316701315256
453781,1,1,1,426.64492944385444
453798,1,1,4,0.42645458358136
453807,1,1,7,37.74653106351727
453813,1,1,6,584.8242784324481
453830,1,1,8,915.5857802287134
453846,0,1,0,0.24079415924499137
453864,1,1,10,240.21081981841954
453865,1,1,4,0.42645458358136
453878,1,1,9,657.4718432650162
453888,1,1,5,0.42645457969393247
453898,1,1,8,697.855259109029
453901,1,1,5,0.42645457969393247
453906,1,1,5,0.42645457969393247
453909,1,1,8,724.9110720516145
453924,1,1,8,854.0994392633514
453930,1,1,5,0.42645457969393247
453932,1,1,6,334.37987799939407
453948,1,1,5,0.42645457969393247
453951,1,1,8,842.9194783069848
453962,1,1,9,242.6210636088481
453971,1,1,5,0.42645456789925423
453972,1,1,10,321.0562507669439
453974,1,1,8,796.3264362994842
453977,1,1,5,0.42645457969393247
454000,1,1,9,787.7547480730127
454005,1,1,5,0.42645457969393247
454006,1,1,4,0.42645458358136
454011,1,1,1,224.76034060568736
454018,1,1,5,0.42645457969393247
454020,1,1,1,674.8353725095031
454033,1,1,10,127.01235266144732
454044,1,1,8,645.0091373854982
454050,1,1,9,790.5920801625783
454057,1,1,6,526.0495878938372
454080,1,1,8,667.2495549791726
454095,1,1,4,0.42645458358136
454104,0,1,0,0.0849706157832055
454107,1,1,4,0.42645458358136
454109,1,1,6,463.84508970358826
454117,1,1,9,645.6683507815482
454120,1,1,9,451.37825494453193
454126,1,1,9,511.45425014252766
454132,1,1,6,797.8401607445729
454138,1,1,5,0.42645457969393247
454147,1,1,5,0.42645457969393247
454158,1,1,9,557.390280756148
454159,1,1,1,543.9205590876888
454167,1,1,8,820.2370186748108
454168,1,1,3,90.7699105609503
454172,1,1,10,466.2728811055447
454177,1,1,6,556.0172916087116
454179,1,1,6,619.8719800588267
454188,1,1,1,357.42919416059317
454189,1,1,5,0.42645457969393247
454215,1,1,6,511.4758496399524
454246,1,1,8,538.1952809837148
454251,1,1,6,432.4761180757705
454277,1,1,5,0.42645457969393247
454287,1,1,1,582.1150738920071
454292,1,1,9,579.524354108955
454295,1,1,4,0.42645458358136
454301,1,1,8,526.485365544719
454302,1,1,7,79.53557111155635
454324,1,1,7,173.31854146398115
454339,1,1,3,72.03492578583067
454348,1,1,6,472.4293363948177
454354,1,1,9,139.68434166241937
454362,1,1,1,429.005860712175
454387,1,1,9,546.0517217934853
454391,1,1,5,0.42645457969393247
454404,1,1,5,0.42645457969393247
454414,1,1,4,0.42645458358136
454416,1,1,6,223.805867761108
454433,1,1,8,351.73698693548266
454440,1,1,5,0.42645457969393247
454446,1,1,5,0.42645457969393247
454463,1,1,10,331.1270685571496
454495,1,1,10,176.01421164775414
454508,1,1,5,0.42645457969393247
454516,1,1,9,814.7470949355107
454526,1,1,9,815.0647853424713
454527,1,1,5,0.42645457969393247
454530,1,1,5,0.42645457969393247
454534,1,1,10,721.3530506935772
454536,1,1,5,0.42645456789925423
454544,1,1,9,614.5414973635528
454545,1,1,5,0.42645457969393247
454546,1,1,4,0.42645458358136
454548,1,1,8,811.8601741181561
454554,1,1,3,90.16318005974482
454587,1,1,10,477.34557137065315
454590,1,1,1,748.1654129551565
454592,1,1,9,682.947415043229
454601,1,1,9,506.33530236532886
454619,1,1,8,657.7166493947932
454624,1,1,9,836.2814113175878
454639,1,1,9,263.15804877430224
454647,1,1,6,663.9372044319083
454649,1,1,6,448.8644938156061
454650,1,1,10,255.92086755285936
454655,1,1,7,143.17100629933702
454659,1,1,9,781.2489822863402
454696,1,1,5,0.42645457969393247
454709,1,1,8,373.02178777603075
454712,1,1,7,130.0034228860949
454714,1,1,3,89.65065667457567
454723,1,1,5,0.42645457969393247
454732,1,1,10,149.2285170582483
454734,1,1,4,0.42645458358136
454735,1,1,6,656.3645691431865
454736,1,1,4,0.42645458358136
454751,1,1,6,403.53484007575287
454753,1,1,8,458.20954536982026
454754,1,1,1,671.4994258062875
454760,1,1,8,256.3113320523841
454777,1,1,8,326.1416170763701
454792,1,1,5,0.42645456789925423
454814,1,1,8,615.9160326025218
454817,1,1,1,211.3628314251497
454824,1,1,10,488.5897080572112
454880,1,1,4,0.42645458358136
454885,1,1,6,628.9663976657959
454888,0,1,0,0.2437073378781794
454890,1,1,9,168.47129878216802
454928,1,1,7,137.17644570247765
454950,1,1,2,398.0395003738683
454957,1,1,1,200.24821008866883
454959,1,1,6,453.3051543600468
454972,1,1,5,0.42645457969393247
454976,1,1,10,255.27528667909885
454979,1,1,8,659.5166117376887
454981,1,1,5,0.42645457969393247
454982,1,1,7,54.12446601377254
454985,1,1,6,474.66194887705456
454987,1,1,3,47.31096664240023
454992,1,1,5,0.42645457969393247
455003,1,1,6,369.04882032395744
455009,1,1,10,195.95618131578033
455011,1,1,2,287.72867605658047
455026,1,1,10,722.9212599655652
455033,1,1,4,0.42645458358136
455038,1,1,1,559.8350905277621
455074,1,1,5,0.42645457969393247
455080,1,1,5,0.42645457969393247
455082,1,1,7,164.77043121606815
455096,1,1,9,174.74812684365546
455100,1,1,4,0.42645458358136
455110,1,1,10,267.76006425523116
455137,1,1,2,163.78659559855828
455142,1,1,4,0.42645458358136
455144,1,1,5,0.42645457969393247
455151,1,1,4,0.42645458358136
455152,1,1,10,461.9951401971913
455155,1,1,5,0.42645457969393247
455163,1,1,9,746.9261180440047
455178,1,1,9,252.09219049358697
455180,1,1,9,843.2572643776397
455193,1,1,2,477.3376554803201
455194,1,1,9,104.73915666316806
455205,1,1,9,809.5574227683318
455213,1,1,9,777.5476260134393
455215,1,1,7,77.36077078292718
455251,1,1,10,286.06981327653835
455253,1,1,6,529.5867296924921
455259,1,1,8,916.7405991635773
455295,1,1,7,133.63555141908293
455306,1,1,5,0.42645457969393247
455309,1,1,4,0.42645458358136
455321,0,1,0,0.15456115243895746
455330,1,1,8,523.2753101809669
455340,1,1,10,459.87994270618765
455344,1,1,10,159.53289357119664
455349,1,1,9,578.505954463041
455356,1,1,7,71.72081989500109
455359,1,1,9,235.98874147832922
455360,1,1,8,577.6061565253057
455369,1,1,8,228.99406896305229
455380,1,1,5,0.42645457969393247
455394,1,1,7,99.63666470859353
455399,1,1,9,347.8504007203528
455409,1,1,10,549.9578502079327
455416,1,1,1,419.74890817445976
455427,1,1,5,0.42645457969393247
455438,1,1,9,355.98800622876973
455445,1,1,5,0.42645457969393247
455478,1,1,8,793.3623662934098
455492,1,1,4,0.42645458358136
455502,1,1,7,81.99558118526463
455505,1,1,10,354.44377359869367
455526,1,1,5,0.42645457969393247
455533,1,1,8,565.5452680734817
455540,0,1,0,0.15818869193193055
455546,1,1,9,745.2521578659198
455553,1,1,8,814.7086396279234
455564,1,1,4,0.42645458358136
455569,1,1,9,751.6233979701905
455572,1,1,7,67.66570530398516
455586,1,1,9,102.54150973824241
455590,1,1,7,93.27708393402143
455591,1,1,1,613.481560734604
455610,1,1,9,561.1347284131496
455618,1,1,6,797.8506047428322
455634,1,1,5,0.42645457969393247
455640,1,1,5,0.42645457969393247
455642,1,1,1,646.813903862094
455658,1,1,6,716.1018596404859
455686,1,1,8,454.9061153764337
455703,1,1,9,300.59206459062676
455712,1,1,6,221.42806872851585
455714,1,1,9,834.997118753409
455715,1,1,6,606.3470787075518
455741,1,1,5,0.42645456789925423
455765,1,1,4,0.4264545919581291
455772,1,1,9,865.4904285517156
455791,1,1,6,713.576651746226
455796,1,1,6,628.515129748696
455803,1,1,8,947.6742381219256
455838,0,1,0,0.16824330737775406
455845,1,1,6,150.05450372303244
455846,1,1,4,0.42645458358136
455860,1,1,9,448.5284598752277
455871,1,1,9,407.31456177438577
455885,1,1,3,36.74239011714935
455888,1,1,10,619.7601371164175
455890,1,1,2,63.57488781012206
455891,1,1,1,263.14064848693636
455896,1,1,1,258.43149544749764
455898,1,1,4,0.42645458358136
455902,1,1,9,700.4774063138433
455914,1,1,8,634.9958058692005
455919,1,1,6,548.768580163302
455925,1,1,8,534.0924442290736
455973,1,1,10,276.3644401309404
455975,1,1,6,435.159442550078
455979,1,1,6,286.5757784336491
455991,1,1,5,0.42645457969393247
456018,1,1,9,794.2792255063218
456036,1,1,9,547.5982005334928
456039,1,1,1,154.667739162904
456051,1,1,1,729.2582233872316
456061,1,1,10,417.2952814044412
456062,1,1,4,0.42645458358136
456076,1,1,8,463.95004114783677
456091,1,1,2,191.71894105614848
456105,1,1,8,507.68260881080954
456125,1,1,10,148.56373999572102
456144,1,1,10,719.9553903840891
456155,1,1,9,326.61971570095125
456161,1,1,4,0.42645458358136
456171,1,1,1,701.0876249018867
456182,1,1,4,0.42645458358136
456190,1,1,8,627.0751197053369
456206,1,1,6,753.9952294251012
456208,1,1,4,0.42645458358136
456211,1,1,1,337.40167843633105
456217,1,1,4,0.42645458358136
456220,1,1,8,274.7638747194694
456224,1,1,8,345.6565531132065
456225,1,1,8,280.5949845714564
456228,1,1,1,310.2188963813745
456229,1,1,9,428.26939257456837
456230,1,1,9,403.78392899714896
456233,1,1,9,422.1897774371306
456241,1,1,7,164.06811064595675
456247,1,1,10,720.9771784876546
456295,1,1,8,240.78130145144445
456327,1,1,10,393.85018777974665
456342,1,1,4,0.42645458358136
456343,1,1,4,0.42645458358136
456356,1,1,7,135.01580874009326
456361,1,1,6,568.7393952557245
456362,1,1,8,522.7608271249334
456364,1,1,5,0.42645457969393247
456367,1,1,8,576.737877767916
456368,1,1,4,0.42645458358136
456372,1,1,10,97.48812295528589
456388,1,1,9,807.4010833277791
456401,1,1,4,0.42645458358136
456419,1,1,9,571.3903792057936
456448,1,1,3,67.56503114050103
456451,1,1,10,225.57130475112965
456452,1,1,8,592.9235242279057
456460,1,1,8,868.5616062786944
456468,1,1,5,0.42645457969393247
456471,1,1,9,372.40990318903135
456482,1,1,5,0.42645457969393247
456502,1,1,8,595.4057678713076
456520,1,1,7,36.50080733596535
456521,1,1,2,483.4417391225457
456532,1,1,8,472.6482343376175
456537,1,1,8,719.7633225702281
456552,1,1,8,801.414334335764
456555,0,1,0,0.11064044760707219
456584,1,1,10,626.232192918262
456591,1,1,9,458.9647493292825
456607,1,1,2,397.0768166853439
456616,1,1,6,429.823060881786
456629,1,1,9,456.95496460844566
456634,1,1,8,482.5227074904688
456645,1,1,4,0.42645458358136
456651,1,1,9,403.4187788657562
456653,1,1,9,778.9017544463449
456656,1,1,8,765.6237482233436
456659,1,1,7,74.40335289430476
456668,1,1,9,735.4907583674078
456672,1,1,8,412.4872169839187
456682,1,1,1,671.3790877932223
456726,1,1,6,495.90735430168917
456728,1,1,6,254.21622060971134
456744,1,1,6,455.87013450072334
456746,1,1,5,0.42645457969393247
456748,1,1,10,301.59979708524713
456750,1,1,5,0.42645457969393247
456756,1,1,4,0.42645458358136
456769,1,1,8,556.0037541768891
456774,1,1,6,265.59363134983516
456786,1,1,5,0.42645457969393247
456798,1,1,8,203.25611410541126
456801,1,1,4,0.42645458358136
456806,1,1,7,90.57814406103081
456814,1,1,7,28.78228787716519
456821,1,1,9,299.55419609034465
456824,1,1,4,0.42645458358136
456832,1,1,7,114.80185663792358
456838,1,1,9,460.2328645975709
456848,1,1,1,491.2539239607713
456858,1,1,4,0.42645458358136
456863,1,1,5,0.42645457969393247
456900,1,1,9,580.6796317124208
456910,1,1,9,687.2720483154666
456912,1,1,8,731.8337078254199
456914,1,1,4,0.42645458358136
456918,1,1,10,201.12680853801987
456927,1,1,5,0.42645457969393247
456934,1,1,4,0.42645458358136
456938,1,1,5,0.42645457969393247
456948,1,1,10,429.85649829576374
456987,1,1,9,825.0047223206515
457011,1,1,5,0.42645457969393247
457015,1,1,8,488.6253280673786
457020,1,1,4,0.4264545919581291
457037,1,1,1,706.6111114783849
457045,1,1,4,0.42645458358136
457049,1,1,2,377.7360433495243
457052,1,1,10,460.22589746770154
457053,1,1,9,711.8776761537649
457070,1,1,6,770.4348350119354
457091,1,1,7,81.28564171353725
457097,1,1,1,602.52216078268
457119,1,1,10,292.32451598139824
457128,1,1,8,343.74222860670613
457136,1,1,7,77.37801599934
457138,1,1,9,886.251233830318
457151,1,1,6,312.19090860176965
457155,1,1,9,297.5639289992552
457160,1,1,1,386.8523589394741
457171,1,1,5,0.42645457969393247
457185,1,1,5,0.42645457969393247
457187,1,1,10,389.33046219624526
457197,1,1,4,0.42645458358136
457200,1,1,7,109.58438336276731
457204,1,1,5,0.42645457969393247
457210,1,1,9,875.899716359829
457213,1,1,9,482.7646298277876
457220,1,1,3,92.38939346715885
457227,1,1,9,880.788313322446
457229,1,1,8,658.4948094403984
457233,1,1,8,176.7700606239183
457264,1,1,1,584.1753873605145
457266,1,1,8,543.1280023973118
457270,1,1,8,356.2875829876201
457273,1,1,5,0.42645456789925423
457289,1,1,9,596.5403328905276
457303,1,1,9,391.34787728755515
457314,1,1,6,487.51257053115444
457317,1,1,9,860.9046434213057
457331,1,1,9,558.6839628202937
457339,1,1,8,921.2027264075582
457342,1,1,9,636.2173126666744
457350,1,1,9,336.06375515566367
457351,1,1,9,599.2712420698995
457359,1,1,6,721.4803699222515
457361,1,1,4,0.42645458358136
457386,1,1,9,441.00718335742033
457387,1,1,9,715.0771330334885
457398,1,1,5,0.42645457969393247
457401,1,1,9,137.22201477215097
457406,1,1,6,535.185384352051
457431,1,1,5,0.42645457969393247
457437,1,1,5,0.42645457969393247
457464,1,1,1,732.734898557956
457465,1,1,7,59.20079939710757
457471,1,1,8,674.4941419695944
457478,1,1,10,401.8103572374158
457480,1,1,8,865.3597851365578
457484,1,1,6,658.8298717220064
457490,1,1,6,744.9258380158225
457493,1,1,8,207.34228052508593
457521,1,1,4,0.42645458358136
457538,1,1,10,662.0636689227885
457540,1,1,6,426.61264360236106
457549,1,1,8,689.4948705376476
457550,1,1,8,932.3292846264267
457552,1,1,4,0.4264545919581291
457557,1,1,8,791.9982524353588
457558,1,1,8,649.3829442465249
457584,1,1,4,0.42645458358136
457589,1,1,7,148.189576711156
457590,1,1,2,359.5596567925577
457591,1,1,5,0.42645457969393247
457593,1,1,4,0.42645458358136
457601,1,1,8,253.9920649566622
457605,0,1,0,0.1033745823193698
457609,1,1,1,725.3717967275932
457612,1,1,1,682.2565594798496
457614,1,1,9,126.31310268929641
457617,1,1,7,134.92864600419736
457632,1,1,2,243.22313416031977
457639,1,1,1,461.836772119025
457644,1,1,5,0.42645457969393247
457663,1,1,5,0.42645457969393247
457673,1,1,7,84.40914414734279
457681,1,1,4,0.42645458358136
457701,1,1,1,609.4106734691178
457704,1,1,9,545.269208893049
457713,1,1,6,675.9227024040731
457721,1,1,10,291.11072491268794
457752,1,1,5,0.42645457969393247
457757,1,1,8,167.61920896991597
457760,1,1,1,609.0101121261154
457769,1,1,4,0.42645458358136
457783,1,1,10,659.322105147185
457794,1,1,9,515.0953478947578
457800,1,1,10,397.2344711213562
457807,1,1,10,206.7431311783298
457808,1,1,7,157.31232378344438
457837,1,1,4,0.4264545919581291
457879,1,1,6,511.9410687187614
457894,1,1,5,0.42645457969393247
457899,1,1,7,57.57480129326998
457911,1,1,8,911.8221271602304
457913,1,1,9,579.8909762394786
457924,1,1,1,668.7984852838471
457927,1,1,2,447.5656102922192
457932,1,1,8,868.6012167479857
457934,1,1,7,11.839597421622662
457935,1,1,9,715.111582642652
457940,1,1,9,635.0855832423083
457962,1,1,9,500.8861827471225
457963,1,1,1,539.2018632515604
457971,1,1,4,0.42645458358136
457978,1,1,10,399.05681771179883
457980,1,1,8,747.1894968416576
457986,1,1,4,0.42645458358136
457989,1,1,2,133.96785159186584
457992,1,1,6,233.26445372516343
457996,1,1,5,0.42645457969393247
457998,1,1,5,0.42645457969393247
458004,1,1,6,774.6557962049828
458006,1,1,9,497.08039473368814
458011,1,1,10,545.8287820886682
458026,1,1,7,39.53853622171178
458028,1,1,7,156.56629063919522
458035,1,1,9,845.1776471658588
458064,1,1,3,68.18980555854668
458073,1,1,10,600.8575547519624
458093,1,1,1,647.2600963786201
458097,1,1,6,437.4977837118269
458122,1,1,6,431.2982023496586
458133,1,1,3,69.51429731426963
458137,1,1,4,0.42645458358136
458145,1,1,1,239.34647697644598
458154,1,1,9,263.2328993070888
458165,1,1,4,0.42645458358136
458181,1,1,6,535.1775777033289
458194,1,1,4,0.42645458358136
458202,1,1,9,594.0224244902352
458212,1,1,9,442.90356276020464
458218,1,1,8,556.763337400538
458220,1,1,9,601.6952908956966
458237,1,1,1,579.2635820396945
458244,1,1,4,0.42645458358136
458246,1,1,6,554.1952513025793
458248,1,1,2,47.4856397997902
458270,1,1,4,0.42645458358136
458276,1,1,9,782.2059523385365
458280,1,1,1,408.6881909223904
458284,1,1,9,416.74961518297846
458330,1,1,10,509.8183555080995
458349,1,1,5,0.42645457969393247
458380,1,1,6,465.4962149727574
458387,1,1,10,426.7411087429897
458421,1,1,9,862.2961113138925
458424,1,1,8,936.9737010552916
458436,1,1,9,808.4294976079148
458447,1,1,5,0.42645457969393247
458448,1,1,8,885.1784982912634
458455,1,1,1,248.14672430528273
458476,1,1,5,0.42645457969393247
458486,1,1,4,0.4264545919581291
458490,1,1,9,458.8259138615332
458518,1,1,6,444.2665413737362
458519,1,1,8,305.21308265093546
458526,1,1,8,547.239467553655
458531,1,1,10,450.4511177249072
458535,0,1,0,0.11063953319253474
458547,1,1,4,0.42645458358136
458550,1,1,6,523.4537916496864
458565,1,1,5,0.42645457969393247
458569,1,1,5,0.42645457969393247
458575,1,1,9,747.8252939481307
458581,1,1,3,92.73826498577776
458586,1,1,9,769.3948089001431
458592,1,1,2,289.8219542575383
458593,1,1,1,175.0379701838883
458599,1,1,2,176.1961513598589
458614,1,1,6,620.453356747738
458623,1,1,6,229.52371749406495
458629,1,1,8,543.6495309245986
458634,1,1,4,0.42645458358136
458636,1,1,9,814.587444849727
458638,1,1,4,0.42645458358136
458658,1,1,10,503.6272947537274
458670,1,1,5,0.42645457969393247
458682,1,1,3,92.9039899115843
458687,1,1,10,705.719592766321
458706,1,1,2,477.9410614973892
458710,1,1,8,743.8092503093699
458721,1,1,8,865.600351259597
458747,0,1,0,0.16350129243698422
458748,1,1,4,0.42645458358136
458751,1,1,9,106.09384758737781
458756,1,1,2,466.3324807130514
458777,1,1,9,634.9480984257815
458787,1,1,9,819.3029776192363
458804,1,1,10,719.6193228382671
458807,1,1,6,480.48613723718086
458817,1,1,8,540.6254622670237
458821,1,1,5,0.42645457969393247
458830,1,1,10,91.40737279497634
458854,1,1,6,592.9278284859578
458868,1,1,3,81.73669854919443
458871,1,1,9,508.76813356732487
458873,1,1,1,373.94600557768155
458882,1,1,6,158.31730158555857
458888,1,1,4,0.42645458358136
458889,1,1,10,252.25065402881918
458892,1,1,7,155.94387551641995
458894,1,1,6,546.4505419555456
458897,1,1,5,0.42645457969393247
458900,1,1,9,810.0893331037868
458909,1,1,6,300.5104094797328
458912,1,1,6,467.13951094006933
458917,1,1,10,720.6247976188207
458919,1,1,8,605.7615626984779
458926,1,1,9,498.2699466934074
458929,1,1,8,256.16197019688224
458933,1,1,8,494.86064140081015
458945,1,1,10,631.2964643688414
458949,1,1,8,515.7272314078182
458953,1,1,3,77.42317044703604
458964,1,1,6,556.265297912622
458980,1,1,6,232.01962754960095
458987,1,1,9,203.0946723603538
459004,1,1,4,0.4264545919581291
459012,1,1,10,458.65310141098746
459017,1,1,6,783.9379307686033
459039,1,1,6,658.9100625819639
459044,1,1,7,92.74186487471867
459082,1,1,6,326.48663540021414
459087,1,1,6,800.2126677221974
459091,1,1,8,661.6406604912598
459104,1,1,5,0.42645457969393247
459146,1,1,10,548.0962036500408
459166,1,1,5,0.42645457969393247
459167,1,1,5,0.42645457969393247
459169,1,1,6,391.9857530914023
459176,0,1,0,0.16303340152541987
459178,1,1,6,546.0609894601378
459181,1,1,10,539.5972785909267
459184,1,1,9,762.7172456151588
459200,1,1,6,446.56936976180873
459217,1,1,9,818.9639742486338
459224,1,1,2,397.29736921497226
459227,1,1,9,711.9150367760465
459249,1,1,1,609.7870994871078
459256,1,1,9,609.7598823789094
459258,1,1,8,647.1340626432509
459268,1,1,9,811.0913845381957
459278,1,1,8,858.1485483294939
459280,1,1,9,842.9326404533152
459314,1,1,5,0.42645457969393247
459329,1,1,9,335.0660697189833
459344,1,1,5,0.42645457969393247
459355,1,1,4,0.42645458358136
459373,1,1,5,0.42645456789925423
459385,1,1,2,209.507558631413
459397,1,1,9,509.6859445388439
459437,1,1,8,366.99087427063427
459459,1,1,9,871.4439608240697
459460,0,1,0,0.12281140735900765
459461,1,1,5,0.42645457969393247
459479,1,1,1,719.4888557043774
459487,1,1,7,114.60688778147441
459492,1,1,8,301.8553336527039
459504,1,1,2,279.15407332971955
459512,1,1,10,720.075822156978
459521,1,1,8,610.7249000842453
459527,1,1,3,90.18045937778211
459534,1,1,5,0.42645457969393247
459546,1,1,2,61.46575571040586
459548,1,1,8,219.70527965016151
459551,1,1,3,67.90941421375267
459568,1,1,6,207.96657620030976
459577,1,1,8,891.9712902867726
459585,1,1,9,526.7323377114933
459589,1,1,9,416.68044555867004
459637,1,1,8,500.6513409589866
459646,1,1,6,333.6809000093952
459649,1,1,5,0.42645457969393247
459662,1,1,7,74.86842339229894
459668,1,1,1,689.6430200582478
459673,1,1,8,341.05962480725265
459676,1,1,10,724.5365115359323
459684,1,1,10,637.79052742473
459687,1,1,9,619.1810848414782
459710,1,1,9,562.0252437938584
459713,1,1,3,89.73509813190185
459722,1,1,2,235.89224096819737
459745,1,1,1,305.2700215652258
459753,1,1,4,0.42645458358136
459756,1,1,8,241.23265728733904
459761,1,1,6,791.4584206921246
459769,1,1,4,0.42645458358136
459772,1,1,9,732.3777244379692
459773,1,1,3,86.95496283265514
459781,1,1,2,373.6823831187589
459783,1,1,9,297.8210334739672
459786,1,1,8,763.2909318853807
459791,1,1,9,788.1103284497605
459793,1,1,8,219.06294272674498
459806,1,1,6,799.9626476469795
459810,1,1,3,88.82753577790403
459811,1,1,10,199.59196162502295
459815,1,1,9,194.24371328870927
459830,1,1,1,307.23985345212486
459835,1,1,10,634.8552998547203
459863,1,1,10,501.59558496077244
459887,1,1,2,308.61667724083065
459890,1,1,7,127.6726145727461
459919,1,1,5,0.42645457969393247
459921,1,1,2,447.5571889786867
459925,1,1,6,207.61359882507804
459937,1,1,9,640.4675633922118
459949,1,1,3,89.94248869795058
459953,1,1,10,378.8062710569877
459963,1,1,7,91.38348668396029
459966,1,1,3,90.70153479598044
459971,1,1,8,887.514850043755
459976,1,1,6,158.6025369745663
459982,1,1,1,316.20319891852824
459988,1,1,7,105.6740414610936
459994,1,1,5,0.42645457969393247
460002,1,1,4,0.42645458358136
460013,1,1,10,196.3478415865975
460019,1,1,6,225.81024819260034
460040,1,1,9,850.0856392306472
460067,1,1,8,757.9905705643135
460071,1,1,4,0.42645458358136
460072,1,1,6,246.92638397329637
460091,1,1,10,504.82792855950834
460095,1,1,9,560.5986540817843
460107,1,1,7,100.71605943132856
460121,1,1,8,152.115718280098
460123,1,1,5,0.42645457969393247
460127,1,1,4,0.42645458358136
460136,1,1,6,713.9364167941166
460142,1,1,7,89.14962875028671
460156,1,1,5,0.42645457969393247
460167,1,1,5,0.42645457969393247
460177,1,1,10,569.8109336259154
460194,1,1,9,618.2101715940662
460199,1,1,7,129.76229679237076
460211,1,1,9,424.3398585064368
460227,1,1,9,787.0404910712784
460246,1,1,4,0.42645458358136
460253,1,1,6,695.8201057474873
460256,1,1,6,200.94133314410018
460262,1,1,9,498.2082522083294
460264,1,1,6,205.46180549180198
460301,1,1,1,375.84846968091006
460302,1,1,8,786.3097251419869
460303,1,1,10,709.394741203738
460304,1,1,9,620.0742794027641
460314,1,1,3,55.42887157361544
460324,1,1,7,68.43150651274811
460337,1,1,5,0.42645457969393247
460351,1,1,8,457.04938814597244
460357,1,1,9,777.5253445117911
460365,1,1,4,0.42645458358136
460379,1,1,1,627.5453028465346
460385,1,1,8,548.5435720878747
460402,1,1,9,117.56626447732421
460416,1,1,4,0.42645458358136
460421,1,1,9,710.8631543451484
460422,1,1,6,592.6794196115283
460423,1,1,4,0.42645458358136
460429,1,1,3,87.54086623571801
460450,1,1,4,0.42645458358136
460479,1,1,4,0.42645458358136
460490,1,1,8,693.5861515081176
460497,1,1,8,213.74242912340304
460504,1,1,6,646.6901019749506
460516,1,1,5,0.42645457969393247
460557,1,1,4,0.42645458358136
460561,1,1,4,0.42645458358136
460574,1,1,6,780.8646419854729
460576,1,1,9,450.82673204753553
460578,1,1,4,0.42645458358136
460581,1,1,10,491.8227725128692
460588,1,1,5,0.42645457969393247
460594,1,1,9,468.7213930087717
460595,1,1,4,0.42645458358136
460599,1,1,10,679.3145131134406
460605,1,1,1,602.3137014499798
460607,1,1,6,463.1299503350106
460632,1,1,9,854.7106341917163
460641,1,1,8,345.68597455268184
460644,1,1,8,531.9477146366145
460649,1,1,9,873.2078734717873
460660,1,1,4,0.42645458358136
460676,1,1,9,886.0261623681689
460683,1,1,10,138.0709970567536
460698,1,1,8,756.4633558274043
460707,1,1,6,555.9098282085903
460716,1,1,8,396.8143670221341
460724,1,1,10,618.1372120838512
460728,1,1,7,103.43006882518569
460729,1,1,3,86.41490715434742
460744,1,1,10,167.07756787697488
460760,1,1,1,283.7336000357348
460764,1,1,8,697.648703492472
460766,1,1,4,0.42645458358136
460782,1,1,6,677.9111702373544
460788,1,1,6,232.49267102428428
460822,1,1,3,89.881021519012
460825,1,1,8,741.758863079246
460826,1,1,1,319.97097256164506
460829,1,1,1,607.058167720414
460863,1,1,8,171.23024987686446
460865,1,1,10,718.2155190842407
460866,1,1,7,168.7130696492215
460868,1,1,2,298.6256281274591
460874,1,1,4,0.42645458358136
460889,1,1,1,753.5877412424801
460896,1,1,10,424.396876506979
460898,1,1,10,562.0600140802708
460909,1,1,10,638.4955670844098
460920,1,1,10,718.6380816446228
460942,1,1,9,437.61306443076234
460958,1,1,5,0.42645457969393247
460967,1,1,9,798.5678783099878
460970,1,1,10,197.376034434845
460983,1,1,10,388.1433616565394
461006,1,1,4,0.42645458358136
461013,1,1,8,666.7390938622755
461016,1,1,9,795.4769870724145
461023,1,1,6,437.23624608546885
461039,1,1,5,0.42645457969393247
461041,1,1,3,69.16594856308443
461047,1,1,4,0.42645458358136
461056,1,1,9,526.6968654481817
461067,0,1,0,0.0974569182088676
461071,1,1,10,317.50131283949594
461084,1,1,1,598.613794954112
461085,1,1,5,0.42645457969393247
461086,1,1,10,637.4253593860511
461095,1,1,9,696.1122197028336
461109,1,1,2,383.75234228721973
461122,1,1,3,80.83991665624703
461129,1,1,8,938.478224126363
461132,1,1,10,138.41215078018377
461146,1,1,8,729.6901405757468
461147,1,1,8,766.245805655549
461150,1,1,5,0.42645457969393247
461152,1,1,7,32.70902634403834
461154,1,1,4,0.42645458358136
461161,1,1,3,85.82410985524085
461167,1,1,4,0.4264545919581291
461172,1,1,5,0.42645457969393247
461182,1,1,5,0.42645457969393247
461217,1,1,8,812.4520962198366
461232,1,1,4,0.42645458358136
461254,1,1,5,0.42645457969393247
461264,1,1,9,482.64337251151466
461265,1,1,8,643.5320520287053
461271,1,1,6,716.7004099486251
461277,1,1,5,0.42645457969393247
461278,1,1,3,81.3520482095679
461288,1,1,6,179.08739286719103
461292,1,1,5,0.42645457969393247
461300,1,1,1,507.1019409162286
461312,1,1,2,430.922605989074
461323,1,1,5,0.42645457969393247
461351,1,1,7,63.67794900421938
461360,1,1,6,484.34006236858664
461387,1,1,9,776.7957485559502
461389,1,1,4,0.42645458358136
461402,1,1,6,784.6693206255853
461442,1,1,8,397.2171200259667
461455,1,1,5,0.42645457969393247
461461,1,1,8,374.20360213244976
461469,1,1,9,602.5023319900457
461475,1,1,10,590.6081121746297
461486,1,1,3,92.04752956287525
461503,1,1,7,80.5212368137346
461576,1,1,9,884.2206421065711
461587,1,1,10,283.1891925001551
461624,1,1,8,744.5212170736098
461652,1,1,8,291.9417785739752
461654,1,1,4,0.4264545919581291
461664,1,1,8,722.4925777575606
461665,1,1,4,0.42645458358136
461672,1,1,9,200.23661006505347
461688,1,1,9,166.79548356779569
461694,1,1,9,438.89331424022595
461697,1,1,7,163.1194559527045
461702,1,1,5,0.42645457969393247
461710,1,1,4,0.42645458358136
461722,1,1,7,106.71358896005795
461725,1,1,6,679.2270280807145
461729,1,1,4,0.42645458358136
461734,1,1,6,205.31187901737906
461745,1,1,6,632.0971749318923
461750,1,1,4,0.42645458358136
461760,1,1,5,0.42645457969393247
461770,1,1,8,591.5436668122173
461774,1,1,9,864.4918267930418
461790,1,1,9,550.8679803741658
461802,1,1,9,431.8840618440685
461818,1,1,8,594.0430406820711
461831,1,1,6,537.6648066829637
461836,1,1,9,587.1841778350381
461837,1,1,9,496.8259016636169
461867,1,1,7,39.915923256270624
461887,1,1,5,0.42645457969393247
461888,1,1,5,0.42645457969393247
461908,1,1,2,201.6982468269028
461951,1,1,5,0.42645457969393247
461960,1,1,6,146.21508324801974
461966,1,1,6,800.1953964156676
461970,1,1,10,492.85249751218464
461974,1,1,5,0.42645456789925423
461979,1,1,5,0.42645457969393247
461983,1,1,9,622.6665431963532
461992,1,1,3,82.4970156411354
461994,1,1,9,727.7162177805925
461997,1,1,5,0.42645457969393247
462000,1,1,9,591.9680831677576
462004,1,1,9,869.281221025681
462031,1,1,4,0.42645458358136
462036,1,1,7,167.24542808015107
462041,1,1,7,83.71335179086942
462044,1,1,5,0.42645457969393247
462045,1,1,9,76.24375243409666
462052,1,1,8,706.9189877801708
462055,1,1,9,529.8635857960593
462069,1,1,1,218.01730868770386
462070,1,1,6,167.15835670120833
462076,1,1,5,0.42645457969393247
462093,1,1,9,874.309316021659
462120,1,1,8,342.10072989776734
462123,1,1,5,0.42645457969393247
462138,1,1,6,210.68381397520838
462141,1,1,4,0.42645458358136
462146,1,1,10,667.7402466438583
462149,1,1,10,403.8066354849655
462158,1,1,5,0.42645457969393247
462164,1,1,4,0.42645458358136
462166,1,1,2,330.16243710500135
462180,1,1,9,790.7045956173023
462214,1,1,8,417.80655401493203
462246,1,1,4,0.42645458358136
462251,1,1,10,396.84733273960757
462252,1,1,6,287.7677990410791
462260,1,1,5,0.42645457969393247
462261,1,1,6,624.5644237809463
462265,1,1,4,0.42645458358136
462277,1,1,5,0.42645457969393247
462280,1,1,5,0.42645457969393247
462281,1,1,7,76.24826706476287
462282,1,1,9,466.37374447865085
462303,1,1,9,681.7919761534906
462311,1,1,6,515.8486852724005
462312,1,1,9,542.8906991253616
462316,1,1,10,642.2826103725303
462336,1,1,9,330.74193881528043
462342,1,1,9,605.5098123443037
462344,1,1,9,739.3715756742919
462345,1,1,5,0.42645457969393247
462399,1,1,1,631.5322374197335
462403,1,1,6,437.15927967304214
462421,1,1,8,405.7907306949954
462436,1,1,9,860.0560693005493
462437,1,1,4,0.42645458358136
462448,1,1,1,389.9076884468691
462471,1,1,8,411.63213385184497
462474,1,1,4,0.42645458358136
462491,1,1,10,446.9586342275552
462494,1,1,5,0.42645457969393247
462523,1,1,6,740.5234522894322
462599,1,1,5,0.42645457969393247
462607,1,1,1,293.9404756894141
462609,1,1,9,376.52956488698226
462620,1,1,6,543.6680753295827
462630,1,1,7,168.4329567793637
462631,1,1,5,0.42645456789925423
462638,1,1,9,361.00270981124896
462647,1,1,5,0.42645457969393247
462661,1,1,9,771.2465784897781
462670,0,1,0,0.1623244277040357
462703,1,1,7,80.86996462765303
462707,1,1,10,600.9974657531985
462710,1,1,4,0.42645458358136
462735,0,1,0,0.15565033183981544
462744,1,1,10,459.51207593916223
462759,1,1,4,0.42645458358136
462779,1,1,8,263.9275358104651
462800,1,1,5,0.42645457969393247
462812,1,1,4,0.42645458358136
462815,1,1,9,832.8946402790573
462831,1,1,4,0.42645458358136
462834,1,1,7,133.52625722316628
462839,1,1,4,0.42645458358136
462841,1,1,5,0.42645457969393247
462846,1,1,9,776.8700766875329
462874,1,1,4,0.42645458358136
462888,1,1,6,529.9392712661204
462891,1,1,5,0.42645457969393247
462911,1,1,10,359.7598613724227
462914,1,1,4,0.42645458358136
462918,1,1,10,245.08534780655518
462948,1,1,4,0.42645458358136
462963,1,1,9,862.045677259808
462966,1,1,4,0.42645458358136
462969,1,1,1,538.8779264875697
462982,1,1,7,55.04579894940411
462991,1,1,5,0.42645456789925423
462992,1,1,10,719.7892704960344
463008,1,1,9,814.4008460125098
463011,1,1,7,167.11790874047185
463041,1,1,2,353.22261627177915
463049,1,1,9,614.7442066468319
463055,1,1,9,262.3397719835605
463081,1,1,5,0.42645457969393247
463084,1,1,9,525.5808462626459
463111,1,1,4,0.42645458358136
463112,1,1,9,749.0685410709477
463115,1,1,10,722.6231518894286
463126,1,1,8,251.80125592827514
463133,1,1,5,0.42645457969393247
463134,1,1,5,0.42645457969393247
463135,1,1,9,520.4991552107517
463142,1,1,6,429.05261344521966
463143,1,1,6,479.26254341407537
463177,1,1,6,506.7038326779475
463182,1,1,8,938.3050506092081
463185,1,1,5,0.42645457969393247
463194,1,1,9,824.6338227021504
463202,1,1,9,538.8365965082742
463214,1,1,9,192.16603108002104
463220,1,1,10,382.4995969107802
463221,1,1,1,708.3062866126584
463247,0,1,0,0.16212297334509934
463267,1,1,6,793.2096273856523
463273,1,1,5,0.42645457969393247
463280,1,1,4,0.42645458358136
463286,1,1,9,821.9858756364081
463301,1,1,5,0.42645457969393247
463303,1,1,8,613.0228112256995
463316,1,1,1,427.5163596535975
463319,1,1,7,77.23904222447975
463339,1,1,8,467.126505433017
463341,1,1,4,0.42645458358136
463354,1,1,8,176.4391315511266
463359,1,1,5,0.42645457969393247
463382,1,1,10,322.639280668862
463386,1,1,6,792.8501399562006
463401,1,1,8,342.02071287327533
463416,1,1,9,513.6322282583224
463433,1,1,5,0.42645457969393247
463443,1,1,4,0.42645458358136
463446,1,1,4,0.42645458358136
463454,1,1,5,0.42645457969393247
463471,1,1,3,53.80551856641232
463478,1,1,9,738.0403735929187
463494,1,1,8,458.47137888095796
463498,1,1,6,706.7002778306663
463499,1,1,6,713.7920265131679
463501,1,1,6,659.931741003304
463505,1,1,8,488.93031309807014
463513,1,1,10,480.3906329428207
463531,1,1,5,0.42645457969393247
463549,1,1,8,682.5787644298139
463551,1,1,5,0.42645457969393247
463568,1,1,4,0.42645457969393247
463579,1,1,5,0.42645457969393247
463583,1,1,8,641.9718031748573
463600,1,1,8,453.8997554424063
463604,1,1,9,674.3961024291171
463606,1,1,10,314.98134394483986
463625,1,1,10,192.8786212612585
463636,1,1,9,383.2199551440374
463664,1,1,1,578.4688087916503
463681,0,1,0,0.11609473122142122
463725,1,1,1,604.4438627214241
463733,1,1,6,800.0545472329259
463736,1,1,10,148.42019628433397
463749,1,1,9,505.98132294350023
463751,1,1,4,0.42645458358136
463754,1,1,8,487.97135873093447
463760,1,1,10,721.5546308473387
463770,1,1,4,0.42645458358136
463797,1,1,7,41.942907204451366
463838,1,1,9,566.4319462393473
463845,1,1,5,0.42645457969393247
463846,1,1,10,387.37496658550424
463870,1,1,8,591.6682199634788
463909,1,1,7,62.19092877557801
463924,1,1,1,750.5139740142655
463939,1,1,8,471.54618113852825
463951,1,1,10,121.93518933267725
463964,1,1,9,71.57062072704542
463968,1,1,9,713.1270198212745
464008,1,1,10,720.2369734600748
464011,1,1,5,0.42645457969393247
464018,1,1,8,430.33005435775505
464020,1,1,8,698.127076770659
464032,1,1,8,200.25991006556347
464043,1,1,4,0.42645458358136
464047,1,1,5,0.42645457969393247
464051,1,1,8,539.243491308564
464061,1,1,10,416.84169154007606
464071,1,1,9,868.5783695853286
464074,0,1,0,0.1425976698139335
464081,1,1,5,0.42645457969393247
464083,1,1,4,0.42645458358136
464101,1,1,10,546.704196822558
464103,1,1,9,425.93377909085916
464109,1,1,8,274.4807302846727
464116,1,1,9,246.6821385477841
464118,1,1,10,452.9249911734583
464122,1,1,5,0.42645457969393247
464146,1,1,6,500.7798402516967
464208,1,1,10,394.08617161584016
464219,1,1,1,599.1653084740572
464224,1,1,3,88.32885807785864
464232,1,1,6,497.947794593661
464247,1,1,10,581.5052479202529
464251,1,1,4,0.42645458358136
464263,1,1,5,0.42645457969393247
464283,1,1,5,0.42645457969393247
464285,1,1,6,366.95101271766083
464289,1,1,8,811.318867743318
464292,1,1,4,0.42645458358136
464348,1,1,10,664.9886215124732
464349,1,1,9,663.5638632021477
464356,0,1,0,0.12093649418902054
464357,1,1,1,650.104600961962
464362,1,1,7,67.77742347621955
464373,1,1,5,0.42645457969393247
464384,1,1,6,665.8579973554938
464402,1,1,9,147.48565059871456
464411,1,1,8,709.9481137327778
464417,1,1,6,215.1837879753861
464420,1,1,3,37.57935876663727
464426,1,1,9,628.7083477733524
464427,1,1,8,859.2198961691691
464434,1,1,2,179.95366902420653
464438,1,1,6,433.108194174011
464446,1,1,9,854.5180396707221
464456,1,1,5,0.42645457969393247
464462,1,1,1,449.45748951016293
464464,1,1,4,0.42645458358136
464466,1,1,5,0.42645457969393247
464469,1,1,5,0.42645457969393247
464478,1,1,7,98.53536515824858
464479,1,1,1,683.9431502501149
464480,1,1,5,0.42645457969393247
464508,1,1,8,620.6753216873739
464521,1,1,6,413.12860314081087
464528,1,1,9,704.6702218680401
464549,1,1,6,801.4224989628794
464561,1,1,4,0.42645458358136
464566,1,1,8,351.9342024067584
464570,1,1,9,596.6128454007286
464572,1,1,4,0.42645458358136
464580,1,1,4,0.42645458358136
464586,1,1,9,125.15798841137513
464594,1,1,4,0.42645458358136
464598,1,1,8,869.2739007759449
464599,1,1,4,0.42645458358136
464600,1,1,10,715.6151826392988
464601,1,1,9,515.5978359226021
464603,1,1,1,598.9983184989808
464608,1,1,1,411.82883583135856
464610,1,1,4,0.42645458358136
464612,1,1,4,0.4264545919581291
464617,1,1,9,726.5592144702604
464619,1,1,8,743.4318653653274
464645,1,1,6,435.62779609010397
464646,1,1,6,204.1051149233399
464653,1,1,1,568.3140999571192
464656,1,1,1,728.1352037193546
464674,0,1,0,0.12312581703970561
464706,1,1,2,323.6200168302499
464711,1,1,10,180.94221673062128
464728,1,1,9,35.845573041057634
464731,1,1,8,291.26613425200645
464740,1,1,6,555.4023086869099
464743,1,1,10,454.18118459705784
464750,1,1,9,724.6647723832443
464752,1,1,6,651.0386257720314
464754,1,1,6,333.0443441695513
464765,1,1,4,0.42645458358136
464769,1,1,8,547.1909542250618
464778,1,1,9,853.8640768105516
464828,1,1,6,234.17647032797458
464843,1,1,10,521.4584647116067
464849,1,1,3,85.5829313810693
464856,1,1,6,784.2238442839666
464860,1,1,5,0.42645457969393247
464893,1,1,5,0.42645457969393247
464899,1,1,4,0.42645458358136
464902,1,1,4,0.42645458358136
464921,1,1,3,46.16238427709053
464934,1,1,9,316.0219070916106
464949,1,1,10,309.9142569924583
464957,1,1,4,0.42645458358136
464979,1,1,4,0.4264545919581291
465023,1,1,3,88.7906705740613
465032,1,1,5,0.42645457969393247
465045,1,1,4,0.42645458358136
465078,1,1,10,369.66922667044935
465112,1,1,5,0.42645457969393247
465117,1,1,8,498.7023220376112
465123,1,1,10,168.6594927612077
465135,1,1,9,793.8104967300069
465142,1,1,10,659.6889770260583
465152,1,1,6,556.7937778055738
465155,1,1,6,444.2128853031825
465161,1,1,9,618.5620617810482
465180,1,1,8,865.4365384368846
465186,1,1,9,662.6435153171639
465187,1,1,3,91.9240744038742
465192,1,1,10,271.65769845863144
465208,1,1,10,663.4103385384038
465216,1,1,6,776.2372480170865
465267,1,1,2,416.1426277455422
465271,1,1,8,719.7290323255683
465272,1,1,10,719.8643735353867
465277,1,1,10,563.3902614442273
465283,1,1,1,631.1075458843618
465296,1,1,4,0.42645458358136
465300,1,1,8,693.2790085003213
465303,1,1,6,412.15555955891153
465310,1,1,6,671.8823291937698
465311,1,1,1,764.3905888585274
465318,1,1,5,0.42645457969393247
465322,1,1,4,0.42645458358136
465325,1,1,9,427.64869917647206
465357,1,1,9,312.9716720448437
465378,1,1,7,166.87470315442485
465402,1,1,10,674.288735910412
465436,1,1,8,647.5046579262147
465440,1,1,9,160.9851322372017
465441,1,1,8,453.25529918213465
465444,1,1,7,166.33478287482768
465461,1,1,5,0.42645457969393247
465488,1,1,2,275.2293886271013
465492,1,1,10,179.8714536812296
465525,1,1,4,0.42645458358136
465538,1,1,4,0.42645458358136
465540,1,1,6,783.4522279328984
465551,1,1,9,494.30410625516015
465554,1,1,4,0.42645458358136
465567,1,1,4,0.42645458358136
465570,0,1,0,0.1079243517601986
465577,1,1,5,0.42645457969393247
465608,1,1,6,122.88485418285572
465610,1,1,5,0.42645457969393247
465620,1,1,7,79.32298926579296
465630,1,1,3,53.91125451543308
465644,1,1,9,485.52470385303496
465647,1,1,4,0.42645458358136
465654,1,1,2,387.0170115864674
465666,1,1,7,167.9863888904843
465671,1,1,5,0.42645457969393247
465686,1,1,9,104.2540480949596
465696,1,1,3,40.12865433790573
465697,1,1,9,738.9027017450804
465704,1,1,4,0.42645458358136
465711,1,1,2,159.49839477640523
465712,1,1,8,386.524838625382
465731,1,1,2,298.5091423578477
465759,1,1,10,220.0850150391272
465779,1,1,7,62.78763654968196
465783,1,1,3,91.94658155159121
465795,1,1,2,465.60592619029427
465797,1,1,8,0.43381364235003234
465798,1,1,4,0.42645458358136
465802,1,1,9,711.7532147666486
465811,1,1,8,405.32083204118635
465817,1,1,4,0.42645458358136
465820,1,1,5,0.42645457969393247
465825,1,1,7,118.43281428174632
465857,1,1,5,0.42645457969393247
465865,1,1,8,398.876384044382
465874,1,1,2,311.8314164506172
465876,1,1,3,63.44114947486263
465889,1,1,4,0.42645458358136
465904,1,1,6,618.6033682521874
465914,1,1,6,276.058076055281
465931,1,1,9,581.6462336316638
465955,1,1,6,361.6563032086975
465969,1,1,1,223.57395330775032
465975,1,1,5,0.42645457969393247
465979,1,1,5,0.42645457969393247
465987,1,1,6,261.67020388098945
465988,1,1,9,837.6190004035236
466003,1,1,10,444.01663413765806
466010,1,1,4,0.42645458358136
466012,1,1,10,699.7298691377262
466026,1,1,6,238.55328398377534
466032,1,1,9,427.3709660080128
466039,1,1,1,295.22565803946634
466044,1,1,5,0.42645456789925423
466081,1,1,9,725.346617349696
466082,1,1,9,188.7891526510831
466083,0,1,0,0.11679022976985166
466091,1,1,4,0.42645458358136
466104,0,1,0,0.11385976184193057
466112,1,1,10,421.16780768222105
466116,1,1,7,124.23365645645441
466139,1,1,6,738.6782038004883
466149,1,1,1,454.9015570517963
466164,1,1,2,383.8718140219222
466180,1,1,10,288.04022608275665
466183,1,1,1,729.8257532157784
466190,1,1,9,769.8255046919613
466204,1,1,7,149.92343652050332
466216,1,1,6,550.9981480833534
466217,1,1,8,762.6181813193767
466222,1,1,10,669.2780238964318
466225,1,1,8,872.3547447897492
466229,1,1,5,0.42645457969393247
466235,1,1,5,0.42645457969393247
466245,1,1,9,458.2185861342759
466251,1,1,6,406.3755173361792
466273,1,1,6,568.2852161220654
466278,1,1,7,70.37759487096447
466280,1,1,5,0.42645457969393247
466282,1,1,10,337.12918534437074
466289,1,1,9,222.00555194573275
466293,1,1,9,507.08380939512443
466306,1,1,3,91.13130650707586
466330,1,1,3,89.55875458308387
466338,1,1,9,795.818903020205
466354,1,1,8,794.2926851493427
466369,1,1,5,0.42645457969393247
466375,1,1,8,511.0819213649606
466376,1,1,5,0.42645457969393247
466391,1,1,6,762.0150097591774
466395,1,1,7,132.14905138620102
466397,1,1,9,728.3372250448402
466403,1,1,4,0.42645458358136
466431,1,1,10,280.0671799717554
466434,1,1,10,387.24948539658516
466443,1,1,9,866.2141160077932
466448,1,1,9,632.5632455262738
466456,1,1,6,355.6491457012657
466462,0,1,0,0.1250765945852527
466478,1,1,6,554.7473028500697
466498,1,1,1,649.8643797500637
466500,1,1,6,367.1080109614301
466504,1,1,3,91.55870231135576
466515,1,1,6,789.4252516967679
466532,1,1,10,345.5179544876975
466535,1,1,7,97.96936139666302
466549,1,1,9,866.0010738149809
466576,1,1,4,0.42645458358136
466588,1,1,10,428.95660113674086
466590,1,1,6,735.5967793269357
466593,1,1,3,79.14807930775252
466612,1,1,5,0.42645457969393247
466619,1,1,5,0.42645457969393247
466654,1,1,5,0.42645457969393247
466680,1,1,8,271.2880979437537
466683,1,1,6,486.9275877773154
466692,1,1,4,0.4264545919581291
466717,1,1,9,268.12048899248026
466723,1,1,9,135.27606509473893
466728,1,1,4,0.42645458358136
466730,1,1,8,570.0226628525231
466754,1,1,9,875.7838822617367
466777,1,1,3,74.20790847064241
466803,1,1,1,606.0603391289321
466814,1,1,4,0.42645458358136
466827,1,1,6,378.3446941787481
466843,1,1,9,278.3899669364247
466862,1,1,8,781.8020858143482
466871,1,1,4,0.42645458358136
466874,1,1,9,545.3396780316492
466875,1,1,5,0.42645457969393247
466881,1,1,6,557.6554050249522
466888,1,1,9,681.8683513470062
466891,1,1,6,349.9327123154095
466905,1,1,6,404.34504343655937
466913,1,1,7,126.60949161341395
466921,1,1,9,627.3755974726391
466926,1,1,10,664.7178534430175
466930,1,1,2,337.22247738343646
466931,1,1,9,890.4870776132549
466950,1,1,6,401.4590683496167
466954,1,1,8,866.4735137693121
466956,1,1,7,150.61267514786306
466980,1,1,4,0.42645458358136
466985,1,1,5,0.42645457969393247
466986,1,1,2,97.4187356539495
466995,1,1,5,0.42645457969393247
467002,1,1,6,411.4877114133719
467024,1,1,9,866.8693499543205
467040,1,1,9,394.08690804193253
467041,1,1,1,513.6462224476294
467046,1,1,2,470.81942800946996
467047,1,1,7,56.831228603111725
467064,1,1,10,88.90832948582336
467079,1,1,10,206.44029306117008
467104,1,1,8,547.6425671763211
467118,1,1,6,476.7649132205458
467123,1,1,10,329.69245467961207
467129,1,1,4,0.42645458358136
467130,1,1,5,0.42645457969393247
467131,1,1,6,764.3688168527486
467146,0,1,0,0.1352690681541499
467157,1,1,2,416.116256657225
467163,1,1,2,147.64753586918405
467171,1,1,4,0.42645458358136
467181,1,1,8,569.6139628692885
467186,1,1,9,263.43572598364693
467187,1,1,5,0.42645457969393247
467190,1,1,6,464.9420388173575
467191,1,1,6,806.3905168704719
467194,1,1,9,259.55934754278013
467201,1,1,5,0.42645457969393247
467223,1,1,7,82.56657759522912
467226,1,1,9,733.6626506123961
467247,1,1,5,0.42645457969393247
467271,1,1,9,877.9310849636184
467279,1,1,8,636.0189569537348
467286,1,1,9,189.1138288100769
467294,1,1,6,551.6436868709767
467298,1,1,6,741.8263887134015
467307,1,1,10,123.05518101893482
467312,1,1,5,0.42645456789925423
467321,1,1,4,0.42645458358136
467357,1,1,6,555.4089238043306
467360,1,1,8,811.0491690597125
467383,1,1,8,534.7585850578263
467390,1,1,4,0.42645458358136
467395,1,1,7,154.94718638188266
467409,1,1,2,177.07705197354971
467417,1,1,4,0.42645458358136
467418,1,1,1,651.6041048518856
467428,1,1,7,71.06720236046587
467437,1,1,9,544.8578965463622
467450,1,1,1,583.6269143825574
467453,1,1,8,643.9816554275253
467470,1,1,10,187.4344548096418
467494,1,1,2,263.0883181605662
467522,1,1,9,400.6778735215309
467524,1,1,9,640.2066080124793
467526,1,1,8,435.45719672102535
467527,1,1,1,366.1231328530156
467550,1,1,4,0.42645458358136
467557,1,1,4,0.42645458358136
467558,1,1,6,785.4183815625414
467564,1,1,10,323.5512554937526
467570,1,1,1,627.332868838757
467572,1,1,5,0.42645457969393247
467585,1,1,8,475.0016718263019
467603,1,1,9,819.5893198835546
467611,1,1,6,796.9428998041326
467615,1,1,6,514.4091085861113
467617,1,1,8,572.0867335873105
467633,1,1,5,0.42645456789925423
467656,1,1,4,0.4264545919581291
467664,1,1,10,519.2845310510372
467667,1,1,8,669.0202066102852
467669,1,1,6,512.3346193580572
467671,1,1,6,530.1649063186629
467692,1,1,9,325.05570358457345
467696,1,1,9,381.41631153755606
467698,1,1,4,0.42645458358136
467704,1,1,10,571.6689077293997
467720,1,1,5,0.42645457969393247
467729,1,1,5,0.42645457969393247
467732,1,1,8,531.9709446003668
467736,1,1,5,0.42645457969393247
467746,1,1,8,854.9278462301203
467755,1,1,2,288.66663428386306
467759,1,1,8,829.78355711091
467769,1,1,7,155.21054698735145
467781,1,1,9,467.73659064377557
467814,1,1,5,0.42645457969393247
467824,1,1,9,62.48332495354722
467833,1,1,5,0.42645457969393247
467835,1,1,8,396.4308908993184
467845,1,1,9,685.3363696234674
467852,1,1,5,0.42645457969393247
467864,1,1,4,0.42645458358136
467865,1,1,5,0.42645457969393247
467873,1,1,1,632.6682506095876
467876,1,1,4,0.42645458358136
467877,1,1,5,0.42645457969393247
467878,1,1,5,0.42645457969393247
467898,1,1,6,802.8177618929763
467903,1,1,9,463.9984921728951
467911,1,1,9,610.5368951970528
467926,1,1,8,429.857586172785
467964,1,1,6,752.8036662424695
467977,1,1,1,384.4342564003969
467981,1,1,5,0.42645457969393247
467983,1,1,3,70.60748957896169
467990,1,1,2,304.5491371384073
467992,1,1,6,217.01523198372715
468013,1,1,2,175.85470897735155
468045,1,1,5,0.42645457969393247
468048,1,1,5,0.42645457969393247
468053,1,1,9,865.5229202496307
468075,1,1,10,460.5946523671213
468076,1,1,6,651.4513248379523
468081,1,1,8,811.0866385469211
468083,1,1,6,291.9482212141199
468094,1,1,9,848.8158648657866
468104,1,1,9,31.621687068832685
468129,1,1,6,350.7466496982881
468138,1,1,10,396.0061595489941
468162,1,1,10,717.284120752685
468176,1,1,4,0.42645457969393247
468178,1,1,8,289.5704458251448
468214,1,1,2,471.1854147379508
468215,1,1,8,727.5253625041166
468218,1,1,4,0.42645458358136
468234,1,1,5,0.42645457969393247
468250,1,1,9,890.4647292025105
468251,1,1,4,0.42645458358136
468255,1,1,6,699.7130259997746
468256,1,1,3,89.50387557181564
468266,1,1,6,668.8601018362376
468271,1,1,8,168.25314997176864
468278,1,1,9,532.2795033198238
468321,1,1,5,0.42645457969393247
468325,1,1,5,0.42645457969393247
468344,1,1,5,0.42645457969393247
468368,1,1,1,731.4107081108067
468369,1,1,8,921.8834095893158
468370,1,1,7,56.73043630924489
468373,1,1,9,844.8523349752654
468375,1,1,9,538.9399103908454
468377,1,1,6,528.3125715583849
468395,1,1,1,206.55608783208902
468401,1,1,1,384.4270827287486
468413,1,1,10,194.12480442523895
468451,1,1,4,0.42645458358136
468454,1,1,9,327.9917865136941
468486,1,1,8,580.890900994909
468488,1,1,9,814.7925458432894
468489,1,1,10,651.8193077225078
468497,1,1,5,0.42645457969393247
468508,1,1,4,0.42645458358136
468530,1,1,5,0.42645457969393247
468532,1,1,9,489.67782918203477
468550,1,1,10,405.16614062293706
468556,1,1,6,527.6346604618162
468572,1,1,1,393.85386608546634
468581,1,1,5,0.42645457969393247
468582,1,1,7,82.43570626177514
468590,1,1,7,124.82545013590867
468593,1,1,4,0.42645458358136
468604,1,1,1,443.2748677494724
468610,1,1,7,98.35283974954031
468626,1,1,1,417.5536780705194
468644,1,1,6,757.8178967323078
468654,0,1,0,0.12499374858678002
468663,1,1,4,0.42645458358136
468678,1,1,8,621.0977098206567
468692,1,1,9,547.3770622631081
468694,1,1,5,0.42645457969393247
468697,1,1,4,0.42645458358136
468707,1,1,4,0.42645458358136
468713,1,1,8,867.162223137048
468714,1,1,1,528.1735792778403
468726,1,1,4,0.42645458358136
468727,1,1,3,37.2302050855913
468730,1,1,5,0.42645457969393247
468736,1,1,10,458.31599771165895
468764,1,1,5,0.42645457969393247
468779,1,1,1,407.99449688262393
468783,1,1,5,0.42645457969393247
468784,1,1,10,572.9877044735491
468797,1,1,6,683.0589445973944
468829,1,1,9,642.3502759117846
468837,1,1,5,0.42645457969393247
468838,1,1,9,857.3138309536664
468847,1,1,5,0.42645457969393247
468872,1,1,4,0.42645458358136
468878,1,1,6,678.4541401678154
468885,1,1,8,511.18909902935155
468886,1,1,9,342.8991904612463
468918,1,1,9,373.7267134542157
468931,1,1,6,660.0713082598503
468956,1,1,8,108.96813521726712
468987,1,1,2,394.3410316215038
468993,1,1,6,304.2344417137281
469019,1,1,8,778.4061819578909
469021,1,1,10,462.0386939304962
469048,0,1,0,0.12885030590313964
469054,1,1,7,162.4824826795427
469060,1,1,5,0.42645457969393247
469061,1,1,9,830.9717289584273
469067,1,1,8,495.49884411685395
469076,1,1,6,722.1855062506784
469095,1,1,8,820.2944742768442
469107,1,1,5,0.42645457969393247
469160,1,1,3,90.0613652741511
469180,1,1,5,0.42645457969393247
469184,1,1,2,257.78907602234693
469189,1,1,9,498.7081432884944
469195,1,1,1,526.0547854544326
469216,1,1,7,44.30083833617992
469242,1,1,5,0.42645457969393247
469270,1,1,1,490.27928200117447
469274,1,1,4,0.42645458358136
469295,1,1,7,76.28657789978386
469298,1,1,5,0.42645457969393247
469318,1,1,7,109.25986317306813
469327,1,1,6,312.27812027692187
469328,1,1,6,650.7212486975529
469343,1,1,7,84.55642313802977
469349,1,1,10,416.73989865552994
469368,1,1,6,738.3998775239693
469369,1,1,6,545.1648241781594
469374,1,1,2,162.53163180107404
469377,1,1,5,0.42645457969393247
469382,1,1,8,419.50654477158963
469393,1,1,8,777.9212494853838
469405,1,1,4,0.42645458358136
469408,1,1,1,347.3014427104336
469421,1,1,10,534.6215559083895
469431,1,1,3,92.20767082674246
469481,1,1,8,853.4943747384044
469489,1,1,6,361.62648240380514
469491,1,1,6,727.5263375981449
469500,1,1,4,0.42645458358136
469504,1,1,2,439.92348886716024
469507,1,1,9,763.0998649699306
469518,1,1,4,0.42645458358136
469527,1,1,6,721.7100836950523
469533,0,1,0,0.11568977002945152
469537,1,1,7,169.2951529095433
469559,1,1,8,714.1221643199901
469563,1,1,7,134.39174260178962
469564,1,1,10,611.0739292345157
469575,1,1,6,498.21867692718234
469578,1,1,6,744.6412438280126
469591,1,1,9,735.3551576019343
469603,1,1,9,661.463402773045
469604,1,1,8,590.2994109959376
469610,1,1,4,0.42645458358136
469623,1,1,4,0.42645458358136
469630,1,1,7,166.78620641459207
469632,1,1,10,230.9889455508846
469643,1,1,9,833.4340801567097
469684,1,1,4,0.42645458358136
469685,1,1,9,209.83342575409512
469693,1,1,4,0.42645458358136
469706,1,1,4,0.4264545919581291
469741,1,1,1,720.0250226446461
469751,1,1,10,427.41903783875125
469753,1,1,6,650.2780131059982
469774,1,1,6,806.474298755698
469778,1,1,6,540.6587756117088
469798,1,1,3,92.83232245355079
469799,1,1,7,65.87014863793381
469803,1,1,6,210.21075159792753
469813,1,1,9,405.5215463344626
469822,1,1,2,207.31336788136045
469827,1,1,6,720.9067825788377
469829,1,1,6,407.7844019017941
469839,1,1,9,410.26505214848754
469851,1,1,9,630.1651847908182
469858,1,1,6,499.9696505288117
469860,1,1,3,81.12443953511723
469864,1,1,10,316.4876417137758
469872,1,1,8,894.5604198740966
469890,1,1,5,0.42645457969393247
469904,1,1,10,626.4477807149766
469911,1,1,7,140.40770280159103
469919,1,1,4,0.42645458358136
469922,0,1,0,0.10025119561785388
469923,1,1,7,69.04562112559448
469924,1,1,7,157.6874892830144
469947,1,1,7,94.70795708885414
470009,1,1,4,0.42645458358136
470017,1,1,9,787.0872135825769
470021,1,1,6,396.2660802038811
470022,1,1,7,45.66665302171279
470027,1,1,7,163.96791160720161
470031,1,1,8,663.4622498919207
470033,1,1,5,0.42645456789925423
470044,1,1,9,876.4798741091583
470053,1,1,8,206.67387144860217
470061,1,1,8,238.36251924337154
470065,1,1,10,463.5465327212103
470100,1,1,6,658.766805244297
470106,1,1,9,497.97050021132276
470115,1,1,3,92.2364230198742
470119,1,1,8,287.20697383180044
470121,1,1,9,819.5102142925433
470150,1,1,7,170.64177863317738
470160,1,1,7,149.97416472166123
470179,1,1,9,872.0688726195003
470182,1,1,5,0.42645457969393247
470185,1,1,8,239.69430597101362
470197,1,1,5,0.42645457969393247
470215,1,1,4,0.42645458358136
470267,0,1,0,0.13547212025304364
470280,1,1,6,421.515994514268
470283,1,1,5,0.42645457969393247
470311,1,1,10,470.7618493550417
470316,1,1,8,722.1363502960046
470321,1,1,8,829.4688698811605
470343,1,1,9,824.8316725892449
470352,1,1,9,381.3658131253605
470353,1,1,10,392.1294050636396
470365,1,1,5,0.42645457969393247
470367,1,1,2,163.4377135634728
470376,1,1,8,400.2017435876577
470378,1,1,5,0.42645457969393247
470380,1,1,10,457.48400488794215
470394,1,1,9,625.9709677863293
470395,0,1,0,0.11948041120822345
470416,1,1,4,0.42645458358136
470428,1,1,9,20.897908892371234
470442,1,1,7,17.131065437169948
470446,1,1,8,665.0104562603896
470457,1,1,9,866.3687283163644
470479,1,1,1,363.9392081448224
470483,1,1,8,853.2510290874844
470492,1,1,4,0.42645458358136
470510,1,1,7,99.73530041245189
470529,1,1,5,0.42645457969393247
470533,1,1,6,682.1371370196792
470539,1,1,9,302.7166077207056
470540,1,1,8,812.9326404744263
470567,1,1,4,0.42645458358136
470570,1,1,8,723.1590613491676
470575,1,1,8,917.3312005308812
470576,1,1,5,0.42645457969393247
470603,1,1,6,460.4816249415185
470633,1,1,10,261.4620301942128
470653,1,1,8,892.8187204783991
470725,1,1,8,887.5666332463111
470726,1,1,7,54.04915294513192
470730,1,1,4,0.42645458358136
470734,1,1,10,389.2993474875313
470760,1,1,1,604.9366043259757
470762,1,1,9,553.1816411384531
470773,1,1,8,612.7021312245093
470780,1,1,9,450.7896857102541
470784,1,1,8,392.1327088441403
470785,1,1,5,0.42645457969393247
470795,1,1,9,593.0586203152852
470802,1,1,8,799.6177204328925
470822,1,1,5,0.42645457969393247
470829,1,1,9,561.5883606912396
470833,1,1,9,377.5072169156542
470849,1,1,5,0.42645457969393247
470861,1,1,8,172.4459626308591
470871,1,1,10,697.8970628757847
470874,1,1,4,0.42645458358136
470876,1,1,4,0.42645458358136
470878,1,1,4,0.42645458358136
470882,1,1,6,748.9201865908843
470898,1,1,5,0.42645457969393247
470906,1,1,8,257.7945838080522
470916,1,1,1,542.1154106520861
470920,1,1,6,507.18050020638213
470951,1,1,9,124.28957928910536
470970,1,1,10,381.43313637720513
470974,1,1,8,840.0330679969385
470980,1,1,5,0.42645457969393247
470981,1,1,8,530.8498431965744
470984,1,1,9,502.34787240741184
470991,1,1,7,160.13331401933183
470995,1,1,5,0.42645457969393247
471016,1,1,10,719.4929014239793
471023,1,1,7,77.38695273792804
471055,1,1,8,764.4248969936934
471057,1,1,1,634.0564408373589
471061,1,1,6,778.9391433157957
471067,1,1,10,213.8245234816379
471068,1,1,10,232.73184466518393
471079,1,1,9,638.381358330465
471082,1,1,8,566.774008879017
471088,1,1,9,535.9784393780608
471098,1,1,10,720.3260543890359
471105,1,1,9,539.1392510944534
471136,1,1,10,501.29113341768357
471147,1,1,6,668.1209316941815
471161,1,1,4,0.42645458358136
471167,1,1,1,497.7099695789231
471169,1,1,6,208.24457733989283
471170,1,1,7,11.360311094974305
471182,1,1,6,666.2291912140876
471190,1,1,9,607.7714658524625
471195,1,1,3,69.06121248903943
471199,1,1,7,134.65685689877682
471200,1,1,8,876.0613026854376
471213,1,1,5,0.42645457969393247
471241,1,1,8,294.30329423981794
471252,1,1,1,479.48400620735
471258,0,1,0,0.08466345984289396
471259,1,1,8,461.7175649931837
471261,1,1,9,812.3733248361071
471266,1,1,5,0.42645457969393247
471275,1,1,7,66.96180341378468
471277,1,1,8,566.9762813451052
471300,1,1,8,402.1669260235087
471314,1,1,6,249.31868431409634
471322,1,1,10,460.67310145856965
471324,1,1,4,0.42645458358136
471332,1,1,6,578.2162952591441
471336,1,1,9,861.8633794112066
471339,1,1,7,134.41981075882305
471357,1,1,6,622.6829267142251
471379,1,1,5,0.42645456789925423
471387,1,1,8,665.6596669768905
471394,1,1,8,573.0948583696758
471448,1,1,1,593.6190631470035
471460,1,1,3,93.35443866141578
471476,1,1,9,557.1562173996249
471480,1,1,5,0.42645457969393247
471489,1,1,6,770.2287327575211
471511,1,1,7,32.38885576328168
471512,1,1,6,416.0604149451401
471523,1,1,6,383.497013079085
471546,1,1,5,0.42645457969393247
471547,1,1,8,612.7852375684541
471550,1,1,5,0.7007845042410201
471553,1,1,10,292.35126842092706
471555,1,1,4,0.42645458358136
471557,1,1,9,782.5827340561932
471560,1,1,9,178.74772175084556
471581,1,1,3,90.51423691529642
471582,1,1,10,423.86623451413925
471594,1,1,10,187.41248729249628
471598,1,1,8,779.9828865057843
471607,1,1,6,789.7727965137934
471612,1,1,9,853.7255745247465
471620,1,1,6,348.32680402347137
471643,1,1,6,682.2753794879753
471648,1,1,7,146.6710901598245
471679,1,1,3,55.60619524850362
471680,1,1,10,654.5485772026445
471698,1,1,8,783.2879420174497
471699,1,1,10,476.2263475869976
471703,1,1,8,684.8941818954843
471743,1,1,8,335.0787362594777
471746,1,1,9,328.5808431664279
471786,1,1,9,881.33331451412
471802,1,1,7,145.31007321138893
471838,1,1,1,758.6629509626611
471845,1,1,9,700.2690697529425
471882,1,1,4,0.42645458358136
471892,1,1,2,382.1380161592127
471896,1,1,5,0.24251815072760444
471900,1,1,7,166.37216204756743
471907,1,1,8,511.8290206466406
471912,1,1,9,233.37426336455465
471914,1,1,6,366.9777748280747
471916,1,1,4,0.42645458358136
471921,1,1,4,0.42645458358136
471923,1,1,7,128.68105184543288
471927,1,1,8,669.6004695444569
471929,1,1,10,232.26523506101168
471958,1,1,5,0.42645457969393247
471968,1,1,10,275.3903138454274
471972,0,1,0,0.10648809864516527
471976,1,1,6,767.3600432774792
471982,1,1,2,404.70680807973486
472011,1,1,6,196.21993641443737
472013,1,1,4,0.42645458358136
472014,1,1,10,691.8288379204253
472029,1,1,6,681.3481722962576
472041,1,1,8,669.3392759536397
472052,1,1,5,0.42645457969393247
472074,1,1,1,602.6903801840339
472077,1,1,8,820.3849003389797
472091,1,1,6,810.0405605315962
472110,1,1,10,459.723514307515
472114,1,1,7,60.628682576171315
472143,1,1,8,325.8427229423897
472156,1,1,6,801.7510075575422
472167,1,1,9,522.725578801303
472175,1,1,9,354.90896741144434
472181,1,1,9,569.7294206555536
472209,1,1,1,658.6138938177246
472211,1,1,4,0.42645458358136
472227,1,1,8,494.66609761813345
472228,1,1,10,174.24006018632934
472247,1,1,3,40.549555557465546
472257,1,1,1,219.9849332060621
472263,1,1,9,636.2347153503936
472269,1,1,9,765.5945352270833
472270,1,1,10,333.1503576919662
472285,1,1,6,595.8456645388919
472314,1,1,5,0.42645457969393247
472322,1,1,1,516.6813892930579
472345,1,1,2,453.12832270646663
472346,1,1,8,664.1766812427759
472354,1,1,4,0.42645458358136
472365,1,1,8,565.3584332284449
472368,1,1,3,37.1663467227845
472372,1,1,8,279.1247689588233
472380,1,1,10,695.3144865685118
472384,1,1,8,571.5202882429755
472394,1,1,5,0.42645457969393247
472399,1,1,4,0.42645458358136
472401,1,1,9,875.9373657362124
472402,1,1,2,436.07237642138983
472406,1,1,8,767.4631483707291
472409,1,1,5,0.42645456789925423
472412,1,1,9,384.778364818876
472423,1,1,10,692.4130652819265
472440,1,1,1,247.25367388921623
472444,1,1,10,691.5728738580887
472451,1,1,9,890.364796830847
472456,1,1,1,543.2922260063044
472472,1,1,10,401.7648167258428
472480,1,1,10,677.2445431048571
472486,1,1,10,263.32524606064715
472491,1,1,9,397.6118372398408
472505,1,1,2,371.88486014735275
472511,1,1,2,378.73064185014704
472517,1,1,5,0.42645457969393247
472529,1,1,9,718.9599037772314
472541,1,1,3,93.63552354234429
472576,1,1,8,868.3913115704026
472599,1,1,9,570.0037121345766
472600,1,1,8,612.6335620729355
472615,1,1,8,355.17392986496526
472641,1,1,2,107.4837596583904
472651,1,1,1,507.19557058153066
472663,1,1,10,183.80704415241902
472696,1,1,4,0.42645458358136
472712,1,1,6,551.7235965426349
472714,1,1,4,0.42645458358136
472722,1,1,1,159.66939906634153
472732,1,1,10,517.1898558227454
472739,1,1,10,469.76969296865536
472760,1,1,4,0.42645458358136
472769,1,1,5,0.42645457969393247
472773,1,1,9,606.1862686749624
472775,1,1,9,239.27136730352083
472776,1,1,2,170.28878582295772
472796,1,1,7,174.44850162858566
472806,1,1,8,812.1149789439984
472807,1,1,9,687.0101567143915
472811,1,1,6,629.9954877978778
472825,1,1,1,477.21920138459694
472827,1,1,3,76.57831986249244
472849,1,1,4,0.42645458358136
472860,1,1,3,71.76519804817167
472871,1,1,9,342.4162672211745
472874,1,1,10,460.152337048155
472879,1,1,6,565.7754591757475
472887,1,1,5,0.42645457969393247
472895,1,1,7,106.91340954202572
472908,1,1,1,238.3374522355897
472911,1,1,10,360.3753344949668
472917,1,1,10,673.2513395307001
472918,1,1,10,660.3799761696314
472944,1,1,5,0.42645457969393247
472952,1,1,6,427.76113449078076
472954,1,1,6,510.3088632196775
472964,1,1,2,448.0299468879361
472984,1,1,4,0.42645458358136
473008,1,1,8,937.62157417082
473025,1,1,6,345.3562638324624
473032,1,1,5,0.42645457969393247
473033,1,1,4,0.42645458358136
473042,1,1,6,547.6150025372474
473046,1,1,7,67.08824811081143
473048,1,1,9,754.490528932518
473049,1,1,1,474.754349051699
473053,1,1,9,596.2960277635584
473073,1,1,2,460.13898832256933
473082,1,1,10,408.56451805333273
473087,1,1,2,449.22616877875384
473089,1,1,8,457.0092909899856
473103,1,1,5,0.42645457969393247
473109,1,1,1,691.8774085539333
473110,1,1,6,312.40472169484195
473125,1,1,1,426.4682424473474
473135,1,1,8,524.107706281925
473171,1,1,3,81.41794080543177
473173,1,1,8,811.1752573429512
473175,1,1,4,0.42645458358136
473187,1,1,1,616.9264830506735
473198,1,1,6,698.8822758693777
473221,1,1,6,744.9734766395679
473236,1,1,4,0.42645458358136
473259,1,1,10,371.5870805719228
473295,1,1,6,752.4030597813157
473305,1,1,6,533.4777868125979
473309,1,1,9,322.4822792214358
473348,1,1,5,0.42645457969393247
473358,1,1,10,341.8247434992879
473360,1,1,10,717.7933162204075
473374,1,1,5,0.42645457969393247
473420,1,1,7,165.68199148732634
473431,1,1,5,0.42645457969393247
473435,1,1,1,608.8712909213085
473441,1,1,10,166.51909469798477
473453,1,1,6,762.3168294660151
473455,1,1,9,435.6739824512437
473457,1,1,5,0.42645457969393247
473477,1,1,3,92.60906615570788
473479,1,1,8,730.564219400305
473494,1,1,4,0.42645458358136
473516,1,1,6,506.92866973229883
473519,1,1,1,533.1388135910954
473541,1,1,9,554.9024593920926
473559,1,1,9,863.7595204489168
473566,1,1,6,681.1621877195976
473571,1,1,8,867.9146401164992
473578,1,1,7,127.2103741589774
473587,1,1,10,718.3615191247394
473590,1,1,8,195.40962435237742
473600,1,1,8,790.6994198810996
473609,1,1,9,606.0994583515024
473610,0,1,0,0.12256918904565055
473611,1,1,4,0.42645458358136
473639,1,1,9,771.8152176923675
473691,1,1,5,0.42645457969393247
473721,1,1,10,254.94877467239334
473722,1,1,6,626.9040276211778
473729,1,1,4,0.42645458358136
473737,1,1,5,0.42645457969393247
473742,1,1,8,830.2285685524863
473752,1,1,6,231.75512019302155
473756,1,1,6,809.0668932021684
473777,1,1,8,593.4609102092479
473778,1,1,5,0.42645457969393247
473779,1,1,5,0.42645457969393247
473783,1,1,8,321.63385174778847
473790,1,1,1,523.375872703953
473791,1,1,10,720.4598526547009
473799,1,1,6,543.4633484130819
473807,1,1,2,489.69195118085196
473845,1,1,9,527.4559546637918
473851,1,1,6,272.24521431317794
473864,1,1,5,0.42645457969393247
473867,1,1,8,259.3762477173029
473875,1,1,8,838.4877633184005
473892,1,1,7,103.9222830566001
473902,1,1,10,329.5276109480804
473934,1,1,2,461.2422786177101
473941,1,1,10,459.00692135821106
473948,1,1,3,91.99156730020843
473960,1,1,10,719.3739255821926
473967,1,1,6,372.95155308559896
473968,1,1,1,237.8998100311634
473980,1,1,6,547.3936630350696
473990,1,1,4,0.42645458358136
474011,1,1,4,0.42645458358136
474014,1,1,3,53.52614283255257
474016,1,1,8,605.9433001027697
474018,1,1,8,792.7431998960719
474023,1,1,1,200.51936812317956
474036,0,1,0,0.08981158131724318
474042,1,1,6,532.9523213113312
474056,1,1,8,760.9324162360423
474088,1,1,4,0.42645458358136
474111,1,1,8,611.7239193649252
474126,1,1,8,865.431457667615
474137,1,1,3,85.54577988706093
474144,1,1,3,80.38099602121655
474165,1,1,10,306.481336622382
474174,1,1,5,0.42645457969393247
474187,1,1,8,557.5741432427116
474202,1,1,7,90.16039754375244
474203,1,1,6,501.15638605755555
474225,1,1,9,248.00824938544196
474233,1,1,10,194.71343938482315
474237,1,1,6,506.34954940412416
474269,1,1,6,776.7100122949416
474280,1,1,5,0.42645457969393247
474282,1,1,6,311.80525588674294
474285,1,1,8,585.5877375009616
474291,1,1,8,602.7846291664019
474296,1,1,8,679.6089746609345
474318,1,1,10,297.3477659953053
474325,1,1,1,543.2957730478334
474328,1,1,5,0.42645457969393247
474346,1,1,6,270.06061263714867
474355,1,1,6,422.16639682972277
474358,1,1,10,459.7877702272077
474364,1,1,9,225.49610523324807
474366,1,1,7,106.2181631151624
474370,1,1,6,158.60047863102318
474386,1,1,8,723.167871943522
474393,1,1,8,535.2595295456589
474418,1,1,6,546.308980030765
474431,1,1,2,181.5782879100069
474438,1,1,4,0.42645458358136
474457,1,1,6,360.5525797191171
474458,1,1,3,91.28145673032998
474476,1,1,9,735.2750220440732
474477,1,1,5,0.42645457969393247
474493,1,1,5,0.42645457969393247
474500,1,1,8,509.64156533595417
474503,1,1,6,401.6617657793807
474505,1,1,7,162.5714004477341
474506,1,1,5,0.42645456789925423
474507,1,1,8,915.2274311135315
474508,0,1,0,0.10894550558231667
474524,1,1,8,390.31913722294223
474526,1,1,2,480.3339991852555
474537,1,1,6,513.5032094887583
474547,1,1,9,644.302680594634
474551,1,1,9,693.5738699400958
474567,1,1,8,761.4691978794647
474577,1,1,5,0.42645457969393247
474590,1,1,4,0.42645458358136
474596,1,1,8,438.3256881429315
474604,1,1,9,466.0252380151164
474623,1,1,4,0.42645458358136
474624,1,1,5,0.42645457969393247
474643,1,1,3,92.82172426965653
474646,1,1,10,260.5889841204012
474658,1,1,5,0.42645457969393247
474663,1,1,9,113.9621920259251
474676,1,1,6,775.4402819894948
474682,1,1,10,437.85950715793757
474687,1,1,4,0.42645458358136
474688,1,1,4,0.42645458358136
474710,1,1,9,252.5298620370438
474720,1,1,5,0.42645457969393247
474724,1,1,5,0.42645457969393247
474728,1,1,8,203.0654921571543
474736,1,1,8,568.6615518346975
474738,1,1,6,445.3145455390022
474744,1,1,5,0.42645457969393247
474745,1,1,10,386.1810347313377
474790,1,1,1,577.5528609452542
474794,1,1,5,0.42645456789925423
474798,1,1,4,0.42645458358136
474802,1,1,5,0.42645457969393247
474810,1,1,5,0.42645457969393247
474853,1,1,8,731.023889145233
474867,1,1,4,0.42645458358136
474869,1,1,8,946.7855255200527
474874,1,1,4,0.42645458358136
474876,1,1,4,0.42645458358136
474881,1,1,1,223.37136174634819
474883,1,1,6,276.509737934752
474894,1,1,5,0.42645457969393247
474897,1,1,2,348.1193712058326
474903,1,1,10,589.7250448295143
474916,1,1,4,0.42645458358136
474918,1,1,4,0.42645458358136
474925,1,1,8,343.69704386072516
474928,0,1,0,0.12557507680590677
474932,1,1,5,0.42645457969393247
474935,1,1,1,519.2203331825772
474936,1,1,6,728.4742190183601
474937,1,1,1,384.3905704937762
474943,1,1,10,428.81608403499837
474944,1,1,7,163.4926285450487
474951,1,1,8,725.5448693817298
474979,1,1,1,318.69274820677066
474981,1,1,1,294.1884673337321
474993,1,1,8,739.5976435517177
475009,1,1,9,542.468207883102
475015,1,1,10,136.9452768182093
475051,1,1,9,455.11616437129254
475066,1,1,3,54.38652612900643
475070,1,1,6,460.5672630947701
475076,1,1,9,789.5484651082044
475077,1,1,6,497.2009190363464
475080,1,1,8,893.5182924245494
475081,1,1,10,507.1209287409254
475115,1,1,4,0.42645458358136
475126,1,1,9,865.9062472928554
475151,1,1,9,436.3815504223262
475173,0,1,0,0.10946143147485304
475196,1,1,4,0.42645458358136
475198,1,1,5,0.42645457969393247
475199,1,1,2,252.45341597432002
475208,1,1,9,274.98536446162126
475214,1,1,4,0.42645458358136
475220,1,1,7,91.19492476854295
475224,1,1,10,520.566125241012
475228,1,1,3,73.59084174022894
475240,1,1,8,834.2475482180943
475266,1,1,5,0.42645457969393247
475273,1,1,8,453.2397199072828
475279,1,1,6,809.7393030162385
475316,1,1,8,790.4152189972522
475332,1,1,9,209.46574971302434
475347,1,1,8,158.42711040026524
475349,1,1,9,815.2069067454065
475356,1,1,6,245.7594077880247
475369,1,1,5,0.42645457969393247
475370,1,1,6,787.8087118038324
475371,1,1,8,562.8667402289745
475377,1,1,1,457.9100949158246
475382,1,1,5,0.42645457969393247
475397,1,1,5,0.42645456789925423
475407,1,1,10,621.4557265046384
475408,1,1,5,0.42645457969393247
475416,1,1,7,169.60237509184475
475444,1,1,7,142.64423187880956
475471,1,1,2,473.9346354767855
475516,1,1,10,533.7217915880361
475527,1,1,6,806.9521743750452
475534,1,1,8,355.8136706028164
475539,1,1,9,506.36492330582706
475549,1,1,5,0.42645457969393247
475583,1,1,2,351.2944845714704
475619,1,1,1,169.4046624334523
475620,1,1,8,546.942360509882
475629,1,1,4,0.42645458358136
475641,1,1,4,0.42645458358136
475643,1,1,6,790.4329999909284
475654,1,1,1,489.95151770300413
475659,1,1,4,0.42645458358136
475678,1,1,6,252.0318802543337
475680,1,1,6,401.6183515603045
475681,1,1,9,474.8328639157207
475688,1,1,10,603.6517254614281
475695,1,1,1,554.913410475948
475698,1,1,4,0.42645458358136
475702,1,1,6,616.4956183895606
475703,1,1,4,0.42645458358136
475706,1,1,4,0.42645457969393247
475727,1,1,1,501.0573497760471
475747,1,1,3,84.24310956715483
475771,1,1,9,447.49876193770984
475783,1,1,6,301.2933273525583
475796,1,1,4,0.4264545919581291
475799,1,1,9,836.4753246345083
475806,1,1,4,0.42645458358136
475818,1,1,6,809.1903537736121
475820,1,1,9,714.3578936436732
475821,1,1,7,111.77807381290846
475823,1,1,4,0.42645458358136
475832,1,1,6,451.66229874475414
475843,1,1,4,0.42645458358136
475844,1,1,5,0.42645457969393247
475858,1,1,5,0.42645457969393247
475864,1,1,4,0.42645458358136
475886,1,1,10,676.0423064160445
475890,1,1,9,880.5030000373093
475891,1,1,8,421.08061713805665
475897,1,1,8,489.049568168052
475901,1,1,7,119.53714479034925
475902,1,1,9,869.2966690104722
475909,1,1,10,445.91756632222996
475914,1,1,1,224.7728439676085
475939,1,1,2,306.2664904886363
475943,1,1,8,443.8293392689917
475948,1,1,1,565.8423261102241
475950,1,1,5,0.42645457969393247
475953,1,1,9,772.013786494046
475970,1,1,10,437.9967385762357
475976,1,1,8,706.8129056899998
475996,1,1,2,208.68929741393558
475999,1,1,5,0.42645457969393247
476002,1,1,8,257.2727915552826
476007,1,1,8,720.1986051555451
476021,1,1,6,281.7290943326421
476031,0,1,0,0.11376873695581573
476068,1,1,5,0.42645456789925423
476075,1,1,1,293.06074131298163
476077,1,1,9,244.01362728771863
476092,1,1,1,601.214805163266
476094,1,1,2,333.96844248229735
476102,1,1,8,810.9355211002061
476107,1,1,6,399.92413950141207
476115,1,1,10,723.1051062388125
476121,1,1,10,680.5925095528368
476141,1,1,8,762.6320533420932
476143,1,1,4,0.42645458358136
476151,1,1,10,662.6884899117042
476155,1,1,9,69.08022383719019
476160,1,1,6,380.32584655596435
476174,1,1,10,626.4309673668465
476177,1,1,5,0.42645457969393247
476189,1,1,9,407.53175090280536
476200,0,1,0,0.15913504309096083
476223,1,1,6,221.79179877104866
476225,1,1,6,540.1572072647324
476230,1,1,7,164.87318097348262
476234,1,1,4,0.42645457969393247
476244,1,1,4,0.42645458358136
476255,0,1,0,0.1585553630995928
476269,1,1,6,526.953725380932
476274,1,1,3,41.789598669107356
476275,1,1,7,171.73398877516615
476286,1,1,9,585.6721047828888
476288,1,1,6,264.4345932822563
476308,1,1,9,792.2736245502784
476321,1,1,8,208.86681078964946
476325,1,1,9,472.69437276856644
476339,1,1,9,605.6028560010088
476361,1,1,4,0.42645458358136
476362,1,1,8,809.5686108456598
476385,1,1,9,854.5289763013867
476389,1,1,7,161.9728513061345
476401,1,1,10,137.1859796229715
476408,1,1,6,514.1527547933397
476409,1,1,4,0.42645458358136
476414,1,1,6,721.2214571770096
476428,1,1,5,0.42645457969393247
476429,1,1,7,145.75548324792013
476451,1,1,1,603.3654294242739
476453,1,1,9,669.7347496112747
476454,1,1,10,721.2268332735259
476457,1,1,9,510.3865087820091
476467,1,1,9,845.0246900332479
476469,1,1,6,658.6906416513873
476470,1,1,9,143.72592624677458
476476,1,1,8,657.5734103927678
476486,1,1,9,814.5071457188125
476494,1,1,6,618.15041637567
476501,1,1,6,731.5676322403278
476515,1,1,10,185.48994860824538
476521,1,1,6,668.3764873891471
476525,1,1,10,719.3049827972411
476543,1,1,7,70.2917289937924
476544,1,1,10,650.5147507391612
476556,1,1,5,0.42645457969393247
476575,1,1,5,0.42645457969393247
476578,1,1,6,441.66262014444374
476582,1,1,9,863.873863689506
476594,1,1,5,0.42645456789925423
476598,1,1,5,0.42645456789925423
476623,1,1,8,502.32653010439947
476631,1,1,4,0.42645458358136
476645,1,1,1,307.08429117435554
476653,1,1,8,277.42280717394624
476654,1,1,9,749.2384508463592
476657,1,1,1,467.723201864996
476658,1,1,8,461.3653737245116
476661,1,1,4,0.42645458358136
476681,1,1,9,775.6937473837706
476683,1,1,5,0.42645457969393247
476700,1,1,4,0.42645458358136
476721,1,1,9,150.00379613909936
476726,1,1,1,729.3114215812117
476789,1,1,8,901.8116957688975
476791,1,1,9,688.3067439480084
476794,1,1,9,849.5323445333845
476795,1,1,6,630.1284912899438
476812,1,1,5,0.42645457969393247
476829,1,1,6,714.2641509637552
476833,1,1,6,346.6116921796157
476841,1,1,6,753.3652888385378
476842,1,1,4,0.42645458358136
476855,1,1,9,329.08118870805043
476866,1,1,9,62.13170910628286
476891,1,1,7,32.98799967613305
476896,1,1,5,0.42645457969393247
476897,1,1,4,0.42645458358136
476902,1,1,7,169.65072920465352
476908,1,1,8,518.2023886100279
476916,1,1,4,0.42645458358136
476924,1,1,7,60.10509666955701
476925,1,1,10,705.9638588842025
476937,1,1,9,191.92237627635205
476939,1,1,10,721.1640100153517
476946,1,1,9,771.323400533157
476947,1,1,9,746.143124952681
476990,1,1,9,827.5924019509156
476997,1,1,10,460.03622883567994
477006,1,1,10,641.8431436447058
477008,1,1,4,0.42645458358136
477026,1,1,6,784.2713569191487
477031,1,1,9,793.2036165137011
477038,1,1,10,718.2623154799052
477043,1,1,8,593.9875694386376
477048,1,1,4,0.42645458358136
477057,1,1,8,642.703883544431
477071,1,1,4,0.42645458358136
477072,1,1,6,726.5334073991114
477092,1,1,5,0.42645457969393247
477096,1,1,10,663.6753098234491
477118,1,1,4,0.42645458358136
477124,1,1,4,0.42645458358136
477131,1,1,4,0.42645458358136
477137,1,1,10,458.7751077955663
477149,1,1,8,888.6338689050361
477150,1,1,6,496.81108649460197
477153,1,1,9,98.9958216538649
477155,1,1,5,0.42645457969393247
477162,1,1,1,488.912802182859
477164,1,1,10,132.74859470334536
477239,1,1,4,0.42645458358136
477246,1,1,10,637.9757333844454
477257,1,1,9,700.8090056343859
477264,1,1,10,720.0417469946005
477274,1,1,10,561.0793820256944
477302,1,1,4,0.42645458358136
477304,1,1,1,486.19189553707315
477305,1,1,5,0.42645457969393247
477334,1,1,8,546.1127774041885
477336,1,1,8,366.8832847416044
477345,1,1,8,170.20717170339884
477352,1,1,4,0.42645458358136
477358,1,1,7,173.95066990477795
477359,1,1,8,660.0475904308398
477361,1,1,10,539.5377060990469
477374,1,1,1,647.1287398115633
477389,1,1,1,237.57903488947153
477426,1,1,8,423.13132775224494
477433,1,1,8,569.2623442227355
477435,1,1,6,810.107225700011
477440,1,1,5,0.42645457969393247
477450,1,1,8,632.6753008977032
477459,1,1,10,717.1760264430183
477467,1,1,8,625.9873328619109
477471,1,1,4,0.42645458358136
477487,1,1,8,210.02342117788845
477489,1,1,9,327.0946590763883
477492,1,1,5,0.42645457969393247
477500,1,1,5,0.42645457969393247
477502,1,1,8,484.95478585440196
477515,1,1,1,744.3087314642488
477538,1,1,6,362.0599290213751
477562,1,1,10,275.73136383418523
477578,1,1,2,199.7508181948606
477589,1,1,9,524.9020428235418
477622,1,1,7,63.45286429071074
477627,1,1,10,327.4829500786176
477629,1,1,9,793.8749198201144
477630,1,1,5,0.42645457969393247
477644,1,1,10,668.036745622415
477646,1,1,6,358.82337109005493
477648,1,1,5,0.42645457969393247
477651,1,1,10,324.861074703679
477656,1,1,4,0.42645458358136
477662,1,1,7,61.857061673408175
477672,1,1,9,167.13825867099226
477677,1,1,8,359.02648841029986
477700,1,1,5,0.42645457969393247
477707,1,1,2,147.32848549391522
477713,1,1,5,0.42645457969393247
477726,1,1,5,0.42645457969393247
477732,1,1,4,0.42645458358136
477735,1,1,5,0.42645457969393247
477749,1,1,9,759.0853085893328
477756,1,1,10,238.63340220140887
477773,1,1,10,437.94267623486064
477786,1,1,8,508.36676034339024
477794,1,1,4,0.42645458358136
477796,1,1,4,0.42645458358136
477798,1,1,4,0.42645458358136
477810,1,1,10,504.711848854618
477814,1,1,4,0.42645458358136
477818,1,1,5,0.42645457969393247
477824,1,1,4,0.42645458358136
477838,1,1,4,0.42645458358136
477852,1,1,8,635.7703272440796
477853,1,1,4,0.4264545919581291
477869,1,1,9,720.4924189354703
477888,1,1,9,541.4032105849925
477891,1,1,9,870.7835320395748
477894,1,1,9,815.2440138043023
477898,1,1,8,263.07885060153876
477899,1,1,3,87.97727863819996
477916,1,1,9,168.9507087894211
477919,1,1,2,370.93290440738116
477938,1,1,8,848.2926732583561
477939,1,1,6,511.3284154893237
477940,1,1,10,333.3078174086592
477950,1,1,9,819.2998211346323
477962,1,1,9,814.894419093925
477971,1,1,5,0.42645457969393247
478005,1,1,9,867.2722163967502
478028,1,1,5,0.42645457969393247
478032,1,1,8,443.12428780609844
478041,1,1,1,729.7964457693072
478042,1,1,8,722.7546693846178
478072,1,1,4,0.42645458358136
478077,1,1,6,228.7081678152984
478086,1,1,10,245.47838946768988
478108,1,1,1,335.08261554639637
478121,1,1,3,86.88468112850289
478134,1,1,1,284.7180503099324
478143,1,1,9,219.79229707296724
478151,1,1,8,314.1952985721029
478156,1,1,9,586.3108988083548
478158,1,1,8,838.605704899669
478164,1,1,9,535.7595074982365
478185,1,1,3,81.60955902045418
478186,1,1,6,420.82039205420745
478187,1,1,9,158.69142692312747
478198,1,1,4,0.42645458358136
478226,1,1,6,778.7717006980791
478236,1,1,8,313.82088150133893
478250,1,1,9,258.9982633079745
478251,1,1,7,171.50335753464591
478258,1,1,9,600.1939298875274
478281,1,1,3,88.11122601871038
478290,1,1,8,805.7938536207723
478293,1,1,1,215.47895785272988
478299,1,1,1,596.3787641403361
478312,1,1,9,783.571467484497
478347,1,1,10,232.68733469029036
478353,1,1,4,0.42645458358136
478364,1,1,9,78.9706790982684
478366,1,1,9,757.9041104119933
478368,1,1,9,530.0777684889332
478379,1,1,8,667.0131594316042
478388,1,1,8,754.0506040592189
478389,1,1,10,333.367724480807
478394,1,1,9,119.39795532263975
478402,1,1,10,490.77850337300174
478414,1,1,10,164.45503181905372
478445,1,1,8,364.76354609882947
478460,1,1,9,268.9102409950078
478462,1,1,9,711.8152839137338
478467,1,1,4,0.42645458358136
478471,1,1,6,556.4677129918391
478477,1,1,4,0.42645457969393247
478488,1,1,10,719.982133320779
478502,1,1,1,332.7047552093657
478503,1,1,5,0.42645456789925423
478515,1,1,6,267.891209446411
478518,1,1,10,460.1559571757749
478529,1,1,4,0.42645458358136
478549,1,1,4,0.42645458358136
478550,1,1,10,717.6433012642264
478569,1,1,10,324.3230125956007
478570,1,1,8,557.1448941075104
478577,1,1,9,870.5521006087308
478579,1,1,8,386.3905904084363
478580,1,1,7,76.04722140744019
478584,1,1,8,460.84058224849787
478589,1,1,4,0.42645458358136
478590,1,1,10,412.4765194960891
478591,1,1,7,158.82732504412303
478603,1,1,9,412.45222068854326
478636,1,1,6,408.6432408187128
478639,1,1,9,160.80920063866802
478646,1,1,9,22.538941031768793
478647,1,1,7,73.96745792215626
478658,1,1,2,413.8423073895904
478661,1,1,6,705.7134351861847
478677,1,1,8,395.3104588027046
478691,1,1,10,661.7305327975072
478697,1,1,9,646.0274915682998
478705,1,1,9,610.8967241797639
478707,1,1,6,606.5722376634858
478713,1,1,8,697.1491633824492
478722,1,1,5,0.42645457969393247
478723,1,1,5,0.42645457969393247
478732,1,1,9,610.0995678808381
478748,1,1,4,0.42645458358136
478750,1,1,9,179.10679659466626
478754,1,1,8,358.1076725658836
478778,1,1,1,446.43276052477006
478806,1,1,9,521.4742543314508
478807,1,1,3,84.35711640776583
478837,1,1,3,87.17973151199075
478842,1,1,1,556.2675026625467
478845,1,1,5,0.42645457969393247
478854,1,1,10,689.9629460829624
478871,1,1,8,463.24542468819516
478873,1,1,6,355.99589556327584
478874,1,1,2,441.2567245923363
478908,1,1,1,208.45570307662706
478925,1,1,10,272.61083362270983
478949,1,1,10,421.72415633684784
478978,1,1,2,344.02742639379767
478979,1,1,1,608.976941188184
478983,1,1,7,145.67057376890563
478998,1,1,5,0.42645457969393247
479001,1,1,4,0.42645458358136
479010,1,1,6,270.68692059926116
479012,1,1,9,866.3196324969624
479013,1,1,9,562.9442363671302
479023,1,1,7,86.76112064630804
479049,1,1,8,271.62151865274404
479051,1,1,7,157.783153305198
479056,1,1,1,304.12117729612584
479062,1,1,9,47.52665997084436
479077,1,1,6,386.20011777131384
479079,1,1,10,324.5528146817673
479089,1,1,1,739.5456702079496
479091,1,1,9,879.6739381565582
479099,1,1,8,317.06010363477077
479107,1,1,7,86.95412065810477
479112,1,1,10,458.05967795597763
479125,1,1,5,0.42645457969393247
479134,1,1,8,150.90388579806663
479139,1,1,8,400.3364056002912
479142,1,1,7,126.69209202136626
479150,1,1,10,260.19812729280045
479192,1,1,5,0.42645457969393247
479195,1,1,10,376.16259153515557
479207,1,1,8,385.0431374974429
479212,1,1,10,243.94010473761972
479245,1,1,6,606.1924453065828
479267,1,1,9,538.6151805079085
479280,1,1,3,89.01701724571633
479285,1,1,8,470.1996351175765
479295,1,1,9,106.96349931653364
479310,1,1,10,327.4124498824328
479321,1,1,4,0.42645458358136
479329,1,1,9,813.0112720837433
479330,1,1,8,382.7431424422417
479349,1,1,4,0.42645458358136
479357,1,1,6,729.6628370614857
479369,1,1,4,0.42645458358136
479375,1,1,9,582.9455706076836
479379,1,1,10,458.9924162424882
479384,1,1,8,766.8734951593711
479386,1,1,8,443.20257972507994
479390,1,1,6,452.9515607854246
479399,1,1,6,775.6364579595559
479401,1,1,6,576.4816023920781
479411,1,1,9,288.15323474966084
479412,1,1,8,900.2712889111629
479449,1,1,2,468.17576011500944
479453,1,1,7,173.17054058144117
479456,1,1,8,903.450805377059
479475,1,1,9,831.4032538935653
479486,1,1,10,685.1998871801442
479492,1,1,9,108.28938012583248
479497,1,1,9,823.966630528775
479511,1,1,8,195.53730006483053
479513,1,1,6,639.7860631901151
479562,1,1,9,322.2000370154391
479577,1,1,1,325.5231873625282
479580,1,1,1,666.0935490182
479585,1,1,5,0.42645457969393247
479589,1,1,9,853.3835645619005
479619,1,1,4,0.42645458358136
479644,1,1,6,436.8017862650491
479645,1,1,10,336.4442085187145
479662,1,1,6,659.9737419439718
479666,1,1,9,174.45814988264837
479667,1,1,2,70.86002224798679
479676,1,1,6,310.2500347543047
479690,1,1,8,894.4453358904362
479711,1,1,9,238.23573709931298
479712,1,1,6,631.95274642149
479715,1,1,8,523.2868587166367
479739,1,1,6,492.51136329878943
479742,1,1,1,744.825655292121
479747,1,1,6,675.408865552894
479752,1,1,9,766.943048923252
479754,1,1,9,443.3515494009034
479763,1,1,1,501.54068296227155
479776,1,1,8,369.5093703753046
479781,1,1,5,0.42645456789925423
479786,1,1,4,0.42645458358136
479796,1,1,6,626.9536100536099
479797,1,1,6,778.7786682209795
479814,1,1,3,87.08691558329024
479868,1,1,3,60.94987685067633
479870,1,1,1,476.8835915034741
479875,1,1,9,405.2241548146961
479878,1,1,5,0.42645457969393247
479883,1,1,9,446.84285813006926
479895,1,1,6,451.46814748020796
479897,1,1,1,356.8715146298696
479899,1,1,5,0.42645457969393247
479906,1,1,10,637.0039884994669
479924,1,1,5,0.42645457969393247
479926,1,1,9,697.8266561847972
479932,1,1,6,583.6402796232879
479952,1,1,10,389.67686526895255
479971,1,1,4,0.42645458358136
479990,1,1,9,213.1943353035723
479992,1,1,4,0.42645458358136
480001,1,1,6,713.5838287973697
480014,1,1,6,203.9654718012897
480029,1,1,2,353.60337645393474
480031,1,1,8,789.4753882040048
480037,1,1,2,219.6842542937562
480040,1,1,6,496.1080800265302
480053,1,1,8,546.9811459087716
480056,0,1,0,0.10821670081152085
480065,1,1,6,734.3315499778837
480080,1,1,6,288.9625596157714
480084,1,1,3,60.9956549324477
480091,1,1,1,303.6276141190067
480093,1,1,4,0.42645458358136
480097,1,1,5,0.42645457969393247
480121,1,1,1,678.036278052488
480127,1,1,6,247.85124948949178
480140,1,1,2,397.12084107417417
480144,1,1,7,168.82836883714228
480150,1,1,10,511.6202048442545
480151,1,1,5,0.42645457969393247
480152,1,1,9,852.3590219360059
480165,1,1,10,556.3072174625526
480166,1,1,4,0.42645458358136
480186,1,1,4,0.42645458358136
480192,1,1,6,448.3614655464515
480196,1,1,8,865.0853571247073
480198,1,1,10,517.3338521950267
480210,1,1,6,783.43686812567
480226,1,1,8,528.2848458169004
480240,1,1,7,75.28032931549937
480250,1,1,6,315.9532408162651
480256,1,1,5,0.42645457969393247
480257,1,1,2,464.36354241895395
480258,1,1,9,627.5954934353127
480262,1,1,9,118.19394082310097
480269,1,1,5,0.42645457969393247
480277,1,1,5,0.42645457969393247
480278,1,1,9,436.97230698591
480288,1,1,8,555.7133627357688
480290,1,1,10,720.1612201790261
480308,1,1,9,652.9631822173752
480313,1,1,10,438.90417867735385
480328,1,1,9,430.06440297268836
480329,1,1,8,700.7670554676346
480337,1,1,6,501.3806560692923
480338,1,1,1,259.64848903358666
480349,1,1,6,198.40189006624055
480354,1,1,10,617.9523333234988
480357,1,1,9,787.710694257967
480362,1,1,10,158.70469096537514
480372,1,1,4,0.42645458358136
480381,1,1,8,496.934186521712
480383,1,1,9,457.05751883782744
480388,1,1,8,757.8076221864578
480390,1,1,7,10.126328672410983
480408,1,1,6,799.9013649695939
480428,1,1,9,346.34644427860746
480431,1,1,6,156.7620977015297
480451,1,1,4,0.42645458358136
480468,1,1,6,449.53848559119666
480518,1,1,4,0.42645458358136
480527,1,1,6,714.1979862431256
480532,1,1,2,397.3415742752503
480536,1,1,6,521.4095256650027
480542,1,1,9,636.2959329964311
480571,1,1,6,809.8363031887345
480578,1,1,9,189.111380843596
480606,1,1,4,0.42645458358136
480615,1,1,7,173.0728919145171
480620,1,1,5,0.42645457969393247
480621,1,1,4,0.42645458358136
480659,1,1,7,59.887538820825284
480693,1,1,6,721.3580261065708
480701,1,1,6,543.4187834898606
480708,1,1,8,413.31449928418135
480709,1,1,10,510.3029097577936
480710,1,1,4,0.42645458358136
480712,1,1,9,578.6730824429643
480731,1,1,5,0.42645457969393247
480736,1,1,6,616.8364594271228
480743,1,1,5,0.42645457969393247
480748,1,1,10,712.046930430964
480775,1,1,10,311.5395549582088
480781,1,1,5,0.42645457969393247
480808,1,1,9,551.3029003300379
480863,1,1,10,98.30557339579778
480864,1,1,1,616.7617381976161
480868,1,1,9,76.65078593119269
480875,1,1,3,77.11812960883414
480876,1,1,2,325.6726469614759
480923,1,1,1,489.23325678490556
480924,1,1,5,0.42645457969393247
480928,1,1,5,0.42645457969393247
480946,1,1,4,0.42645458358136
480967,1,1,4,0.42645458358136
480986,1,1,9,103.74667087250715
480999,1,1,7,165.22942739223646
481007,1,1,2,406.3527012617679
481010,1,1,8,539.3200469859793
481017,1,1,8,890.3230578351751
481019,1,1,5,0.42645457969393247
481052,1,1,6,786.5288084884293
481053,1,1,6,157.94950974206247
481059,1,1,10,185.75327988631807
481088,1,1,1,616.2333632222204
481094,1,1,3,90.01328192501626
481149,1,1,4,0.4264545919581291
481167,1,1,8,445.15654369047536
481185,1,1,9,733.9505115589999
481195,1,1,1,395.50498403644747
481200,1,1,9,605.6289418492729
481217,1,1,8,861.8853866484266
481221,1,1,9,870.4078186115416
481245,1,1,1,298.5812558898154
481249,1,1,5,0.42645457969393247
481263,1,1,2,320.7551992545554
481268,1,1,9,607.4890669443537
481273,1,1,2,276.51087454084154
481274,1,1,6,740.3263446608337
481277,1,1,1,453.0644668345702
481278,1,1,9,547.127595716062
481288,1,1,6,361.2393082725283
481296,1,1,6,699.8393067319595
481314,1,1,8,854.3258809161404
481316,1,1,6,691.9628139966353
481324,1,1,5,0.42645457969393247
481336,1,1,8,687.0786470777141
481360,1,1,6,444.91854588723584
481361,1,1,1,690.696063180422
481385,1,1,5,0.42645457969393247
481395,1,1,1,729.8587892345386
481399,0,1,0,0.0988810023981503
481413,1,1,8,735.8731962669472
481416,1,1,8,292.78950049081243
481431,1,1,4,0.42645458358136
481432,1,1,6,517.8836745852028
481434,1,1,5,0.42645457969393247
481437,1,1,2,98.44968633467954
481456,1,1,4,0.4264545919581291
481464,1,1,5,0.42645456789925423
481471,1,1,6,326.1308623730439
481485,1,1,5,0.42645457969393247
481486,1,1,4,0.42645458358136
481493,1,1,7,46.977811100997336
481506,1,1,8,835.3946946677917
481519,1,1,9,737.7782537965995
481524,1,1,5,0.42645457969393247
481533,1,1,3,39.72865332903663
481536,1,1,9,831.0563839815978
481543,1,1,1,296.2737880881402
481545,1,1,9,706.8172961677149
481551,1,1,10,638.7241135354726
481552,1,1,6,429.6079658404863
481557,1,1,10,298.7451931673544
481566,1,1,1,287.40314665048413
481571,1,1,3,73.15489331807818
481608,1,1,4,0.42645458358136
481609,1,1,7,14.659706638197324
481617,1,1,9,779.4606109821844
481624,1,1,1,705.9686806741654
481629,1,1,4,0.42645458358136
481644,1,1,4,0.42645458358136
481647,1,1,5,0.42645457969393247
481653,1,1,1,181.98754621579033
481662,1,1,6,804.7350611687724
481665,1,1,4,0.42645458358136
481671,1,1,9,806.437717962095
481673,1,1,4,0.42645458358136
481682,1,1,3,91.36479281598498
481688,1,1,8,871.3071139783998
481690,1,1,5,0.42645456789925423
481698,1,1,4,0.4264545919581291
481706,1,1,4,0.42645458358136
481708,1,1,9,482.97862889343753
481727,1,1,9,356.8356248610967
481735,1,1,9,358.75413883481633
481739,1,1,9,819.6322962421323
481777,1,1,2,472.35938106304116
481784,1,1,5,0.42645457969393247
481788,1,1,9,634.1230038847232
481805,1,1,6,655.4959513777909
481814,1,1,1,219.42718061399518
481821,1,1,4,0.42645458358136
481822,1,1,9,436.26361785835746
481826,1,1,7,152.69278468021042
481861,1,1,9,160.29345803515977
481876,1,1,9,464.58576847164176
481878,1,1,8,556.8270183186535
481892,1,1,2,447.42268872959005
481896,1,1,10,546.9631251115303
481898,1,1,5,0.42645457969393247
481916,1,1,10,439.6717359875185
481927,1,1,10,434.24002303441483
481930,1,1,9,849.7878357194497
481956,1,1,9,867.2932707774434
481958,1,1,5,0.3997745606809344
481964,1,1,8,890.946417102366
481970,1,1,10,161.53475914743203
481973,1,1,8,223.3067079630998
481981,1,1,6,650.7953198119346
481986,1,1,5,0.42645457969393247
481991,1,1,5,0.42645457969393247
481998,1,1,8,417.72861268117805
481999,1,1,4,0.42645456789925423
482003,1,1,7,37.47659924502751
482009,1,1,8,143.87291290267737
482011,1,1,4,0.42645458358136
482014,1,1,9,495.2842089616672
482037,1,1,2,412.26125267967507
482040,1,1,9,890.5909900662621
482041,1,1,8,501.6531605489497
482063,1,1,8,560.3559262961248
482103,1,1,10,548.8607224057804
482124,1,1,6,722.0563537742607
482128,1,1,10,506.6621660720939
482130,1,1,6,205.4525309831039
482132,1,1,4,0.42645458358136
482162,1,1,1,516.930796471153
482173,1,1,9,867.7082201495755
482188,1,1,9,98.11019283543038
482194,1,1,1,468.46517976931847
482220,1,1,8,596.0313975334307
482228,1,1,1,660.4563435099948
482229,1,1,7,33.175177094734245
482235,1,1,8,169.5952064305803
482250,1,1,6,551.0917428255243
482254,1,1,5,0.42645457969393247
482263,1,1,7,167.15614825521138
482269,1,1,5,0.42645457969393247
482280,1,1,6,408.0375792001738
482298,1,1,10,123.47322851072789
482314,1,1,5,0.42645457969393247
482326,1,1,1,650.119915929228
482330,1,1,5,0.42645457969393247
482341,1,1,2,232.19471323869234
482343,1,1,9,289.5614338917679
482352,1,1,5,0.42645457969393247
482362,1,1,8,915.8897157212667
482375,1,1,7,165.77399075196288
482407,1,1,5,0.42645457969393247
482433,1,1,9,721.0275142690173
482439,1,1,8,536.4484503558944
482483,1,1,10,354.9474290784843
482499,1,1,4,0.42645458358136
482542,1,1,9,627.4241945431122
482546,1,1,6,287.25013672704665
482547,1,1,5,0.42645457969393247
482549,1,1,4,0.42645458358136
482565,1,1,10,679.523065602534
482570,1,1,4,0.42645458358136
482609,1,1,1,648.0703437351763
482619,1,1,9,517.0223779537174
482621,1,1,4,0.42645457969393247
482645,1,1,10,721.2483072728519
482650,1,1,2,355.4617729229483
482659,1,1,1,755.5668778513741
482677,1,1,9,619.6941124337102
482708,1,1,4,0.42645458358136
482719,1,1,4,0.42645458358136
482726,1,1,5,0.42645457969393247
482729,1,1,2,201.32550536593737
482740,1,1,6,734.1692475511586
482796,1,1,4,0.42645458358136
482801,1,1,9,597.7158821686311
482802,1,1,8,495.44390594926176
482803,1,1,6,132.40918481306247
482815,1,1,6,491.70309232823297
482829,1,1,6,671.8373673399445
482846,1,1,5,0.42645457969393247
482848,1,1,4,0.42645458358136
482850,1,1,8,830.024914658007
482852,1,1,5,0.42645457969393247
482858,1,1,3,92.32293705994229
482867,1,1,6,457.98752070795695
482875,1,1,4,0.42645458358136
482878,1,1,8,784.25720665652
482882,1,1,10,492.63376844864814
482889,1,1,1,396.87604292379206
482891,1,1,6,728.5499741052632
482894,1,1,5,0.42645457969393247
482900,1,1,1,740.4605848132267
482917,1,1,9,693.22785172816
482924,1,1,9,831.8664625005908
482928,1,1,6,500.85243808370444
482934,1,1,9,777.9095779043961
482940,1,1,5,0.42645457969393247
482962,1,1,2,404.96251602527843
482970,1,1,5,0.42645457969393247
482973,1,1,5,0.42645457969393247
482980,1,1,7,54.93616856271114
482992,1,1,10,643.6671770772934
482993,1,1,1,687.4457476883526
483004,1,1,9,84.62912112197259
483013,1,1,6,271.7938278023818
483015,1,1,4,0.42645458358136
483017,1,1,5,0.42645457969393247
483029,0,1,0,0.10807177344725567
483033,1,1,10,401.92877306515913
483047,1,1,7,111.70535594075696
483058,1,1,4,0.4264545919581291
483060,1,1,6,758.1503438275048
483068,1,1,10,371.84729849606157
483079,1,1,2,276.2320898764287
483086,1,1,8,274.4469028006353
483111,1,1,9,379.3314993478528
483127,1,1,6,614.9211698607047
483137,1,1,10,429.6545372652591
483145,1,1,4,0.42645458358136
483148,1,1,6,505.10023986076015
483152,1,1,8,320.6055660259806
483157,1,1,9,343.64599493385424
483162,1,1,5,0.42645457969393247
483175,1,1,8,709.6994719312966
483191,1,1,10,685.3787928485722
483194,1,1,5,0.42645457969393247
483197,1,1,6,781.4383996102193
483205,1,1,9,502.1817688709279
483211,1,1,10,683.0033560445178
483220,1,1,6,448.86660425239904
483244,1,1,5,0.42645457969393247
483274,1,1,1,379.98091072787105
483276,1,1,4,0.42645458358136
483284,1,1,9,888.1265189945484
483285,0,1,0,0.15471157404462524
483304,1,1,9,325.71684783628774
483307,1,1,7,72.27094448070748
483315,1,1,1,729.5459988393881
483333,1,1,5,0.42645457969393247
483336,1,1,8,421.26018578131874
483354,1,1,5,0.42645457969393247
483356,1,1,8,832.8738328149831
483371,1,1,6,747.2564652964247
483379,1,1,6,483.87628057544356
483401,1,1,10,498.9047200154594
483404,1,1,7,60.53872899877192
483411,1,1,9,788.0585487409525
483428,1,1,7,173.08116391285898
483447,1,1,6,745.0258974823313
483453,1,1,9,238.65633416553385
483460,1,1,1,687.7122525951802
483463,1,1,4,0.42645458358136
483466,1,1,10,173.85679059244447
483483,1,1,4,0.42645458358136
483484,1,1,2,370.7606954491714
483516,1,1,6,800.028968111307
483538,1,1,9,766.0514228513484
483551,1,1,6,498.3415329284803
483608,1,1,7,128.58295820385376
483627,1,1,5,0.42645457969393247
483630,1,1,10,190.14821770008922
483634,1,1,5,0.42645457969393247
483635,1,1,5,0.42645457969393247
483637,1,1,4,0.42645458358136
483647,1,1,9,539.9563334350615
483650,1,1,5,0.42645457969393247
483657,1,1,9,125.10004283093399
483659,1,1,9,825.3214080683289
483678,1,1,9,249.37684995401733
483681,1,1,9,439.6295779812436
483690,1,1,10,547.3761559863448
483696,1,1,6,761.8078732056745
483730,1,1,6,666.1504102724754
483736,1,1,9,350.1388530985609
483748,1,1,1,537.3114478580748
483754,1,1,5,0.42645457969393247
483756,1,1,9,557.0244084468656
483770,1,1,5,0.42645457969393247
483778,1,1,1,560.7598392176469
483782,1,1,5,0.42645457969393247
483783,1,1,9,791.7739104135936
483786,1,1,4,0.42645458358136
483789,1,1,9,226.16913082119908
483807,1,1,4,0.42645458358136
483810,1,1,9,775.6194434086167
483828,1,1,1,531.5741774278888
483834,1,1,5,0.42645457969393247
483837,1,1,6,784.838767386166
483840,1,1,5,0.42645457969393247
483843,1,1,4,0.42645458358136
483862,1,1,10,365.023845676426
483875,1,1,10,617.0196216473939
483876,1,1,4,0.42645458358136
483877,1,1,8,690.2462972423177
483878,1,1,8,364.41399775125393
483880,1,1,2,98.63009872080173
483904,1,1,9,695.7660079664628
483906,1,1,9,602.4004620580872
483953,1,1,2,466.6750608037359
483954,1,1,7,143.84780719069678
483996,1,1,6,511.9252712810886
484001,1,1,8,519.6647442496916
484013,1,1,5,0.42645457969393247
484021,1,1,9,887.2580662090888
484023,1,1,1,640.091556269735
484024,1,1,5,0.42645456789925423
484030,1,1,9,162.91524091783813
484031,1,1,4,0.42645458358136
484035,1,1,9,893.2821022797059
484045,1,1,4,0.42645458358136
484062,1,1,1,536.1476177333828
484064,1,1,10,333.5882530878948
484071,1,1,2,355.6808994218356
484072,1,1,10,521.3952837568515
484078,1,1,2,403.8257089391298
484080,1,1,5,0.42645457969393247
484085,1,1,5,0.42645457969393247
484086,1,1,10,413.58397435775896
484093,1,1,9,850.1341088658485
484110,1,1,10,638.7652656529564
484112,1,1,9,547.4440955670663
484119,1,1,6,524.564287092506
484125,1,1,8,518.8424278815103
484138,1,1,9,874.9324664089507
484142,1,1,5,0.42645457969393247
484145,1,1,4,0.42645458358136
484149,1,1,5,0.42645457969393247
484158,1,1,2,430.0211696098148
484164,1,1,1,634.3174301483025
484173,1,1,8,444.3625649565992
484178,1,1,6,717.0780912883879
484184,1,1,5,0.42645457969393247
484186,1,1,6,730.2253712799809
484200,1,1,9,872.1349520571599
484230,1,1,6,675.4723171432689
484232,1,1,5,0.42645457969393247
484234,1,1,5,0.42645457969393247
484241,1,1,6,797.9566696390821
484244,1,1,6,557.8815568709277
484251,1,1,10,721.8073854860339
484254,1,1,10,460.913693388489
484256,1,1,9,563.1278607909511
484258,1,1,9,519.4229278776781
484275,1,1,9,76.71759623384229
484276,1,1,8,284.5926400527549
484281,1,1,6,706.9497761184931
484287,1,1,7,90.79180731549975
484302,1,1,4,0.42645458358136
484306,1,1,4,0.42645458358136
484311,1,1,4,0.42645458358136
484321,1,1,5,0.42645457969393247
484364,1,1,5,0.42645457969393247
484371,1,1,5,0.42645457969393247
484373,1,1,4,0.42645458358136
484376,1,1,7,95.08877659777686
484380,1,1,3,71.57209057441844
484381,1,1,3,53.55299513098713
484396,1,1,10,459.5753127780309
484425,1,1,5,0.42645457969393247
484428,1,1,5,0.42645457969393247
484434,1,1,6,463.20079773810187
484436,1,1,9,511.37079842000776
484438,1,1,6,516.0434794381337
484457,1,1,4,0.42645458358136
484459,1,1,6,739.0891524571016
484461,1,1,4,0.42645458358136
484462,1,1,4,0.42645458358136
484464,1,1,9,169.32710607058866
484465,1,1,6,411.3611482458956
484470,1,1,1,597.7296701352908
484476,1,1,4,0.4264545919581291
484494,1,1,4,0.42645458358136
484495,1,1,9,371.00730380610406
484497,1,1,7,172.66831037967953
484501,1,1,1,554.6279676296228
484507,1,1,10,244.15477815400902
484509,1,1,10,669.6114680982514
484510,1,1,10,425.0104399698243
484512,1,1,4,0.42645458358136
484515,1,1,8,751.5232983772255
484555,1,1,6,689.0221918536879
484559,1,1,6,798.5834804030671
484561,1,1,6,438.5421269147318
484567,1,1,10,521.7991677206747
484568,1,1,6,790.9399497089522
484579,1,1,6,178.7250782392373
484609,1,1,4,0.42645458358136
484636,1,1,5,0.42645457969393247
484645,1,1,6,413.60976568495414
484647,1,1,1,512.4802344132357
484674,1,1,6,663.5434706565113
484676,1,1,3,91.11995642347044
484682,1,1,9,746.3059066740067
484692,1,1,8,753.3319223451493
484704,1,1,5,0.42645457969393247
484711,1,1,9,806.7001084101589
484713,1,1,6,345.1828344166868
484714,0,1,0,0.13213824013106393
484736,1,1,6,411.44752936487697
484740,1,1,1,742.938867591046
484741,1,1,6,253.64937658293152
484751,1,1,6,510.9699261791929
484757,1,1,8,456.6684519845062
484761,1,1,3,46.88788209163984
484775,1,1,10,351.31607661270886
484780,1,1,10,449.5030868212572
484786,1,1,10,409.5389149590193
484799,1,1,6,546.0123322172324
484800,1,1,4,0.42645458358136
484806,1,1,3,90.14379844194372
484811,1,1,4,0.42645458358136
484816,1,1,4,0.42645458358136
484817,1,1,9,160.4096778839279
484838,1,1,6,263.9271076250436
484845,0,1,0,0.2338209937075832
484846,1,1,2,383.39558919137744
484870,1,1,2,469.998136936459
484873,1,1,8,425.71722726411406
484891,1,1,7,111.25101169476454
484892,1,1,5,0.42645457969393247
484899,1,1,4,0.42645457969393247
484907,1,1,5,0.42645457969393247
484908,1,1,8,290.5132544102992
484928,1,1,6,312.5767503649254
484929,1,1,9,794.9777596756429
484930,0,1,0,0.10587688530642039
484932,1,1,6,477.7937092750806
484949,1,1,5,0.42645457969393247
484975,1,1,10,203.7257648457865
484990,1,1,4,0.42645458358136
484993,1,1,9,525.3558995708557
485004,1,1,8,745.4262544647942
485013,1,1,7,159.901711084773
485017,1,1,3,71.03807877212964
485020,1,1,3,65.26153900723885
485026,1,1,2,287.8709160827852
485058,1,1,5,0.42645457969393247
485062,1,1,10,560.2595755621642
485065,1,1,5,0.42645457969393247
485066,1,1,8,840.0056401596491
485067,1,1,7,144.08151141807093
485075,1,1,9,235.7096820852672
485076,1,1,9,669.1576649157931
485084,1,1,9,635.2785504156302
485089,1,1,6,544.5782504731998
485095,1,1,9,681.7522667776383
485106,1,1,9,593.0151414223348
485107,1,1,8,181.1974100824472
485125,1,1,8,374.16502327313225
485147,1,1,9,359.50524573565235
485161,1,1,4,0.42645458358136
485173,1,1,1,705.3659773464852
485199,0,1,0,0.07970513017288597
485222,1,1,6,797.0554442165582
485235,1,1,2,406.0464231997785
485242,1,1,9,384.3617041554552
485247,1,1,10,416.5984439492235
485249,1,1,5,0.42645457969393247
485261,1,1,2,111.45570261688492
485285,1,1,4,0.42645458358136
485286,1,1,1,307.84599914905294
485298,1,1,6,643.4240054071358
485302,1,1,1,417.6903229259873
485307,1,1,6,757.9458101977543
485314,1,1,8,870.6626467723713
485340,1,1,9,636.1897318920409
485346,1,1,5,0.42645456789925423
485363,1,1,8,254.12313277958134
485364,1,1,9,591.0957247027377
485392,1,1,10,720.8921449233858
485401,0,1,0,0.17083062868202878
485407,1,1,5,0.42645457969393247
485418,1,1,8,344.1634613569495
485437,1,1,8,496.9181802690732
485438,1,1,4,0.42645458358136
485446,1,1,9,871.1121195346
485453,1,1,3,91.61553481943089
485456,1,1,6,529.400223173047
485460,1,1,4,0.42645458358136
485478,1,1,8,553.0783869364071
485483,1,1,8,542.2014818813491
485500,1,1,4,0.42645458358136
485512,1,1,5,0.42645457969393247
485520,1,1,9,282.4966351185051
485531,1,1,6,360.67163906152075
485542,1,1,10,723.2464829158421
485550,1,1,4,0.42645458358136
485598,1,1,9,295.43899213742054
485608,1,1,10,291.8555009306346
485619,1,1,9,471.2601703744811
485621,1,1,4,0.42645458358136
485623,1,1,6,277.15394333207246
485632,1,1,7,162.4500117717545
485636,1,1,5,0.42645457969393247
485641,1,1,10,135.7130555322005
485646,1,1,10,438.0284726888679
485656,1,1,6,551.5125917887417
485700,1,1,6,178.19430360180687
485708,1,1,4,0.4264545919581291
485709,1,1,10,336.64338545859766
485713,1,1,4,0.42645458358136
485724,1,1,8,316.35574637677905
485726,1,1,2,456.9245668164541
485727,1,1,1,699.3025342623677
485757,1,1,10,297.1087972633403
485775,1,1,1,267.13733977185404
485777,1,1,8,416.3811666486973
485779,1,1,8,902.219676321025
485799,1,1,8,397.54887289689464
485804,1,1,7,16.10758103856432
485812,1,1,10,188.86764047129984
485814,1,1,1,435.5717747849222
485816,1,1,9,819.278287437223
485817,1,1,7,114.82460461412398
485831,1,1,6,604.729367199947
485840,1,1,9,550.609124033342
485853,1,1,6,598.4851938737052
485867,1,1,4,0.42645458358136
485874,1,1,10,626.0519449375688
485875,1,1,4,0.42645458358136
485881,1,1,3,46.184099943469185
485891,1,1,6,231.25379217193668
485905,1,1,8,834.5267065059884
485947,1,1,4,0.42645458358136
485976,1,1,6,731.3412196919827
485989,1,1,5,0.42645457969393247
485998,1,1,9,814.4178983706915
486016,1,1,2,249.0571875561267
486024,1,1,2,448.6417046043125
486033,1,1,4,0.4264545919581291
486052,1,1,1,251.60865193626753
486080,1,1,5,0.42645457969393247
486085,1,1,4,0.42645458358136
486102,1,1,4,0.42645458358136
486112,1,1,9,701.1482407837776
486120,1,1,9,582.1632184638348
486132,1,1,5,0.42645457969393247
486142,1,1,10,165.25463535591595
486149,1,1,10,501.50478297159447
486152,1,1,6,544.7600697652817
486156,1,1,9,857.4919629489509
486169,1,1,4,0.42645458358136
486186,1,1,3,92.44411116677358
486192,1,1,9,666.9403642417966
486201,1,1,6,555.2239960820089
486202,1,1,3,90.79620902537127
486206,1,1,5,0.42645457969393247
486216,1,1,9,444.60052106875634
486230,1,1,9,223.1285363513124
486244,1,1,5,0.42645457969393247
486258,1,1,10,501.34241012861935
486269,1,1,8,159.72826166712005
486270,1,1,3,89.75760130451312
486305,1,1,8,460.9988720960098
486313,1,1,3,91.01057001207495
486318,1,1,4,0.42645458358136
486335,1,1,6,409.5268572744328
486357,1,1,9,875.387245445368
486373,1,1,9,462.9141469240319
486374,1,1,6,809.9528780890261
486399,1,1,4,0.42645458358136
486403,1,1,10,698.540038152642
486407,1,1,2,353.86512838480166
486408,1,1,10,720.4463140496148
486409,1,1,5,0.42645457969393247
486453,1,1,4,0.42645458358136
486468,1,1,10,130.03209517933954
486479,1,1,8,739.5370475828888
486491,1,1,8,880.4433972099903
486492,1,1,10,705.3369838080902
486506,1,1,6,124.00255119374056
486513,1,1,9,320.2612997973711
486518,1,1,9,323.0849796317808
486527,1,1,6,564.6880907896413
486581,1,1,6,546.5689409219784
486616,1,1,6,712.9813069430744
486631,1,1,4,0.42645458358136
486636,1,1,6,448.7478901586564
486648,1,1,6,464.74688477236845
486677,1,1,1,650.3521403516813
486681,1,1,4,0.42645458358136
486690,1,1,9,566.3410615814156
486707,1,1,10,711.5497771009019
486713,1,1,4,0.42645458358136
486737,1,1,9,864.4852332761765
486738,1,1,9,275.6483784254084
486766,1,1,2,336.24822707883686
486768,1,1,5,0.42645457969393247
486778,1,1,8,718.7565953806118
486781,1,1,9,792.1955086724145
486808,1,1,8,746.9463250316023
486817,1,1,5,0.42645457969393247
486821,1,1,10,183.84728417147585
486837,1,1,5,0.42645456789925423
486862,1,1,4,0.4264545919581291
486875,1,1,5,0.42645457969393247
486880,1,1,1,178.73902503041796
486887,1,1,9,546.8490834397941
486894,1,1,5,0.42645457969393247
486903,1,1,10,561.9230007909472
486928,1,1,9,230.43299058359588
486933,1,1,10,154.18154840286147
486934,1,1,3,92.55035098183774
486942,1,1,2,467.67024994539173
486943,1,1,8,648.975472938272
486944,1,1,6,790.0421633924891
486976,1,1,5,0.42645457969393247
486981,1,1,4,0.42645458358136
486987,1,1,1,661.5815740306411
486999,1,1,10,560.5062145668622
487004,1,1,2,114.22837928995166
487033,1,1,5,0.42645457969393247
487035,1,1,4,0.42645458358136
487036,1,1,9,791.1058274383859
487051,1,1,9,575.3107724474193
487052,1,1,9,581.0405926049756
487061,1,1,9,874.2068357231502
487077,1,1,9,601.5629363365716
487086,1,1,6,546.753531897989
487098,1,1,5,0.42645457969393247
487100,1,1,7,60.53662395951151
487106,1,1,6,659.3931184642955
487111,1,1,5,0.42645457969393247
487120,1,1,9,746.8713942337653
487135,1,1,7,90.64693939460727
487144,1,1,4,0.4264545919581291
487145,1,1,8,730.1446262868915
487146,1,1,8,425.1043369256965
487149,1,1,5,0.42645457969393247
487152,1,1,10,590.2273667524785
487154,1,1,9,890.5679852539188
487157,1,1,9,583.9864082230533
487170,1,1,10,647.0767302070185
487172,1,1,9,300.37314764384536
487177,1,1,10,465.6890285467176
487180,1,1,8,840.2790929662746
487186,1,1,4,0.42645458358136
487187,1,1,5,0.42645457969393247
487197,1,1,8,295.0462427767637
487198,1,1,9,266.0331364265186
487203,1,1,9,309.35577184758773
487209,1,1,9,887.4768734906579
487220,1,1,9,868.8297204143269
487224,1,1,6,302.42844015566266
487225,1,1,5,0.42645457969393247
487227,1,1,10,456.029709293147
487243,1,1,9,583.147562953673
487254,1,1,9,620.5810730463352
487256,1,1,5,0.42645457969393247
487268,1,1,5,0.42645457969393247
487281,1,1,9,788.5375337217687
487288,1,1,2,481.6263375967498
487295,1,1,10,720.1259705751737
487317,1,1,5,0.42645457969393247
487328,1,1,6,356.719082871663
487359,1,1,9,450.51895556049215
487368,1,1,9,794.7011834358391
487375,1,1,10,405.56086390491646
487382,1,1,9,863.0139780586654
487406,1,1,5,0.42645457969393247
487408,1,1,4,0.42645458358136
487409,1,1,4,0.42645458358136
487410,1,1,6,728.6608280563553
487415,1,1,7,170.28120846164373
487418,1,1,8,664.4875592291946
487422,1,1,7,128.98842998681792
487434,1,1,6,800.2775729891566
487446,1,1,10,719.5337973656506
487454,1,1,9,599.6577484641313
487456,0,1,0,0.1193519174615252
487480,1,1,6,643.3564939287076
487482,1,1,9,681.6836064935851
487483,1,1,1,229.01828103952886
487496,1,1,4,0.42645458358136
487499,1,1,6,456.58298410827143
487515,1,1,7,142.18154072933245
487524,1,1,4,0.42645458358136
487541,1,1,4,0.42645458358136
487547,1,1,9,837.4459258410011
487553,1,1,9,469.9824100007383
487571,1,1,7,113.30904936622338
487580,1,1,1,237.85833870766567
487594,1,1,1,150.93677153063604
487597,1,1,4,0.42645458358136
487601,1,1,6,803.3691352197161
487614,1,1,10,706.9409440889186
487636,1,1,6,411.9817023839261
487650,1,1,8,689.9683549865076
487656,1,1,7,67.31708510777885
487658,1,1,4,0.4264545919581291
487665,1,1,4,0.4264545919581291
487679,1,1,9,466.4036338604914
487681,1,1,5,0.42645457969393247
487685,1,1,6,431.80455964820646
487705,1,1,4,0.42645458358136
487710,1,1,4,0.42645458358136
487719,1,1,8,430.7166550522021
487730,1,1,8,632.7171107670139
487731,1,1,10,637.7947332593711
487732,1,1,9,609.9610295143212
487734,1,1,1,682.3733987046477
487755,1,1,8,563.0799912946702
487769,1,1,8,720.5435055683004
487774,1,1,9,852.8308090179271
487777,1,1,4,0.42645457969393247
487812,1,1,2,85.86963318069533
487821,1,1,8,840.0194159980724
487827,1,1,6,167.33293116195392
487831,1,1,9,379.7239013620414
487833,1,1,5,0.42645457969393247
487837,1,1,8,712.1285779035028
487881,1,1,8,792.6506579598519
487888,1,1,9,450.2167835528365
487898,1,1,6,810.756055052973
487915,1,1,8,725.4595889509328
487919,1,1,9,875.2902806706837
487929,1,1,8,684.8139335834094
487935,1,1,8,643.4361410688296
487939,1,1,8,471.22316329227226
487959,1,1,6,244.7929773177497
487972,1,1,2,309.16397738002263
487976,1,1,6,393.48739918692195
488000,1,1,4,0.4264545919581291
488004,0,1,0,0.08809488834302716
488007,1,1,4,0.42645458358136
488012,1,1,9,618.6438856292128
488038,1,1,8,671.6507911319837
488045,1,1,3,43.142230541842366
488051,1,1,4,0.42645458358136
488058,1,1,10,518.9467760627092
488068,1,1,9,498.3788308743021
488072,1,1,5,0.42645457969393247
488073,1,1,1,606.1383581011356
488113,1,1,5,0.42645457969393247
488117,1,1,4,0.42645458358136
488120,1,1,8,901.7732277997987
488124,1,1,9,777.163311411285
488137,1,1,2,417.0233755924712
488148,1,1,3,75.95382743063679
488157,1,1,9,765.824708532183
488162,1,1,8,244.63977120294643
488182,1,1,9,748.8200060505025
488185,1,1,9,659.6101769951779
488188,1,1,5,0.42645457969393247
488233,1,1,4,0.42645458358136
488266,1,1,9,818.1684634587372
488275,1,1,8,907.8123726290206
488279,1,1,5,0.42645457969393247
488292,1,1,4,0.42645458358136
488312,1,1,1,159.87499972270516
488333,1,1,9,69.89904033207222
488359,1,1,4,0.42645458358136
488371,1,1,4,0.42645458358136
488372,1,1,9,365.5516042327895
488377,1,1,8,395.89490663979944
488379,1,1,10,271.8788142110172
488382,0,1,0,0.12365021288379281
488403,1,1,1,356.86825262122375
488419,1,1,5,0.42645457969393247
488421,1,1,5,0.42645457969393247
488423,1,1,5,0.42645457969393247
488492,1,1,5,0.42645457969393247
488506,1,1,8,424.69397114362437
488514,1,1,1,554.3984611749281
488517,1,1,10,428.0737265103567
488521,1,1,8,162.60442103419635
488527,1,1,8,404.8815185801117
488533,1,1,10,709.1064289072166
488554,0,1,0,0.11900806008702272
488568,1,1,5,0.42645457969393247
488569,1,1,8,885.7484081195257
488571,1,1,4,0.42645458358136
488576,1,1,3,56.34463649771052
488578,1,1,4,0.42645458358136
488608,1,1,9,510.0551631763882
488624,1,1,9,484.82331053402294
488637,1,1,9,455.97817287768214
488671,1,1,10,637.5418599040586
488674,1,1,5,0.42645457969393247
488675,1,1,9,769.1319616183325
488685,1,1,8,419.0697952460053
488696,1,1,6,345.78093444977463
488703,1,1,6,325.8295248760065
488724,1,1,6,618.5387635875715
488737,1,1,10,178.52513629392217
488741,1,1,6,667.7416220151648
488743,1,1,10,704.185407807633
488745,1,1,5,0.42645457969393247
488748,1,1,8,834.7148118351298
488775,1,1,5,0.42645457969393247
488776,1,1,6,769.6805222764146
488779,1,1,4,0.42645458358136
488796,1,1,4,0.42645458358136
488808,1,1,5,0.42645457969393247
488817,1,1,10,693.8185901098228
488835,1,1,1,396.730635550122
488860,1,1,9,784.1262267213102
488861,1,1,2,446.36844691773473
488865,1,1,4,0.42645458358136
488883,1,1,9,354.0830561727588
488889,1,1,7,79.98776214426515
488916,1,1,6,690.3916291821403
488928,1,1,8,886.1437294130046
488932,1,1,4,0.42645458358136
488941,1,1,8,318.22139204335434
488953,1,1,1,466.39446823145215
488954,1,1,5,0.42645457969393247
488997,1,1,6,586.9734911249417
489010,1,1,10,669.6754224860215
489016,1,1,6,180.32667509130172
489022,1,1,10,586.4553602456266
489037,1,1,8,856.3274360223946
489041,1,1,9,757.5975939942634
489049,1,1,9,708.048450930611
489058,1,1,8,399.0138352057369
489071,1,1,6,783.2330757999842
489074,1,1,4,0.42645458358136
489089,1,1,10,659.0503713103911
489091,1,1,9,747.8466721653531
489096,1,1,5,0.42645457969393247
489099,1,1,2,435.91263158525567
489130,1,1,9,676.1966391614636
489132,1,1,5,0.42645457969393247
489134,1,1,4,0.42645458358136
489135,1,1,4,0.42645458358136
489142,1,1,6,785.825411009791
489168,1,1,10,268.67996404516714
489177,1,1,9,612.2232185738832
489186,1,1,10,427.2957919826689
489191,1,1,4,0.42645458358136
489205,1,1,1,585.2013125048055
489209,1,1,4,0.42645458358136
489219,1,1,8,597.6456351185665
489249,1,1,8,659.5418905404041
489259,1,1,2,125.22695149999917
489262,1,1,6,772.4189278591581
489265,1,1,4,0.42645458358136
489288,1,1,9,206.32865260319943
489299,1,1,8,267.7074070955077
489307,1,1,10,225.62687554315718
489322,1,1,6,369.09888748479864
489345,1,1,6,535.3792212735734
489347,1,1,2,216.08041209608118
489363,1,1,2,456.00381660131507
489365,1,1,4,0.42645458358136
489373,1,1,6,555.300611154667
489382,1,1,9,831.6361385048021
489385,1,1,8,507.6422483625724
489391,1,1,7,93.88109925333032
489410,1,1,4,0.4264545919581291
489412,1,1,9,58.069326867253004
489416,1,1,9,581.1774731442097
489418,1,1,4,0.42645458358136
489442,1,1,1,718.7386035981484
489461,1,1,8,337.0656994716716
489466,1,1,9,312.9866777796021
489474,1,1,10,271.2836828985059
489483,1,1,3,84.05782178541969
489497,1,1,4,0.42645458358136
489519,1,1,8,491.014348677797
489523,1,1,3,49.35526888289395
489525,1,1,1,521.1509001583878
489560,1,1,5,0.42645457969393247
489568,1,1,6,352.11170083019414
489578,1,1,5,0.42645457969393247
489591,1,1,8,256.2662725223051
489598,1,1,9,561.4016897996353
489599,1,1,4,0.42645458358136
489618,1,1,4,0.42645458358136
489632,1,1,6,529.5713781594839
489645,1,1,5,0.42645457969393247
489661,1,1,5,0.42645457969393247
489667,1,1,7,156.80348076654965
489697,0,1,0,0.14540226967764977
489701,1,1,10,685.2092624807663
489702,1,1,4,0.42645458358136
489732,1,1,9,373.9456098023146
489740,1,1,6,432.4233466913917
489742,1,1,9,136.82409079873665
489766,1,1,8,151.46474375867604
489771,1,1,4,0.42645458358136
489781,1,1,5,0.42645456789925423
489793,1,1,6,649.1699574672675
489807,1,1,9,138.59284230147574
489836,1,1,5,0.42645457969393247
489838,1,1,8,219.79525219211803
489846,1,1,6,356.1514178674613
489850,1,1,9,116.83816600660903
489871,1,1,10,307.35470016851616
489895,1,1,6,786.2247870189811
489902,1,1,7,134.14467203199442
489910,1,1,9,539.912763192059
489917,1,1,3,73.02261234139864
489924,1,1,10,489.91926149278726
489946,1,1,4,0.42645458358136
489952,1,1,9,738.8213269230843
489957,1,1,9,495.48527490010645
489959,1,1,1,491.6376739712146
489964,1,1,8,869.2411163075368
489977,1,1,10,408.2810141788107
489988,1,1,4,0.42645458358136
489992,1,1,9,797.0088312459292
489996,1,1,9,267.5384501890716
490000,1,1,6,540.0559719447224
490015,1,1,9,534.14923037532
490025,1,1,9,824.2760045600355
490039,1,1,8,642.3584671500633
490050,1,1,6,665.4577275228572
490074,1,1,6,728.5572816340326
490110,1,1,10,241.81927725206842
490142,1,1,7,52.57108577236421
490150,1,1,9,168.869987444092
490169,1,1,6,448.90707235727945
490182,1,1,2,472.34351566082
490195,1,1,6,659.2987577179591
490201,1,1,10,223.73520743993927
490211,1,1,9,749.1099968898307
490213,1,1,9,849.4647172414936
490217,1,1,4,0.42645458358136
490223,0,1,0,0.11346001007360679
490224,1,1,5,0.42645457969393247
490233,1,1,4,0.42645458358136
490240,1,1,6,797.2104354832089
490242,1,1,6,462.5449609592627
490243,1,1,1,384.84423083066054
490248,1,1,9,890.1077756468211
490251,1,1,10,323.1332565687869
490255,1,1,4,0.42645458358136
490257,1,1,4,0.42645458358136
490268,1,1,9,691.004930347179
490276,1,1,5,0.42645457969393247
490286,1,1,10,273.8393815761547
490292,1,1,8,826.5704187529487
490294,1,1,4,0.42645458358136
490301,1,1,1,681.7925379716389
490302,1,1,9,675.2795605350901
490306,1,1,7,167.02317307763758
490309,1,1,1,701.3507289955683
490310,1,1,4,0.42645458358136
490321,1,1,6,452.11934118509583
490322,1,1,4,0.42645458358136
490346,1,1,8,618.6084886318833
490354,1,1,9,830.2223042892008
490357,1,1,6,655.8975016858046
490364,1,1,9,750.6508198298083
490374,1,1,3,85.26446235088487
490378,1,1,9,567.7911413892315
490401,1,1,9,150.004989032995
490426,1,1,10,419.8088774530481
490429,1,1,6,222.89964926319553
490434,1,1,9,825.439804641381
490440,1,1,4,0.42645458358136
490470,1,1,6,337.7499998963664
490475,1,1,5,0.42645457969393247
490484,1,1,10,459.80400430506796
490529,1,1,8,732.0023788050125
490540,1,1,6,471.55285155022545
490547,1,1,1,354.70874828426196
490551,1,1,5,0.42645457969393247
490565,1,1,8,149.97963647898413
490567,1,1,7,159.9164665748882
490570,1,1,8,374.6632297631585
490575,1,1,3,84.32772208663052
490585,1,1,8,405.55200976304656
490588,1,1,6,501.5314328900915
490589,1,1,4,0.42645458358136
490613,1,1,6,717.0027719431342
490614,1,1,9,668.7916114294685
490615,1,1,7,102.14492756911528
490631,1,1,9,576.0821529652927
490641,1,1,9,193.34731603846632
490668,1,1,5,0.42645457969393247
490677,1,1,4,0.42645458358136
490703,1,1,2,355.20371409667
490708,1,1,4,0.42645458358136
490711,1,1,9,831.9432863434749
490722,1,1,9,785.0542154966555
490732,1,1,8,633.4416698995867
490740,1,1,6,707.0305289462948
490747,1,1,10,480.624541471445
490751,1,1,4,0.42645458358136
490769,1,1,8,596.0081919765257
490770,1,1,3,42.84365152795899
490779,1,1,8,498.3262471792038
490780,1,1,6,533.1506483157802
490787,1,1,1,429.97213406039356
490811,1,1,6,247.01272328338888
490812,1,1,9,193.06877904744013
490815,1,1,6,278.4098824943669
490829,1,1,8,195.50627264111637
490834,1,1,9,609.7501242600906
490866,1,1,5,0.42645457969393247
490875,1,1,8,853.9112203851809
490887,1,1,10,720.8658145113618
490905,1,1,6,123.1771449889773
490917,1,1,9,125.09924449263468
490918,1,1,6,758.1959494828369
490920,1,1,1,527.6116129214031
490942,1,1,8,464.7881921103324
490969,1,1,8,145.5436686451798
490982,1,1,7,95.0514367560654
490985,1,1,7,155.72418375084334
490990,1,1,4,0.42645458358136
491011,1,1,1,159.9576054313204
491022,1,1,6,414.86610172018857
491027,1,1,7,156.31762235533466
491033,1,1,9,614.7731068045193
491035,1,1,5,0.42645457969393247
491047,1,1,5,0.42645457969393247
491062,1,1,9,876.4609009806214
491084,1,1,4,0.4264545919581291
491086,1,1,4,0.42645458358136
491094,1,1,8,326.8953753442197
491101,1,1,4,0.42645458358136
491112,1,1,9,194.3838718154257
491124,1,1,7,133.84619156522103
491129,1,1,9,854.3245543454053
491133,1,1,5,0.42645457969393247
491137,1,1,3,91.5721738831071
491151,1,1,9,696.1861645845554
491164,1,1,9,565.445808153618
491165,1,1,5,0.42645457969393247
491174,1,1,1,542.4379297316028
491179,1,1,9,871.0384507951686
491186,1,1,8,620.5996307747149
491193,1,1,1,412.12239516942265
491205,1,1,5,0.42645457969393247
491211,1,1,5,0.42645457969393247
491213,1,1,6,740.7020442437432
491216,1,1,6,700.408160255634
491249,1,1,8,448.6257667723439
491263,1,1,4,0.42645458358136
491265,1,1,6,213.60595809066274
491271,1,1,10,276.0823685227643
491272,1,1,9,714.7339267035721
491274,1,1,4,0.42645458358136
491289,1,1,10,301.44139620793527
491291,1,1,8,707.6540689292058
491305,1,1,9,342.7239667337235
491309,1,1,1,545.0797610707369
491315,1,1,10,154.24805859635103
491317,1,1,8,700.9364829028328
491330,1,1,1,568.362220956765
491348,1,1,4,0.42645458358136
491351,1,1,6,557.9612175163386
491358,1,1,5,0.42645457969393247
491372,1,1,10,453.2978153111578
491397,1,1,9,364.9897328874352
491443,1,1,5,0.42645457969393247
491450,1,1,4,0.42645458358136
491460,1,1,8,870.0595610628008
491463,1,1,8,347.12717588814223
491465,1,1,9,871.437581500626
491473,1,1,9,744.792261599735
491477,1,1,8,735.6602562222971
491507,1,1,5,0.42645457969393247
491510,1,1,10,182.53154931457152
491521,1,1,10,458.96132492968104
491526,1,1,6,698.2966758645197
491548,1,1,9,711.9441111833584
491551,1,1,10,537.5853055395776
491557,1,1,4,0.42645458358136
491566,1,1,3,47.62070303965322
491568,1,1,10,425.3900847177061
491576,1,1,4,0.42645458358136
491583,1,1,8,302.2634630281936
491587,1,1,9,887.5765779302894
491621,1,1,10,636.9858905519428
491643,1,1,9,834.8638064548737
491688,1,1,10,698.184648285482
491706,1,1,6,206.82296016470414
491721,1,1,5,0.42645457969393247
491725,1,1,8,617.2597684924323
491728,1,1,1,762.0471130402026
491740,1,1,8,811.1203121547267
491767,1,1,10,588.7843887828061
491789,1,1,9,556.9299586743415
491796,1,1,5,0.42645457969393247
491806,1,1,8,422.4545315588654
491807,1,1,1,388.4071527495421
491808,1,1,4,0.42645458358136
491810,1,1,10,567.2478290057593
491827,1,1,5,0.42645457969393247
491830,1,1,2,490.4817038513539
491853,1,1,9,585.6469444912182
491855,1,1,6,305.5221105433717
491858,1,1,5,0.42645457969393247
491861,1,1,8,231.5845124580002
491890,1,1,1,319.27556943589894
491892,1,1,7,157.76467666470757
491894,1,1,1,175.69178304367506
491901,1,1,5,0.42645457969393247
491909,1,1,7,154.3369976307266
491915,1,1,9,607.180366644857
491921,1,1,7,70.74230066963744
491923,0,1,0,0.16866063871515546
491936,1,1,2,374.05242204036625
491938,1,1,3,83.90521181668234
491966,1,1,1,592.3356078775018
491982,1,1,8,903.8950832144582
491995,1,1,6,801.1338459183249
492013,1,1,4,0.42645458358136
492027,1,1,8,887.5020004343902
492040,1,1,5,0.42645457969393247
492052,1,1,9,334.17982980680495
492063,1,1,3,78.6129147957671
492088,1,1,4,0.4264545919581291
492089,1,1,8,494.6304487130912
492095,1,1,8,171.74002412527983
492098,1,1,8,178.86024723883557
492101,1,1,6,625.8636035324969
492121,1,1,9,282.9946631440576
492126,1,1,6,303.70243956818393
492136,1,1,8,373.77109772844324
492146,1,1,2,462.29790295098957
492147,1,1,3,92.08635335950623
492185,1,1,9,117.49920172040278
492189,1,1,5,0.42645457969393247
492191,1,1,9,456.0352684468477
492198,1,1,5,0.42645457969393247
492244,1,1,4,0.42645458358136
492279,1,1,10,639.5701290684807
492290,1,1,7,169.75757476472305
492311,1,1,5,0.42645457969393247
492327,1,1,5,0.42645457969393247
492335,1,1,9,552.6211034419252
492337,1,1,3,53.17735759152255
492346,1,1,5,0.42645457969393247
492357,1,1,5,0.42645457969393247
492365,1,1,6,414.5457739288762
492366,1,1,6,478.51648717155433
492368,1,1,9,825.274652688092
492378,1,1,3,92.21969150858395
492403,1,1,1,440.98513234404476
492418,1,1,4,0.42645458358136
492428,1,1,9,485.4102545441758
492440,1,1,2,461.8867648206916
492444,1,1,1,221.98206057008136
492470,1,1,2,151.53557889119557
492501,1,1,5,0.42645457969393247
492512,1,1,6,767.0772415549949
492520,1,1,5,0.42645457969393247
492522,1,1,10,299.7062626404633
492538,1,1,9,605.3029758027864
492553,1,1,8,448.8762005797861
492559,1,1,6,411.4369401379655
492568,1,1,4,0.42645458358136
492578,1,1,4,0.42645458358136
492586,1,1,6,289.9824747043045
492609,1,1,8,617.1645456922474
492614,1,1,10,528.3402988686407
492623,0,1,0,0.1733356395469538
492628,1,1,9,271.5243326934819
492634,1,1,3,93.78897542866886
492635,1,1,8,870.8481240516905
492641,1,1,1,649.0791031444828
492645,1,1,8,471.73961640735
492649,1,1,4,0.42645458358136
492656,1,1,5,0.42645457969393247
492657,1,1,3,90.4896468181837
492661,1,1,9,469.52770226156423
492688,1,1,6,733.8111467865009
492716,1,1,5,0.42645457969393247
492719,1,1,6,753.5646553175827
492747,1,1,6,751.3061279006874
492762,1,1,8,757.5212162830697
492772,1,1,5,0.42645457969393247
492791,1,1,8,617.3328382660974
492795,1,1,5,0.42645457969393247
492797,1,1,10,143.74677987605585
492799,1,1,2,224.83134360106533
492813,1,1,8,209.9550622755647
492814,1,1,10,137.1104713098916
492820,1,1,5,0.42645457969393247
492830,1,1,10,378.22808196015495
492848,1,1,8,454.1343276010485
492865,1,1,10,83.9804530142472
492869,1,1,7,93.28905793093944
492875,1,1,2,389.6456994953779
492876,1,1,10,343.7448895652118
492877,1,1,9,360.38147232063113
492880,1,1,1,646.3107776111925
492887,1,1,9,837.3631551243751
492903,1,1,4,0.42645458358136
492905,1,1,10,720.5729582927087
492915,1,1,1,476.1240816094318
492921,1,1,9,514.4906874728649
492925,1,1,9,824.6435794393866
492929,1,1,8,793.3617335557217
492930,1,1,8,615.3561995086584
492940,1,1,10,706.6545841305699
492942,1,1,5,0.42645457969393247
492944,1,1,10,443.59678667908213
492960,1,1,8,870.4291384368795
492968,1,1,5,0.42645457969393247
493005,1,1,6,339.85890406714293
493009,1,1,6,785.9734290815093
493012,1,1,8,671.6119984573471
493014,1,1,5,0.42645457969393247
493028,1,1,6,194.38386017877946
493030,1,1,9,593.3471723824857
493033,1,1,7,126.88033898384359
493058,1,1,8,216.07405163422203
493064,1,1,4,0.42645458358136
493070,1,1,5,0.42645457969393247
493081,1,1,2,98.16329947384409
493108,1,1,9,54.03204375096083
493120,1,1,9,818.546811076233
493129,1,1,6,371.5889268433088
493130,1,1,9,893.6668792145068
493139,1,1,5,0.42645457969393247
493148,1,1,10,630.2429284628488
493169,1,1,9,484.95299170631466
493173,1,1,9,699.0629978735843
493183,1,1,1,401.3904452923061
493193,1,1,9,772.7536945246276
493200,1,1,7,94.3768226210911
493207,1,1,5,0.42645457969393247
493213,1,1,2,481.34379695661113
493219,1,1,6,675.2870191740652
493227,1,1,4,0.42645458358136
493239,1,1,8,870.6189076552124
493240,1,1,6,655.879711869286
493246,1,1,6,432.35488847735905
493247,1,1,9,714.8542980106077
493263,1,1,10,358.4018804572738
493271,1,1,5,0.42645457969393247
493338,1,1,5,0.42645457969393247
493341,1,1,6,406.7321243677817
493355,1,1,6,798.8520291637267
493359,1,1,5,0.42645457969393247
493364,1,1,4,0.42645458358136
493367,1,1,7,66.55534614144516
493382,1,1,9,810.5110019580455
493399,1,1,6,731.7338428580373
493409,1,1,6,692.6254325247778
493432,1,1,7,65.18172320715286
493438,1,1,6,797.93719646655
493439,1,1,1,606.930349580216
493451,1,1,4,0.42645458358136
493464,1,1,10,466.9424619542442
493465,1,1,2,287.47849154753476
493524,1,1,8,452.526013598503
493529,1,1,5,0.42645457969393247
493535,1,1,9,244.15519032080792
493551,1,1,5,0.42645457969393247
493589,1,1,4,0.42645458358136
493593,1,1,5,0.42645457969393247
493601,1,1,3,89.96744103713809
493608,1,1,4,0.42645458358136
493610,1,1,3,92.76923587927021
493614,1,1,3,88.26330976777095
493619,1,1,8,810.9461292384381
493624,1,1,1,483.91323449360254
493630,1,1,4,0.42645458358136
493639,1,1,6,799.9457240138623
493652,1,1,10,334.676548908683
493658,1,1,8,644.9857786978328
493671,1,1,4,0.42645458358136
493686,1,1,3,72.49252850009525
493697,1,1,8,570.8700255506706
493709,1,1,9,558.1470410407051
493719,1,1,2,61.40323813395733
493720,1,1,6,751.2626896302964
493724,1,1,9,237.92147692568997
493745,1,1,8,502.31626641265
493749,1,1,8,420.60017618594793
493752,1,1,8,200.8428101609915
493764,1,1,6,409.0360320729596
493774,1,1,9,436.5706408663034
493785,1,1,5,0.42645457969393247
493787,1,1,9,662.7272915297208
493800,1,1,7,119.60644194073154
493801,1,1,5,0.42645457969393247
493802,1,1,10,419.942950792153
493816,1,1,9,609.8048346216415
493817,1,1,9,563.8608872181085
493819,1,1,9,782.1963423244335
493822,1,1,6,803.2889268059652
493835,1,1,1,411.3829496845108
493839,1,1,5,0.42645457969393247
493842,1,1,9,750.6319122526303
493859,1,1,9,79.84152091777142
493873,1,1,3,52.206524200128804
493898,1,1,10,597.2253463678761
493920,1,1,8,464.52974132423475
493931,1,1,6,778.4029622401368
493935,1,1,9,759.8539997657437
493937,1,1,5,0.42645457969393247
493938,1,1,6,299.8176552687006
493946,1,1,8,521.5156696079068
493984,1,1,9,725.1010056319751
493992,1,1,10,597.5844801207577
493994,1,1,8,211.44418757544355
494032,1,1,8,456.5627822131223
494035,1,1,2,74.1498258165935
494042,1,1,8,640.919674990006
494043,1,1,8,517.4881814846983
494047,1,1,2,91.85960207729296
494053,1,1,10,661.0341424262338
494066,1,1,6,650.9035704850824
494067,1,1,5,0.42645457969393247
494072,1,1,9,328.59282091100323
494078,1,1,5,0.42645457969393247
494088,1,1,9,47.787162497769465
494096,1,1,4,0.42645458358136
494101,1,1,1,339.03506831233426
494105,1,1,6,518.4704432469384
494114,1,1,1,739.6369874557685
494120,1,1,8,559.9417712304702
494130,1,1,5,0.42645457969393247
494133,1,1,5,0.42645457969393247
494139,1,1,8,625.519556982369
494141,1,1,9,663.4491869963863
494144,1,1,8,508.1771514450304
494157,1,1,10,458.8385741075167
494190,1,1,4,0.42645458358136
494193,1,1,4,0.42645458358136
494206,1,1,1,714.2649746412991
494209,1,1,10,336.0416670783993
494220,0,1,0,0.09997166855005929
494229,1,1,2,314.22701249141505
494235,1,1,10,651.2502847396271
494238,1,1,9,823.7049654785491
494251,1,1,4,0.42645458358136
494260,1,1,2,459.53528008675084
494269,1,1,7,165.3753064366343
494277,1,1,1,702.1553515701627
494293,1,1,8,396.1248151219626
494327,1,1,9,597.2076609441879
494328,1,1,8,583.1320978091026
494329,1,1,1,707.190316402184
494337,1,1,8,645.1038863679303
494343,1,1,5,0.42645457969393247
494355,1,1,4,0.42645458358136
494362,1,1,9,540.9523443004557
494364,1,1,9,542.1686963126267
494379,1,1,5,0.42645457969393247
494381,1,1,5,0.42645457969393247
494406,1,1,4,0.42645458358136
494409,1,1,2,463.87663234519266
494412,1,1,5,0.42645457969393247
494428,1,1,8,523.5798739506415
494431,1,1,9,836.6666035116624
494435,1,1,10,208.8719321969733
494441,1,1,8,509.84056926732893
494454,1,1,6,232.81126198904164
494469,1,1,8,355.0593525226773
494482,1,1,9,569.3493519499037
494486,1,1,9,795.763798538546
494490,1,1,7,16.08447048805254
494526,1,1,2,313.13077677049216
494529,1,1,3,75.30132979779968
494531,1,1,6,712.0377881034033
494533,1,1,9,188.1386195782346
494535,1,1,2,441.5938653555453
494536,1,1,7,79.49933086582044
494538,1,1,3,70.49940138581168
494554,1,1,10,138.4270335320873
494562,1,1,9,888.5588073814653
494590,1,1,5,0.42645457969393247
494591,1,1,1,223.80672310692594
494596,1,1,9,415.1217244798553
494605,1,1,9,880.3943129609881
494610,1,1,5,0.42645457969393247
494625,1,1,2,140.33700655184506
494628,1,1,6,801.7591700052325
494633,1,1,10,638.7905303916173
494639,1,1,8,379.9736279770322
494646,1,1,9,729.0748458549516
494658,1,1,4,0.42645458358136
494677,1,1,6,784.48192275928
494688,1,1,7,121.15253882191588
494691,1,1,5,0.42645457969393247
494701,1,1,4,0.42645458358136
494710,1,1,10,148.71688509164684
494734,1,1,6,806.8147990776444
494747,1,1,3,88.53202477615191
494760,1,1,5,0.42645457969393247
494771,1,1,8,761.0001766811943
494805,1,1,1,595.3373883087239
494814,1,1,9,814.3707251456314
494818,1,1,5,0.42645457969393247
494829,1,1,6,783.2392375025848
494830,1,1,6,312.4322061351116
494832,1,1,8,777.1931084802757
494850,1,1,9,823.5629734638951
494863,1,1,9,232.16339792096946
494892,1,1,5,0.42645457969393247
494902,1,1,5,0.42645457969393247
494904,1,1,8,232.56332926686852
494905,1,1,8,523.3108936842847
494916,1,1,8,543.1631433740838
494924,1,1,1,657.425277295121
494929,1,1,8,794.184905668258
494942,1,1,8,649.0913147732313
494955,1,1,4,0.42645458358136
494956,1,1,9,659.3812337904623
494963,1,1,9,580.5749096920384
494966,1,1,5,0.42645457969393247
494974,1,1,5,0.42645457969393247
494997,1,1,5,0.42645457969393247
494999,1,1,9,747.1671168623544
495000,1,1,5,0.42645457969393247
495004,1,1,7,138.68899368132276
495011,1,1,6,299.382831042383
495018,1,1,5,0.42645457969393247
495028,1,1,10,720.3161086593425
495031,1,1,1,563.5844913906077
495032,1,1,2,78.32911162605814
495060,1,1,1,245.178748169132
495061,1,1,4,0.42645458358136
495074,1,1,10,297.69954775189075
495078,1,1,8,556.7742325297148
495081,1,1,4,0.42645458358136
495085,1,1,3,86.27577637606196
495094,1,1,5,0.42645457969393247
495098,1,1,9,355.01601476267547
495102,1,1,9,764.8101015854442
495116,1,1,1,533.2920137283445
495124,1,1,6,713.8877039842487
495125,1,1,5,0.42645457969393247
495126,1,1,7,157.8605286207158
495144,1,1,9,284.4959576210872
495154,1,1,9,466.8812561495954
495170,1,1,9,750.6528906693225
495175,1,1,5,0.42645456789925423
495192,1,1,9,456.83033178059617
495195,1,1,8,818.0029664683237
495196,1,1,7,80.19982129661938
495201,1,1,6,480.7719218267086
495203,1,1,4,0.42645458358136
495222,1,1,4,0.42645458358136
495227,1,1,10,720.5489993939908
495251,1,1,4,0.42645458358136
495262,1,1,2,164.72340976180783
495272,1,1,8,704.6199961634131
495303,1,1,9,520.5477273063048
495306,1,1,8,812.6916462438068
495315,1,1,6,455.92625067365634
495318,1,1,8,433.3483098356434
495319,1,1,5,0.42645457969393247
495333,1,1,4,0.42645458358136
495351,1,1,9,605.6526091905702
495356,1,1,2,268.2860980981562
495357,1,1,8,829.8174948012305
495367,1,1,3,88.87991154652512
495393,1,1,6,809.9502643569402
495398,1,1,3,91.83702753045529
495417,1,1,6,360.7473190486252
495435,1,1,8,384.48663336938216
495448,0,1,0,0.11564846084095103
495465,1,1,4,0.42645458358136
495466,1,1,3,86.41196221473156
495469,1,1,8,354.98217760368783
495474,1,1,9,812.4511645167969
495481,1,1,7,124.1064375758752
495488,1,1,3,47.885690825652134
495491,1,1,9,736.110512191475
495507,1,1,5,0.42645457969393247
495514,1,1,1,339.3627618495099
495519,1,1,1,616.0972617231528
495563,1,1,8,517.0235046985225
495569,1,1,5,0.42645457969393247
495570,1,1,8,848.7091466190819
495576,1,1,7,156.64392942994576
495588,1,1,5,0.42645457969393247
495604,1,1,10,284.473834628692
495632,1,1,4,0.42645458358136
495636,1,1,9,618.4127059790738
495640,1,1,10,707.1128111821029
495643,1,1,8,380.0185205456463
495652,1,1,4,0.42645458358136
495678,1,1,8,171.79802476293017
495696,1,1,5,0.42645457969393247
495698,1,1,9,835.8520979233208
495712,1,1,1,578.0697883065958
495713,1,1,1,742.1857458020999
495722,1,1,4,0.42645458358136
495728,1,1,4,0.42645458358136
495737,1,1,4,0.42645458358136
495738,1,1,5,0.42645457969393247
495740,1,1,9,880.898858916507
495743,1,1,9,747.6226352580857
495745,1,1,8,379.6797325899081
495768,1,1,9,845.3075999195199
495780,1,1,6,422.2239983378091
495793,1,1,8,289.94722921020593
495795,1,1,10,289.76553133990143
495820,1,1,9,845.4860740221844
495824,1,1,9,343.098278110577
495832,1,1,5,0.42645457969393247
495838,1,1,5,0.42645457969393247
495846,1,1,8,512.7958378648395
495847,1,1,4,0.42645458358136
495855,1,1,8,515.3730157157694
495888,1,1,9,672.7110518096122
495898,1,1,8,383.92601472393767
495911,1,1,9,575.900715624381
495915,1,1,7,167.95683850132332
495921,1,1,1,497.74408062697756
495922,1,1,9,880.0833464310218
495923,1,1,10,459.8029361120235
495956,1,1,2,102.82765956576479
495962,1,1,3,86.11166887791174
495976,1,1,10,389.0526225343757
495988,1,1,7,92.79738500267656
495992,1,1,4,0.42645458358136
495997,1,1,6,543.5816605236541
495999,1,1,5,0.42645457969393247
496002,1,1,9,723.5020318698554
496011,1,1,9,771.3196203778507
496023,1,1,6,514.8368975067227
496025,1,1,10,145.77448722834592
496035,1,1,2,261.43249753569165
496042,1,1,9,587.1702645057766
496050,1,1,1,583.127350486128
496059,1,1,4,0.42645458358136
496067,1,1,9,565.93092222674
496075,1,1,8,766.9210108028808
496081,1,1,8,943.6111420312627
496093,1,1,1,682.3407881310335
496108,1,1,1,666.3601517916366
496113,1,1,8,187.25378291218314
496122,1,1,4,0.42645458358136
496129,1,1,10,558.6676289694399
496135,1,1,6,644.2492723289938
496157,1,1,8,547.5615670462458
496188,1,1,1,442.6738569747106
496235,1,1,5,0.42645457969393247
496246,1,1,7,73.9865450495446
496257,1,1,9,700.0806160212173
496267,1,1,5,0.42645457969393247
496270,1,1,2,57.58363766071439
496277,1,1,8,885.750936874612
496292,1,1,5,0.42645457969393247
496293,1,1,8,781.2292454399116
496310,1,1,1,341.6377239301979
496319,1,1,5,0.42645457969393247
496328,1,1,8,871.4882717756943
496347,1,1,9,579.6380377588108
496363,1,1,4,0.42645458358136
496379,1,1,5,0.42645457969393247
496384,1,1,5,0.42645457969393247
496392,1,1,5,0.42645457969393247
496393,1,1,10,465.328925658771
496403,1,1,1,311.2356675001106
496410,1,1,9,540.8082228613719
496412,1,1,6,785.1046570776886
496416,1,1,2,85.90215948109687
496418,1,1,6,319.934516785931
496426,1,1,3,92.04750289666673
496428,1,1,6,806.7120080739088
496456,1,1,4,0.4264545919581291
496466,1,1,5,0.42645456789925423
496471,1,1,9,827.4282237404118
496480,1,1,6,574.2526574348437
496485,1,1,6,220.7485645744454
496498,1,1,6,557.4017613540176
496515,1,1,10,95.06676657396766
496546,0,1,0,0.11483140876303835
496553,1,1,3,91.06766810116405
496569,1,1,8,358.0954727161236
496577,1,1,5,0.42645457969393247
496590,1,1,5,0.42645457969393247
496595,1,1,8,188.99129354494463
496601,1,1,5,0.42645457969393247
496608,1,1,8,761.8884682634222
496612,1,1,2,166.8829531073311
496613,1,1,5,0.42645457969393247
496620,1,1,8,769.9766496841413
496621,1,1,10,388.92701197427306
496622,1,1,5,0.42645457969393247
496628,1,1,8,789.5030795861568
496641,1,1,9,429.7120648735677
496647,1,1,4,0.42645458358136
496668,1,1,4,0.42645458358136
496673,1,1,5,0.42645457969393247
496701,0,1,0,0.11400781821771679
496704,1,1,9,868.452279567942
496706,0,1,0,0.11256147145935416
496709,1,1,10,158.16178069615785
496725,1,1,9,572.1031383809677
496731,1,1,4,0.42645458358136
496741,1,1,9,194.62812211029856
496744,1,1,9,320.0649826163358
496749,1,1,6,518.8861894610952
496750,1,1,8,914.9350441656303
496759,1,1,9,776.2588788195711
496760,1,1,10,563.2897909064143
496762,1,1,9,535.6630044288065
496801,1,1,7,97.2740149657819
496822,1,1,9,459.97768389106807
496825,1,1,9,277.81956320551996
496828,1,1,4,0.42645458358136
496837,1,1,4,0.42645458358136
496841,1,1,5,0.42645457969393247
496843,1,1,5,0.42645457969393247
496847,1,1,4,0.42645458358136
496851,1,1,10,521.7497414116705
496863,1,1,4,0.42645458358136
496866,0,1,0,0.11580612728915887
496889,1,1,4,0.42645458358136
496896,1,1,8,274.2586819740008
496914,1,1,2,119.25252182415717
496919,1,1,6,384.08670948413504
496920,1,1,8,548.3124634344035
496930,1,1,5,0.42645457969393247
496934,1,1,5,0.42645457969393247
496956,1,1,5,0.42645457969393247
496960,1,1,9,320.6008121617849
496980,1,1,7,130.33865171371824
496992,1,1,8,135.98885060487777
497004,1,1,2,354.85299959127025
497018,1,1,6,757.2834964535762
497022,1,1,4,0.42645458358136
497039,1,1,9,781.6742209500263
497043,1,1,8,542.0834577464627
497062,1,1,9,521.3534928937125
497083,1,1,1,368.05714628431946
497104,1,1,5,0.42645457969393247
497110,1,1,9,861.7120072764205
497112,1,1,1,602.9700863905211
497126,1,1,10,716.916845692408
497134,1,1,1,288.91153439601266
497141,1,1,5,0.42645457969393247
497143,1,1,7,97.71441446178937
497178,1,1,7,59.96437845785443
497207,1,1,6,386.4896391731289
497208,1,1,8,885.6599150440547
497242,1,1,10,722.1650505486332
497244,1,1,8,732.2791058370225
497246,1,1,1,643.1514676981892
497251,1,1,4,0.42645458358136
497253,1,1,4,0.42645458358136
497264,1,1,8,829.707719898901
497267,1,1,4,0.42645458358136
497336,1,1,8,642.3809464188247
497339,1,1,6,358.270809019817
497347,1,1,6,538.3755160786391
497354,1,1,9,603.8227260189731
497356,1,1,6,757.7942291639089
497373,1,1,6,385.55407000277114
497402,1,1,9,517.5083999653967
497403,1,1,6,426.7449531406839
497407,1,1,3,84.29217005299608
497415,1,1,9,346.4447761282149
497439,1,1,9,658.2636301991112
497440,1,1,9,581.9497097307418
497446,1,1,5,0.42645456789925423
497458,1,1,8,688.9481112873355
497461,1,1,5,0.42645457969393247
497490,1,1,10,317.80652549780984
497498,1,1,7,92.14111773680371
497521,1,1,2,356.1435215037934
497536,1,1,6,792.3644545677672
497537,1,1,6,555.4205544348175
497543,1,1,4,0.42645458358136
497544,1,1,9,502.70913107839243
497546,1,1,2,428.4224861297088
497550,1,1,5,0.42645457969393247
497574,1,1,4,0.42645458358136
497579,1,1,6,612.0911558452096
497581,1,1,8,284.5871351424181
497588,1,1,4,0.42645458358136
497594,1,1,1,188.05174220976386
497595,1,1,9,620.5329109378669
497596,1,1,9,583.2930706030769
497612,1,1,9,734.748966371736
497618,1,1,1,622.2853993559996
497623,1,1,5,0.42645457969393247
497629,1,1,7,32.51862412278145
497631,1,1,6,560.3550624785239
497656,1,1,5,0.42645457969393247
497671,1,1,9,542.7440892294876
497695,1,1,10,460.066723326411
497704,1,1,10,407.30223990826096
497722,1,1,8,748.9404036436341
497726,1,1,9,642.7810135725082
497729,1,1,7,86.30574534106768
497733,1,1,8,830.046109398619
497740,1,1,10,261.4945368631654
497745,1,1,4,0.4264545919581291
497748,1,1,8,666.9009790073824
497751,1,1,5,0.42645457969393247
497758,1,1,5,0.42645457969393247
497763,1,1,10,218.21458804232284
497766,1,1,8,518.9600772637189
497768,1,1,5,0.42645457969393247
497771,1,1,4,0.42645458358136
497776,1,1,6,496.9445977163193
497787,1,1,9,795.7267832598028
497794,1,1,6,751.8814946248663
497795,1,1,2,120.59057531585538
497798,1,1,4,0.42645458358136
497810,1,1,10,583.8981344427114
497811,1,1,9,691.2187800495107
497853,1,1,8,150.5087852799183
497873,1,1,5,0.42645457969393247
497883,1,1,8,129.9375502737943
497892,1,1,5,0.42645457969393247
497899,1,1,9,853.319818318114
497922,1,1,9,645.2983756802407
497928,1,1,2,356.88063714997605
497933,1,1,8,848.4274650043591
497939,1,1,9,293.21507187454597
497945,1,1,7,126.10566639682783
497955,1,1,4,0.42645458358136
497957,1,1,4,0.42645458358136
497981,1,1,1,518.255090059613
497984,1,1,9,618.3449712463688
497993,1,1,9,533.1303608827789
498007,1,1,9,310.97821143245864
498013,1,1,9,832.8846489730283
498015,1,1,5,0.42645456789925423
498018,1,1,1,686.6086086527775
498034,1,1,2,468.20271921969135
498040,1,1,8,519.4590008324889
498042,1,1,4,0.42645458358136
498044,1,1,5,0.42645457969393247
498047,1,1,9,110.80477157454442
498050,1,1,10,639.5643274083158
498052,1,1,9,635.5727485417401
498070,1,1,7,67.15277762669902
498075,1,1,8,705.5047785226917
498079,1,1,8,250.24160671396248
498082,1,1,9,761.5181671038409
498101,1,1,4,0.42645458358136
498109,1,1,1,764.3267121229691
498110,1,1,8,638.5486514251223
498112,1,1,5,0.42645457969393247
498113,1,1,4,0.42645458358136
498119,1,1,1,498.9385157024289
498121,1,1,10,442.86206986872963
498123,1,1,7,160.81184903298433
498128,1,1,10,637.4138870409577
498131,1,1,7,110.5187261761734
498134,1,1,8,469.92376659280893
498137,1,1,7,156.7679405674436
498141,1,1,4,0.42645458358136
498144,1,1,9,845.2551907532513
498155,1,1,6,772.293972421488
498159,1,1,8,261.6848282677737
498170,1,1,8,369.0895907799842
498175,1,1,3,89.60609465127077
498176,1,1,6,775.556309892467
498177,1,1,1,510.7108405388766
498181,1,1,8,911.3655011115202
498202,1,1,9,125.27306943731061
498205,1,1,10,237.21475901927536
498208,1,1,5,0.42645457969393247
498210,1,1,7,167.9783764500559
498213,1,1,8,389.9871935757907
498214,1,1,9,291.5694265833245
498220,1,1,9,582.8162716439969
498236,1,1,8,509.5739830484328
498246,1,1,7,72.75693776592274
498249,1,1,1,754.939936920325
498251,1,1,3,89.66588930727353
498258,1,1,9,669.2307494666652
498259,1,1,5,0.42645457969393247
498261,1,1,10,278.0733139038349
498276,1,1,9,787.1006899168597
498286,1,1,6,666.1234418610331
498305,1,1,8,729.989698820676
498312,1,1,10,503.62495258350657
498347,1,1,4,0.42645458358136
498354,1,1,9,583.1918885283328
498359,1,1,10,716.815280414472
498369,1,1,6,196.3723907036138
498374,1,1,7,25.80972409895953
498385,1,1,4,0.42645458358136
498396,1,1,3,88.3344671200003
498397,1,1,9,815.5276787069656
498402,1,1,4,0.42645458358136
498403,1,1,6,772.6072494949796
498411,1,1,8,837.4389252704991
498417,1,1,8,456.18129790870637
498421,1,1,8,415.99617233940677
498441,1,1,6,374.4454703608756
498444,1,1,5,0.42645457969393247
498445,1,1,8,534.8258963972442
498453,1,1,4,0.42645458358136
498454,1,1,5,0.42645457969393247
498459,1,1,6,641.3131503802354
498462,1,1,4,0.42645458358136
498478,1,1,1,739.9072333061839
498480,1,1,8,218.49765754541335
498486,1,1,8,852.5061536713863
498492,1,1,9,397.44008729242273
498496,1,1,5,0.42645457969393247
498505,1,1,6,211.89078369823193
498506,1,1,3,88.17995511765822
498513,1,1,5,0.42645457969393247
498517,1,1,5,0.42645457969393247
498520,1,1,6,643.3230131061076
498523,1,1,4,0.42645458358136
498531,1,1,10,408.1861759571388
498533,1,1,10,676.3436181857566
498541,1,1,10,561.340809470164
498543,1,1,4,0.42645458358136
498564,1,1,8,639.9577656103005
498568,1,1,5,0.42645457969393247
498571,1,1,9,359.1260252894733
498583,1,1,10,194.1469518078274
498596,1,1,2,267.92658981488296
498600,1,1,6,452.1831482000983
498635,1,1,6,260.39483158789034
498636,1,1,1,196.53283409010714
498642,1,1,10,422.8392276099743
498644,1,1,9,849.8208112754803
498646,0,1,0,0.07490613357261658
498650,1,1,5,0.42645457969393247
498654,1,1,9,449.5198514923041
498656,1,1,4,0.42645458358136
498660,1,1,6,731.3758364246773
498672,1,1,7,145.79922534304438
498693,1,1,9,41.87225251465417
498697,1,1,9,863.966598559699
498701,1,1,10,260.61278654273923
498705,1,1,1,400.0955831755572
498706,1,1,9,414.82036079877355
498711,1,1,9,368.1280239313072
498756,1,1,4,0.42645458358136
498762,1,1,5,0.42645457969393247
498765,1,1,9,482.2775077099232
498780,0,1,0,0.06989902118232892
498792,1,1,8,388.22498536893215
498803,1,1,2,80.48841000380995
498809,1,1,5,0.42645457969393247
498824,1,1,4,0.42645458358136
498828,1,1,10,368.48101864092035
498834,1,1,8,856.4070469092999
498838,1,1,6,523.4315668145857
498847,1,1,10,562.1706652420067
498848,1,1,9,276.6213696761399
498877,1,1,1,483.96719114318296
498882,1,1,1,603.9504686618025
498888,1,1,4,0.42645458358136
498899,1,1,9,611.5159735251028
498904,1,1,10,676.513443955974
498944,1,1,7,65.99548282860282
498962,1,1,6,658.3158924987592
498964,1,1,9,863.9419837156976
498978,1,1,10,659.4513204410705
498980,1,1,8,236.07194509810947
498985,1,1,5,0.42645457969393247
499042,1,1,5,0.42645457969393247
499049,1,1,4,0.42645458358136
499063,1,1,6,511.54024671169583
499064,1,1,10,390.2522594525719
499068,1,1,4,0.42645458358136
499077,1,1,8,812.409261989217
499088,1,1,10,491.687549785749
499098,1,1,9,533.8204856472508
499101,1,1,4,0.42645457969393247
499107,1,1,5,0.42645457969393247
499129,0,1,0,0.10742112011840939
499132,1,1,10,465.8195703428095
499136,1,1,1,734.745169333734
499170,1,1,10,675.9477860529386
499178,1,1,6,646.9942716577884
499200,1,1,5,0.42645457969393247
499234,1,1,7,19.263030874106864
499252,1,1,2,259.50653822656324
499254,1,1,9,607.0217508227738
499263,1,1,6,671.320604862153
499271,1,1,9,541.6903570877676
499277,1,1,1,168.62891224849403
499280,1,1,8,550.1782427196919
499283,1,1,8,495.6929623890678
499289,1,1,2,185.96596359848678
499290,1,1,9,607.2104662688263
499294,1,1,8,163.60219028714886
499298,1,1,4,0.4264545919581291
499306,1,1,4,0.42645458358136
499307,1,1,8,480.2415531423387
499317,1,1,4,0.42645458358136
499327,1,1,4,0.42645458358136
499331,0,1,0,0.1175003781109761
499343,1,1,9,339.1317545698579
499355,1,1,5,0.42645457969393247
499378,1,1,6,783.223702244771
499386,1,1,4,0.42645458358136
499398,1,1,4,0.42645458358136
499401,1,1,3,66.5875606428135
499406,1,1,3,77.99448789269577
499414,1,1,9,272.37586387740816
499420,1,1,4,0.42645458358136
499439,1,1,5,0.42645457969393247
499441,1,1,6,430.52784881400225
499444,1,1,8,568.1852481644926
499449,1,1,9,759.1726157038728
499455,1,1,4,0.42645458358136
499457,1,1,9,722.4746633375521
499465,1,1,10,716.0094152071267
499498,1,1,8,181.34049048765146
499536,1,1,4,0.42645458358136
499538,1,1,5,0.42645457969393247
499545,1,1,4,0.42645458358136
499613,1,1,4,0.42645458358136
499640,1,1,3,75.42001636039109
499643,1,1,10,533.3064774709485
499645,1,1,10,720.1710438400929
499652,1,1,6,713.9425029321366
499660,1,1,8,555.9591182656684
499664,1,1,8,352.81557473740673
499672,1,1,4,0.42645458358136
499699,1,1,10,175.85866789785248
499702,1,1,6,413.5092727520079
499712,1,1,8,206.04212042694726
499736,1,1,10,420.282518510741
499737,1,1,10,588.106889868886
499765,1,1,5,0.42645457969393247
499767,1,1,7,137.68829429530558
499784,1,1,8,684.2613305757847
499788,1,1,8,585.5173996225577
499790,1,1,7,97.8074012350701
499794,1,1,1,682.2179107822343
499819,1,1,9,520.7057806539169
499826,1,1,4,0.42645458358136
499829,1,1,5,0.42645457969393247
499837,1,1,8,603.4689986905529
499840,1,1,8,748.3345021132476
499844,1,1,7,91.97442400610622
499845,1,1,6,779.6471006273239
499851,1,1,10,652.1044397655421
499862,0,1,0,0.1559397248474464
499872,1,1,6,202.9716910231202
499873,1,1,8,901.8467928644354
499883,1,1,6,782.8475851264477
499890,1,1,9,581.9566737088505
499892,1,1,10,439.74678354721914
499904,1,1,8,457.89211790000996
499922,1,1,4,0.42645458358136
499929,1,1,10,460.81138238158036
499933,1,1,9,416.89207518724595
499936,1,1,9,520.4648861400086
499945,1,1,10,719.5198046301192
499950,1,1,10,519.0839686822042
499959,1,1,4,0.42645458358136
499961,1,1,9,833.2074756399966
499970,1,1,1,681.3491409509209
499974,1,1,7,86.76261279478162
499982,1,1,4,0.42645458358136
499995,1,1,9,745.2320500439209
500005,1,1,6,530.0547703806592
500018,1,1,9,275.4580437420414
500026,1,1,10,660.3702368633343
500046,1,1,5,0.42645457969393247
500048,1,1,6,648.2504944136579
500053,1,1,4,0.42645458358136
500057,1,1,4,0.42645458358136
500071,1,1,7,173.43888859420602
500089,1,1,9,406.97437457857535
500108,1,1,9,146.30502490190665
500116,1,1,6,783.3161810704722
500145,1,1,8,922.9043609375483
500153,1,1,9,809.7982484245271
500154,1,1,8,214.92945441161083
500156,1,1,4,0.42645458358136
500158,1,1,8,219.1562816520252
500180,1,1,4,0.42645458358136
500192,1,1,10,325.3820695832998
500229,1,1,4,0.42645458358136
500243,1,1,3,92.82752385728415
500267,1,1,5,0.42645457969393247
500300,1,1,9,580.3163648867053
500304,1,1,8,767.7599443435444
500306,1,1,10,717.5033018158678
500312,1,1,9,311.7623014815654
500324,1,1,2,156.3564186312382
500326,1,1,4,0.42645458358136
500345,1,1,9,645.5518913618869
500354,1,1,10,419.61882149070004
500386,1,1,5,0.42645457969393247
500400,1,1,8,730.3890207286962
500414,1,1,6,721.5018768405056
500419,1,1,10,360.4681681498936
500422,1,1,5,0.42645457969393247
500425,1,1,9,605.111894694222
500434,1,1,10,126.34182148878072
500436,1,1,8,588.5755030270836
500467,1,1,9,565.3032561552108
500471,1,1,7,84.29719084263793
500473,1,1,6,761.8744294816851
500492,1,1,10,256.1655840066302
500498,1,1,10,711.0769843515463
500522,1,1,9,707.7216235346114
500525,1,1,5,0.42645457969393247
500529,1,1,9,620.4694521746761
500561,1,1,8,542.2037804679587
500562,1,1,9,396.6541729942273
500568,1,1,8,449.3251449200787
500573,1,1,4,0.42645458358136
500576,1,1,10,264.20329828805103
500587,1,1,10,717.2286555425923
500591,1,1,10,659.3151412840405
500592,1,1,9,693.4155592804096
500597,1,1,3,93.14067766265336
500602,1,1,6,787.2139826764893
500605,1,1,4,0.4264545919581291
500627,1,1,8,841.3331032036289
500642,1,1,5,0.42645457969393247
500676,1,1,9,377.1232333167215
500685,1,1,9,180.0371290937354
500700,1,1,9,520.4504426039806
500709,1,1,5,0.42645457969393247
500715,1,1,9,864.1774604048782
500724,1,1,10,601.0244188238123
500731,1,1,4,0.42645458358136
500740,1,1,4,0.42645458358136
500758,1,1,5,0.42645457969393247
500760,1,1,9,688.9791106437119
500765,1,1,9,645.760286794919
500768,1,1,10,610.8984511650309
500783,1,1,4,0.42645458358136
500784,1,1,6,450.8003240940609
500789,1,1,6,250.06127447935003
500801,0,1,0,0.09161192749084386
500815,0,1,0,0.11286647224022792
500826,1,1,3,36.92535401327034
500867,1,1,5,0.42645457969393247
500888,1,1,6,644.6318124233469
500889,1,1,6,641.4872391421468
500890,1,1,8,733.9698958211449
500918,1,1,6,698.925210902163
500919,1,1,5,0.42645457969393247
500920,1,1,9,862.174888077551
500924,1,1,4,0.42645458358136
500940,1,1,6,637.7638894470301
500956,1,1,10,243.00362013770837
500959,1,1,9,709.0615588291638
500984,1,1,4,0.4264545919581291
500999,1,1,10,421.9842051731016
501008,1,1,8,808.2741259587622
501015,1,1,3,69.32029072840047
501046,1,1,5,0.42645457969393247
501048,1,1,9,446.48444821416086
501056,1,1,6,496.632829796893
501064,1,1,5,0.42645457969393247
501079,1,1,3,79.88591780088392
501094,1,1,5,0.42645457969393247
501096,1,1,8,916.9197403682276
501110,1,1,7,95.88619406034043
501115,1,1,10,187.55554737822445
501125,1,1,4,0.42645458358136
501128,1,1,8,587.2093784802935
501132,1,1,8,564.31390078288
501142,1,1,6,640.4245664078447
501191,1,1,1,507.2450868007136
501196,1,1,9,569.2920447758212
501201,1,1,5,0.42645457969393247
501215,1,1,4,0.42645458358136
501220,1,1,7,61.64092539266601
501221,1,1,9,221.1792771973626
501224,1,1,9,795.906413701007
501247,1,1,10,185.27007050298954
501260,1,1,7,75.49416043337298
501261,1,1,9,550.8371946219993
501267,1,1,6,679.5612341275215
501275,1,1,5,0.42645457969393247
501280,1,1,4,0.42645458358136
501295,1,1,4,0.42645458358136
501313,1,1,7,152.87087290242275
501325,1,1,6,189.43690146966858
501327,1,1,6,575.3675581464478
501328,1,1,5,0.42645457969393247
501331,1,1,4,0.42645458358136
501334,1,1,1,299.93861833329396
501342,1,1,10,436.99488251794
501343,1,1,1,173.84332334455942
501349,1,1,9,761.1217577192806
501368,1,1,4,0.42645458358136
501369,1,1,9,603.5139855731312
501374,1,1,10,376.3791586701195
501378,1,1,8,530.035912447743
501386,1,1,5,0.42645457969393247
501408,1,1,4,0.42645458358136
501435,1,1,8,684.5589345011198
501440,1,1,5,0.42645457969393247
501443,1,1,10,145.62056388333622
501449,1,1,4,0.42645458358136
501452,1,1,3,67.39981437617237
501454,1,1,8,232.10681048828627
501466,1,1,8,616.8873464408161
501471,1,1,5,0.42645457969393247
501490,1,1,8,647.2452977878193
501493,1,1,6,210.15311957187427
501494,1,1,4,0.42645458358136
501502,1,1,2,180.3319294125361
501506,1,1,8,354.9445447531191
501507,1,1,4,0.42645458358136
501517,1,1,4,0.42645458358136
501535,1,1,8,764.372402174863
501549,1,1,9,801.0727153926983
501552,1,1,8,682.982102570269
501572,1,1,9,662.5680455667816
501582,1,1,8,934.7850662314814
501590,1,1,8,764.9938054781144
501600,1,1,5,0.42645457969393247
501617,1,1,8,923.716045613519
501624,1,1,6,242.17619332863816
501625,1,1,1,472.37758079042896
501629,1,1,4,0.42645458358136
501632,1,1,9,373.428810291161
501636,1,1,9,358.54352438788044
501640,1,1,5,0.42645457969393247
501644,1,1,5,0.42645457969393247
501678,1,1,6,660.1241274908951
501690,1,1,4,0.42645458358136
501711,1,1,9,485.7546954319637
501731,1,1,10,721.9822014046698
501732,1,1,5,0.42645457969393247
501736,1,1,10,720.8255500958976
501738,1,1,9,353.96662344704833
501745,1,1,10,333.5977300206254
501775,1,1,6,749.0569684576692
501777,1,1,5,0.42645457969393247
501779,1,1,8,820.1228218742139
501805,1,1,6,713.9636917639235
501816,1,1,9,837.5235148480666
501825,1,1,6,654.0554752036165
501826,1,1,8,485.8904279248289
501846,1,1,6,466.94943609778625
501862,1,1,9,700.3882780855668
501873,1,1,6,595.6504240192656
501893,1,1,6,222.65188412461166
501910,1,1,6,172.85096004029566
501912,1,1,9,23.536432030679183
501955,1,1,9,805.1733676448621
501964,1,1,3,77.13413656798988
501971,1,1,10,605.6753781986167
502000,1,1,4,0.42645458358136
502002,1,1,9,577.4082369285035
502011,1,1,8,369.5123332403615
502014,0,1,0,0.1159415896114004
502025,1,1,9,874.5682145213842
502033,1,1,4,0.42645458358136
502045,1,1,6,566.4713448017249
502056,1,1,4,0.42645458358136
502066,1,1,6,759.7805988026932
502083,1,1,7,161.60160993391654
502090,1,1,6,769.6514587490085
502091,1,1,6,704.6608174638734
502099,1,1,5,0.42645457969393247
502113,1,1,1,681.8541501700033
502120,1,1,9,329.5071688198988
502148,1,1,6,251.66165796206252
502166,1,1,1,610.0218171858203
502168,1,1,6,796.5191759374865
502180,1,1,6,116.44628844997335
502185,1,1,10,183.69607133317402
502190,1,1,5,0.42645457969393247
502197,1,1,10,143.90149666689945
502217,1,1,9,545.2687582483761
502263,1,1,9,862.034372696518
502277,1,1,6,718.2563937299619
502278,1,1,5,0.42645457969393247
502280,1,1,9,603.8918072108447
502293,1,1,8,637.1950042895247
502299,1,1,1,495.6236573434433
502310,1,1,1,660.0744891794739
502315,1,1,2,376.6294183871713
502326,1,1,8,408.4899594183941
502334,1,1,9,575.1813268122686
502337,1,1,1,694.5817760006664
502347,1,1,1,736.7692745828991
502357,1,1,8,911.5081636915185
502366,1,1,8,895.217139902509
502376,1,1,6,790.5821794406859
502384,1,1,7,80.36361156281268
502398,1,1,8,336.34310823076055
502404,1,1,6,655.265523520066
502406,1,1,1,301.10664180110825
502411,1,1,8,762.1329194327554
502413,1,1,1,428.40649437432785
502414,1,1,3,66.37083439084844
502423,1,1,6,558.7027850081427
502436,1,1,10,298.1074457700796
502439,1,1,4,0.42645458358136
502469,1,1,6,453.05378753377425
502471,1,1,10,722.2523708255975
502474,1,1,2,374.776717188757
502481,1,1,9,551.7523447870408
502482,1,1,5,0.42645457969393247
502492,1,1,10,434.48983818575
502515,1,1,8,837.4826743903903
502521,0,1,0,0.24371103801725783
502530,1,1,8,811.0031010458038
502533,1,1,10,416.3163012169474
502560,1,1,6,421.70940198317066
502562,1,1,9,543.9033717153284
502569,1,1,6,274.72568325168345
502571,1,1,9,607.5049001751164
502578,1,1,8,520.9196794298682
502587,1,1,6,774.8131203537777
502593,1,1,9,885.6197026647612
502597,1,1,5,0.42645457969393247
502603,1,1,6,390.200928321005
502610,1,1,6,698.775151217241
502617,1,1,8,260.0744747746117
502621,1,1,9,34.48025760561359
502626,1,1,2,251.239777347475
502630,1,1,9,856.9179529440304
502634,1,1,10,432.0994001446548
502642,1,1,8,366.24695003301184
502650,1,1,10,129.2019718684977
502673,1,1,8,766.2298212761805
502675,1,1,9,883.6686598811939
502703,1,1,5,0.42645457969393247
502704,1,1,7,151.57542916497394
502709,1,1,10,458.9253884074737
502726,1,1,8,680.2521140742947
502732,1,1,9,864.397263483508
502733,1,1,4,0.42645458358136
502739,1,1,1,579.7430608164708
502744,1,1,1,416.9310811570498
502745,1,1,6,386.65848007659787
502771,1,1,1,248.2487618620497
502774,1,1,8,861.3700053638992
502780,1,1,9,828.6049452205679
502781,1,1,5,0.42645457969393247
502785,1,1,5,0.42645457969393247
502794,1,1,8,811.7983013507805
502823,1,1,9,809.9021644491661
502834,1,1,7,143.91203300002186
502845,1,1,1,717.1533380436101
502873,1,1,7,114.93278702725402
502883,1,1,6,288.5372592957875
502884,1,1,6,257.89175413290917
502893,1,1,8,385.49672835575683
502894,1,1,5,0.42645457969393247
502895,0,1,0,0.11392184221379838
502917,1,1,1,669.74164425926
502921,1,1,8,840.4118120183232
502940,1,1,2,431.2925894896219
502941,1,1,6,655.2967208326328
502960,1,1,9,774.8744977786744
502961,1,1,5,0.42645457969393247
502964,1,1,7,45.2324643002454
502979,1,1,8,789.9045398235695
502980,1,1,9,611.761164743728
502989,0,1,0,0.115927402333825
503020,1,1,9,529.6408732806054
503021,1,1,9,863.9120898851656
503037,1,1,8,871.1917097573902
503045,1,1,5,0.42645457969393247
503049,1,1,6,366.5109000583209
503052,1,1,5,0.42645457969393247
503055,1,1,4,0.42645458358136
503057,1,1,9,831.3165399644995
503065,1,1,9,375.27211089060404
503071,1,1,9,866.4533764392613
503080,1,1,2,376.27331349261294
503081,1,1,3,92.60515311285641
503091,1,1,6,554.931435990742
503105,1,1,9,800.7028335885674
503125,1,1,6,349.6791969326673
503130,1,1,7,171.29264478355265
503134,1,1,7,148.1608401034524
503138,1,1,10,723.137247397093
503140,1,1,6,308.4625845537141
503147,1,1,9,888.6855177835943
503149,1,1,2,445.99066632309024
503153,1,1,10,570.2757755594885
503162,1,1,4,0.42645458358136
503165,1,1,9,794.2573376947724
503172,1,1,2,476.33640231108086
503174,1,1,8,262.368549508348
503175,1,1,4,0.42645458358136
503178,1,1,10,331.80473938083793
503180,1,1,10,252.986762246238
503234,1,1,9,781.347804742496
503247,1,1,5,0.42645457969393247
503258,1,1,1,674.3375420334103
503283,1,1,9,507.02678665001594
503301,1,1,1,685.704556267724
503304,1,1,5,0.42645457969393247
503311,1,1,6,798.2997890440206
503322,1,1,9,585.7359221682476
503324,1,1,8,440.6994560252515
503349,1,1,5,0.42645457969393247
503350,1,1,4,0.42645458358136
503352,1,1,5,0.42645457969393247
503356,1,1,8,633.9336795905197
503377,1,1,9,115.61663612806534
503382,1,1,1,554.4648775134035
503383,1,1,3,34.56146712925916
503414,1,1,4,0.4264545919581291
503421,1,1,8,445.447114932637
503429,1,1,6,215.42895395787514
503435,1,1,5,0.42645457969393247
503453,1,1,5,0.42645457969393247
503459,1,1,5,0.42645457969393247
503474,1,1,4,0.42645458358136
503479,1,1,8,438.37958783362734
503482,1,1,6,797.3877163758962
503483,1,1,9,724.0275378525713
503487,1,1,9,150.2801121374111
503493,1,1,10,439.29220688887165
503498,1,1,3,89.79242179218387
503505,1,1,4,0.42645458358136
503506,1,1,9,833.0886210763031
503509,1,1,9,485.2964459286745
503524,1,1,4,0.42645458358136
503537,1,1,6,541.9312902200461
503539,1,1,5,0.42645457969393247
503548,1,1,10,396.6094349940565
503556,1,1,9,66.14082381887107
503565,0,1,0,0.11095050408302617
503575,1,1,2,480.661304381633
503577,1,1,4,0.42645458358136
503600,1,1,10,699.9203378490579
503609,1,1,3,84.90007366343072
503612,1,1,8,373.3539466664567
503624,1,1,8,416.9752105580962
503661,1,1,1,333.65862447091143
503665,1,1,3,86.546061958515
503691,1,1,8,811.0621935747887
503699,1,1,4,0.42645458358136
503703,1,1,9,386.9839371372973
503707,1,1,7,77.68321599575816
503725,1,1,9,88.46406213952011
503726,0,1,0,0.1106266386611448
503727,1,1,1,402.3116188458825
503732,1,1,8,529.5083143196571
503736,1,1,9,276.766620859835
503738,1,1,6,472.11040908399923
503771,1,1,7,153.1365357556425
503788,1,1,10,194.12486792709174
503792,1,1,6,248.03760933259025
503800,1,1,10,110.1334739093558
503805,1,1,5,0.42645457969393247
503807,1,1,10,286.8819026147373
503817,1,1,5,0.42645457969393247
503825,1,1,1,479.23254333493276
503835,1,1,1,470.97333487862176
503842,1,1,7,99.9027370116947
503854,1,1,2,93.51621211287333
503860,1,1,5,0.42645457969393247
503886,1,1,6,429.4400503732211
503898,1,1,1,563.4618506957727
503900,1,1,1,758.5607044293628
503910,1,1,5,0.42645457969393247
503926,1,1,8,826.2017663247686
503935,1,1,9,808.5693224373249
503936,1,1,4,0.42645458358136
503937,1,1,8,292.0716233647861
503943,1,1,9,686.1478417031278
503952,1,1,6,681.3076682480281
503972,1,1,9,793.4236382301134
503981,1,1,7,115.52970146252366
503999,1,1,5,0.42645456789925423
504000,1,1,1,515.0137184911327
504001,1,1,10,127.59053789329906
504003,1,1,10,408.91437314826965
504005,1,1,5,0.42645457969393247
504017,1,1,6,542.5059832163505
504021,1,1,6,783.5106310590231
504036,1,1,8,573.3583722584381
504059,1,1,6,430.28750501715695
504066,1,1,4,0.42645458358136
504072,1,1,6,395.9879867866243
504074,1,1,4,0.42645458358136
504077,1,1,10,684.0368170240316
504091,1,1,9,621.185987308491
504106,1,1,4,0.42645458358136
504116,1,1,9,413.12684464384563
504120,1,1,9,150.6830882748973
504133,1,1,10,543.3477539211107
504137,1,1,3,89.72243894203609
504138,1,1,1,613.0090021226033
504163,1,1,8,545.9106624688143
504214,1,1,6,414.6726446583776
504215,1,1,7,171.9920268817918
504229,1,1,10,721.3462070636731
504247,1,1,7,120.38642413436665
504252,1,1,3,91.09466137285844
504257,1,1,9,776.1289680259321
504265,1,1,9,545.9108079690004
504278,1,1,6,787.6495894057032
504294,1,1,6,677.4081079213654
504297,1,1,4,0.42645458358136
504300,1,1,6,615.2573708596759
504303,1,1,5,0.42645456789925423
504305,1,1,10,720.0680335190663
504333,1,1,5,0.42645457969393247
504345,1,1,7,143.20600583427188
504365,1,1,2,256.5095727542024
504370,1,1,5,0.42645457969393247
504379,1,1,6,321.3676319078332
504380,1,1,9,866.9438787148405
504395,1,1,8,866.4021683008334
504396,1,1,9,748.9165587485126
504404,1,1,8,514.0920275378485
504408,1,1,4,0.42645458358136
504430,1,1,9,502.2531480967806
504433,1,1,8,480.6789986744795
504458,1,1,10,148.77058438785033
504470,1,1,8,475.6288856811563
504471,1,1,2,438.903380721959
504477,1,1,9,725.2546674483887
504494,1,1,1,242.15852708707965
504512,1,1,6,167.62967479793963
504519,1,1,4,0.42645458358136
504522,1,1,9,711.6168037349393
504531,1,1,7,81.34153024060873
504535,1,1,1,741.779534270766
504541,1,1,9,704.6184367118867
504543,1,1,5,0.42645457969393247
504544,1,1,10,720.4058822615383
504545,1,1,1,740.5065293410104
504546,1,1,8,177.95609781145788
504548,1,1,6,390.2980042605194
504564,1,1,10,462.14941252793255
504569,1,1,5,0.42645457969393247
504584,1,1,7,17.189112770303648
504588,1,1,7,131.77053329820475
504595,1,1,5,0.42645457969393247
504607,1,1,4,0.42645458358136
504613,1,1,1,201.34816439626294
504615,1,1,5,0.42645457969393247
504625,1,1,8,222.33844264942385
504629,1,1,10,713.9958266535193
504633,1,1,9,830.2338730225114
504640,1,1,6,711.0549392939591
504670,1,1,10,549.4300660926954
504697,1,1,8,817.4293986125989
504702,1,1,7,58.194797483486745
504715,1,1,6,592.8476425092252
504725,1,1,8,377.8182461747532
504730,1,1,8,947.6466548961545
504761,1,1,9,875.5248907812884
504806,1,1,1,756.1557898333311
504811,1,1,6,626.2783813044111
504816,1,1,8,572.27129952631
504830,1,1,6,613.5104314042356
504838,1,1,9,233.3832204744503
504841,1,1,9,638.8317027430489
504846,1,1,6,556.9643481884657
504851,1,1,4,0.42645458358136
504855,1,1,4,0.42645458358136
504862,1,1,7,141.0765775013939
504881,1,1,9,734.3607701377122
504888,1,1,8,787.3323772906695
504893,1,1,10,522.4569758222259
504897,1,1,7,148.88942703519362
504898,1,1,8,808.7581238784967
504903,1,1,5,0.42645456789925423
504908,1,1,5,0.42645456789925423
504929,1,1,8,553.3329846685524
504945,1,1,8,513.9632669625915
504947,1,1,5,0.42645457969393247
504952,1,1,8,762.3334383642942
504962,1,1,8,689.343375494221
504968,1,1,4,0.42645458358136
504970,1,1,10,502.373865258269
505011,1,1,2,371.23286762128225
505016,1,1,10,594.7513125543165
505024,1,1,10,194.10066783724736
505050,1,1,9,501.5425067977383
505051,1,1,8,834.2692888864002
505065,1,1,9,798.3499172524347
505069,1,1,4,0.42645458358136
505072,1,1,1,231.52091329596584
505073,1,1,10,637.8261305738166
505077,1,1,4,0.42645458358136
505109,1,1,9,659.3093524268268
505122,1,1,1,210.01693913847498
505125,1,1,8,697.1172740338826
505126,1,1,9,296.5971059147162
505148,1,1,6,156.25519313214014
505155,0,1,0,0.11916602939781434
505166,1,1,5,0.42645457969393247
505175,1,1,4,0.42645458358136
505176,1,1,6,238.52467715871657
505186,1,1,5,0.42645457969393247
505197,1,1,8,731.7283551183738
505206,1,1,8,845.9191912699929
505233,1,1,9,694.1502240874714
505253,1,1,8,830.8820831798547
505254,1,1,4,0.4264545919581291
505264,1,1,10,720.8516923054083
505270,1,1,6,487.3807886998694
505296,1,1,6,504.66151742057104
505319,1,1,5,0.42645457969393247
505330,1,1,9,892.7319605660687
505336,1,1,10,449.14085262514334
505337,1,1,4,0.42645458358136
505343,1,1,5,0.42645457969393247
505371,1,1,1,651.9590761279277
505372,1,1,7,92.09698751558726
505402,1,1,6,721.9130661359019
505404,1,1,10,463.9859794826739
505407,1,1,6,339.5077089749329
505410,1,1,10,369.0927924911164
505414,1,1,7,76.99732327084682
505440,1,1,8,406.7812517523628
505442,1,1,6,721.9347378388497
505478,1,1,7,84.19344109631058
505483,1,1,9,557.1930442842662
505486,1,1,9,352.4709954424983
505488,1,1,2,134.33280484891569
505496,1,1,4,0.42645458358136
505511,1,1,6,492.14108830761114
505526,1,1,9,825.1885421398638
505530,1,1,6,544.6786661987854
505534,1,1,6,631.0689013657446
505537,1,1,6,561.8700837748687
505538,1,1,8,572.0964029501911
505539,1,1,5,0.42645457969393247
505554,1,1,9,103.6827259523851
505566,1,1,6,594.7219686384774
505569,1,1,8,457.98914489699723
505579,1,1,3,60.98264723029623
505601,1,1,6,380.8562651935923
505636,1,1,5,0.42645457969393247
505653,1,1,4,0.42645458358136
505681,1,1,4,0.42645458358136
505707,1,1,3,85.41454225032186
505715,1,1,7,51.62269637723563
505721,1,1,8,637.6523536007485
505722,1,1,8,396.8035587278983
505726,1,1,2,282.68413172828446
505734,1,1,1,544.0677999964399
505736,1,1,8,722.7082943933949
505738,1,1,7,91.56800392193804
505739,1,1,8,392.03322846696693
505746,1,1,1,250.36612350235114
505762,1,1,8,711.667392538248
505763,1,1,3,70.35500131884417
505769,1,1,2,151.16626888844178
505780,1,1,5,0.42645457969393247
505792,1,1,7,130.43557914017185
505796,1,1,5,0.42645457969393247
505801,1,1,2,431.17786714268584
505803,1,1,8,815.1083846279215
505805,1,1,1,528.3564427390037
505810,1,1,8,657.2589716966108
505828,1,1,4,0.42645458358136
505840,1,1,5,0.42645457969393247
505865,1,1,4,0.42645458358136
505866,1,1,1,739.7143984067362
505875,1,1,4,0.42645458358136
505879,1,1,5,0.42645456789925423
505881,1,1,9,593.7828102587238
505883,1,1,9,693.1754269551042
505918,1,1,10,130.1198121830673
505923,1,1,1,543.11849520754
505928,1,1,10,417.6454961543305
505931,1,1,6,789.4608184848291
505938,1,1,5,0.42645457969393247
505939,1,1,9,879.6575008560654
505949,1,1,10,460.3194101448016
505961,1,1,6,516.4657934096721
505968,1,1,9,451.85447142882333
505982,1,1,3,48.29932016366223
505985,1,1,6,518.7310045634327
505986,1,1,1,225.4902259772407
505999,1,1,5,0.42645457969393247
506003,1,1,9,814.9300593343403
506025,1,1,8,946.6465776545394
506028,1,1,10,113.78728134392719
506029,1,1,4,0.42645458358136
506030,1,1,6,721.0255847022096
506035,1,1,6,590.7431100595253
506039,1,1,8,900.6557024534113
506041,1,1,7,123.45250755997587
506043,1,1,7,100.2536155017411
506061,1,1,5,0.42645457969393247
506073,1,1,10,332.05337673436736
506100,1,1,6,419.50462689718773
506101,1,1,10,178.05625147173146
506118,1,1,9,263.69338342382497
506129,1,1,7,95.84628617392622
506149,1,1,9,789.8586060631719
506163,1,1,5,0.42645456789925423
506166,1,1,9,874.9719601134254
506170,1,1,4,0.42645458358136
506204,1,1,6,428.1806559638729
506207,1,1,6,508.1113260662316
506210,1,1,6,776.4844172779441
506244,1,1,9,862.8888383497109
506249,1,1,9,138.07088174412635
506257,1,1,6,303.9482950886218
506287,1,1,10,114.61257601037093
506288,1,1,9,622.027663378844
506300,1,1,6,457.517995709
506319,1,1,7,65.43282666854304
506333,1,1,10,619.3997244403804
506343,1,1,5,0.42645457969393247
506363,1,1,5,0.42645457969393247
506365,1,1,1,335.92846843399144
506366,1,1,9,405.90296678788496
506368,1,1,8,531.2319278909013
506386,1,1,10,412.94171898689297
506387,1,1,1,434.78185254824535
506389,1,1,6,739.327816307713
506399,1,1,4,0.42645458358136
506406,0,1,0,0.14822617858220608
506422,1,1,4,0.42645458358136
506426,1,1,5,0.42645457969393247
506444,1,1,1,583.286126431131
506453,1,1,2,264.91712692510225
506457,1,1,8,449.0747554513018
506471,1,1,9,549.1891197136962
506475,1,1,8,753.4216176187222
506479,1,1,6,427.1341851795704
506486,1,1,9,158.23946584483608
506514,1,1,6,635.0361708089619
506537,1,1,6,344.606838288904
506538,1,1,7,125.53883768798232
506541,1,1,4,0.42645458358136
506549,1,1,7,102.49121664532055
506550,1,1,3,89.23795111350877
506551,1,1,8,866.0919421210845
506554,1,1,5,0.42645457969393247
506580,1,1,9,103.48499392734472
506602,1,1,10,459.8194822287436
506603,1,1,5,0.42645457969393247
506604,1,1,6,742.0718919016318
506613,1,1,4,0.42645458358136
506619,1,1,1,481.6793524218094
506623,1,1,7,131.6378537648609
506628,1,1,8,476.5096968638491
506631,1,1,9,414.1286424447027
506645,1,1,8,361.9608735358117
506651,1,1,10,600.7970434037279
506653,1,1,1,715.8760457469033
506665,1,1,8,592.2177935593335
506667,1,1,7,40.80526937622989
506682,1,1,10,531.6136070940928
506692,1,1,3,90.43975846874271
506709,1,1,9,512.6524470131319
506716,1,1,6,496.8873167165826
506719,1,1,8,266.4350915012741
506734,1,1,9,602.2945111661209
506738,1,1,5,0.42645457969393247
506745,1,1,5,0.42645457969393247
506757,1,1,5,0.42645457969393247
506759,1,1,10,156.89055918373785
506773,1,1,2,267.45895147564494
506774,1,1,5,0.42645457969393247
506779,1,1,3,71.6185165712274
506817,1,1,2,163.57945729758725
506830,1,1,4,0.42645458358136
506849,1,1,3,92.47784641517431
506861,1,1,3,48.35457539938486
506902,1,1,7,149.40423415376335
506927,1,1,4,0.42645458358136
506939,1,1,9,148.0864386884138
506961,1,1,9,815.702471382232
506963,1,1,4,0.42645458358136
506982,1,1,9,187.97515474307485
507010,1,1,6,197.99626960343159
507017,1,1,10,231.97562584287454
507042,1,1,4,0.42645458358136
507048,1,1,8,369.12377991390343
507055,1,1,4,0.42645458358136
507056,1,1,5,0.42645457969393247
507060,1,1,6,716.1955862132254
507061,1,1,10,635.8682601640969
507097,1,1,9,554.2136721542819
507103,1,1,10,354.26147875061827
507169,1,1,9,288.41630259542643
507175,1,1,3,39.904994892424654
507185,1,1,4,0.42645458358136
507186,1,1,10,718.9269315153159
507191,1,1,4,0.42645458358136
507198,1,1,6,179.8587305060373
507216,1,1,2,481.59270925557473
507226,1,1,4,0.42645458358136
507227,1,1,1,735.0010896675973
507233,1,1,8,831.0628598024759
507246,1,1,1,632.7488938810317
507247,1,1,1,691.3981545140314
507270,1,1,6,679.2743668403284
507272,1,1,6,291.7144825487309
507275,1,1,6,171.0429498050367
507276,1,1,6,309.19423776171647
507284,1,1,9,849.8321072989553
507286,1,1,10,387.28416174802595
507298,1,1,10,241.09657635684178
507301,1,1,5,0.42645457969393247
507307,1,1,1,588.7673674328597
507325,1,1,4,0.42645458358136
507330,1,1,10,263.1443641954147
507335,1,1,9,857.0086164290591
507343,1,1,2,470.84851324449556
507344,1,1,9,516.0727550315722
507346,1,1,5,0.42645457969393247
507354,1,1,10,718.552007317713
507356,1,1,8,584.3735252539382
507358,1,1,9,604.614424337584
507372,1,1,8,494.2080483051756
507374,1,1,4,0.42645458358136
507394,1,1,4,0.42645458358136
507407,1,1,4,0.42645458358136
507412,1,1,8,151.37194516179477
507416,1,1,5,0.42645457969393247
507420,1,1,7,60.399953464270624
507426,1,1,4,0.42645458358136
507430,1,1,6,660.0940495499827
507431,1,1,8,141.1120477945639
507434,1,1,8,944.382457673261
507438,1,1,4,0.4264545919581291
507448,1,1,3,79.74283971872288
507449,1,1,8,856.162703758347
507452,1,1,4,0.42645458358136
507462,1,1,8,578.7184278918011
507465,1,1,7,156.65683626864612
507484,1,1,6,724.8541932843567
507495,1,1,5,0.42645457969393247
507502,1,1,4,0.42645458358136
507510,1,1,4,0.42645458358136
507515,1,1,8,401.8964919030829
507563,1,1,9,857.4049095143192
507593,1,1,10,561.594547683769
507599,1,1,10,653.6908570878464
507604,1,1,2,317.40224229773065
507611,1,1,6,686.4814067921293
507621,1,1,10,338.67188884255364
507622,1,1,6,584.0011889179631
507648,1,1,2,479.4488375169957
507652,1,1,8,291.9895797805043
507662,1,1,6,421.4458780455991
507710,1,1,6,591.3117871776866
507719,1,1,6,683.3455129141802
507728,1,1,8,113.66696266003402
507740,1,1,4,0.42645458358136
507744,1,1,10,545.4340920178703
507745,1,1,5,0.42645457969393247
507753,1,1,9,203.07163314770295
507758,1,1,8,443.6206657825905
507759,1,1,4,0.42645458358136
507761,1,1,9,793.9150496461373
507776,1,1,10,460.0023668784071
507782,1,1,8,170.51697755523216
507794,1,1,5,0.42645457969393247
507795,1,1,3,93.19297249377858
507797,1,1,7,139.9180356648338
507824,1,1,3,91.65835819405423
507825,1,1,5,0.42645457969393247
507830,1,1,8,814.5734705190778
507844,1,1,8,555.4324647764903
507868,1,1,7,148.05600189442822
507874,1,1,10,248.52132622468864
507887,1,1,8,589.8378952747522
507893,1,1,8,885.6469321019509
507898,1,1,3,92.72349599244933
507913,1,1,9,470.49156055552055
507914,1,1,8,595.7043020351953
507922,1,1,9,481.71563704606916
507930,1,1,9,750.6986354638819
507931,1,1,9,871.9165852611111
507948,1,1,8,565.4057998079329
507956,1,1,8,901.9749283548246
507957,1,1,9,645.4382220706487
507964,1,1,6,560.8482678220317
507978,1,1,1,287.6554513799752
507986,1,1,4,0.42645458358136
507990,1,1,6,784.279654873499
508003,1,1,5,0.42645457969393247
508038,1,1,8,560.2923624556366
508049,1,1,8,782.1980421786673
508056,1,1,6,566.6192743481569
508064,1,1,5,0.42645457969393247
508083,1,1,4,0.42645458358136
508090,1,1,9,614.9019749198342
508110,1,1,9,201.4620487907552
508111,1,1,2,258.7946432149043
508126,1,1,9,503.7667666545815
508127,1,1,8,720.5705462149609
508145,1,1,9,488.5773097278336
508159,1,1,6,190.46415093013704
508161,1,1,5,0.42645457969393247
508182,1,1,2,321.6876946995018
508187,1,1,5,0.42645457969393247
508205,1,1,5,0.42645457969393247
508211,1,1,10,182.70876927067013
508213,1,1,9,852.449409896023
508222,1,1,5,0.42645457969393247
508223,1,1,5,0.42645457969393247
508224,1,1,1,598.2874985494608
508229,1,1,4,0.42645458358136
508235,1,1,4,0.42645458358136
508236,1,1,6,779.5411474154793
508255,1,1,5,0.42645457969393247
508266,1,1,8,842.3394581519174
508289,1,1,3,93.97468647001793
508297,1,1,6,470.08796359310276
508298,1,1,5,0.42645457969393247
508306,1,1,4,0.42645458358136
508310,1,1,8,836.7386737726721
508313,0,1,0,0.1315672757789473
508315,1,1,4,0.42645458358136
508316,1,1,3,55.77821686055366
508318,1,1,7,130.57937876905132
508319,1,1,9,830.3696064883188
508320,1,1,4,0.42645458358136
508335,1,1,9,751.1695736920984
508340,1,1,9,263.54537675590984
508356,1,1,8,400.4990820665048
508365,1,1,1,609.4440249348589
508377,1,1,9,177.5976742407645
508402,1,1,4,0.42645458358136
508407,1,1,10,398.7383392402584
508412,1,1,9,387.86174137415566
508418,1,1,8,802.8018251474668
508436,1,1,8,594.7915868408912
508467,1,1,7,18.390901666332763
508485,1,1,8,270.8627820787213
508487,1,1,10,457.85807793494007
508490,1,1,6,505.4627749893048
508496,1,1,10,450.7610916948371
508509,1,1,5,0.42645457969393247
508515,1,1,2,338.7814256026016
508518,1,1,10,275.2959770943906
508523,1,1,3,90.56666431973228
508527,1,1,6,803.992209123339
508537,1,1,2,64.62166941282395
508541,1,1,10,283.0005758513136
508542,1,1,4,0.42645458358136
508544,1,1,4,0.42645458358136
508554,1,1,6,587.1332231819456
508560,1,1,9,421.9974230299192
508583,1,1,5,0.42645457969393247
508592,1,1,8,563.8489337322183
508606,1,1,5,0.42645457969393247
508617,1,1,5,0.42645457969393247
508638,1,1,9,862.1456842674594
508646,1,1,1,489.0280747512446
508657,1,1,5,0.42645456789925423
508659,1,1,10,651.3500418736555
508665,1,1,5,0.42645457969393247
508682,1,1,6,655.4867576452763
508683,1,1,2,355.9083004828927
508689,1,1,5,0.42645457969393247
508690,1,1,8,352.2474936474856
508722,1,1,2,133.14868932282383
508745,1,1,8,546.7836087387108
508746,1,1,5,0.42645457969393247
508753,1,1,4,0.42645458358136
508758,1,1,9,312.1234461915873
508761,1,1,1,472.3499429120771
508766,1,1,8,776.6791517249609
508776,1,1,6,431.7910226220748
508782,1,1,8,723.6158236591822
508788,1,1,7,55.49396821008796
508797,1,1,8,448.9658856981318
508798,1,1,9,720.8140524795903
508800,1,1,1,493.2822098182084
508806,1,1,5,0.42645457969393247
508823,1,1,6,777.9432856115518
508824,1,1,3,46.821341720037104
508842,1,1,6,752.9444994270709
508850,1,1,8,369.73752506599567
508860,1,1,8,793.4663966511564
508865,1,1,1,435.4499512232931
508869,1,1,10,724.3213602834799
508884,1,1,6,706.6446713777946
508891,1,1,6,315.7209775421535
508902,1,1,4,0.42645458358136
508906,1,1,1,650.4564622456942
508911,1,1,7,136.2179210027193
508915,1,1,8,629.1834977425851
508917,1,1,5,0.42645457969393247
508922,1,1,4,0.42645458358136
508927,1,1,6,393.7474849500789
508932,1,1,4,0.42645458358136
508933,1,1,8,567.2403383695761
508946,1,1,10,451.9930181353311
508949,1,1,6,634.8173164766484
508992,1,1,8,408.8003992940233
508999,1,1,1,178.51600323058582
509012,1,1,5,0.42645457969393247
509014,1,1,10,206.5657686732475
509017,1,1,10,301.16101428644936
509036,1,1,5,0.42645457969393247
509038,1,1,10,274.0091083885077
509055,1,1,7,23.925427486972403
509067,1,1,10,718.891968765147
509068,1,1,8,378.01035718959906
509071,1,1,5,0.42645457969393247
509077,1,1,3,91.7713601202914
509083,1,1,9,875.2096560353484
509084,1,1,8,359.5807511532073
509100,1,1,5,0.42645457969393247
509103,1,1,6,801.2337369753013
509110,1,1,9,598.9546395004794
509113,1,1,9,519.2282543154505
509120,1,1,9,877.7728655441495
509122,1,1,8,936.5295188604725
509129,1,1,8,323.7859968197047
509137,1,1,8,207.56949875632537
509181,1,1,6,420.84046767209514
509185,1,1,4,0.4264545919581291
509197,1,1,6,641.596440531139
509208,1,1,8,866.6327228368227
509215,1,1,5,0.42645457969393247
509251,1,1,1,592.5993564655298
509253,1,1,1,333.8676752148932
509261,1,1,10,654.3285449319231
509297,1,1,1,434.62207071465104
509305,1,1,9,813.7513202348065
509320,1,1,9,585.7798806428456
509341,1,1,9,639.5790549782151
509359,1,1,7,136.5427098122067
509365,1,1,9,335.0061586136672
509379,1,1,2,197.44382751169627
509382,1,1,9,849.6791597998928
509391,1,1,4,0.42645458358136
509434,1,1,9,449.83845822644696
509445,1,1,10,271.82105632968774
509448,1,1,9,871.7341218269265
509449,1,1,10,586.5624652170444
509451,1,1,4,0.42645458358136
509459,1,1,9,465.74072486044963
509461,1,1,9,820.5962409004044
509464,1,1,9,869.1753778565642
509465,1,1,6,276.5723556652974
509467,1,1,4,0.42645458358136
509523,1,1,9,402.28492383753644
509529,1,1,1,430.00316000066306
509531,1,1,6,605.3084158492319
509539,1,1,5,0.42645457969393247
509544,1,1,10,196.76885644321393
509563,1,1,5,0.42645457969393247
509580,1,1,6,214.65407129319155
509608,1,1,8,876.7865665299313
509615,1,1,9,412.3689846655206
509622,1,1,8,286.73803514597915
509626,1,1,10,285.5893167200976
509629,1,1,9,605.6415757154201
509637,1,1,8,633.2344177283794
509647,1,1,1,356.3466282416676
509649,1,1,4,0.42645458358136
509652,1,1,8,647.0450110214425
509663,1,1,9,322.4626542753944
509671,1,1,9,337.8191186557021
509685,1,1,7,132.17082857721584
509687,1,1,1,266.6421893189634
509700,1,1,5,0.42645457969393247
509705,1,1,9,835.7111203602802
509715,1,1,5,0.42645457969393247
509738,1,1,9,151.99949983563076
509749,1,1,1,603.7986608689519
509775,1,1,8,455.22778749790825
509781,1,1,3,92.40780517844019
509784,1,1,7,81.89214233548375
509787,1,1,8,837.0192630493538
509808,1,1,8,388.34952607595034
509817,1,1,9,289.6778350817701
509835,1,1,10,719.4905261991711
509850,1,1,1,544.8753816423075
509872,1,1,5,0.42645457969393247
509878,1,1,5,0.42645457969393247
509891,1,1,2,450.7049231867169
509894,1,1,3,41.932155957104996
509907,1,1,5,0.42645457969393247
509919,1,1,7,83.77732440114767
509926,1,1,9,290.75789473832907
509929,1,1,8,458.82725477376187
509939,1,1,9,701.6260550224317
509943,1,1,9,22.330796874680225
509944,1,1,5,0.42645457969393247
509986,1,1,9,809.3516863914427
509991,1,1,5,0.42645457969393247
509997,1,1,8,397.76288221820585
510007,1,1,4,0.42645458358136
510012,1,1,5,0.42645457969393247
510014,1,1,5,0.42645457969393247
510017,1,1,5,0.42645457969393247
510021,1,1,6,556.7024193917459
510025,1,1,9,360.27552842684105
510028,1,1,9,610.6301565000016
510029,1,1,6,264.6052346428159
510037,1,1,10,695.8352001104115
510047,1,1,9,832.9087716840619
510061,1,1,10,276.340442848633
510073,1,1,8,500.2082522851627
510075,1,1,6,782.5953137299373
510085,1,1,8,930.0662980895223
510086,1,1,6,330.2197034588231
510160,1,1,8,434.208629852941
510163,1,1,8,689.4933925423478
510168,1,1,1,485.7144543580463
510172,1,1,10,619.9252065496134
510199,1,1,10,212.98887086423255
510200,1,1,10,723.4215019108334
510213,1,1,5,0.42645457969393247
510214,1,1,9,861.6753506991632
510215,1,1,6,546.7562609633027
510228,1,1,7,63.79447272870931
510229,1,1,4,0.42645458358136
510239,1,1,9,493.4328674906419
510261,1,1,8,225.3743055579631
510264,1,1,9,503.0994334987602
510265,1,1,7,71.22623029857309
510268,1,1,10,528.4786701406242
510275,1,1,10,443.18078972146975
510281,1,1,8,549.1188458128604
510288,1,1,10,410.29246344046106
510300,1,1,4,0.42645458358136
510308,1,1,5,0.42645457969393247
510313,1,1,8,427.73248435656114
510318,1,1,6,626.8395513264469
510336,1,1,5,0.42645457969393247
510355,1,1,6,423.26894152711367
510378,1,1,5,0.42645457969393247
510379,1,1,4,0.42645458358136
510393,1,1,4,0.42645458358136
510396,1,1,9,520.3235413214659
510400,1,1,10,168.61350191730898
510404,1,1,8,834.2642622161948
510417,1,1,9,478.7122851121909
510446,1,1,6,279.3504439454496
510447,1,1,6,322.5431723004904
510450,1,1,5,0.42645457969393247
510461,1,1,3,92.14467018131086
510466,1,1,9,345.3887854218611
510472,1,1,4,0.42645458358136
510475,1,1,9,578.0315665849654
510476,1,1,6,219.72747639951774
510489,1,1,4,0.4264545919581291
510504,1,1,5,0.42645456789925423
510513,1,1,10,507.4012047336677
510521,1,1,10,522.3983413610088
510536,1,1,1,650.8134107063748
510540,1,1,9,431.016726938835
510552,1,1,5,0.42645457969393247
510582,1,1,9,356.73151621570076
510598,1,1,10,328.60755968124187
510610,1,1,10,678.0786531523748
510621,1,1,8,753.7021916732461
510637,1,1,2,405.4455760409374
510656,1,1,9,528.6843438659331
510668,1,1,4,0.42645458358136
510679,1,1,8,578.7190828269091
510710,1,1,10,722.4543253944644
510717,1,1,10,260.9721593256741
510734,1,1,8,542.5101030873714
510754,1,1,10,633.10267627809
510779,1,1,9,84.60581227262621
510785,1,1,8,248.82465987438647
510787,1,1,2,424.31908381698486
510792,1,1,2,340.4953215949035
510794,1,1,6,526.2991992335496
510804,1,1,10,437.8320700632796
510806,1,1,9,849.9977747011819
510814,1,1,10,258.1137323690462
510828,1,1,4,0.42645458358136
510834,1,1,4,0.42645458358136
510844,1,1,10,282.48278585091333
510863,1,1,10,611.6220334287905
510870,1,1,8,880.505259851854
510887,1,1,6,773.7480245144462
510910,1,1,7,147.18882369313118
510924,1,1,10,322.01156571955744
510928,1,1,7,111.04413089482709
510929,0,1,0,0.11233176920917434
510944,1,1,8,196.06666249052174
510949,1,1,4,0.42645457969393247
510970,1,1,8,284.26886285575387
510971,1,1,10,629.7182414675618
510977,1,1,6,431.9016642739107
510982,1,1,10,459.51593999716454
510993,1,1,6,749.9454004962015
510999,1,1,9,501.39779985195423
511003,1,1,8,780.4491663626816
511005,1,1,10,180.04912763210518
511019,1,1,2,293.91402305533614
511031,1,1,8,375.8651711453641
511037,1,1,9,813.4201242323228
511039,1,1,8,654.7487829623904
511055,1,1,9,780.9018698301627
511064,1,1,9,844.9980443735976
511066,1,1,10,650.1219837635005
511069,1,1,8,182.73315297031309
511087,1,1,4,0.42645458358136
511088,1,1,10,280.7775766612648
511094,1,1,6,762.1632094123934
511105,1,1,1,293.88077587677645
511108,1,1,10,139.31739858470334
511113,1,1,10,633.0677717569387
511118,1,1,9,522.4934198111486
511124,1,1,6,214.47247472994707
511129,1,1,9,476.76301763385237
511146,1,1,4,0.4264545919581291
511157,1,1,8,470.9663928321911
511160,1,1,2,444.84379321248605
511172,1,1,1,634.7611814796734
511179,1,1,2,474.1562948140476
511185,1,1,9,837.6535973484717
511213,1,1,9,227.38628206103115
511218,1,1,9,124.23413515034738
511220,1,1,5,0.42645457969393247
511226,1,1,8,627.6733784868433
511255,1,1,9,420.7987545345653
511260,1,1,8,905.8029178549327
511272,1,1,5,0.42645457969393247
511276,1,1,5,0.42645457969393247
511281,1,1,5,0.42645457969393247
511302,1,1,8,680.2719154680643
511305,1,1,5,0.42645457969393247
511312,1,1,8,519.6009904843538
511329,1,1,9,787.5845894532307
511342,1,1,6,267.31375450751057
511373,1,1,1,615.2653245317706
511391,1,1,5,0.42645457969393247
511399,1,1,6,534.6325659679146
511410,1,1,9,771.7220469946825
511424,1,1,5,0.42645457969393247
511439,1,1,10,722.1320907808064
511440,1,1,4,0.42645458358136
511445,1,1,6,277.0771756487585
511473,1,1,5,0.42645457969393247
511477,1,1,10,273.58993040796076
511496,1,1,8,636.090885307533
511507,1,1,9,391.12901824589306
511515,1,1,6,684.0993258149002
511523,1,1,9,842.083145256942
511531,1,1,1,287.3080829302493
511540,1,1,9,260.8775444803764
511557,1,1,10,722.427236982851
511561,1,1,4,0.42645458358136
511576,1,1,8,438.3035603003734
511579,1,1,9,836.1303289429907
511587,1,1,1,543.6866921961132
511591,1,1,10,408.46606758920143
511596,1,1,10,139.81272765055573
511597,1,1,4,0.42645458358136
511625,1,1,1,730.6066066680064
511637,1,1,9,747.7897145089005
511641,1,1,6,776.7522240785959
511642,1,1,8,304.23497271860873
511644,1,1,5,0.42645457969393247
511653,1,1,8,457.4608139627676
511664,1,1,5,0.42645457969393247
511722,1,1,10,439.2559747424156
511733,1,1,6,304.2004324193433
511735,1,1,3,90.27392194541257
511740,1,1,6,297.6682192460156
511742,1,1,9,652.2877095327848
511759,1,1,2,200.17120770763506
511789,1,1,8,781.3231568259048
511807,1,1,10,504.89031406301825
511813,1,1,5,0.42645457969393247
511833,1,1,9,665.9398625546577
511836,1,1,2,75.68466246498572
511849,1,1,5,0.42645457969393247
511858,1,1,9,509.1143363606946
511882,1,1,6,490.8515553116025
511886,1,1,9,834.9439508854341
511887,1,1,2,482.3184472832951
511889,1,1,6,620.6722363645283
511893,1,1,7,169.75652022826844
511905,1,1,8,900.1569848310289
511906,1,1,6,534.6507624825318
511915,1,1,4,0.42645458358136
511923,1,1,1,541.103790522432
511933,1,1,4,0.42645458358136
511938,1,1,10,413.12450347424937
511942,1,1,6,409.35086723978407
511947,1,1,6,362.29040516130686
511950,1,1,9,855.6355803024181
511954,1,1,9,617.2025675617004
511969,1,1,5,0.42645457969393247
511974,1,1,9,845.8511522311197
511977,1,1,3,67.33294507831312
511990,1,1,9,597.8375960738325
512010,1,1,4,0.42645458358136
512017,1,1,3,37.28960243309759
512031,1,1,9,45.98487287304338
512039,1,1,6,773.3204826917873
512047,1,1,5,0.42645457969393247
512066,1,1,3,93.96739943307216
512084,1,1,9,486.74817573779956
512086,1,1,2,481.966334048363
512091,1,1,1,463.74297812803195
512116,1,1,1,470.9498854951603
512128,1,1,4,0.42645458358136
512131,1,1,9,18.651570822604487
512136,1,1,5,0.42645457969393247
512137,1,1,2,484.44682595998233
512151,1,1,1,215.70182116115828
512159,1,1,8,578.5458501513243
512164,1,1,4,0.42645458358136
512172,1,1,5,0.42645457969393247
512199,1,1,5,0.42645457969393247
512203,1,1,4,0.42645458358136
512212,1,1,4,0.42645458358136
512217,1,1,10,256.8702171954998
512226,1,1,9,513.9436576838801
512239,1,1,8,488.1223228329178
512249,1,1,1,515.7153182113615
512264,1,1,8,711.7009443810366
512266,0,1,0,0.25456596077167476
512269,1,1,10,422.472250900253
512281,1,1,8,930.0949934858369
512292,1,1,1,504.9080911169667
512315,1,1,8,805.0438726401524
512317,1,1,5,0.42645457969393247
512341,1,1,4,0.42645457969393247
512347,1,1,6,353.9177492689191
512352,1,1,5,0.42645457969393247
512354,1,1,5,0.42645457969393247
512365,1,1,2,424.1821267570117
512381,1,1,8,279.02378150569996
512397,1,1,8,353.27133999417435
512403,1,1,5,0.42645457969393247
512421,1,1,9,504.34823383897134
512423,1,1,10,264.88089628368834
512430,1,1,5,0.42645457969393247
512447,1,1,1,367.4907083135442
512457,1,1,6,453.54700251223835
512475,1,1,9,260.5406696673169
512496,1,1,8,438.5264320415236
512503,1,1,1,521.0395486570142
512533,1,1,5,0.42645457969393247
512535,1,1,6,606.1826955409721
512548,1,1,9,417.3544876014725
512551,1,1,6,638.5210601339527
512592,1,1,9,763.9576448927658
512609,1,1,4,0.42645458358136
512612,1,1,7,150.76018762314135
512621,1,1,9,530.1050300984434
512655,1,1,9,589.8858346660371
512656,1,1,6,759.0352755647375
512661,1,1,9,579.8957887444471
512663,1,1,9,89.95615881432524
512686,1,1,4,0.42645458358136
512690,1,1,1,544.2227432347346
512696,1,1,5,0.42645457969393247
512701,1,1,6,755.5345674083527
512702,1,1,4,0.42645458358136
512705,1,1,6,257.87077588044315
512706,1,1,8,637.0470736161305
512707,1,1,10,458.08565312635585
512712,1,1,10,699.1242755128029
512735,1,1,8,504.780049477892
512739,1,1,8,285.7719283732281
512745,1,1,9,846.3787418697933
512756,1,1,9,542.4430208685989
512767,1,1,7,108.57791284403899
512768,1,1,1,335.1455379230495
512770,1,1,9,470.2733225741847
512797,1,1,10,403.6379268846693
512810,1,1,10,460.3063932648965
512821,1,1,6,490.0548237486346
512822,1,1,9,209.96988710596017
512828,1,1,5,0.42645457969393247
512835,1,1,7,144.6892917809456
512841,1,1,8,830.8038770173804
512875,1,1,6,358.5357514092894
512880,1,1,6,453.8085341107464
512881,1,1,9,599.4489136970183
512888,1,1,9,344.1889959037889
512904,1,1,1,603.5399574352505
512936,1,1,4,0.42645458358136
512952,1,1,6,663.7349180530208
512954,1,1,2,313.15830163151173
512955,1,1,5,0.42645457969393247
512957,1,1,9,398.5438734173353
512965,1,1,3,92.05238510710893
512970,1,1,2,369.9668155699134
512981,1,1,9,693.0041735028873
512998,0,1,0,0.11581776088816065
513003,1,1,8,725.8785989108532
513013,1,1,1,201.34304996382255
513021,1,1,5,0.42645457969393247
513032,1,1,4,0.42645458358136
513041,1,1,7,155.85258649057116
513044,1,1,3,85.56402896390667
513074,1,1,4,0.42645458358136
513080,1,1,4,0.42645458358136
513097,1,1,10,312.8971167614518
513138,1,1,4,0.42645458358136
513155,1,1,10,175.2084072834501
513160,1,1,4,0.42645458358136
513169,1,1,7,110.32549772724393
513177,1,1,2,362.4624410874179
513180,1,1,5,0.42645457969393247
513182,1,1,9,687.9128049220463
513198,1,1,7,143.09281727344197
513209,1,1,5,0.42645457969393247
513221,1,1,4,0.42645458358136
513244,0,1,0,0.11389432348365654
513246,1,1,8,369.4111329362175
513250,0,1,0,0.1139942463326979
513251,1,1,10,437.07552241566674
513254,1,1,6,154.98318938709897
513281,1,1,8,868.6887815160875
513285,1,1,4,0.42645458358136
513287,1,1,7,148.50160273349263
513308,1,1,5,0.42645457969393247
513321,1,1,8,410.3697386208257
513337,1,1,10,636.6588535640532
513346,1,1,10,136.1332507351507
513347,1,1,7,66.0558211444154
513355,1,1,5,0.42645457969393247
513360,1,1,1,426.22489317673865
513364,1,1,7,164.41868902410135
513371,1,1,4,0.42645458358136
513396,1,1,8,765.5057360320142
513400,1,1,10,664.5580165432575
513413,1,1,3,83.77401722640099
513415,1,1,9,187.6463314384604
513416,1,1,4,0.42645458358136
513421,1,1,6,798.0231358696807
513422,1,1,8,157.99999641794557
513425,1,1,4,0.42645458358136
513428,1,1,3,91.93531958192412
513440,1,1,2,328.163302693961
513443,1,1,8,722.3087083112556
513466,1,1,9,482.88494962450767
513469,1,1,9,163.54073329728777
513470,1,1,1,632.4714747913226
513479,1,1,6,480.98251768419703
513483,1,1,10,720.9803145494188
513493,1,1,1,686.6535535313403
513494,1,1,9,407.46791102070915
513496,1,1,9,616.9069344752733
513508,0,1,0,0.15893944097913704
513520,1,1,5,0.42645457969393247
513522,1,1,5,0.42645457969393247
513543,1,1,6,782.7639945733786
513560,0,1,0,0.08815793242714207
513584,1,1,10,644.5656048809437
513586,1,1,5,0.42645457969393247
513601,1,1,5,0.42645457969393247
513615,1,1,1,755.1143062166648
513616,1,1,9,444.9637019113473
513619,1,1,5,0.42645457969393247
513667,1,1,9,554.8041137212098
513669,1,1,10,567.1645996449142
513676,1,1,4,0.42645458358136
513684,1,1,10,530.6598161351193
513692,1,1,9,390.3557353088778
513704,1,1,7,79.91071303834316
513706,1,1,4,0.42645458358136
513707,1,1,8,457.8590664304193
513713,1,1,4,0.42645458358136
513715,1,1,10,510.57861676902434
513716,1,1,7,74.58457426004128
513721,1,1,4,0.4264545919581291
513728,1,1,2,275.2787951803111
513747,1,1,5,0.42645457969393247
513748,1,1,5,0.42645457969393247
513767,1,1,8,298.7802516734842
513775,1,1,8,586.3495792485
513783,1,1,5,0.42645457969393247
513788,1,1,10,689.0228196033855
513798,1,1,5,0.42645457969393247
513813,1,1,4,0.42645458358136
513822,1,1,8,797.1511554793756
513844,1,1,4,0.42645458358136
513864,1,1,9,829.250720706201
513869,1,1,10,533.497998275172
513871,1,1,3,57.59067060753796
513874,1,1,8,651.7021536822198
513885,1,1,6,191.18559972080394
513898,1,1,9,604.3918097310767
513903,1,1,9,720.6934508124212
513917,1,1,2,462.80939042848564
513923,1,1,9,572.581109707459
513925,1,1,2,383.0704868616579
513929,1,1,4,0.42645458358136
513935,1,1,9,548.2796799727241
513936,1,1,1,596.8827180441064
513949,1,1,1,603.7571125714252
513982,1,1,8,869.1171136060341
513997,1,1,1,216.90336070878425
514011,1,1,4,0.42645458358136
514017,1,1,7,136.13857058423963
514021,1,1,2,198.32948697857097
514038,1,1,3,91.36231768934744
514042,1,1,9,434.64020368861776
514044,1,1,8,515.4296923729061
514054,1,1,4,0.42645458358136
514058,1,1,8,453.0256740526544
514061,1,1,7,174.72549941002723
514065,1,1,5,0.42645457969393247
514067,1,1,10,502.87587400854636
514098,1,1,10,124.64548514626206
514138,1,1,8,902.5463723799967
514152,1,1,2,99.33673956317293
514155,1,1,9,890.3306499130667
514158,1,1,5,0.42645457969393247
514169,1,1,6,735.5795914345936
514199,1,1,5,0.42645457969393247
514209,1,1,7,115.45297905292561
514233,1,1,4,0.42645458358136
514242,1,1,9,836.0821212800399
514246,1,1,5,0.42645457969393247
514252,1,1,8,555.4715926426449
514266,1,1,9,885.4405209836848
514275,1,1,4,0.42645458358136
514278,1,1,8,790.6824272795656
514281,1,1,5,0.42645457969393247
514284,1,1,4,0.42645458358136
514287,1,1,10,295.07164159748214
514305,1,1,4,0.42645458358136
514311,1,1,1,627.911061445379
514322,1,1,8,644.8119774068772
514324,1,1,9,451.4932448311059
514333,1,1,1,259.1606099007267
514335,1,1,4,0.42645458358136
514338,1,1,1,216.28537984066008
514351,1,1,10,721.6642656157508
514364,1,1,5,0.42645457969393247
514371,1,1,9,596.7515655668592
514389,1,1,4,0.42645458358136
514396,1,1,4,0.42645458358136
514403,1,1,10,243.95581122153246
514442,1,1,8,820.0090097854468
514446,1,1,3,68.22309048849924
514464,1,1,8,853.3863964657278
514466,1,1,5,0.42645457969393247
514469,1,1,9,118.79270088980778
514472,1,1,8,434.1402708497663
514479,1,1,5,0.42645457969393247
514482,1,1,9,826.3436689780723
514494,1,1,9,500.674711744634
514506,1,1,9,414.71424351591725
514514,1,1,9,887.100351583041
514515,1,1,4,0.42645458358136
514525,1,1,3,90.34794038562343
514539,1,1,6,321.95626212686415
514549,1,1,3,91.37670642153505
514551,1,1,8,212.3551283016707
514556,1,1,3,91.834347217874
514563,1,1,1,696.510183150446
514564,1,1,6,171.82192314631683
514570,1,1,9,552.5294611902362
514588,1,1,5,0.42645457969393247
514592,1,1,10,295.6977768664897
514598,1,1,5,0.42645457969393247
514604,1,1,7,141.66881985635305
514610,1,1,10,721.6754259642246
514628,1,1,8,657.6400435091382
514636,1,1,5,0.42645456789925423
514637,1,1,7,111.00676423256508
514639,1,1,9,528.7089054089232
514645,1,1,10,419.9191132201662
514647,1,1,7,112.41094282180846
514659,1,1,8,449.41844034537223
514669,1,1,5,0.42645457969393247
514670,1,1,10,681.0449069826788
514675,1,1,10,186.9508252332423
514676,1,1,6,583.0945361861446
514679,1,1,9,830.1335665804793
514691,1,1,9,477.5115581243814
514714,1,1,5,0.42645457969393247
514734,1,1,5,0.42645457969393247
514761,1,1,6,810.8417812890243
514763,1,1,8,417.6101896344321
514787,1,1,4,0.42645458358136
514790,1,1,9,467.3007457635484
514803,1,1,5,0.42645457969393247
514811,1,1,5,0.42645457969393247
514821,1,1,10,720.3774492319814
514849,1,1,9,460.102774372384
514850,1,1,9,867.6748029029982
514871,1,1,5,0.42645457969393247
514902,1,1,8,196.92019471780895
514906,1,1,5,0.42645457969393247
514922,1,1,7,152.4815541142987
514925,1,1,5,0.42645457969393247
514948,1,1,4,0.42645458358136
514969,1,1,6,140.17720264113186
514971,1,1,5,0.42645457969393247
514972,1,1,10,366.3978825877827
514983,1,1,1,455.6476236964996
514984,1,1,8,628.0550650440205
514988,1,1,6,810.9687104435667
514993,1,1,8,278.874152470299
514997,1,1,4,0.42645458358136
515001,1,1,9,608.4824348906577
515020,1,1,4,0.42645458358136
515047,1,1,4,0.42645458358136
515059,1,1,6,445.99284219700706
515062,1,1,6,556.0354181090516
515071,1,1,6,336.54903220035027
515079,1,1,9,834.1957364551344
515082,1,1,9,504.27730906945794
515103,1,1,9,489.0947233215808
515112,1,1,10,162.4022561584625
515117,1,1,9,384.3067183856736
515126,1,1,5,0.42645457969393247
515128,1,1,9,489.3033513383296
515147,1,1,8,265.666108938788
515177,1,1,5,0.42645457969393247
515180,1,1,10,638.7619402885489
515185,1,1,1,749.0372690136984
515192,1,1,6,390.32195647581295
515208,1,1,10,274.83692531226524
515213,1,1,2,482.24091571941483
515216,1,1,5,0.42645457969393247
515225,1,1,6,157.69397493055973
515226,1,1,10,412.05597859953076
515229,1,1,10,364.5193956186861
515255,1,1,6,568.6697483067455
515272,1,1,9,430.64169125813095
515275,1,1,8,742.2303190809041
515277,1,1,3,90.57695578554032
515280,1,1,8,451.7833060075804
515290,1,1,9,720.7969324053436
515298,1,1,4,0.42645458358136
515300,1,1,8,564.9318400720719
515308,1,1,10,712.3334106844055
515310,1,1,6,504.81184809849435
515318,1,1,9,794.8109961308645
515322,1,1,9,500.8507581222711
515324,1,1,6,805.8088550613661
515327,1,1,3,59.05604593535981
515338,1,1,7,16.727593990010334
515346,1,1,4,0.42645458358136
515350,1,1,5,0.42645457969393247
515372,1,1,10,234.96980480113476
515387,1,1,6,394.8323956015587
515397,1,1,5,0.42645457969393247
515466,1,1,6,562.8200923644388
515477,1,1,9,838.3553010193559
515478,1,1,4,0.42645458358136
515481,1,1,9,386.891808029629
515482,1,1,5,0.42645457969393247
515496,1,1,5,0.42645457969393247
515504,1,1,5,0.42645457969393247
515508,1,1,5,0.42645457969393247
515514,1,1,1,517.3883967302122
515537,1,1,4,0.42645458358136
515538,1,1,6,441.54485506780486
515580,1,1,4,0.42645458358136
515582,1,1,3,89.72540523423275
515589,1,1,8,834.7670152241108
515594,1,1,1,426.7551179423643
515604,1,1,8,830.0720805612103
515616,1,1,4,0.42645458358136
515618,1,1,6,740.6584666470762
515621,1,1,10,299.15255880202847
515637,1,1,4,0.42645458358136
515638,1,1,9,673.1924724563787
515642,1,1,2,217.26922684995583
515643,1,1,5,0.42645457969393247
515652,1,1,5,0.42645457969393247
515671,1,1,9,576.7135856890698
515676,1,1,9,310.5974437084083
515679,1,1,10,418.91480216083244
515687,1,1,8,782.0793400910393
515707,1,1,8,637.1985287718005
515711,1,1,10,652.8361397667754
515714,1,1,3,93.03960918190336
515727,1,1,8,567.2142615556862
515729,1,1,9,441.2859838427097
515752,1,1,9,709.434851454094
515767,1,1,6,792.805052143714
515771,1,1,4,0.42645458358136
515780,1,1,5,0.42645457969393247
515820,1,1,10,661.7487508346884
515835,1,1,5,0.42645457969393247
515852,1,1,8,854.0428620501315
515858,1,1,7,62.70547678881926
515867,1,1,7,68.84336614324818
515871,1,1,1,490.1085769864603
515920,1,1,5,0.42645457969393247
515955,1,1,5,0.42645457969393247
515963,1,1,9,278.86128014996916
515977,1,1,8,928.0547774757378
515998,1,1,9,850.0281258325058
515999,1,1,10,536.6297380541456
516003,1,1,9,855.6978233417547
516011,1,1,6,698.252577992841
516013,1,1,9,292.63763572461346
516037,1,1,9,272.5696381624123
516038,1,1,6,515.6086724619098
516046,1,1,9,843.07316543387
516049,1,1,9,542.8495516473923
516053,1,1,6,595.0384440329154
516063,1,1,9,456.0077249402768
516077,1,1,8,373.4627377780107
516080,1,1,5,0.42645457969393247
516102,1,1,5,0.42645457969393247
516107,1,1,5,0.42645457969393247
516134,1,1,9,418.73616034213757
516138,1,1,9,813.2644774610629
516149,1,1,7,48.67235985801786
516157,1,1,3,83.33226888587328
516160,1,1,4,0.42645458358136
516162,1,1,9,344.235823518155
516167,1,1,9,519.2199656567473
516178,1,1,10,370.0464716594571
516183,1,1,9,711.1688045953139
516188,1,1,10,454.3914110581129
516190,1,1,9,787.897066240026
516206,1,1,9,844.8337467637275
516211,1,1,2,249.61603839137157
516212,1,1,6,664.6813272423288
516217,1,1,1,599.9238032756751
516228,1,1,4,0.42645458358136
516241,1,1,9,293.6405254232512
516255,0,1,0,0.13056186103185682
516256,1,1,5,0.42645457969393247
516257,1,1,4,0.42645457969393247
516264,1,1,4,0.42645458358136
516265,1,1,5,0.42645457969393247
516269,1,1,3,36.81264795917782
516274,1,1,9,803.2455852865586
516275,1,1,9,644.7939739748505
516282,1,1,9,759.5120309504169
516284,1,1,9,822.5365944525462
516301,1,1,5,0.42645457969393247
516307,1,1,9,880.6822848176205
516340,1,1,8,417.4314510319446
516343,1,1,9,350.83069969640223
516344,1,1,5,0.42645457969393247
516349,1,1,8,639.6335598325613
516365,1,1,6,409.1264500131309
516373,1,1,6,395.0461560060633
516381,1,1,10,722.4519991164402
516387,1,1,10,603.6623797382194
516390,1,1,6,629.102628139973
516413,1,1,4,0.42645458358136
516420,1,1,4,0.42645458358136
516421,1,1,10,716.1149416102161
516426,1,1,4,0.42645458358136
516432,1,1,5,0.42645457969393247
516448,1,1,9,549.3164738195981
516450,1,1,7,91.45867198098722
516455,1,1,1,757.8248580809461
516466,1,1,10,537.7298647155659
516505,1,1,9,196.21919023744718
516517,1,1,5,0.42645456789925423
516526,1,1,9,771.6784146252237
516532,1,1,5,0.42645457969393247
516566,1,1,6,362.1011299479098
516574,1,1,8,829.8838706802233
516577,1,1,10,109.84581567063928
516585,1,1,6,638.5751663566807
516588,1,1,4,0.42645458358136
516597,1,1,5,0.42645457969393247
516607,1,1,6,537.5413923352942
516630,1,1,8,919.8492987702413
516644,1,1,6,807.1920858507603
516657,1,1,8,739.6274821653639
516659,1,1,6,667.8885473147717
516666,1,1,10,539.0534366970919
516667,1,1,6,721.4952969015645
516680,1,1,6,769.596449433535
516685,1,1,9,272.32038788788316
516690,1,1,8,505.32931685941617
516692,1,1,8,321.0519492408427
516705,1,1,6,495.3361360553051
516714,1,1,5,0.42645457969393247
516716,1,1,3,50.87832276071275
516718,1,1,9,861.8513759545423
516722,1,1,9,716.2153681113678
516729,1,1,9,878.4301094546994
516738,1,1,5,0.42645457969393247
516745,1,1,4,0.42645458358136
516751,1,1,4,0.42645458358136
516771,1,1,1,384.02415943721644
516780,1,1,4,0.42645458358136
516793,1,1,1,558.5076466941192
516798,1,1,8,308.18116454550255
516812,1,1,5,0.42645456789925423
516825,1,1,2,330.112630431341
516828,1,1,9,422.5823346804874
516829,1,1,6,624.188822887846
516836,1,1,9,319.22192096666384
516840,1,1,5,0.42645457969393247
516864,1,1,9,515.1252413894207
516877,1,1,8,518.8964298487178
516886,1,1,8,843.8195745150921
516897,1,1,6,759.3070489798266
516906,1,1,1,379.1091812334794
516907,1,1,2,268.0053110470237
516908,1,1,7,85.69012847677593
516915,1,1,8,817.5119108881671
516937,1,1,8,592.1984807584762
516950,1,1,4,0.42645458358136
516953,1,1,6,366.4485937925248
516963,1,1,8,734.9633417899187
516966,1,1,9,440.79934190951377
516983,1,1,4,0.42645458358136
516996,1,1,7,110.0964163679261
516998,1,1,9,607.6150238038814
517028,1,1,4,0.42645458358136
517036,1,1,8,384.8371304696344
517043,1,1,10,293.15909213431235
517057,1,1,5,0.42645457969393247
517062,1,1,3,93.73150634927028
517085,1,1,5,0.42645457969393247
517091,1,1,8,870.993155522217
517109,1,1,9,79.23055687211958
517117,1,1,6,433.28840514395006
517128,1,1,8,523.4936137556331
517140,1,1,2,482.4606857490524
517155,1,1,8,543.1112158312955
517182,1,1,1,509.0314168686764
517188,1,1,4,0.42645458358136
517197,1,1,9,503.62842664477347
517204,1,1,5,0.42645457969393247
517219,1,1,9,881.3517929657997
517225,1,1,4,0.42645458358136
517244,1,1,8,920.6082007637801
517277,1,1,5,0.42645457969393247
517278,1,1,8,370.4946363144614
517283,1,1,5,0.42645457969393247
517289,1,1,5,0.42645457969393247
517294,1,1,8,278.6258381835321
517318,1,1,8,494.53780558646497
517335,1,1,4,0.42645458358136
517342,1,1,4,0.42645458358136
517357,1,1,10,428.240020414851
517366,1,1,6,782.5532224653206
517372,1,1,8,356.7089321084188
517392,1,1,6,447.8140344547962
517423,1,1,5,0.42645457969393247
517474,1,1,5,0.42645457969393247
517500,1,1,9,722.912091893982
517502,1,1,7,160.78973189327527
517542,1,1,9,732.5884728302523
517549,1,1,6,774.2003088249087
517567,1,1,9,271.3809536535554
517568,1,1,4,0.42645458358136
517580,1,1,9,624.2262536283688
517583,1,1,10,502.0165809484152
517593,1,1,9,286.2684840894898
517596,1,1,9,565.1824739677643
517603,1,1,5,0.42645457969393247
517618,1,1,3,92.51030905170819
517625,1,1,5,0.42645457969393247
517627,1,1,6,496.5936733815645
517629,1,1,6,439.4179806797518
517651,1,1,8,741.6780802323714
517656,1,1,5,0.42645457969393247
517667,1,1,8,697.7552680221794
517672,1,1,7,82.32761067473956
517681,1,1,10,372.2315744617987
517693,1,1,7,78.36874683236115
517701,1,1,10,391.4914174834968
517727,1,1,6,778.2080344447617
517728,1,1,8,830.3752042273594
517737,1,1,9,819.7215981450911
517755,1,1,4,0.42645458358136
517759,1,1,9,210.4787440373616
517790,1,1,6,783.3231617436744
517794,1,1,9,236.16777039584105
517798,1,1,6,260.24131329778214
517805,1,1,9,512.2723922423841
517812,1,1,10,693.894669987792
517820,1,1,5,0.42645457969393247
517823,1,1,8,678.3458460319957
517833,1,1,9,437.80831453056584
517863,1,1,1,232.2426966762419
517883,1,1,5,0.42645457969393247
517895,1,1,5,0.42645457969393247
517903,1,1,4,0.42645458358136
517914,1,1,8,618.0784881992746
517919,1,1,10,215.81875983447594
517934,1,1,8,572.939042528496
517945,1,1,10,498.45507025314674
517968,1,1,9,762.5591158440598
517973,1,1,8,765.5184213985438
517992,1,1,8,134.4921160515189
517997,1,1,8,513.7944261511657
518008,1,1,8,236.8545347807057
518009,1,1,8,204.73394520305732
518022,1,1,7,137.6714214336665
518025,1,1,9,209.5621078015079
518028,0,1,0,0.12401563656710737
518034,1,1,6,222.63914520178724
518035,1,1,8,594.1499856328327
518047,1,1,3,88.07639934210651
518050,1,1,8,576.7468262648507
518053,1,1,5,0.42645457969393247
518059,1,1,4,0.42645458358136
518088,0,1,0,0.11277898765170702
518094,1,1,9,492.2302414158932
518095,1,1,9,315.3587632982056
518098,1,1,1,292.8252017422441
518110,1,1,4,0.42645458358136
518118,1,1,8,627.804827720387
518133,1,1,9,220.0184808934094
518142,1,1,6,340.00222243948366
518152,1,1,9,558.524884685597
518169,1,1,6,179.88659455385948
518189,1,1,6,617.9314977860765
518201,1,1,9,586.6348528562619
518204,1,1,4,0.42645458358136
518211,1,1,1,311.6492680123831
518215,1,1,9,797.1037059248708
518216,1,1,5,0.42645456789925423
518220,1,1,5,0.42645457969393247
518257,1,1,1,256.85811294540105
518261,1,1,7,154.38493714670486
518272,1,1,10,718.8269884851961
518292,1,1,9,68.91351299422219
518301,1,1,4,0.42645458358136
518304,1,1,4,0.42645458358136
518312,1,1,1,515.2846154766319
518332,1,1,10,529.6402292469771
518338,1,1,8,624.2020627769624
518346,1,1,4,0.42645458358136
518361,1,1,2,408.4540247337201
518363,1,1,1,588.2853291569535
518364,1,1,9,606.9113015766862
518373,1,1,9,575.8707392259595
518387,1,1,7,66.61976739122866
518395,1,1,4,0.42645458358136
518398,1,1,6,255.5324960183504
518414,1,1,7,15.278565798197548
518423,1,1,5,0.42645457969393247
518428,1,1,5,0.42645457969393247
518430,1,1,8,912.7299154114542
518432,1,1,5,0.42645457969393247
518435,1,1,5,0.42645457969393247
518436,1,1,9,222.57903514956408
518437,1,1,9,285.27518117966736
518438,1,1,6,643.1086105071577
518445,1,1,10,264.76083080795536
518449,1,1,9,135.29979728557555
518463,1,1,2,133.0082068893069
518466,1,1,8,722.66440373301
518475,1,1,1,758.4692983577996
518482,1,1,5,0.42645457969393247
518506,1,1,1,491.71534339431264
518507,1,1,1,712.8731309427329
518516,1,1,6,798.7261287455025
518535,1,1,6,495.2124265159668
518537,1,1,9,875.2873906261162
518540,1,1,4,0.42645458358136
518546,1,1,4,0.42645458358136
518547,1,1,1,458.6682872768144
518603,1,1,6,535.9147797449489
518606,1,1,6,614.6704704244663
518617,1,1,9,395.5768391035519
518627,1,1,6,741.0384193215801
518644,1,1,9,891.3584421038789
518649,1,1,4,0.42645458358136
518666,1,1,8,274.3887611968211
518677,1,1,10,386.79056366004977
518704,1,1,9,259.60671178903215
518722,1,1,9,324.3084724803797
518729,1,1,4,0.42645458358136
518747,1,1,10,696.0286624101795
518753,1,1,2,305.6201809879892
518761,1,1,4,0.42645458358136
518768,1,1,7,112.54803132813069
518770,1,1,4,0.42645458358136
518810,1,1,6,802.7435339041693
518816,1,1,4,0.42645458358136
518852,1,1,6,393.35580935939595
518863,1,1,5,0.42645457969393247
518868,1,1,9,303.7170472596948
518871,1,1,7,76.53652972318878
518892,1,1,6,803.2778027436606
518906,1,1,10,631.3432598942575
518909,1,1,6,802.4502329104209
518912,1,1,5,0.42645457969393247
518914,1,1,8,232.19070888185135
518916,1,1,9,364.090240623615
518918,1,1,6,776.6845041301965
518935,1,1,6,769.9453184851495
518949,1,1,4,0.42645458358136
518957,1,1,3,89.22181167594641
518975,1,1,4,0.42645458358136
518997,1,1,5,0.42645457969393247
519005,1,1,9,292.0290101487319
519028,1,1,1,261.7151484326597
519047,1,1,7,82.42693290812095
519053,1,1,9,485.38061727910673
519086,1,1,8,868.6386232517277
519096,1,1,4,0.42645458358136
519100,1,1,9,289.1636938406526
519109,1,1,10,723.2191763689041
519114,1,1,9,537.402639543057
519126,1,1,8,307.3343899512936
519129,1,1,8,373.7292691075721
519148,1,1,1,719.5534811168001
519149,1,1,4,0.42645458358136
519160,1,1,10,485.8915037956503
519166,1,1,10,427.6777650379722
519170,1,1,2,398.6388098133472
519185,1,1,6,420.6484960401211
519192,1,1,4,0.42645458358136
519198,1,1,7,117.84785402390389
519202,1,1,9,356.14382970485985
519211,1,1,4,0.4264545919581291
519215,1,1,8,555.293364046894
519227,1,1,1,236.21399793464226
519262,1,1,5,0.42645457969393247
519266,1,1,5,0.42645457969393247
519269,1,1,5,0.42645457969393247
519285,1,1,8,780.1502977384486
519293,1,1,10,346.8490770700357
519323,1,1,9,865.4931911632275
519348,1,1,8,644.5742204448495
519358,1,1,5,0.42645457969393247
519363,1,1,9,599.211405120696
519378,1,1,8,728.6309655849209
519395,1,1,6,448.8337685315063
519398,1,1,6,788.7690699128044
519407,1,1,8,449.90185017650776
519420,1,1,4,0.42645458358136
519421,1,1,8,541.0912702562275
519427,1,1,1,607.5563255328148
519437,1,1,4,0.42645458358136
519444,1,1,2,287.0472506583396
519445,1,1,9,500.8357226394434
519450,1,1,9,596.6955841486847
519459,1,1,10,327.3299091367338
519497,1,1,2,390.21578096168633
519521,1,1,9,297.5005210389
519522,1,1,8,486.8956959551103
519523,1,1,9,536.2632121999351
519539,1,1,8,348.29000835996453
519582,1,1,1,422.006631704119
519586,1,1,8,358.14947573112084
519592,1,1,2,327.0382368835306
519615,1,1,8,320.87643239997533
519624,1,1,5,0.42645457969393247
519625,1,1,7,78.21410211911534
519626,1,1,9,837.8040741425895
519635,1,1,1,380.6279019024291
519641,1,1,8,927.9329915818602
519643,1,1,6,549.3018542942725
519654,1,1,9,268.7703920317558
519655,1,1,8,563.349209059311
519664,1,1,1,532.4296965875383
519667,1,1,1,684.7039714924758
519685,1,1,9,861.1282762689013
519735,1,1,8,204.86029967003932
519742,1,1,9,747.5753054773231
519773,1,1,10,449.30960217780677
519774,1,1,6,688.6553453903573
519796,1,1,9,482.077902557807
519814,1,1,5,0.42645457969393247
519832,1,1,8,616.1542703336572
519847,1,1,3,89.48727977088672
519854,1,1,6,551.9914483305804
519864,1,1,8,354.0175259946883
519872,1,1,1,523.2654939939923
519873,1,1,10,257.2259554524471
519885,1,1,7,171.276124505539
519905,1,1,3,77.23006470996071
519917,1,1,6,672.5929975241662
519924,1,1,4,0.42645458358136
519925,1,1,9,450.7205023378594
519933,1,1,7,143.54571951744902
519973,1,1,5,0.42645457969393247
519987,1,1,4,0.4264545919581291
520013,1,1,2,220.01073080234838
520035,1,1,10,436.6693917768931
520041,1,1,9,478.910036539536
520052,1,1,1,528.4109292465079
520055,1,1,2,218.19860542774182
520069,1,1,2,54.603028292074406
520070,1,1,9,854.6722533651666
520074,1,1,8,769.644922132721
520092,1,1,6,530.0319277300885
520108,1,1,5,0.42645457969393247
520114,1,1,4,0.42645458358136
520124,1,1,8,761.7401373995714
520143,1,1,6,559.1453708118142
520151,1,1,6,663.1949190321279
520162,1,1,10,176.66524187918264
520164,1,1,7,165.89903026078272
520167,1,1,9,583.681674105893
520175,1,1,1,545.2633018794082
520178,1,1,1,501.8653129263912
520183,1,1,6,379.79517834534096
520191,1,1,2,316.14509972972024
520200,1,1,10,399.3489074985228
520206,1,1,8,822.501081991053
520207,1,1,8,475.51185607282184
520209,1,1,4,0.42645458358136
520213,1,1,10,647.3560623503076
520220,1,1,8,830.4679922433877
520221,1,1,10,460.2189891108576
520227,1,1,8,381.1179624431295
520251,1,1,7,172.55213738327794
520254,1,1,8,486.5537364367139
520262,1,1,6,729.9037614809755
520263,1,1,8,835.2739220695837
520284,1,1,4,0.42645458358136
520292,1,1,4,0.42645458358136
520293,1,1,7,139.25111176389424
520319,1,1,1,530.630762792449
520324,1,1,5,0.42645457969393247
520331,1,1,6,690.8404689682685
520335,1,1,10,317.02984504130507
520337,1,1,1,573.7079361804183
520352,1,1,5,0.42645457969393247
520354,1,1,9,473.6971607248213
520357,1,1,6,403.3654830583547
520359,1,1,10,267.80214715773167
520361,1,1,5,0.42645457969393247
520386,1,1,2,278.4162028309615
520392,1,1,8,636.9048758332063
520394,1,1,7,173.7266134870874
520409,1,1,2,331.3011832571026
520434,1,1,6,193.32752647212862
520441,1,1,6,377.80333503002015
520446,1,1,4,0.42645458358136
520460,1,1,9,875.4974860523139
520462,1,1,1,342.3029372262144
520469,1,1,9,689.6094821422319
520470,1,1,5,0.42645457969393247
520479,1,1,9,884.9925344277178
520480,1,1,6,429.83381035065753
520508,1,1,9,238.17707077742136
520513,1,1,5,0.42645457969393247
520518,1,1,5,0.42645457969393247
520540,1,1,5,0.42645457969393247
520542,1,1,10,721.9528247688397
520588,1,1,9,375.4248467156685
520600,1,1,5,0.42645457969393247
520614,1,1,6,129.45081380009512
520617,1,1,5,0.42645457969393247
520619,1,1,9,270.3418076740383
520623,1,1,5,0.42645457969393247
520627,1,1,7,86.02310553182748
520628,1,1,9,628.3405239413491
520644,1,1,9,472.03162002759115
520686,1,1,9,233.80175129768597
520689,1,1,8,661.8086779209794
520709,1,1,4,0.42645458358136
520740,1,1,1,426.4717057934665
520745,1,1,4,0.42645458358136
520762,1,1,9,483.28222253671333
520765,1,1,8,281.061263320728
520773,1,1,6,506.2138774407109
520783,1,1,4,0.42645458358136
520785,1,1,5,0.42645457969393247
520794,1,1,4,0.42645458358136
520802,1,1,3,89.78743689006134
520803,1,1,2,306.8105971671156
520810,1,1,10,187.27470249468888
520812,1,1,9,607.1469170761766
520817,1,1,4,0.42645458358136
520828,1,1,6,326.35021241770124
520829,1,1,8,196.0982223739306
520833,1,1,4,0.42645458358136
520836,1,1,6,764.4808272680723
520837,1,1,6,447.57069169302713
520851,1,1,10,249.82602920290879
520857,1,1,9,815.57299528208
520877,1,1,4,0.4264545919581291
520878,1,1,2,426.18936408544795
520880,1,1,6,790.6683187374392
520890,1,1,9,630.1071935894485
520900,1,1,2,408.4387255084737
520914,1,1,3,94.32075004651914
520916,1,1,5,0.42645457969393247
520917,1,1,10,465.54493195016227
520918,1,1,5,0.42645457969393247
520935,0,1,0,0.11864297281664664
520953,1,1,6,800.1594415805187
520966,1,1,5,0.42645457969393247
520980,1,1,7,46.13591853458801
520990,1,1,9,358.3420607304408
520996,1,1,9,593.246657045333
520998,1,1,9,481.9508746892836
521012,1,1,8,753.2043363985475
521022,1,1,9,672.1342266539484
521028,1,1,10,459.1045109254698
521033,0,1,0,0.12706283994040607
521040,1,1,2,260.0113142053416
521045,1,1,1,221.10663397302864
521047,1,1,7,85.77670676456304
521061,1,1,1,450.5296285753311
521066,1,1,6,742.0669578215058
521096,1,1,8,830.4917118909419
521105,1,1,8,704.9069773944343
521110,1,1,9,339.51380948274806
521147,1,1,4,0.42645458358136
521165,1,1,8,156.89175608607067
521182,1,1,10,576.0389872839224
521205,1,1,10,720.3002126221695
521207,1,1,8,468.7478499974762
521214,1,1,8,153.9838462018173
521215,1,1,10,334.3646326868669
521216,1,1,7,146.63475549749649
521231,1,1,10,398.82943732355443
521234,1,1,9,810.2149339619393
521237,1,1,10,628.2141823351185
521254,1,1,8,753.8266479685399
521256,1,1,9,633.8389278111824
521271,1,1,5,0.42645457969393247
521273,1,1,9,556.4811738792262
521275,1,1,10,459.9438823443032
521285,1,1,6,556.566106041532
521286,1,1,7,0.7284145965452432
521294,1,1,6,619.1841238142175
521322,1,1,8,770.367553377668
521325,1,1,5,0.42645457969393247
521337,1,1,8,777.8275145980019
521382,1,1,3,56.612885738187465
521393,1,1,2,476.39481436084486
521399,1,1,8,158.16539133290775
521417,1,1,4,0.42645458358136
521419,1,1,5,0.42645457969393247
521427,1,1,8,731.7285169708331
521434,1,1,9,528.0175036336894
521440,1,1,9,792.083279186335
521471,1,1,9,663.6418593365697
521477,1,1,6,333.0463207674774
521483,1,1,7,142.06937806535151
521485,1,1,8,780.1455106471361
521489,1,1,10,507.2725385853483
521503,1,1,9,845.6671342829884
521506,1,1,5,0.42645456789925423
521510,1,1,4,0.42645458358136
521511,1,1,10,711.6553235625171
521516,1,1,9,533.3741493355386
521524,1,1,1,426.0075392842858
521556,1,1,5,0.42645457969393247
521558,1,1,3,76.42750699856379
521565,1,1,10,243.50866373052784
521579,1,1,6,238.98885422281265
521583,1,1,9,459.7581342441399
521602,1,1,4,0.42645458358136
521604,1,1,8,397.1663917113207
521610,1,1,5,0.42645457969393247
521611,1,1,8,301.81065383125224
521616,1,1,4,0.42645458358136
521618,1,1,10,722.228761367899
521634,1,1,10,608.4094932896312
521649,1,1,5,0.42645457969393247
521653,1,1,1,235.4762552157339
521673,1,1,4,0.42645458358136
521675,1,1,5,0.42645457969393247
521687,1,1,7,158.14165528059047
521700,1,1,3,80.97981376754467
521708,1,1,3,91.010477166278
521718,1,1,5,0.42645457969393247
521729,1,1,10,677.7207235080223
521732,1,1,7,162.2549050826535
521734,1,1,9,788.4528719296771
521759,1,1,9,561.2937808201476
521760,1,1,5,0.42645457969393247
521782,1,1,8,597.1207641708753
521804,1,1,9,373.0566316247528
521806,1,1,4,0.4264545919581291
521837,1,1,9,582.632632411087
521867,1,1,6,536.0110677024594
521881,1,1,10,659.6542790163513
521885,1,1,8,460.96125327125526
521891,1,1,8,845.3360500795604
521895,1,1,5,0.42645457969393247
521903,1,1,6,249.68135434726582
521908,1,1,6,652.9204533709338
521931,1,1,6,187.7467049792342
521958,1,1,6,355.28988732307033
521965,1,1,6,776.6178872759759
521968,1,1,9,447.2352066609882
521985,1,1,6,427.67563045998907
522002,1,1,5,0.42645457969393247
522015,1,1,9,687.8476316877038
522046,1,1,2,303.8802140232276
522057,1,1,5,0.42645457969393247
522061,1,1,10,609.0579552180097
522074,1,1,10,546.0676510166071
522080,1,1,4,0.42645458358136
522097,1,1,4,0.42645458358136
522101,1,1,5,0.42645457969393247
522110,1,1,7,159.28477039590638
522156,1,1,3,90.2083056121352
522161,1,1,4,0.42645458358136
522173,1,1,5,0.42645457969393247
522176,1,1,4,0.42645458358136
522184,1,1,5,0.42645457969393247
522199,1,1,4,0.42645458358136
522205,1,1,6,236.10757267792596
522212,0,1,0,0.11524663730621694
522218,1,1,2,268.64163280722244
522223,1,1,6,520.4596534501298
522232,1,1,3,90.77519202061038
522233,1,1,10,304.68897109018883
522244,1,1,5,0.42645457969393247
522265,1,1,9,375.44302525327595
522277,1,1,7,99.17694951876257
522280,1,1,4,0.42645458358136
522310,1,1,8,614.2626260458449
522325,1,1,1,604.625439514214
522336,1,1,8,732.0703061754405
522359,1,1,10,720.9636818031826
522420,1,1,10,365.6403506864031
522425,1,1,10,261.0639392343454
522432,1,1,9,375.65719923165506
522433,1,1,8,405.75644436460215
522448,1,1,4,0.42645458358136
522463,1,1,2,301.7934569509091
522482,1,1,10,107.11296219775086
522493,1,1,10,458.93832877556616
522495,1,1,9,556.6586737249395
522507,1,1,4,0.42645458358136
522519,1,1,8,865.9416959152948
522524,1,1,3,89.35289215357909
522534,1,1,2,234.6066114629326
522546,1,1,3,81.89171845858985
522579,1,1,8,360.6119411383173
522591,1,1,6,423.7189740110457
522594,1,1,2,458.75545871729884
522597,1,1,7,169.81156421600738
522605,1,1,5,0.42645457969393247
522609,1,1,8,289.8530641339334
522612,1,1,4,0.4264545919581291
522627,1,1,8,238.12334620463102
522632,1,1,10,511.2624216040453
522635,1,1,3,79.75767293525267
522645,1,1,6,543.3685621320028
522654,1,1,9,611.6318841467834
522666,1,1,5,0.42645457969393247
522683,1,1,1,568.8215685580677
522692,1,1,5,0.42645457969393247
522726,1,1,7,9.34254159207798
522750,1,1,8,516.938169579019
522758,1,1,2,441.42038129462986
522760,1,1,6,789.1231176738956
522778,1,1,7,90.35915018414319
522783,1,1,8,800.2362638474933
522804,1,1,3,87.21293593542651
522807,1,1,3,91.07069037862844
522811,1,1,8,286.4274452514182
522825,0,1,0,0.11088091700323979
522839,1,1,1,222.45977430863246
522843,1,1,9,657.4600032132114
522846,1,1,4,0.42645458358136
522847,1,1,1,637.457051509836
522852,1,1,1,208.75783820298125
522854,1,1,1,729.2345552486313
522862,1,1,8,345.5085922409209
522865,1,1,4,0.42645458358136
522867,1,1,9,620.5311138885802
522878,1,1,9,627.9908195941367
522887,1,1,9,250.99664735113245
522903,1,1,8,905.3655272520875
522914,1,1,6,647.5842654470312
522945,1,1,8,519.0382764995488
522950,1,1,5,0.42645457969393247
522954,1,1,2,204.0292109431005
522955,1,1,6,793.9269786524247
522965,1,1,1,564.9914804608352
522968,1,1,6,228.9992460732829
522984,1,1,1,748.1797830452597
522986,1,1,9,57.77551143510598
523005,1,1,5,0.42645457969393247
523039,1,1,1,198.746483699337
523082,1,1,1,194.64374027619112
523084,1,1,3,92.50006055629211
523093,1,1,4,0.42645458358136
523096,1,1,7,71.9243349764062
523101,1,1,9,503.5113536053401
523104,1,1,3,85.37716549023075
523110,1,1,3,72.5611738043458
523111,1,1,6,784.285849202471
523115,1,1,7,76.27939268278995
523138,1,1,5,0.42645457969393247
523147,1,1,4,0.42645458358136
523150,1,1,9,795.3815030114821
523165,1,1,3,86.58031172825338
523166,1,1,1,516.8522221317078
523179,1,1,8,130.68965293351195
523181,1,1,7,79.22538007990273
523204,1,1,5,0.42645457969393247
523207,1,1,9,540.098274787479
523217,1,1,9,624.1208757470417
523236,1,1,9,692.7501928656416
523237,1,1,6,800.0777377342905
523244,1,1,7,97.84461100796267
523248,1,1,9,599.1042214588244
523261,1,1,3,89.06812144640135
523270,1,1,8,646.2730188083964
523277,1,1,4,0.42645458358136
523282,1,1,6,764.5381982629576
523290,1,1,8,593.5353453982164
523296,1,1,5,0.42645457969393247
523306,1,1,6,802.3699408723884
523315,1,1,10,316.3729168186288
523319,1,1,4,0.42645458358136
523322,1,1,10,623.623553052436
523325,1,1,8,308.53720436667896
523326,1,1,8,246.95427041267018
523330,1,1,10,721.0683342747742
523331,1,1,6,779.3142096586923
523347,1,1,1,653.8903580348663
523366,1,1,5,0.42645457969393247
523376,1,1,8,890.4547972408426
523377,1,1,10,457.68764431410654
523382,1,1,10,674.3139056171931
523391,1,1,3,87.1123101051566
523399,1,1,8,849.6230237899828
523412,1,1,1,178.47179767600065
523441,1,1,8,238.2000056202108
523457,1,1,10,468.41121006078225
523478,1,1,8,525.4809819918545
523507,1,1,9,703.6882320649194
523561,1,1,5,0.42645457969393247
523562,1,1,8,647.3214889221379
523563,1,1,9,325.62206361198133
523566,1,1,6,752.0060676366688
523567,1,1,5,0.42645456789925423
523588,1,1,4,0.4264545919581291
523589,1,1,7,37.50578609226435
523591,1,1,10,705.8231024161178
523603,1,1,9,619.1080220166117
523615,1,1,9,217.0854771046374
523620,1,1,9,505.65933575920036
523631,1,1,9,652.8876043745727
523639,1,1,2,209.23203325633892
523641,1,1,9,444.2577517156724
523657,1,1,10,720.4548206324632
523658,1,1,8,452.9774675449247
523663,1,1,4,0.42645458358136
523673,1,1,6,558.2006205700161
523686,1,1,2,442.81105880393983
523688,1,1,2,257.27887055780093
523730,1,1,6,549.9805383025041
523743,1,1,1,600.4927780634258
523762,1,1,10,404.26979829663094
523765,1,1,7,120.58037726410979
523784,1,1,8,753.2934237494495
523796,1,1,4,0.42645458358136
523797,1,1,3,87.08034746003501
523801,1,1,3,93.01902001455665
523802,1,1,8,687.0823492719492
523821,1,1,9,486.85702174887234
523837,1,1,6,628.8545009547178
523846,1,1,9,607.0301914751774
523872,1,1,5,0.42645457969393247
523888,1,1,4,0.42645458358136
523903,1,1,5,0.42645457969393247
523904,1,1,5,0.42645457969393247
523908,1,1,7,132.32240604646708
523913,1,1,6,145.17644720518604
523914,1,1,6,643.097967453726
523916,1,1,7,160.56552179147906
523924,1,1,6,764.4958951876488
523948,1,1,8,786.1324766767137
523953,1,1,5,0.42645457969393247
523960,1,1,9,585.9872234667332
523962,1,1,8,557.4941719235106
523971,1,1,4,0.42645458358136
524012,1,1,10,574.6809393661617
524017,1,1,9,433.8257891684988
524023,1,1,9,281.93231089453906
524024,1,1,7,157.17379398163825
524028,1,1,8,349.54674981148605
524041,1,1,8,494.88902370881294
524053,1,1,1,483.54123933881624
524064,1,1,5,0.42645457969393247
524080,1,1,5,0.42645457969393247
524092,0,1,0,0.11353513898831125
524102,1,1,4,0.42645458358136
524115,1,1,8,869.4213230541009
524142,1,1,1,221.99449430541367
524157,1,1,4,0.42645458358136
524161,1,1,5,0.42645457969393247
524165,1,1,8,381.21094653664414
524174,1,1,10,459.68516857481865
524206,1,1,9,809.5308275107624
524207,1,1,5,0.42645457969393247
524209,1,1,7,112.24444550340294
524213,1,1,7,174.00983918332014
524216,1,1,8,556.1705094059355
524230,1,1,5,0.42645456789925423
524231,1,1,9,667.5757263493143
524235,1,1,1,373.66656213906043
524243,1,1,5,0.42645457969393247
524251,1,1,1,614.0949775852297
524257,1,1,8,171.44699902267033
524271,1,1,3,89.35776122671186
524305,1,1,6,189.96267457911762
524309,1,1,9,563.8455385494487
524316,1,1,2,408.5349328686634
524323,1,1,6,725.7739487087339
524331,1,1,8,373.7109947770769
524347,1,1,5,0.42645457969393247
524348,1,1,10,153.78451648346095
524351,1,1,5,0.42645457969393247
524352,1,1,5,0.42645457969393247
524354,1,1,9,789.2206656545908
524357,1,1,9,205.31917568846984
524359,1,1,9,862.7234454792905
524367,1,1,9,812.7801528956778
524368,1,1,9,551.4566830366856
524379,1,1,6,458.3669228674747
524380,1,1,8,228.96089149255434
524383,1,1,9,642.6727046279331
524401,1,1,1,725.0653154878443
524402,1,1,3,76.73892474445141
524406,1,1,9,833.2363426648145
524418,1,1,7,99.03021591011797
524429,1,1,9,866.356136809326
524433,1,1,10,327.53457463307063
524466,1,1,1,565.9610660597042
524479,1,1,2,380.4446322962409
524487,1,1,5,0.42645456789925423
524495,1,1,6,500.91537268134164
524497,1,1,6,246.0677696309556
524498,1,1,9,436.7110608345193
524499,1,1,5,0.42645457969393247
524503,1,1,5,0.42645457969393247
524505,1,1,6,782.4295981356439
524527,1,1,5,0.42645457969393247
524557,1,1,9,569.8557309714187
524573,1,1,4,0.42645458358136
524585,1,1,10,371.48539953041313
524596,1,1,9,759.3681368497737
524610,1,1,10,719.2536017152503
524619,1,1,8,702.5917358639261
524620,1,1,6,741.9138005163202
524621,1,1,1,417.73912347059087
524633,1,1,6,678.5313473958302
524648,1,1,9,652.7196474219448
524649,1,1,6,720.9609831769045
524656,1,1,9,468.40447718926976
524658,1,1,4,0.42645458358136
524688,1,1,1,405.90319221726884
524701,1,1,5,0.42645457969393247
524708,1,1,6,535.0459702226965
524717,1,1,10,459.61634768760456
524718,1,1,5,0.42645457969393247
524724,1,1,9,373.1631955116931
524739,1,1,8,639.3482448702133
524741,1,1,9,554.931445292116
524761,1,1,3,37.738642242568645
524771,1,1,7,23.33942108643199
524786,1,1,10,661.3413062649163
524788,1,1,9,788.8272576360642
524794,1,1,8,331.8333265952022
524795,1,1,6,309.52624187050935
524820,1,1,4,0.42645458358136
524841,1,1,4,0.42645458358136
524864,1,1,5,0.42645457969393247
524871,1,1,6,690.821776112649
524889,1,1,9,407.7065252979039
524890,1,1,9,589.7916858211081
524901,1,1,6,561.9766035715189
524902,1,1,10,170.68903237359496
524906,1,1,7,90.1577822978011
524911,1,1,10,406.9198471815502
524917,1,1,6,806.4811046228643
524923,1,1,3,70.83493290670243
524939,1,1,8,300.12480205691753
524940,1,1,5,0.42645457969393247
524963,1,1,8,865.5137011448192
524965,1,1,3,77.04572048165986
524979,1,1,10,699.011171596256
524980,1,1,1,745.2332359108825
524985,1,1,6,802.440119059808
524992,1,1,9,126.90459895304629
524995,1,1,10,459.57596343330204
525000,1,1,9,566.6092022593687
525008,1,1,4,0.42645458358136
525010,1,1,10,485.4149457755626
525014,1,1,4,0.42645458358136
525026,1,1,8,726.6279693076557
525047,1,1,5,0.42645457969393247
525058,1,1,7,172.8616507662761
525072,1,1,2,362.98782244653006
525102,1,1,9,546.2659304467325
525127,1,1,4,0.4264545919581291
525128,1,1,6,775.6441250986805
525129,1,1,6,563.0941248766754
525145,1,1,7,129.45741182734542
525158,1,1,6,663.2225800753796
525161,1,1,5,0.42645457969393247
525170,1,1,4,0.42645458358136
525174,1,1,5,0.42645457969393247
525175,1,1,5,0.42645457969393247
525184,1,1,8,359.3919326358809
525186,1,1,8,741.3306741353532
525197,1,1,5,0.42645457969393247
525198,1,1,5,0.42645457969393247
525234,1,1,2,252.38083294514414
525256,1,1,8,242.27331526627776
525267,1,1,8,611.4256910158674
525273,1,1,7,58.31132587076686
525285,0,1,0,0.1349252255008889
525293,1,1,6,790.372639243535
525311,1,1,4,0.42645458358136
525314,1,1,10,719.9801031667496
525323,1,1,5,0.42645457969393247
525351,1,1,7,163.11228433591106
525352,1,1,1,604.5597928510434
525372,1,1,6,427.61937405545564
525377,1,1,3,36.36632714652574
525380,1,1,5,0.42645457969393247
525381,1,1,9,375.9526211652713
525396,1,1,4,0.42645458358136
525420,1,1,5,0.42645457969393247
525429,1,1,9,554.1896518219423
525433,1,1,9,769.1478611929117
525440,1,1,4,0.4264545919581291
525443,1,1,8,595.8085010988245
525447,1,1,8,419.6311857609387
525453,1,1,1,531.3794070940033
525468,1,1,4,0.42645458358136
525478,1,1,9,582.3403163677903
525479,1,1,5,0.42645457969393247
525484,1,1,10,460.39153522323926
525486,1,1,9,855.314543934937
525520,1,1,8,377.84801677659635
525531,1,1,9,429.48426348841593
525539,1,1,10,395.6014235498612
525553,1,1,1,155.4164032661144
525554,1,1,5,0.42645457969393247
525559,1,1,8,634.5768595988154
525567,1,1,10,219.32255607211638
525574,1,1,1,179.7940513674107
525580,0,1,0,0.11626229619454398
525584,1,1,5,0.42645457969393247
525603,1,1,8,235.76319659993428
525619,1,1,7,137.42018410608023
525620,1,1,4,0.42645458358136
525626,1,1,4,0.42645458358136
525628,1,1,6,810.187304394612
525632,1,1,10,317.6231137756015
525650,1,1,4,0.42645458358136
525660,1,1,9,797.2511584375741
525664,1,1,9,397.0856873894177
525675,1,1,6,791.7595318781812
525680,1,1,10,633.8672852842689
525683,1,1,9,225.1503257603501
525685,1,1,6,298.0806258956981
525686,1,1,4,0.4264545919581291
525697,1,1,5,0.42645457969393247
525723,1,1,7,70.64899793238943
525726,1,1,1,212.5771616820148
525729,1,1,5,0.42645457969393247
525730,1,1,5,0.42645457969393247
525749,1,1,6,510.5478129410955
525755,1,1,6,562.9241453607118
525760,1,1,10,448.5838913196797
525768,1,1,8,359.44871182453375
525802,1,1,10,354.5450054559869
525806,1,1,8,685.0723777181321
525825,1,1,5,0.42645457969393247
525830,1,1,6,783.2548046040926
525837,1,1,6,238.6869959042868
525851,1,1,6,749.1378222265223
525862,1,1,8,452.96114228116585
525863,1,1,5,0.42645457969393247
525866,0,1,0,0.12869245675131408
525875,1,1,1,692.9471816405728
525880,1,1,4,0.42645458358136
525887,1,1,5,0.42645457969393247
525903,1,1,9,252.65513485901775
525906,1,1,4,0.42645458358136
525911,1,1,8,617.5015696829204
525912,1,1,6,536.3876565179286
525916,1,1,9,869.9304982550088
525929,1,1,5,0.42645457969393247
525933,1,1,5,0.42645457969393247
525934,1,1,6,586.4839588122204
525940,1,1,6,558.0288657275315
525941,1,1,9,750.532524030669
525943,1,1,7,144.72669794593315
525967,1,1,7,132.53192769360157
525971,1,1,9,667.7668736101514
525980,1,1,7,173.24036812867772
525996,1,1,1,678.2183805423061
525999,1,1,3,71.37929965565617
526015,1,1,9,862.122650659131
526034,1,1,9,866.1183007078401
526050,1,1,9,528.2302746148396
526058,1,1,6,778.5670028778248
526090,1,1,5,0.42645457969393247
526109,1,1,9,563.9526624716884
526116,1,1,9,465.8834290500854
526125,1,1,9,882.0380550856148
526153,1,1,7,127.59798275247573
526157,1,1,4,0.42645458358136
526159,1,1,7,155.75706459767193
526164,1,1,7,127.62375727525618
526167,1,1,1,666.3853988795279
526171,1,1,10,458.6078030289587
526176,1,1,5,0.42645457969393247
526191,1,1,2,451.8888817093589
526212,1,1,9,545.5584215912864
526218,1,1,3,93.03530330287525
526235,1,1,5,0.42645457969393247
526237,1,1,7,154.24125323651677
526239,1,1,1,176.56749799152146
526254,1,1,6,613.9206227716974
526270,1,1,6,452.9848823256304
526286,1,1,1,436.87067098659026
526287,1,1,6,430.9438949103731
526312,1,1,4,0.4264545919581291
526317,1,1,9,405.60785349021353
526334,1,1,6,767.7310653358381
526340,1,1,5,0.42645457969393247
526341,1,1,5,0.42645457969393247
526346,1,1,4,0.42645458358136
526357,1,1,8,563.0950991091656
526360,1,1,4,0.42645458358136
526370,1,1,6,338.89336167063374
526373,1,1,6,800.1495115371387
526377,1,1,8,412.105449305104
526379,1,1,8,270.3255412407465
526385,1,1,8,679.8500755645085
526386,1,1,6,746.7896822958122
526394,1,1,4,0.42645458358136
526395,0,1,0,0.11096810167216709
526408,0,1,0,0.25297493677065963
526414,1,1,6,338.7727459762934
526434,1,1,7,143.43528139472446
526439,1,1,10,494.2183532535934
526444,1,1,9,300.5124166247219
526445,1,1,6,558.8811763318586
526451,1,1,5,0.42645457969393247
526453,1,1,8,306.7772843870376
526482,1,1,8,526.4196251757768
526489,1,1,8,478.36638636298284
526504,1,1,1,605.3850264470179
526507,1,1,5,0.42645457969393247
526514,1,1,7,74.76083956853856
526521,1,1,5,0.42645457969393247
526533,1,1,6,731.4171743584567
526537,1,1,9,522.4336859621532
526541,1,1,7,58.53153832465154
526545,1,1,8,535.9500384469451
526558,1,1,7,166.4647467543793
526563,1,1,10,209.1676876915252
526571,1,1,7,90.14174208812878
526584,1,1,4,0.42645458358136
526600,1,1,6,782.5900366401393
526628,1,1,1,257.31108753305864
526636,1,1,8,729.6517535204745
526640,1,1,9,117.4633929187454
526641,1,1,8,929.0204888288624
526643,1,1,9,522.5605593657501
526672,1,1,8,460.7868938470173
526673,1,1,3,67.56893183299634
526684,1,1,1,656.227093563053
526685,1,1,4,0.42645458358136
526714,1,1,7,20.054405484369614
526715,1,1,9,867.1672305159799
526718,1,1,6,260.54068866922853
526723,1,1,6,252.00648505088418
526730,1,1,7,94.30770562198752
526738,1,1,9,418.4727621477737
526743,1,1,6,781.1416842197928
526748,1,1,9,883.8409968689906
526758,1,1,9,478.11593165837303
526777,1,1,8,928.0797687356815
526783,1,1,4,0.42645458358136
526789,1,1,4,0.42645458358136
526810,1,1,9,358.16526611680536
526816,1,1,5,0.42645457969393247
526818,1,1,1,651.0216064550699
526838,1,1,6,312.37855260098985
526864,1,1,7,57.06473842625668
526868,1,1,10,668.5679532891515
526870,1,1,6,347.62104925646634
526902,1,1,9,73.30830489391862
526905,1,1,6,557.6767302322945
526912,1,1,6,265.09743835489553
526925,1,1,8,573.2234611613354
526934,1,1,8,122.39238339100598
526935,1,1,10,704.1101639418978
526940,1,1,9,383.4322048220322
526955,1,1,6,457.98181352762623
526977,1,1,10,325.6224690142835
526999,1,1,9,277.0402884079711
527001,1,1,8,720.9139122441803
527021,1,1,1,479.151739206114
527025,1,1,6,672.7119630371731
527045,1,1,8,433.64745101892885
527047,1,1,6,787.4000807628747
527055,1,1,6,529.2172133088684
527060,1,1,10,676.6349254693814
527061,1,1,7,67.32056006256617
527063,1,1,3,86.50166843134488
527088,1,1,8,739.1954512191314
527089,1,1,5,0.42645457969393247
527105,1,1,8,313.9752969830273
527111,1,1,10,421.6762997558585
527163,1,1,10,282.24159134028275
527167,1,1,8,683.8563935892079
527186,1,1,1,577.2245157936635
527197,1,1,5,0.42645457969393247
527198,1,1,10,398.25384530917756
527201,1,1,9,315.2255532909411
527202,1,1,6,765.5216556078191
527206,1,1,6,643.4463322605538
527224,1,1,9,576.4419832057629
527238,1,1,6,803.0443966015796
527241,1,1,5,0.42645457969393247
527247,1,1,8,159.17342375494874
527249,1,1,8,722.6682221638297
527253,1,1,8,565.8156701717286
527267,1,1,6,643.6440963952116
527281,1,1,1,696.4535379507536
527283,1,1,4,0.42645458358136
527296,1,1,8,777.9227958579622
527307,1,1,8,923.104619235138
527331,1,1,1,429.2347052235331
527353,1,1,7,85.63093419408622
527359,1,1,4,0.42645458358136
527364,1,1,9,636.5412582420907
527365,1,1,6,315.35015678463105
527368,1,1,5,0.42645457969393247
527369,1,1,6,266.0962852424813
527378,1,1,2,88.15603755188991
527382,1,1,8,590.2897534226363
527384,1,1,5,0.42645457969393247
527392,1,1,1,570.4199851234255
527395,1,1,6,459.1185686966823
527397,1,1,2,335.41343638724527
527401,1,1,9,562.0840536295838
527411,1,1,9,889.4823653049208
527416,1,1,4,0.42645458358136
527419,1,1,4,0.42645458358136
527428,1,1,8,810.5156071469478
527442,1,1,5,0.42645457969393247
527443,1,1,4,0.4264545919581291
527446,1,1,4,0.4264545919581291
527447,1,1,8,758.7624978369
527462,1,1,2,476.6766900308896
527463,1,1,10,366.04185587142535
527497,1,1,9,545.93199014497
527501,1,1,7,77.73857043599281
527521,1,1,5,0.42645457969393247
527529,1,1,8,812.0371779025343
527543,1,1,7,145.2610430574763
527553,1,1,10,257.885311114448
527557,1,1,1,582.7804982727968
527592,1,1,5,0.42645457969393247
527595,1,1,6,654.0432488663598
527612,1,1,9,630.0492303611549
527622,1,1,8,856.3080777140294
527626,1,1,9,336.63247995786867
527644,1,1,6,241.52993909987538
527654,1,1,9,110.37946584003372
527665,1,1,2,456.9084594468309
527680,1,1,10,713.6098379459687
527687,1,1,5,0.42645457969393247
527692,1,1,10,138.73437312277431
527702,1,1,2,258.7576416859856
527712,1,1,5,0.42645457969393247
527716,1,1,8,203.88258533078084
527717,1,1,6,545.7296226376571
527722,1,1,9,248.77668882252394
527753,1,1,8,543.219374567643
527768,1,1,9,437.0162982651851
527807,1,1,8,538.720297976865
527816,1,1,4,0.42645458358136
527835,1,1,8,263.43581855720026
527854,1,1,9,672.0143373397203
527862,1,1,3,89.47149691841909
527865,1,1,6,800.2988634841963
527876,1,1,8,723.2720107250251
527881,1,1,9,836.6486141569972
527888,1,1,9,846.1224202120691
527907,1,1,4,0.42645458358136
527914,1,1,4,0.42645458358136
527921,1,1,8,549.5701004319825
527925,1,1,5,0.42645457969393247
527926,1,1,10,281.8109868233449
527943,1,1,4,0.42645458358136
527949,1,1,10,459.8424441386744
527974,1,1,6,196.1795065845089
527978,1,1,9,391.3934444050899
527984,0,1,0,0.12190842407591526
527987,1,1,9,357.47300107798344
527991,1,1,1,546.12393407668
527998,1,1,8,776.5813256993268
528003,1,1,4,0.42645458358136
528013,1,1,6,784.7398491091336
528014,1,1,6,775.783645289719
528035,1,1,5,0.42645457969393247
528039,1,1,4,0.42645458358136
528056,1,1,4,0.42645458358136
528062,1,1,2,307.732969166895
528081,1,1,5,0.42645457969393247
528095,1,1,5,0.42645457969393247
528103,1,1,8,457.8613511640632
528111,1,1,9,801.1531909746138
528119,1,1,5,0.42645457969393247
528126,1,1,8,617.2805238814904
528157,1,1,9,883.9858319918637
528177,1,1,9,889.9123324954563
528184,1,1,9,809.3909194380881
528194,1,1,10,519.9769616082579
528199,1,1,2,380.8841611056116
528227,1,1,8,396.45876713139654
528232,1,1,5,0.42645457969393247
528236,1,1,9,287.42441777045866
528261,1,1,9,881.0225350178098
528276,1,1,8,253.30223041449014
528282,1,1,8,379.03298264795166
528294,1,1,8,752.6160963250306
528300,1,1,6,606.499676584791
528307,1,1,5,0.42645457969393247
528309,1,1,4,0.42645458358136
528312,1,1,7,141.7824958223406
528313,1,1,8,823.9263949344033
528370,1,1,2,234.2091946757484
528380,1,1,7,76.3360889153078
528386,1,1,1,669.6489465434412
528406,1,1,6,534.4796731043286
528408,1,1,6,361.02469146534145
528418,1,1,7,173.27026035258734
528422,1,1,8,820.3990737695148
528426,0,1,0,0.24117582066282645
528438,1,1,5,0.42645457969393247
528446,1,1,8,556.1304706010934
528447,1,1,4,0.42645458358136
528448,1,1,2,151.69741521823036
528456,1,1,8,628.5021827818506
528476,1,1,9,619.704622925121
528480,1,1,5,0.42645456789925423
528482,1,1,9,295.26107897342496
528483,1,1,10,358.7408092730533
528494,1,1,9,113.44790312288735
528496,1,1,6,652.8580338054576
528501,1,1,5,0.42645457969393247
528510,1,1,5,0.42645457969393247
528511,1,1,9,816.2977609275138
528540,0,1,0,0.11428054948583896
528549,1,1,6,496.472107048954
528557,1,1,8,771.0338709662237
528573,1,1,4,0.42645458358136
528577,1,1,4,0.42645458358136
528579,1,1,8,456.7555646200979
528596,1,1,6,652.8630936010724
528607,1,1,4,0.42645458358136
528634,1,1,5,0.42645457969393247
528639,1,1,6,519.0415083179948
528643,1,1,8,715.2412358521516
528658,1,1,5,0.42645457969393247
528671,1,1,6,643.8470938557447
528681,1,1,1,412.92770027398853
528682,1,1,4,0.42645458358136
528694,1,1,6,186.08281719371087
528745,1,1,9,808.9374489166399
528766,1,1,8,885.5610010858721
528769,1,1,7,100.3717913499354
528772,0,1,0,0.13478251507817707
528781,1,1,9,558.8694155122073
528782,1,1,6,728.5320687875328
528791,1,1,3,91.34694900439354
528803,1,1,6,784.6406107386598
528809,1,1,9,821.9883267232327
528852,1,1,1,544.136839033855
528860,1,1,9,893.4177211663733
528868,1,1,9,588.4575230110779
528880,1,1,9,887.4222935270917
528881,1,1,6,207.00150501483444
528884,1,1,9,776.0200291876761
528899,1,1,7,160.65451985208065
528931,1,1,9,854.4224656254597
528939,1,1,9,777.8074371595052
528941,1,1,6,357.20113495299427
528947,1,1,4,0.42645458358136
528961,1,1,9,634.9025985617094
528962,1,1,8,670.303402969593
528970,1,1,6,801.1489705976388
528971,1,1,10,379.8092672115479
528972,1,1,9,717.1777590166683
528977,1,1,8,927.8673960093912
528980,1,1,3,72.49922517679455
528984,1,1,6,786.4245825146398
528986,1,1,6,221.91154315244165
529008,1,1,8,202.48237285124685
529016,1,1,9,860.3642712955769
529063,1,1,8,438.7218481744303
529079,1,1,9,418.6892664265824
529087,1,1,9,436.2463857768305
529090,1,1,4,0.42645458358136
529091,1,1,10,258.20582591593313
529105,1,1,7,157.64409694720902
529111,1,1,4,0.42645458358136
529119,1,1,10,461.3320350970404
529122,1,1,4,0.42645458358136
529129,1,1,6,731.0784154378896
529134,1,1,9,597.709579587317
529135,1,1,5,0.42645457969393247
529158,1,1,5,0.42645457969393247
529164,1,1,1,544.0806072055218
529165,1,1,8,794.0231575486227
529170,1,1,6,562.0348501000387
529181,1,1,6,442.37376168506603
529183,1,1,1,323.29207381370844
529186,1,1,8,377.9364511621083
529201,1,1,9,394.7361782861336
529228,1,1,4,0.42645458358136
529231,1,1,4,0.42645458358136
529233,1,1,7,16.789837754897277
529243,1,1,1,526.359130507799
529250,1,1,9,488.6451584909449
529263,1,1,6,293.224987000132
529264,1,1,8,753.6123476699901
529273,1,1,5,0.42645457969393247
529283,1,1,9,284.3872687001622
529293,1,1,8,489.2020264391605
529295,1,1,4,0.42645458358136
529312,1,1,1,728.1489752194561
529313,1,1,10,396.01658902036627
529315,1,1,9,649.8249036859027
529330,1,1,4,0.42645458358136
529333,1,1,8,538.5898201786979
529337,1,1,4,0.42645458358136
529338,1,1,7,84.27269932286197
529362,1,1,4,0.42645458358136
529363,1,1,2,284.1767049484669
529365,1,1,6,577.6824938042599
529379,1,1,5,0.42645456789925423
529381,1,1,6,351.63435160966463
529399,1,1,7,74.26027242931129
529409,1,1,9,246.22553795060048
529412,1,1,5,0.42645457969393247
529415,1,1,7,4.312367101057318
529437,1,1,10,458.6504502049075
529453,1,1,9,853.5771102971565
529481,1,1,9,257.9498443562243
529489,1,1,6,413.4268513451412
529491,1,1,1,656.5202248178374
529494,1,1,1,267.41445176128747
529522,1,1,9,565.7422628341751
529528,1,1,10,522.2207623208965
529548,1,1,4,0.42645458358136
529572,1,1,6,643.2265760183104
529577,1,1,5,0.42645457969393247
529580,1,1,4,0.42645458358136
529586,1,1,1,417.2021137591181
529590,1,1,9,768.0112329749365
529596,1,1,9,817.7220863505952
529608,1,1,3,76.57307422058908
529613,1,1,4,0.42645458358136
529615,1,1,1,399.87286761743314
529632,1,1,6,790.0814379744272
529636,1,1,8,366.7314678908556
529637,1,1,5,0.42645457969393247
529658,1,1,4,0.42645458358136
529671,1,1,6,731.2222889136541
529673,1,1,5,0.42645457969393247
529682,1,1,5,0.42645457969393247
529684,1,1,4,0.42645458358136
529691,1,1,4,0.42645456789925423
529702,1,1,6,791.499570180503
529739,1,1,3,75.51562583248145
529741,1,1,8,322.2299967287259
529743,1,1,5,0.42645457969393247
529747,1,1,5,0.42645457969393247
529753,1,1,7,145.8605179833866
529757,1,1,4,0.42645458358136
529759,1,1,8,211.78650550048448
529787,1,1,8,567.1592560517904
529823,1,1,8,366.3041022976535
529831,1,1,3,86.76314943835256
529838,1,1,9,862.7508873174035
529848,1,1,6,555.5966449136026
529850,1,1,9,426.8171381917747
529851,1,1,7,135.19636851966803
529891,1,1,8,640.7794040295636
529892,1,1,5,0.42645457969393247
529903,1,1,8,125.23258763461119
529910,1,1,1,686.1153857633373
529914,1,1,9,210.0638770483769
529921,1,1,7,114.70114624242997
529945,1,1,5,0.42645457969393247
529948,1,1,6,555.3524033141299
529950,1,1,9,704.5037996957403
529964,1,1,10,271.01906457293876
529985,1,1,9,449.7939924432254
530000,1,1,6,199.34015292723953
530002,1,1,6,477.81363426302545
530016,1,1,4,0.42645458358136
530021,1,1,4,0.42645458358136
530025,1,1,5,0.42645457969393247
530031,1,1,9,488.90921037920725
530037,0,1,0,0.17463399055580958
530045,1,1,10,223.7649364118692
530050,1,1,4,0.42645458358136
530051,1,1,3,49.44967089843711
530052,1,1,9,614.6805925338492
530060,1,1,9,396.18442347742223
530062,1,1,6,500.8862224272268
530068,1,1,9,238.28182712343713
530070,1,1,6,732.7007267658099
530096,1,1,10,425.10711492706633
530131,1,1,1,326.28542324451456
530133,0,1,0,0.11181231154517589
530142,1,1,4,0.42645458358136
530161,1,1,8,351.52441684243917
530169,1,1,8,357.88935384554946
530174,1,1,4,0.42645458358136
530177,1,1,2,289.4998771084152
530189,1,1,6,585.390549314775
530191,1,1,5,0.42645457969393247
530222,1,1,4,0.42645458358136
530224,1,1,4,0.42645458358136
530225,1,1,8,298.59541922367083
530242,1,1,1,433.84248149175363
530261,1,1,2,364.87903792767963
530282,1,1,9,884.2720768141626
530291,1,1,10,434.71838846368513
530308,1,1,8,367.9359450278265
530324,1,1,9,807.6714466656877
530338,1,1,7,112.10125150758947
530349,1,1,4,0.42645458358136
530373,1,1,6,767.8758936217218
530380,1,1,5,0.42645456789925423
530399,1,1,9,116.35969696835453
530407,1,1,9,603.7615258627958
530447,0,1,0,0.11021034764274983
530475,1,1,6,477.1170324305546
530477,1,1,9,605.1557447351513
530491,1,1,10,421.4363609126215
530495,1,1,4,0.42645458358136
530503,1,1,3,81.7673104137942
530505,1,1,10,243.42728654719434
530507,1,1,10,659.4644571723769
530508,1,1,4,0.42645458358136
530514,1,1,10,161.96843573360076
530519,1,1,6,660.2790418089385
530521,1,1,5,0.42645457969393247
530533,1,1,5,0.42645457969393247
530552,1,1,3,86.45525171061587
530606,1,1,4,0.42645458358136
530610,1,1,4,0.42645458358136
530614,1,1,6,428.0743884783951
530622,1,1,6,703.8983682400021
530624,1,1,10,718.3667247774774
530630,1,1,1,754.9581598696295
530638,1,1,4,0.42645458358136
530645,1,1,2,249.0475801015939
530651,1,1,5,0.42645457969393247
530652,1,1,6,545.4351657513048
530671,1,1,4,0.42645458358136
530695,1,1,3,89.51405546227474
530775,1,1,9,607.7624878579967
530795,1,1,10,479.7476028671849
530803,1,1,8,596.1290606628356
530806,1,1,4,0.4264545919581291
530813,1,1,6,779.5533388123987
530815,1,1,9,594.0058513256831
530834,1,1,8,727.5223829428726
530846,1,1,7,173.70354267730025
530851,1,1,9,819.5888732299762
530852,1,1,5,0.42645457969393247
530855,1,1,10,273.09553082938714
530864,1,1,9,572.4770515546334
530876,1,1,9,866.0589880149644
530880,1,1,9,675.9180444516571
530906,1,1,9,384.3151735804419
530922,1,1,3,89.78198686081365
530942,1,1,9,448.57090726714483
530949,1,1,5,0.42645457969393247
530951,1,1,6,779.2647475894844
530961,1,1,5,0.42645457969393247
530965,1,1,9,272.02698854653454
530971,1,1,5,0.42645457969393247
530979,1,1,5,0.42645457969393247
530988,1,1,5,0.42645457969393247
530999,1,1,8,859.320148878236
531005,1,1,8,491.15185589928086
531012,1,1,5,0.42645457969393247
531017,1,1,6,379.7383765781558
531031,1,1,10,722.48812552261
531061,1,1,8,353.84196020414475
531063,1,1,5,0.42645457969393247
531068,1,1,5,0.42645457969393247
531072,1,1,3,84.08471265688335
531083,1,1,5,0.42645457969393247
531085,1,1,4,0.42645458358136
531087,1,1,6,329.5300026750946
531092,1,1,2,409.34938713100263
531099,1,1,10,626.0829284088284
531107,1,1,10,422.89599814307326
531124,1,1,1,498.0133212655397
531129,1,1,5,0.42645457969393247
531132,1,1,5,0.42645457969393247
531133,1,1,10,524.5115907776797
531152,1,1,1,762.8072323910643
531160,1,1,5,0.42645457969393247
531162,1,1,8,369.32575770860853
531171,1,1,9,748.9210311052033
531174,1,1,7,133.51098469266344
531175,1,1,7,118.24125596689495
531198,1,1,4,0.42645458358136
531208,1,1,10,717.1999723414232
531218,1,1,5,0.42645457969393247
531228,1,1,8,698.9562578811879
531232,1,1,7,55.15376633940791
531238,1,1,8,777.9296219112298
531261,1,1,4,0.42645457969393247
531268,1,1,9,779.5539285152288
531272,1,1,10,492.343681731306
531294,1,1,10,204.8662514276903
531321,1,1,9,621.2195871025999
531330,1,1,4,0.42645458358136
531331,1,1,8,813.1928028023339
531336,1,1,5,0.42645457969393247
531342,1,1,9,818.7739791030322
531371,1,1,10,323.6234653150956
531383,1,1,3,88.23077869267384
531385,1,1,5,0.42645457969393247
531390,1,1,7,85.28123849486431
531418,1,1,5,0.42645456789925423
531432,1,1,6,312.54823197293115
531451,1,1,4,0.42645458358136
531464,1,1,6,767.135439978377
531498,1,1,6,758.612056839003
531504,1,1,5,0.42645457969393247
531511,1,1,1,747.8846287938005
531524,1,1,7,83.11067449614927
531526,1,1,7,89.48056128716236
531539,1,1,5,0.42645457969393247
531541,1,1,8,828.6749015202536
531544,1,1,8,832.9383403868204
531545,1,1,8,614.5567392717936
531550,1,1,4,0.42645458358136
531564,1,1,6,366.454779686679
531567,1,1,10,719.946297562975
531570,1,1,5,0.42645457969393247
531584,1,1,4,0.42645458358136
531592,1,1,5,0.42645457969393247
531606,1,1,6,485.8597660227188
531608,1,1,1,667.2411457629744
531632,1,1,5,0.42645457969393247
531653,1,1,9,303.9275561407332
531664,1,1,4,0.42645458358136
531669,1,1,9,577.6042237920767
531671,1,1,9,811.8966546106208
531676,1,1,4,0.42645458358136
531679,1,1,4,0.42645458358136
531711,1,1,5,0.42645457969393247
531719,1,1,1,205.78626202599696
531725,1,1,5,0.42645457969393247
531741,1,1,2,403.98685314846426
531752,1,1,9,169.30122839984486
531779,1,1,6,683.4738929206129
531787,1,1,1,261.3153570078976
531813,1,1,3,88.56978284837
531828,1,1,10,418.0768288400223
531836,1,1,9,339.14089939739245
531844,1,1,9,484.97042142881617
531855,1,1,9,515.1501161854474
531856,1,1,4,0.42645458358136
531882,1,1,9,564.7967125203407
531905,1,1,10,141.1457378818649
531910,1,1,8,543.4136261876114
531914,1,1,4,0.42645457969393247
531916,1,1,9,877.3420306464606
531920,1,1,5,0.42645457969393247
531932,1,1,6,707.0535159890819
531934,1,1,8,706.8939214341156
531944,1,1,10,719.9143974258354
531951,1,1,4,0.42645458358136
531979,1,1,5,0.42645457969393247
531991,1,1,8,827.1872290673534
532000,1,1,9,233.62477273944756
532012,1,1,9,722.5461489396613
532019,1,1,4,0.42645458358136
532047,1,1,7,23.543917547827895
532051,1,1,5,0.42645457969393247
532061,1,1,6,757.880018739903
532062,1,1,10,350.73189193540713
532094,1,1,1,676.3844635219615
532107,1,1,5,0.42645457969393247
532108,1,1,5,0.42645457969393247
532116,1,1,8,947.4841514480861
532125,1,1,5,0.42645456789925423
532134,1,1,5,0.42645457969393247
532149,1,1,8,250.49956289191294
532153,1,1,8,733.7611813037934
532167,1,1,2,310.09765032889624
532170,1,1,1,545.1039911683155
532171,1,1,10,184.56925969602943
532195,1,1,9,720.34740736393
532215,1,1,5,0.42645457969393247
532240,1,1,8,465.4151202817347
532250,1,1,1,695.1688339013639
532251,1,1,9,499.0116113277666
532255,1,1,10,403.2145082382202
532274,1,1,6,728.5779277238199
532293,1,1,8,730.1170381579594
532294,1,1,8,828.9694705519568
532300,1,1,5,0.42645457969393247
532315,1,1,4,0.42645458358136
532318,1,1,6,803.2476589696357
532323,1,1,5,0.42645457969393247
532384,1,1,1,686.0237720740042
532388,1,1,10,637.7099442302799
532405,1,1,5,0.42645457969393247
532409,1,1,5,0.42645457969393247
532411,1,1,9,407.81100327965623
532415,1,1,9,516.8866940899131
532418,1,1,3,92.25030841353572
532426,1,1,3,92.56396227724451
532434,1,1,5,0.42645457969393247
532455,1,1,8,564.8614602619417
532458,1,1,6,783.8989192765563
532464,1,1,4,0.4264545919581291
532467,1,1,10,507.4473405097326
532468,1,1,5,0.42645457969393247
532469,1,1,5,0.42645457969393247
532487,1,1,8,181.87159571695557
532488,1,1,6,802.9085586938137
532505,1,1,9,577.4479945176978
532517,1,1,9,605.973713595258
532518,1,1,5,0.42645457969393247
532521,1,1,6,205.4441008668281
532530,1,1,10,510.25232469525514
532534,1,1,5,0.42645457969393247
532535,1,1,5,0.42645457969393247
532549,1,1,10,266.4915314060884
532556,1,1,8,381.27882969150124
532574,1,1,8,778.4894235312433
532592,1,1,8,554.8189353840909
532597,1,1,5,0.42645457969393247
532627,1,1,2,213.39135248073453
532650,1,1,4,0.42645458358136
532653,1,1,9,699.5668703095382
532655,1,1,4,0.42645458358136
532663,1,1,6,756.1112008539156
532678,1,1,6,529.9276186606294
532694,1,1,6,194.69067023346986
532697,1,1,5,0.42645457969393247
532715,1,1,4,0.42645458358136
532727,1,1,3,90.16329294047925
532728,1,1,1,350.2398683126394
532754,1,1,6,197.35673893453782
532758,1,1,1,229.72861419210628
532770,1,1,9,465.7159752247151
532777,1,1,4,0.4264545919581291
532785,1,1,9,385.4861658305769
532790,1,1,9,844.924073346338
532801,1,1,9,273.0136746749395
532809,1,1,9,814.5286186525373
532820,1,1,1,393.3466904040983
532822,1,1,8,613.7073660107286
532835,1,1,5,0.42645457969393247
532880,1,1,9,123.69847699319388
532907,1,1,4,0.42645458358136
532910,1,1,8,330.62976222354956
532937,1,1,7,114.97336630905333
532938,1,1,5,0.42645457969393247
532948,1,1,1,737.0691927154613
532958,1,1,6,556.8691631720654
532967,1,1,9,863.2565595391201
532978,1,1,10,325.1496969953982
533007,1,1,7,100.88302872178231
533018,1,1,9,467.67281102507235
533020,1,1,6,698.8064033799072
533037,1,1,6,319.67788822795484
533040,1,1,6,678.4321970480315
533051,1,1,10,403.0615178388881
533069,1,1,4,0.42645458358136
533090,1,1,9,227.25047070938524
533093,1,1,4,0.42645458358136
533113,1,1,6,312.20596447678344
533115,1,1,9,577.0976439025209
533129,1,1,9,544.8982306973132
533141,1,1,4,0.42645458358136
533153,1,1,6,605.7199993988869
533157,1,1,8,281.3656359954365
533158,1,1,9,860.7386601255331
533161,1,1,9,612.7421328774741
533207,1,1,10,276.0480782155372
533210,1,1,9,572.3156109664824
533225,1,1,4,0.42645458358136
533228,1,1,1,508.7380850616192
533233,1,1,8,291.87717080178686
533234,1,1,10,347.3003595485585
533236,1,1,6,487.13851461823486
533238,1,1,4,0.42645458358136
533242,1,1,6,803.618654475535
533244,1,1,9,607.4364898325732
533247,1,1,5,0.42645457969393247
533264,1,1,9,557.5472205333839
533266,1,1,10,665.2211339476213
533269,1,1,3,45.310470288429634
533272,1,1,5,0.42645457969393247
533275,1,1,4,0.42645458358136
533288,1,1,9,485.0335691454846
533300,1,1,5,0.42645457969393247
533302,1,1,6,491.6516991730085
533305,1,1,9,774.2605648327298
533325,1,1,6,403.2913097984072
533329,1,1,10,195.9116729226464
533343,1,1,8,336.221036232574
533353,1,1,1,262.6469721220562
533358,1,1,8,676.5717345481152
533362,1,1,9,872.1139269019972
533376,1,1,8,462.1717894202304
533380,1,1,9,640.4932590753009
533415,1,1,8,669.3562748627522
533419,1,1,9,861.0212442617959
533429,1,1,9,652.1628887812174
533443,1,1,9,246.88741710963598
533457,1,1,10,348.8776956286658
533463,1,1,6,396.7419702192087
533471,1,1,8,834.9592590979322
533489,1,1,4,0.42645458358136
533493,1,1,5,0.42645457969393247
533494,1,1,4,0.42645458358136
533505,1,1,4,0.42645458358136
533507,1,1,8,904.3961168717129
533508,1,1,6,652.3157871330349
533518,1,1,4,0.42645458358136
533527,1,1,9,781.7178244395736
533533,1,1,10,155.5737814046314
533538,1,1,9,604.25924694108
533542,1,1,4,0.42645458358136
533543,1,1,10,599.6805050386299
533546,1,1,6,746.5878141185486
533571,1,1,6,513.4059658024808
533572,1,1,9,892.4479757768936
533580,1,1,9,635.5548432946861
533597,1,1,9,614.769022970659
533605,1,1,10,708.4495877036211
533613,1,1,1,183.08396819346413
533615,1,1,5,0.42645457969393247
533619,1,1,7,110.87306365512255
533620,1,1,8,342.53529834173474
533623,1,1,8,566.3102406857844
533624,1,1,1,231.5238355086561
533625,1,1,6,497.855401464343
533640,1,1,10,449.39036671107027
533645,1,1,1,544.2277179347761
533671,1,1,2,202.3802967837322
533717,1,1,8,680.2960005614951
533722,1,1,10,348.65135874480717
533750,1,1,6,665.7927200779902
533774,1,1,1,735.3493656419446
533777,1,1,1,415.1302691710327
533779,1,1,8,947.6749256361283
533783,1,1,4,0.42645458358136
533795,1,1,6,628.5979638715324
533797,1,1,9,158.767998288836
533801,1,1,9,815.1785530668922
533812,1,1,9,862.2808036831557
533823,1,1,8,649.0152435866338
533840,1,1,6,682.1345369605818
533851,1,1,10,723.6023784744989
533852,1,1,9,604.3055285123608
533869,1,1,1,732.7644522922998
533874,1,1,5,0.42645457969393247
533876,1,1,9,452.67426543230636
533880,1,1,2,475.19422332653016
533881,1,1,4,0.42645458358136
533891,1,1,6,588.8538551182403
533893,1,1,8,539.2036417877132
533912,1,1,5,0.42645457969393247
533927,1,1,5,0.42645457969393247
533929,1,1,7,28.572215844239167
533940,1,1,9,299.0691836502309
533943,1,1,8,305.41608746204224
533962,1,1,9,160.48066039075368
533982,1,1,5,0.42645457969393247
533986,1,1,4,0.42645458358136
533989,1,1,9,739.3680924030214
533997,1,1,10,291.8517751759071
534006,1,1,2,242.55152077487006
534018,1,1,5,0.42645457969393247
534029,1,1,8,302.1487751536032
534048,1,1,3,75.61988591571728
534051,1,1,5,0.42645457969393247
534095,1,1,10,259.4946329201696
534101,1,1,9,279.00478739800997
534150,1,1,6,582.8439726325607
534158,1,1,3,90.30799977331621
534162,1,1,8,246.0197141801029
534168,1,1,5,0.42645457969393247
534174,1,1,9,118.06984827615037
534184,1,1,4,0.42645458358136
534185,1,1,10,659.8712850668104
534189,1,1,8,854.7858244631427
534198,1,1,4,0.42645458358136
534209,1,1,8,503.7215008635359
534240,1,1,9,283.1036713980635
534247,1,1,8,434.14739982728014
534255,1,1,4,0.42645458358136
534259,1,1,5,0.42645457969393247
534262,1,1,5,0.42645457969393247
534264,1,1,4,0.42645458358136
534274,1,1,6,799.512772769949
534275,1,1,8,571.7873214862288
534280,1,1,6,315.6856224281807
534282,1,1,8,832.6155216783334
534296,1,1,7,114.26075412147495
534312,1,1,1,416.26971249182174
534317,1,1,4,0.42645458358136
534332,1,1,1,726.0196501501358
534341,1,1,8,662.0782008908608
534345,1,1,8,189.5671474103792
534351,1,1,9,283.9602309192679
534373,1,1,6,432.67884313401026
534380,1,1,5,0.42645457969393247
534383,1,1,1,686.1469267774089
534389,1,1,6,341.45751669838995
534390,1,1,6,595.1952061500168
534398,1,1,4,0.42645458358136
534404,1,1,5,0.42645457969393247
534410,1,1,9,860.4696305605751
534425,1,1,9,692.4286344600805
534430,1,1,9,730.8207636685285
534451,1,1,8,868.4543040906474
534476,1,1,8,468.19324223983364
534478,1,1,9,684.78601081751
534487,1,1,5,0.42645457969393247
534489,1,1,6,353.84911235222637
534499,1,1,9,884.1356661372441
534530,1,1,10,175.6674778195483
534550,1,1,3,82.3291451039466
534563,1,1,10,668.8383232146044
534591,1,1,6,282.1967304814073
534597,1,1,6,410.73178207442373
534611,1,1,6,486.5457119398826
534617,1,1,6,801.808546825607
534633,1,1,8,260.47408489254235
534646,1,1,9,705.5458078505832
534663,1,1,7,128.94504769398387
534679,1,1,5,0.42645457969393247
534681,1,1,6,533.2207631711431
534688,1,1,9,482.1326036932006
534703,1,1,10,176.44309874247514
534707,1,1,3,87.4711139283713
534712,1,1,9,888.6377560827901
534749,1,1,10,586.8826991017153
534750,1,1,8,507.79264931921944
534752,1,1,7,60.1411449160699
534778,1,1,6,631.2413885119671
534783,1,1,10,426.14328731769604
534790,1,1,9,744.5605513924602
534795,1,1,8,288.54350323065523
534796,1,1,10,526.0113638453508
534803,1,1,8,786.2471304416933
534818,1,1,9,201.02233963482956
534828,1,1,5,0.42645457969393247
534830,1,1,1,323.11569773579555
534866,1,1,5,0.42645457969393247
534868,1,1,9,874.9894505853689
534896,1,1,8,617.9286889697382
534905,1,1,5,0.42645457969393247
534906,1,1,10,644.0220065173611
534922,1,1,9,248.94917025277257
534929,1,1,8,934.5972538087791
534930,1,1,6,581.6727446606563
534945,1,1,9,582.5412680718343
534946,1,1,5,0.42645457969393247
534947,1,1,4,0.42645458358136
534969,1,1,10,639.1998369989069
534977,1,1,7,170.83342150026502
534979,1,1,5,0.42645457969393247
534995,1,1,8,303.1190370872704
535004,1,1,9,589.8530566734439
535012,1,1,6,678.2349764349267
535025,1,1,8,612.0413400656223
535028,1,1,8,382.31408133245213
535040,1,1,7,140.6487329952846
535044,1,1,7,79.34377729817548
535046,1,1,9,792.7478782224484
535047,1,1,9,785.3383449163998
535050,1,1,4,0.42645458358136
535053,1,1,2,363.4875578675582
535056,1,1,9,884.7565118937467
535094,1,1,9,607.911974325889
535119,1,1,4,0.42645458358136
535150,1,1,9,380.71635224935807
535162,1,1,7,136.77051151614975
535166,1,1,5,0.42645457969393247
535210,1,1,5,0.42645457969393247
535233,1,1,9,107.32851159532309
535251,1,1,6,176.2443727644314
535252,1,1,8,354.253137370845
535256,1,1,2,477.2906417869997
535271,1,1,8,593.7809347877721
535275,1,1,5,0.42645457969393247
535286,1,1,6,281.02317132634965
535288,1,1,1,234.81720544555182
535296,1,1,9,659.185488552296
535310,1,1,6,604.7777645049301
535311,1,1,6,368.9492503359172
535312,1,1,10,370.3135280774308
535314,1,1,10,460.3109283892883
535316,1,1,9,497.3301691674953
535323,1,1,10,356.80542889513686
535361,1,1,6,246.41154371022532
535365,1,1,6,803.7651323105162
535377,1,1,1,446.76725447991976
535380,1,1,9,639.6472162985523
535384,1,1,7,103.00206651205583
535402,1,1,7,121.46367265425643
535417,1,1,7,137.54395695866063
535471,1,1,5,0.42645457969393247
535477,1,1,10,274.0672159884979
535488,1,1,8,697.2255384383275
535498,1,1,9,462.6796245152452
535506,1,1,5,0.42645457969393247
535509,1,1,6,681.5474026750768
535512,1,1,8,785.7021443924908
535514,1,1,6,781.0847279602082
535516,1,1,6,541.9474533587672
535518,1,1,9,204.1051876487984
535521,1,1,8,159.83627573861688
535523,1,1,6,161.74550774502117
535529,1,1,8,552.7116101009117
535540,1,1,9,348.19185522813063
535556,1,1,6,703.3761924794591
535561,1,1,5,0.42645457969393247
535563,1,1,4,0.42645458358136
535576,1,1,7,60.178624016026056
535587,1,1,10,267.26394486986027
535589,1,1,5,0.42645457969393247
535591,1,1,8,195.98167234912782
535600,1,1,6,786.2891446879808
535603,1,1,6,650.8336807782196
535609,1,1,4,0.42645458358136
535612,1,1,9,822.744622874905
535615,1,1,9,861.8453307422958
535623,1,1,6,275.66089429963034
535628,1,1,8,914.1710086057508
535629,1,1,8,253.48463205871656
535652,1,1,10,711.8105129626979
535654,1,1,5,0.42645457969393247
535656,1,1,8,181.3417300988294
535660,1,1,5,0.42645457969393247
535689,1,1,6,696.6518609885377
535695,1,1,10,296.6257088312441
535696,1,1,4,0.42645457969393247
535701,1,1,5,0.42645457969393247
535708,1,1,8,257.38877945195463
535709,1,1,6,778.3700346496214
535731,1,1,10,460.0559308193917
535757,1,1,6,793.813949308157
535758,1,1,9,873.7591702307318
535775,1,1,4,0.42645458358136
535789,1,1,6,442.7064382331507
535811,1,1,6,769.1477280328519
535812,1,1,5,0.42645457969393247
535819,1,1,9,412.11085601183
535824,1,1,8,685.5092397654256
535827,1,1,6,770.6012271469052
535831,1,1,6,444.83608536943564
535847,1,1,5,0.42645457969393247
535852,1,1,10,680.9829196211216
535853,1,1,5,0.42645457969393247
535899,1,1,8,613.582552000992
535927,1,1,10,601.1154039317149
535931,1,1,5,0.42645457969393247
535944,1,1,3,42.72661551400122
535969,1,1,5,0.42645457969393247
535977,1,1,8,448.71839070681847
535979,1,1,6,615.0892647956703
535990,1,1,9,329.4210928031412
536026,1,1,8,892.1920210583098
536031,1,1,5,0.42645457969393247
536053,1,1,8,781.1839483115821
536057,1,1,9,809.692647124119
536072,1,1,10,721.7935107585924
536088,1,1,6,789.4255524014774
536089,1,1,7,170.430000603864
536090,1,1,6,700.283359501787
536110,1,1,8,511.05842062522703
536111,1,1,9,162.4851630602291
536113,1,1,9,356.49331763789814
536116,1,1,8,929.5033710786456
536120,1,1,5,0.42645457969393247
536122,1,1,8,214.52267160203886
536126,1,1,9,607.2900027712088
536146,1,1,4,0.42645458358136
536160,1,1,1,706.1357518858695
536168,1,1,5,0.42645457969393247
536178,1,1,5,0.42645457969393247
536180,1,1,8,727.7354226034296
536189,1,1,4,0.42645458358136
536199,1,1,4,0.42645458358136
536204,1,1,8,586.320419932185
536210,0,1,0,0.0982101986548799
536221,1,1,5,0.42645457969393247
536228,1,1,4,0.42645458358136
536236,1,1,9,605.221656065617
536253,1,1,9,23.196185763182047
536255,1,1,7,147.4916036689374
536256,1,1,9,512.524588421543
536262,1,1,5,0.42645456789925423
536289,1,1,2,390.7115783993829
536296,1,1,9,853.5593038076794
536297,1,1,7,70.05187788599069
536314,1,1,9,607.854296665992
536316,1,1,5,0.42645457969393247
536317,1,1,9,20.677921780997455
536327,1,1,3,87.15638692055248
536332,1,1,10,461.7699160684316
536343,1,1,1,247.10925431277465
536373,1,1,9,619.9375820283348
536374,1,1,6,617.0844345042893
536377,1,1,6,442.283780837334
536389,1,1,9,495.09354542944277
536392,1,1,6,720.5403020467951
536412,1,1,4,0.42645457969393247
536415,1,1,8,508.32316142832775
536422,1,1,10,149.58420122507286
536443,1,1,6,535.1914046950175
536445,1,1,8,528.3762643324145
536453,1,1,10,458.9671147561468
536458,1,1,5,0.42645457969393247
536463,1,1,9,505.76627428707644
536481,1,1,1,472.53534351830695
536485,1,1,4,0.42645458358136
536486,1,1,6,447.73486403899915
536495,1,1,7,69.48563295929745
536515,1,1,9,199.41231908852697
536517,1,1,2,271.42464429698407
536518,1,1,8,302.66363620215316
536530,1,1,8,268.62190275588523
536535,1,1,4,0.42645458358136
536544,1,1,5,0.42645456789925423
536561,1,1,5,0.42645456789925423
536571,1,1,7,65.53567071831414
536575,1,1,10,294.3093387692506
536603,1,1,9,888.6944947125711
536604,1,1,9,834.5251506805827
536606,1,1,8,861.8969409820577
536630,1,1,4,0.42645458358136
536651,1,1,10,288.45413534302554
536653,1,1,5,0.42645457969393247
536672,1,1,4,0.42645458358136
536676,1,1,1,655.6967773998267
536685,1,1,7,82.73203476076851
536704,1,1,7,89.88402827879162
536706,1,1,3,89.39028974729386
536707,1,1,8,170.3759127242859
536717,1,1,10,718.6285407042079
536720,1,1,3,32.1267044906441
536741,1,1,5,0.42645457969393247
536749,1,1,4,0.42645458358136
536758,1,1,8,454.41875549470143
536763,1,1,4,0.42645458358136
536785,1,1,10,437.6569001273354
536795,1,1,5,0.42645457969393247
536802,1,1,6,306.78001290495195
536805,1,1,9,831.3211408863627
536806,1,1,1,428.3907971008724
536842,1,1,4,0.42645458358136
536862,1,1,4,0.42645458358136
536879,1,1,9,433.8704817967737
536903,1,1,6,323.11105815960946
536915,1,1,4,0.42645458358136
536947,1,1,6,395.3778065520869
536953,1,1,9,251.94293839423014
536966,1,1,8,541.2785881647321
536972,1,1,4,0.42645458358136
536999,1,1,8,654.5401078966971
537002,1,1,6,780.4164438902139
537015,1,1,5,0.42645457969393247
537020,1,1,6,786.5500374445968
537029,1,1,8,620.3647680847081
537052,1,1,9,878.5408384146127
537061,1,1,4,0.42645458358136
537077,1,1,8,410.61341363225176
537081,1,1,7,147.42074542845842
537087,1,1,3,45.70889374558466
537092,1,1,10,285.52397524994336
537118,1,1,8,376.80227051922907
537132,1,1,10,651.409566382328
537134,1,1,5,0.42645457969393247
537144,1,1,7,134.49754147331439
537151,1,1,9,593.1438892660492
537161,1,1,9,680.940207511478
537174,1,1,6,556.9092481797946
537175,1,1,10,561.2525901301276
537176,1,1,3,79.50869209064582
537179,1,1,9,853.8397543495624
537183,1,1,4,0.42645458358136
537205,1,1,4,0.42645458358136
537208,1,1,4,0.42645458358136
537234,1,1,1,762.0919878727417
537238,1,1,1,424.2327868528504
537240,1,1,3,92.29368141354408
537251,1,1,9,829.1411723274757
537254,1,1,4,0.4264545919581291
537263,1,1,4,0.4264545919581291
537280,1,1,3,80.54459598530367
537289,1,1,9,598.0042371324691
537290,1,1,9,776.2645406108453
537294,1,1,10,443.57791461349063
537314,1,1,6,781.0798658439899
537324,1,1,6,665.9880496380019
537325,1,1,5,0.42645457969393247
537333,1,1,9,544.2340778320631
537375,1,1,10,470.742214381786
537376,1,1,9,142.67807785465632
537444,1,1,7,54.75132554610071
537457,1,1,6,176.91215501619624
537459,1,1,9,810.5846615763394
537494,1,1,7,71.38495895635434
537500,1,1,4,0.42645458358136
537522,1,1,2,142.52809060808505
537529,1,1,9,735.7474994016552
537541,1,1,5,0.42645457969393247
537562,1,1,8,612.1705305173772
537564,1,1,1,735.9467030593535
537574,1,1,9,624.2431919841957
537580,1,1,1,611.7098851712159
537591,1,1,5,0.42645457969393247
537607,0,1,0,0.1272311257879658
537613,1,1,4,0.42645458358136
537625,1,1,6,323.63297522483515
537634,1,1,9,461.52404627591324
537660,1,1,2,292.3615359461044
537667,1,1,8,698.2153408827389
537673,1,1,8,536.8774148416167
537694,1,1,5,0.42645456789925423
537703,1,1,4,0.4264545919581291
537742,1,1,7,122.69801000160696
537747,1,1,5,0.42645457969393247
537760,1,1,8,385.6769523318671
537764,1,1,4,0.42645458358136
537783,1,1,6,158.90968480044097
537785,0,1,0,0.08641919637329278
537822,1,1,9,680.5411447474087
537845,1,1,7,83.06170641703895
537864,1,1,9,346.2673439129713
537869,1,1,1,318.71803974296745
537871,1,1,8,199.24524613267545
537875,1,1,6,782.655019496648
537881,1,1,6,786.4509761839614
537884,1,1,9,654.6580314284287
537890,1,1,1,377.6653693470205
537892,1,1,4,0.42645458358136
537906,1,1,2,382.72620752081076
537909,1,1,2,110.70984606866426
537927,1,1,5,0.42645457969393247
537928,1,1,3,88.22911446377883
537933,1,1,9,336.6775935251755
537937,1,1,10,608.096126321588
537951,1,1,10,342.4715998166657
537954,1,1,8,476.3195050464646
537957,0,1,0,0.10813803808450305
537965,1,1,4,0.42645458358136
537974,1,1,5,0.42645457969393247
537975,1,1,10,297.02472407245756
537981,1,1,2,473.53621831375807
537986,1,1,8,493.299980311944
537991,1,1,6,643.1530408598078
537994,1,1,8,452.23668395615
537999,1,1,6,793.0078937331607
538008,1,1,8,820.313803766143
538011,1,1,4,0.42645458358136
538014,1,1,6,557.6400187478989
538022,1,1,4,0.42645458358136
538032,1,1,9,730.0668817804669
538037,1,1,9,485.50233102338365
538051,1,1,10,410.02909450612384
538069,1,1,8,916.3823332644922
538090,1,1,6,592.2789327211544
538096,1,1,9,552.2564128122646
538118,1,1,7,170.42709355114368
538124,1,1,5,0.42645457969393247
538130,1,1,4,0.42645458358136
538133,1,1,9,376.0892268407988
538140,1,1,6,796.7435279022644
538153,1,1,5,0.42645457969393247
538169,1,1,8,435.499444121281
538184,1,1,5,0.42645457969393247
538216,1,1,4,0.42645458358136
538224,1,1,9,183.8071710616446
538230,1,1,3,64.3422208424051
538254,1,1,9,255.17150761256335
538265,1,1,10,661.4038432064935
538286,1,1,7,157.9287251000903
538298,1,1,6,329.7608364953944
538302,1,1,5,0.42645457969393247
538307,1,1,1,486.28137852557865
538313,1,1,2,417.03236228071864
538320,1,1,2,107.19510402240903
538325,1,1,4,0.4264545919581291
538327,1,1,3,90.97024881479754
538328,1,1,2,487.4513241172763
538343,1,1,7,158.54169664448273
538346,1,1,5,0.42645457969393247
538347,1,1,8,294.04031487533126
538352,1,1,10,312.34709963365214
538367,1,1,9,614.649867359197
538374,1,1,8,226.66259338529693
538396,1,1,3,92.76864625469774
538398,1,1,10,315.61975496856337
538408,1,1,3,88.5543800302786
538410,1,1,4,0.42645458358136
538413,1,1,8,843.7072825705646
538419,1,1,9,393.3538023148747
538431,1,1,1,225.26239068201951
538440,1,1,5,0.42645457969393247
538443,1,1,9,358.87534461940396
538452,1,1,9,297.85107192773796
538462,1,1,8,746.116212949039
538464,1,1,2,131.09085668048348
538468,1,1,5,0.42645457969393247
538476,1,1,5,0.42645457969393247
538481,1,1,2,406.9432383497462
538486,1,1,10,661.3822508280358
538501,1,1,1,548.6091391889037
538511,1,1,2,473.8582324704202
538539,1,1,4,0.42645458358136
538542,1,1,5,0.42645457969393247
538552,1,1,9,239.15094735800557
538588,1,1,9,208.65743954272816
538618,1,1,9,365.86109008975603
538637,1,1,10,626.1681469475502
538642,1,1,7,136.80997250923977
538644,1,1,9,676.9882756563761
538654,1,1,5,0.42645457969393247
538661,1,1,6,448.5330518108453
538665,1,1,5,0.42645457969393247
538673,1,1,7,156.99441651525646
538690,1,1,4,0.42645458358136
538691,1,1,1,659.1626093736784
538718,1,1,3,44.7712778291438
538766,1,1,7,139.81062176838512
538767,1,1,10,342.0068481446664
538770,1,1,1,263.0392746673216
538782,1,1,8,526.7295554294792
538783,1,1,2,268.1626963162166
538785,1,1,9,248.8309393776535
538786,1,1,9,508.40987184219836
538791,1,1,5,0.42645457969393247
538812,1,1,10,716.6112459466123
538828,1,1,3,37.350649787382615
538833,1,1,6,257.17121450393097
538837,1,1,9,834.3099007017456
538843,1,1,9,785.7501665349738
538879,1,1,8,637.6447889556244
538884,1,1,7,98.14649503125212
538898,1,1,4,0.42645458358136
538921,1,1,2,354.8416285896634
538929,1,1,8,780.7162237985608
538933,1,1,4,0.42645458358136
538955,1,1,10,567.2274106067987
538958,1,1,5,0.42645457969393247
538962,1,1,1,740.2020948574584
538976,1,1,4,0.4264545919581291
538982,1,1,7,31.017187057949567
539006,1,1,6,699.027491196988
539010,1,1,9,796.766392999787
539023,1,1,6,516.9359016732035
539024,1,1,9,874.6853812928726
539048,1,1,1,428.93608208838833
539074,1,1,8,657.2081424770877
539077,1,1,6,698.269571005296
539080,1,1,5,0.42645457969393247
539094,1,1,10,478.60011902786675
539098,1,1,5,0.42645457969393247
539105,1,1,5,0.42645457969393247
539108,1,1,4,0.42645458358136
539113,1,1,4,0.42645458358136
539127,1,1,9,874.7220988889835
539134,1,1,9,616.2669248008247
539135,1,1,9,294.64335896245797
539145,1,1,5,0.42645457969393247
539150,1,1,9,377.8812524443805
539155,1,1,8,554.5324435813662
539158,1,1,9,813.4378045401756
539172,1,1,8,436.2367544119227
539189,1,1,9,562.9400859682565
539190,1,1,6,222.9500531515759
539198,1,1,3,56.52994581060159
539210,1,1,8,507.55374397321566
539211,1,1,8,539.4605701042854
539213,1,1,9,378.803423761516
539219,1,1,9,42.11353115430284
539264,1,1,9,609.6528181623128
539270,0,1,0,0.10185417929096481
539283,1,1,9,648.1639830284706
539290,1,1,9,545.3417943204157
539298,1,1,9,875.9525202506486
539317,1,1,9,208.45426275389423
539322,1,1,5,0.42645457969393247
539326,1,1,2,150.81020313035248
539339,1,1,6,384.5735528103166
539347,1,1,6,804.3835565594937
539356,1,1,4,0.42645458358136
539364,1,1,6,667.6380568569808
539369,1,1,9,862.0047934711297
539387,1,1,8,396.997539393518
539388,1,1,9,244.17981485921655
539390,1,1,6,221.98966134325894
539400,1,1,5,0.42645457969393247
539417,1,1,3,84.18386959880667
539425,1,1,8,245.18440302738344
539441,1,1,5,0.42645457969393247
539445,1,1,4,0.42645458358136
539465,1,1,8,362.94021236397145
539469,1,1,6,784.8420532013728
539470,1,1,4,0.42645458358136
539472,1,1,5,0.42645457969393247
539473,1,1,9,852.9071695676137
539477,1,1,2,118.15981091440625
539506,1,1,2,392.82151198534996
539509,1,1,7,149.2193516083231
539522,1,1,6,363.93322781179893
539524,1,1,1,689.2636584656271
539548,1,1,4,0.42645458358136
539549,1,1,7,88.49109526836845
539556,1,1,10,723.3444209426139
539558,1,1,3,82.2342486432459
539577,1,1,6,518.3346367983983
539596,1,1,6,311.1998573943141
539635,1,1,7,160.07441491660546
539642,1,1,9,58.75702707605243
539645,1,1,3,83.34738956282139
539646,1,1,10,444.9414772197057
539672,1,1,6,660.1342225199202
539677,1,1,5,0.42645457969393247
539700,1,1,9,609.7424566116346
539701,1,1,9,37.75621323752772
539706,1,1,6,533.1200600273916
539719,1,1,8,207.07979161584794
539720,1,1,1,162.27272021121706
539721,1,1,5,0.42645457969393247
539739,1,1,5,0.42645457969393247
539750,1,1,9,772.776119072033
539762,1,1,4,0.42645458358136
539764,1,1,7,122.51233977191035
539766,1,1,6,399.1091830156448
539780,1,1,8,616.1252739302538
539781,1,1,4,0.42645458358136
539782,1,1,6,605.5358926034957
539786,1,1,9,866.9569466131757
539788,1,1,4,0.42645458358136
539809,1,1,8,947.2689234971319
539810,1,1,6,287.1399093663051
539829,1,1,6,490.0163549179386
539831,1,1,4,0.42645458358136
539836,1,1,2,420.4438103469202
539842,1,1,3,92.27380266289362
539870,1,1,8,369.14784753911437
539880,1,1,8,584.3763940002825
539893,1,1,5,0.42645456789925423
539896,1,1,7,149.99765068838636
539908,1,1,8,366.08206015418165
539909,1,1,6,329.83896278654515
539914,1,1,8,856.3143093276396
539917,1,1,5,0.42645457969393247
539919,1,1,6,624.2080271998237
539941,1,1,9,665.2213496974845
539968,1,1,4,0.42645458358136
539969,1,1,8,345.90403252311154
539975,1,1,4,0.42645458358136
539980,1,1,9,801.2257839881582
540015,1,1,5,0.42645457969393247
540046,1,1,8,928.2007859260068
540055,1,1,5,0.42645457969393247
540058,1,1,10,193.49367530410711
540071,1,1,6,275.54617816297315
540077,1,1,4,0.42645458358136
540084,1,1,6,385.92709631950675
540090,1,1,10,432.64195624612347
540109,1,1,6,516.4432869222917
540143,1,1,8,398.2125446768594
540148,1,1,5,0.42645457969393247
540153,1,1,4,0.42645458358136
540186,1,1,8,480.5140681341378
540189,1,1,6,806.708352188844
540196,1,1,8,704.7389448778217
540203,1,1,9,893.0709648050513
540216,1,1,10,261.0645070870012
540217,1,1,10,135.80199607713203
540260,1,1,6,355.25840247809185
540264,1,1,2,490.95216321652924
540279,1,1,5,0.42645456789925423
540280,0,1,0,0.09166058115372352
540284,1,1,6,530.5618074764449
540287,1,1,4,0.42645458358136
540292,1,1,5,0.42645457969393247
540300,1,1,9,66.97625207025881
540322,1,1,5,0.42645457969393247
540334,1,1,1,734.6617011542346
540341,1,1,10,530.0425243452017
540354,1,1,7,92.18228712507819
540369,1,1,5,0.42645457969393247
540372,1,1,8,548.557554807363
540378,1,1,8,216.1302652113127
540380,1,1,5,0.42645457969393247
540382,1,1,5,0.42645457969393247
540405,1,1,6,508.15125064775356
540408,1,1,10,358.05286900156244
540410,1,1,6,796.9516284997607
540425,1,1,1,490.9379990516291
540450,1,1,8,273.65672988789316
540465,1,1,8,809.2453953511567
540471,1,1,5,0.42645457969393247
540495,1,1,2,238.94251720755165
540524,1,1,1,739.2030639813665
540534,1,1,7,10.025510200762849
540556,1,1,5,0.42645457969393247
540563,1,1,10,720.1359503389571
540565,1,1,6,323.902486896936
540575,1,1,8,494.17887501713415
540585,1,1,5,0.42645457969393247
540613,1,1,6,203.7700313564788
540617,1,1,1,231.3767464223952
540635,1,1,10,124.63679867474397
540639,1,1,3,62.79363654085548
540648,1,1,9,631.7834749193236
540665,1,1,1,763.1218055927188
540668,1,1,8,504.971444617793
540672,1,1,9,609.2683872358973
540678,1,1,10,261.34881203606005
540687,1,1,10,721.8642183414146
540688,1,1,4,0.42645458358136
540693,1,1,4,0.42645458358136
540711,0,1,0,0.10100060140794154
540715,1,1,9,797.0226202814265
540719,1,1,8,826.7707423570885
540740,1,1,10,685.4229302402064
540748,1,1,2,427.5374289715564
540762,1,1,4,0.42645458358136
540765,1,1,5,0.42645457969393247
540785,1,1,9,844.6958013498796
540809,0,1,0,0.11299508076828257
540817,1,1,9,731.1658291738265
540834,1,1,1,703.5630389294332
540844,1,1,4,0.42645458358136
540854,1,1,10,485.9922098430897
540878,1,1,9,864.9259605698519
540907,1,1,8,866.4526042604086
540926,1,1,6,255.93809466440615
540954,1,1,9,276.677523397263
540967,0,1,0,0.19909447766010585
540969,1,1,10,339.76044972851275
540994,1,1,9,549.7419713213042
541006,1,1,1,746.9149306026994
541007,1,1,6,430.0858286599541
541010,1,1,3,79.46706039998844
541014,1,1,10,440.86073106818134
541015,1,1,6,798.1220259407556
541023,0,1,0,0.10003358079811084
541034,1,1,9,863.7947857956151
541035,1,1,8,670.4649026226194
541038,1,1,8,516.6800539267609
541041,1,1,8,632.8593876893275
541042,1,1,5,0.42645457969393247
541043,1,1,5,0.42645457969393247
541067,1,1,2,315.8743473898557
541087,1,1,2,56.55048118769853
541094,1,1,10,167.583900254373
541104,1,1,1,542.1947783151934
541108,1,1,4,0.42645458358136
541111,1,1,6,777.233966192924
541112,1,1,5,0.42645457969393247
541129,1,1,9,810.3002371418082
541135,1,1,8,264.7426053168591
541141,1,1,7,54.45466170013422
541146,1,1,4,0.42645458358136
541155,1,1,4,0.42645458358136
541160,1,1,8,806.5083187786399
541163,1,1,5,0.42645457969393247
541169,1,1,10,510.2987879141198
541180,1,1,6,714.2140237277306
541198,1,1,2,367.1237145582928
541207,1,1,7,91.70314065215113
541244,1,1,1,466.2075016019169
541247,1,1,3,84.40257420101024
541275,1,1,10,130.34700140062634
541292,1,1,2,92.2090951737341
541306,1,1,5,0.42645456789925423
541312,1,1,9,513.8966524080255
541320,1,1,5,0.42645457969393247
541330,1,1,8,639.9222932817503
541334,1,1,9,551.5258452403133
541337,1,1,6,551.590331020542
541338,1,1,10,610.3168574859262
541344,1,1,5,0.42645457969393247
541359,1,1,5,0.42645457969393247
541371,1,1,3,93.1256794199876
541373,0,1,0,0.12871902206476724
541376,1,1,7,72.29352900673582
541378,1,1,6,784.5715581177299
541379,1,1,8,679.2997481676018
541388,1,1,6,491.81868915306245
541397,1,1,5,0.42645457969393247
541411,1,1,4,0.42645458358136
541412,1,1,6,227.7124951687367
541428,1,1,9,853.2591817903325
541429,1,1,9,878.7489570126706
541430,1,1,8,465.6545089075573
541444,1,1,9,565.9215133207819
541456,1,1,5,0.42645457969393247
541458,1,1,10,350.3612154317626
541469,1,1,10,272.91933314932214
541481,1,1,5,0.42645457969393247
541486,1,1,4,0.42645458358136
541492,1,1,3,79.63132428300602
541499,1,1,1,762.914205762794
541506,1,1,5,0.42645457969393247
541517,1,1,5,0.42645457969393247
541518,1,1,8,625.585145619188
541525,1,1,8,278.5717157976583
541540,1,1,6,746.5194470241404
541557,1,1,9,532.0055067283615
541559,1,1,8,618.7805735781778
541562,1,1,8,361.18118196707303
541563,1,1,9,444.1065723669756
541565,1,1,8,612.5634952281977
541584,1,1,4,0.42645458358136
541604,1,1,1,468.6308404823451
541609,1,1,9,796.7402056653136
541649,1,1,9,747.1639017938404
541652,1,1,4,0.42645458358136
541656,1,1,5,0.42645457969393247
541691,1,1,9,871.4153386261904
541694,1,1,6,779.1183303833586
541699,1,1,1,398.78232358762057
541707,1,1,9,869.9375767109968
541722,1,1,8,915.3635556431325
541724,0,1,0,0.11778278532733705
541731,1,1,9,578.76607611133
541742,1,1,5,0.42645457969393247
541747,1,1,8,731.5802038208917
541790,1,1,5,0.42645457969393247
541795,1,1,8,798.3461095553226
541797,1,1,7,167.7119559245308
541804,1,1,8,939.9054679530611
541821,1,1,10,457.8104990809895
541823,1,1,4,0.42645458358136
541862,1,1,8,871.0211294942417
541888,1,1,10,214.21160197013668
541894,1,1,10,441.4191321820746
541895,1,1,8,921.5893779783463
541900,1,1,6,778.8385918419867
541905,1,1,5,0.42645457969393247
541911,1,1,6,628.9492804928273
541966,1,1,6,767.8700718066249
541974,1,1,4,0.42645458358136
541982,1,1,3,92.19950306432314
541992,1,1,5,0.42645457969393247
541994,1,1,4,0.42645458358136
542021,1,1,8,704.8250903103349
542022,1,1,1,679.1460991061106
542037,0,1,0,0.06950626572332846
542043,1,1,10,460.61461994544
542048,1,1,7,91.54873611586416
542051,1,1,6,803.0487461679346
542056,1,1,6,775.6254865211126
542058,1,1,9,665.1204151106197
542072,1,1,1,751.6000083565939
542077,1,1,6,791.0769578635578
542087,1,1,1,492.20469022342377
542093,1,1,9,714.7796494996303
542104,1,1,7,123.86479328084853
542107,1,1,8,831.4806544736684
542108,1,1,9,608.1222148968928
542121,1,1,2,348.56070419235175
542124,1,1,4,0.42645458358136
542127,1,1,7,167.64662127839952
542131,1,1,9,814.0682623592002
542163,1,1,5,0.42645457969393247
542164,1,1,5,0.42645457969393247
542177,1,1,8,548.735196739894
542179,1,1,7,24.6047373294241
542183,1,1,8,536.9955727942729
542188,1,1,6,364.99241419680345
542216,1,1,6,761.7920663104676
542254,1,1,2,317.056734096611
542259,1,1,10,433.6383504098555
542268,1,1,6,445.7156469427073
542273,1,1,8,765.942795256323
542276,1,1,10,130.83058423658625
542287,1,1,10,460.78876657196474
542307,1,1,4,0.42645458358136
542308,1,1,8,719.5299599196962
542309,1,1,10,364.4609351357219
542319,1,1,4,0.42645458358136
542344,1,1,9,648.3259337724567
542359,1,1,2,479.21684958398953
542366,1,1,9,885.8709584179591
542370,1,1,9,506.8547748725077
542371,1,1,3,87.75716516888214
542378,1,1,8,714.320896339495
542379,1,1,9,448.29133190858914
542380,1,1,5,0.42645457969393247
542391,1,1,9,187.91309513332936
542393,1,1,8,772.009821546734
542394,1,1,5,0.42645457969393247
542411,1,1,10,722.2157026649782
542418,1,1,5,0.42645457969393247
542419,1,1,10,718.1918539861731
542420,1,1,8,458.0807999548163
542437,1,1,7,97.40791491049282
542441,1,1,4,0.42645458358136
542463,1,1,5,0.42645457969393247
542470,1,1,5,0.42645457969393247
542486,1,1,4,0.4264545919581291
542487,1,1,5,0.42645456789925423
542488,1,1,10,720.1806675849796
542493,1,1,8,920.8115201346538
542496,1,1,9,832.8135151052243
542497,1,1,6,437.00150564351424
542498,1,1,6,689.6454392131237
542511,1,1,2,348.0143911918275
542515,1,1,9,597.9182456884869
542521,1,1,6,678.4344298342787
542526,1,1,8,781.2034201689995
542527,1,1,9,48.62125749939288
542534,1,1,6,782.0984630555242
542538,1,1,10,696.5981254581275
542544,1,1,1,692.6058216844898
542545,1,1,5,0.42645457969393247
542568,1,1,8,690.6253372870958
542587,1,1,5,0.42645457969393247
542634,1,1,3,90.52719454248013
542636,1,1,1,719.7880620101598
542642,1,1,10,457.877979156267
542644,1,1,8,885.4105613742547
542646,1,1,9,408.3164138088421
542664,1,1,5,0.42645457969393247
542675,1,1,10,625.4914699200888
542690,1,1,7,99.28438300983709
542699,1,1,9,425.515058581805
542726,1,1,5,0.42645457969393247
542728,1,1,8,693.753480880747
542733,1,1,2,450.9858417411723
542739,1,1,9,184.95969280370971
542762,1,1,1,186.80364196934298
542775,1,1,4,0.4264545919581291
542776,1,1,5,0.42645456789925423
542786,1,1,4,0.42645458358136
542791,1,1,1,536.1804898431234
542801,1,1,4,0.42645458358136
542803,1,1,8,574.2637845873505
542842,1,1,8,628.8898122401189
542851,1,1,6,745.5939198763426
542861,1,1,9,803.4980698744965
542877,1,1,4,0.42645458358136
542886,1,1,6,174.08465704830223
542901,1,1,8,926.7807371100713
542917,1,1,6,374.0201156961552
542936,1,1,9,819.8323184901191
542947,1,1,1,229.44905452032665
542975,1,1,8,942.641877591622
542977,1,1,8,596.3742448291862
542980,1,1,5,0.42645457969393247
542981,1,1,1,639.0112626399721
542985,1,1,8,809.5914282560149
543048,1,1,6,557.9865012059716
543054,1,1,9,772.6643974617074
543086,1,1,8,885.6201697213183
543098,1,1,7,169.05517430061727
543100,1,1,7,136.89043377698076
543101,1,1,10,718.8472407344753
543110,1,1,6,805.854056548224
543129,1,1,4,0.42645458358136
543141,1,1,1,603.7484290297765
543142,1,1,4,0.42645458358136
543157,1,1,3,89.77633712371559
543164,1,1,5,0.42645457969393247
543171,1,1,10,415.15752603035224
543173,1,1,6,790.7499409629344
543177,1,1,8,604.7115673153943
543188,1,1,4,0.42645458358136
543206,1,1,6,731.2445947571882
543215,1,1,9,836.5296809252965
543222,1,1,5,0.42645457969393247
543225,1,1,3,89.21512641364164
543229,1,1,1,603.0368535870765
543243,1,1,1,604.7922280979916
543245,1,1,5,0.42645457969393247
543271,1,1,10,679.1393604713437
543277,1,1,4,0.42645458358136
543282,1,1,5,0.42645457969393247
543287,1,1,5,0.42645457969393247
543289,1,1,9,431.97804829959506
543302,1,1,4,0.42645458358136
543303,1,1,6,605.4414155847984
543312,0,1,0,0.12269663316953228
543317,1,1,1,221.41646088596676
543321,1,1,3,76.09358575632804
543333,1,1,6,628.7705466408627
543335,1,1,10,576.9839977738307
543339,1,1,8,249.0140163408164
543359,1,1,8,871.0944533488663
543374,1,1,10,669.9728172561372
543378,1,1,10,322.74888506246083
543389,1,1,9,461.242390264686
543405,1,1,9,720.6630983064847
543413,1,1,10,135.02862107223845
543414,1,1,3,85.32397801907521
543415,1,1,9,451.18863311685726
543419,1,1,4,0.4264545919581291
543423,1,1,6,620.5213611660041
543425,1,1,9,888.7021478255183
543430,1,1,8,319.42698737874883
543436,1,1,5,0.42645457969393247
543455,1,1,6,631.039096242097
543471,1,1,3,39.66625445601204
543476,1,1,1,406.4777849320709
543477,1,1,10,137.2576198963505
543494,1,1,8,303.6477904998995
543503,1,1,9,890.5483884015824
543506,1,1,6,338.7927632112092
543507,1,1,9,711.3963304805701
543508,1,1,8,869.0144146461728
543513,1,1,10,460.1317889854337
543521,1,1,3,44.14645479074519
543523,1,1,5,0.42645457969393247
543524,1,1,6,535.2651835912193
543530,1,1,5,0.42645457969393247
543554,1,1,6,806.011710900882
543578,1,1,5,0.42645457969393247
543604,1,1,10,443.7511060149169
543614,1,1,6,446.9367481368373
543615,0,1,0,0.13192192889576107
543622,1,1,9,835.287929934931
543629,1,1,9,818.512684041121
543635,1,1,3,73.98948256251914
543642,1,1,8,629.53779345697
543654,1,1,7,51.876592260855524
543657,1,1,7,0.42598355155621886
543660,1,1,1,602.527989132735
543673,1,1,10,459.86578719127033
543680,1,1,9,785.8885006698189
543693,1,1,1,676.3973102673266
543699,1,1,8,834.5297328158736
543736,1,1,6,774.0498060367001
543742,1,1,9,536.5325873305333
543744,1,1,5,0.42645457969393247
543763,1,1,5,0.42645457969393247
543768,1,1,10,652.9921800559943
543778,1,1,3,53.231847764477024
543782,1,1,3,90.85395167972281
543783,1,1,10,145.03989477824064
543792,1,1,9,880.5300156456151
543802,1,1,2,213.6266648836988
543827,1,1,6,719.6900973154891
543838,1,1,5,0.42645457969393247
543856,1,1,8,444.12934208161136
543858,1,1,6,544.2313093535313
543877,1,1,6,809.3543695873661
543882,1,1,10,676.4273077239325
543889,1,1,6,465.21939558280206
543915,1,1,9,32.11035842662044
543936,1,1,8,612.3221749337415
543942,1,1,8,470.52010823969533
543953,1,1,9,811.3847275789489
543962,1,1,9,415.70089782424293
543977,1,1,9,205.83857552694377
543984,1,1,8,494.9070480313376
543987,1,1,8,453.1843563748763
544002,1,1,9,516.5319864415183
544015,1,1,10,446.6292035625813
544018,1,1,5,0.42645457969393247
544031,1,1,10,272.51195919257304
544043,1,1,5,0.42645456789925423
544053,1,1,5,0.42645456789925423
544055,1,1,9,592.3581130781035
544103,1,1,2,462.2367134952976
544109,1,1,7,24.920429150040377
544113,1,1,7,133.11756152411326
544120,1,1,9,709.0157967880859
544137,1,1,4,0.42645458358136
544170,1,1,1,357.60923754779503
544184,1,1,6,233.31525472529478
544189,1,1,6,739.6315650856536
544193,1,1,5,0.42645457969393247
544201,1,1,9,320.58552277484785
544203,1,1,9,765.1108959024758
544210,1,1,5,0.42645457969393247
544212,1,1,9,876.8752665516062
544237,1,1,5,0.42645457969393247
544252,1,1,1,599.5538104908754
544254,1,1,5,0.42645457969393247
544260,1,1,9,540.8784483189789
544267,1,1,10,379.14959349899135
544277,1,1,6,508.866361226788
544283,1,1,9,830.022119259828
544286,1,1,10,317.02636756667664
544291,1,1,8,562.0817867457864
544304,1,1,5,0.42645457969393247
544318,1,1,6,746.7866768849443
544321,1,1,10,395.8919519022277
544365,1,1,6,811.6686302163937
544388,1,1,10,414.66701558707354
544400,1,1,10,469.5822784825158
544425,1,1,4,0.42645458358136
544427,1,1,9,528.7210038395209
544456,1,1,6,283.48672016037557
544459,1,1,9,872.0737393055666
544468,1,1,5,0.42645457969393247
544488,1,1,9,160.60678856690834
544499,1,1,9,32.330967444176025
544500,1,1,3,71.78064691210129
544518,1,1,3,89.7789114923806
544534,1,1,4,0.42645458358136
544537,1,1,10,418.05218312837235
544554,1,1,6,445.9968054521464
544556,1,1,1,459.60956815035235
544558,1,1,10,427.52304635218434
544580,1,1,6,618.4385656578892
544597,1,1,6,723.9145756597969
544621,1,1,4,0.42645458358136
544625,1,1,6,559.2838556215113
544628,1,1,6,586.4230998959639
544641,1,1,6,543.1480037084473
544661,1,1,5,0.42645457969393247
544663,1,1,7,121.32592076414494
544666,1,1,8,734.5645040024884
544679,1,1,3,81.78443811119307
544691,1,1,8,478.5631309088363
544695,1,1,5,0.42645457969393247
544705,1,1,9,531.4105457041904
544712,1,1,5,0.42645457969393247
544740,1,1,4,0.42645458358136
544754,1,1,8,605.8127721603585
544776,1,1,9,200.60109367570507
544780,1,1,8,781.1367153575821
544782,1,1,5,0.42645457969393247
544784,1,1,4,0.4264545919581291
544794,1,1,9,801.7322464777321
544802,1,1,5,0.42645457969393247
544817,1,1,7,122.95915532763254
544824,1,1,9,757.4932871777972
544826,1,1,9,766.9401425440399
544855,1,1,5,0.42645457969393247
544856,1,1,8,445.36120859855765
544859,1,1,2,475.95475191350977
544861,1,1,10,197.85619076381766
544873,1,1,6,348.4460226031164
544874,1,1,9,501.17704029699354
544890,1,1,9,565.0771032114909
544905,1,1,9,864.0416999977173
544906,1,1,6,470.86286434697115
544907,1,1,5,0.42645457969393247
544912,1,1,4,0.42645458358136
544925,1,1,6,574.111707441838
544928,1,1,1,632.5835189589721
544955,1,1,6,600.0775825798015
544988,1,1,8,561.8370022169147
544991,1,1,7,102.10539123697342
544995,1,1,6,631.7325687339702
545016,1,1,6,626.9642290912185
545019,1,1,7,89.71208183929706
545029,1,1,2,79.90163960347515
545042,1,1,9,418.94724255035163
545058,1,1,4,0.42645458358136
545067,1,1,9,70.81500274492618
545083,0,1,0,0.13345935137968423
545095,1,1,8,345.0311876518676
545099,1,1,8,564.8013752639528
545104,1,1,6,397.9111795844385
545113,1,1,9,603.8078928530513
545118,1,1,6,616.1849219502898
545121,1,1,9,659.3391240982947
545142,1,1,5,0.42645457969393247
545163,1,1,4,0.42645458358136
545168,1,1,9,818.3542061380424
545189,1,1,6,697.6440295319284
545209,1,1,5,0.42645457969393247
545238,1,1,4,0.42645458358136
545251,1,1,4,0.42645458358136
545252,1,1,5,0.42645457969393247
545257,1,1,6,535.1995796144398
545273,1,1,6,505.6033871383483
545278,1,1,9,816.0188856351828
545306,1,1,6,196.53855186479032
545321,1,1,5,0.42645457969393247
545339,1,1,6,547.8408624921715
545343,1,1,6,328.59994937243096
545354,1,1,7,145.3754478971897
545357,1,1,10,570.294512692921
545359,1,1,8,422.6506992109341
545373,1,1,6,614.6652836606272
545384,1,1,10,232.30255802821506
545387,1,1,10,459.46239000440903
545394,1,1,6,700.3432121953266
545401,1,1,10,179.55734851484414
545404,1,1,6,721.9933353444584
545420,1,1,5,0.42645457969393247
545440,1,1,7,110.80595920238592
545443,1,1,4,0.42645458358136
545455,1,1,4,0.42645458358136
545488,1,1,6,322.40068919711064
545500,1,1,5,0.42645456789925423
545517,1,1,8,514.0733162319478
545527,1,1,5,0.42645457969393247
545530,1,1,6,544.0244746275166
545531,1,1,6,697.781822612673
545540,1,1,5,0.42645457969393247
545542,1,1,5,0.42645457969393247
545549,1,1,8,684.6571567901063
545556,1,1,9,72.98445096578372
545562,1,1,9,436.6338347879844
545563,1,1,2,386.85748721796125
545570,1,1,5,0.42645457969393247
545579,1,1,8,739.6521284095217
545594,1,1,5,0.42645457969393247
545613,1,1,5,0.42645457969393247
545618,1,1,5,0.42645457969393247
545666,1,1,8,271.71696946380007
545674,1,1,4,0.42645458358136
545689,1,1,5,0.42645457969393247
545690,1,1,8,837.6670580643471
545703,1,1,9,414.1216601009964
545710,1,1,7,161.87615891018655
545733,1,1,10,718.4976902425494
545742,0,1,0,0.12920147149158806
545744,1,1,9,615.6086696409375
545753,1,1,10,243.82907461474352
545757,1,1,10,519.5302466307184
545767,1,1,9,104.83410976814622
545772,1,1,1,757.9462901873083
545778,1,1,8,872.3050827568333
545793,1,1,4,0.42645458358136
545828,1,1,4,0.4264545919581291
545837,1,1,10,451.3126117886304
545838,1,1,10,718.9946914371934
545851,1,1,9,753.8956122408616
545866,1,1,10,181.57385550032296
545877,1,1,8,151.64023026255472
545880,1,1,9,876.6986407054178
545881,1,1,6,749.6300688391988
545882,1,1,9,545.9924211174028
545906,1,1,9,582.540525848702
545914,1,1,5,0.42645457969393247
545918,1,1,4,0.42645458358136
545921,1,1,8,386.13325307391364
545927,0,1,0,0.1082794434859157
545929,1,1,8,912.0749938823819
545941,1,1,8,728.6678045497309
545967,1,1,9,318.45725678485394
545977,1,1,8,734.6465364359839
545992,1,1,4,0.42645458358136
546014,1,1,6,587.7045674986342
546018,1,1,10,406.7290896945544
546031,1,1,9,583.4109893166262
546037,1,1,9,759.4610944150448
546047,1,1,3,93.87807439230751
546048,1,1,9,603.1387388972594
546054,1,1,10,346.3972313179691
546057,1,1,9,297.17327689563666
546064,1,1,10,721.813766735042
546072,1,1,9,502.55502649634366
546091,1,1,7,69.09834458006927
546120,1,1,6,351.03699241954007
546123,1,1,8,854.8912087481066
546126,1,1,9,842.4786207884572
546128,1,1,1,551.8243481586653
546145,1,1,10,112.42913964297934
546148,1,1,6,645.0464003941277
546152,1,1,4,0.42645458358136
546156,1,1,6,534.2316848831296
546183,1,1,9,603.1766914303564
546202,1,1,8,290.7789142143548
546204,1,1,10,439.1288855148683
546217,1,1,5,0.42645457969393247
546238,1,1,9,702.2256124367769
546240,1,1,10,378.31166715647817
546249,1,1,1,617.0065054805831
546255,1,1,9,588.3387560843294
546256,1,1,9,435.3612156022666
546260,1,1,9,827.4774930590877
546269,1,1,9,855.1761849562532
546273,1,1,8,548.5561887184031
546281,1,1,5,0.42645457969393247
546282,1,1,6,428.0427652856751
546295,1,1,7,169.4179749185369
546301,1,1,5,0.42645457969393247
546310,1,1,4,0.42645458358136
546326,1,1,8,486.053365312892
546332,1,1,10,94.84156696633013
546343,1,1,8,150.34579010669566
546344,1,1,8,493.0366212131277
546350,1,1,6,623.8566841835402
546352,1,1,6,611.6711964136364
546362,1,1,6,233.52926563528277
546377,1,1,8,868.2683594296179
546397,1,1,5,0.42645457969393247
546399,1,1,2,120.86317650845463
546405,1,1,6,764.4850411866158
546410,1,1,4,0.42645458358136
546437,1,1,1,706.7867921349057
546444,1,1,9,384.4526414757424
546446,1,1,10,212.72454620422462
546451,1,1,8,903.2684712071153
546455,1,1,9,832.7089194440671
546456,1,1,4,0.42645458358136
546471,1,1,4,0.42645458358136
546480,1,1,8,763.3727074924177
546501,1,1,9,862.7206351585611
546513,1,1,8,767.3512298211962
546516,1,1,5,0.42645457969393247
546519,1,1,5,0.42645457969393247
546527,1,1,6,651.686129056897
546529,1,1,1,537.3885188631137
546554,1,1,8,645.628661609691
546568,1,1,6,695.1030921389477
546575,1,1,7,68.18085411120254
546578,1,1,5,0.42645457969393247
546582,1,1,6,614.7639885579257
546586,1,1,8,674.4787766709569
546594,1,1,10,430.60407040118423
546604,1,1,6,545.8115306103737
546619,1,1,9,700.2950426700044
546627,1,1,5,0.42645457969393247
546629,1,1,5,0.42645457969393247
546630,1,1,4,0.42645458358136
546656,1,1,9,610.7768594279297
546658,1,1,5,0.42645457969393247
546667,1,1,9,877.8418278014484
546670,1,1,8,853.7025387500476
546679,1,1,9,875.3933618861688
546681,1,1,5,0.42645457969393247
546707,1,1,8,353.016592525358
546711,1,1,6,526.5718911514746
546712,1,1,7,145.11775489804575
546715,1,1,5,0.42645457969393247
546731,1,1,8,578.4470218742127
546738,1,1,1,539.3605159879909
546752,1,1,9,94.03573509944083
546756,1,1,6,778.0548120524759
546759,1,1,8,625.7809233781595
546781,1,1,9,515.270939759223
546787,1,1,1,753.0137116203846
546806,1,1,1,704.003076935457
546810,1,1,8,437.4253174001444
546837,1,1,9,297.824218593868
546838,1,1,9,407.94343613458
546845,1,1,5,0.42645457969393247
546847,1,1,10,545.7552399696905
546860,1,1,4,0.42645458358136
546864,1,1,5,0.42645457969393247
546872,1,1,5,0.42645457969393247
546884,1,1,9,404.38146540666355
546892,1,1,9,300.3237753598359
546894,1,1,1,450.1352776882562
546898,1,1,6,560.9108172967594
546905,1,1,6,617.3994444082812
546906,1,1,9,861.7153900567577
546910,1,1,1,432.2489979476243
546931,1,1,5,0.42645457969393247
546932,1,1,9,405.18171766276083
546936,1,1,9,617.8379714849334
546940,1,1,8,280.11337684205
546949,1,1,5,0.42645457969393247
546951,1,1,6,416.61270811285067
546954,1,1,4,0.42645458358136
546961,1,1,8,210.99958422622723
546982,1,1,3,37.04156317336991
546986,1,1,9,404.9117026104227
546989,1,1,7,152.89586647955542
546994,1,1,8,254.55162443754378
547000,1,1,5,0.42645457969393247
547004,1,1,9,790.5633022946889
547013,1,1,7,135.17603762695873
547027,1,1,8,788.9095747299505
547038,1,1,6,604.6962255793817
547049,1,1,7,93.27520718230332
547077,0,1,0,0.12033288136210087
547078,1,1,5,0.42645457969393247
547088,1,1,6,348.50489158877696
547107,1,1,9,225.89289180716943
547109,1,1,1,167.93025367020869
547113,1,1,8,733.3141504143478
547117,1,1,9,725.8490225304871
547118,1,1,5,0.42645457969393247
547124,1,1,5,0.42645457969393247
547130,1,1,9,589.8600804458839
547140,1,1,8,354.37543251049567
547142,1,1,5,0.42645457969393247
547146,1,1,8,855.9250728339241
547148,1,1,7,17.548714410236748
547167,1,1,4,0.42645458358136
547173,1,1,6,425.1716888983258
547174,1,1,2,195.10224858474774
547177,1,1,6,563.92922837573
547193,1,1,4,0.42645458358136
547194,1,1,6,470.43780773218907
547199,1,1,9,582.4639209310877
547200,1,1,10,559.7614172415553
547233,1,1,7,129.0976701934849
547284,1,1,1,322.44212262359014
547285,1,1,9,570.3635775473718
547321,1,1,10,679.0534292200084
547341,1,1,1,762.7163820349168
547342,1,1,10,378.39380780243306
547349,1,1,1,411.3008914507506
547350,1,1,5,0.42645457969393247
547356,1,1,8,817.3674235962714
547370,1,1,10,194.2646540422993
547398,1,1,5,0.42645457969393247
547406,1,1,4,0.42645458358136
547409,1,1,10,394.2532162223711
547410,1,1,5,0.42645457969393247
547414,1,1,9,771.3998991049349
547416,1,1,4,0.42645458358136
547418,1,1,4,0.7987256385440374
547429,1,1,9,865.7499953906292
547431,1,1,8,633.3535788277378
547448,1,1,1,280.6162003508725
547467,1,1,2,250.06522060372882
547472,1,1,4,0.42645458358136
547475,1,1,8,754.8530867522404
547479,1,1,1,680.627019071359
547492,1,1,8,340.2318726453778
547499,1,1,5,0.42645457969393247
547501,1,1,10,253.35085988450487
547522,1,1,4,0.4264545919581291
547549,1,1,9,388.29589349383804
547551,1,1,1,671.3739597523565
547552,1,1,10,711.9352870296403
547566,1,1,1,153.08640182777256
547569,1,1,5,0.42645457969393247
547571,1,1,4,0.42645458358136
547579,1,1,2,298.2347848501342
547584,1,1,6,185.63719004946392
547597,1,1,10,459.6067495223018
547602,1,1,5,0.42645457969393247
547606,1,1,1,291.69225997810565
547607,1,1,8,212.26203827586042
547622,1,1,6,734.2011277474223
547648,1,1,6,691.0682345542326
547649,1,1,9,881.3810436833166
547656,1,1,7,45.44365113940886
547670,1,1,7,156.2332804998697
547683,1,1,6,712.844485691988
547688,1,1,10,346.76112816346233
547699,1,1,2,480.5051502135089
547709,1,1,4,0.42645458358136
547717,1,1,10,694.998185069344
547739,1,1,8,832.5753065562765
547748,0,1,0,0.10362590208836041
547751,1,1,4,0.42645458358136
547758,1,1,6,680.837388609904
547771,1,1,9,697.4922735954782
547773,1,1,10,723.1034018621023
547782,1,1,10,329.7696520895716
547794,1,1,9,674.1700067744285
547807,1,1,7,157.80849228625223
547808,1,1,5,0.42645456789925423
547813,1,1,5,0.42645457969393247
547817,1,1,10,196.57247673700974
547822,1,1,5,0.42645457969393247
547825,1,1,8,840.665945624195
547834,1,1,9,709.6117688890279
547849,1,1,8,262.8956510491989
547873,1,1,3,61.02649570304023
547876,1,1,10,594.0891964720613
547888,1,1,9,766.9425178621626
547891,1,1,10,299.1894092502522
547893,1,1,9,371.27671025065376
547895,1,1,6,317.04091686177253
547925,1,1,9,866.5740722545871
547944,1,1,6,738.0787614312399
547961,1,1,6,478.2960975731003
547967,1,1,9,545.7750505084838
547981,1,1,3,81.51327327626963
548006,1,1,4,0.42645458358136
548011,1,1,9,522.8450670289631
548013,1,1,7,174.87118570379587
548014,1,1,9,619.510666791173
548026,1,1,2,192.62723122984713
548035,1,1,4,0.42645458358136
548046,1,1,4,0.42645458358136
548049,0,1,0,0.11987408232034119
548055,1,1,8,774.9566254512843
548081,1,1,4,0.42645458358136
548082,1,1,6,739.8209101882622
548085,1,1,10,127.24973272743841
548099,1,1,4,0.42645458358136
548111,1,1,4,0.4264545919581291
548126,1,1,4,0.4264545919581291
548128,1,1,9,289.588435853792
548131,1,1,10,670.0209726102155
548144,1,1,10,406.6615926653786
548150,1,1,10,433.8963138528029
548162,1,1,6,204.9029045989578
548166,1,1,4,0.42645458358136
548182,1,1,9,459.69453609745284
548193,1,1,9,550.715636547741
548208,1,1,4,0.42645458358136
548210,1,1,9,609.3915747966887
548214,1,1,9,869.9030312911243
548222,1,1,5,0.42645457969393247
548227,1,1,10,126.09791381042983
548228,1,1,4,0.42645458358136
548247,1,1,10,108.05216444820502
548263,1,1,5,0.42645457969393247
548274,1,1,3,46.13699524081072
548286,1,1,3,89.61544035300098
548291,1,1,1,305.50701602792554
548297,1,1,5,0.42645457969393247
548303,1,1,2,440.77664488233
548310,1,1,4,0.42645458358136
548312,1,1,10,722.0536268836136
548329,1,1,6,511.2787327801141
548332,1,1,5,0.42645457969393247
548338,1,1,8,837.4873154577323
548351,1,1,5,0.42645457969393247
548355,1,1,8,796.7190938628715
548371,1,1,5,0.42645457969393247
548373,1,1,4,0.42645458358136
548374,1,1,5,0.42645456789925423
548375,1,1,6,734.7232870430776
548394,1,1,5,0.42645457969393247
548397,1,1,5,0.42645457969393247
548398,1,1,2,325.7831639635474
548412,1,1,9,510.0571412158696
548413,1,1,4,0.42645458358136
548424,1,1,9,819.8455210896333
548426,1,1,2,380.6617638189597
548444,1,1,4,0.42645458358136
548447,1,1,3,80.77139676740693
548450,1,1,7,130.51743438464564
548456,1,1,6,386.90624874676223
548459,1,1,6,418.8800713121529
548470,1,1,4,0.42645458358136
548521,1,1,5,0.42645457969393247
548527,1,1,10,669.2816809590272
548543,1,1,6,277.1329041269957
548546,1,1,9,722.83359445837
548557,1,1,1,734.7243161218745
548597,1,1,4,0.42645458358136
548598,1,1,9,430.378594633554
548608,1,1,6,355.8811649030658
548611,1,1,4,0.42645458358136
548619,1,1,6,409.97116334696574
548627,1,1,4,0.42645458358136
548633,1,1,7,168.780284876741
548636,1,1,6,613.6182729524105
548654,1,1,10,157.29864268303885
548660,1,1,5,0.42645457969393247
548679,0,1,0,0.08686714398147037
548697,1,1,8,508.48051869009925
548702,1,1,4,0.4264545919581291
548707,1,1,5,0.42645456789925423
548721,1,1,8,256.9013354021119
548729,1,1,8,716.3024814502405
548747,1,1,8,801.3876471818335
548749,1,1,9,837.2491074381346
548757,1,1,8,704.8818484014313
548763,1,1,7,110.82399282579405
548765,1,1,9,289.4370824975831
548771,1,1,4,0.42645458358136
548792,1,1,4,0.42645458358136
548794,1,1,9,781.9799539655297
548799,1,1,6,336.8105544684454
548808,1,1,8,374.30800021278515
548838,1,1,5,0.42645457969393247
548848,1,1,9,693.5056198024555
548849,1,1,3,87.36743901821652
548858,1,1,10,706.083938959988
548898,1,1,9,165.0035175387156
548918,1,1,8,697.4720550108526
548929,1,1,2,124.90428778761499
548944,1,1,9,420.4768273543595
548954,1,1,9,182.74707723212762
548963,1,1,6,319.48375375452997
548995,1,1,8,693.5388485650379
549005,1,1,6,339.0902128989903
549018,1,1,9,754.8090693717708
549032,1,1,5,0.42645457969393247
549045,1,1,5,0.42645457969393247
549050,1,1,1,599.5475529781953
549063,1,1,8,292.3885823106734
549071,1,1,10,633.9733579396475
549072,1,1,5,0.42645456789925423
549073,1,1,5,0.42645456789925423
549075,1,1,5,0.42645457969393247
549090,1,1,4,0.42645458358136
549097,1,1,9,819.5022273501548
549098,1,1,6,782.7222311772288
549103,1,1,9,338.16890250359734
549115,1,1,4,0.42645458358136
549135,1,1,3,75.84448780550197
549139,1,1,5,0.42645457969393247
549150,1,1,5,0.42645457969393247
549153,1,1,10,718.8357389235271
549161,1,1,4,0.42645458358136
549175,1,1,1,293.45352658773373
549177,1,1,7,101.3961303720348
549181,1,1,5,0.42645457969393247
549184,1,1,4,0.42645458358136
549185,1,1,4,0.42645458358136
549205,1,1,10,201.64704929074279
549227,1,1,3,47.786557182552734
549241,1,1,8,477.01194445114277
549243,1,1,4,0.42645458358136
549250,1,1,9,711.2543760415468
549266,1,1,5,0.42645457969393247
549276,1,1,5,0.42645457969393247
549302,1,1,8,763.8414346072235
549308,1,1,9,713.0042701699856
549313,1,1,4,0.42645458358136
549330,1,1,1,349.94715413909455
549335,1,1,10,710.5944774236187
549341,1,1,10,547.9069953251393
549353,1,1,2,217.44905136648876
549360,1,1,4,0.4264545919581291
549361,1,1,9,108.61846604147647
549362,1,1,9,828.6596091765758
549363,1,1,10,721.0605618150506
549371,1,1,4,0.42645458358136
549395,1,1,9,621.8839118557293
549407,1,1,6,179.80821253682723
549419,1,1,6,769.9077111963114
549426,1,1,5,0.42645457969393247
549441,1,1,8,567.476852591682
549466,1,1,9,550.9874250675374
549479,1,1,8,496.35914914669155
549483,1,1,9,162.22638831247056
549488,1,1,10,512.9290389249488
549497,1,1,8,174.64246370184642
549499,1,1,6,544.4007315471083
549500,1,1,8,561.4731636213825
549501,1,1,9,590.2204553051067
549502,1,1,10,646.6283041084448
549513,1,1,7,102.05347932597911
549533,1,1,1,455.7748634373222
549547,1,1,6,641.1880195897176
549556,1,1,9,246.75436066809894
549596,1,1,9,648.8316529802242
549602,0,1,0,0.15968037522446682
549607,1,1,6,405.5152834231846
549609,1,1,9,673.7034386037737
549610,1,1,9,708.305603067997
549611,0,1,0,0.12013377409921182
549628,1,1,2,289.97679497604213
549632,1,1,9,871.7911482382177
549651,1,1,1,583.9956671303801
549654,1,1,10,639.70606016671
549656,1,1,6,599.8686806575845
549669,1,1,9,615.6680353458519
549681,1,1,5,0.42645457969393247
549690,1,1,6,511.47261293347054
549698,1,1,2,131.59298908621133
549722,1,1,4,0.42645458358136
549725,1,1,9,838.4176692907006
549753,1,1,9,379.4988889076576
549760,1,1,6,739.9990706907365
549764,1,1,8,939.6637570245223
549766,1,1,10,709.6972466508843
549770,1,1,5,0.42645457969393247
549775,1,1,5,0.42645457969393247
549785,1,1,1,367.6042310017733
549787,1,1,9,875.9426285849294
549806,1,1,9,604.8537199388943
549807,1,1,2,408.44893771013835
549812,1,1,5,0.42645457969393247
549816,1,1,7,86.96659133143814
549836,1,1,2,386.8145884305265
549842,1,1,10,409.00530484097493
549843,1,1,6,656.4033479844214
549859,1,1,8,407.8573421859058
549879,1,1,2,67.24539281379522
549892,1,1,9,834.5922676332939
549894,1,1,5,0.42645457969393247
549898,1,1,9,589.3631177041061
549901,1,1,8,512.163148722773
549929,1,1,5,0.42645457969393247
549936,1,1,8,884.6858897226712
549939,1,1,9,169.52206776784243
549953,1,1,9,626.9457647454534
549980,1,1,1,687.2344894833241
550011,1,1,3,85.35312926382416
550029,1,1,4,0.42645458358136
550034,1,1,4,0.42645458358136
550044,1,1,6,809.7748503692416
550054,1,1,6,639.5028128599208
550064,1,1,5,0.42645457969393247
550075,1,1,9,124.51303495638358
550080,1,1,9,254.34628447861843
550090,1,1,9,566.7061710909776
550094,1,1,2,169.45169521680046
550101,1,1,10,639.4418094542051
550135,1,1,1,490.23997253817697
550140,1,1,6,497.9977949204651
550144,1,1,7,165.9750918588561
550184,1,1,9,413.8424400282897
550188,1,1,2,477.3407465914915
550200,1,1,9,862.9512488486424
550208,1,1,4,0.42645458358136
550209,1,1,6,589.423731548999
550214,1,1,1,599.634084507721
550229,1,1,10,705.2762753849125
550243,1,1,6,544.1435323784931
550246,1,1,6,303.7197843291111
550252,1,1,6,681.4079995513533
550260,1,1,6,789.0214295586504
550262,1,1,9,836.5205913955671
550263,1,1,9,656.0867322481098
550266,1,1,8,829.6834091238137
550270,1,1,6,797.4816304588409
550272,1,1,5,0.42645457969393247
550277,1,1,5,0.42645456789925423
550284,1,1,6,787.3735186994347
550285,1,1,5,0.42645457969393247
550320,1,1,10,526.3310751946232
550328,1,1,10,600.9769015953384
550360,1,1,5,0.42645457969393247
550364,1,1,4,0.42645458358136
550367,1,1,8,529.7340373103309
550400,1,1,9,596.513339540791
550419,1,1,10,441.8810187322704
550430,1,1,9,619.920437810576
550436,1,1,9,685.6461803860932
550445,1,1,6,403.91577185683457
550454,1,1,10,696.8589466258496
550456,1,1,9,835.7891233560165
550471,1,1,1,545.006525215306
550495,1,1,4,0.42645458358136
550502,1,1,6,785.9487748797638
550503,1,1,10,202.92704383490917
550528,1,1,4,0.42645457969393247
550538,1,1,5,0.42645457969393247
550547,1,1,4,0.42645458358136
550559,1,1,1,484.132684545587
550568,1,1,9,821.7975688839839
550578,1,1,7,126.68475530695022
550590,1,1,6,675.3908572349853
550605,1,1,7,78.1298012462297
550626,1,1,10,709.1325838414136
550639,1,1,10,651.8440400416197
550669,1,1,8,405.2932874672348
550687,1,1,2,470.5049062146483
550694,1,1,5,0.42645457969393247
550695,1,1,1,622.5592605402568
550702,1,1,7,171.81588812087944
550708,1,1,4,0.42645458358136
550725,1,1,6,535.4616636285525
550729,1,1,4,0.42645458358136
550735,1,1,5,0.42645457969393247
550739,1,1,6,458.78472126064537
550756,1,1,7,68.25182782759892
550763,1,1,4,0.42645458358136
550771,1,1,5,0.42645457969393247
550774,1,1,9,59.508107511315934
550782,1,1,9,220.91127403877988
550796,1,1,8,535.4521184748146
550803,1,1,8,497.8355531564557
550804,0,1,0,0.10813109036217967
550806,1,1,7,35.632910666106405
550814,1,1,2,423.7071902418111
550815,1,1,7,121.05826350915478
550830,1,1,9,723.5637078775796
550834,1,1,10,681.260237790337
550840,1,1,9,386.3875013467078
550842,1,1,2,427.5991966210354
550847,1,1,6,746.8671822782643
550859,1,1,5,0.42645457969393247
550866,1,1,9,125.85400338269889
550886,1,1,1,193.33801814806267
550913,1,1,10,437.27846233979653
550921,1,1,5,0.42645457969393247
550926,1,1,6,783.1217432798607
550930,1,1,9,359.3774840196541
550931,1,1,5,0.42645457969393247
550938,1,1,7,135.82305827029384
550939,1,1,6,665.9299720117416
550950,1,1,6,790.6359468017208
550964,1,1,10,530.3807598768018
550967,1,1,9,593.529457762744
551023,1,1,10,567.024005334717
551046,1,1,10,245.1271097870362
551051,1,1,4,0.42645458358136
551057,1,1,10,560.8035613029019
551064,1,1,10,464.17730537420664
551073,1,1,10,379.16083499758236
551078,1,1,3,91.07333919530296
551087,1,1,3,94.00312102419161
551095,1,1,6,402.0726726709781
551100,1,1,6,720.9942700256458
551116,1,1,6,656.406978637122
551132,1,1,9,680.3536058574234
551133,1,1,1,196.1195597632359
551137,1,1,6,627.4490937024929
551139,1,1,10,532.4224060137235
551147,1,1,8,146.4322557719023
551175,1,1,6,642.552201080252
551192,1,1,1,680.4159386159481
551194,1,1,9,717.8779081924131
551206,1,1,9,738.9967479381073
551210,1,1,10,452.6224650821702
551218,1,1,8,799.1969739249683
551219,1,1,9,418.91343513257704
551220,1,1,9,225.54775916499867
551224,1,1,6,409.9895187565514
551233,1,1,4,0.42645458358136
551253,1,1,6,302.4350969871454
551260,1,1,6,464.4711697706573
551266,1,1,10,124.69272852173648
551274,1,1,6,587.6184221176254
551277,1,1,9,598.1772453985984
551285,1,1,9,886.7652718101212
551292,1,1,6,319.72192384154187
551305,1,1,4,0.42645457969393247
551323,1,1,6,186.40526786403686
551324,1,1,8,518.0842932681769
551329,1,1,8,671.933149962976
551342,1,1,7,148.7069904260236
551348,1,1,5,0.42645457969393247
551353,1,1,9,862.7339739000072
551367,1,1,4,0.42645458358136
551374,1,1,6,741.7724708231652
551379,1,1,1,719.5280295911948
551400,1,1,5,0.42645457969393247
551410,1,1,4,0.42645458358136
551418,1,1,5,0.42645457969393247
551429,1,1,8,561.6722912442171
551453,1,1,6,365.7965842937197
551456,1,1,8,200.13560049232893
551458,1,1,3,67.1575124095219
551464,1,1,8,285.4733678836748
551467,1,1,8,636.8847105699488
551469,1,1,5,0.42645457969393247
551495,1,1,7,68.9697300398536
551497,1,1,5,0.42645457969393247
551498,1,1,8,843.6421590544215
551516,1,1,9,285.33797053836867
551524,1,1,10,720.6772056943051
551533,1,1,6,660.3835024662062
551554,1,1,10,433.31050308486914
551557,1,1,10,693.797025271634
551585,1,1,4,0.4264545919581291
551609,1,1,6,334.5673428939036
551618,1,1,4,0.42645458358136
551630,1,1,9,830.8154545367186
551635,1,1,9,502.73497238507315
551638,1,1,10,415.37687359604513
551642,1,1,5,0.42645457969393247
551650,1,1,4,0.42645458358136
551651,1,1,4,0.42645458358136
551661,1,1,8,153.16302789327767
551665,1,1,4,0.42645458358136
551703,1,1,4,0.42645458358136
551714,1,1,2,74.14573104776454
551726,1,1,10,460.514344578952
551748,1,1,10,484.649040680226
551749,1,1,6,423.586173603607
551760,1,1,10,719.2398687660224
551772,1,1,4,0.42645458358136
551808,1,1,6,720.7184666972394
551809,1,1,6,644.9273891344668
551812,1,1,6,744.8034137805619
551827,1,1,8,268.75136280361033
551828,1,1,8,691.778174220753
551843,1,1,1,360.95597496735695
551844,1,1,8,184.6892042027868
551875,1,1,1,280.53139064392013
551950,1,1,5,0.42645457969393247
551952,1,1,5,0.42645457969393247
551968,1,1,6,519.1497811997589
551986,1,1,7,35.493188886255744
551989,1,1,9,552.2319984645604
551995,1,1,8,829.8736469336612
551998,1,1,9,824.9916932144496
552022,1,1,10,636.1481553809064
552026,1,1,5,0.42645457969393247
552029,1,1,9,850.8393193936364
552057,1,1,9,332.36834513655265
552062,1,1,8,707.1474470579942
552067,1,1,4,0.42645458358136
552096,1,1,6,368.3193623751683
552098,1,1,2,408.400053971435
552104,1,1,6,181.23184623761918
552105,1,1,2,260.964405674924
552111,1,1,9,327.7949039813193
552112,1,1,4,0.42645458358136
552117,1,1,4,0.42645458358136
552119,1,1,5,0.42645457969393247
552136,1,1,6,778.2667087817649
552137,1,1,5,0.42645457969393247
552166,1,1,6,267.5848702680315
552171,1,1,8,612.6572729985579
552176,1,1,10,174.22735557843288
552214,1,1,10,457.77432660496333
552216,1,1,6,554.2229592497534
552217,1,1,5,0.42645457969393247
552231,1,1,9,845.4514426988509
552248,1,1,4,0.42645458358136
552254,0,1,0,0.16312017842829743
552264,1,1,6,485.8182188504422
552266,1,1,9,831.1658420525536
552278,1,1,5,0.42645457969393247
552280,1,1,7,120.73124165331014
552297,1,1,7,108.0129443628517
552315,1,1,8,804.3710598767178
552316,1,1,9,569.2761207015772
552317,1,1,9,733.9935603185171
552328,1,1,2,201.0593539060981
552334,1,1,8,628.7850153067052
552335,1,1,9,358.6497093620079
552337,1,1,4,0.42645458358136
552340,1,1,2,340.8571691664061
552364,1,1,2,471.17807081051853
552368,1,1,5,0.42645457969393247
552371,1,1,9,643.335511029806
552377,1,1,5,0.42645457969393247
552385,1,1,2,97.2931177040326
552389,1,1,8,780.2423039009946
552390,1,1,5,0.42645457969393247
552408,1,1,4,0.42645458358136
552461,1,1,8,481.81849065741534
552463,0,1,0,0.145344110376506
552471,1,1,4,0.42645458358136
552474,1,1,9,61.830202430435584
552488,1,1,4,0.42645458358136
552491,1,1,9,828.8348744447768
552495,1,1,10,721.1762269353883
552504,1,1,7,86.8967592774287
552510,1,1,8,817.816591438528
552512,1,1,8,620.6218485203293
552551,1,1,9,273.2616451527326
552555,1,1,9,467.35001646214965
552563,1,1,10,722.0459608369151
552597,1,1,1,565.1583566774333
552605,1,1,6,713.9969499624266
552610,1,1,9,442.66237610115945
552616,1,1,4,0.4264545919581291
552645,1,1,7,84.28819505987241
552659,1,1,4,0.42645458358136
552670,1,1,5,0.42645457969393247
552679,1,1,10,542.2557534352597
552688,1,1,5,0.42645457969393247
552702,1,1,10,137.042496493573
552716,1,1,5,0.42645457969393247
552736,1,1,1,169.9108574589103
552741,1,1,9,542.6585353898753
552744,1,1,8,235.39848599377527
552756,1,1,10,581.5559216335552
552761,1,1,10,590.6601887282791
552767,1,1,4,0.42645458358136
552780,1,1,10,396.633645440203
552784,1,1,5,0.42645457969393247
552819,1,1,9,870.9157995034387
552845,1,1,6,409.06584798251305
552846,1,1,6,184.06713898480635
552854,1,1,10,440.6718012321367
552871,1,1,10,253.1696786316229
552889,1,1,1,681.8895180001603
552891,1,1,8,630.3102523440742
552899,1,1,2,307.3883125761196
552921,1,1,4,0.42645458358136
552922,1,1,8,291.8973583705199
552969,1,1,5,0.42645457969393247
552970,1,1,8,551.7495130191077
552971,1,1,9,418.80230635535736
552972,1,1,8,443.04725624342785
553000,1,1,8,634.3382238262196
553012,1,1,8,226.25732151218958
553021,1,1,9,454.9964021666942
553029,1,1,8,255.0018558372654
553046,1,1,5,0.42645457969393247
553066,1,1,8,693.9471762853937
553077,1,1,4,0.42645458358136
553105,1,1,1,332.7485573553601
553106,1,1,8,885.8521107176603
553119,1,1,6,476.3191549225606
553120,1,1,10,199.79917534332196
553124,1,1,8,271.89646673469525
553127,1,1,9,488.9467775052543
553134,1,1,9,815.0521023126381
553138,1,1,4,0.42645458358136
553140,1,1,9,375.4895741129659
553145,1,1,6,764.2389499521737
553152,1,1,1,603.3160200668434
553170,1,1,10,398.43576212617205
553172,1,1,8,213.90714885670909
553175,1,1,10,721.8007999909822
553205,1,1,6,368.172039158349
553206,1,1,6,123.6328616587291
553215,1,1,7,169.70444626050272
553242,1,1,5,0.42645457969393247
553243,1,1,8,836.170045089896
553245,1,1,8,793.4091933527266
553281,1,1,1,439.3928449119525
553286,1,1,2,251.90660641344695
553291,1,1,10,505.116919926632
553318,1,1,10,478.027451553543
553323,1,1,6,615.1997823766652
553355,1,1,1,245.0472707451338
553398,1,1,5,0.42645457969393247
553412,1,1,9,385.93685967398983
553431,1,1,9,41.80406196250491
553432,1,1,4,0.42645458358136
553438,1,1,9,788.718335750732
553457,1,1,9,543.5344683834363
553460,1,1,7,95.37175405371974
553496,1,1,8,570.7466529211744
553548,1,1,4,0.42645458358136
553556,1,1,9,749.4867928932074
553575,1,1,9,778.2355092299991
553583,1,1,9,607.6575768770606
553594,1,1,9,70.49360439921821
553614,1,1,7,144.17485835848237
553616,1,1,4,0.42645458358136
553631,1,1,5,0.42645457969393247
553640,1,1,9,739.6663006734883
553642,1,1,9,448.09300566200045
553644,1,1,5,0.42645457969393247
553653,1,1,4,0.42645458358136
553660,1,1,7,59.64675339951354
553662,1,1,9,542.6085614640219
553665,1,1,9,463.6967419454871
553669,0,1,0,0.1379452167408018
553692,1,1,7,96.75830214911832
553699,0,1,0,0.1108042077489216
553709,1,1,7,48.07427207402438
553715,1,1,5,0.42645457969393247
553732,1,1,1,611.1218059169314
553740,1,1,9,684.315911406408
553741,1,1,9,435.34144094082103
553747,1,1,1,270.29032529779477
553749,1,1,4,0.42645458358136
553751,1,1,6,795.688586551628
553760,1,1,1,519.799815299033
553764,1,1,9,37.819786357705865
553767,1,1,8,695.4525245664312
553791,1,1,10,698.507882235057
553794,1,1,9,595.7327956226528
553796,1,1,7,120.69872020744488
553811,1,1,10,196.08126944912203
553818,1,1,8,384.7914194498282
553828,1,1,5,0.42645457969393247
553829,1,1,10,619.794800454106
553873,1,1,10,427.7832712160131
553875,1,1,5,0.42645457969393247
553881,1,1,9,512.6550300368202
553883,1,1,10,207.61500266961593
553894,1,1,3,42.55452906761008
553921,1,1,10,671.9658024385168
553922,1,1,9,394.6173043591535
553923,1,1,10,421.65716763755285
553928,1,1,10,367.7794470315252
553945,1,1,6,416.87160385147575
553974,1,1,8,664.100293738637
553976,1,1,8,684.4326281357908
553978,1,1,5,0.42645457969393247
553979,1,1,8,591.4927064909986
553981,1,1,5,0.42645457969393247
553989,1,1,6,619.3086666323032
553991,1,1,9,497.490005578354
554003,1,1,4,0.42645458358136
554004,1,1,9,329.17526521420365
554006,1,1,10,711.4605488515748
554010,1,1,3,94.0632285537796
554017,1,1,9,612.5652028775688
554023,0,1,0,0.09711352482062005
554027,1,1,6,810.0272714435225
554030,1,1,1,587.6801184592769
554031,1,1,8,604.542411648631
554041,1,1,4,0.42645458358136
554045,1,1,4,0.42645458358136
554058,1,1,9,552.4482308312216
554063,1,1,9,605.649233002249
554067,1,1,6,719.6316722114232
554092,1,1,8,704.5129561943962
554113,1,1,9,866.8274677163685
554126,1,1,2,130.6872733418723
554129,1,1,1,435.498654663608
554140,1,1,8,531.9905899016006
554148,1,1,8,449.7398609634454
554156,1,1,9,781.9506644599365
554165,1,1,6,691.1061591336446
554182,1,1,5,0.42645457969393247
554189,1,1,1,432.4905706437743
554191,1,1,5,0.42645457969393247
554196,1,1,10,718.2644832967625
554214,1,1,5,0.42645457969393247
554226,1,1,4,0.42645458358136
554232,1,1,5,0.42645457969393247
554238,1,1,9,600.2300258412016
554264,1,1,9,804.1043806804987
554272,1,1,9,874.2584163722456
554274,1,1,1,749.4059338128441
554275,1,1,4,0.42645458358136
554288,1,1,6,671.3562245351707
554292,1,1,2,306.0024402256413
554296,1,1,1,233.6855460096523
554298,1,1,4,0.4264545919581291
554305,1,1,8,619.1447758745971
554314,1,1,8,346.49006128071363
554317,1,1,9,774.2268622347459
554328,1,1,8,669.6556530391845
554332,1,1,4,0.42645458358136
554335,1,1,5,0.42645457969393247
554337,1,1,4,0.42645458358136
554350,1,1,8,119.1969728914777
554361,1,1,5,0.42645457969393247
554364,1,1,1,561.3653238286983
554368,1,1,7,133.65400722731607
554371,1,1,9,355.20099608905855
554432,1,1,5,0.42645457969393247
554445,1,1,6,714.066538350309
554450,1,1,4,0.42645458358136
554452,1,1,3,39.55583654471608
554455,1,1,9,294.39783903547
554470,1,1,6,725.3089505245572
554476,1,1,5,0.42645457969393247
554477,1,1,7,123.15338419154007
554481,1,1,8,113.92004494930787
554485,1,1,9,527.8702065524083
554487,1,1,9,715.4683175070892
554501,1,1,7,140.13711588160527
554537,1,1,2,260.5415683277681
554539,1,1,4,0.42645458358136
554556,1,1,5,0.42645457969393247
554560,1,1,8,904.2157510947061
554561,1,1,8,372.7482096283299
554562,1,1,7,172.15321161227166
554574,1,1,9,720.0094717900279
554585,1,1,1,314.26796252029635
554614,1,1,4,0.42645458358136
554625,1,1,9,876.9314314342279
554626,1,1,9,222.02497272130404
554643,1,1,4,0.42645458358136
554669,1,1,1,186.07616023810766
554676,1,1,9,710.7131691806719
554677,1,1,3,84.83466691580031
554680,1,1,3,88.50645559143435
554695,1,1,6,723.5638712271952
554706,1,1,7,168.12486838736254
554708,1,1,6,645.912307035888
554715,1,1,8,154.2578898107625
554746,0,1,0,0.10254968708348854
554748,1,1,8,410.1290532793871
554750,1,1,9,565.7272088962027
554766,1,1,8,488.25520713846214
554769,1,1,6,353.8759865122793
554791,1,1,8,685.4097253110654
554801,1,1,3,84.13455591967336
554804,1,1,6,810.3037237250446
554814,1,1,10,530.2955597822438
554818,1,1,5,0.42645457969393247
554820,1,1,10,382.18047411762103
554837,1,1,10,261.79502188690134
554846,1,1,10,597.544524447774
554854,1,1,10,124.31646767186366
554859,1,1,4,0.42645458358136
554862,1,1,1,351.2896967469755
554872,1,1,2,399.4424442814408
554876,1,1,6,508.6170026135513
554878,1,1,6,746.7860362979267
554888,1,1,5,0.42645456789925423
554890,1,1,4,0.42645457969393247
554902,1,1,4,0.42645458358136
554904,1,1,2,60.95819667402173
554906,1,1,6,784.6037534011477
554916,1,1,8,836.1285723881025
554934,1,1,6,316.59699045022097
554940,1,1,9,275.68832243863176
554943,1,1,9,573.8814474172525
554958,1,1,4,0.42645458358136
554959,1,1,2,386.61163815477556
554964,1,1,10,389.9249962005745
554971,1,1,6,309.59172793630717
554993,1,1,7,171.56960363373133
554995,1,1,5,0.42645457969393247
555005,1,1,6,784.6576770137546
555012,1,1,8,533.7504689935339
555040,1,1,4,0.42645458358136
555041,1,1,9,488.9187078380753
555051,0,1,0,0.09319061693552147
555054,1,1,10,438.351124977518
555056,1,1,4,0.42645458358136
555062,1,1,9,471.92008192628685
555064,1,1,8,780.9360286755318
555067,1,1,7,91.06344248751061
555094,1,1,5,0.42645457969393247
555095,1,1,7,162.1340160678736
555114,1,1,8,854.2231886257556
555134,1,1,9,106.65201835914192
555138,1,1,8,808.7620591725284
555141,1,1,10,640.0102607702319
555146,1,1,5,0.42645456789925423
555173,1,1,10,279.4902511619014
555174,1,1,7,85.02456132870451
555200,1,1,8,229.50458275819878
555201,1,1,1,284.0177294181446
555221,1,1,6,731.8198766615501
555225,1,1,4,0.42645458358136
555233,1,1,4,0.42645458358136
555245,1,1,9,652.0655021012274
555251,1,1,9,234.01503165753465
555252,1,1,4,0.42645458358136
555257,1,1,6,762.4768806353436
555264,1,1,6,809.2586739512017
555296,1,1,1,655.8954709212073
555299,1,1,5,0.42645457969393247
555301,1,1,6,643.4574771218765
555312,1,1,8,363.21340417704266
555317,1,1,4,0.42645458358136
555318,1,1,10,162.43600197459878
555365,1,1,5,0.42645457969393247
555370,1,1,9,513.3246743128382
555375,1,1,9,196.69125785944863
555378,1,1,8,693.8202452672606
555386,1,1,4,0.42645458358136
555393,1,1,4,0.42645458358136
555412,1,1,8,692.740563559016
555414,1,1,5,0.42645457969393247
555418,1,1,6,197.5816626554403
555419,1,1,1,214.31328527484573
555435,1,1,10,678.9003175692498
555441,1,1,5,0.42645457969393247
555446,1,1,4,0.42645458358136
555456,1,1,8,395.23988571674045
555463,1,1,9,843.6968863158021
555491,1,1,2,442.71285622778373
555495,1,1,9,430.83389842273004
555517,1,1,4,0.42645458358136
555548,1,1,10,684.3217443147802
555554,1,1,9,526.5351877546
555572,1,1,5,0.42645457969393247
555584,1,1,5,0.42645457969393247
555591,1,1,4,0.42645458358136
555609,1,1,7,116.16074507970626
555620,1,1,5,0.42645457969393247
555629,1,1,5,0.42645457969393247
555640,1,1,8,403.9878393129123
555646,1,1,8,649.7449979382355
555666,1,1,8,314.9223609497445
555667,1,1,4,0.42645458358136
555679,1,1,10,462.9037153441435
555682,1,1,4,0.42645458358136
555729,1,1,10,414.5892849070589
555731,1,1,8,405.5946926932258
555746,1,1,8,638.0535091718135
555754,1,1,6,331.12305244056
555756,1,1,4,0.42645458358136
555773,1,1,10,340.5379828824802
555789,1,1,9,827.4035059915483
555821,1,1,6,535.1217798683934
555822,1,1,7,55.76086105391832
555835,1,1,6,567.4644159061713
555871,1,1,3,55.79889571432879
555911,1,1,8,857.1776642146884
555923,1,1,5,0.42645457969393247
555931,1,1,10,223.82622875212974
555943,1,1,5,0.42645456789925423
555951,1,1,5,0.42645457969393247
555970,1,1,8,351.55101159783976
555975,1,1,9,730.0948430017911
555991,1,1,6,785.838058909381
555994,1,1,4,0.42645458358136
556005,1,1,10,199.13815512050573
556008,1,1,6,798.6348987788124
556015,1,1,5,0.42645457969393247
556016,1,1,4,0.42645458358136
556017,1,1,10,523.7891230851383
556018,1,1,8,833.3909459626536
556019,1,1,9,372.6199579204775
556021,1,1,5,0.42645457969393247
556023,1,1,2,485.22798643937085
556032,1,1,10,318.0529131782527
556042,1,1,8,129.98955923259317
556055,1,1,8,233.58157875903785
556057,1,1,10,261.3755169509627
556062,1,1,3,90.64201189720438
556066,1,1,1,763.5929707602529
556087,1,1,5,0.42645457969393247
556096,1,1,9,339.82447798857265
556101,1,1,2,446.3353803630616
556156,1,1,9,467.1522215343673
556160,1,1,8,145.31476535746364
556163,1,1,6,444.4693310848212
556164,1,1,5,0.42645457969393247
556171,1,1,4,0.42645458358136
556194,1,1,10,460.41860861247756
556204,1,1,9,579.4147313873874
556219,1,1,7,101.79873710296587
556236,1,1,10,535.8689506703143
556260,1,1,10,159.98157277741657
556278,1,1,9,621.6371553322645
556286,1,1,4,0.42645458358136
556299,1,1,9,722.7190717560148
556302,1,1,4,0.42645458358136
556303,1,1,8,331.8712709783966
556319,1,1,9,612.3202349963486
556327,1,1,5,0.42645457969393247
556332,1,1,9,479.3615875931161
556333,1,1,10,255.897613661687
556339,1,1,1,498.2246182679131
556357,1,1,8,674.6169161287238
556363,1,1,9,815.8677640420957
556369,1,1,9,505.69560309141593
556373,1,1,3,64.65751219804186
556384,1,1,1,270.3109178586547
556407,1,1,9,550.1538425988714
556424,1,1,4,0.42645458358136
556434,1,1,9,874.4406550189144
556438,1,1,2,333.7304903064304
556448,1,1,5,0.42645457969393247
556450,1,1,9,272.20911143679905
556456,1,1,9,854.3117103126324
556460,1,1,9,409.10213320268684
556463,1,1,5,0.42645457969393247
556465,1,1,4,0.42645458358136
556471,1,1,7,144.3436981056726
556473,1,1,6,557.0300842235804
556477,1,1,6,513.2276942351826
556505,1,1,8,839.0774894605003
556511,1,1,6,517.9464851631026
556533,1,1,8,510.7566967521286
556548,1,1,8,788.8060648743234
556588,1,1,4,0.42645458358136
556591,1,1,9,574.4631722540872
556611,1,1,6,652.7611561376465
556614,1,1,6,192.85435699138083
556617,1,1,3,92.45867595749418
556618,1,1,2,420.1932851460695
556631,1,1,6,723.4756146945243
556634,1,1,9,538.3914057568368
556642,1,1,9,620.7152363774723
556662,1,1,4,0.42645458358136
556670,1,1,6,589.6767988941182
556671,1,1,2,380.62545010639445
556683,1,1,9,607.5192780723805
556697,1,1,8,374.25654726525715
556701,1,1,9,348.32143783396367
556719,1,1,9,647.5335295848276
556748,1,1,9,361.28331494185016
556751,1,1,1,324.53429202657424
556768,1,1,9,734.2256460266871
556789,1,1,10,367.45678439372335
556831,1,1,6,374.8886190456735
556869,1,1,6,441.5313901455765
556872,1,1,7,22.93885585977507
556878,1,1,5,0.42645457969393247
556880,1,1,6,767.1650861266895
556887,1,1,6,430.49954477392254
556890,1,1,6,656.5818659447173
556897,1,1,2,257.8887375241469
556902,1,1,8,119.49293642674864
556927,1,1,8,294.3643770524166
556933,1,1,8,732.0115850611164
556939,1,1,10,650.8262688158843
556942,1,1,8,352.1803567826787
556956,1,1,6,253.20839995163033
556958,1,1,9,306.51364834172233
556971,1,1,6,764.3451543619999
556978,1,1,10,611.3245338178358
556981,1,1,8,613.6602718816391
556992,1,1,6,683.3314731732773
557013,1,1,6,465.18826959335706
557020,1,1,10,399.54597528794477
557035,1,1,8,741.4091110159312
557076,1,1,4,0.42645458358136
557082,1,1,9,327.9430783718784
557085,1,1,9,801.1862404950505
557094,1,1,2,425.7514616120717
557100,1,1,6,320.8874891314597
557107,1,1,9,347.6731487166929
557118,1,1,9,142.62458600466675
557122,1,1,8,460.94371449365957
557124,1,1,7,86.05131077162204
557129,1,1,10,607.0133695032222
557131,1,1,4,0.42645458358136
557144,1,1,5,0.42645457969393247
557145,1,1,3,47.15580086367899
557152,1,1,6,683.5644421180538
557156,1,1,6,535.6102430290508
557158,1,1,2,318.9184384145937
557167,1,1,3,75.097558358965
557177,1,1,2,294.94866128138665
557184,1,1,1,414.7899047867912
557193,1,1,3,41.35215976051891
557199,1,1,8,120.27367814998074
557208,1,1,6,795.107475578633
557213,1,1,4,0.42645458358136
557221,1,1,1,504.2998833705091
557222,1,1,8,871.4687588083294
557225,1,1,4,0.42645458358136
557230,1,1,9,771.2111316148208
557236,1,1,5,0.42645457969393247
557246,1,1,5,0.42645457969393247
557264,1,1,9,611.1845306929292
557271,1,1,9,653.35420605098
557272,1,1,8,319.55187359819917
557275,1,1,8,862.0796668997168
557276,1,1,8,766.0876322519913
557284,1,1,9,565.7998492758238
557291,1,1,4,0.42645458358136
557308,1,1,5,0.42645457969393247
557314,1,1,9,208.48095405005202
557330,1,1,6,800.4859997123491
557332,1,1,10,719.2884214031855
557338,1,1,10,717.6320214933614
557367,1,1,9,578.7060883551812
557375,1,1,10,685.80200016456
557387,1,1,4,0.42645458358136
557395,1,1,9,796.9445023508209
557405,1,1,3,90.6702121838339
557413,0,1,0,0.10090710696987144
557416,1,1,4,0.42645458358136
557418,1,1,5,0.42645457969393247
557423,1,1,5,0.42645457969393247
557428,1,1,8,457.55024054840163
557439,1,1,4,0.4264545919581291
557440,1,1,5,0.42645456789925423
557448,1,1,4,0.42645458358136
557452,1,1,10,422.5718809698995
557463,1,1,10,377.1721504448172
557475,1,1,6,712.7392658597774
557477,1,1,4,0.42645458358136
557514,1,1,5,0.42645457969393247
557525,1,1,7,122.94085369644041
557532,1,1,9,553.6931242327307
557564,1,1,1,733.7139186211867
557571,1,1,1,763.4045142537999
557573,1,1,5,0.42645457969393247
557592,1,1,8,302.1180429620524
557602,1,1,6,217.83967297965222
557626,1,1,9,714.7945841976451
557640,1,1,4,0.42645458358136
557649,1,1,8,495.51024381448536
557657,1,1,9,301.106474994256
557669,1,1,6,745.0399291345107
557672,0,1,0,0.24038056546970923
557680,1,1,5,0.42645457969393247
557682,1,1,5,0.42645457969393247
557689,1,1,10,496.3972052560539
557719,1,1,1,255.93489412255673
557723,1,1,6,463.88232014580603
557725,1,1,3,56.05020922503592
557730,1,1,4,0.42645458358136
557735,1,1,9,560.8477566471228
557745,1,1,1,753.7867370932347
557776,1,1,8,452.9957192882934
557777,1,1,6,263.02932658397197
557778,1,1,5,0.42645456789925423
557781,1,1,6,243.4516311464615
557793,1,1,7,142.0057328195221
557796,1,1,9,315.7839965920953
557798,1,1,1,338.5314370072168
557799,1,1,8,762.3174678031689
557808,1,1,3,46.537771804330795
557809,1,1,10,139.5513014825484
557823,1,1,6,455.97851601056533
557825,1,1,8,570.0191966313295
557835,1,1,10,502.73700740895174
557848,1,1,9,427.27450040102997
557864,1,1,3,38.13186192487063
557873,1,1,4,0.42645458358136
557882,1,1,4,0.42645458358136
557897,1,1,8,401.90266920493184
557901,1,1,5,0.42645457969393247
557909,1,1,4,0.42645458358136
557916,1,1,10,386.1231669496399
557921,1,1,10,267.7346680277573
557936,1,1,6,778.2523817425721
557939,1,1,4,0.42645458358136
557943,1,1,7,12.631424165866223
557946,1,1,8,520.7560800999917
557951,1,1,8,596.5865996377431
557956,1,1,6,360.64434140087803
557962,1,1,6,116.24299194512517
557970,1,1,6,275.97013217686754
557975,1,1,9,881.2501349187975
557977,1,1,9,572.9026631298893
557991,1,1,9,611.5386613471641
558026,1,1,8,569.3385054720685
558027,1,1,2,339.38178134365563
558030,1,1,8,826.8480028896208
558059,1,1,9,226.88909847635534
558071,1,1,5,0.42645457969393247
558094,1,1,7,38.606297512637894
558130,1,1,1,392.2083771281062
558133,1,1,8,330.87589093887107
558134,1,1,8,640.7742431939956
558140,1,1,9,725.4683776983069
558152,0,1,0,0.1356314588020562
558158,1,1,10,389.32752838190913
558167,0,1,0,0.11573294214471753
558196,1,1,4,0.42645458358136
558197,1,1,5,0.42645457969393247
558198,1,1,8,569.136688474866
558201,1,1,5,0.42645457969393247
558204,1,1,1,520.9274569687996
558210,1,1,5,0.42645457969393247
558215,1,1,5,0.42645457969393247
558222,1,1,5,0.42645457969393247
558225,1,1,9,621.6960535985748
558228,1,1,3,81.93292147017583
558231,1,1,6,325.63469751233293
558239,1,1,5,0.42645457969393247
558246,1,1,7,114.70614074545374
558277,1,1,4,0.42645458358136
558286,1,1,4,0.42645458358136
558310,1,1,3,74.02846370262867
558314,1,1,4,0.42645458358136
558320,1,1,4,0.42645458358136
558327,1,1,9,713.6826180231678
558351,1,1,5,0.42645457969393247
558352,1,1,10,654.6463054150383
558360,1,1,10,429.56816044244255
558373,1,1,1,484.4278181613871
558376,1,1,2,264.22615743429407
558378,1,1,6,681.0799633924042
558379,1,1,8,483.0594352226595
558384,1,1,6,620.4802831935485
558386,1,1,9,566.4796174518259
558389,1,1,8,464.17077434588145
558392,1,1,3,85.6936099986331
558410,1,1,4,0.42645458358136
558419,1,1,4,0.42645458358136
558424,1,1,10,373.76166613290246
558429,1,1,7,134.40268398531882
558431,1,1,5,0.42645457969393247
558482,1,1,4,0.42645458358136
558499,1,1,9,885.4129224138668
558503,1,1,7,133.898217290341
558506,1,1,10,381.90006357321175
558509,1,1,4,0.42645458358136
558522,1,1,5,0.42645457969393247
558544,1,1,6,448.99957760942465
558568,1,1,10,685.4116350927343
558572,1,1,9,720.4710202153423
558576,1,1,6,767.2369493413868
558585,1,1,10,695.3415578308192
558593,1,1,5,0.42645457969393247
558597,1,1,4,0.42645458358136
558607,1,1,9,620.2377031263186
558611,1,1,10,424.12287411850855
558621,1,1,2,363.25215987657555
558627,1,1,8,531.9248857595843
558637,1,1,2,271.78085135017017
558647,1,1,6,713.9692107126438
558648,1,1,5,0.42645457969393247
558669,1,1,8,452.6849883470888
558675,1,1,4,0.42645458358136
558704,1,1,5,0.42645457969393247
558721,1,1,5,0.42645457969393247
558724,1,1,5,0.42645457969393247
558725,1,1,10,536.4934164193274
558735,1,1,9,386.5578800193124
558739,1,1,4,0.42645458358136
558741,1,1,6,151.4697411909766
558744,1,1,7,171.12263072098378
558777,0,1,0,0.11398758810357654
558782,1,1,8,534.6440371736904
558786,1,1,9,460.74547060373834
558787,1,1,6,805.9636470930773
558797,1,1,4,0.42645458358136
558822,1,1,4,0.42645458358136
558838,1,1,5,0.42645457969393247
558844,1,1,9,98.0163312975229
558858,1,1,1,218.67772690787842
558860,1,1,8,873.7997811194781
558870,1,1,4,0.42645458358136
558872,1,1,6,653.0923841071454
558874,1,1,4,0.42645458358136
558892,1,1,8,890.3255550019966
558903,1,1,9,815.5906994116734
558910,1,1,9,855.0497301332024
558911,1,1,10,722.8341413498226
558928,1,1,6,299.709617456076
558936,1,1,1,262.87624918159077
558938,1,1,9,616.5816551743759
558943,1,1,9,724.8582484982356
558945,1,1,9,782.556177491549
558948,1,1,9,341.6464803396518
558974,1,1,1,542.5595477472286
558975,1,1,4,0.42645457969393247
558983,1,1,10,162.20387514081503
558994,1,1,6,784.2195963014399
559010,1,1,4,0.42645458358136
559015,1,1,1,491.04927075633174
559041,1,1,9,542.5445976515522
559050,1,1,5,0.42645457969393247
559057,1,1,6,444.8939044727472
559061,1,1,9,856.3071769737392
559081,1,1,1,610.6467986345895
559083,1,1,10,712.4629884135237
559090,1,1,1,170.33326186377855
559093,1,1,10,512.9556544275366
559118,1,1,6,803.3930508195045
559131,1,1,9,477.00781397418126
559148,1,1,4,0.42645458358136
559153,1,1,4,0.42645458358136
559162,1,1,8,743.1969612881682
559213,1,1,6,588.5624997216512
559222,1,1,4,0.42645458358136
559230,1,1,8,439.25487662526405
559262,1,1,6,623.6964936826388
559269,1,1,6,716.9127943526056
559279,0,1,0,0.1134508846144153
559299,1,1,4,0.42645458358136
559313,1,1,5,0.42645457969393247
559314,1,1,6,628.4493556718311
559351,1,1,2,315.9117156692199
559357,1,1,7,32.08235222067321
559358,1,1,8,548.5661025138777
559397,1,1,6,534.6007441866428
559407,1,1,1,544.8851459534499
559409,1,1,4,0.42645458358136
559411,1,1,6,673.7179658743922
559422,1,1,10,600.9014111387673
559445,1,1,8,749.4589751450129
559455,1,1,7,161.9558392208502
559463,1,1,3,89.62243491240073
559465,1,1,4,0.42645458358136
559466,1,1,5,0.42645457969393247
559478,1,1,3,75.7971628211778
559482,1,1,8,300.4828480057002
559486,1,1,10,662.3098737960767
559487,1,1,5,0.42645457969393247
559497,1,1,3,73.80418082737611
559503,1,1,7,112.36412657264833
559504,1,1,9,778.4046507230277
559507,1,1,7,68.957477558527
559509,1,1,2,356.8953853738426
559524,1,1,10,597.1463506939727
559534,1,1,10,519.9588133563133
559536,1,1,8,774.4561573305274
559565,1,1,8,479.52446506257644
559575,1,1,8,755.9796654661212
559586,1,1,10,720.6487009949734
559592,1,1,5,0.42645457969393247
559594,1,1,3,87.57960599021625
559596,1,1,10,418.278727246243
559599,1,1,9,611.305943380497
559604,1,1,6,470.8631612834881
559606,1,1,7,163.55279482783735
559622,1,1,8,781.5754898858787
559627,1,1,5,0.42645457969393247
559634,1,1,4,0.42645458358136
559636,1,1,9,632.623370674209
559652,1,1,9,720.7770688714478
559653,1,1,3,86.01332830705643
559661,1,1,9,884.4554263152235
559673,1,1,6,158.53122559473454
559704,1,1,8,662.5346999095843
559706,1,1,9,476.36758698102034
559711,1,1,1,541.0921358628842
559731,1,1,5,0.42645457969393247
559739,1,1,8,429.5905081915351
559768,1,1,1,232.38618647062862
559771,1,1,8,722.7101271296945
559779,1,1,6,609.8464332574512
559790,1,1,9,359.9316421454411
559799,1,1,6,111.70986685887613
559801,1,1,5,0.42645457969393247
559824,1,1,8,550.0196485122013
559847,1,1,2,148.47523407073749
559863,1,1,8,829.8541045753585
559884,1,1,7,156.85508729911155
559894,1,1,4,0.42645458358136
559938,1,1,9,382.18597970036666
559944,1,1,1,546.0169321451159
559949,1,1,6,732.0573303087699
559966,1,1,6,738.6854553154718
559971,1,1,3,53.18301367789467
559985,1,1,10,717.5520626557322
559986,1,1,8,539.359138419097
559988,1,1,9,552.2723679231668
560000,1,1,2,291.7473960582767
560007,1,1,8,438.2264228962713
560011,1,1,9,551.5806897569445
560023,1,1,10,722.9554863295824
560029,1,1,9,794.9951451368659
560040,1,1,4,0.42645458358136
560063,1,1,4,0.42645458358136
560065,1,1,5,0.42645457969393247
560070,1,1,9,347.16454243949636
560072,1,1,9,850.664561077919
560075,1,1,1,242.4245684545517
560076,1,1,1,720.9863798151235
560082,1,1,3,83.79811266236928
560092,1,1,9,769.1726335990027
560100,1,1,8,809.3330131751048
560113,1,1,5,0.42645457969393247
560118,1,1,10,290.51328410268366
560120,1,1,9,709.3543683318836
560135,1,1,10,720.9155685503692
560164,1,1,10,668.1156450779374
560167,1,1,6,809.8608273506464
560185,1,1,8,637.0881770400038
560191,1,1,8,832.3523734038548
560193,1,1,3,37.52058105442538
560200,1,1,8,900.5889443382138
560202,1,1,6,738.0405642069348
560203,1,1,4,0.42645458358136
560207,1,1,8,780.6438443116302
560220,1,1,9,633.1387690222203
560227,1,1,9,577.7243222452238
560254,1,1,6,435.6440083829722
560275,1,1,8,516.858297564537
560286,1,1,5,0.42645457969393247
560301,1,1,5,0.42645457969393247
560308,0,1,0,0.11519064519370041
560314,1,1,3,89.37301655514501
560323,1,1,9,429.2562829816956
560343,1,1,10,253.27981219622467
560353,1,1,6,555.497205541231
560377,1,1,4,0.42645458358136
560378,1,1,8,548.0892871681609
560385,1,1,9,841.5983148166005
560389,1,1,5,0.42645457969393247
560395,1,1,9,720.2098718805813
560402,1,1,10,142.79937493769881
560412,1,1,7,123.63581817130051
560414,1,1,8,493.08238756754486
560419,1,1,4,0.42645458358136
560426,1,1,8,346.1985011269287
560427,1,1,4,0.42645458358136
560435,1,1,9,634.9365144872763
560454,1,1,9,135.54039879161235
560468,1,1,6,644.6488771113999
560487,1,1,4,0.42645458358136
560489,0,1,0,0.09526082032208952
560498,1,1,6,741.8936547413781
560510,1,1,9,412.39079126836117
560513,1,1,6,139.8523433157677
560517,1,1,9,553.18004318516
560520,1,1,9,549.713045171738
560527,1,1,5,0.42645457969393247
560533,1,1,10,335.3354013328547
560551,1,1,2,391.12446566310257
560556,1,1,5,0.42645456789925423
560567,1,1,7,164.4508040768961
560576,1,1,6,655.8491889599891
560577,1,1,6,706.9087652101657
560594,1,1,6,368.3379464804604
560613,1,1,9,795.3128214095713
560617,1,1,5,0.42645457969393247
560627,1,1,8,671.8837041366774
560635,1,1,8,921.2262108936889
560644,1,1,5,0.42645457969393247
560660,1,1,6,628.4616817069261
560664,1,1,10,721.0786934819749
560666,1,1,8,278.98540175304703
560678,1,1,3,70.65724277459407
560684,1,1,6,413.44575089949404
560691,1,1,9,659.6462148670163
560712,1,1,5,0.42645457969393247
560713,1,1,8,728.1782569418574
560715,1,1,10,179.732793563101
560733,1,1,9,577.7614464129716
560734,1,1,4,0.42645458358136
560735,1,1,3,79.89496007466478
560736,1,1,9,598.3574511421845
560739,1,1,6,809.8446423933161
560745,1,1,3,50.25387950626785
560752,1,1,8,593.6943765768226
560765,1,1,3,78.18447721358294
560777,1,1,9,722.8086218178199
560793,1,1,6,504.67043789888595
560812,1,1,9,550.9380993684621
560821,1,1,10,490.8244282032794
560833,1,1,8,755.6214859857738
560835,1,1,5,0.42645456789925423
560871,1,1,1,741.357039403862
560885,1,1,9,313.95721473049423
560898,1,1,4,0.42645458358136
560945,1,1,6,793.7710339624495
560955,1,1,5,0.42645457969393247
560956,1,1,9,875.5241733188857
560963,1,1,8,348.33450780812393
560967,1,1,2,91.8182213102121
561001,1,1,6,531.8180830719589
561003,1,1,9,871.9499326902255
561011,1,1,7,81.29190121270777
561026,1,1,5,0.42645457969393247
561029,1,1,4,0.42645458358136
561069,1,1,5,0.42645457969393247
561086,1,1,6,788.6410693372683
561100,1,1,9,466.0895594864607
561113,1,1,8,782.6968833190022
561137,1,1,6,555.3077541858163
561143,1,1,6,802.6069689022993
561148,1,1,6,174.79828044801138
561151,1,1,2,370.8805255693229
561162,1,1,10,651.5586815518576
561175,1,1,7,86.09877206443491
561177,1,1,6,772.9108946824206
561180,1,1,9,663.6926875490159
561215,1,1,4,0.42645458358136
561217,1,1,4,0.42645458358136
561232,1,1,2,262.5795453980621
561236,1,1,9,326.04133509475486
561242,1,1,5,0.42645457969393247
561243,1,1,6,686.838243433738
561275,1,1,5,0.42645456789925423
561280,1,1,5,0.42645457969393247
561300,1,1,2,383.57846486074646
561302,1,1,4,0.42645458358136
561325,1,1,6,546.5174035960986
561329,1,1,3,90.96573567949261
561349,1,1,9,715.2946697350388
561361,1,1,10,329.72662360423413
561373,1,1,8,572.4294799700967
561374,1,1,2,284.0567322160676
561376,1,1,9,530.795705250594
561379,1,1,10,546.3386602224815
561386,1,1,6,521.3354275696197
561395,1,1,6,774.1773390081066
561398,1,1,9,782.452627703213
561403,1,1,4,0.42645457969393247
561406,1,1,8,385.4098880730851
561408,1,1,8,774.4459415149566
561424,1,1,6,414.94860882984256
561432,1,1,9,499.0135166890654
561438,1,1,5,0.42645457969393247
561440,1,1,10,406.65054817873147
561474,1,1,7,87.58623857449135
561486,1,1,10,718.4195251062014
561492,1,1,4,0.42645458358136
561495,1,1,6,799.7031282755751
561508,1,1,8,508.6526507161834
561518,1,1,5,0.42645457969393247
561535,1,1,10,595.8710917210706
561540,1,1,9,571.5299978603266
561553,1,1,3,58.254221185091026
561559,1,1,8,924.3497163428192
561562,1,1,5,0.42645456789925423
561579,1,1,10,570.4848547259577
561581,1,1,8,819.9536292352839
561582,1,1,6,507.4183485462186
561599,1,1,10,378.37690363578747
561601,1,1,8,832.9103405675213
561603,1,1,1,744.8537945768511
561612,1,1,9,214.86707528293906
561623,1,1,9,444.0543751257352
561627,1,1,8,509.79957904961526
561636,1,1,3,47.3889281407697
561650,1,1,6,759.1749595968367
561658,1,1,4,0.42645458358136
561661,1,1,6,752.7030854422759
561674,1,1,9,740.3705100020595
561678,1,1,10,418.94443382737205
561700,1,1,6,332.3453595130745
561711,1,1,9,692.6722961769051
561719,1,1,6,533.2008154837989
561726,1,1,9,886.3465739560405
561732,1,1,9,873.0036171148574
561758,1,1,8,405.26541674224796
561765,1,1,6,261.96535672495503
561766,1,1,6,782.1781825170132
561778,1,1,6,434.20137842218156
561797,1,1,9,855.1733197477328
561811,1,1,5,0.42645457969393247
561826,1,1,8,732.11595064231
561850,1,1,6,315.6915588414164
561854,1,1,8,732.8942676939813
561855,1,1,9,326.86402842200033
561875,1,1,6,201.44189358934523
561901,1,1,8,420.8042700871014
561911,1,1,7,55.824921133590365
561915,1,1,3,71.9450570704872
561921,1,1,6,539.3564667529504
561922,1,1,5,0.42645457969393247
561926,1,1,4,0.42645458358136
561945,1,1,5,0.42645457969393247
561948,1,1,6,422.10479340869426
561951,1,1,6,175.56496927124536
561960,1,1,4,0.42645458358136
561967,1,1,5,0.42645457969393247
561994,1,1,10,517.401305044945
561995,1,1,4,0.42645458358136
561996,1,1,4,0.42645458358136
562004,1,1,9,421.0633660739304
562017,1,1,8,820.8493426641829
562019,0,1,0,0.14736719102359294
562030,1,1,7,58.4189218722239
562036,1,1,6,566.2592640331102
562046,1,1,9,815.7508041482921
562050,1,1,6,480.0020086200571
562060,1,1,1,567.7394800036401
562063,1,1,8,438.70656020321746
562066,1,1,2,466.9431493144595
562067,1,1,5,0.42645457969393247
562112,1,1,6,731.9269469089269
562127,1,1,10,720.3851648473807
562145,1,1,8,299.22306364695964
562159,1,1,9,822.8588464898851
562160,1,1,10,129.15796053046063
562161,1,1,8,852.7986541175571
562168,1,1,8,711.3601485474646
562171,1,1,6,733.611663649602
562183,1,1,5,0.42645457969393247
562191,1,1,4,0.42645458358136
562223,1,1,4,0.42645458358136
562231,1,1,9,609.9210283676681
562240,1,1,5,0.42645457969393247
562246,1,1,9,545.8832348034794
562257,1,1,4,0.42645458358136
562260,1,1,2,398.81073129321004
562275,1,1,9,571.1205469412353
562299,1,1,10,138.13606267956453
562306,1,1,9,495.2346447399744
562318,1,1,7,66.27232810028892
562320,1,1,7,129.8426720643335
562332,1,1,5,0.42645457969393247
562337,1,1,4,0.42645458358136
562342,1,1,9,401.01500504965964
562350,1,1,6,728.5785033980839
562365,1,1,9,733.0806466437608
562369,1,1,9,892.7851695559983
562385,1,1,9,472.57436779798616
562399,1,1,9,627.4093329145842
562422,1,1,5,0.42645457969393247
562425,1,1,6,751.2920939020378
562430,1,1,8,540.8807699308999
562454,1,1,4,0.42645458358136
562475,1,1,1,719.1116780599953
562477,1,1,4,0.42645458358136
562480,1,1,10,576.1705743968379
562483,1,1,3,90.90372743993485
562500,1,1,9,503.0020992323116
562504,1,1,10,619.3937508761811
562548,1,1,6,548.7434326804743
562558,1,1,3,43.24926551087666
562573,1,1,4,0.42645458358136
562576,1,1,3,93.12456781452002
562589,1,1,5,0.42645457969393247
562591,1,1,6,642.4399071969186
562602,1,1,6,789.8193809756908
562627,1,1,1,541.4878812883235
562653,1,1,5,0.42645457969393247
562695,1,1,1,221.53320881586217
562718,1,1,1,164.22900136666865
562725,1,1,6,783.4694809185835
562729,1,1,5,0.42645457969393247
562735,1,1,10,440.102930020628
562746,1,1,1,372.21679926427385
562766,1,1,4,0.42645458358136
562776,1,1,8,787.580424249178
562785,1,1,6,414.8991276627655
562801,1,1,4,0.42645458358136
562803,1,1,4,0.42645458358136
562823,1,1,1,612.0230948294694
562834,1,1,6,462.1554286474532
562836,1,1,9,781.4343482670903
562841,1,1,1,706.7772726945296
562842,1,1,10,178.105786982844
562853,1,1,3,71.77314694967941
562856,1,1,10,698.9059598435756
562857,1,1,9,168.4980234800255
562862,1,1,5,0.42645457969393247
562864,1,1,6,409.3096765295994
562867,1,1,8,741.5580679920992
562869,1,1,7,108.67118460368802
562871,1,1,3,90.85272938579615
562883,1,1,9,374.7118233755914
562884,1,1,8,302.9472462022311
562886,1,1,4,0.42645458358136
562893,1,1,3,89.31304048215374
562901,1,1,5,0.42645457969393247
562908,1,1,6,542.076986815267
562938,1,1,5,0.8838959363114307
562942,1,1,10,722.9484576108955
562945,1,1,9,287.16586085988837
562974,1,1,9,344.70916502041746
562979,1,1,8,120.35258377559363
562981,1,1,8,325.730053321041
562988,1,1,5,0.42645457969393247
562991,1,1,10,719.7580446838216
563015,1,1,9,457.6125735617358
563016,1,1,4,0.42645458358136
563033,1,1,4,0.42645458358136
563036,1,1,4,0.42645458358136
563041,1,1,6,499.10789597393045
563053,1,1,4,0.42645458358136
563057,1,1,9,758.1058063179356
563069,1,1,2,274.30216145454966
563071,1,1,9,60.98948179156538
563076,1,1,5,0.42645457969393247
563081,1,1,6,364.2242650499297
563084,1,1,6,339.4772852722028
563090,1,1,6,714.0423028063478
563116,1,1,2,470.0770113963659
563126,1,1,8,629.5050040059642
563131,1,1,8,192.25720708048266
563133,1,1,7,166.23697358155465
563136,1,1,5,0.42645456789925423
563138,1,1,8,368.6430610294012
563144,1,1,5,0.42645457969393247
563146,1,1,8,404.83817356979137
563191,1,1,10,460.27947579549266
563193,1,1,10,292.3451995825383
563206,1,1,2,296.61431974684893
563207,1,1,7,23.97339546114279
563230,1,1,5,0.42645457969393247
563239,1,1,6,264.2276084017666
563260,1,1,9,43.38791105146746
563278,1,1,9,856.3021220375354
563282,1,1,9,579.0097333809631
563307,1,1,9,856.8624433963239
563317,1,1,9,392.26334974150495
563320,1,1,10,717.9315244055388
563327,1,1,2,62.25253024767693
563332,1,1,3,84.31375974214984
563337,1,1,10,717.6277111701482
563362,1,1,9,114.28037917760042
563404,1,1,9,88.61429432615493
563405,1,1,1,305.92992340791375
563416,1,1,5,0.42645457969393247
563419,1,1,2,352.2499425375353
563435,1,1,5,0.42645457969393247
563439,1,1,9,795.2736702628198
563440,1,1,7,170.039303294073
563447,1,1,8,279.503286662853
563455,1,1,5,0.42645457969393247
563458,1,1,6,805.0706869781961
563464,1,1,9,767.0081148793388
563467,1,1,9,846.0686445705538
563477,1,1,9,569.3859657513582
563495,1,1,5,0.42645457969393247
563504,1,1,8,706.9398487553592
563522,1,1,8,270.97474139800545
563527,1,1,6,547.1406309333382
563529,1,1,10,196.59378337889427
563533,1,1,8,522.6927976448624
563534,1,1,8,723.8940035979703
563537,1,1,10,462.9816610349109
563574,1,1,10,525.772098827044
563592,1,1,9,809.478062706019
563616,1,1,6,475.9136050093937
563621,1,1,7,105.56638597959986
563632,1,1,9,376.9790305397319
563663,1,1,1,544.6183061524613
563664,1,1,8,451.48660989066826
563682,1,1,10,186.9851762176474
563684,1,1,8,928.1616370574959
563699,1,1,8,743.3721063618964
563729,1,1,6,345.2289239169448
563732,1,1,9,412.04001652415474
563737,1,1,8,353.854370761696
563744,1,1,6,532.4897701596961
563749,1,1,9,844.8111085788087
563759,1,1,10,391.35971612509115
563770,1,1,6,806.8638201000674
563772,1,1,8,360.61306741901154
563793,1,1,1,307.88608124114677
563810,1,1,8,910.1810958763725
563817,1,1,6,360.6043520871096
563843,1,1,10,291.8394252600418
563850,1,1,1,640.1120666042586
563864,1,1,4,0.4264545919581291
563866,1,1,1,377.11556122742945
563874,1,1,9,557.8847179596889
563875,1,1,5,0.42645457969393247
563879,1,1,7,150.41342260630952
563891,1,1,7,54.740239038852565
563907,1,1,9,810.7078317730135
563910,1,1,10,722.1663920769245
563931,1,1,6,640.6459215522353
563937,1,1,9,888.8777622275727
563948,1,1,5,0.42645457969393247
563949,1,1,4,0.42645458358136
563955,1,1,2,288.7397747670667
563960,1,1,4,0.42645458358136
563964,1,1,8,690.7063727284597
563968,1,1,5,0.42645457969393247
563970,1,1,4,0.42645458358136
563972,1,1,7,62.72242657583031
563978,1,1,4,0.42645458358136
563985,1,1,8,592.6323465885995
563997,1,1,6,773.5116392262197
564000,1,1,7,0.6721175758252534
564001,1,1,10,313.3591120792217
564006,0,1,0,0.19736323992435661
564015,1,1,6,800.0869473035311
564036,1,1,2,443.3063108784902
564076,1,1,5,0.42645457969393247
564080,1,1,6,793.8792450281832
564104,1,1,8,516.7749160390933
564108,1,1,4,0.42645458358136
564118,1,1,2,430.42445764849657
564120,1,1,9,849.7607468355015
564121,1,1,6,264.64504726805035
564139,1,1,6,708.0820745039331
564143,1,1,4,0.42645458358136
564154,1,1,8,502.84671785521687
564164,1,1,8,560.7862555628574
564173,1,1,7,73.59976977400584
564200,1,1,6,218.51418285776316
564202,1,1,5,0.42645457969393247
564222,1,1,10,722.0748936690476
564228,1,1,9,862.0765705203363
564230,1,1,1,741.1816611872758
564237,1,1,9,524.1318239494587
564240,1,1,9,551.0692226613706
564241,1,1,5,0.42645457969393247
564261,1,1,3,65.14224626712452
564267,1,1,10,506.4230918441904
564275,1,1,5,0.42645457969393247
564278,1,1,9,402.994794679804
564313,1,1,2,477.99440773575157
564320,1,1,1,357.7836325887182
564326,1,1,7,156.59246041533646
564328,1,1,6,695.9821777227238
564332,1,1,9,771.5349201790781
564343,1,1,9,511.86190234762944
564345,1,1,10,658.2206753662196
564361,1,1,7,69.04465354942099
564370,1,1,6,460.56966712167576
564371,1,1,9,721.1661677340055
564382,1,1,6,421.4219592889779
564383,1,1,10,588.6318340300754
564385,0,1,0,0.13526629590087208
564399,1,1,9,821.7915857677888
564411,1,1,2,398.632901292683
564414,1,1,9,737.9775659611082
564415,1,1,4,0.42645458358136
564425,1,1,6,724.2325658820835
564429,1,1,9,535.6141166565734
564461,1,1,1,506.88440305666575
564468,1,1,10,123.95143124994739
564477,1,1,9,615.6172817967189
564490,1,1,7,142.07883570363327
564491,1,1,4,0.42645458358136
564495,1,1,6,477.18317851062216
564497,1,1,4,0.42645458358136
564502,1,1,10,656.124702626397
564504,1,1,8,183.92912362624915
564513,1,1,5,0.42645457969393247
564516,1,1,8,363.73121931089406
564522,1,1,6,802.0462539756551
564531,1,1,7,37.143312405167144
564536,1,1,9,736.5922904024123
564541,1,1,10,696.8433019546197
564545,1,1,7,105.2939856564067
564581,1,1,10,125.89047273961482
564583,1,1,2,451.62954105166904
564587,1,1,2,464.8417096668788
564601,1,1,9,642.2380495252115
564609,1,1,7,37.061882712718166
564628,1,1,2,343.810161709637
564632,1,1,9,744.2429076450427
564647,1,1,6,531.2648968815907
564648,1,1,4,0.42645458358136
564651,1,1,10,322.837004701282
564657,1,1,5,0.42645456789925423
564662,1,1,6,615.6867082676046
564668,1,1,5,0.42645457969393247
564674,1,1,1,739.0451561345131
564683,1,1,10,230.90044547890213
564684,1,1,6,515.0669616761385
564691,1,1,9,894.2006702875467
564692,1,1,5,0.42645457969393247
564698,1,1,6,645.7768042217109
564701,1,1,10,329.2118017473351
564749,1,1,10,441.9528157451484
564765,1,1,5,0.42645457969393247
564796,1,1,6,559.7385489195921
564807,1,1,9,383.86330400985173
564808,1,1,8,927.941841756121
564813,1,1,8,198.33319746672908
564819,1,1,8,742.88785567622
564844,1,1,4,0.42645458358136
564846,1,1,2,90.77751050541389
564857,1,1,8,399.8059181595291
564860,1,1,7,141.5284474023541
564867,1,1,8,824.2544967946783
564880,1,1,8,349.03232100859054
564885,1,1,1,284.5461145718187
564892,1,1,7,72.79569477363279
564926,1,1,1,627.8253197208367
564928,1,1,10,260.71880224491576
564936,1,1,2,144.1827499991743
564950,1,1,5,0.42645457969393247
564951,1,1,7,63.76180434536837
564953,1,1,6,517.0424852068456
564957,1,1,8,534.4780337712413
564964,1,1,10,468.151578407915
564977,1,1,5,0.42645456789925423
564979,1,1,1,613.1490426775065
564982,1,1,10,222.38178704290772
564988,1,1,8,462.92054854213393
565010,1,1,6,716.8581081857006
565015,1,1,4,0.42645458358136
565016,1,1,10,121.2291688000756
565022,1,1,1,610.2832379302153
565040,1,1,9,845.6234167975969
565043,1,1,8,304.3054811524695
565049,1,1,8,885.6969187469723
565054,1,1,1,755.4112306270939
565060,1,1,8,405.99832829830933
565064,1,1,9,535.6459512913831
565087,1,1,6,628.5191727572868
565106,1,1,6,744.5629562076974
565151,1,1,9,599.6821965294566
565152,0,1,0,0.1617914788453679
565160,1,1,8,866.9550270762209
565165,1,1,9,604.1575504123118
565175,1,1,3,86.5965801707794
565176,1,1,6,615.9783632145139
565183,1,1,5,0.42645457969393247
565188,1,1,10,505.8510320875603
565190,1,1,1,564.4493320911185
565192,1,1,8,485.34000372237585
565202,1,1,8,527.6312233608634
565218,1,1,10,669.8259135475006
565228,1,1,1,376.26652907884556
565231,1,1,6,724.91998136299
565232,1,1,8,454.40141203506613
565236,1,1,9,562.5158906612605
565268,1,1,6,600.8028562521629
565286,1,1,6,507.22003593083895
565301,1,1,8,824.9469876440431
565322,1,1,9,763.1970507261565
565330,1,1,4,0.42645458358136
565352,1,1,8,392.2277027956521
565357,1,1,10,417.0983046999624
565359,1,1,10,264.10182298890976
565360,1,1,8,320.51853931651874
565378,1,1,1,369.11056970760507
565381,1,1,8,606.0622003701957
565388,1,1,5,0.42645457969393247
565450,1,1,5,0.42645457969393247
565451,1,1,5,0.42645457969393247
565465,1,1,9,692.8243039147522
565485,1,1,9,648.8775332481197
565489,1,1,8,627.0233235311131
565496,1,1,6,440.67514778362664
565513,1,1,5,0.42645457969393247
565530,1,1,6,735.7052651670289
565533,1,1,5,0.42645457969393247
565542,1,1,9,700.5803369357776
565554,1,1,6,396.68624352572954
565555,1,1,1,247.71685583822924
565556,1,1,2,217.43462572368443
565557,1,1,4,0.42645458358136
565566,1,1,10,255.20793433357161
565569,1,1,8,388.42640076547076
565582,1,1,9,381.6172165421964
565583,1,1,1,720.4665746739104
565587,1,1,1,635.9003875723238
565603,1,1,1,428.42098936065275
565619,1,1,10,280.1036506075147
565627,1,1,5,0.42645457969393247
565628,1,1,10,84.90407309591794
565632,1,1,6,652.1479063676683
565636,1,1,9,830.35323300349
565655,1,1,5,0.42645457969393247
565660,0,1,0,0.10624116048406558
565662,1,1,8,707.4838716195757
565671,1,1,9,232.89984219024248
565694,1,1,4,0.42645458358136
565700,1,1,9,473.8892179948827
565702,1,1,8,560.3255051840857
565703,1,1,4,0.42645458358136
565705,1,1,9,700.6809316844478
565741,1,1,3,84.59291527942932
565743,1,1,6,246.2940862870598
565757,1,1,8,377.5123619134321
565763,1,1,5,0.42645457969393247
565778,1,1,8,628.1514481594887
565785,1,1,9,534.9870754762426
565793,0,1,0,0.09142896896342922
565800,1,1,4,0.42645458358136
565811,1,1,6,720.3486337007896
565816,0,1,0,0.10489476603413453
565822,1,1,5,0.42645457969393247
565833,1,1,6,773.6314887301936
565836,1,1,1,599.2181577956258
565850,1,1,6,486.56170750211106
565878,1,1,10,719.9850897844332
565895,1,1,5,0.42645457969393247
565918,1,1,10,529.9214986607667
565930,1,1,3,92.10370244526959
565935,1,1,10,434.91799076588507
565945,1,1,9,450.3153676021066
565964,1,1,9,418.7417120561967
565998,1,1,4,0.42645458358136
566005,1,1,6,225.32743764639906
566019,1,1,6,366.97337083863766
566023,1,1,5,0.42645457969393247
566031,1,1,3,77.09109299184043
566032,1,1,8,360.76853391427625
566034,1,1,3,89.8165650627767
566073,1,1,9,830.9638489857176
566083,1,1,3,71.61733030149341
566110,1,1,8,172.79202422431274
566126,1,1,6,357.8482626347374
566128,1,1,6,750.722197981245
566138,1,1,5,0.42645457969393247
566150,1,1,6,390.24525964455046
566151,1,1,5,0.42645457969393247
566158,0,1,0,0.09807137139826066
566170,1,1,5,0.42645457969393247
566172,1,1,8,895.2063826212061
566189,1,1,10,678.9093814432415
566202,1,1,7,113.68693567207832
566203,1,1,10,600.8449932549422
566214,1,1,9,797.6022582138534
566221,1,1,10,182.37740954579317
566225,1,1,6,500.736893289424
566229,1,1,10,696.660473303262
566240,1,1,5,0.42645457969393247
566271,1,1,6,179.6177436527597
566288,1,1,6,545.3895645830423
566298,1,1,6,730.6639405586819
566351,1,1,10,625.0374922855239
566352,1,1,6,719.1872378733599
566362,1,1,4,0.42645457969393247
566370,1,1,4,0.42645458358136
566378,1,1,1,683.8124724809052
566381,1,1,9,810.5832528641854
566387,1,1,6,806.7271363570255
566394,1,1,9,529.2881778753729
566402,1,1,2,372.6711237480887
566409,1,1,10,698.8214821423968
566411,1,1,2,471.43640043521185
566413,1,1,9,375.32178445251725
566414,1,1,4,0.42645458358136
566417,1,1,10,719.977982774405
566421,1,1,10,220.95785906468993
566427,1,1,6,640.7951085039895
566436,1,1,9,778.6286831046268
566441,1,1,9,600.5048341020442
566461,1,1,6,655.2995745508484
566470,1,1,4,0.42645458358136
566475,1,1,10,378.40872282964125
566478,1,1,9,486.1618044340668
566486,1,1,4,0.42645458358136
566489,1,1,8,353.13673009439634
566515,1,1,8,543.6210380840233
566526,1,1,7,157.53371405041284
566534,1,1,1,206.03706632921077
566539,1,1,6,291.41128841995646
566550,1,1,9,558.1266136496647
566563,1,1,10,427.1530057251587
566578,1,1,4,0.42645458358136
566579,1,1,7,151.76057971296956
566601,1,1,8,693.3795687217752
566616,1,1,1,415.2922483561379
566623,1,1,6,549.3406521862535
566635,1,1,4,0.42645458358136
566646,1,1,7,83.02396490667142
566653,1,1,7,63.167268582542945
566657,1,1,9,257.8388981543123
566666,1,1,9,698.4162653250521
566668,1,1,5,0.42645457969393247
566689,1,1,10,638.786649611308
566698,1,1,4,0.42645458358136
566700,1,1,8,605.9143109256091
566704,1,1,10,322.4693754217536
566716,1,1,9,819.2529361235964
566721,1,1,8,381.96575177534737
566726,1,1,6,278.760280093175
566752,1,1,10,721.368861837291
566762,1,1,6,513.5353062241712
566766,1,1,8,895.7249281971128
566770,1,1,8,752.1524758264459
566790,1,1,6,746.6294381044052
566792,1,1,9,621.1559922660186
566801,1,1,5,0.42645457969393247
566803,1,1,10,604.324617430467
566823,1,1,5,0.42645457969393247
566826,0,1,0,0.16200097589972945
566828,1,1,6,333.11935490791035
566831,1,1,9,781.7015040003987
566855,1,1,4,0.42645458358136
566897,1,1,1,206.84152509906127
566899,1,1,10,371.1027187437688
566908,1,1,6,682.1254988087353
566911,1,1,4,0.4264545919581291
566920,1,1,8,811.0699497243874
566956,1,1,8,889.966020367297
566971,1,1,5,0.42645457969393247
566986,1,1,10,718.1688826093969
567011,1,1,9,348.966409443349
567020,1,1,5,0.42645457969393247
567032,1,1,4,0.42645458358136
567050,1,1,5,0.42645457969393247
567053,1,1,9,822.0738222266618
567058,1,1,10,338.8894650720483
567063,1,1,10,642.7694236681864
567073,1,1,10,557.8174664442164
567085,1,1,8,169.37363507451215
567087,1,1,9,519.139086101902
567088,1,1,7,4.422152389337255
567089,1,1,9,385.22982888024285
567093,1,1,5,0.42645457969393247
567098,1,1,4,0.42645458358136
567106,1,1,10,187.88002342510555
567142,1,1,9,771.9121063210627
567144,1,1,5,0.42645457969393247
567159,1,1,8,386.30607901759214
567173,1,1,3,92.3556079642392
567180,1,1,10,720.3543824167249
567188,1,1,1,425.12508849312263
567206,1,1,9,698.5647668058746
567208,1,1,4,0.42645458358136
567233,1,1,10,458.7703465733916
567268,1,1,2,97.51534675680071
567274,1,1,6,804.7526274784198
567285,1,1,5,0.42645456789925423
567299,1,1,3,93.12203003400941
567316,1,1,10,426.0202766582307
567320,1,1,2,454.92081936102244
567325,1,1,9,870.3071385618491
567326,1,1,1,545.4238832057326
567327,1,1,6,429.75657190011435
567334,1,1,4,0.42645458358136
567336,1,1,9,403.96302520665455
567343,1,1,9,255.3969659078365
567347,1,1,9,862.0568555052805
567351,1,1,8,573.1482535615754
567357,1,1,1,481.67068676356985
567362,1,1,5,0.42645457969393247
567377,1,1,8,457.47153155158884
567382,1,1,7,83.68289460441197
567388,1,1,7,155.1204382772946
567389,1,1,6,775.5862277910187
567398,1,1,9,76.46686036507053
567415,1,1,2,181.63309710124884
567445,1,1,10,638.5912808984307
567494,1,1,9,436.8074232283713
567508,1,1,1,592.401772376084
567514,1,1,4,0.42645458358136
567522,1,1,9,825.4026293472452
567525,1,1,6,373.9013332217637
567529,1,1,10,602.2901353301106
567536,1,1,9,827.204626564281
567540,1,1,8,614.2306905341283
567561,1,1,4,0.42645458358136
567566,1,1,5,0.42645457969393247
567580,1,1,5,0.42645457969393247
567581,1,1,8,466.27404654067
567589,1,1,7,155.1831239491878
567590,1,1,5,0.42645457969393247
567612,1,1,6,712.9742579089033
567615,1,1,10,349.15794540451896
567623,1,1,4,0.42645458358136
567626,1,1,8,792.8027311008321
567639,1,1,8,517.1423178116213
567647,1,1,10,443.5743032417143
567659,1,1,5,0.42645457969393247
567662,1,1,2,456.8793297230918
567669,1,1,4,0.42645458358136
567674,1,1,8,810.9746163119455
567689,1,1,9,731.4087436053292
567694,1,1,4,0.42645458358136
567702,1,1,5,0.42645457969393247
567727,1,1,6,339.6963350851771
567733,1,1,9,720.7861822613795
567734,1,1,10,616.8770116875182
567735,1,1,6,782.4585228609967
567736,1,1,5,0.42645457969393247
567737,1,1,6,279.45214774139697
567762,1,1,4,0.42645458358136
567785,1,1,6,453.89280243338357
567791,1,1,5,0.42645457969393247
567792,1,1,9,772.1558422686977
567796,1,1,9,326.1241374268878
567810,1,1,9,171.22408150062836
567819,1,1,5,0.42645457969393247
567820,1,1,6,508.8260186296931
567823,1,1,6,553.3929287488525
567826,1,1,6,185.1359419255502
567832,1,1,2,379.39816915072015
567840,1,1,2,376.14838916055373
567855,1,1,3,94.07468637216184
567857,1,1,6,364.22155591104524
567870,1,1,9,679.7422353006947
567876,1,1,10,292.1665001872163
567908,1,1,7,166.48516736513545
567931,1,1,1,710.4078335379
567937,1,1,4,0.42645458358136
567942,1,1,1,670.5259718016551
567955,1,1,9,409.3650582181781
567993,1,1,8,311.9438448177239
568040,1,1,6,483.7706770090264
568047,1,1,4,0.42645458358136
568052,1,1,1,623.5712977299831
568119,1,1,9,771.4566489012122
568140,1,1,10,222.39292020238233
568141,1,1,5,0.42645457969393247
568154,1,1,9,800.7904191912994
568159,1,1,7,111.65490633169473
568176,1,1,4,0.42645458358136
568186,1,1,4,0.42645458358136
568201,1,1,2,315.11929376553644
568202,1,1,4,0.42645458358136
568210,1,1,9,866.5666752251458
568212,1,1,9,454.4214738066662
568215,1,1,3,65.1554881600625
568224,1,1,4,0.42645458358136
568226,1,1,1,537.8515357032452
568260,1,1,3,91.99260847526492
568264,1,1,8,902.2513698020388
568274,1,1,1,720.6598636653088
568287,1,1,5,0.42645456789925423
568293,1,1,6,461.32128152691774
568315,1,1,1,698.9339410790226
568321,1,1,4,0.42645458358136
568331,1,1,4,0.42645458358136
568335,1,1,8,517.2037763997947
568341,1,1,9,608.8827624606612
568349,1,1,9,876.684837179981
568351,1,1,9,724.0716468784884
568356,1,1,4,0.42645458358136
568363,1,1,8,471.2711455574026
568368,1,1,10,402.2716356557741
568386,1,1,9,585.7178882435283
568391,1,1,9,470.26115848664847
568400,1,1,9,781.7694352422583
568404,1,1,8,729.2728867392682
568410,1,1,4,0.42645458358136
568414,1,1,9,735.1780627238401
568427,1,1,5,0.42645457969393247
568431,1,1,5,0.42645457969393247
568456,1,1,6,699.0847575393069
568461,1,1,10,668.6586448039698
568462,1,1,9,556.9380680015449
568475,1,1,8,745.5590846266048
568492,1,1,5,0.42645457969393247
568514,1,1,6,396.65736513408933
568516,1,1,5,0.42645457969393247
568525,1,1,5,0.42645457969393247
568544,1,1,7,106.20362405576238
568557,1,1,8,551.5608684593731
568564,1,1,10,395.50883356190207
568570,1,1,6,675.6364430072074
568576,1,1,10,119.58861777822004
568577,1,1,10,436.02347054407073
568595,1,1,8,592.6551828186531
568597,1,1,10,150.57883270372605
568603,1,1,6,732.7576202829562
568606,1,1,9,582.9321251463512
568610,1,1,6,361.9526959924979
568612,1,1,8,429.6284140822729
568648,1,1,9,659.6668353046882
568651,1,1,9,659.4239874584849
568656,1,1,7,172.0236224587496
568667,1,1,10,283.0409025764114
568688,1,1,5,0.42645457969393247
568697,1,1,6,605.576138565813
568716,1,1,1,481.54572788534057
568745,1,1,5,0.42645457969393247
568760,1,1,6,200.40159209880306
568801,1,1,5,0.42645457969393247
568804,1,1,6,764.3288211197208
568805,1,1,5,0.42645457969393247
568819,1,1,9,728.7240828280301
568820,1,1,5,0.42645457969393247
568826,1,1,5,0.42645457969393247
568842,1,1,5,0.42645457969393247
568860,1,1,9,792.3425756357685
568871,1,1,9,854.548542243522
568874,1,1,4,0.42645458358136
568876,1,1,4,0.42645458358136
568902,1,1,10,639.5005452211309
568921,1,1,9,737.6593609460307
568926,1,1,1,369.638931945265
568930,1,1,8,688.5815053558617
568947,1,1,1,385.493415298403
568948,1,1,5,0.42645456789925423
568953,1,1,5,0.42645457969393247
568956,1,1,5,0.42645457969393247
568962,1,1,5,0.42645457969393247
568968,1,1,6,530.1564220383788
568972,1,1,8,695.2759125000061
568982,1,1,1,674.272781443312
568987,1,1,10,371.89237001641936
568988,1,1,9,394.7651923055022
568999,1,1,10,436.8719407281976
569002,1,1,9,740.8252117249966
569023,1,1,6,164.73668478746953
569026,1,1,5,0.42645457969393247
569045,1,1,8,595.4410174175315
569046,1,1,5,0.42645457969393247
569060,1,1,8,441.5641571671463
569066,1,1,1,670.4769079030453
569079,1,1,4,0.42645458358136
569082,1,1,4,0.42645458358136
569094,1,1,9,689.23056577864
569100,1,1,8,371.5626578225773
569101,1,1,1,564.6680755136645
569109,1,1,2,390.76355669923333
569113,1,1,6,514.041369592326
569115,1,1,6,341.5715791622324
569147,1,1,3,89.29526761328931
569161,1,1,8,624.5643194586553
569167,1,1,2,113.19800805577626
569168,1,1,9,432.57887616395146
569173,1,1,1,482.40761410779146
569176,1,1,8,794.244718458194
569188,1,1,8,731.8590424519653
569239,1,1,6,766.3040033852193
569240,1,1,8,729.1772685318874
569241,1,1,4,0.42645458358136
569270,1,1,6,321.2892157471903
569299,1,1,10,632.4469882607034
569301,1,1,6,800.4514526771522
569305,1,1,9,815.8752705816987
569312,1,1,5,0.42645457969393247
569345,1,1,3,68.5726320659831
569348,1,1,9,849.2467584179419
569349,1,1,6,171.28594788360587
569354,1,1,9,863.5375382558815
569364,1,1,10,459.6155993127982
569366,1,1,6,467.97437638504186
569370,1,1,6,293.2897257800502
569392,1,1,4,0.42645458358136
569393,1,1,10,449.1883292260868
569399,1,1,10,716.9127922165959
569409,1,1,1,733.9583403632095
569425,1,1,6,689.0203916230685
569426,1,1,10,398.7471448359712
569432,1,1,1,736.8244414845035
569433,1,1,5,0.42645457969393247
569434,1,1,9,812.2469216520178
569441,1,1,5,0.42645457969393247
569446,0,1,0,0.13175684564469173
569447,1,1,9,852.4073324086207
569452,1,1,9,675.1775459099377
569459,1,1,6,508.6663997181005
569464,1,1,8,830.1148248548988
569478,1,1,8,547.7195357236446
569483,1,1,9,749.4914811151363
569487,1,1,6,356.87081848709437
569491,1,1,9,726.9754705861891
569494,1,1,5,0.42645457969393247
569495,1,1,10,215.66989395333206
569502,1,1,6,449.50917812871336
569505,1,1,8,497.44573715647186
569515,1,1,8,356.0506911629314
569523,1,1,9,459.07029885819287
569535,1,1,8,405.37500746422324
569543,1,1,6,489.7563628420297
569571,1,1,9,49.7657915785951
569582,1,1,3,92.78971314550368
569588,1,1,6,312.9001979291451
569590,1,1,7,54.02462042688296
569605,1,1,6,487.15677568214164
569616,1,1,8,596.9292324236883
569627,1,1,5,0.42645457969393247
569646,1,1,4,0.42645458358136
569648,1,1,5,0.42645457969393247
569674,1,1,7,149.37126831102583
569675,1,1,8,286.5620161742531
569683,1,1,4,0.42645458358136
569687,1,1,5,0.42645457969393247
569705,1,1,9,479.53436404151097
569750,1,1,7,173.0077477804408
569763,1,1,9,248.6114971035583
569769,1,1,9,883.8619888340726
569787,1,1,10,156.88087698534113
569805,1,1,4,0.42645458358136
569806,1,1,5,0.42645457969393247
569814,1,1,10,523.9685040027315
569831,1,1,7,137.28008865810241
569837,1,1,5,0.42645456789925423
569841,1,1,9,267.91454859773154
569853,1,1,4,0.42645458358136
569856,1,1,2,398.01580605894804
569862,1,1,4,0.42645458358136
569870,1,1,5,0.42645457969393247
569886,1,1,8,719.8080011960501
569891,1,1,3,92.69837198219857
569915,1,1,9,814.3729834513495
569923,1,1,6,755.8949145496197
569924,1,1,9,812.1884049604892
569934,1,1,10,716.1215632258732
569971,1,1,10,653.0696133890202
569973,1,1,9,882.9296041107118
569981,1,1,1,342.5839663720427
569995,1,1,7,72.52094358067507
570001,1,1,4,0.42645458358136
570023,1,1,9,883.9590545750505
570045,1,1,2,481.2000446599963
570046,1,1,6,770.5743282285007
570047,1,1,10,124.0541572005365
570089,1,1,10,370.2286396580263
570093,1,1,8,146.29227107267565
570106,1,1,10,291.4681614931551
570107,1,1,5,0.42645457969393247
570111,1,1,9,190.76885628003666
570121,1,1,10,460.27901803857236
570131,1,1,10,189.2011085274172
570138,1,1,8,938.71311563544
570165,1,1,9,604.1723654928337
570210,1,1,10,415.3974987425917
570234,1,1,10,489.03555102949497
570240,1,1,7,67.68018095284336
570248,1,1,10,443.9500005129673
570254,1,1,5,0.42645457969393247
570266,1,1,7,153.16769829857205
570271,1,1,6,604.5992401571857
570281,1,1,5,0.42645457969393247
570283,1,1,10,668.672530435513
570301,1,1,10,327.77920181864033
570303,1,1,1,696.837627886736
570319,1,1,7,86.4755433810131
570332,1,1,5,0.42645457969393247
570335,1,1,6,174.57515028193532
570337,1,1,10,345.12991483387236
570341,1,1,8,220.37332964241008
570342,1,1,8,445.3698913472948
570347,1,1,9,821.7615971893425
570370,1,1,6,744.8461420900848
570371,1,1,5,0.42645457969393247
570378,1,1,6,732.2438228399802
570387,1,1,8,616.6146081065257
570396,1,1,6,283.68110267534195
570403,1,1,4,0.42645458358136
570423,1,1,10,411.888296705996
570429,1,1,4,0.42645458358136
570436,1,1,5,0.42645457969393247
570437,1,1,10,629.4374582909704
570459,1,1,7,58.135919758327425
570462,1,1,4,0.42645458358136
570468,1,1,9,114.59748493811325
570478,1,1,1,498.39287316291507
570483,1,1,3,76.61286085387964
570505,1,1,5,0.42645456789925423
570510,1,1,10,625.6603544261275
570511,1,1,6,245.64231221572146
570513,1,1,10,376.385122385929
570521,1,1,9,849.8782765458493
570526,1,1,10,153.67331240105878
570552,1,1,1,613.7893639049322
570565,1,1,4,0.42645458358136
570566,1,1,10,167.55931925566992
570587,1,1,4,0.42645458358136
570590,1,1,9,828.2526444699995
570593,1,1,9,864.0463158818412
570596,1,1,6,529.2203958401093
570598,1,1,6,260.11754157504777
570601,1,1,5,0.42645457969393247
570618,1,1,5,0.42645457969393247
570622,1,1,5,0.42645457969393247
570640,1,1,2,456.97415940943074
570649,1,1,9,550.9047608020711
570660,1,1,4,0.42645458358136
570661,1,1,3,89.53808055096744
570664,1,1,8,852.8208843784317
570679,1,1,8,577.1118921898083
570681,1,1,1,689.1350545156872
570692,1,1,10,538.1619268687031
570708,1,1,9,840.1406743039406
570709,1,1,6,677.618131005753
570727,1,1,6,762.6645971857206
570731,1,1,8,326.61994236019547
570734,1,1,9,794.0463729196831
570742,1,1,7,57.544404417654796
570752,1,1,10,459.3872682392394
570772,1,1,8,733.6000067982792
570775,1,1,8,625.475020766062
570789,1,1,4,0.42645458358136
570807,1,1,4,0.42645458358136
570838,1,1,1,392.9475228686959
570840,1,1,8,830.1208039691733
570860,1,1,2,49.48726299387772
570875,1,1,6,486.46472503760157
570895,1,1,9,701.0412468143577
570900,1,1,4,0.42645458358136
570903,1,1,9,710.0074866082776
570914,1,1,10,607.5041944944026
570922,1,1,8,756.2622184464817
570923,1,1,5,0.42645457969393247
570924,1,1,8,629.7775206803964
570930,1,1,10,422.52638818108375
570945,1,1,8,606.1620520054378
570951,1,1,6,413.8153794816047
570952,1,1,8,208.7358942574644
570956,1,1,4,0.42645458358136
570967,1,1,5,0.42645457969393247
570972,1,1,3,94.39422257263423
570973,1,1,9,690.4343952751466
570975,1,1,9,706.8788832193924
570984,1,1,4,0.42645458358136
570989,1,1,1,551.2720094995459
570992,1,1,5,0.42645457969393247
571025,1,1,6,529.3406120475989
571030,1,1,8,685.4868259854329
571059,1,1,10,438.07602840818225
571085,1,1,8,573.0890046668598
571087,1,1,5,0.42645457969393247
571130,1,1,5,0.42645456789925423
571147,1,1,8,615.8463279990013
571154,1,1,6,112.52307767498735
571157,1,1,6,764.0711420574031
571164,1,1,4,0.42645458358136
571174,1,1,9,645.5434258048456
571178,1,1,5,0.42645457969393247
571181,1,1,9,868.9386197108795
571184,1,1,6,182.1896346297759
571200,1,1,4,0.42645458358136
571203,0,1,0,0.11716592483097474
571207,1,1,8,617.0696965597172
571214,1,1,7,74.64628492253362
571240,1,1,8,497.7996384298314
571242,1,1,9,80.53225212841878
571244,1,1,9,200.17927080377854
571254,1,1,4,0.42645458358136
571260,1,1,8,453.9103234203111
571296,1,1,6,547.3179609651082
571307,1,1,9,394.1210744830749
571326,1,1,9,465.7491821727236
571329,1,1,8,195.40530435244452
571348,1,1,1,252.55018039273006
571365,1,1,9,485.40273752968665
571388,1,1,8,382.94665486874135
571406,1,1,8,562.008729246043
571424,1,1,2,364.0449261344549
571429,1,1,9,327.95677013527416
571431,1,1,1,705.0049284040431
571435,1,1,2,162.2073077885726
571443,1,1,9,610.8735783672653
571446,1,1,6,364.58058997632776
571449,1,1,2,461.86302408065205
571471,1,1,9,473.88398019143614
571492,1,1,9,509.9845853841107
571556,1,1,9,411.45554910777975
571576,1,1,10,450.532038055209
571580,1,1,5,0.42645457969393247
571584,1,1,6,446.49851391220756
571589,1,1,1,176.63837064587642
571591,1,1,10,139.45195775010248
571593,1,1,6,261.1136575441396
571595,1,1,7,84.18771332016405
571631,1,1,9,326.4062830425769
571632,1,1,4,0.42645458358136
571642,1,1,10,705.3470211808469
571652,1,1,4,0.42645458358136
571661,1,1,10,646.6928147162623
571676,1,1,6,535.5549331597418
571679,1,1,6,600.447252050435
571692,1,1,6,322.78030575749045
571700,1,1,8,455.39420307056446
571724,1,1,4,0.42645458358136
571744,1,1,6,529.4035698252136
571746,1,1,7,92.30451248249743
571782,1,1,8,797.4066764429335
571784,1,1,4,0.42645458358136
571785,1,1,6,474.86606593754556
571788,1,1,8,416.0256485759251
571794,1,1,7,159.83085210174127
571801,1,1,5,0.42645457969393247
571834,1,1,6,519.3234235761064
571840,1,1,6,498.56090128091444
571847,1,1,10,220.575938980313
571851,1,1,8,839.552091520595
571882,1,1,4,0.4264545919581291
571889,1,1,8,868.4820725635299
571894,1,1,8,422.54847790905274
571898,1,1,6,766.5036278834655
571905,1,1,9,636.3249444414122
571911,1,1,6,569.5866078149445
571914,1,1,5,0.42645457969393247
571915,1,1,9,648.9139877450367
571938,1,1,8,572.5616981439093
571951,1,1,1,545.1915466656136
571957,1,1,4,0.42645458358136
571961,1,1,10,356.3165942186696
571977,1,1,3,86.64569103428927
571986,1,1,1,737.3776912310639
571993,1,1,5,0.42645457969393247
571999,1,1,10,638.5948443986911
572006,1,1,6,771.8806993873682
572025,1,1,10,432.84590354470123
572035,1,1,10,549.4219005248573
572061,1,1,8,856.293726172967
572064,1,1,9,188.69036038968943
572069,1,1,10,365.0144365217534
572088,1,1,4,0.42645458358136
572097,1,1,1,492.24089749497193
572104,1,1,10,132.34199136195124
572112,1,1,6,784.6351932641078
572121,1,1,10,417.98872633620283
572124,1,1,9,636.9333546558205
572128,1,1,10,122.2009302926938
572132,1,1,5,0.42645457969393247
572146,1,1,9,693.3644300042988
572167,1,1,10,201.37424927514977
572182,1,1,1,448.64176945660154
572187,1,1,9,336.57800532587976
572193,1,1,8,329.3196414141549
572194,1,1,10,530.5913753135496
572195,1,1,6,652.9631214874256
572207,1,1,4,0.42645458358136
572217,1,1,10,414.56090166772873
572230,1,1,6,722.2692388654831
572252,1,1,7,41.93982499315972
572259,1,1,4,0.42645458358136
572264,1,1,5,0.42645457969393247
572268,1,1,4,0.42645458358136
572269,1,1,7,121.24168603751407
572282,1,1,6,191.23998614125728
572296,1,1,5,0.42645457969393247
572297,1,1,4,0.42645458358136
572321,1,1,10,578.5915820521532
572348,1,1,4,0.42645458358136
572369,1,1,7,141.9968392584633
572371,1,1,10,260.6316558795851
572379,1,1,5,0.42645457969393247
572388,1,1,8,781.9502613755748
572416,1,1,6,457.0082368099818
572428,1,1,8,689.9201162917991
572433,1,1,4,0.42645458358136
572442,1,1,5,0.42645457969393247
572458,1,1,9,635.6521648199966
572460,1,1,10,650.035359559038
572481,1,1,9,491.91209575540745
572488,1,1,9,460.9321729037625
572492,1,1,9,377.2655799184668
572503,0,1,0,0.12551873677452918
572510,1,1,7,63.734841981465706
572521,1,1,6,643.3188408611152
572526,1,1,9,339.90590269849815
572530,1,1,9,871.018777735404
572537,1,1,5,0.42645457969393247
572539,1,1,10,439.67926191449135
572544,1,1,9,645.2694505436116
572546,1,1,8,658.5635292521355
572550,1,1,9,742.0222117152695
572555,1,1,10,458.01462825829526
572558,1,1,9,604.080528209286
572563,1,1,6,628.8577633531424
572564,1,1,8,475.8406094625208
572571,1,1,10,236.81492697279438
572579,1,1,7,170.63883871593782
572586,1,1,1,335.33125885341275
572610,1,1,5,0.42645457969393247
572612,1,1,9,419.4734820873394
572623,1,1,8,353.1536588042572
572624,1,1,9,678.3556243102628
572664,1,1,6,787.8652907448577
572672,1,1,4,0.42645458358136
572673,1,1,7,114.45116897980012
572696,1,1,5,0.42645457969393247
572708,1,1,4,0.42645458358136
572765,1,1,3,46.146076587296335
572766,1,1,10,705.4712980881159
572767,1,1,1,510.16547293729565
572775,1,1,9,211.52533271966075
572816,1,1,6,356.5955863761436
572827,1,1,4,0.42645458358136
572828,1,1,9,644.7889173426222
572834,1,1,2,284.27338036905144
572836,1,1,9,667.0162753257114
572852,1,1,5,0.42645457969393247
572858,1,1,10,391.4213854926776
572860,1,1,6,322.33015461939897
572875,1,1,5,0.42645457969393247
572880,1,1,5,0.42645457969393247
572928,1,1,5,0.42645457969393247
572929,1,1,8,386.3536482375137
572936,1,1,5,0.42645457969393247
572940,1,1,7,159.56989643932508
572952,1,1,8,362.83338185955887
572960,1,1,10,459.66157072531183
572961,1,1,6,569.1685435339107
572989,1,1,2,342.3625858524399
573003,1,1,6,326.272200451864
573006,1,1,1,538.4427710656605
573008,1,1,8,638.902321645967
573010,1,1,9,579.4635428747231
573019,1,1,3,79.31344601563923
573020,1,1,10,99.67981858397778
573025,1,1,1,508.5964761227315
573036,1,1,8,458.1553596644819
573039,1,1,5,0.42645457969393247
573044,1,1,10,463.2822559726764
573050,1,1,1,624.6399626923511
573062,1,1,5,0.42645457969393247
573063,1,1,7,168.4875591138569
573066,0,1,0,0.0718911034681395
573077,1,1,10,721.8682782424988
573079,1,1,5,0.42645457969393247
573097,1,1,1,342.7543895126965
573131,1,1,3,80.50869339039883
573133,1,1,1,368.058714943319
573140,1,1,2,429.1102406632769
573162,1,1,8,279.3813236627579
573173,1,1,8,872.1696740746477
573174,1,1,4,0.42645458358136
573175,1,1,9,229.79403267199967
573178,1,1,5,0.42645457969393247
573185,1,1,8,598.7899185589281
573186,1,1,5,0.42645457969393247
573195,1,1,1,560.4791517407846
573197,1,1,9,791.7747807275746
573201,1,1,8,211.9539774829177
573206,0,1,0,0.1185127454963035
573209,1,1,9,634.9756702064568
573216,1,1,8,534.4035787420031
573221,1,1,1,350.7106734958153
573244,1,1,5,0.42645457969393247
573248,1,1,6,801.9070051011568
573255,1,1,6,323.63887743237024
573259,1,1,4,0.42645458358136
573316,1,1,1,571.1827330761113
573326,1,1,4,0.42645458358136
573341,1,1,9,540.3897350982288
573345,1,1,8,119.8917229755308
573347,1,1,8,244.6278298259255
573351,1,1,6,605.7485018250188
573356,1,1,5,0.42645457969393247
573357,1,1,5,0.42645457969393247
573373,1,1,10,696.8398002099146
573382,1,1,3,92.37207310876882
573386,1,1,5,0.42645456789925423
573388,1,1,6,778.656479402529
573396,1,1,1,352.80034656012003
573410,1,1,7,160.87990580578315
573411,1,1,10,280.61958829065753
573430,1,1,1,227.03002436993486
573439,1,1,7,33.520006498935594
573444,1,1,8,542.41209307592
573448,1,1,9,771.6283990873478
573453,1,1,6,672.2058269934208
573474,1,1,6,704.2796356363638
573497,1,1,5,0.42645457969393247
573501,1,1,5,0.42645457969393247
573509,1,1,9,366.0504934846634
573531,1,1,10,166.92191119763223
573540,1,1,10,465.91937725009336
573542,1,1,9,806.251284211859
573593,1,1,9,190.8698804751653
573598,1,1,1,248.59615532104328
573600,1,1,5,0.42645457969393247
573609,1,1,6,763.6673421480247
573630,1,1,10,300.55353122074087
573634,1,1,6,369.0377392644497
573646,1,1,4,0.42645458358136
573661,1,1,5,0.42645457969393247
573673,1,1,7,81.87258649443064
573680,1,1,10,144.5446157146759
573689,1,1,5,0.42645457969393247
573691,1,1,9,500.9780036874768
573704,1,1,6,767.1217431443544
573711,1,1,8,545.7588338639534
573727,1,1,8,114.03391208538345
573731,1,1,10,241.2217454742504
573734,1,1,7,105.74527159971274
573747,1,1,8,930.8516849105432
573749,1,1,6,773.7705232495065
573758,1,1,9,442.74679957381966
573759,1,1,5,0.42645457969393247
573763,1,1,6,256.78721416183504
573768,1,1,4,0.42645458358136
573775,0,1,0,0.09887345694295936
573780,1,1,5,0.42645457969393247
573782,1,1,3,88.0615841541024
573794,1,1,5,0.42645457969393247
573806,1,1,9,304.4527140847592
573825,1,1,10,720.528371998221
573828,1,1,3,92.32507370463233
573830,1,1,8,944.2501861715793
573849,1,1,10,503.25097289150403
573856,1,1,2,342.3303492462868
573862,1,1,5,0.42645457969393247
573864,1,1,4,0.42645458358136
573866,1,1,8,394.8270267212418
573874,1,1,10,705.0333706183264
573879,1,1,9,894.1391828640267
573881,1,1,4,0.42645458358136
573895,1,1,5,0.42645457969393247
573903,1,1,7,97.09111842756107
573905,1,1,9,549.4893240265752
573906,1,1,4,0.42645458358136
573912,1,1,6,271.62568680737405
573925,1,1,8,237.46986261869753
573932,1,1,5,0.42645457969393247
573939,1,1,10,622.9587498486627
573944,1,1,6,543.5614505322765
573959,1,1,7,77.86766702775272
573961,1,1,7,97.66222930298044
573962,1,1,4,0.42645458358136
573972,1,1,3,37.35906758260717
573984,1,1,9,684.2252509387923
574008,1,1,10,720.8514621975946
574029,1,1,8,431.2515648481598
574032,1,1,6,325.35234878662146
574040,1,1,1,565.7885850979635
574061,1,1,6,682.7508429152819
574064,1,1,5,0.42645457969393247
574077,1,1,9,704.6689010611041
574080,1,1,5,0.42645457969393247
574094,1,1,6,272.75063882859695
574134,1,1,4,0.42645458358136
574143,1,1,5,0.42645457969393247
574155,1,1,9,611.6911009586096
574164,1,1,10,307.70988005220045
574167,1,1,9,387.07650157966344
574170,1,1,4,0.42645458358136
574176,0,1,0,0.15079051742255475
574181,1,1,6,256.1659497143015
574208,1,1,1,461.74520552978237
574212,1,1,1,309.4613016139769
574229,1,1,2,367.5555875474362
574233,1,1,6,762.2123446350334
574241,1,1,4,0.42645458358136
574242,1,1,6,478.2486746486957
574258,1,1,9,461.3319464868295
574265,1,1,9,743.3269492337697
574273,0,1,0,0.1662243265458326
574301,1,1,9,699.6160315635534
574308,1,1,1,523.9356843237294
574310,1,1,7,170.10310916975712
574365,1,1,1,349.18534458023424
574394,1,1,1,492.6213773650539
574395,1,1,9,563.0765237887395
574430,1,1,6,529.1379897201949
574478,1,1,8,861.9972718753943
574495,1,1,5,0.42645457969393247
574512,1,1,8,792.7296561310272
574521,1,1,3,57.93275711329063
574522,1,1,9,213.8959494270492
574525,1,1,10,430.45847685186646
574532,1,1,4,0.42645458358136
574538,1,1,6,592.8145903004253
574545,1,1,9,840.2741175180548
574552,1,1,6,483.60208561115803
574571,1,1,4,0.42645458358136
574574,1,1,1,321.9789781723433
574581,1,1,10,605.395833368812
574593,1,1,6,131.268900492662
574597,1,1,4,0.42645458358136
574600,1,1,9,881.3354184750223
574601,1,1,8,708.2983209601531
574611,1,1,8,356.275301185319
574666,1,1,10,459.48855952416267
574678,1,1,8,517.3797521305809
574719,1,1,10,530.8520420926466
574731,1,1,5,0.42645457969393247
574742,1,1,9,799.4197001972703
574749,1,1,4,0.42645458358136
574750,1,1,6,641.4275580513635
574781,1,1,5,0.42645456789925423
574782,1,1,3,83.95559270058271
574805,1,1,9,603.6259694633303
574807,1,1,4,0.42645458358136
574819,1,1,9,298.19559781918565
574834,1,1,9,756.2466641078387
574842,1,1,8,586.7331622868763
574860,1,1,4,0.42645458358136
574881,1,1,4,0.42645458358136
574891,1,1,5,0.42645457969393247
574907,1,1,6,671.777073453311
574922,1,1,5,0.42645457969393247
574930,1,1,2,225.0107880658575
574942,1,1,8,444.3029801234298
574943,1,1,5,0.42645457969393247
574946,1,1,5,0.42645457969393247
574950,1,1,5,0.42645457969393247
574954,1,1,8,889.2063512085208
574998,1,1,8,480.1651668345141
575012,1,1,9,771.5907125316679
575037,1,1,5,0.42645457969393247
575039,1,1,9,545.9720670632729
575044,1,1,4,0.42645458358136
575052,1,1,5,0.42645457969393247
575067,1,1,10,573.1782093537129
575077,1,1,6,538.3996633628017
575081,1,1,9,678.3544347029226
575085,1,1,10,394.4252793496296
575108,1,1,9,794.7618547196307
575111,1,1,9,876.594261151833
575122,1,1,6,798.7221439489748
575123,1,1,4,0.42645458358136
575125,1,1,6,475.3274343729461
575154,1,1,3,57.97688184703121
575163,1,1,8,948.4972653903997
575175,1,1,9,756.2542244051492
575185,1,1,5,0.42645457969393247
575191,1,1,1,544.4571461621874
575207,1,1,7,76.17698595822978
575209,1,1,6,465.065786880362
575219,1,1,9,590.504480404678
575224,1,1,9,197.23499885577604
575226,1,1,6,123.76863072354791
575246,1,1,6,342.17065846068505
575261,1,1,4,0.42645458358136
575263,1,1,9,856.2686607697439
575268,1,1,4,0.42645458358136
575269,1,1,6,759.8270679955464
575276,1,1,5,0.42645457969393247
575277,1,1,4,0.42645458358136
575284,1,1,9,522.9935494799807
575293,1,1,8,704.7703340519399
575308,1,1,8,698.4261360587184
575320,1,1,8,719.8154727213201
575326,1,1,9,602.7370889704705
575337,1,1,9,853.1199609311151
575339,1,1,5,0.42645457969393247
575350,1,1,6,452.9990991960002
575360,1,1,4,0.42645458358136
575363,1,1,1,228.78034291410438
575381,1,1,5,0.42645457969393247
575388,1,1,4,0.42645458358136
575389,1,1,2,260.50141447471765
575395,1,1,1,671.796732513465
575416,1,1,3,91.05590156721593
575426,1,1,4,0.4264545919581291
575428,1,1,10,405.1626034208889
575430,1,1,3,89.53862905808182
575444,1,1,4,0.42645458358136
575479,1,1,6,536.437781748261
575502,1,1,9,630.9376016470668
575503,1,1,3,87.48968042925999
575507,1,1,1,309.02846580043126
575513,1,1,9,582.1417252295699
575514,1,1,8,152.78663812430815
575519,1,1,10,717.3318362282326
575542,1,1,9,842.8292054974474
575549,1,1,3,78.30632496638125
575551,1,1,4,0.42645458358136
575556,1,1,10,711.6985805165801
575575,1,1,8,669.4647987971665
575577,1,1,7,80.58071100474676
575584,1,1,6,384.2481426686476
575590,1,1,3,90.49841275032085
575600,1,1,4,0.42645458358136
575615,1,1,9,609.7104309351599
575617,1,1,5,0.42645457969393247
575627,1,1,5,0.42645457969393247
575636,1,1,6,540.8041768003325
575641,1,1,9,865.0560711863851
575655,1,1,4,0.42645458358136
575656,1,1,8,395.38720021979105
575660,1,1,3,48.38045626385159
575662,1,1,8,586.4272829069241
575681,1,1,6,386.3994213005546
575684,1,1,4,0.42645458358136
575688,1,1,4,0.4264545919581291
575702,1,1,10,296.4231628500817
575719,1,1,8,657.9103960793182
575729,1,1,9,574.0940711175018
575742,1,1,9,685.3744210526238
575752,1,1,10,354.1987275539011
575764,1,1,3,80.6364133678289
575771,1,1,10,292.29893247457926
575776,1,1,4,0.42645458358136
575788,1,1,3,77.90140512767927
575790,1,1,9,513.9741935214666
575795,1,1,7,91.42125336262035
575807,1,1,5,0.42645457969393247
575821,1,1,5,0.42645457969393247
575823,1,1,1,534.5900362918572
575832,1,1,3,84.70787287181031
575836,1,1,4,0.42645458358136
575856,1,1,8,732.5563662109139
575857,1,1,6,480.7562132821039
575866,1,1,6,576.0942364425574
575872,1,1,9,582.5992174417613
575875,1,1,8,604.7949918417255
575877,1,1,8,683.9692916149247
575898,1,1,8,834.1409031786451
575929,1,1,4,0.42645458358136
575939,1,1,8,833.5115562341657
575941,1,1,5,0.42645457969393247
575949,1,1,8,266.08454970978164
575950,1,1,6,805.8690932085012
575953,1,1,6,232.51196342159832
575968,1,1,8,887.1097592009775
575984,1,1,8,383.4658263434194
575994,1,1,5,0.42645456789925423
576021,1,1,1,161.21072857269812
576026,1,1,3,81.3701918109111
576027,1,1,10,204.94276357360496
576038,1,1,6,605.1213762204527
576059,1,1,8,834.0133133672382
576075,1,1,5,0.42645457969393247
576121,1,1,8,453.0432861463333
576144,1,1,4,0.42645458358136
576156,1,1,1,473.1120155782957
576159,1,1,5,0.42645457969393247
576164,1,1,10,720.1838784606707
576165,1,1,8,786.9287895409647
576170,1,1,2,274.3655934143985
576175,1,1,2,450.9700859075928
576185,1,1,8,474.30346800001155
576186,1,1,4,0.42645458358136
576195,1,1,9,625.4272931038039
576225,1,1,4,0.42645458358136
576227,1,1,8,585.8079714910303
576233,1,1,10,568.3547053568254
576234,1,1,5,0.42645457969393247
576253,1,1,9,611.8089887581501
576268,1,1,6,744.9868938781564
576281,1,1,7,91.53037429870767
576313,1,1,1,500.92407386845707
576320,1,1,10,326.20241151484163
576346,1,1,10,295.63316566916734
576359,1,1,8,627.9080832611144
576363,1,1,10,548.1237257391504
576365,1,1,8,517.299027479536
576371,1,1,1,246.19291315929027
576376,1,1,6,477.8321594039632
576378,0,1,0,0.11883223923021163
576398,1,1,8,572.4437995543791
576402,1,1,10,163.52015210633206
576405,1,1,5,0.42645457969393247
576407,1,1,10,719.3919000565826
576413,1,1,9,887.2716954300554
576423,1,1,6,702.6117530478027
576440,1,1,6,543.7112779266239
576457,1,1,1,538.3433780842659
576469,1,1,5,0.42645457969393247
576471,1,1,5,0.42645457969393247
576482,1,1,6,553.7744884355378
576512,1,1,9,567.6330484589326
576515,1,1,5,0.42645457969393247
576522,1,1,6,354.2717918424161
576524,1,1,10,650.4831403142101
576530,1,1,6,568.7191064627651
576531,1,1,4,0.42645458358136
576537,1,1,9,226.6365768928001
576538,1,1,8,302.24542741374296
576547,1,1,5,0.42645457969393247
576550,1,1,6,340.715076392414
576551,1,1,4,0.42645458358136
576554,1,1,3,85.0520966111032
576555,1,1,1,656.7476135451059
576558,1,1,2,472.700391107925
576564,1,1,8,379.9863656398634
576573,1,1,2,436.3194287787043
576604,1,1,9,38.508690114700435
576612,1,1,10,592.3623663865651
576615,1,1,9,267.7074454839785
576618,1,1,5,0.42645456789925423
576622,1,1,5,0.42645456789925423
576634,1,1,1,604.4872252698082
576645,1,1,9,530.4587987477222
576659,1,1,9,587.3327832968724
576661,1,1,6,292.49329136816095
576675,1,1,4,0.42645458358136
576677,1,1,9,626.0768421610122
576699,1,1,8,475.29833108117356
576711,1,1,7,89.39830980404939
576715,1,1,9,663.2815258424063
576721,1,1,5,0.42645457969393247
576726,1,1,10,307.39779059756614
576736,1,1,6,783.2967164438073
576754,0,1,0,0.20429663316591046
576760,1,1,8,929.6430735852192
576764,1,1,6,346.7117275908013
576776,1,1,5,0.42645457969393247
576781,1,1,10,585.8693682300307
576784,1,1,8,495.75311368576865
576793,1,1,9,769.5407778530919
576799,1,1,4,0.42645457969393247
576805,1,1,6,489.52037536607673
576818,1,1,9,430.292522094185
576822,0,1,0,0.13871783731285775
576831,1,1,9,86.59884375174398
576837,1,1,10,419.816074215171
576843,1,1,8,323.6054340584253
576849,1,1,6,270.5098573897365
576855,1,1,3,56.70544508553441
576871,1,1,5,0.42645457969393247
576872,1,1,5,0.42645457969393247
576876,1,1,2,300.1317137608301
576878,1,1,5,0.42645456789925423
576895,1,1,7,171.75425082760276
576915,1,1,7,172.60945873268003
576933,1,1,9,653.1255350845043
576946,1,1,3,70.4099007435147
576948,1,1,9,599.0718690791867
576980,1,1,7,108.42795520964356
576984,1,1,10,719.5850429677894
576997,1,1,9,785.0356977918083
577002,1,1,9,249.6470002836607
577005,1,1,5,0.42645457969393247
577018,1,1,4,0.42645458358136
577045,1,1,5,0.42645457969393247
577060,1,1,6,597.7307866076928
577069,1,1,1,568.124369703333
577075,1,1,9,611.9823887599963
577080,1,1,2,440.8430101428318
577110,1,1,6,431.74472268362416
577111,1,1,9,564.9845769723728
577120,1,1,5,0.42645457969393247
577125,1,1,4,0.42645458358136
577134,1,1,1,498.7382978061605
577151,1,1,1,559.0302494314062
577158,1,1,5,0.42645457969393247
577160,1,1,5,0.42645457969393247
577161,1,1,10,169.45012529712022
577185,1,1,6,167.42172844952455
577191,1,1,8,645.644738267033
577220,1,1,4,0.42645458358136
577228,1,1,10,457.83198284925356
577244,1,1,9,825.9069519119017
577257,1,1,6,546.1584941313746
577271,1,1,1,536.1518457891342
577277,1,1,4,0.42645458358136
577288,1,1,5,0.42645457969393247
577298,1,1,10,460.20413296529733
577301,1,1,9,455.26534336511673
577309,1,1,9,862.7019434025286
577313,1,1,6,529.7658219879997
577317,1,1,10,661.6742725952853
577319,1,1,10,192.84991004645255
577325,1,1,1,630.7730650571859
577334,1,1,6,490.16042494190515
577341,1,1,10,244.36938451207251
577348,1,1,3,92.70046338799182
577351,1,1,9,239.5268303918371
577352,1,1,4,0.42645458358136
577379,1,1,10,584.6552805380846
577385,1,1,5,0.42645457969393247
577386,1,1,1,693.0510955283171
577402,1,1,10,719.8802191852108
577405,1,1,5,0.42645457969393247
577419,1,1,6,782.1222140530157
577431,1,1,9,757.6394165321116
577437,1,1,8,758.0918232758074
577442,1,1,5,0.42645457969393247
577465,1,1,6,372.1700499908451
577485,1,1,10,410.3336514879354
577496,1,1,9,601.6694749537285
577504,1,1,4,0.42645458358136
577509,1,1,8,419.0321087282486
577520,1,1,1,701.673180715796
577521,1,1,6,547.5790822162127
577523,1,1,10,236.85628148298474
577526,1,1,9,762.8983488932053
577549,1,1,4,0.42645458358136
577556,1,1,4,0.42645458358136
577565,1,1,9,861.9806042579207
577567,1,1,6,483.18597322991457
577572,1,1,5,0.42645457969393247
577580,1,1,6,615.1190354285768
577608,1,1,9,330.8711228174783
577620,1,1,10,516.8625875339053
577639,1,1,9,489.24317502611865
577683,1,1,5,0.42645457969393247
577685,1,1,7,142.2480084487552
577696,1,1,8,542.7222800037479
577733,1,1,4,0.42645458358136
577756,1,1,1,338.98493967894666
577764,1,1,8,316.7742775911825
577789,1,1,10,291.99721315618
577794,1,1,5,0.42645457969393247
577802,1,1,7,163.77637966018273
577808,1,1,6,791.8306040998946
577809,1,1,5,0.42645457969393247
577822,1,1,9,398.06597066982556
577832,1,1,8,220.15379558753563
577839,1,1,10,388.9641897702385
577840,1,1,1,189.01751066269173
577842,1,1,4,0.42645458358136
577852,1,1,4,0.42645458358136
577853,1,1,4,0.42645458358136
577861,1,1,5,0.42645457969393247
577866,1,1,9,753.3964739753972
577867,1,1,3,76.77613711939587
577874,1,1,10,426.8681015664463
577888,1,1,5,0.42645456789925423
577896,1,1,9,654.6308319987128
577898,1,1,5,0.42645457969393247
577900,1,1,6,162.27071969721032
577908,1,1,5,0.42645457969393247
577910,1,1,9,797.5846741855543
577914,1,1,6,244.11499052407046
577918,1,1,6,684.1868158461955
577920,1,1,9,624.9547333016875
577933,1,1,9,531.9747939647658
577953,1,1,7,46.09429621952473
577973,1,1,6,229.7359856373296
577984,1,1,4,0.42645457969393247
577999,1,1,8,808.8309557498402
578001,1,1,10,720.8522632303933
578002,1,1,10,720.650211911815
578021,1,1,5,0.42645457969393247
578033,1,1,4,0.42645458358136
578034,1,1,4,0.42645458358136
578057,1,1,10,653.7947101053173
578058,1,1,8,568.176734867785
578072,1,1,8,812.934604362922
578081,1,1,10,130.4514680229496
578086,1,1,9,725.7631800647226
578087,1,1,4,0.42645458358136
578090,1,1,1,228.42847177991166
578106,1,1,9,642.3671422003027
578109,1,1,9,862.59914033468
578115,1,1,9,832.1461134363532
578128,1,1,8,857.0402228549785
578152,1,1,6,697.3268483013647
578158,1,1,6,581.319096884351
578174,1,1,6,779.837562055929
578185,1,1,5,0.42645457969393247
578202,1,1,4,0.42645458358136
578206,1,1,2,490.71036002731756
578227,1,1,2,246.2670552448431
578233,1,1,4,0.42645458358136
578247,1,1,2,453.00539532835927
578273,1,1,6,644.686073290798
578275,1,1,7,164.18926468602308
578277,1,1,2,110.93397736083756
578279,1,1,2,335.3198415883351
578293,1,1,6,624.8623550334426
578325,1,1,3,56.96545641126062
578342,1,1,4,0.42645458358136
578345,1,1,10,123.42391074342125
578353,1,1,1,327.96185433157933
578355,1,1,10,316.8461244454214
578378,1,1,3,91.99839042427328
578382,1,1,9,376.60284518171807
578391,1,1,4,0.42645458358136
578400,1,1,2,487.3102051911718
578401,1,1,10,716.5298733102251
578407,1,1,5,0.42645457969393247
578420,1,1,9,485.318754904432
578434,1,1,9,793.7988405331407
578435,1,1,1,726.3439710903045
578445,1,1,6,772.0383692768592
578470,1,1,9,572.5645596719966
578485,1,1,8,612.6084911604692
578507,1,1,1,380.61564788926273
578509,1,1,5,0.42645457969393247
578517,1,1,9,778.5636658968947
578518,1,1,7,61.18454490364197
578533,1,1,6,511.95175819920945
578541,1,1,5,0.42645457969393247
578547,1,1,4,0.42645458358136
578548,1,1,8,265.4449374937376
578552,1,1,1,528.9247659759692
578554,1,1,5,0.42645457969393247
578559,1,1,4,0.42645458358136
578571,1,1,4,0.42645458358136
578593,1,1,2,324.1742871297054
578605,1,1,9,762.8441540067407
578624,1,1,9,793.3756060073378
578625,1,1,7,51.043181641157474
578627,1,1,5,0.42645457969393247
578630,1,1,8,248.73994567087064
578632,1,1,1,721.98837124311
578650,1,1,2,387.6639454232173
578655,1,1,10,615.5381246323628
578669,1,1,8,329.20039613084543
578681,1,1,9,592.8410673282615
578693,1,1,10,266.25318819369784
578697,1,1,4,0.42645458358136
578704,1,1,3,90.60236235292945
578705,1,1,10,312.58479526861584
578712,1,1,9,363.7375267602537
578713,1,1,8,340.341813153536
578715,1,1,9,648.8076586863247
578769,1,1,10,458.6700254880129
578771,1,1,10,253.78731288195712
578774,1,1,6,807.7500362660206
578776,1,1,3,86.49144578421998
578788,1,1,1,562.090936936148
578792,1,1,9,865.5921867667363
578811,1,1,9,854.1709597401065
578827,1,1,9,486.1746580540995
578833,1,1,4,0.42645458358136
578846,1,1,4,0.42645458358136
578850,1,1,10,720.440538555239
578874,0,1,0,0.07197843604139828
578875,1,1,4,0.42645458358136
578893,1,1,9,577.0374774420403
578894,1,1,5,0.42645457969393247
578899,1,1,10,433.61163828260976
578900,1,1,6,257.664905998661
578901,1,1,5,0.42645457969393247
578904,1,1,1,439.07426300644806
578907,1,1,10,510.45541193320724
578915,1,1,4,0.42645458358136
578920,1,1,8,358.2473848779469
578921,1,1,1,451.63851214022816
578922,0,1,0,0.10830133834263198
578923,1,1,2,363.91759648301434
578933,1,1,3,86.06950881561765
578954,1,1,8,362.1316320140259
578959,1,1,7,87.855459523783
578969,1,1,9,264.90752087706335
578972,1,1,8,604.6124022841161
578981,1,1,5,0.42645457969393247
578987,1,1,6,430.2772011887012
578998,1,1,7,136.65130548062427
579019,1,1,2,276.1526085623356
579024,1,1,6,609.1902681066232
579028,1,1,9,371.3754651844665
579033,1,1,6,474.8928068791975
579038,1,1,6,475.1303731635313
579041,1,1,7,146.23714090357117
579043,1,1,6,307.8950650719374
579048,1,1,1,393.20120684549516
579054,1,1,1,407.3387734719116
579070,1,1,6,459.524272093896
579072,1,1,6,230.31748061579643
579074,1,1,6,529.2113678778065
579081,1,1,5,0.42645457969393247
579085,1,1,4,0.42645458358136
579091,1,1,4,0.42645458358136
579110,1,1,6,774.8965848753049
579126,1,1,6,728.5500369850505
579130,1,1,9,322.49316955697947
579141,1,1,9,759.1797654175018
579165,1,1,6,605.5168999257168
579171,1,1,8,535.3535024175906
579179,1,1,9,270.5791445000583
579181,1,1,2,320.2419929536384
579184,1,1,6,368.96563698655893
579191,1,1,8,761.275485061918
579193,1,1,8,368.00285270258206
579194,1,1,10,643.2716527490859
579224,1,1,9,334.5815208030938
579228,1,1,4,0.42645458358136
579229,1,1,6,429.4067036465092
579264,1,1,9,636.2982829583198
579270,1,1,6,468.96508577357713
579272,1,1,6,765.2765866614114
579278,1,1,9,478.09586038082335
579283,1,1,5,0.42645457969393247
579288,1,1,9,830.6085327251228
579290,1,1,9,812.6774177941483
579291,1,1,9,582.398159103639
579297,1,1,7,97.98952821241151
579307,1,1,9,505.6735898968485
579308,1,1,6,437.33639969507124
579327,1,1,4,0.42645458358136
579346,1,1,9,305.07601840207167
579358,1,1,9,644.8539813458533
579364,1,1,6,466.73477794096607
579371,1,1,8,756.8709118620257
579394,1,1,4,0.42645458358136
579423,0,1,0,0.10442857930583599
579427,1,1,9,442.59858596025936
579434,1,1,8,758.1395665830898
579442,1,1,10,378.79926115188823
579457,1,1,7,83.98941367849201
579458,1,1,9,360.20645993230676
579462,1,1,8,659.0363896427899
579471,1,1,9,125.458281463401
579474,1,1,6,784.5794339221978
579483,1,1,1,652.9978796577648
579484,1,1,1,510.29680690605744
579502,1,1,8,513.8357946147846
579508,1,1,9,332.0542036152435
579510,1,1,10,603.9288587433705
579535,1,1,10,516.874337842194
579537,1,1,7,71.53184027355677
579566,1,1,2,381.85178371115717
579567,1,1,10,450.4466907044769
579581,1,1,9,325.43425119108895
579594,1,1,9,377.27416984207576
579608,1,1,4,0.4264545919581291
579610,1,1,4,0.4264545919581291
579635,1,1,8,271.3586656255363
579647,1,1,6,280.1159963378114
579648,1,1,7,168.9277394937344
579654,1,1,8,503.84164372697614
579681,1,1,4,0.42645458358136
579687,1,1,8,699.2504963985671
579707,1,1,2,482.6981537250112
579708,1,1,9,42.611978008616305
579718,1,1,5,0.42645457969393247
579754,1,1,6,786.2656903040871
579759,1,1,2,289.40162047188005
579775,1,1,8,780.9509276912336
579797,1,1,10,384.9294149529198
579806,1,1,1,171.15875126602955
579813,1,1,4,0.42645458358136
579830,1,1,4,0.42645458358136
579852,1,1,8,658.5165473345256
579855,1,1,9,418.3068658280017
579858,1,1,2,138.3857730954945
579862,1,1,7,171.92090831915368
579863,1,1,9,552.1898811728372
579864,1,1,9,378.07198894929456
579871,1,1,10,184.04217890736007
579879,1,1,9,673.2809034963975
579891,1,1,9,46.20892294318927
579903,1,1,6,687.1554177738151
579931,1,1,6,686.7286838145345
579937,1,1,8,697.2656268219338
579943,1,1,4,0.42645458358136
579961,1,1,9,545.5572081763244
579966,1,1,9,636.4876407558119
579976,1,1,4,0.4264545919581291
579990,1,1,8,197.59030029712767
579998,1,1,4,0.42645458358136
579999,1,1,6,659.3638696533957
580017,1,1,4,0.42645458358136
580020,1,1,5,0.42645457969393247
580025,1,1,5,0.42645457969393247
580071,1,1,10,722.4584671080927
580078,1,1,5,0.42645457969393247
580090,1,1,6,716.5827214688641
580105,1,1,2,258.5839470111258
580109,1,1,9,695.8006512870471
580119,1,1,8,347.5212470540934
580122,1,1,9,711.676124340173
580152,1,1,9,831.4009862544592
580158,1,1,4,0.42645458358136
580159,1,1,8,345.55258107870344
580164,1,1,5,0.42645457969393247
580187,1,1,8,767.3330171983283
580188,1,1,10,98.20922910992168
580196,1,1,9,836.5922875849992
580206,1,1,4,0.42645458358136
580224,1,1,7,127.79786354775113
580227,1,1,8,732.1984242755044
580246,1,1,10,507.94816179427204
580255,1,1,9,860.109525601811
580260,1,1,4,0.42645458358136
580272,1,1,8,735.3440354700533
580306,0,1,0,0.14111952623707866
580311,1,1,6,534.8496708480712
580337,1,1,4,0.42645457969393247
580356,1,1,7,171.94955721703448
580411,1,1,6,370.7066718242676
580438,1,1,6,225.3997776867449
580442,1,1,5,0.42645457969393247
580462,1,1,4,0.42645458358136
580463,1,1,10,719.8429966380862
580465,1,1,6,787.3391805552352
580466,1,1,6,792.5650560400227
580469,1,1,10,292.1655796311709
580476,1,1,2,402.43999849270506
580484,1,1,9,577.0099924968512
580487,1,1,9,830.4488665459915
580494,1,1,5,0.42645457969393247
580496,1,1,5,0.42645457969393247
580512,1,1,7,170.4456100460407
580522,1,1,10,268.0579873677302
580529,1,1,10,669.5953667100204
580532,1,1,10,170.74090088845884
580544,1,1,4,0.42645458358136
580565,1,1,1,753.6762675600554
580569,1,1,7,80.0268580448895
580570,1,1,9,795.4491085494504
580582,1,1,8,395.5677311039183
580586,1,1,5,0.42645457969393247
580587,1,1,10,130.3991318430793
580597,1,1,10,364.7200946491569
580602,1,1,6,279.9751731459317
580607,1,1,7,10.92440577018485
580616,1,1,5,0.42645457969393247
580629,1,1,9,670.9671921680624
580630,1,1,9,804.676611999265
580635,1,1,1,179.17177007812072
580642,1,1,8,327.22154579500176
580661,1,1,9,797.2223531894638
580682,1,1,5,0.42645457969393247
580697,1,1,10,488.4338718377675
580703,1,1,10,608.4791604792878
580708,1,1,9,810.0848260596413
580743,1,1,2,109.07049002500686
580760,1,1,6,529.8461493437574
580787,1,1,9,810.7661577859167
580789,1,1,7,98.41496931235335
580793,1,1,5,0.42645457969393247
580800,1,1,3,84.77965090700857
580810,1,1,9,505.6407233761187
580831,1,1,4,0.42645458358136
580834,1,1,8,944.2632961424218
580842,1,1,6,257.1160973342701
580844,1,1,6,297.8424166180971
580848,1,1,9,196.35798860096293
580864,1,1,8,724.8164627099139
580907,1,1,10,544.22157649629
580911,1,1,9,443.14324317023414
580917,1,1,5,0.42645457969393247
580921,1,1,5,0.42645457969393247
580926,1,1,9,565.0952891626762
580934,1,1,1,611.8800430538932
580943,1,1,4,0.42645458358136
580947,1,1,9,350.76377561845317
580957,1,1,4,0.42645458358136
580961,1,1,9,882.2523620105328
580965,1,1,6,291.91055479889417
580979,1,1,8,576.1565634482348
580991,1,1,4,0.42645458358136
581003,1,1,5,0.42645456789925423
581010,1,1,4,0.4264545919581291
581026,1,1,6,155.47924739909107
581035,1,1,9,384.198769345897
581037,1,1,8,686.0368352864801
581043,1,1,5,0.42645457969393247
581053,1,1,6,647.6395809894658
581055,1,1,4,0.42645458358136
581059,1,1,7,116.48451909581615
581063,1,1,9,794.6891278749697
581077,1,1,9,781.9076571815176
581084,1,1,9,822.8872087978539
581088,1,1,6,406.8191064314662
581095,1,1,4,0.42645458358136
581097,1,1,10,711.8091907010203
581104,1,1,10,439.7351673381101
581112,1,1,1,611.645975117704
581118,1,1,4,0.42645458358136
581121,1,1,6,673.072639302926
581127,1,1,5,0.42645457969393247
581145,1,1,4,0.42645458358136
581146,1,1,6,746.811681947434
581148,1,1,7,163.72692555864958
581150,1,1,9,429.4519040902685
581160,1,1,10,693.39746893755
581197,1,1,9,629.4161582744174
581200,1,1,8,418.78560393167083
581210,1,1,2,327.4832397582824
581212,1,1,5,0.42645457969393247
581213,1,1,6,693.3090176831754
581254,1,1,9,164.72060563216726
581269,1,1,4,0.42645458358136
581278,1,1,6,381.89255911842025
581282,1,1,9,801.0225912511222
581299,1,1,7,48.569830347830724
581333,1,1,4,0.42645458358136
581347,1,1,4,0.42645458358136
581350,1,1,6,680.6317227256799
581356,1,1,3,92.7366204200685
581364,1,1,6,803.600636588169
581371,1,1,8,657.5858724493685
581381,1,1,9,814.6060876617768
581401,1,1,5,0.42645457969393247
581405,1,1,9,166.04835209462817
581417,1,1,8,540.7110697434229
581427,1,1,4,0.42645458358136
581436,1,1,9,492.0294967717384
581456,1,1,2,400.41683037788056
581465,0,1,0,0.11475064363274379
581469,1,1,4,0.42645458358136
581473,1,1,6,390.6700442723327
581475,1,1,4,0.42645458358136
581493,1,1,9,496.5623422156879
581505,1,1,8,685.5621522279513
581516,1,1,4,0.42645458358136
581536,1,1,6,606.2963144196364
581541,1,1,6,712.7613242924009
581542,1,1,9,839.5661550719601
581545,1,1,6,331.5741684443727
581548,1,1,10,349.7603533450521
581549,1,1,3,89.36623846768752
581561,1,1,9,505.59851772775255
581572,1,1,8,719.4440622697508
581575,1,1,8,762.5391466524276
581581,1,1,6,287.81217648617974
581582,1,1,1,566.479792469974
581592,1,1,7,87.79480979205115
581600,1,1,3,91.40517043208004
581610,1,1,6,474.3988037721658
581626,1,1,1,704.9947537626973
581627,1,1,5,0.42645457969393247
581631,1,1,9,416.52877126821136
581644,1,1,5,0.42645457969393247
581664,1,1,6,307.44440486615656
581671,1,1,8,513.1604104559792
581679,1,1,9,527.1797180692064
581690,1,1,6,193.41382011344467
581691,1,1,9,676.8902108878673
581705,1,1,9,665.9241196915901
581710,1,1,4,0.42645458358136
581711,1,1,9,50.02973450152809
581724,1,1,1,622.844895767584
581734,1,1,9,774.5846438465255
581763,1,1,4,0.42645458358136
581770,1,1,6,407.0097068422119
581779,1,1,4,0.42645458358136
581780,1,1,8,781.0605240932222
581781,1,1,8,894.9661591299707
581785,1,1,5,0.42645457969393247
581792,1,1,1,742.8935299849564
581796,1,1,9,543.8285724944462
581803,1,1,9,60.40324908305115
581807,1,1,9,618.7237670106385
581813,1,1,8,604.801881775534
581824,1,1,8,779.2989983394004
581849,1,1,5,0.42645457969393247
581853,0,1,0,0.11247116680135903
581856,1,1,8,894.3150089859201
581857,1,1,8,701.0003618316531
581865,1,1,8,741.2729601595252
581888,1,1,4,0.42645458358136
581889,1,1,6,794.8878646321898
581897,1,1,8,424.26479990034636
581905,1,1,8,337.13696646425245
581918,1,1,6,740.5594990451795
581940,1,1,8,476.2411692215851
581942,1,1,6,810.389157197719
581943,1,1,8,830.1767064987156
581948,1,1,9,876.570302753527
581964,1,1,9,442.95563791999774
581993,1,1,9,577.4236007716414
581996,1,1,8,726.3090203280226
582002,1,1,10,107.97940233855785
582009,1,1,10,487.0926737052659
582013,1,1,8,522.6430385316072
582024,1,1,8,536.5974776456272
582028,1,1,10,720.0267337259597
582030,1,1,1,203.20208174628044
582042,1,1,2,479.3879686997431
582045,1,1,7,159.30280061565418
582046,1,1,5,0.42645457969393247
582051,1,1,6,587.1431341639358
582058,1,1,9,793.6793417021378
582098,1,1,1,326.24166022537895
582169,1,1,9,744.088182283843
582176,1,1,8,865.7932981336594
582206,1,1,9,304.1388862553895
582208,1,1,8,649.0892048483915
582209,1,1,9,845.0715351242716
582226,1,1,6,240.0365510438342
582227,1,1,10,579.092959194035
582236,1,1,9,636.4615267451046
582238,1,1,7,81.06957901926876
582283,1,1,9,471.05159455975837
582287,1,1,6,272.4279403750167
582288,1,1,8,328.2805309327975
582294,1,1,1,490.65836440825785
582297,1,1,10,718.5989027161086
582307,1,1,1,248.77156970994437
582315,1,1,5,0.42645457969393247
582330,1,1,6,782.5401083519843
582345,1,1,5,0.42645457969393247
582349,1,1,7,162.4210119509446
582351,1,1,9,378.82140934154637
582354,1,1,4,0.42645458358136
582360,1,1,8,834.1580437194876
582375,1,1,5,0.42645457969393247
582385,1,1,6,326.05172529734307
582387,1,1,7,159.71073588297
582422,1,1,6,707.8189497558066
582431,1,1,5,0.42645457969393247
582432,1,1,8,587.5809356884351
582434,1,1,7,104.68640561807737
582436,1,1,6,671.4399150339003
582445,1,1,6,545.1626748306811
582464,1,1,4,0.42645458358136
582465,1,1,9,408.4337649418086
582468,1,1,8,373.23748957840576
582470,1,1,5,0.42645457969393247
582490,1,1,2,102.72110788503593
582500,1,1,9,185.92571880878654
582505,1,1,6,772.7066787743844
582531,0,1,0,0.11265253134967525
582535,1,1,4,0.42645458358136
582536,1,1,2,154.76013114134176
582544,1,1,3,44.068007138908975
582567,1,1,9,339.5473519149671
582583,1,1,6,500.8627751100946
582586,1,1,4,0.42645458358136
582594,1,1,8,640.8905126026499
582599,1,1,10,187.57284622838517
582602,1,1,9,140.00941009709797
582616,1,1,10,717.1826822704423
582634,1,1,8,685.4116186449539
582665,1,1,1,565.0433945941786
582681,1,1,6,403.1999691545685
582696,1,1,8,577.7856851770541
582732,1,1,8,318.4948284707013
582740,1,1,10,405.41506687327177
582746,1,1,7,34.431915401344334
582750,1,1,5,0.42645457969393247
582769,1,1,2,378.58682542484297
582777,1,1,7,173.2450315495994
582809,1,1,9,573.831962312679
582852,1,1,4,0.42645458358136
582862,1,1,7,169.655636588123
582870,1,1,3,63.831725284182866
582885,1,1,8,417.22644888927874
582910,1,1,6,400.9029452937379
582926,1,1,9,862.1591631136894
582939,1,1,8,865.7246188588455
582943,1,1,8,459.90944259622944
582944,1,1,5,0.42645456789925423
582949,1,1,8,340.6606030328933
582966,1,1,1,734.5914844941158
582976,1,1,4,0.42645458358136
582979,1,1,6,190.91023826943615
582988,1,1,5,0.42645457969393247
583007,1,1,10,263.9187028578851
583008,1,1,10,190.13219414992366
583032,1,1,4,0.42645458358136
583037,1,1,6,373.59152742991904
583045,1,1,9,890.7015607873872
583046,0,1,0,0.11923026478205703
583071,1,1,3,89.49197344204384
583075,1,1,4,0.42645458358136
583084,1,1,10,439.09022167931073
583116,1,1,9,566.1257147877915
583124,1,1,6,807.0441824303816
583130,1,1,8,145.1883541474651
583138,1,1,5,0.42645457969393247
583144,1,1,9,86.00809944730594
583146,1,1,1,295.9532446111705
583159,1,1,5,0.42645457969393247
583175,1,1,5,0.42645457969393247
583186,1,1,5,0.42645457969393247
583194,1,1,4,0.42645458358136
583197,1,1,2,398.2814397568021
583200,1,1,9,300.78986751221163
583208,1,1,9,461.26741993929653
583212,1,1,9,802.0605640868832
583214,1,1,8,657.4509320185177
583228,1,1,4,0.42645458358136
583233,1,1,5,0.42645457969393247
583250,1,1,3,51.36677941843829
583262,1,1,8,886.1890272892457
583277,1,1,5,0.42645457969393247
583288,1,1,1,608.2806256694282
583290,1,1,10,369.75545363440466
583312,1,1,3,59.959964904208
583325,1,1,6,716.4736148924518
583345,1,1,10,374.3748296404066
583363,1,1,9,344.0890420940217
583376,1,1,1,720.4574895081519
583382,1,1,10,693.1899369033904
583384,1,1,10,275.78775357553775
583403,1,1,8,666.0723799999981
583404,1,1,9,615.1500728922322
583420,1,1,6,812.1817909426042
583424,1,1,8,163.8152076481498
583426,1,1,1,638.7085095692398
583435,1,1,6,334.8710393357076
583442,1,1,8,571.7024362893808
583452,1,1,5,0.42645457969393247
583455,1,1,4,0.42645458358136
583457,1,1,3,92.77916593859997
583461,1,1,5,0.42645457969393247
583462,1,1,9,117.5746341751895
583466,1,1,9,769.5233117334116
583468,1,1,8,280.2036044076586
583469,1,1,6,533.9934501269258
583473,1,1,10,438.10175041505914
583493,1,1,4,0.42645458358136
583505,1,1,7,84.1666490529756
583517,1,1,10,418.4532492925481
583538,1,1,8,657.0901677162044
583553,1,1,1,392.13553982916085
583557,1,1,9,721.0580724457598
583561,1,1,6,209.9906088049118
583569,1,1,3,80.78415507978274
583576,1,1,6,765.4395690946105
583583,1,1,10,719.2692211313965
583587,1,1,1,426.0247160262731
583598,1,1,10,669.4558584495201
583605,1,1,5,0.42645457969393247
583613,1,1,10,454.48801927435215
583628,1,1,5,0.42645457969393247
583655,1,1,1,606.4973310393451
583689,1,1,5,0.42645457969393247
583710,1,1,6,257.28818571930117
583715,1,1,5,0.42645457969393247
583736,1,1,9,545.4514660362975
583740,1,1,9,872.9368840891259
583745,1,1,8,573.0623265301185
583753,1,1,9,450.44058618566936
583756,1,1,8,494.5960013096029
583826,1,1,2,464.6300287770455
583837,1,1,9,254.14752242356667
583849,1,1,9,550.1373484615459
583879,1,1,1,379.03056621766524
583891,1,1,4,0.42645458358136
583906,1,1,5,0.42645457969393247
583919,1,1,5,0.42645457969393247
583927,1,1,1,463.5843928927194
583957,1,1,7,82.02090776275286
583989,1,1,7,96.9400612484094
584015,1,1,1,655.5447824696538
584019,1,1,9,722.4533900754775
584022,1,1,8,731.6741589373654
584025,1,1,4,0.4264545919581291
584029,1,1,9,794.7484708267656
584034,1,1,1,761.3090545248701
584041,1,1,6,711.0546453484143
584047,1,1,6,438.275591767406
584050,1,1,4,0.42645458358136
584106,1,1,10,268.21231958919935
584110,1,1,3,71.74168000654718
584118,1,1,8,335.8880348708641
584122,1,1,9,515.1344296523769
584160,1,1,5,0.42645457969393247
584177,1,1,6,732.1369045120026
584184,1,1,1,511.1265730651019
584187,1,1,2,131.39828390987165
584214,1,1,9,418.6331585944606
584215,1,1,6,620.0516549503218
584218,1,1,4,0.42645458358136
584228,1,1,7,159.77270549992866
584234,1,1,5,0.42645457969393247
584247,1,1,6,684.8789843890042
584259,1,1,4,0.42645458358136
584260,1,1,1,644.2843305220025
584270,1,1,4,0.42645458358136
584273,1,1,10,721.9040400437917
584281,1,1,9,80.0988554077497
584296,1,1,3,82.74451053958754
584310,1,1,9,105.23183730122386
584319,1,1,6,542.8734688654849
584358,1,1,4,0.42645458358136
584383,1,1,4,0.42645458358136
584388,1,1,10,359.0100735316708
584390,1,1,1,368.35243870363405
584409,1,1,9,79.0375309388622
584411,1,1,6,507.4359894460762
584433,1,1,9,263.6099178207374
584451,1,1,4,0.42645458358136
584459,1,1,2,469.8760632699551
584488,1,1,4,0.42645458358136
584490,1,1,5,0.42645457969393247
584513,1,1,6,233.118258175437
584523,1,1,9,516.3865831129258
584527,1,1,5,0.42645457969393247
584535,1,1,1,743.8979137424558
584540,1,1,6,716.9640582783952
584553,1,1,4,0.42645458358136
584563,1,1,9,407.0198712119258
584567,1,1,1,548.7208136914211
584593,1,1,5,0.42645457969393247
584599,1,1,9,553.310997448473
584605,1,1,9,784.7683386221327
584618,1,1,10,501.94375329908536
584624,1,1,9,607.1719035048602
584634,1,1,9,443.9880642077696
584640,1,1,9,566.5965344029322
584653,1,1,5,0.42645457969393247
584668,1,1,4,0.42645458358136
584671,1,1,3,58.322535715310615
584679,1,1,5,0.42645457969393247
584683,1,1,9,567.4122598216006
584708,1,1,5,0.42645457969393247
584709,1,1,4,0.42645458358136
584711,1,1,9,676.5316984520125
584734,1,1,6,659.8060614842381
584759,1,1,5,0.42645456789925423
584761,1,1,1,543.093241034542
584766,1,1,4,0.42645458358136
584787,1,1,8,599.1042629300185
584788,1,1,4,0.42645458358136
584791,1,1,5,0.42645457969393247
584792,1,1,8,857.3974883878554
584796,1,1,8,471.8117048935618
584804,1,1,5,0.42645457969393247
584819,1,1,7,130.9503749740832
584840,1,1,4,0.42645458358136
584843,1,1,8,749.3761621547471
584853,1,1,7,147.37513791530787
584854,1,1,9,383.87475688084567
584855,1,1,8,779.7353644812665
584856,1,1,10,460.08709453032236
584860,1,1,6,519.8550745140875
584863,0,1,0,0.11419585105378018
584865,1,1,9,658.2468664972859
584871,1,1,5,0.42645457969393247
584887,1,1,9,381.4517946907583
584893,1,1,9,143.60421860082525
584896,1,1,8,602.876065198685
584908,1,1,4,0.42645458358136
584919,1,1,6,548.4937548859116
584932,1,1,3,46.6873679336245
584938,1,1,6,330.9397471933818
584947,1,1,9,861.6905286190935
584952,1,1,5,0.42645457969393247
584957,1,1,7,149.0611588588284
584968,1,1,6,798.7288593973244
584983,1,1,5,0.42645457969393247
584996,1,1,4,0.4264545919581291
585010,1,1,8,504.35834054947946
585019,1,1,5,0.42645457969393247
585039,1,1,4,0.42645458358136
585044,1,1,4,0.42645458358136
585101,1,1,4,0.42645458358136
585108,1,1,5,0.42645457969393247
585112,1,1,1,198.22328412604452
585130,1,1,9,373.25637770683005
585133,1,1,10,372.49915522935714
585137,1,1,10,263.567353225642
585150,1,1,8,908.1571997144811
585162,1,1,8,576.5897223601859
585169,1,1,6,671.7384966523956
585186,1,1,1,226.7837715005815
585190,1,1,6,150.47855731034016
585192,1,1,8,611.6026165974
585202,1,1,9,845.1518064007234
585220,1,1,5,0.42645457969393247
585225,1,1,6,782.587710405859
585228,1,1,9,438.21272614631874
585249,1,1,5,0.42645457969393247
585265,1,1,10,660.3880828936822
585268,1,1,5,0.42645457969393247
585288,1,1,9,824.8770369292029
585305,1,1,1,599.2979125146171
585309,1,1,10,542.5065478066539
585331,1,1,10,183.98137851925472
585333,1,1,9,642.8611344541134
585337,1,1,9,212.3429424689657
585338,1,1,5,0.42645457969393247
585347,1,1,1,720.805712391158
585352,1,1,4,0.4264545919581291
585394,1,1,1,416.41085527739796
585403,1,1,8,635.5773312734816
585410,1,1,1,155.55658981453166
585411,1,1,9,317.0422173674468
585412,1,1,9,30.917260706663786
585424,1,1,5,0.42645457969393247
585433,1,1,5,0.42645457969393247
585436,1,1,9,874.2888267111324
585442,1,1,4,0.42645458358136
585444,1,1,7,59.93306007108444
585449,1,1,5,0.42645457969393247
585462,1,1,8,798.2038078627386
585469,1,1,9,429.40933498712064
585472,1,1,1,463.2377300891832
585483,1,1,3,38.26001235662497
585485,1,1,10,331.8759171394683
585486,1,1,8,690.7339783734942
585488,1,1,10,276.56169769690695
585515,1,1,9,874.2011095377873
585522,1,1,9,863.1714891432067
585543,1,1,7,171.4379493187039
585545,1,1,5,0.42645457969393247
585587,1,1,10,232.90698915287913
585605,1,1,2,439.4973282947756
585606,1,1,6,778.3064208690188
585614,1,1,9,792.7067677746752
585622,1,1,9,700.3107975736121
585632,1,1,8,547.8723787003622
585637,0,1,0,0.1093761859487519
585641,1,1,10,181.91684266933933
585642,1,1,8,894.1429805342042
585661,1,1,8,545.0297130509865
585687,1,1,5,0.42645456789925423
585690,1,1,4,0.42645458358136
585713,1,1,1,175.81593297390617
585719,1,1,4,0.42645458358136
585721,1,1,8,496.7107997311717
585734,1,1,8,732.1675343980879
585736,1,1,9,609.7660476977285
585742,1,1,6,643.0804282315057
585744,1,1,7,76.37414161564291
585746,1,1,4,0.42645458358136
585747,1,1,9,847.1262301633151
585752,1,1,10,722.0059332512702
585763,1,1,8,797.8688684646064
585772,1,1,8,590.6119735570891
585775,1,1,2,239.10717693385865
585809,1,1,1,498.72833706358085
585814,1,1,6,708.253353665387
585819,1,1,7,99.24819373149406
585823,1,1,3,80.2909136007666
585836,1,1,6,732.7710751581106
585851,1,1,10,650.5300323168007
585859,1,1,10,413.13989391937093
585871,1,1,8,475.65698931807395
585875,1,1,9,327.8517136085434
585876,1,1,10,350.4379030734667
585878,1,1,1,605.8539714203723
585882,1,1,9,316.4258451790743
585886,1,1,5,0.42645457969393247
585912,1,1,5,0.42645457969393247
585920,1,1,5,0.42645457969393247
585940,1,1,6,291.48564054247794
585958,1,1,9,864.1019703468036
585962,1,1,7,161.92814330947442
585969,1,1,5,0.42645457969393247
585979,1,1,5,0.42645457969393247
585982,1,1,5,0.42645457969393247
586013,1,1,4,0.42645458358136
586021,1,1,5,0.42645457969393247
586023,1,1,5,0.42645457969393247
586024,1,1,1,305.7026393053004
586046,1,1,6,633.9718705210609
586048,1,1,8,643.353784885496
586050,1,1,10,717.3444502921254
586051,1,1,1,716.7325372088384
586065,1,1,4,0.42645458358136
586066,1,1,8,620.5100301839122
586082,1,1,2,240.82029435478748
586094,1,1,10,621.7757211176713
586103,1,1,4,0.42645458358136
586111,1,1,8,919.4511566379961
586136,1,1,8,917.8706939777472
586138,1,1,10,669.2811023386681
586155,1,1,9,801.0450559675729
586162,0,1,0,0.10402358715010543
586165,1,1,10,255.13291824393076
586201,1,1,1,732.8617703636464
586226,1,1,6,615.2780559158615
586235,1,1,8,337.6604319073777
586250,1,1,6,387.12127878791
586255,1,1,9,667.7597492126498
586258,1,1,6,712.7607546155228
586262,1,1,6,369.6753206609491
586276,1,1,9,366.5792732053095
586296,1,1,2,258.16416492738966
586297,1,1,8,228.87730409396872
586309,1,1,5,0.42645457969393247
586313,1,1,8,660.6512370240885
586316,1,1,10,170.73567914648342
586328,1,1,8,842.9953814595115
586334,1,1,9,540.593947127834
586341,1,1,8,720.9660437855247
586350,1,1,8,577.6743629750154
586353,1,1,6,467.28124839058876
586356,1,1,10,408.01620118271836
586369,1,1,10,583.6673545821443
586371,1,1,9,517.0717744717667
586373,1,1,8,723.6240553216626
586376,1,1,7,86.18351014240264
586390,1,1,9,877.1845177810656
586392,1,1,1,666.5266039364232
586432,1,1,5,0.42645457969393247
586433,1,1,10,400.66162339591375
586434,1,1,1,641.1844634702154
586437,1,1,7,148.11626530216577
586441,1,1,9,865.365243614353
586453,1,1,10,274.4308734467132
586456,1,1,8,633.6630368115644
586458,1,1,3,88.0469860873642
586461,1,1,9,257.32843898912455
586472,1,1,3,60.29824362757365
586474,1,1,10,117.67913970438495
586487,1,1,4,0.42645458358136
586500,1,1,10,673.272245730969
586504,1,1,9,439.6889825412783
586506,1,1,6,530.341448559608
586507,1,1,7,104.44465349403735
586510,1,1,9,827.604058915727
586519,1,1,8,354.39127397274115
586527,1,1,2,382.90380341469717
586529,1,1,10,379.95407106692204
586534,1,1,8,195.4715072996889
586545,1,1,8,495.77693992660227
586548,1,1,9,52.858297314859065
586556,1,1,5,0.42645457969393247
586563,1,1,2,255.51229158961235
586564,1,1,8,219.85587031654654
586578,1,1,5,0.42645457969393247
586580,1,1,6,500.8284998877787
586596,1,1,8,390.925434892352
586597,1,1,10,674.3998282048934
586612,1,1,8,555.5097508847128
586627,1,1,1,199.76070491487965
586632,1,1,9,779.5320092324025
586633,1,1,6,542.5675326107339
586650,1,1,9,411.0949184291365
586669,1,1,5,0.42645457969393247
586672,1,1,8,938.9727028076117
586702,1,1,8,890.0300222874102
586727,1,1,9,655.1340085854937
586737,1,1,10,562.7708269236161
586744,1,1,3,91.3055620641845
586761,1,1,9,531.1570437055332
586770,1,1,4,0.42645458358136
586775,1,1,9,848.7480126778235
586779,1,1,10,196.08394977802874
586787,1,1,8,370.3416978356842
586788,1,1,5,0.42645457969393247
586792,1,1,5,0.42645456789925423
586796,1,1,1,666.4338007281747
586801,1,1,8,438.71999093143376
586826,1,1,6,178.43952071319526
586843,1,1,9,821.9669153536618
586860,1,1,10,669.383945835173
586892,1,1,4,0.42645458358136
586893,1,1,1,350.4110324367173
586901,1,1,8,781.8270037187675
586903,1,1,9,585.0932567920194
586910,1,1,4,0.42645458358136
586912,1,1,5,0.42645457969393247
586920,1,1,4,0.42645458358136
586925,1,1,10,161.89930777956366
586981,1,1,7,92.16007721591802
587000,1,1,4,0.42645458358136
587007,1,1,5,0.42645457969393247
587021,1,1,4,0.42645458358136
587059,1,1,4,0.42645458358136
587061,1,1,8,669.0615444799819
587082,1,1,9,774.1442894844779
587098,1,1,10,536.460131092244
587108,1,1,5,0.42645457969393247
587119,1,1,6,652.3216521458406
587148,1,1,4,0.42645458358136
587155,1,1,10,718.4357125780537
587162,1,1,8,934.3611459183915
587199,1,1,8,488.75893267750166
587200,1,1,6,481.2058683361985
587201,1,1,10,237.11027136436624
587215,1,1,10,681.6087789123812
587231,1,1,5,0.42645457969393247
587233,1,1,3,87.53162322628641
587242,1,1,6,782.1678241558317
587257,1,1,8,253.2008128390701
587287,1,1,6,790.8688304817366
587291,1,1,9,544.1711614979856
587292,1,1,10,684.5479632170885
587296,1,1,4,0.42645458358136
587305,1,1,9,775.9257120112544
587313,1,1,10,668.7734077075331
587323,1,1,1,615.6032028841562
587328,1,1,4,0.42645458358136
587343,1,1,5,0.42645457969393247
587352,1,1,6,714.5607394666521
587361,1,1,10,344.3515931962906
587366,1,1,10,123.32394887953353
587369,1,1,9,645.5612775210692
587370,1,1,4,0.42645458358136
587377,1,1,8,838.4876926584269
587399,1,1,5,0.42645457969393247
587400,1,1,5,0.42645457969393247
587406,1,1,9,801.5510991967138
587409,1,1,10,188.5444612857801
587418,1,1,4,0.42645458358136
587420,1,1,9,803.4421146198315
587454,1,1,1,620.8024121243742
587464,1,1,6,642.3578759606276
587478,1,1,9,875.6060858603832
587486,1,1,8,797.7158400902775
587519,1,1,8,867.8774375182734
587542,1,1,8,592.89448601299
587564,1,1,4,0.42645458358136
587565,1,1,2,164.27226378903268
587571,1,1,2,256.85979322746743
587572,1,1,9,324.83484604975143
587574,1,1,10,567.3615867635128
587581,1,1,9,347.73264293498
587585,1,1,8,543.2945902338655
587586,1,1,10,722.2897985077315
587602,1,1,5,0.42645457969393247
587612,1,1,5,0.42645457969393247
587615,1,1,8,245.64360995553992
587640,1,1,6,512.2805756414523
587647,1,1,4,0.42645458358136
587652,1,1,5,0.42645457969393247
587660,1,1,1,626.0466139365682
587674,0,1,0,0.06345469288525879
587678,1,1,5,0.42645457969393247
587688,1,1,1,685.747486554836
587700,1,1,9,511.03792909812967
587743,1,1,10,588.5719831359079
587752,1,1,10,699.3834813039756
587754,1,1,8,556.3036604733188
587777,1,1,8,122.25075237191832
587780,1,1,8,733.6565729331539
587806,1,1,1,582.1668712086631
587807,1,1,10,207.6952879245414
587808,1,1,10,170.56644193197621
587810,1,1,6,499.885983068709
587812,1,1,9,577.6073603059036
587813,1,1,4,0.42645458358136
587816,1,1,10,100.93908798148597
587833,1,1,1,754.1858669052024
587837,1,1,5,0.42645457969393247
587838,1,1,5,0.42645457969393247
587854,1,1,9,770.4856424009847
587860,1,1,1,329.8623455233087
587861,1,1,2,368.81800101241095
587878,1,1,8,671.0351963381768
587880,1,1,4,0.42645458358136
587906,1,1,5,0.42645457969393247
587940,1,1,10,685.2517642425908
587947,1,1,10,680.9092049646506
587960,1,1,8,810.7462487395434
587991,1,1,5,0.42645457969393247
587994,1,1,9,890.2774836489102
587999,1,1,5,0.42645457969393247
588010,1,1,8,664.6043341291818
588020,1,1,8,611.3913090584408
588025,1,1,6,466.0648974185761
588032,1,1,5,0.42645457969393247
588033,1,1,1,604.883677109653
588038,1,1,1,212.60798207729877
588045,1,1,4,0.42645458358136
588050,1,1,8,709.6130305120541
588055,1,1,3,86.55775752515899
588060,1,1,4,0.42645458358136
588071,1,1,5,0.42645457969393247
588075,1,1,8,366.0603379382982
588076,1,1,4,0.42645458358136
588078,1,1,4,0.42645458358136
588084,1,1,5,0.42645457969393247
588095,1,1,9,879.1089029251893
588128,1,1,1,640.1378923170987
588131,1,1,7,90.69022393338963
588132,1,1,4,0.42645458358136
588133,1,1,8,902.0509092380369
588134,1,1,6,326.13351912156213
588136,1,1,5,0.42645456789925423
588142,1,1,7,76.81096505112933
588202,1,1,6,431.9163069302471
588234,1,1,4,0.42645458358136
588249,1,1,9,822.5338498055946
588252,1,1,9,536.4150328393426
588253,1,1,6,214.1980820799619
588261,1,1,6,641.6251704688613
588268,1,1,5,0.42645457969393247
588270,1,1,9,853.231497923754
588276,1,1,4,0.42645458358136
588284,1,1,8,945.4877006066903
588289,1,1,4,0.42645458358136
588291,0,1,0,0.14989850900916998
588292,1,1,7,99.12739867740918
588293,1,1,10,723.251343988208
588304,1,1,4,0.42645458358136
588314,1,1,9,352.2597849974632
588319,1,1,5,0.42645457969393247
588323,1,1,7,37.57024753168414
588324,1,1,9,701.1376116856496
588343,1,1,7,107.07167575388164
588354,1,1,6,727.3308748894896
588355,1,1,6,673.8094631908664
588356,1,1,6,801.1934180294271
588357,1,1,1,645.1675328821419
588372,1,1,5,0.42645457969393247
588383,1,1,10,294.4009990080917
588402,1,1,5,0.42645457969393247
588406,1,1,8,214.506491447829
588418,1,1,3,75.05703433515237
588434,1,1,2,488.88545732488075
588439,1,1,3,92.40548440698252
588454,1,1,8,477.86886626489706
588463,1,1,5,0.42645457969393247
588479,1,1,8,527.6604400534894
588482,1,1,6,652.976975145537
588492,1,1,9,381.1810389676702
588494,1,1,9,816.4111281802822
588499,1,1,3,60.609553894001166
588503,1,1,8,785.3625888935996
588518,1,1,4,0.42645458358136
588538,1,1,6,315.23351999294
588545,1,1,6,445.3727933621312
588546,1,1,6,442.6940865074719
588552,1,1,8,719.3463167031658
588571,1,1,4,0.42645458358136
588572,1,1,9,814.052768064145
588575,1,1,4,0.42645458358136
588577,1,1,8,130.04726471974996
588580,1,1,4,0.42645458358136
588584,1,1,5,0.42645457969393247
588588,1,1,6,559.2998638398709
588612,1,1,6,768.5648562148914
588626,1,1,8,657.9882579278296
588630,1,1,5,0.42645457969393247
588651,1,1,2,363.9951927133391
588656,1,1,10,313.55496622990927
588666,1,1,9,597.6818234126278
588671,1,1,8,494.333620326399
588672,1,1,10,577.7523254601853
588674,1,1,9,712.604633019516
588677,1,1,1,372.0787201127338
588681,1,1,5,0.42645456789925423
588692,1,1,7,148.4503426074825
588694,1,1,9,138.11047583327854
588698,1,1,5,0.42645457969393247
588714,1,1,7,109.62055190671069
588726,1,1,6,436.3217784959633
588727,1,1,10,247.90412912199287
588731,1,1,9,789.0029133727134
588756,1,1,5,0.42645457969393247
588760,1,1,1,399.04170286952666
588764,1,1,5,0.42645457969393247
588768,1,1,9,744.1134561555109
588770,1,1,8,829.5050149182484
588795,1,1,6,556.9728846436236
588822,1,1,8,572.2914308885787
588824,1,1,6,540.9347173580722
588832,1,1,6,359.60008896475586
588843,1,1,8,516.0884321986102
588862,1,1,9,692.5243427652865
588864,1,1,6,503.06951861416803
588880,1,1,5,0.42645457969393247
588884,1,1,1,419.546910801582
588891,1,1,10,235.0521311317025
588895,1,1,8,529.7861364779034
588905,1,1,1,411.83449032676407
588951,1,1,2,244.03507127843318
588959,1,1,5,0.42645457969393247
588962,1,1,10,718.652934653486
588967,1,1,9,634.827404428167
588981,1,1,8,617.6389213325626
588985,1,1,5,0.42645457969393247
588998,1,1,5,0.42645457969393247
589001,1,1,4,0.4264545919581291
589022,1,1,2,340.2114916180877
589032,0,1,0,0.23117767443581574
589037,1,1,10,508.7611754699646
589041,1,1,9,825.6793749893161
589053,1,1,6,776.6293695739955
589056,1,1,9,828.7610751418143
589057,1,1,9,734.8145568566187
589065,1,1,5,0.42645457969393247
589067,1,1,8,237.14854055916197
589069,1,1,6,773.6456255376899
589082,1,1,10,370.4512375179918
589088,1,1,10,718.0227956377852
589095,1,1,4,0.42645458358136
589109,1,1,3,92.3617469323157
589110,1,1,10,659.258806297217
589114,1,1,5,0.42645457969393247
589115,1,1,6,619.2532039285314
589125,1,1,5,0.42645457969393247
589134,1,1,8,473.84177413968695
589138,1,1,9,603.356181362479
589149,1,1,5,0.42645457969393247
589165,1,1,4,0.42645458358136
589168,1,1,4,0.42645458358136
589171,1,1,3,92.82140225724152
589189,1,1,5,0.42645457969393247
589199,1,1,7,106.87256843257295
589201,1,1,4,0.42645458358136
589205,1,1,3,68.26684429677438
589207,1,1,10,684.7876661478596
589214,1,1,9,707.6937856474868
589222,1,1,2,284.73928997031396
589249,1,1,7,79.42846830964001
589265,1,1,9,540.5506058158678
589274,1,1,4,0.42645458358136
589278,1,1,4,0.42645458358136
589281,1,1,7,158.96526448482737
589297,1,1,10,187.35798050549744
589311,1,1,9,303.5877077033465
589316,1,1,5,0.42645457969393247
589318,1,1,8,513.3764621940089
589334,1,1,1,694.3774928771563
589335,1,1,5,0.42645457969393247
589338,1,1,3,82.4835143671064
589343,1,1,6,404.8819236537576
589344,1,1,5,0.42645457969393247
589357,1,1,4,0.42645458358136
589361,1,1,2,439.0416621329163
589368,1,1,8,256.88089300935013
589378,1,1,2,110.8682018681675
589392,1,1,4,0.42645458358136
589393,1,1,8,835.6686657229428
589402,1,1,8,457.84632960506116
589407,1,1,4,0.42645458358136
589413,1,1,10,600.6620779624777
589435,1,1,1,203.1480520791017
589436,1,1,8,399.2635105771128
589438,1,1,6,487.7242333651814
589463,1,1,10,720.9712767492219
589465,1,1,1,513.2293283307409
589482,1,1,10,625.2673019915989
589484,1,1,1,489.6047801825819
589487,1,1,6,549.8805737974818
589490,1,1,9,418.128502172295
589491,1,1,10,711.0877917040463
589507,1,1,1,411.41470845919895
589521,1,1,8,829.2847742704578
589524,1,1,10,504.9000953358826
589537,1,1,8,195.7095908583342
589543,1,1,9,343.4812984929501
589544,1,1,6,523.9057932352578
589549,1,1,5,0.42645457969393247
589570,1,1,2,466.58228923159544
589612,1,1,10,686.4384724530553
589617,0,1,0,0.1136779229005062
589618,1,1,6,577.5533189690249
589630,1,1,8,393.320363553906
589632,1,1,8,473.56569141696673
589646,1,1,5,0.42645457969393247
589653,1,1,9,714.7542847534407
589654,1,1,7,79.93213185624315
589655,1,1,3,43.434555051219505
589662,1,1,6,768.5035674593262
589689,1,1,4,0.42645458358136
589724,1,1,8,675.7166327850081
589725,1,1,10,406.5510715010827
589732,1,1,5,0.42645457969393247
589734,1,1,10,292.28892075932043
589746,1,1,6,219.89167696365678
589753,1,1,5,0.42645457969393247
589805,1,1,8,246.41741826455402
589819,1,1,3,92.95062146381265
589820,1,1,6,286.8363514427289
589821,1,1,6,448.58362195069213
589826,1,1,10,292.0815875411348
589829,1,1,1,593.8912915906695
589850,1,1,1,314.70949034963195
589860,1,1,6,797.4549123468385
589862,1,1,5,0.42645457969393247
589908,1,1,2,354.96031104135136
589910,1,1,10,169.93250932250942
589917,1,1,8,938.8118010409408
589920,1,1,7,72.69402447203862
589935,1,1,10,708.8174507657469
589942,1,1,10,282.18028218443203
589945,1,1,6,195.725025748433
589947,1,1,10,143.35672813241192
589950,1,1,1,675.6132365132853
589975,1,1,10,510.3465310623579
589981,1,1,9,351.26979349149497
589997,1,1,10,259.83002238074044
590004,1,1,4,0.42645458358136
590021,1,1,8,565.9594115370761
590023,1,1,8,425.40207152804464
590032,1,1,4,0.42645458358136
590048,1,1,4,0.42645458358136
590049,1,1,7,155.03538871822542
590071,1,1,8,693.382509777739
590082,1,1,8,326.21642654499163
590099,1,1,5,0.42645457969393247
590108,1,1,8,463.47974671812375
590111,1,1,7,132.2934963004313
590126,1,1,8,731.6546653128754
590130,1,1,5,0.42645457969393247
590143,1,1,5,0.42645457969393247
590169,1,1,10,260.5570267083125
590185,1,1,2,440.5586582721646
590196,1,1,9,705.7078537988727
590209,1,1,5,0.42645456789925423
590231,0,1,0,0.08667545663411048
590249,1,1,10,459.5249396920588
590259,1,1,5,0.42645457969393247
590266,1,1,9,518.890499807251
590276,1,1,4,0.42645458358136
590280,1,1,6,346.8779706177501
590290,1,1,4,0.42645458358136
590292,1,1,8,833.5859655006557
590293,1,1,4,0.42645458358136
590313,1,1,9,741.4655289241379
590325,1,1,8,412.8623532393778
590329,1,1,6,738.1421856962053
590331,1,1,4,0.42645458358136
590339,1,1,10,720.1328933686898
590344,1,1,8,592.652398005828
590354,1,1,8,896.986130869872
590357,1,1,7,91.20265158050158
590366,1,1,5,0.42645457969393247
590383,1,1,9,236.03721030413118
590398,1,1,10,611.1462264604834
590418,1,1,8,127.14458612209879
590432,1,1,6,462.18289846446646
590433,1,1,4,0.42645458358136
590446,1,1,10,456.7627673076755
590447,1,1,7,70.79617938403007
590451,1,1,4,0.42645458358136
590455,1,1,8,272.7606966580243
590458,1,1,8,377.5253765310128
590470,1,1,6,396.2789481384787
590487,1,1,10,259.1831828762712
590489,1,1,3,34.58615069882122
590491,1,1,8,613.588474554689
590500,1,1,4,0.4264545919581291
590507,1,1,9,722.6446988976799
590521,1,1,3,83.3886423157083
590556,1,1,6,205.75095886816317
590559,1,1,10,331.51136690936715
590563,1,1,8,877.7847204389396
590570,1,1,5,0.42645457969393247
590586,1,1,4,0.42645458358136
590591,1,1,5,0.42645457969393247
590594,1,1,1,503.4447185955687
590595,1,1,5,0.42645457969393247
590625,1,1,5,0.42645457969393247
590629,1,1,3,89.15264594662098
590670,1,1,9,726.2054903531478
590673,1,1,9,746.3340353018399
590674,1,1,10,182.16746620200226
590687,1,1,10,426.11117229354574
590713,1,1,6,360.7949674176933
590723,1,1,5,0.42645457969393247
590728,1,1,4,0.42645458358136
590739,1,1,6,156.81441961199465
590756,1,1,6,588.0442133135266
590770,1,1,4,0.42645458358136
590771,1,1,8,343.6622274402953
590780,1,1,9,735.7780524649921
590784,1,1,8,173.16315416507362
590794,1,1,8,534.0725336360438
590795,1,1,10,127.39330309678817
590808,1,1,9,449.64167752742935
590811,1,1,10,366.6762354749913
590833,1,1,9,824.7532416492968
590835,1,1,8,799.7147509034179
590836,1,1,9,277.01057768977233
590842,1,1,10,488.2175144648835
590844,1,1,8,616.0907338335335
590850,1,1,1,158.3564414794869
590855,1,1,3,89.75618776183688
590864,1,1,1,372.09987997052394
590871,1,1,8,291.27767646706815
590900,1,1,8,794.5106072068522
590904,1,1,4,0.42645458358136
590907,1,1,1,455.5565052419854
590919,1,1,4,0.42645458358136
590928,1,1,8,873.1313481366814
590933,1,1,10,326.71585111101183
590939,1,1,7,154.40543286405605
590943,1,1,9,806.5518046146665
590947,1,1,6,790.9509744374483
590972,1,1,9,386.5318862319505
590973,1,1,5,0.42645457969393247
590983,1,1,4,0.42645458358136
591002,1,1,5,0.42645457969393247
591022,1,1,1,227.38290108558527
591024,1,1,3,92.89914727358301
591045,1,1,10,705.7434465747377
591046,1,1,1,577.6793924497418
591058,1,1,9,880.0017166170412
591066,1,1,5,0.42645457969393247
591089,1,1,8,718.4936335392451
591090,1,1,10,413.770862901098
591097,1,1,8,710.012876361349
591104,1,1,8,766.6298043361842
591115,1,1,10,166.0292527536796
591118,1,1,6,790.8973777885773
591126,1,1,6,460.277912662457
591134,1,1,1,734.4018469023213
591157,1,1,9,64.95124735340478
591159,1,1,5,0.42645457969393247
591174,1,1,9,538.2187294885493
591175,1,1,9,427.8352607652455
591188,1,1,9,705.8826925389486
591195,1,1,4,0.42645458358136
591196,1,1,9,520.1893046564529
591204,1,1,2,462.47010263616266
591212,1,1,9,63.77877550918947
591221,1,1,6,586.552835302852
591222,1,1,9,387.0307105101821
591229,1,1,4,0.42645458358136
591237,1,1,10,594.9704029914216
591239,1,1,1,335.4659304026357
591241,1,1,5,0.42645457969393247
591258,1,1,2,373.67933952289775
591267,1,1,7,97.1579498913731
591271,1,1,8,581.1251058929086
591274,1,1,5,0.42645457969393247
591275,1,1,7,88.11185070693652
591301,1,1,10,676.8771658098486
591331,1,1,4,0.42645458358136
591354,1,1,10,158.30144936281215
591361,1,1,4,0.42645458358136
591370,1,1,6,615.1684352324468
591375,1,1,5,0.42645457969393247
591376,1,1,8,255.02463961489605
591388,1,1,10,409.52967590464084
591391,1,1,9,664.5803702149926
591396,1,1,10,584.4363372690984
591409,1,1,4,0.4264545919581291
591420,1,1,9,856.5394470716836
591441,1,1,5,0.42645457969393247
591442,1,1,4,0.42645458358136
591448,1,1,4,0.42645458358136
591451,1,1,8,778.3082432091588
591473,1,1,3,90.10649374636789
591474,1,1,6,598.9379787483382
591476,1,1,10,127.51603831391331
591477,1,1,9,668.8524528323031
591486,1,1,5,0.42645457969393247
591506,1,1,5,0.42645457969393247
591508,1,1,7,160.65498957879052
591518,1,1,8,577.0579514637624
591542,1,1,9,693.6885234907645
591556,1,1,8,365.0498001185758
591563,1,1,10,610.9966734747347
591573,1,1,9,874.918196014833
591587,1,1,4,0.42645458358136
591588,1,1,9,306.4709641106654
591592,1,1,1,364.10581365589604
591595,0,1,0,0.10950389596400333
591603,1,1,8,786.7631510047354
591613,1,1,9,329.17485750204435
591635,1,1,4,0.42645458358136
591647,1,1,8,534.4956039708328
591653,1,1,4,0.42645458358136
591654,1,1,9,409.6530030209431
591666,1,1,9,90.48316348222649
591669,1,1,9,376.7150460184622
591676,1,1,5,0.42645457969393247
591683,1,1,7,147.29800785366234
591686,1,1,5,0.42645456789925423
591703,1,1,5,0.42645457969393247
591712,1,1,6,783.235417289511
591713,1,1,4,0.42645458358136
591726,1,1,4,0.42645458358136
591753,1,1,8,354.72640518510684
591756,1,1,9,881.9998160206204
591760,1,1,7,73.2151063374067
591787,1,1,4,0.42645458358136
591845,0,1,0,0.09890317253310908
591847,1,1,9,762.3023722787528
591848,1,1,10,503.38573703266815
591851,1,1,9,603.004235906771
591872,1,1,4,0.42645458358136
591884,1,1,9,837.6284307484627
591885,1,1,1,204.3680221345488
591891,1,1,2,134.42409389860805
591897,1,1,4,0.42645458358136
591903,1,1,8,887.1964264464953
591904,1,1,4,0.42645458358136
591909,1,1,1,628.9530334716367
591912,1,1,8,540.7997655483368
591917,1,1,6,769.8897224909987
591925,1,1,6,497.23979399705024
591936,1,1,8,534.6535523884562
591938,1,1,7,106.1976426161537
591956,1,1,9,515.9074846275319
591961,1,1,9,602.8851473827833
591986,1,1,10,343.1898442995919
591995,1,1,9,263.3883485921436
592011,1,1,10,712.2459153929559
592025,1,1,3,58.35725183957291
592033,1,1,7,88.20518565866382
592037,1,1,6,423.79515620414156
592042,1,1,5,0.42645457969393247
592047,1,1,6,481.7104105002746
592053,1,1,9,771.3977418465014
592054,1,1,8,428.81304131894865
592062,1,1,6,779.2454463315686
592076,1,1,2,463.8631485397519
592101,0,1,0,0.11922180074184163
592106,1,1,10,441.60664322964044
592112,1,1,8,840.6197410343902
592127,1,1,4,0.42645458358136
592129,1,1,8,701.0783182640798
592146,1,1,8,810.6807709400399
592148,1,1,10,371.0863627372145
592155,1,1,6,782.2614576073985
592197,1,1,6,790.4740429985688
592203,1,1,10,517.9060331489551
592204,1,1,5,0.42645457969393247
592223,1,1,10,638.436105424022
592226,1,1,6,794.0548529532806
592227,1,1,10,188.493189388462
592240,1,1,9,761.4862068903583
592254,0,1,0,0.25009962026127974
592258,1,1,6,372.88212726306887
592262,1,1,6,339.68860144111045
592266,1,1,6,330.1775491670254
592268,1,1,5,0.42645457969393247
592276,1,1,5,0.42645457969393247
592277,1,1,10,459.6786214874269
592279,1,1,6,307.48329915645644
592282,1,1,1,517.0409747388754
592295,1,1,5,0.42645456789925423
592305,1,1,5,0.42645457969393247
592332,1,1,9,825.2744188206866
592341,1,1,2,134.81688191353027
592346,1,1,6,604.9013930597725
592351,1,1,5,0.42645457969393247
592373,0,1,0,0.10610151739174409
592421,1,1,9,761.4098411055191
592443,1,1,5,0.42645457969393247
592458,1,1,4,0.42645458358136
592464,1,1,8,868.8590585169876
592470,1,1,6,534.0456518672624
592473,1,1,8,911.3537456570942
592476,1,1,9,739.3437915863974
592484,1,1,9,830.1295161130491
592488,1,1,5,0.42645457969393247
592491,1,1,8,809.6664638068368
592495,1,1,9,822.0372915564495
592534,1,1,8,300.9094969762605
592537,1,1,9,807.576859911913
592556,1,1,8,535.2047777439608
592564,1,1,9,885.0878377858916
592569,1,1,6,737.6760090786105
592580,1,1,6,717.7697827525177
592589,1,1,9,582.6264314506665
592594,1,1,9,267.8739321786675
592630,1,1,9,460.1498802875924
592631,1,1,4,0.42645458358136
592651,1,1,3,91.36536116187328
592658,1,1,5,0.42645457969393247
592666,1,1,10,281.7803419308534
592673,1,1,9,878.1159582315133
592674,1,1,5,0.42645456789925423
592676,1,1,5,0.42645457969393247
592677,1,1,5,0.42645457969393247
592697,1,1,4,0.42645458358136
592702,1,1,1,376.48274683887433
592717,1,1,9,335.42022517040857
592729,1,1,6,206.37707546854185
592734,1,1,5,0.42645457969393247
592736,1,1,10,329.65900298483024
592741,1,1,8,832.9438475512402
592751,1,1,6,683.2886242502608
592763,1,1,2,275.3182451561677
592764,1,1,8,377.9824573997474
592775,1,1,4,0.42645458358136
592787,1,1,4,0.42645458358136
592791,1,1,9,313.4214921286804
592794,1,1,9,771.7732619885542
592807,1,1,4,0.42645458358136
592808,1,1,8,765.4071371311586
592819,1,1,2,218.83962330754247
592825,1,1,6,286.0960620229196
592826,1,1,10,706.4486364489561
592838,1,1,8,822.6283710586989
592841,1,1,8,397.3969321776667
592860,1,1,10,88.51438560296326
592861,1,1,5,0.42645457969393247
592876,1,1,8,812.4130588679316
592888,1,1,4,0.42645458358136
592897,1,1,4,0.42645458358136
592906,1,1,3,90.67224979267866
592913,1,1,9,882.8502781549182
592922,1,1,3,38.51940943026535
592933,1,1,5,0.42645456789925423
592934,1,1,9,348.4635755222765
592944,1,1,4,0.42645458358136
592945,1,1,9,839.1215450969562
592960,1,1,4,0.42645458358136
592973,1,1,7,148.17815150714094
592980,1,1,3,91.67239286562179
592984,1,1,7,97.45455409737352
592997,1,1,10,263.58854502444063
593010,1,1,9,682.0207917227358
593015,1,1,5,0.42645457969393247
593018,1,1,9,843.3926023292179
593022,1,1,3,43.1481131563493
593023,1,1,4,0.42645458358136
593038,1,1,2,375.12065132273693
593045,1,1,2,208.33743998248084
593054,1,1,4,0.42645458358136
593055,1,1,3,90.42193905625511
593063,1,1,1,246.52904855526776
593071,1,1,6,749.3336557373871
593073,1,1,10,463.1478584669563
593080,1,1,8,397.55482326950784
593087,1,1,10,682.5113168569902
593094,1,1,8,902.4266367285074
593122,1,1,9,778.1832441509307
593150,1,1,10,98.02396730946575
593151,1,1,8,761.6783131573491
593153,1,1,5,0.42645457969393247
593155,1,1,9,593.5674606378868
593162,1,1,6,646.7956245594963
593176,1,1,5,0.42645457969393247
593181,1,1,10,456.2864447416757
593186,0,1,0,0.1674077728620246
593187,1,1,8,845.8629905538002
593198,1,1,10,242.84550863850302
593199,1,1,4,0.42645458358136
593204,1,1,4,0.42645458358136
593208,1,1,4,0.42645458358136
593218,1,1,4,0.42645458358136
593220,1,1,8,274.04630997436914
593231,1,1,5,0.42645457969393247
593239,1,1,6,458.54188631335666
593240,1,1,3,92.20849552347413
593260,1,1,6,552.7300529593657
593272,1,1,6,405.981877915441
593273,0,1,0,0.10829783677625103
593284,1,1,10,611.118844723526
593285,1,1,7,167.63788102500823
593307,1,1,4,0.42645458358136
593319,1,1,10,338.9034301511013
593324,1,1,8,366.77334201376647
593352,1,1,4,0.42645458358136
593356,1,1,4,0.42645458358136
593363,1,1,9,543.3479406673634
593366,1,1,9,565.302405133298
593371,1,1,6,768.6121312893775
593374,1,1,8,425.5122734248033
593376,1,1,7,81.34564218336264
593411,1,1,5,0.42645457969393247
593416,1,1,6,425.5449866912406
593417,1,1,8,456.726246665811
593422,1,1,8,674.5761206254622
593448,1,1,4,0.42645458358136
593452,1,1,8,868.4587670385154
593456,1,1,8,292.0121800679736
593483,1,1,3,89.7443545370311
593504,1,1,9,603.4794765645175
593506,1,1,9,762.2492255852894
593516,1,1,3,92.33145481551472
593539,1,1,6,681.8649428603782
593541,1,1,8,811.713947641243
593549,1,1,3,53.6411766538218
593550,1,1,8,894.0081973376995
593554,1,1,4,0.42645458358136
593555,1,1,9,374.0411890061523
593565,1,1,8,201.37554545912556
593584,1,1,8,794.0740858759082
593594,1,1,1,430.6712175686733
593595,1,1,10,579.0406443923235
593600,1,1,6,323.1474716423452
593605,1,1,8,382.843137721102
593607,1,1,6,535.4081156115557
593620,1,1,8,434.1704904660475
593639,1,1,9,874.8025514313529
593640,1,1,10,452.86166823040713
593645,1,1,8,891.1032753778782
593668,1,1,10,386.1451380935462
593672,1,1,6,762.2752210367066
593683,1,1,8,796.5824499169671
593706,1,1,4,0.42645458358136
593717,1,1,8,444.38477323884905
593739,1,1,8,599.2507019550702
593753,1,1,5,0.42645457969393247
593756,1,1,5,0.42645457969393247
593766,1,1,5,0.42645457969393247
593781,1,1,5,0.42645456789925423
593789,1,1,9,276.2241594441053
593817,1,1,6,540.9461428856764
593821,1,1,9,606.9679437062455
593847,1,1,4,0.42645458358136
593851,1,1,8,433.23127496464
593862,1,1,7,41.428670477651515
593877,1,1,9,478.0830447266009
593880,1,1,4,0.42645457969393247
593892,1,1,6,541.9798461340845
593907,1,1,5,0.42645457969393247
593921,1,1,5,0.42645457969393247
593928,1,1,10,327.2612551567777
593936,1,1,1,746.8100226129596
593945,1,1,4,0.42645458358136
593998,1,1,1,752.2588768931859
594000,1,1,10,720.6669468746958
594005,1,1,6,387.0232785391224
594022,1,1,8,130.97249771701127
594038,1,1,7,7.546498277363209
594044,1,1,5,0.42645457969393247
594054,1,1,6,569.3573925213018
594057,1,1,5,0.42645457969393247
594067,1,1,8,217.38752270012222
594072,1,1,4,0.42645458358136
594083,1,1,3,87.54134361412798
594086,1,1,8,458.0948229347224
594097,1,1,10,719.9463016503994
594130,1,1,5,0.42645457969393247
594140,1,1,5,0.42645457969393247
594153,1,1,6,508.11982105357913
594170,1,1,7,64.19054670751662
594185,1,1,8,618.5189041956236
594188,1,1,5,0.42645456789925423
594205,1,1,9,533.5703859274153
594207,1,1,8,885.8741835108955
594223,1,1,10,167.71990244620613
594225,1,1,8,146.4030761400464
594226,1,1,9,819.3581886549489
594227,1,1,10,195.04239875573742
594247,1,1,9,686.3345891265823
594251,1,1,9,710.5416011737321
594258,1,1,4,0.42645458358136
594259,1,1,4,0.42645458358136
594262,1,1,4,0.42645458358136
594264,1,1,6,256.3520747217321
594267,1,1,9,823.0941515389089
594273,1,1,9,46.30706598474003
594283,1,1,9,261.6334818730057
594287,1,1,9,564.6051314203278
594306,1,1,9,745.9613396870992
594316,1,1,9,542.7979616564538
594330,1,1,4,0.42645458358136
594354,1,1,3,74.7543725298315
594355,1,1,5,0.42645457969393247
594364,1,1,9,290.45771233870863
594377,1,1,9,499.9415047821102
594396,1,1,4,0.42645458358136
594414,1,1,9,621.6585742823015
594423,1,1,4,0.42645458358136
594444,1,1,3,48.549443060604624
594446,1,1,10,265.1410066182173
594448,1,1,9,433.86698698109177
594458,1,1,9,587.8138381190115
594519,1,1,6,784.3813641741966
594525,1,1,8,705.0653792680653
594529,1,1,10,342.41575391788746
594531,1,1,9,194.20743679773494
594542,1,1,8,893.8516251052521
594569,1,1,8,918.9400627395812
594572,0,1,0,0.08973152509797735
594575,1,1,1,191.52518908150608
594576,1,1,9,766.4911370124586
594579,1,1,9,361.33700522014533
594581,1,1,5,0.42645457969393247
594586,1,1,8,150.9154421541277
594589,1,1,4,0.42645458358136
594592,1,1,4,0.42645458358136
594603,1,1,9,880.7318606476658
594613,1,1,5,0.42645457969393247
594629,1,1,2,390.25308702359445
594631,1,1,10,461.25802901010235
594635,1,1,4,0.42645458358136
594639,1,1,2,376.04849520762014
594669,1,1,7,91.1189699752748
594674,1,1,5,0.42645457969393247
594692,1,1,9,872.9577824943617
594699,1,1,7,37.36317121101578
594716,1,1,2,152.3446735880043
594730,1,1,10,570.0019713743538
594739,1,1,5,0.42645457969393247
594740,1,1,5,0.42645457969393247
594750,1,1,8,271.9639460325267
594751,1,1,5,0.42645457969393247
594766,1,1,7,92.3223415477459
594773,1,1,5,0.42645457969393247
594790,1,1,5,0.42645456789925423
594791,1,1,8,448.39579877543855
594793,1,1,6,783.6094070079668
594798,1,1,4,0.42645458358136
594814,1,1,9,572.6238213140412
594817,1,1,4,0.42645458358136
594834,1,1,7,175.18359030619663
594837,1,1,1,360.46764184015785
594848,1,1,9,839.0940487440565
594867,1,1,4,0.42645458358136
594895,1,1,10,326.51162248435355
594900,1,1,10,418.4417625340474
594906,1,1,9,849.7642193617348
594915,1,1,8,948.062094872604
594921,1,1,2,145.15163062033437
594922,1,1,9,125.0415720422095
594924,1,1,8,557.1197702572371
594925,1,1,8,829.5249915715301
594928,1,1,9,752.8592238003038
594937,1,1,9,611.6605489096652
594938,1,1,5,0.42645457969393247
594939,1,1,9,297.4895045700491
594949,1,1,7,131.1254099951814
594977,1,1,9,27.61303765320712
594983,1,1,4,0.42645458358136
595002,1,1,9,877.8961571504348
595005,1,1,4,0.42645458358136
595011,1,1,6,295.6502990753567
595018,1,1,9,655.5144936140191
595023,1,1,6,253.15564621206198
595025,1,1,9,536.4529091995977
595042,1,1,1,609.5262175776617
595044,1,1,10,460.34981297595806
595045,1,1,1,505.97958564359703
595046,1,1,9,579.4429876739807
595052,1,1,9,515.2718719822761
595063,1,1,5,0.42645457969393247
595074,1,1,3,89.32289239877865
595076,1,1,4,0.42645458358136
595080,1,1,4,0.42645458358136
595086,1,1,10,665.8461175649558
595107,1,1,4,0.42645458358136
595143,1,1,6,205.7563047450264
595147,1,1,5,0.42645457969393247
595148,1,1,7,170.68215636014605
595151,1,1,9,642.5768625443499
595173,1,1,8,270.8294212622475
595175,1,1,4,0.42645458358136
595177,1,1,4,0.42645458358136
595192,1,1,4,0.42645458358136
595197,1,1,10,524.9366831720109
595226,1,1,6,532.4924612634724
595229,1,1,10,345.2388100376435
595235,1,1,5,0.42645457969393247
595242,1,1,10,535.3624182403967
595246,1,1,1,649.8158030326025
595250,1,1,4,0.42645458358136
595254,1,1,1,365.5295855973841
595256,1,1,9,850.3457867434198
595261,1,1,4,0.42645458358136
595274,1,1,10,625.7964385685648
595279,1,1,6,479.11876864487533
595291,1,1,7,159.26464185645983
595307,1,1,10,565.5804153555953
595308,1,1,4,0.4264545919581291
595317,1,1,8,793.8841458196022
595321,1,1,8,191.56510063396257
595341,1,1,8,262.6483665644861
595354,1,1,9,814.7563354361967
595368,1,1,7,72.8207942250297
595373,1,1,2,447.8416728498975
595378,1,1,5,0.42645457969393247
595382,1,1,9,405.7593656253499
595416,1,1,4,0.42645458358136
595423,1,1,10,668.8934606761686
595426,1,1,4,0.42645458358136
595427,1,1,4,0.42645458358136
595430,1,1,5,0.42645457969393247
595431,1,1,9,815.5597108692896
595444,1,1,8,734.4426103598122
595454,1,1,5,0.42645457969393247
595456,1,1,5,0.42645457969393247
595461,1,1,9,864.784764739409
595469,1,1,6,444.9131940210546
595470,1,1,8,722.8324080034392
595474,1,1,9,870.3125088740862
595477,1,1,8,642.5551514107744
595481,1,1,8,605.8821161997633
595488,0,1,0,0.10567205159180357
595494,1,1,8,871.1863917105234
595510,1,1,1,448.1078645780402
595553,1,1,4,0.42645458358136
595577,1,1,6,318.32570300579005
595586,1,1,2,308.34026750200593
595605,1,1,7,58.02653710254426
595606,1,1,6,804.6336490020116
595611,1,1,8,630.5896805308302
595615,1,1,1,572.7711509715142
595616,1,1,1,305.08547715864745
595626,1,1,3,92.08673223147485
595651,1,1,6,540.2057188955708
595669,1,1,9,555.5746057995124
595676,1,1,6,374.0171720916919
595681,1,1,2,284.9518107959196
595689,1,1,6,770.1345201438908
595692,1,1,1,311.35535312557596
595694,1,1,6,513.8323714474682
595705,1,1,4,0.42645458358136
595758,1,1,5,0.42645457969393247
595778,1,1,8,422.44351008627416
595809,1,1,10,706.4232687111393
595812,1,1,9,570.2897298627424
595817,1,1,5,0.42645457969393247
595820,1,1,8,460.75436662111167
595824,1,1,7,170.75571949231227
595825,1,1,9,386.754406863328
595844,1,1,4,0.42645458358136
595864,1,1,6,742.0208598063052
595871,1,1,9,713.5685589996461
595877,1,1,2,378.0084400047064
595878,1,1,1,429.00448079874616
595879,1,1,4,0.42645458358136
595888,1,1,9,397.34666302314025
595892,1,1,9,791.24496093618
595893,1,1,1,264.9723723842594
595899,1,1,8,441.9992825436817
595901,1,1,2,465.8501625890887
595911,1,1,10,720.9776349061293
595914,1,1,9,353.44621915519883
595928,1,1,7,159.8263774529646
595934,1,1,1,349.392871247871
595941,1,1,1,350.0325404980304
595954,1,1,8,534.8101457622646
595958,1,1,4,0.42645458358136
595960,1,1,5,0.42645457969393247
595966,1,1,7,93.93143376562958
595976,1,1,8,182.6634541984673
595995,1,1,8,785.7388702690046
596017,1,1,5,0.42645457969393247
596028,0,1,0,0.12026749015690609
596044,1,1,4,0.42645458358136
596046,1,1,7,166.79362835979742
596053,1,1,9,297.5420482360287
596074,1,1,4,0.42645458358136
596076,1,1,7,131.78737182463033
596082,1,1,6,535.436677174104
596091,1,1,6,723.3671078586448
596095,1,1,9,170.9369782536934
596106,1,1,5,0.42645457969393247
596119,1,1,9,578.7306597955449
596138,1,1,4,0.42645458358136
596142,1,1,8,578.5765666501062
596144,1,1,5,0.42645457969393247
596153,1,1,1,327.70972811294
596163,1,1,6,547.7586464252081
596167,1,1,9,674.6898654708567
596170,1,1,9,761.3202082725562
596172,1,1,8,178.7825885288117
596177,1,1,9,186.11364031058847
596189,1,1,4,0.42645458358136
596211,1,1,3,83.0506674807666
596212,1,1,8,590.4572263006435
596213,1,1,8,785.7663156904047
596217,1,1,10,236.86631002638217
596219,1,1,9,502.9047462720974
596220,1,1,1,661.0008393410297
596230,1,1,10,433.93271594216384
596234,1,1,4,0.42645458358136
596267,1,1,9,568.6265444234806
596294,1,1,9,834.7659799087046
596324,1,1,10,402.2353551402319
596328,1,1,10,721.587525262958
596346,1,1,8,781.4388137167866
596351,1,1,9,838.1337778214786
596353,1,1,10,714.1063101647549
596375,1,1,6,156.0195203410086
596378,1,1,4,0.42645458358136
596379,1,1,5,0.42645457969393247
596380,1,1,9,473.8019378358758
596382,1,1,6,772.3557047663303
596389,1,1,10,460.2067252728928
596390,1,1,9,246.2159855477776
596395,1,1,6,703.1775410232686
596419,1,1,5,0.42645457969393247
596436,1,1,10,136.22469958043348
596439,1,1,7,153.43746463638098
596451,1,1,5,0.42645457969393247
596456,1,1,8,937.3351536127788
596498,1,1,8,556.43263682528
596527,1,1,2,283.6626962265255
596535,1,1,6,220.57424642830523
596548,1,1,10,720.7934989414877
596556,1,1,6,391.9445610571211
596578,1,1,8,654.9455287552697
596592,1,1,9,402.0510231054714
596638,1,1,8,170.69187215101877
596651,1,1,8,866.6531655029996
596659,1,1,4,0.42645458358136
596662,1,1,8,476.3289168436337
596678,1,1,5,0.42645457969393247
596685,1,1,8,696.3806634004292
596691,1,1,5,0.42645457969393247
596729,1,1,4,0.42645458358136
596736,1,1,10,722.315943685397
596743,1,1,10,681.5753971351569
596765,1,1,3,37.76124166341143
596769,1,1,1,412.60856818664263
596775,1,1,1,707.2105893623144
596783,1,1,6,680.4363942306351
596785,1,1,4,0.42645458358136
596796,1,1,7,23.52802205085627
596815,1,1,8,410.4183369055251
596828,1,1,5,0.42645457969393247
596829,1,1,2,421.6693031416556
596842,1,1,6,442.3758407526053
596852,1,1,6,720.8589349971181
596887,1,1,9,724.3284921653149
596889,1,1,8,475.03930062957875
596892,1,1,4,0.42645458358136
596898,1,1,8,489.50499503989005
596909,1,1,1,306.84139386334226
596918,1,1,2,428.73911272863705
596919,1,1,4,0.42645458358136
596936,1,1,8,331.0347677834244
596944,1,1,7,55.607302489040634
596952,1,1,8,535.0825289853066
596976,1,1,3,54.59124840640421
596980,1,1,8,431.3119594509959
596984,1,1,10,148.81781404084364
596987,1,1,8,632.9052715302433
596989,1,1,6,543.1161051654002
596997,1,1,10,157.3407979932125
597012,1,1,4,0.42645458358136
597017,1,1,9,665.6265828621656
597040,0,1,0,0.12980285083410484
597056,1,1,6,547.0901849159101
597063,1,1,6,695.7681488093394
597096,1,1,4,0.42645458358136
597111,1,1,8,811.1869706838596
597124,1,1,1,344.9418299280488
597146,1,1,5,0.42645457969393247
597149,1,1,1,558.9531571546883
597178,1,1,1,226.87586931486612
597181,1,1,2,212.91980588331333
597182,1,1,1,687.2944377598784
597201,1,1,9,880.3261841746857
597209,1,1,9,582.6104783354615
597214,1,1,5,0.42645457969393247
597216,1,1,9,381.28557691750683
597219,1,1,7,57.28724341407561
597229,1,1,1,404.7969305770452
597232,1,1,7,22.27807159048161
597241,1,1,9,583.0135323173569
597243,1,1,9,611.8873873471921
597270,1,1,4,0.42645458358136
597278,1,1,10,348.27127492924427
597279,1,1,7,3.7454022511110643
597286,1,1,4,0.4264545919581291
597323,1,1,4,0.42645458358136
597347,1,1,3,89.737759295738
597365,1,1,8,298.2011681630066
597373,1,1,8,457.885351661429
597375,1,1,7,81.95722145370114
597376,1,1,10,599.8164095173207
597385,1,1,9,532.9901713095505
597391,1,1,8,538.1610262041316
597400,1,1,1,398.3649160961372
597404,1,1,4,0.42645458358136
597407,1,1,4,0.42645458358136
597409,1,1,7,156.40677001727474
597410,1,1,5,0.42645457969393247
597419,1,1,8,496.7687089869283
597430,1,1,9,835.7815167165209
597449,1,1,6,474.2124920564167
597475,1,1,8,813.3394020933014
597478,1,1,8,370.51367716687344
597479,1,1,1,299.87712068040463
597480,1,1,8,797.8534440935107
597483,1,1,6,325.07819363831123
597486,1,1,6,635.4296246650706
597488,1,1,10,176.09001023044468
597505,1,1,2,364.4530585941967
597516,1,1,8,549.1466163512443
597539,1,1,1,666.3380651222591
597552,1,1,10,163.58106968432529
597573,1,1,5,0.42645457969393247
597575,1,1,6,213.94790139509232
597578,1,1,9,454.6020122574214
597594,1,1,6,691.9265166645607
597602,1,1,3,90.86034347122582
597606,1,1,5,0.42645457969393247
597607,1,1,6,693.3191406335889
597609,1,1,6,277.228872529325
597617,1,1,1,747.2290927538552
597625,1,1,9,520.4942249052631
597629,1,1,10,281.03357813280996
597636,1,1,10,626.6389839774431
597639,1,1,10,363.45986240531283
597653,1,1,4,0.42645458358136
597659,1,1,6,728.5941547330829
597676,1,1,9,555.0512757584762
597678,1,1,4,0.42645458358136
597683,1,1,8,426.19741056060474
597692,1,1,9,568.7359186942429
597701,1,1,4,0.42645458358136
597716,1,1,6,666.2391898133192
597730,1,1,8,214.8734358484668
597740,1,1,4,0.42645458358136
597741,1,1,4,0.42645458358136
597745,1,1,4,0.42645458358136
597753,1,1,2,427.560391627255
597758,1,1,6,768.2394876654588
597767,1,1,7,160.92106226574364
597774,1,1,1,243.35657935691333
597776,1,1,8,767.9687549600262
597794,1,1,4,0.42645458358136
597800,1,1,1,650.789150707399
597804,1,1,4,0.42645458358136
597806,1,1,4,0.42645458358136
597818,1,1,2,381.8893028309922
597829,1,1,7,94.38465677437682
597830,1,1,1,702.0767974817103
597838,1,1,9,882.911800311863
597843,1,1,4,0.42645458358136
597877,0,1,0,0.09812778298362153
597917,1,1,8,658.3542106674689
597925,1,1,9,831.0056715077783
597962,1,1,9,722.8578430753336
597973,1,1,9,850.5245351544593
597981,1,1,6,646.896118567485
597984,1,1,7,156.188007404535
597987,1,1,7,86.33048736436133
597991,1,1,8,831.822744861999
597999,1,1,8,573.517091980295
598001,1,1,9,582.5595634032334
598003,1,1,7,143.72964871778416
598008,1,1,5,0.42645457969393247
598027,1,1,9,735.9669018230968
598036,1,1,2,95.14711532534393
598037,1,1,4,0.42645458358136
598042,1,1,10,717.2926554486484
598050,1,1,6,671.3501718689265
598079,1,1,9,821.9209748757598
598091,1,1,6,496.30316791533755
598101,1,1,10,511.5898463495015
598112,1,1,5,0.42645457969393247
598138,1,1,2,435.7580512065051
598165,1,1,5,0.42645457969393247
598169,1,1,9,118.87229978963263
598177,1,1,8,280.29321944416813
598179,1,1,2,468.2877436622853
598188,1,1,6,329.5070578843794
598189,1,1,6,702.8329407006382
598193,1,1,2,466.70287095672813
598206,1,1,6,322.5816089177144
598210,1,1,6,809.8637697948026
598218,1,1,4,0.42645458358136
598233,1,1,7,66.96586862396222
598256,1,1,4,0.42645458358136
598260,1,1,4,0.42645458358136
598273,1,1,8,577.8257132813984
598287,1,1,8,865.0675294097841
598303,1,1,3,89.46622190335712
598311,1,1,4,0.42645458358136
598317,1,1,8,701.3244277041616
598321,1,1,9,607.998148337599
598323,1,1,8,714.6023764585036
598329,1,1,5,0.42645457969393247
598330,1,1,6,650.8841004834644
598341,1,1,7,154.13815443693838
598343,1,1,6,638.490151544867
598345,1,1,10,676.7587894294835
598347,1,1,2,260.75530575452586
598374,1,1,9,522.7195578288829
598376,1,1,6,501.0252448962937
598381,1,1,8,400.36387811147335
598382,1,1,6,192.68596772353388
598385,1,1,8,732.6806080935779
598388,0,1,0,0.13720095624544737
598407,1,1,6,316.7950149950008
598409,1,1,9,511.86401047209705
598410,1,1,8,441.9403537022279
598413,1,1,4,0.42645458358136
598420,1,1,10,500.9134387386567
598421,1,1,4,0.4264545919581291
598424,1,1,5,0.42645456789925423
598439,1,1,4,0.42645458358136
598468,1,1,9,820.218899264958
598485,1,1,10,719.2690617202444
598493,0,1,0,0.10132679501165613
598498,1,1,4,0.42645458358136
598514,0,1,0,0.09624547363628203
598546,1,1,9,872.9781846145379
598547,1,1,9,153.78509602820705
598550,1,1,6,663.4490319690519
598559,1,1,6,790.8458982890103
598564,1,1,4,0.42645458358136
598582,1,1,9,608.2997701852063
598585,1,1,8,897.5349483463341
598609,1,1,6,323.07576785742384
598615,1,1,10,714.3830836024205
598631,1,1,7,53.54192866415298
598642,1,1,6,576.9081464100083
598648,1,1,9,756.1526002244524
598652,1,1,2,223.86748065539368
598657,1,1,9,858.0018078525966
598674,1,1,5,0.42645457969393247
598686,1,1,10,129.04741731979666
598700,1,1,5,0.42645457969393247
598715,1,1,10,705.9962657434739
598729,1,1,5,0.42645457969393247
598735,1,1,6,232.13770355689124
598742,1,1,4,0.42645458358136
598743,1,1,5,0.42645457969393247
598748,1,1,8,507.8176084831231
598787,1,1,9,831.4024891055737
598801,1,1,9,152.9011288350968
598824,1,1,10,379.50332451137126
598832,1,1,9,797.0330896151254
598842,1,1,9,532.076221826838
598847,1,1,4,0.42645458358136
598859,1,1,6,622.7733764605609
598871,1,1,3,86.84345409276051
598883,1,1,1,484.28108538941837
598888,1,1,6,588.0560222444296
598895,1,1,5,0.42645457969393247
598918,1,1,2,370.51149908817433
598925,1,1,4,0.42645458358136
598942,1,1,8,281.19219631517143
598947,1,1,2,487.1077097535623
598961,1,1,4,0.42645458358136
598968,1,1,5,0.42645457969393247
598991,1,1,8,569.2224323174108
599016,1,1,8,686.5807789591016
599021,1,1,9,638.4128519801069
599029,1,1,8,514.2053704787722
599033,1,1,5,0.42645457969393247
599046,1,1,9,466.7164268731897
599061,1,1,5,0.42645457969393247
599076,1,1,9,650.1831852134973
599120,1,1,2,183.09972797978145
599129,1,1,8,800.6920695815683
599147,1,1,8,321.74723773957544
599163,1,1,10,652.0301980275798
599176,1,1,8,532.713058014677
599177,1,1,6,574.4636057502731
599179,1,1,8,458.858672680413
599182,1,1,5,0.42645457969393247
599193,1,1,9,813.0209450137835
599209,1,1,6,523.6188701021583
599210,1,1,9,843.3446273771451
599220,1,1,8,262.7857648931649
599236,1,1,2,480.6387061867899
599244,1,1,8,811.9703888091918
599255,1,1,9,775.6723174302197
599269,1,1,10,343.5528526427673
599277,1,1,9,471.95438462000783
599283,1,1,9,877.922740250272
599299,1,1,7,138.05500445774146
599317,1,1,10,489.8571813121055
599324,1,1,1,153.7892794122059
599329,1,1,5,0.42645457969393247
599332,1,1,6,629.1932417304317
599341,1,1,10,524.8032732659248
599350,1,1,5,0.42645457969393247
599363,1,1,1,709.8228673548604
599364,1,1,9,881.1404006691587
599382,1,1,10,460.0383088469195
599385,1,1,9,868.3208146209913
599398,1,1,8,209.58048157215902
599401,1,1,10,632.670404915455
599422,1,1,6,339.8055735527073
599438,1,1,2,399.8785085952724
599464,1,1,1,606.4262712354414
599479,1,1,9,820.4076189225425
599480,1,1,1,201.9419642629048
599489,1,1,9,361.9949204379345
599500,1,1,9,809.405378480705
599516,1,1,8,205.10003261536278
599539,1,1,8,395.3774546225634
599540,1,1,8,617.4272213159385
599541,1,1,5,0.42645456789925423
599544,1,1,10,459.71492524125176
599548,1,1,9,876.5399883859887
599550,1,1,4,0.42645458358136
599554,1,1,3,63.10050747497084
599564,1,1,8,704.573341624824
599578,1,1,3,90.09842125223796
599588,1,1,4,0.42645458358136
599591,1,1,9,674.0147461694792
599598,1,1,8,644.8571486974442
599614,1,1,9,872.060343741668
599644,1,1,4,0.42645458358136
599645,1,1,10,361.325784180484
599651,1,1,9,426.6204640665014
599672,1,1,9,501.0704382490441
599674,1,1,4,0.42645458358136
599695,1,1,8,730.6075008927756
599696,1,1,6,457.4354232764712
599710,1,1,4,0.42645458358136
599716,1,1,2,384.8558824656195
599719,1,1,6,751.0719915896889
599726,1,1,8,542.3497895176046
599785,1,1,10,399.4463145622252
599787,1,1,8,880.2846942024458
599796,1,1,8,346.41375486126907
599808,1,1,8,785.8633966775737
599809,1,1,7,96.5262507656844
599810,1,1,6,312.81541768514086
599813,1,1,5,0.42645457969393247
599816,1,1,3,92.19853167499687
599823,1,1,9,830.3702000612103
599826,1,1,6,556.3347881901115
599833,1,1,7,71.99355616815305
599836,1,1,9,296.81181787579885
599843,1,1,3,90.56886953248316
599844,1,1,10,716.9758369993361
599846,1,1,4,0.42645458358136
599851,1,1,9,636.3359413538435
599857,1,1,4,0.42645458358136
599864,1,1,5,0.42645457969393247
599880,1,1,2,151.14296163317962
599887,1,1,9,824.227759933769
599889,1,1,10,156.5549548926846
599899,1,1,10,719.3107215566498
599904,1,1,9,486.26412888176327
599905,1,1,10,469.5615886018538
599921,1,1,9,864.0199771596115
599922,1,1,5,0.42645457969393247
599925,1,1,7,70.6264946709481
599927,1,1,3,90.18683157293995
599928,1,1,10,722.8007146507939
599931,1,1,8,336.1139501945354
599932,1,1,2,281.27491833453365
599945,1,1,4,0.42645458358136
599950,1,1,2,0.435065039109022
599954,1,1,8,800.8974425072723
599989,1,1,7,47.934983594566766
600021,1,1,1,458.6747930756868
600024,1,1,10,101.50091343396326
600032,1,1,5,0.42645457969393247
600046,1,1,2,325.3429947593265
600060,1,1,1,466.483598697899
600061,1,1,4,0.42645458358136
600079,1,1,3,90.25933158293336
600096,1,1,9,876.280810230089
600119,1,1,6,659.9841306815194
600123,1,1,5,0.42645457969393247
600130,1,1,9,794.675964059344
600131,1,1,4,0.42645458358136
600162,1,1,10,720.0640834898986
600184,1,1,10,194.6089277973274
600207,1,1,4,0.42645457969393247
600214,1,1,6,778.9809702107956
600218,1,1,6,449.4455631252868
600236,1,1,9,632.2246888876596
600255,1,1,6,421.88672165535013
600283,1,1,4,0.42645458358136
600301,1,1,2,148.338890102895
600323,1,1,4,0.42645458358136
600327,1,1,6,535.3586191097974
600328,1,1,6,609.8031148378693
600361,0,1,0,0.1386933503435763
600371,1,1,5,0.42645457969393247
600381,1,1,9,830.9892459482696
600389,1,1,6,523.5942688797971
600401,1,1,1,210.8190902337324
600414,1,1,4,0.42645458358136
600417,1,1,9,328.1226952863528
600427,1,1,6,279.93411546866207
600436,1,1,9,179.80381622672638
600437,1,1,6,495.3503112582373
600442,1,1,6,655.4035645040439
600449,1,1,6,767.7455969274071
600454,1,1,9,700.6037254369772
600465,1,1,4,0.42645458358136
600476,1,1,7,59.48133200877365
600479,1,1,3,84.72651477981657
600493,1,1,4,0.42645458358136
600495,1,1,9,501.16875285586394
600497,1,1,10,721.6171008530287
600504,1,1,9,738.1787199957579
600523,1,1,7,154.5880766570083
600529,1,1,8,777.2862147052931
600564,1,1,5,0.42645457969393247
600573,1,1,2,446.2973736925289
600576,1,1,6,409.7330118366333
600580,1,1,7,155.64242559731733
600600,1,1,10,582.8823657933262
600601,1,1,3,90.30284136286846
600605,1,1,10,668.6311416094441
600609,1,1,9,485.362458243415
600620,1,1,4,0.42645458358136
600621,1,1,8,586.1557384537167
600636,1,1,10,436.1375828379911
600639,0,1,0,0.10005658652837265
600650,1,1,4,0.42645458358136
600653,1,1,6,644.6050886024734
600654,1,1,10,706.3441104675718
600662,1,1,1,396.2531824069896
600678,1,1,8,260.99669860026614
600687,1,1,6,680.5002723855009
600700,1,1,1,427.9453944014523
600705,1,1,10,637.8627847077032
600706,1,1,4,0.42645458358136
600714,1,1,2,239.67577809325272
600727,1,1,8,932.70026159414
600762,1,1,4,0.42645458358136
600781,1,1,9,120.3073828195885
600786,1,1,6,690.9185968565374
600843,1,1,5,0.42645457969393247
600872,1,1,9,795.7291724735242
600873,1,1,9,801.8561095297763
600875,1,1,4,0.42645458358136
600896,1,1,9,595.0255417422148
600899,1,1,5,0.42645457969393247
600903,1,1,5,0.42645457969393247
600906,1,1,9,621.0757086683155
600946,1,1,9,351.21910445718436
600949,1,1,5,0.42645457969393247
600953,1,1,5,0.42645457969393247
600955,1,1,8,812.3291931475909
600956,1,1,9,883.9060208390948
600969,1,1,8,506.83080300873814
600975,1,1,6,391.5541464600475
600983,1,1,9,608.626479169603
600993,1,1,8,481.53657038557003
601015,1,1,6,245.0625217414857
601016,1,1,1,607.4532883546732
601024,1,1,6,558.4541141714747
601039,1,1,4,0.42645458358136
601042,1,1,5,0.42645457969393247
601043,1,1,6,569.1123633403406
601051,1,1,10,705.695280445187
601052,1,1,10,460.3023206997715
601056,1,1,9,658.1478667398976
601057,1,1,7,72.87036252616174
601071,1,1,7,173.20260824838135
601082,1,1,9,762.1998746708668
601088,1,1,9,796.4577578466689
601109,1,1,6,278.16965998308956
601127,1,1,9,655.0772202277221
601138,1,1,4,0.42645458358136
601145,1,1,3,85.87141421788944
601152,1,1,8,717.0191728353052
601182,1,1,9,487.76890522869184
601191,1,1,6,458.2507404125677
601193,1,1,4,0.42645457969393247
601196,1,1,5,0.42645457969393247
601206,1,1,4,0.42645458358136
601214,1,1,6,553.4589123947045
601215,1,1,10,698.3373338409477
601221,1,1,8,711.7109965476063
601222,1,1,6,741.248556624649
601254,1,1,6,253.74638078102026
601269,1,1,5,0.42645457969393247
601271,1,1,4,0.42645458358136
601283,1,1,6,594.4371180814812
601286,1,1,6,548.1192667117166
601314,1,1,6,454.2265598949002
601317,1,1,8,585.6505691839197
601328,1,1,3,34.025441094924616
601333,1,1,4,0.42645458358136
601340,1,1,10,288.83399815181093
601345,1,1,6,322.40034037605636
601353,1,1,10,194.34784827892452
601357,1,1,9,491.7946767206004
601369,1,1,9,542.0550692722073
601378,1,1,3,90.3649692526524
601386,1,1,9,831.0556344570635
601405,1,1,8,561.1695705480987
601406,1,1,9,860.908231469736
601409,1,1,5,0.42645456789925423
601417,1,1,5,0.42645456789925423
601427,1,1,4,0.42645458358136
601435,1,1,7,121.43446729457649
601441,1,1,5,0.42645457969393247
601461,1,1,4,0.42645458358136
601482,1,1,7,174.33424126758192
601508,1,1,7,9.674284994671016
601509,1,1,9,367.45874632950193
601518,1,1,1,474.5116525947114
601519,1,1,9,421.4379653026846
601520,1,1,8,556.0270338706546
601529,1,1,9,492.1968752076961
601533,1,1,6,549.3655318097966
601540,1,1,9,172.49481567808638
601544,1,1,6,799.9884757565939
601572,1,1,5,0.42645457969393247
601579,1,1,10,343.50750210754603
601582,1,1,7,54.18157705509464
601610,1,1,10,605.8777075355932
601637,1,1,1,759.2795655822647
601654,1,1,1,377.4414888658969
601657,1,1,10,476.3139790380545
601664,1,1,10,197.51837266290767
601665,1,1,6,457.5210632646672
601667,1,1,9,701.1406415969258
601668,1,1,8,176.2088339345116
601675,1,1,2,352.8851017063202
601686,1,1,6,250.82903281069366
601696,1,1,9,853.2636270851187
601699,1,1,5,0.42645457969393247
601713,1,1,9,811.4122149149902
601718,1,1,5,0.42645456789925423
601719,1,1,5,0.42645456789925423
601744,1,1,4,0.42645458358136
601748,1,1,4,0.42645457969393247
601759,1,1,9,874.7906472591524
601777,1,1,8,636.9732955038493
601780,1,1,6,783.4016334944919
601783,1,1,2,197.47706114030888
601801,1,1,9,612.6833627460763
601805,1,1,9,747.1902928827197
601809,1,1,5,0.42645457969393247
601815,0,1,0,0.16158801995413152
601816,1,1,3,82.40779202303109
601821,1,1,6,591.5524640494846
601826,1,1,5,0.42645457969393247
601832,1,1,9,793.4638620206878
601851,1,1,9,196.49773973178193
601856,1,1,10,695.5343856626337
601865,1,1,1,554.5710942291144
601867,1,1,2,480.09983239195554
601872,1,1,6,752.2499931616215
601885,1,1,6,224.3408193482397
601889,1,1,7,119.94476830013022
601902,1,1,8,506.9015148001745
601903,1,1,4,0.42645458358136
601909,1,1,9,93.72627361724467
601919,1,1,1,382.47842259592113
601930,1,1,7,103.65845772162652
601932,1,1,5,0.42645457969393247
601936,1,1,9,836.3681777974314
601938,1,1,4,0.42645458358136
601945,1,1,10,416.0023372423054
601955,1,1,7,126.62958447118507
601959,1,1,4,0.4264545919581291
601978,1,1,1,747.893729351517
601979,1,1,8,151.31631987589654
601986,1,1,8,456.9293576440347
601987,1,1,10,534.9979002798435
601999,1,1,2,485.4765052305735
602019,1,1,9,573.6100169320463
602024,1,1,5,0.42645457969393247
602027,1,1,1,693.7953834499843
602028,1,1,10,619.8156296042599
602038,1,1,6,407.89150709281176
602040,1,1,9,834.7608776334375
602067,1,1,4,0.42645458358136
602077,1,1,6,481.2006448684622
602085,1,1,10,688.0087450532786
602105,1,1,5,0.42645457969393247
602116,1,1,6,265.00913307102314
602122,1,1,9,329.38016326904017
602157,1,1,2,234.72366591809285
602166,1,1,7,99.92281268006593
602174,1,1,8,208.41163326095543
602186,1,1,6,569.4118985726966
602195,1,1,8,870.7874492849606
602197,1,1,10,659.3256630312401
602224,1,1,10,447.00457376862005
602238,1,1,7,171.09767540529342
602242,1,1,6,380.02179215646356
602280,1,1,6,477.81089711378297
602295,1,1,5,0.42645457969393247
602309,1,1,9,546.5868616725437
602323,1,1,10,689.3616222833679
602335,1,1,8,719.1332301870485
602363,0,1,0,0.13073247288086126
602367,1,1,1,263.20126480916844
602368,1,1,10,160.59445793765147
602371,1,1,10,311.998690920246
602405,0,1,0,0.11344911475023821
602407,1,1,6,179.70148937691778
602422,1,1,6,543.0165957366044
602437,1,1,8,720.3789282477269
602445,1,1,5,0.42645457969393247
602455,1,1,9,751.4237875543455
602475,1,1,10,144.60897421233477
602477,1,1,8,504.256391156628
602489,1,1,9,409.33289293550513
602562,1,1,8,870.739911087005
602565,1,1,10,314.79209066179476
602580,1,1,9,869.3413029982038
602593,1,1,4,0.42645458358136
602596,1,1,7,140.2281266112799
602599,1,1,9,409.3195649830081
602601,1,1,5,0.42645457969393247
602606,1,1,8,870.3006724479433
602612,1,1,10,711.2123809712564
602623,1,1,10,388.5987573856595
602637,1,1,4,0.42645458358136
602650,1,1,5,0.42645457969393247
602666,1,1,2,148.43943787173396
602668,1,1,10,561.0151673978016
602682,1,1,10,235.29003418042424
602683,1,1,5,0.42645457969393247
602684,1,1,6,361.4741627765634
602697,1,1,4,0.42645458358136
602730,1,1,9,562.9771315886162
602746,1,1,8,572.6315011934449
602760,1,1,4,0.42645458358136
602762,1,1,9,810.1049473111854
602773,1,1,10,124.26949732164383
602779,1,1,1,326.8437950519183
602784,1,1,7,93.25643784920331
602789,1,1,3,86.4444196146158
602790,1,1,4,0.42645458358136
602791,1,1,9,387.8494206697092
602807,1,1,9,496.385094513748
602815,1,1,10,115.76434451449887
602819,1,1,9,360.10523936748507
602824,1,1,9,516.3460327670347
602827,1,1,3,70.21581187487239
602847,1,1,9,342.08602307233906
602851,1,1,6,791.8134916701555
602872,1,1,4,0.42645458358136
602874,1,1,9,865.1525670661246
602883,1,1,9,147.20646801593918
602890,1,1,10,421.6953911293522
602891,1,1,5,0.42645457969393247
602905,1,1,6,565.7014759084626
602908,1,1,9,697.5210557880932
602914,1,1,9,188.84741488025668
602918,1,1,6,785.4190229131497
602919,1,1,4,0.42645458358136
602924,1,1,4,0.42645458358136
602956,1,1,6,241.4273244016811
602968,1,1,1,685.7397923569407
602975,1,1,5,0.42645457969393247
602977,1,1,9,305.4874545944126
602984,1,1,8,123.22730029810974
602992,1,1,6,597.556034819252
603027,1,1,9,147.29751218475704
603029,1,1,1,666.1185616042744
603048,1,1,7,172.95016978928274
603050,1,1,8,570.3791879035268
603057,1,1,9,213.97755719054135
603082,1,1,8,660.3679625147512
603084,1,1,9,887.1611191054088
603096,1,1,9,707.1482930129241
603117,1,1,1,553.8228613732662
603119,1,1,5,0.42645457969393247
603136,1,1,8,491.8647025403891
603137,1,1,5,0.42645457969393247
603140,1,1,2,351.5685784906493
603142,1,1,5,0.42645457969393247
603144,1,1,1,445.47547307984007
603146,1,1,1,559.6107111912722
603152,1,1,5,0.42645457969393247
603159,1,1,6,597.510450772389
603161,1,1,9,837.6499380935979
603169,1,1,6,541.8810054616048
603172,1,1,5,0.42645457969393247
603185,1,1,10,515.3444190984036
603189,1,1,6,449.86770981020595
603197,1,1,4,0.42645458358136
603201,1,1,5,0.42645457969393247
603231,1,1,8,529.0399858814181
603232,1,1,5,0.42645457969393247
603233,1,1,9,625.916482162488
603247,1,1,9,644.5283114522207
603248,1,1,8,571.4562157160221
603254,1,1,9,577.1018402367791
603258,1,1,1,432.95639058590285
603274,1,1,8,871.1140755433254
603281,1,1,8,840.5083398874638
603282,1,1,3,65.01165282584302
603290,1,1,8,540.4954900638419
603294,1,1,5,0.42645457969393247
603295,1,1,4,0.42645458358136
603296,1,1,4,0.42645458358136
603304,1,1,5,0.42645457969393247
603325,1,1,8,808.8277722359446
603346,1,1,4,0.42645458358136
603350,1,1,7,93.95252407995203
603351,1,1,9,813.6688584825167
603359,1,1,8,455.87296573572996
603372,1,1,10,707.3719023966826
603376,1,1,2,166.82225800767816
603377,1,1,9,587.6864477453638
603379,1,1,8,698.0025965705474
603393,1,1,9,885.8168586226228
603416,1,1,6,518.6873791442091
603418,1,1,8,927.4945754855838
603421,1,1,1,608.6366671756329
603447,1,1,6,484.4286869399892
603464,1,1,10,219.1334602907809
603471,1,1,6,196.2052844286366
603486,1,1,7,61.040926715845515
603489,1,1,4,0.42645458358136
603505,1,1,5,0.42645457969393247
603515,1,1,4,0.42645458358136
603522,1,1,10,460.0934216253856
603526,1,1,7,44.11647746794642
603527,1,1,2,231.44786262053952
603552,1,1,9,875.6253868103796
603554,1,1,6,799.4921609757023
603557,1,1,6,734.4235704459654
603570,1,1,9,186.14129561789736
603581,1,1,1,630.1014909551274
603582,1,1,1,634.6423046838183
603586,1,1,8,374.48768570784796
603597,1,1,4,0.42645458358136
603598,1,1,10,244.74379755934814
603599,1,1,9,330.05567784100816
603617,1,1,9,711.6280011267046
603624,1,1,6,263.50685838247733
603640,1,1,10,711.8442820410224
603689,1,1,5,0.42645457969393247
603715,1,1,1,724.6217047230315
603729,1,1,1,179.5853190588354
603733,1,1,9,171.2827057033896
603760,1,1,9,578.2359768920035
603768,1,1,1,443.9734754505037
603797,1,1,4,0.42645458358136
603805,1,1,5,0.42645457969393247
603822,1,1,4,0.42645458358136
603833,1,1,9,673.21606387752
603835,1,1,9,624.857759055192
603839,1,1,8,445.3351371302964
603842,1,1,4,0.42645458358136
603845,1,1,1,356.41549557203984
603853,1,1,8,798.4769300665816
603856,1,1,8,626.7333778837323
603857,1,1,1,220.89750352475752
603862,1,1,8,640.5669257623407
603892,1,1,2,73.34939569270986
603902,1,1,8,592.3145982102675
603909,1,1,6,304.67823074059874
603932,1,1,8,285.2736649835665
603962,1,1,10,382.9785744579558
603983,1,1,7,145.94658326893122
603998,1,1,4,0.42645458358136
604014,1,1,5,0.42645457969393247
604019,1,1,4,0.42645458358136
604020,1,1,8,334.5384863379619
604023,1,1,9,269.8758092835799
604044,1,1,8,497.78469782601667
604056,1,1,8,599.9689036910686
604062,1,1,5,0.42645457969393247
604074,1,1,5,0.42645457969393247
604081,1,1,5,0.42645457969393247
604088,1,1,8,312.13410260725436
604114,1,1,10,194.04216189276562
604116,1,1,10,179.70764171285268
604130,1,1,5,0.42645457969393247
604133,1,1,4,0.42645458358136
604137,1,1,9,516.0698133345736
604148,1,1,5,0.42645457969393247
604169,1,1,10,364.4888319676728
604171,1,1,8,553.3787263376717
604177,1,1,5,0.42645457969393247
604199,1,1,5,0.42645457969393247
604219,1,1,10,445.84437781748983
604226,1,1,9,791.0599306615183
604227,1,1,5,0.42645457969393247
604228,1,1,1,238.71951206135535
604239,1,1,10,379.1843695428043
604243,1,1,6,749.3136640154752
604266,1,1,8,865.4664932937555
604272,1,1,7,58.20106284297574
604281,1,1,3,81.04913718897596
604285,1,1,8,393.65963074773396
604288,0,1,0,0.13074117789299275
604295,1,1,8,246.12727225034536
604300,1,1,8,862.1694966438392
604304,1,1,2,479.7044559524248
604316,1,1,10,582.7924088803466
604317,1,1,5,0.42645457969393247
604318,1,1,8,394.50584376400593
604332,1,1,5,0.42645457969393247
604343,1,1,6,494.4700538436367
604352,1,1,9,402.1131898370478
604354,1,1,10,717.0725961866152
604356,1,1,8,336.8481245751778
604363,1,1,8,628.89237458967
604396,1,1,3,35.094498398237825
604397,1,1,9,673.9342631119835
604399,1,1,9,883.3473526102053
604412,1,1,9,794.814848256335
604417,1,1,5,0.42645457969393247
604423,1,1,6,740.0867002419545
604425,1,1,4,0.42645458358136
604436,1,1,5,0.42645457969393247
604437,1,1,8,737.7874179567533
604441,1,1,7,156.42826405746652
604442,1,1,9,620.2392343821875
604466,1,1,5,0.42645457969393247
604469,1,1,9,703.7580803299139
604482,1,1,7,26.87227993325569
604491,1,1,9,352.71686329961733
604500,1,1,7,163.52871352541186
604512,1,1,4,0.42645458358136
604517,1,1,7,142.57410885484586
604522,1,1,8,475.1917048557856
604550,1,1,8,885.6338733362509
604551,1,1,2,404.39497024313243
604556,1,1,6,707.6752696177164
604569,1,1,9,762.3948623635749
604583,1,1,7,84.22631960895201
604595,1,1,10,351.2739160535583
604599,1,1,9,770.4347079827032
604604,1,1,6,713.9799434841467
604608,1,1,5,0.42645457969393247
604642,1,1,7,50.91533538490867
604644,1,1,8,840.5624424596552
604647,1,1,1,617.9023610260061
604648,1,1,6,516.9854721104779
604649,1,1,8,455.34010718374714
604650,1,1,7,89.48080468190506
604653,1,1,6,374.60106232400625
604665,1,1,9,767.6427598761417
604666,1,1,5,0.42645457969393247
604688,1,1,6,703.557932737432
604705,1,1,8,492.7519926130459
604721,1,1,9,597.728353961715
604737,0,1,0,0.11822978761046578
604748,1,1,6,780.4774217417008
604749,1,1,8,387.2110404287806
604753,1,1,7,114.2352157028809
604759,1,1,9,856.7706179834416
604771,1,1,4,0.42645458358136
604772,1,1,6,529.8570522477961
604774,1,1,3,90.14917852104035
604781,1,1,9,756.0642998008801
604791,1,1,9,492.166061298729
604797,1,1,9,436.303405213737
604805,1,1,4,0.42645458358136
604810,1,1,8,647.5285500300901
604813,1,1,9,596.0052188003774
604815,0,1,0,0.11730003750282508
604822,1,1,9,115.82651931200364
604850,1,1,1,526.4852958589057
604852,1,1,5,0.42645457969393247
604865,1,1,5,0.42645457969393247
604868,1,1,6,810.1048798528517
604878,1,1,5,0.42645457969393247
604883,1,1,6,216.36183190730833
604884,1,1,5,0.42645457969393247
604895,1,1,2,110.96190596973783
604905,1,1,8,719.0720652986411
604911,1,1,5,0.42645457969393247
604915,1,1,9,526.6614423352257
604919,1,1,1,631.6829961158528
604932,1,1,5,0.42645457969393247
604942,1,1,7,90.39874927513105
604965,1,1,9,70.18500348310276
604968,1,1,5,0.42645457969393247
605015,1,1,9,582.6268081756751
605038,1,1,7,66.51880564158468
605051,1,1,7,128.60524548725485
605056,1,1,4,0.42645458358136
605057,1,1,6,165.218367637085
605075,1,1,6,400.7303530435599
605101,1,1,10,372.725873443817
605106,1,1,5,0.42645456789925423
605114,1,1,10,108.45034790443627
605117,1,1,4,0.42645458358136
605129,1,1,1,497.83227178940643
605134,1,1,6,698.3462425443269
605143,1,1,10,342.3688657604746
605144,1,1,1,542.9123664865812
605174,1,1,10,186.02723838034933
605177,1,1,10,718.4866951552467
605180,1,1,7,156.33713407205815
605185,1,1,9,830.8608026891659
605189,1,1,6,315.1808281704082
605192,1,1,4,0.42645458358136
605195,1,1,4,0.42645458358136
605209,1,1,4,0.42645458358136
605217,1,1,10,523.2443151322253
605225,1,1,8,854.7339615749263
605228,1,1,2,486.8820488506368
605236,1,1,9,297.09104685231887
605245,1,1,6,688.7794066070944
605252,1,1,2,323.58594636092306
605261,1,1,1,673.2849422535785
605334,1,1,4,0.42645458358136
605358,1,1,4,0.42645458358136
605360,1,1,9,711.2693726338375
605372,1,1,8,870.9538740879606
605376,1,1,4,0.42645458358136
605386,1,1,8,293.6031065622672
605395,1,1,8,324.5066151508901
605397,1,1,9,599.9993972183571
605400,1,1,10,391.2673200797606
605411,1,1,9,876.9912897491745
605427,1,1,5,0.42645456789925423
605441,1,1,6,667.658630195945
605471,1,1,1,227.78814874026637
605489,1,1,9,656.1024980731183
605506,1,1,8,222.00229363304248
605511,1,1,1,350.78758619226494
605515,1,1,6,416.80593249634506
605516,1,1,7,31.85485332859746
605526,1,1,9,213.32045348531267
605528,1,1,9,495.0379528884402
605538,1,1,10,428.78886986916245
605571,1,1,10,718.5746975719401
605573,1,1,9,226.71305474364337
605588,1,1,9,832.4140878841218
605591,1,1,6,606.2366969015421
605609,1,1,9,481.46569533784196
605616,1,1,8,158.04629803308447
605626,1,1,8,613.8707800363966
605629,1,1,6,671.4126370212408
605655,1,1,6,444.739029639039
605658,1,1,6,810.4742871989434
605665,1,1,7,147.10923631880883
605667,1,1,9,709.3707268647054
605678,1,1,1,609.8651486616061
605681,1,1,10,138.77776131278836
605682,1,1,5,0.42645457969393247
605692,1,1,9,860.4409476260759
605694,1,1,9,849.1182719370615
605701,1,1,9,488.0375644921391
605723,1,1,7,46.38832593321916
605736,1,1,10,157.6457109432158
605738,1,1,8,471.0956056736611
605755,1,1,9,766.2450489535385
605757,1,1,8,778.0933702437577
605760,1,1,2,195.41605980180705
605773,1,1,6,666.9856923476636
605775,1,1,6,283.7971585490023
605793,1,1,6,700.1655101110518
605797,1,1,8,225.9400490750278
605804,1,1,9,733.8848905791597
605806,1,1,2,362.83611661938824
605825,1,1,6,167.43716634434512
605828,1,1,9,495.8881042624186
605831,1,1,8,406.6766278129285
605834,1,1,5,0.42645457969393247
605840,1,1,9,831.84665781523
605847,1,1,9,643.4986384928984
605848,1,1,6,201.5792025527682
605854,1,1,9,377.7617022416137
605865,1,1,9,427.4986130929052
605873,1,1,6,428.7305815708712
605880,1,1,9,812.8312228240181
605883,1,1,8,246.47647857805802
605889,1,1,5,0.42645457969393247
605903,1,1,5,0.42645457969393247
605915,1,1,4,0.42645458358136
605945,1,1,9,848.6081647167098
605953,1,1,5,0.42645457969393247
605966,1,1,9,634.2993755322959
605972,1,1,4,0.42645458358136
605983,1,1,4,0.42645458358136
605984,1,1,1,489.8774622519185
605985,1,1,5,0.42645457969393247
605990,1,1,3,89.75747349179285
605991,1,1,7,77.09614681316816
605992,1,1,8,640.5151432420556
605999,1,1,8,643.7586389655395
606004,1,1,4,0.42645458358136
606005,1,1,5,0.42645457969393247
606021,1,1,6,699.6484552809027
606030,1,1,6,804.6844832750855
606031,1,1,3,89.12645350809606
606037,1,1,8,519.6497426211389
606038,1,1,6,446.3951114124115
606039,1,1,8,617.4422515534366
606071,1,1,1,221.44158168521662
606081,1,1,8,550.8133495638684
606107,1,1,9,569.6589213241606
606112,1,1,1,603.2547801573673
606115,1,1,5,0.42645457969393247
606129,1,1,10,209.2145988120554
606140,1,1,9,865.1322885931123
606153,1,1,5,0.42645457969393247
606174,1,1,9,69.57056806632893
606195,1,1,5,0.42645457969393247
606210,1,1,7,158.47683329373154
606212,1,1,10,272.35374015830047
606230,1,1,8,246.3213238764751
606231,1,1,9,168.7259856924339
606272,1,1,9,105.74865217039162
606285,1,1,4,0.42645458358136
606294,1,1,5,0.42645457969393247
606296,1,1,2,425.4813187901882
606307,1,1,5,0.42645457969393247
606317,1,1,9,647.1639733020176
606325,1,1,6,802.5779433075638
606392,1,1,5,0.42645456789925423
606420,1,1,6,803.0135365460078
606425,1,1,6,322.30688428935827
606433,1,1,5,0.42645457969393247
606443,1,1,8,628.3374489288493
606445,1,1,9,600.6643023429066
606446,1,1,6,809.8256318949354
606462,1,1,10,669.1451022922364
606474,1,1,6,320.05965455162277
606482,1,1,7,96.68186991933852
606484,1,1,8,911.6465487802038
606503,1,1,6,194.90605745307334
606537,1,1,6,713.615366549507
606544,1,1,10,695.61476644099
606548,1,1,9,770.0834811867153
606549,1,1,10,720.5406339012886
606550,1,1,4,0.42645458358136
606573,1,1,6,315.7145738266958
606582,1,1,4,0.42645458358136
606598,1,1,8,634.2846021697256
606599,1,1,4,0.42645458358136
606604,1,1,5,0.42645457969393247
606607,1,1,2,197.3616686545504
606609,1,1,5,0.42645457969393247
606617,1,1,8,478.53101685979016
606625,1,1,5,0.42645457969393247
606628,1,1,7,111.23225651590369
606653,1,1,4,0.42645458358136
606669,1,1,9,864.457070514843
606675,1,1,4,0.42645458358136
606678,1,1,1,334.1291220705171
606679,1,1,6,617.3334862835072
606680,1,1,6,806.7450314053661
606682,1,1,6,547.2112863285449
606684,1,1,4,0.42645458358136
606694,1,1,10,388.19101101007476
606700,1,1,7,139.00121338485962
606703,1,1,5,0.42645457969393247
606724,1,1,10,610.8471705935574
606731,1,1,5,0.42645457969393247
606733,0,1,0,0.1227421358673848
606759,0,1,0,0.10619213040118027
606771,1,1,3,74.83721434907308
606775,1,1,9,608.6200521731852
606805,1,1,1,440.94211130666696
606806,1,1,1,335.4436489479996
606815,1,1,4,0.42645458358136
606818,1,1,1,168.7679202434782
606819,1,1,8,673.998260573522
606838,1,1,6,563.0692175672692
606864,1,1,3,93.8318299176256
606868,1,1,1,530.6153585664476
606870,1,1,4,0.42645458358136
606871,1,1,4,0.42645458358136
606895,1,1,5,0.42645457969393247
606916,1,1,3,79.79417139204072
606918,1,1,7,161.89542890890627
606933,1,1,4,0.42645458358136
606960,1,1,5,0.42645457969393247
606964,1,1,9,386.5869551860923
606970,1,1,1,525.3292515118519
606987,1,1,5,0.42645457969393247
607002,1,1,10,155.55459343323966
607005,1,1,10,548.3223105973021
607009,1,1,7,75.829160207168
607044,1,1,2,325.55200668526714
607080,1,1,10,541.1835195068844
607083,1,1,8,290.98974200782664
607102,1,1,7,154.34482662314898
607113,1,1,6,161.43281531666028
607122,1,1,5,0.42645457969393247
607132,1,1,10,654.7354413398198
607149,1,1,7,34.91677363620533
607156,1,1,9,806.0998763923931
607157,1,1,4,0.42645458358136
607172,1,1,4,0.42645458358136
607198,1,1,4,0.42645458358136
607231,1,1,5,0.42645457969393247
607240,1,1,1,538.1543241244931
607257,1,1,10,468.1861138581128
607268,1,1,1,487.33104926519485
607274,1,1,6,552.4672867629314
607296,1,1,9,236.25416595568902
607308,1,1,9,593.0539792471038
607309,1,1,9,360.3103299005207
607319,1,1,6,616.2663945060018
607333,1,1,6,725.2211975555342
607337,1,1,6,692.8018414363792
607339,1,1,5,0.42645457969393247
607375,1,1,9,541.4634960376633
607380,1,1,6,435.32359505596804
607386,1,1,6,351.78366489899
607387,1,1,1,387.8123322184011
607401,1,1,1,404.2798599715865
607405,1,1,7,104.77325457590264
607415,1,1,4,0.4264545919581291
607419,1,1,5,0.42645456789925423
607436,1,1,4,0.42645458358136
607470,1,1,3,90.88559881512344
607483,1,1,6,555.959894747403
607526,1,1,6,651.8767705140768
607551,1,1,4,0.42645458358136
607552,1,1,5,0.42645457969393247
607568,1,1,6,409.586008750199
607573,1,1,5,0.42645457969393247
607576,1,1,7,164.38755334335139
607581,1,1,9,450.51750424059225
607597,1,1,9,592.0887655919109
607598,1,1,5,0.42645457969393247
607613,1,1,4,0.42645458358136
607625,1,1,9,201.54217618288286
607631,1,1,9,876.9392541500417
607645,1,1,8,153.7846213318851
607646,1,1,5,0.42645457969393247
607666,1,1,5,0.42645457969393247
607687,1,1,5,0.42645457969393247
607690,1,1,4,0.42645458358136
607695,1,1,1,742.6333745663227
607715,1,1,8,835.3335720592902
607746,1,1,7,44.15087132983383
607757,1,1,6,542.8845486655362
607763,1,1,8,868.6228568197649
607783,0,1,0,0.10894847397947141
607795,1,1,6,422.303409826074
607801,1,1,1,656.8064795621906
607807,1,1,10,198.62694393015454
607816,1,1,5,0.42645457969393247
607820,1,1,1,717.0224192021382
607833,1,1,3,76.97119189746486
607834,1,1,10,589.1638880339178
607842,1,1,6,312.76076318730486
607859,1,1,5,0.42645457969393247
607863,1,1,5,0.42645457969393247
607866,1,1,9,781.4002345669799
607871,1,1,8,891.190041020983
607872,1,1,10,662.0664809016432
607876,0,1,0,0.10919451502034468
607886,1,1,2,413.3822685598413
607887,1,1,10,333.9924678294374
607889,1,1,8,286.6850179075752
607894,1,1,9,599.1678099769867
607899,1,1,9,534.5617161514291
607901,1,1,5,0.42645457969393247
607903,1,1,9,318.33934127523827
607908,1,1,6,496.5692773324984
607910,1,1,9,757.726783565293
607933,1,1,6,419.84301362922787
607939,1,1,3,72.05969169079
607950,1,1,8,927.798067045739
607962,1,1,1,320.4768674443478
607969,1,1,9,575.9221755979326
607972,1,1,5,0.42645457969393247
607981,1,1,2,219.8515582892305
607984,1,1,6,701.0406705364693
607990,1,1,9,510.18331312820914
608014,1,1,5,0.42645457969393247
608035,1,1,10,668.8989896569374
608054,1,1,9,838.0768059595457
608055,1,1,4,0.42645458358136
608061,1,1,7,10.482266822032647
608062,1,1,4,0.4264545919581291
608074,1,1,9,882.7144544045921
608088,1,1,9,534.7974145982502
608100,1,1,5,0.42645457969393247
608101,1,1,6,728.3768673171136
608102,1,1,8,919.7445970571393
608111,1,1,9,619.6961380376022
608114,1,1,6,492.75905900323306
608122,1,1,8,833.6770689252658
608143,1,1,8,820.3369404858216
608152,1,1,8,627.8117312502142
608159,1,1,6,778.6041249756638
608172,1,1,9,562.5821242591572
608183,1,1,5,0.42645457969393247
608194,1,1,1,370.67694295265187
608205,1,1,7,68.0624202477138
608210,1,1,9,509.88959214018
608220,1,1,9,364.00041368870575
608223,1,1,10,479.8844173800315
608225,1,1,10,360.8301792735502
608229,1,1,1,334.8131253779768
608252,1,1,1,761.6948224434076
608268,1,1,3,45.72329818762663
608296,1,1,8,326.1272994245528
608297,1,1,8,326.9615127558492
608299,1,1,9,668.3735922395591
608332,1,1,8,805.4785800680636
608333,1,1,5,0.42645457969393247
608337,1,1,1,222.67167571896664
608345,1,1,4,0.42645458358136
608356,1,1,9,402.5903248532958
608364,1,1,6,789.4444872490493
608381,1,1,7,132.47609973763895
608391,1,1,9,886.8698549506946
608398,1,1,8,642.1915404772263
608409,1,1,4,0.42645458358136
608420,1,1,4,0.42645458358136
608425,1,1,8,531.6884292565707
608458,1,1,1,599.7130515943797
608467,1,1,9,820.2603764000644
608471,1,1,5,0.42645457969393247
608472,1,1,6,541.7301492433888
608473,1,1,5,0.42645457969393247
608481,1,1,6,456.8435385431196
608520,0,1,0,0.08584027329599156
608531,1,1,8,346.4698096029289
608539,1,1,4,0.42645458358136
608540,1,1,10,418.3925362832793
608550,1,1,9,490.13485332016614
608560,1,1,3,71.84892102351272
608573,1,1,6,522.7099686187771
608605,1,1,5,0.42645457969393247
608619,1,1,5,0.42645457969393247
608620,1,1,6,787.6096979143044
608633,1,1,8,605.9632357731466
608634,1,1,2,388.8227067952159
608643,1,1,8,776.1070000545564
608644,1,1,8,503.5010809861019
608651,1,1,10,487.68511502077104
608658,1,1,8,667.1121254884292
608659,1,1,6,782.8472595000248
608665,1,1,4,0.42645458358136
608694,1,1,9,743.9296140758404
608712,1,1,6,641.44974302063
608717,1,1,8,471.8113644656781
608728,1,1,10,560.8694264758933
608746,1,1,4,0.42645458358136
608747,1,1,9,811.591877512966
608748,1,1,6,174.71878985333797
608762,1,1,10,158.8645506133695
608777,1,1,6,786.8288657652879
608794,1,1,1,549.7550883812916
608801,1,1,5,0.42645457969393247
608810,1,1,6,362.71320942477035
608817,1,1,7,174.4999198286688
608833,1,1,6,769.2641455479154
608846,1,1,4,0.42645458358136
608851,1,1,9,872.8745107072407
608854,1,1,2,361.6696827406432
608858,1,1,5,0.42645457969393247
608859,1,1,9,822.2265474543065
608865,1,1,6,714.2430063305176
608875,1,1,7,13.631087500171459
608890,1,1,5,0.42645457969393247
608910,1,1,7,73.33090520134681
608912,1,1,5,0.42645457969393247
608921,1,1,5,0.42645457969393247
608935,1,1,1,403.4794949340337
608964,1,1,10,163.4882255671761
608966,1,1,5,0.42645457969393247
608968,1,1,10,659.1025056435134
608970,1,1,3,87.86192190183168
608971,1,1,8,238.97980187778504
608982,1,1,10,448.5339802176581
608984,1,1,8,939.132824353859
608995,1,1,5,0.42645456789925423
609006,1,1,9,513.5212436784146
609030,1,1,9,877.4976098339083
609062,1,1,10,722.2096040424493
609065,1,1,4,0.42645458358136
609078,1,1,10,294.6745768271275
609103,1,1,9,663.7380102746064
609111,1,1,10,474.8775104291242
609117,1,1,6,419.1238498666447
609149,1,1,1,529.2892387198323
609151,1,1,8,516.5170150560645
609163,1,1,6,246.85534617815122
609166,1,1,1,426.2648345418935
609167,1,1,9,885.8448669863922
609180,1,1,9,186.66954267524886
609196,1,1,4,0.42645458358136
609200,1,1,9,252.21748147932732
609203,1,1,2,446.9557963886651
609211,1,1,9,822.7876449944188
609219,1,1,10,705.3308412039013
609223,1,1,7,112.37774755460158
609247,1,1,8,861.1639603751166
609256,1,1,6,283.95971626786206
609267,1,1,6,716.89276071233
609269,1,1,6,184.37987872665875
609287,1,1,9,455.376912885798
609299,1,1,4,0.42645458358136
609302,1,1,9,562.3986715181724
609323,1,1,9,874.9889837178449
609332,1,1,10,669.1297913008474
609337,1,1,10,260.55844215633203
609342,1,1,9,871.9604470117924
609357,1,1,8,701.3504253858008
609361,1,1,5,0.42645456789925423
609367,1,1,10,215.14036976485104
609379,1,1,8,766.3886448661568
609385,1,1,3,79.42789269028326
609392,1,1,4,0.42645458358136
609395,1,1,8,862.9155161593413
609405,1,1,6,791.0330967525526
609411,1,1,7,99.76249495244409
609416,1,1,5,0.42645457969393247
609423,1,1,8,511.17352342191907
609426,1,1,4,0.42645458358136
609436,1,1,2,142.95335203506664
609452,1,1,5,0.42645457969393247
609459,1,1,9,854.6563249070635
609467,1,1,8,870.7901484311485
609486,1,1,5,0.42645457969393247
609531,0,1,0,0.11671879124978127
609550,1,1,6,201.02182886930365
609560,1,1,7,98.88867136702623
609573,1,1,6,269.9149543369472
609581,1,1,9,468.94035843354726
609582,1,1,5,0.42645457969393247
609586,1,1,6,299.2397346418657
609588,1,1,6,811.9081648175469
609593,1,1,5,0.42645457969393247
609618,1,1,9,383.2564168111097
609622,1,1,5,0.42645457969393247
609623,1,1,4,0.42645458358136
609643,1,1,9,449.5736987479245
609654,1,1,3,92.36821635042813
609657,1,1,5,0.42645457969393247
609659,1,1,10,705.4263474820821
609681,1,1,9,718.4013986384163
609695,1,1,5,0.42645457969393247
609710,0,1,0,0.12011051078528927
609712,1,1,2,422.0232662496261
609729,1,1,2,149.73449883071328
609732,1,1,9,642.9601542694757
609760,1,1,4,0.42645458358136
609763,0,1,0,0.12447664148908924
609772,1,1,6,639.8306335686128
609777,1,1,10,525.566202694329
609806,1,1,8,191.8367334058123
609816,1,1,9,774.4835212850276
609825,1,1,7,132.60538328392843
609827,1,1,9,220.89824915328435
609845,1,1,4,0.42645458358136
609867,1,1,1,568.9583649991991
609869,1,1,5,0.42645457969393247
609870,1,1,10,582.4699414254239
609871,1,1,5,0.42645457969393247
609893,1,1,5,0.42645457969393247
609900,1,1,3,60.93594600029105
609915,1,1,10,379.98912947411526
609925,1,1,9,819.6616514542089
609930,1,1,4,0.42645458358136
609964,1,1,7,156.82693508741852
609979,1,1,10,107.7857065491579
609986,1,1,1,319.05072600297717
609994,1,1,4,0.42645458358136
609995,1,1,5,0.42645457969393247
609996,1,1,6,791.4411824378374
610021,1,1,8,190.05032163739733
610067,1,1,9,658.5987476587485
610068,1,1,10,539.5366681143976
610082,1,1,10,442.56410851091005
610087,1,1,10,591.1417116640246
610096,1,1,8,595.753093199422
610100,1,1,1,159.6595379390044
610121,1,1,5,0.42645457969393247
610132,1,1,8,809.7074775178986
610145,1,1,9,761.6781962732011
610147,1,1,9,706.8931142779492
610151,1,1,1,645.8693611912106
610181,1,1,4,0.42645458358136
610182,1,1,6,732.7511463669113
610187,1,1,10,720.5558747407554
610195,1,1,8,645.3184519871365
610200,1,1,5,0.42645457969393247
610203,1,1,4,0.42645458358136
610216,0,1,0,0.11044651078227626
610246,1,1,1,753.5319318805399
610248,1,1,8,829.408662376762
610260,1,1,8,764.0671670926185
610277,1,1,8,429.76889941875874
610288,1,1,5,0.42645457969393247
610323,1,1,9,883.739153178105
610324,1,1,8,733.9726930639677
610326,1,1,3,90.08923727576271
610338,1,1,3,92.19727125255469
610339,1,1,6,594.6938798437226
610350,1,1,7,157.40656261634226
610371,1,1,4,0.42645458358136
610373,1,1,5,0.42645457969393247
610390,1,1,5,0.42645457969393247
610393,0,1,0,0.11495946203207183
610407,1,1,9,270.2044136218013
610419,1,1,8,535.2603727127602
610426,1,1,5,0.42645457969393247
610439,1,1,4,0.42645458358136
610453,1,1,6,342.6505672663967
610454,1,1,10,461.26312935170085
610460,1,1,5,0.42645457969393247
610472,1,1,9,328.125978740207
610478,1,1,3,63.09644759218203
610484,1,1,5,0.42645457969393247
610503,1,1,8,605.2440185010008
610513,1,1,3,91.93944417441207
610526,1,1,8,394.4561035681242
610530,1,1,6,500.7741133029451
610531,1,1,4,0.42645458358136
610535,1,1,4,0.42645458358136
610550,1,1,9,124.98808643283371
610559,1,1,10,150.95496564394142
610563,1,1,5,0.42645457969393247
610567,1,1,4,0.42645458358136
610572,1,1,9,600.0576025774252
610576,1,1,5,0.42645457969393247
610599,1,1,4,0.42645458358136
610612,1,1,5,0.42645457969393247
610614,1,1,6,448.64216446923155
610616,1,1,2,444.15272970004173
610631,1,1,10,398.0033301071569
610639,1,1,1,493.2937104122333
610650,1,1,8,733.0207962406791
610651,1,1,9,559.8388536623918
610655,1,1,6,665.6704607538713
610658,1,1,8,623.0540989786754
610660,1,1,10,166.0295608973612
610662,1,1,4,0.42645458358136
610665,1,1,8,719.4288410916025
610675,1,1,10,705.9074120889547
610677,1,1,7,121.98861083840299
610679,1,1,7,83.14851353301786
610692,1,1,10,210.04412701824074
610726,1,1,8,263.00581929817093
610734,1,1,9,221.98256771588967
610736,1,1,4,0.42645458358136
610737,1,1,4,0.42645458358136
610739,1,1,4,0.42645458358136
610743,1,1,9,841.1367445257239
610747,1,1,6,714.2242302262433
610755,1,1,10,197.02918069620165
610758,1,1,9,32.13438815277078
610759,1,1,1,582.9744239167752
610772,1,1,5,0.42645457969393247
610776,1,1,9,443.6313956489539
610780,1,1,9,430.7704243797247
610781,1,1,1,321.61855098596686
610786,1,1,4,0.42645458358136
610807,1,1,8,595.9462625491324
610815,1,1,6,287.1143189527693
610840,1,1,1,360.1713271276378
610845,1,1,1,628.4938686714951
610859,1,1,9,778.3560976366903
610949,1,1,7,84.73269393522821
610957,1,1,10,463.5614304156026
610986,1,1,8,490.04395792362754
610987,0,1,0,0.09673135137886138
610988,1,1,6,728.1888263208886
610995,1,1,8,469.2016659835414
610997,1,1,7,38.85617599685611
610999,1,1,9,822.65484093159
611021,0,1,0,0.12874860584167067
611025,1,1,8,870.3586300814469
611026,1,1,10,248.52407892616043
611043,1,1,8,658.3541957725784
611044,1,1,1,250.51112426897686
611067,1,1,10,545.9185466041639
611091,1,1,8,565.0647945494457
611097,1,1,1,542.0059743749098
611099,1,1,9,826.2754358620733
611104,1,1,4,0.42645458358136
611113,1,1,5,0.42645457969393247
611122,1,1,4,0.42645458358136
611125,1,1,6,212.88403916177296
611131,1,1,9,842.4915860636382
611154,1,1,9,627.370067504244
611174,1,1,9,782.3114830077425
611176,1,1,10,521.7271302395412
611186,1,1,3,93.72372120007654
611210,1,1,7,154.33118227243466
611238,1,1,10,221.77152007416078
611260,1,1,9,344.852049746563
611265,1,1,10,473.80100965471735
611278,1,1,2,298.0609855598639
611295,1,1,2,215.3910548373248
611297,1,1,3,90.15731846032826
611324,1,1,5,0.42645457969393247
611329,1,1,7,100.26047943561059
611338,1,1,4,0.42645458358136
611340,1,1,6,194.15061601590784
611351,1,1,5,0.42645456789925423
611356,1,1,10,466.10380042319196
611365,1,1,5,0.42645457969393247
611373,1,1,2,165.04583305663704
611378,1,1,1,563.9257038907901
611386,1,1,9,605.557605871183
611402,1,1,8,585.7904072006007
611429,1,1,7,142.08750105939222
611441,1,1,2,52.78344662760553
611442,1,1,5,0.42645457969393247
611451,1,1,9,408.133639006419
611453,1,1,9,621.8115467075294
611455,1,1,6,675.4033834649912
611465,1,1,9,445.08214555296956
611472,1,1,5,0.42645457969393247
611493,1,1,1,412.56813664148274
611495,1,1,3,79.81103765850867
611522,1,1,9,593.5058492960293
611523,1,1,10,257.08867216667977
611543,1,1,4,0.42645458358136
611547,1,1,6,740.6298490976177
611559,1,1,9,859.634111692029
611560,1,1,1,270.6015633614606
611565,1,1,7,99.19465839957473
611567,1,1,9,707.9626469502473
611568,1,1,1,272.8983402068767
611569,1,1,6,728.8085249061534
611575,1,1,6,588.2871827108615
611581,1,1,9,795.1240932605566
611591,1,1,6,255.53042964638843
611602,1,1,4,0.42645458358136
611608,1,1,9,576.3763954920033
611610,1,1,9,806.4018367240899
611619,1,1,6,273.05873210565983
611625,1,1,9,664.4335922864541
611626,1,1,5,0.42645457969393247
611638,1,1,1,405.103389363514
611654,1,1,9,892.6133169504825
611659,1,1,9,635.9682497604
611660,1,1,10,586.08742092863
611663,1,1,1,723.752390368305
611664,1,1,9,419.09646857477253
611671,1,1,2,215.31215643349285
611683,1,1,8,264.05527819372617
611684,1,1,8,388.340459396595
611702,1,1,1,438.4590831925287
611711,1,1,1,550.96691594326
611712,1,1,9,544.7028527813118
611720,1,1,9,295.93769965227756
611729,1,1,8,857.3801087920352
611734,1,1,9,348.0875214870773
611741,1,1,5,0.42645457969393247
611748,1,1,9,313.88373223199693
611759,1,1,1,599.0922305839108
611767,1,1,6,554.8237050613318
611784,1,1,9,741.5766717941294
611788,1,1,6,118.73534861708416
611811,1,1,6,436.9840747439531
611823,1,1,5,0.42645457969393247
611829,1,1,2,94.33922490582998
611831,1,1,10,676.730178857251
611834,1,1,8,410.9370140682351
611843,1,1,5,0.42645457969393247
611848,1,1,9,765.1226750775304
611884,1,1,4,0.4264545919581291
611886,1,1,5,0.42645457969393247
611893,1,1,1,552.2199141081007
611904,1,1,9,252.7997246816373
611906,1,1,10,603.7414161417273
611910,1,1,10,461.9657459843946
611925,1,1,5,0.42645457969393247
611934,1,1,9,233.66389921759458
611942,1,1,3,84.83952237807321
611953,1,1,10,457.198899151624
611979,1,1,4,0.42645458358136
611989,1,1,8,375.23367870682296
612004,1,1,9,527.4987172670042
612016,1,1,6,670.2760919033859
612019,1,1,1,174.87598671649243
612026,1,1,4,0.42645458358136
612029,1,1,8,523.310909265789
612052,1,1,9,792.0550330198189
612058,1,1,10,449.3317913321033
612063,1,1,2,478.40708216339175
612086,1,1,4,0.42645458358136
612096,1,1,7,159.0208036403177
612099,1,1,8,555.0405802942427
612100,1,1,4,0.42645458358136
612102,1,1,8,723.4979201216094
612104,1,1,6,305.7656010715926
612109,1,1,4,0.42645458358136
612117,1,1,8,589.4715927484549
612135,1,1,6,394.6204367772667
612144,1,1,5,0.42645457969393247
612145,1,1,4,0.42645458358136
612151,1,1,1,456.1864773394381
612179,1,1,9,884.01355335488
612216,1,1,2,485.0491109197111
612217,1,1,1,580.2375799603511
612219,1,1,2,228.61232941353532
612229,1,1,2,330.9951516769445
612234,1,1,10,720.9961507949818
612235,1,1,6,502.7726617478237
612253,1,1,1,294.7854577070826
612256,1,1,6,586.270892339574
612263,1,1,7,24.651980267030392
612264,1,1,8,464.72257033968754
612266,1,1,9,794.4303496053158
612281,1,1,6,679.0085992365961
612292,1,1,7,165.78906774625707
612316,1,1,1,723.9578888857916
612319,1,1,5,0.42645457969393247
612332,1,1,5,0.42645457969393247
612347,0,1,0,0.2416294915904366
612361,1,1,5,0.42645457969393247
612365,1,1,4,0.42645458358136
612395,1,1,8,747.0300020455451
612409,1,1,10,718.444847248546
612426,1,1,4,0.42645458358136
612432,1,1,8,650.7979379305176
612442,1,1,5,0.42645457969393247
612447,1,1,9,771.6269033882094
612454,1,1,9,573.1600425337825
612482,1,1,4,0.42645458358136
612496,1,1,8,271.8385139026747
612499,1,1,6,659.3052190572132
612514,1,1,1,163.24560224826658
612523,1,1,9,277.0153949059239
612537,1,1,9,757.9481254881754
612564,1,1,5,0.42645457969393247
612565,1,1,10,492.37617655093806
612579,1,1,10,471.3117610787727
612591,1,1,4,0.42645458358136
612603,1,1,9,514.0789948170751
612604,1,1,9,844.58283966195
612607,1,1,6,309.50767702805047
612619,1,1,10,441.33882533443443
612660,1,1,5,0.42645457969393247
612664,1,1,6,538.0335997658447
612668,1,1,6,537.1441574695548
612682,1,1,2,152.8026660644826
612684,1,1,4,0.42645458358136
612691,1,1,4,0.42645458358136
612692,1,1,10,670.7039826586586
612698,1,1,9,354.33856654967855
612706,1,1,9,685.6962298290697
612732,1,1,9,226.7760463142023
612735,1,1,5,0.42645457969393247
612750,1,1,8,491.8423864229718
612767,1,1,1,597.6303637313343
612778,1,1,10,402.26478772163273
612790,1,1,8,554.2178477169645
612798,1,1,9,449.4269612173105
612808,1,1,6,786.2665390088182
612812,1,1,9,761.306531603975
612846,1,1,10,708.5416558482643
612852,1,1,8,436.0907648624213
612855,1,1,5,0.42645457969393247
612877,1,1,5,0.42645457969393247
612884,1,1,6,486.3966518310639
612889,1,1,5,0.42645456789925423
612894,1,1,8,562.9007299868875
612933,1,1,3,91.64534652452454
612934,1,1,5,0.42645457969393247
612936,1,1,9,300.19994874838744
612937,1,1,3,49.12014911716437
612953,1,1,8,581.2068383218931
612956,1,1,7,158.79421994463618
612959,1,1,10,434.6961141433771
612960,1,1,5,0.42645457969393247
612962,1,1,2,379.055064545214
612964,1,1,3,91.81674008862902
612985,1,1,10,154.78631198907905
612989,1,1,4,0.42645458358136
613019,1,1,3,87.86339477889504
613023,1,1,4,0.42645458358136
613034,1,1,10,687.7362128782977
613040,1,1,7,151.67603187276987
613057,1,1,5,0.42645457969393247
613067,1,1,9,797.5329604881074
613070,1,1,4,0.42645458358136
613071,1,1,9,615.6167954249403
613110,1,1,10,324.00245408505623
613119,1,1,5,0.42645457969393247
613128,1,1,9,615.5462088337631
613130,1,1,9,318.7397148563642
613146,1,1,1,715.0142378959893
613152,1,1,5,0.42645457969393247
613162,1,1,10,289.4589748009815
613163,1,1,5,0.42645457969393247
613186,1,1,8,562.0388949728489
613189,1,1,9,529.1655022874056
613194,1,1,10,651.2198712118125
613195,1,1,5,0.42645457969393247
613212,1,1,5,0.42645457969393247
613233,1,1,9,590.4532958479116
613235,1,1,9,814.9564654544911
613239,1,1,6,426.4536032303536
613242,1,1,9,607.8202546023089
613244,1,1,8,302.32057143076554
613245,1,1,5,0.42645457969393247
613253,1,1,8,312.2077151157669
613264,1,1,8,695.4503406922377
613268,1,1,5,0.42645457969393247
613271,1,1,8,543.501189865498
613272,1,1,5,0.42645457969393247
613278,1,1,9,490.94361866303495
613279,1,1,8,781.5221337929296
613287,1,1,9,853.634933145279
613289,1,1,6,804.38699434321
613290,1,1,10,546.148970866478
613316,1,1,8,840.6419859443293
613317,1,1,8,711.0407182874355
613329,1,1,8,815.2719778998023
613334,1,1,8,392.12663241005606
613338,1,1,4,0.42645458358136
613349,1,1,3,40.45220720443328
613351,1,1,9,609.6510792794337
613369,1,1,4,0.42645458358136
613371,1,1,8,307.50649236870606
613383,1,1,3,90.27447668183832
613417,1,1,10,425.604995612711
613452,1,1,3,60.51280426435125
613461,1,1,5,0.42645456789925423
613478,1,1,7,157.24229297523888
613482,1,1,9,540.2236862636996
613483,1,1,1,730.6373005949949
613500,1,1,3,71.78809120653982
613501,1,1,9,754.8925017077715
613505,1,1,6,657.2644763823763
613510,1,1,10,575.1588215411932
613522,1,1,9,494.00810583516164
613547,1,1,6,326.1442496389014
613548,1,1,3,49.55021401487702
613552,1,1,10,722.0069013264726
613554,1,1,4,0.42645458358136
613566,1,1,6,781.3240684710571
613575,1,1,8,410.8000147218728
613591,1,1,7,85.42634616871521
613606,1,1,8,506.9755976435254
613614,1,1,9,419.646985285525
613626,1,1,8,501.25124276294804
613627,1,1,8,343.9493133809372
613638,1,1,1,734.3083833397369
613644,1,1,8,213.266107663382
613676,1,1,7,141.27500586141628
613686,1,1,10,407.52359478017894
613696,1,1,9,516.752015726995
613700,1,1,8,707.3451705775931
613711,1,1,1,737.8269939829635
613721,1,1,4,0.42645457969393247
613735,1,1,10,592.660413755001
613746,1,1,8,667.7258494542632
613753,1,1,9,614.1814970278087
613754,1,1,8,554.204219157772
613758,1,1,1,287.2545144090391
613764,1,1,10,589.1943858376136
613777,1,1,10,442.9037277577314
613779,1,1,10,275.8907129208593
613806,1,1,5,0.42645457969393247
613816,1,1,4,0.42645458358136
613818,1,1,3,61.04482305882692
613827,1,1,5,0.42645457969393247
613831,1,1,7,121.91560505481586
613833,1,1,9,180.82287887817859
613836,1,1,9,802.5543402484269
613842,1,1,4,0.42645458358136
613843,1,1,9,437.1063676554951
613844,1,1,8,588.9034098465556
613857,1,1,8,361.67216192716734
613866,1,1,6,390.4359918270242
613873,1,1,8,391.65852952193046
613911,1,1,4,0.42645458358136
613912,1,1,3,84.05117049512177
613929,1,1,5,0.42645457969393247
613939,1,1,5,0.42645457969393247
613950,1,1,10,547.4548936920796
613961,1,1,9,613.9849099572176
613963,1,1,8,224.6001551498662
613967,1,1,5,0.42645457969393247
613979,1,1,5,0.42645457969393247
613989,1,1,5,0.42645457969393247
613998,1,1,8,411.61491582949793
614002,1,1,9,180.65993232911026
614019,1,1,10,693.7041878052157
614032,1,1,5,0.42645457969393247
614033,1,1,9,838.4438515429644
614040,1,1,9,795.5288591994131
614042,1,1,6,451.8558012610774
614047,1,1,8,466.2834197975232
614054,1,1,5,0.42645457969393247
614083,1,1,5,0.42645457969393247
614094,1,1,6,257.5197801486967
614105,1,1,8,539.9906509059294
614120,1,1,3,84.80510242130212
614141,1,1,8,824.3921080577944
614151,1,1,9,784.7751224198646
614164,1,1,5,0.42645457969393247
614169,0,1,0,0.07272067680772763
614172,1,1,8,183.93182355952655
614179,1,1,1,607.52197663968
614207,1,1,9,665.4118908531184
614210,1,1,4,0.42645458358136
614230,1,1,10,377.5611543355181
614240,1,1,6,774.961095122261
614254,1,1,8,571.7871286446912
614262,1,1,9,747.2752164318929
614269,1,1,10,678.2216646055143
614293,1,1,6,744.9558463780147
614305,1,1,8,420.11909716539816
614306,1,1,10,176.32673465210948
614308,1,1,1,307.65511863180603
614321,1,1,10,423.76186877405473
614324,1,1,10,336.5721973291982
614325,1,1,3,54.50147750234277
614331,1,1,9,797.805333754499
614344,1,1,9,482.902988727868
614349,1,1,6,371.4687467013206
614352,1,1,5,0.42645457969393247
614358,1,1,6,298.5562512942772
614381,1,1,1,685.2796618738798
614390,1,1,3,76.99248148732258
614396,1,1,9,562.1329357093451
614402,1,1,8,278.6035178537307
614404,1,1,4,0.42645458358136
614421,1,1,8,689.1664583559698
614423,1,1,8,494.5006164787433
614455,1,1,8,686.7764889673815
614458,1,1,2,355.1407309002172
614506,1,1,9,98.52276781752025
614516,1,1,6,763.800810071735
614529,1,1,4,0.42645458358136
614533,1,1,6,327.5149205992354
614553,1,1,4,0.42645458358136
614572,1,1,8,800.0523636034409
614574,1,1,6,790.6521997086459
614588,1,1,10,385.5871757689124
614614,1,1,5,0.42645457969393247
614619,1,1,3,60.9327222894143
614622,1,1,9,734.4000873637339
614629,1,1,2,101.42707465761288
614638,1,1,6,363.32460947140453
614661,1,1,6,551.5616035384355
614663,1,1,8,278.61700727881987
614676,1,1,10,346.3172997518536
614679,1,1,10,720.6404610454218
614682,1,1,9,170.1926382587423
614690,1,1,5,0.42645457969393247
614699,1,1,4,0.42645458358136
614715,1,1,9,136.07681439563262
614718,1,1,1,670.1786666362958
614723,1,1,8,787.0713056570263
614730,1,1,6,790.9450452117636
614748,1,1,4,0.42645458358136
614752,1,1,6,690.76842653001
614776,1,1,5,0.42645457969393247
614796,1,1,9,161.9702562426989
614803,1,1,10,719.4049288138472
614810,1,1,8,618.4695503610988
614811,1,1,1,459.8138034327394
614814,1,1,8,639.3055154510167
614820,1,1,8,523.1942993776927
614827,1,1,8,344.9580653880325
614830,1,1,3,94.08181397575993
614833,1,1,8,490.13987475706466
614844,1,1,9,295.51123745785065
614849,1,1,7,156.62548721538062
614865,1,1,6,540.3540378960664
614870,1,1,9,593.9496396963278
614877,1,1,8,674.4957444356531
614882,1,1,10,242.8783185958945
614913,1,1,5,0.42645457969393247
614939,1,1,6,157.6146332863244
614953,1,1,9,33.47340578468163
614954,1,1,10,664.6469921351775
614965,1,1,1,560.0911373971621
614969,1,1,5,0.42645457969393247
614995,0,1,0,0.11563000954957695
615000,1,1,8,689.3607657055353
615016,1,1,5,0.42645457969393247
615022,1,1,9,547.5129925140108
615058,1,1,1,488.75155480361144
615073,1,1,3,80.77685679876701
615091,1,1,10,458.40412872179144
615114,1,1,2,406.12690746888353
615115,1,1,2,159.11944108430313
615127,1,1,9,569.3341708815936
615134,1,1,9,874.8054251306803
615143,1,1,5,0.42645457969393247
615158,1,1,4,0.42645458358136
615159,1,1,9,875.3384846690639
615201,1,1,8,463.00700483630374
615223,1,1,5,0.42645457969393247
615228,1,1,10,313.740964177863
615229,1,1,5,0.42645457969393247
615234,1,1,5,0.42645457969393247
615277,1,1,6,809.8385743672258
615280,1,1,9,576.6740063884442
615287,1,1,5,0.42645457969393247
615307,1,1,10,352.33529461704484
615316,1,1,5,0.42645457969393247
615320,1,1,10,546.715560724351
615333,1,1,1,505.0371414510105
615342,1,1,7,132.781984351207
615356,1,1,5,0.42645457969393247
615358,1,1,8,453.96124998835984
615359,1,1,8,440.6692943825514
615361,1,1,9,710.6400428372906
615372,1,1,6,713.6844880348601
615376,1,1,7,161.4595359194124
615378,1,1,1,220.89102562038659
615380,1,1,6,334.4063133274816
615381,1,1,2,163.21217420268903
615393,1,1,8,153.01046812633632
615396,1,1,8,184.89502618167185
615408,1,1,8,422.98310120248465
615411,1,1,8,636.1183609777971
615427,1,1,9,777.8823386129673
615440,1,1,4,0.42645458358136
615441,1,1,10,458.9344230537552
615459,1,1,5,0.42645457969393247
615469,1,1,10,284.7942651361675
615472,1,1,2,189.02419004870885
615485,1,1,10,549.6089281939969
615487,1,1,8,318.7937989728121
615493,1,1,4,0.42645458358136
615515,1,1,8,739.5591677528057
615522,1,1,9,554.4367437554455
615547,1,1,4,0.42645458358136
615548,1,1,9,709.5071912181712
615577,1,1,6,308.22665620038833
615582,1,1,10,372.19603536633855
615618,1,1,1,742.6024674929213
615629,1,1,8,684.6392028311526
615636,1,1,8,627.7688443794339
615647,1,1,5,0.42645457969393247
615658,1,1,7,159.4661145589091
615663,1,1,5,0.42645457969393247
615685,1,1,8,172.66135800835002
615691,1,1,8,535.0073439995543
615693,1,1,9,96.86254331760134
615696,1,1,6,684.4031640157382
615715,0,1,0,0.1660812401900619
615739,1,1,3,71.11401605597129
615758,1,1,9,820.162067922992
615762,1,1,4,0.42645458358136
615767,1,1,8,893.5202392066074
615776,1,1,7,89.88276421762305
615783,1,1,6,207.72014014488823
615810,1,1,6,426.79022888896554
615822,1,1,1,285.23470863125766
615834,1,1,9,199.8953051561372
615838,1,1,10,187.430558364662
615867,1,1,8,190.31271941269196
615872,1,1,3,52.502433027469756
615876,1,1,1,608.9540743072881
615877,1,1,8,670.6029326720882
615878,1,1,4,0.42645458358136
615881,1,1,7,131.64093280557228
615884,1,1,9,510.3875099528159
615888,1,1,3,87.22594826408245
615892,1,1,5,0.42645457969393247
615906,1,1,1,761.438120366078
615908,1,1,5,0.42645457969393247
615910,1,1,8,730.8282342058861
615920,1,1,5,0.42645457969393247
615921,1,1,6,787.0310970499
615926,1,1,5,0.42645457969393247
615949,1,1,8,585.7366335328423
615961,1,1,9,353.2277428326382
615967,1,1,9,463.81430810750936
615976,1,1,9,216.22192831374713
615981,1,1,1,352.039325545172
615990,1,1,5,0.42645457969393247
615991,1,1,8,419.30211705939786
616015,1,1,10,338.5967546141491
616025,1,1,4,0.42645458358136
616040,1,1,10,281.3022945147381
616071,1,1,7,168.91079412814506
616093,1,1,10,123.00469041484646
616108,1,1,8,547.2234244337089
616114,1,1,8,436.61465783162504
616119,1,1,2,228.34775678553711
616125,1,1,8,164.23465861687038
616126,1,1,4,0.42645458358136
616136,1,1,9,557.5965673121317
616139,1,1,5,0.42645457969393247
616144,1,1,1,486.49905896957233
616153,1,1,3,37.426399423312944
616183,1,1,8,650.7533680366737
616185,1,1,2,194.44110728718687
616229,1,1,8,715.3922803371969
616238,1,1,9,421.423692505441
616249,1,1,7,151.55985103148313
616257,1,1,6,558.0376343519612
616267,1,1,6,806.0882397894101
616272,1,1,10,418.2507629825338
616285,1,1,10,464.1244723661425
616288,1,1,8,576.7850477786341
616300,1,1,6,322.2538714723452
616325,1,1,6,586.5384126979814
616326,1,1,9,411.5460501930819
616332,1,1,9,313.32092524725965
616334,1,1,4,0.42645458358136
616349,1,1,6,501.5300095924232
616351,1,1,5,0.42645457969393247
616360,1,1,4,0.42645458358136
616362,1,1,6,458.26747302678405
616378,1,1,9,590.3221756163739
616380,1,1,5,0.42645457969393247
616383,1,1,9,774.5631017022245
616399,1,1,10,219.7542544611869
616408,1,1,5,0.42645456789925423
616414,1,1,6,752.0327347860797
616426,1,1,6,698.5648922594338
616428,1,1,9,711.6815458626638
616442,1,1,9,715.3869465909794
616458,1,1,8,503.0526628460985
616484,1,1,7,4.758520718488927
616488,1,1,3,92.44337905608955
616495,1,1,5,0.42645457969393247
616504,1,1,10,705.4106060113561
616523,1,1,8,562.6564715379134
616524,1,1,4,0.42645458358136
616529,1,1,2,304.8853888901895
616537,1,1,3,53.06596775964927
616554,1,1,2,394.83279411139995
616567,1,1,10,166.76837498873022
616580,1,1,3,90.62942772838034
616589,1,1,4,0.42645458358136
616599,1,1,1,237.60543958358275
616613,1,1,8,902.60269914553
616614,1,1,9,235.58906825804107
616623,1,1,4,0.42645458358136
616633,1,1,5,0.42645457969393247
616642,1,1,8,430.6756348645852
616656,1,1,10,536.1413088694151
616662,1,1,10,162.23856898898285
616670,1,1,7,78.30334065966005
616678,1,1,5,0.42645457969393247
616694,1,1,8,319.4849293969217
616706,1,1,3,85.9998767767994
616709,1,1,10,345.2899658670722
616721,1,1,9,607.8147442269752
616729,1,1,10,445.5120918663812
616747,1,1,5,0.42645457969393247
616758,1,1,2,439.1896025037091
616763,1,1,10,370.48805183816296
616768,0,1,0,0.07872407054747
616772,1,1,8,547.8320255250036
616814,1,1,6,749.2871788192859
616820,1,1,5,0.42645457969393247
616821,1,1,4,0.42645458358136
616833,1,1,8,501.3491245478566
616840,1,1,5,0.42645457969393247
616844,1,1,8,917.537743707356
616855,1,1,5,0.42645457969393247
616858,1,1,2,332.5379299219682
616866,1,1,9,890.282463513622
616867,1,1,6,543.5423797354025
616870,1,1,8,341.35633491251593
616871,1,1,8,903.1370487522263
616883,1,1,8,473.04376454516563
616903,1,1,4,0.42645458358136
616904,1,1,6,437.12465392908234
616917,1,1,4,0.42645458358136
616940,1,1,1,550.1200814010924
616949,1,1,10,259.86581643870056
616955,1,1,4,0.42645458358136
616963,1,1,6,371.8825182866995
616964,1,1,9,573.3407369960336
616977,1,1,9,890.5315890687733
616995,1,1,4,0.42645458358136
617000,1,1,9,610.1070306272721
617033,1,1,3,88.32687724032242
617037,1,1,7,83.67266062844172
617039,1,1,8,775.7228397699985
617047,1,1,2,340.7840790999926
617053,1,1,2,356.91879721700565
617058,1,1,6,505.19496926055393
617074,1,1,5,0.42645457969393247
617080,1,1,4,0.42645458358136
617082,1,1,4,0.42645458358136
617098,1,1,10,460.24804135747786
617115,1,1,2,291.8679400994593
617121,1,1,4,0.42645458358136
617138,1,1,8,612.9128450387188
617143,1,1,6,161.8160553125649
617152,1,1,5,0.42645457969393247
617161,1,1,3,76.38546808897435
617172,1,1,9,124.4863839075635
617174,1,1,5,0.42645457969393247
617178,1,1,10,177.21683202546257
617179,1,1,1,616.0951412572712
617192,1,1,1,523.5381896344302
617220,1,1,3,92.65717545391891
617222,1,1,10,260.4302023362047
617228,1,1,10,722.3038136207972
617241,1,1,8,565.2458061940957
617257,1,1,3,88.32802825754978
617268,1,1,6,807.6938635450828
617294,1,1,8,372.69265198061294
617299,1,1,9,870.6379778570418
617303,1,1,4,0.42645458358136
617323,1,1,10,650.9823894307829
617337,1,1,4,0.42645458358136
617342,1,1,2,106.65719075680005
617351,1,1,1,669.6062957000769
617352,1,1,10,459.8905393572466
617357,1,1,1,324.32454024055494
617358,1,1,6,508.222483667882
617360,1,1,9,488.24293576400646
617361,1,1,8,872.8097045860239
617375,1,1,9,862.6468275497336
617376,1,1,9,598.1583331447979
617377,1,1,8,437.6654979748615
617384,1,1,5,0.42645457969393247
617390,1,1,6,686.3859494573195
617394,1,1,5,0.42645457969393247
617407,1,1,1,742.6580489640185
617416,1,1,4,0.42645458358136
617434,1,1,8,697.1357266929333
617436,1,1,4,0.42645458358136
617453,1,1,8,661.7983602867804
617457,1,1,6,605.7917855551037
617483,1,1,6,745.0104307212971
617501,1,1,8,466.8289876885753
617514,1,1,10,463.7969620513275
617516,1,1,2,368.84419551191235
617537,1,1,8,738.4129094198983
617550,1,1,9,854.912446116886
617555,1,1,5,0.42645457969393247
617565,1,1,8,366.16833028025445
617575,1,1,8,486.6979756887414
617599,1,1,6,192.66093469329954
617606,1,1,5,0.42645457969393247
617609,1,1,1,557.6650529320506
617611,1,1,6,246.17781658284088
617640,1,1,8,931.7487618656247
617646,1,1,7,144.79049207119616
617653,1,1,4,0.4264545919581291
617654,1,1,4,0.42645458358136
617694,1,1,9,699.2858147711777
617704,1,1,9,656.202451776054
617710,1,1,4,0.42645458358136
617732,1,1,7,174.10059845623255
617739,1,1,5,0.42645457969393247
617743,1,1,5,0.42645457969393247
617744,1,1,9,711.748782383784
617745,1,1,6,462.443814410044
617776,1,1,8,494.5778978746393
617779,1,1,6,688.9131086528154
617780,1,1,10,281.77745886527805
617803,1,1,8,766.5821683890617
617807,1,1,8,687.0957074650057
617811,1,1,4,0.42645458358136
617815,0,1,0,0.12260641535200076
617818,1,1,1,212.15855934713562
617821,1,1,6,525.021692237749
617824,1,1,7,56.63061912783303
617849,1,1,9,519.2584477035675
617857,1,1,6,123.80023575065954
617858,1,1,10,400.165499841312
617874,1,1,8,304.8931763471849
617875,1,1,4,0.42645458358136
617877,1,1,6,711.1227555741464
617879,1,1,1,736.2531517739624
617891,1,1,9,556.2145592058491
617899,1,1,8,316.53127127530934
617909,1,1,9,372.8836420336668
617914,1,1,9,512.6810535711834
617916,1,1,6,244.61123966789532
617917,1,1,5,0.42645456789925423
617921,1,1,4,0.42645458358136
617935,1,1,10,584.0984101801981
617936,1,1,9,533.754082132795
617940,1,1,5,0.42645457969393247
617951,1,1,9,217.92709305537866
617973,1,1,9,254.97045873895647
617974,1,1,10,694.9576869393244
617987,1,1,1,754.5451117137305
617990,1,1,5,0.42645457969393247
617995,1,1,4,0.42645458358136
618010,1,1,9,223.5618009271803
618023,1,1,5,0.42645457969393247
618050,1,1,9,760.6738309034465
618058,1,1,1,596.2091731486088
618068,1,1,6,605.4746144125187
618102,1,1,1,719.6152048325526
618104,1,1,5,0.42645457969393247
618110,1,1,6,787.6862104984053
618117,1,1,1,650.3940371271575
618148,1,1,10,577.8585835797547
618152,1,1,1,173.02014700381412
618159,1,1,9,109.41510245925083
618173,1,1,4,0.42645458358136
618186,1,1,10,721.249886669719
618190,1,1,3,92.8614829430362
618191,1,1,7,66.00157981667932
618200,1,1,9,619.3235319566477
618203,1,1,9,648.2179533498013
618209,1,1,4,0.42645458358136
618234,1,1,4,0.42645458358136
618236,1,1,9,405.25506787022056
618237,1,1,1,712.5941534872263
618253,1,1,7,85.68879437454919
618257,1,1,9,365.6009062166334
618268,1,1,1,435.63528598338416
618276,1,1,6,783.1429155948468
618281,1,1,9,618.4292262826284
618297,1,1,8,228.72931559864864
618312,1,1,10,430.4712363548967
618342,1,1,5,0.42645457969393247
618348,1,1,8,613.0070389955182
618362,1,1,5,0.42645457969393247
618365,1,1,7,61.9010705940766
618385,1,1,3,80.3028428932238
618390,1,1,5,0.42645457969393247
618392,1,1,4,0.42645458358136
618398,1,1,2,489.1996038867837
618407,1,1,6,484.2793800051768
618434,1,1,8,264.6639520235478
618470,1,1,8,419.0405651062581
618489,1,1,6,606.7445339435575
618496,1,1,9,810.9697633188341
618513,1,1,6,459.12326058055106
618525,1,1,9,615.1125777358802
618547,1,1,4,0.42645458358136
618586,1,1,5,0.42645457969393247
618602,1,1,5,0.42645457969393247
618613,1,1,5,0.42645457969393247
618618,1,1,7,82.73971551583226
618619,1,1,7,55.938927765122536
618627,1,1,5,0.42645457969393247
618637,1,1,4,0.42645458358136
618640,1,1,4,0.4264545919581291
618654,1,1,9,161.6141891795696
618659,1,1,5,0.42645457969393247
618661,1,1,8,603.9241189302977
618677,1,1,9,156.00584602360132
618705,1,1,2,120.9043035346062
618714,1,1,4,0.42645458358136
618738,1,1,9,187.9192570148033
618748,1,1,5,0.42645457969393247
618749,1,1,10,244.23799675261893
618752,1,1,10,539.293265935929
618767,1,1,8,885.4418390388647
618787,1,1,3,84.03974634732282
618788,1,1,9,172.0657044239648
618800,1,1,10,434.3070758696521
618821,1,1,10,721.1643499753372
618833,1,1,3,48.920677945966695
618841,1,1,6,587.508121409753
618882,1,1,9,825.3728281792885
618892,1,1,9,816.2478187333514
618901,1,1,10,512.195101516424
618908,1,1,4,0.42645458358136
618924,1,1,6,634.6687913140071
618957,1,1,5,0.42645457969393247
618978,1,1,9,822.7709776266418
618987,1,1,10,318.7967668872004
618988,1,1,6,734.8338434627063
618997,1,1,8,589.9513862291382
619006,1,1,2,386.0265329208703
619037,1,1,10,450.98281103058247
619041,1,1,8,358.034051646435
619056,1,1,1,303.18598159985635
619069,1,1,4,0.4264545919581291
619075,1,1,8,195.93773306622353
619089,1,1,10,651.8748006170489
619098,1,1,1,616.0942677795351
619103,1,1,3,90.85962516484167
619125,1,1,2,267.56858573947176
619126,1,1,8,799.7591559142872
619132,1,1,10,449.05071742063313
619136,1,1,8,697.7932223402468
619153,1,1,8,784.4778255879952
619154,1,1,8,525.244030626266
619168,1,1,5,0.42645457969393247
619172,1,1,9,695.7703577667027
619173,1,1,8,769.2859042869477
619180,1,1,2,255.27530107225562
619191,1,1,9,533.4578006804447
619197,1,1,9,634.2903620827699
619199,1,1,9,297.79808532199974
619228,1,1,7,166.0602259225877
619230,1,1,4,0.42645458358136
619238,1,1,6,257.2036680094194
619239,1,1,5,0.42645457969393247
619250,1,1,1,322.5164880611117
619290,1,1,5,0.42645457969393247
619318,1,1,2,128.12569656933744
619321,1,1,9,888.8110737937941
619322,1,1,5,0.42645457969393247
619324,1,1,9,596.4928236731134
619365,1,1,8,188.1192267069821
619366,1,1,3,86.20505100294048
619371,1,1,9,501.08141509508835
619384,1,1,3,52.604413656896924
619387,1,1,6,514.3428316993893
619405,1,1,5,0.42645456789925423
619447,1,1,4,0.42645458358136
619470,1,1,5,0.42645457969393247
619473,1,1,8,641.8899015036754
619479,1,1,9,634.8424729042715
619487,1,1,3,91.13040294554109
619491,1,1,3,87.81268829018813
619497,1,1,8,465.20133882801963
619500,1,1,10,614.8564363208126
619512,1,1,6,746.712455344869
619518,1,1,1,447.03974901049577
619523,1,1,7,77.49663584445211
619546,1,1,1,656.0293140431386
619550,1,1,5,0.42645457969393247
619567,1,1,7,138.3653963424062
619570,1,1,8,625.8288391326992
619597,1,1,8,928.0364507878994
619598,1,1,8,697.2578683742233
619605,1,1,4,0.42645458358136
619607,1,1,2,454.17696471622827
619609,1,1,7,65.70317398814143
619610,1,1,7,80.54082861709774
619625,1,1,1,607.825266053331
619641,1,1,10,130.0505485625318
619645,1,1,1,756.8518001456663
619655,1,1,6,516.2165387776996
619657,1,1,6,643.1896262229988
619661,1,1,9,634.4823576073924
619667,1,1,5,0.42645457969393247
619671,1,1,6,556.3502241691245
619675,1,1,9,565.4317319421986
619740,1,1,5,0.42645456789925423
619771,1,1,4,0.4264545919581291
619792,1,1,6,594.9905611804039
619803,1,1,9,508.99780124714624
619807,1,1,4,0.42645458358136
619811,1,1,9,532.2329403522658
619815,1,1,10,550.5251657771585
619817,1,1,8,484.8369427671872
619823,1,1,9,173.67231032908145
619854,1,1,10,135.36953150450063
619867,1,1,8,284.5217644529494
619869,1,1,9,488.6803175246518
619877,1,1,6,496.21043361210207
619881,1,1,8,335.48580666812893
619888,1,1,6,740.8419488143861
619889,1,1,6,577.2677694402473
619899,1,1,9,771.6257508620491
619934,1,1,6,638.2085614911788
619942,1,1,9,787.3252812659197
619979,1,1,9,579.9987968888936
619983,1,1,8,356.9214759460311
619984,1,1,8,324.860480085833
620006,1,1,6,775.8131121178346
620023,1,1,9,665.6649431995199
620025,1,1,5,0.42645457969393247
620028,1,1,8,527.5359494945471
620031,1,1,9,500.0609857194633
620035,1,1,8,454.09968684700635
620045,1,1,6,322.4260470680763
620048,1,1,9,616.8439809970425
620053,1,1,10,547.2413187842059
620056,1,1,4,0.42645458358136
620077,1,1,7,81.97224788624744
620094,1,1,4,0.4264545919581291
620098,1,1,10,474.63495097487055
620111,1,1,8,525.8294161923111
620122,1,1,6,787.8094395998318
620128,1,1,5,0.42645457969393247
620132,1,1,5,0.42645457969393247
620175,1,1,5,0.42645457969393247
620218,1,1,9,837.1348827798075
620230,1,1,8,810.3901675607311
620231,1,1,9,430.9936834436125
620240,1,1,5,0.42645457969393247
620247,1,1,10,717.308100649236
620248,1,1,7,133.97512178437572
620249,1,1,8,790.451585334942
620253,1,1,9,416.44861940428416
620255,1,1,8,204.80363152106472
620256,1,1,5,0.42645457969393247
620283,1,1,6,432.56676550183926
620307,1,1,6,629.1450467813638
620335,1,1,5,0.42645457969393247
620337,1,1,9,580.2402731971123
620347,1,1,6,399.7739270231485
620354,1,1,9,212.63391496817354
620361,1,1,7,119.9420293796351
620364,1,1,8,538.4098060520755
620375,1,1,2,150.44767900702246
620380,1,1,9,798.6157393072807
620387,1,1,8,467.7973509674001
620389,1,1,8,853.6369606016013
620391,1,1,9,877.1100257991723
620397,1,1,6,437.6466797800631
620398,1,1,8,852.3034301379338
620435,1,1,4,0.4264545919581291
620448,1,1,3,43.92458540239383
620452,1,1,4,0.42645458358136
620459,1,1,4,0.42645458358136
620465,1,1,9,481.8723511865982
620466,1,1,9,558.441202562296
620467,1,1,6,462.69306086695184
620469,1,1,10,197.72525869528312
620472,1,1,7,168.65844548527252
620493,1,1,5,0.42645457969393247
620494,1,1,9,574.5094943474436
620500,1,1,9,671.127727465551
620505,1,1,7,59.886002685789265
620515,1,1,8,772.1961400165812
620523,1,1,8,833.3068107382181
620535,1,1,9,727.9285934859446
620578,1,1,5,0.42645457969393247
620605,1,1,1,409.88326341996714
620612,1,1,7,138.25618326480608
620618,1,1,8,235.2573826863036
620622,1,1,6,681.0288184800746
620631,1,1,3,62.285534472143446
620637,1,1,5,0.42645457969393247
620680,1,1,4,0.42645458358136
620681,1,1,10,353.8949750162849
620702,1,1,10,253.03571755544567
620705,1,1,8,444.4641781528117
620706,1,1,10,720.4392030616223
620707,1,1,4,0.42645458358136
620750,1,1,4,0.42645458358136
620751,1,1,8,185.46606201110245
620801,1,1,5,0.42645456789925423
620803,1,1,9,583.4904817994094
620804,1,1,4,0.42645458358136
620821,1,1,1,696.4190525890406
620831,1,1,3,80.25496929729889
620835,1,1,10,695.5681135612978
620859,1,1,6,501.6774274919037
620862,1,1,4,0.42645458358136
620887,1,1,10,567.2172150472918
620906,1,1,4,0.42645458358136
620921,1,1,5,0.42645457969393247
620925,1,1,6,562.5867326273601
620926,1,1,8,384.92505522778504
620948,1,1,9,752.8136061776911
620958,1,1,10,216.1446586990221
620959,1,1,10,508.65623070025634
620975,1,1,9,527.8227237490216
620989,1,1,3,55.8853475594814
620995,1,1,5,0.42645457969393247
620998,1,1,9,448.67983752225206
621003,1,1,4,0.42645458358136
621017,1,1,9,862.2392551518152
621021,1,1,10,264.91720631256766
621036,1,1,5,0.42645457969393247
621056,1,1,8,563.1455822955828
621077,1,1,10,656.6172083686037
621086,1,1,9,722.3324914696004
621102,1,1,9,144.75411449378325
621112,1,1,9,380.60672060063763
621114,1,1,6,786.2168282333803
621146,1,1,10,218.6551203188935
621167,1,1,7,114.75975084214114
621170,1,1,10,559.3046540332504
621175,1,1,1,233.3865685497592
621185,1,1,9,356.39578368994154
621196,1,1,8,435.7166166730735
621218,1,1,9,707.0346662864756
621238,1,1,1,523.4496527407164
621241,1,1,5,0.42645457969393247
621244,1,1,10,365.75747803645356
621249,1,1,9,440.057398225264
621255,1,1,5,0.42645457969393247
621272,1,1,2,251.28691695546297
621274,1,1,6,474.6294788326297
621276,1,1,1,676.849223384944
621287,1,1,6,321.45669333900287
621305,1,1,4,0.42645458358136
621324,1,1,4,0.42645458358136
621326,1,1,10,330.1879550141083
621336,1,1,9,822.8277013500694
621339,1,1,6,232.33053651488473
621352,1,1,4,0.42645458358136
621353,1,1,9,253.45851032686295
621361,1,1,6,518.3449573696984
621371,1,1,7,171.11743947634702
621387,1,1,1,411.0270547444334
621398,1,1,1,582.6492837556018
621401,1,1,5,0.42645457969393247
621406,1,1,4,0.42645458358136
621412,1,1,9,327.1900615139405
621426,1,1,8,592.7674502763329
621428,1,1,1,380.4432489110291
621429,1,1,9,509.8454672227381
621443,1,1,5,0.42645457969393247
621453,1,1,1,500.10066691209994
621458,1,1,2,334.7542673377101
621490,1,1,7,134.1766434446653
621492,1,1,1,660.8350397008247
621494,1,1,10,177.82558335885815
621498,1,1,8,484.2108779004108
621521,1,1,10,248.03786173124863
621533,1,1,6,422.60791218506245
621541,1,1,6,531.0549119583528
621552,1,1,10,437.3926342509685
621554,1,1,6,196.2830825260853
621555,1,1,10,721.001375124157
621559,1,1,9,58.35669508847834
621611,1,1,9,830.0728190206474
621626,1,1,10,517.1555560307318
621632,1,1,9,843.0198090368722
621637,1,1,3,90.40205131959968
621649,1,1,3,91.03250433550895
621652,1,1,6,476.8713050841426
621679,1,1,4,0.42645458358136
621688,1,1,8,201.19007275882103
621698,1,1,2,357.2524184887932
621705,1,1,1,254.89473991324448
621711,1,1,10,301.728227368748
621717,1,1,9,635.473014364075
621728,1,1,9,425.61108886038244
621740,1,1,6,232.40107490468668
621746,1,1,4,0.42645458358136
621756,1,1,4,0.42645458358136
621776,1,1,10,717.0179272922403
621784,1,1,9,638.2532253951365
621806,1,1,10,416.54007394048864
621808,1,1,10,459.5735547510274
621828,1,1,8,233.36493757646144
621832,1,1,8,871.1317233936335
621845,1,1,8,656.5765952143158
621856,1,1,9,35.0341106813435
621871,1,1,8,167.64562591648243
621879,1,1,9,591.7853514990886
621884,1,1,4,0.42645458358136
621887,1,1,9,135.36717158166186
621916,1,1,8,343.9383907757185
621918,1,1,8,567.8589347558132
621958,1,1,9,787.8408153179626
621963,1,1,9,459.97992504570055
621967,1,1,2,363.63702856381747
621987,1,1,9,353.4538874465175
621989,1,1,8,498.89589973824565
622024,1,1,3,90.12732818988411
622026,1,1,5,0.42645457969393247
622030,1,1,8,942.5817607022174
622045,1,1,1,396.6660662962761
622058,1,1,9,823.1001559220081
622059,1,1,6,179.57465124324742
622078,1,1,8,512.2601020961832
622104,1,1,6,523.4831217529313
622109,1,1,10,167.18788316041145
622114,0,1,0,0.13173636592634708
622121,1,1,4,0.42645458358136
622122,1,1,5,0.42645457969393247
622137,1,1,6,108.9811201243417
622153,1,1,8,707.9238617044235
622158,0,1,0,0.11684978746784261
622184,1,1,8,388.73138783552207
622185,1,1,7,79.39389190574565
622197,1,1,7,75.01619702688251
622198,1,1,6,406.01621605580925
622200,1,1,1,227.7684626831957
622213,1,1,6,275.7551564681886
622220,1,1,6,734.1788195727337
622224,1,1,1,483.78808207440755
622226,1,1,10,281.8116269252025
622253,1,1,6,556.0441925984625
622263,1,1,7,174.18955637355143
622280,1,1,8,605.3767508152017
622284,1,1,9,583.1839494908422
622307,1,1,4,0.42645458358136
622324,1,1,9,829.7855127361856
622329,1,1,5,0.42645457969393247
622356,1,1,8,754.4029503907851
622358,1,1,6,669.4005814251462
622361,1,1,9,750.8324913830722
622376,1,1,9,574.364063938067
622379,1,1,2,339.25825457823083
622381,1,1,8,767.4194118683463
622387,1,1,4,0.42645458358136
622397,1,1,7,143.96495738339723
622403,1,1,6,574.5619278859614
622418,1,1,5,0.42645457969393247
622425,1,1,5,0.42645457969393247
622463,1,1,4,0.42645458358136
622483,1,1,10,652.9473321005843
622492,1,1,5,0.42645457969393247
622501,1,1,9,292.8287215813
622511,1,1,6,393.1162805740567
622513,1,1,2,377.78457989407474
622530,1,1,4,0.4264545919581291
622550,1,1,5,0.42645456789925423
622570,1,1,6,659.3751132780692
622574,1,1,1,404.9928899775713
622589,1,1,10,617.3674910166061
622607,1,1,6,345.16257513169353
622610,1,1,5,0.42645457969393247
622622,1,1,8,341.7444446756721
622626,1,1,5,0.42645457969393247
622635,1,1,6,361.99906148322714
622636,1,1,3,44.870808754869486
622640,1,1,5,0.42645457969393247
622642,1,1,5,0.42645457969393247
622655,1,1,8,385.37573450455625
622658,1,1,7,78.85755984987797
622667,1,1,4,0.42645458358136
622669,1,1,9,762.4692109064599
622677,1,1,5,0.42645457969393247
622680,1,1,6,241.8300722667441
622686,1,1,6,448.074114038851
622688,1,1,9,593.3499730500448
622706,1,1,10,272.8331051125714
622721,1,1,10,716.7568620736807
622725,1,1,5,0.42645457969393247
622729,1,1,9,420.6788959359635
622731,1,1,6,747.6515432408913
622756,1,1,6,556.6438424597001
622774,1,1,10,586.2086574353567
622775,1,1,5,0.42645457969393247
622797,1,1,6,761.7829511473428
622798,1,1,9,22.76564259102504
622811,1,1,5,0.42645457969393247
622814,1,1,6,556.5482378711428
622826,1,1,8,545.1558468459307
622852,1,1,5,0.42645457969393247
622857,1,1,5,0.42645457969393247
622889,1,1,9,416.6654633983004
622890,1,1,4,0.42645458358136
622892,1,1,4,0.42645458358136
622916,1,1,9,205.7056065703273
622922,1,1,4,0.42645458358136
622927,1,1,8,626.1330523156377
622928,1,1,8,577.6763440360808
622939,1,1,5,0.42645457969393247
622946,1,1,9,532.696907097629
622952,1,1,10,721.8784035478972
622953,1,1,8,896.8473498770884
622959,1,1,9,119.27347929139304
622962,0,1,0,0.12375294502135256
622966,1,1,10,401.7432524830301
622967,1,1,10,400.6616894789577
622984,1,1,5,0.42645457969393247
622986,1,1,9,545.9809757975825
622991,1,1,8,355.86265578703615
623010,1,1,9,295.32315491878575
623011,1,1,8,780.230882785427
623019,1,1,4,0.42645458358136
623035,1,1,8,427.2212415271664
623047,1,1,4,0.42645458358136
623054,1,1,4,0.42645458358136
623061,1,1,4,0.42645458358136
623074,1,1,5,0.42645457969393247
623077,1,1,10,389.0270507639767
623078,1,1,10,720.0393369382057
623086,1,1,4,0.4264545919581291
623100,1,1,6,720.9532165838274
623105,1,1,6,787.4937586152753
623106,1,1,5,0.42645457969393247
623112,0,1,0,0.12108302428442749
623126,1,1,3,88.66402424948272
623135,1,1,3,80.48281738176577
623149,1,1,6,341.03107495972074
623150,1,1,7,80.46720265144877
623151,1,1,2,393.5751686973509
623158,1,1,6,445.59042681281306
623165,1,1,8,868.346463273086
623183,1,1,5,0.42645457969393247
623184,1,1,5,0.42645457969393247
623198,1,1,1,520.4959799128266
623200,1,1,5,0.42645457969393247
623203,1,1,6,447.19092841337834
623205,1,1,6,139.308914418706
623206,0,1,0,0.129391503603987
623211,1,1,4,0.42645458358136
623223,1,1,6,542.4991751122378
623225,1,1,6,606.716993609462
623232,1,1,10,446.289904792651
623260,1,1,10,416.02269093413736
623279,1,1,5,0.42645457969393247
623291,1,1,9,574.8818392814832
623297,1,1,5,0.42645457969393247
623307,1,1,7,122.86879048776207
623325,1,1,10,674.3160432558554
623329,1,1,9,715.1682078027948
623336,1,1,9,570.1097244255388
623341,1,1,1,741.042502960876
623344,1,1,8,555.8312007983252
623348,1,1,9,884.1445761325356
623361,1,1,10,709.5171813946824
623363,0,1,0,0.1070774576231239
623372,1,1,9,505.5542294594902
623396,1,1,9,876.6323570892051
623399,1,1,6,779.2504481086836
623404,1,1,8,868.2647719259406
623410,1,1,5,0.42645457969393247
623414,1,1,10,284.7355082997792
623422,1,1,4,0.42645458358136
623423,1,1,10,717.3040665801959
623424,1,1,5,0.42645457969393247
623433,1,1,8,829.4142081426919
623444,1,1,5,0.42645457969393247
623459,1,1,9,617.1529849830378
623479,1,1,8,566.6336560945961
623486,1,1,4,0.42645458358136
623487,1,1,4,0.42645458358136
623488,1,1,8,697.2214122777939
623491,1,1,10,650.393414873713
623493,1,1,4,0.42645458358136
623510,1,1,6,713.5090350675948
623512,1,1,9,881.4373501819575
623523,1,1,4,0.42645458358136
623530,1,1,1,608.591430957187
623535,1,1,2,440.1447931696197
623548,1,1,8,451.48581788029696
623552,1,1,7,153.1386242087742
623556,0,1,0,0.16436315242899485
623561,1,1,4,0.42645458358136
623566,1,1,6,472.14796129150983
623573,1,1,4,0.4264545919581291
623584,1,1,5,0.42645456789925423
623610,1,1,10,122.91097472265211
623638,1,1,6,496.9464040999537
623678,1,1,10,108.61206495411176
623681,1,1,4,0.42645458358136
623685,1,1,6,784.7587221559263
623713,1,1,8,430.4571577142329
623742,1,1,9,399.3670871975719
623751,1,1,9,823.6034878250725
623754,1,1,9,390.8532613981787
623764,1,1,1,181.93248895582883
623767,1,1,6,731.0527769907479
623814,1,1,5,0.42645457969393247
623815,1,1,10,675.7577973842627
623840,1,1,9,386.5545280807451
623853,1,1,8,477.67503883218365
623858,1,1,4,0.42645458358136
623873,1,1,6,573.6154707269742
623893,1,1,6,164.63256600381033
623894,1,1,8,314.29373950726625
623918,1,1,10,175.21282808933753
623934,1,1,10,460.75333340828917
623935,1,1,5,0.42645457969393247
623950,1,1,8,835.0093691721241
623955,1,1,5,0.42645457969393247
623968,1,1,5,0.42645457969393247
623974,1,1,9,587.937778763484
623984,1,1,10,459.3454916979296
623994,1,1,2,453.0015762623094
623997,1,1,3,92.24533776109925
624001,1,1,5,0.42645457969393247
624002,1,1,6,789.6288461145381
624012,1,1,8,728.3972674718713
624019,1,1,1,163.12860869470222
624022,1,1,8,557.1943349041817
624027,1,1,9,616.701489427589
624029,1,1,6,501.3382099453616
624046,1,1,3,37.11291182487847
624050,1,1,6,297.4263132915178
624057,1,1,6,806.3279027863101
624058,1,1,10,657.1454974308666
624061,1,1,5,0.42645457969393247
624071,1,1,1,734.2800158252134
624079,1,1,9,872.9804642012128
624081,1,1,1,436.1134605296537
624085,1,1,4,0.42645458358136
624088,1,1,9,61.05043843513365
624091,1,1,5,0.42645457969393247
624103,1,1,1,408.526752929944
624119,1,1,4,0.42645458358136
624126,1,1,6,547.0199556971156
624135,1,1,8,706.4256866675213
624157,1,1,2,401.0607462489033
624161,1,1,9,170.32905750579107
624165,1,1,10,718.6926845239993
624184,1,1,6,447.8575082733982
624201,1,1,1,307.27743547072276
624215,1,1,5,0.42645457969393247
624219,1,1,10,200.2330734460029
624255,1,1,4,0.42645458358136
624260,1,1,8,523.2927493297176
624263,1,1,4,0.42645458358136
624276,1,1,4,0.42645458358136
624280,0,1,0,0.11445470505891883
624288,1,1,6,257.7862416915468
624291,1,1,4,0.42645458358136
624293,1,1,5,0.42645457969393247
624303,1,1,6,542.413520249954
624306,1,1,10,711.4544536587553
624310,1,1,5,0.42645457969393247
624314,1,1,7,100.18083900118988
624317,1,1,6,575.3574697716887
624332,1,1,7,75.45393146189186
624376,1,1,6,556.7636127910077
624388,1,1,3,82.77138960985786
624390,1,1,9,883.7053139245728
624395,1,1,10,449.4812695976717
624404,1,1,10,703.0005588301417
624413,1,1,3,92.6388239493676
624431,1,1,9,446.8692334817173
624433,1,1,4,0.42645458358136
624442,1,1,8,746.1252297247141
624447,1,1,7,87.29963253731997
624455,1,1,5,0.42645457969393247
624468,1,1,7,142.6054700680721
624470,1,1,9,759.5057908208189
624472,1,1,1,370.86925933131454
624484,1,1,8,351.5459405505802
624492,1,1,4,0.42645458358136
624495,1,1,4,0.42645458358136
624507,1,1,4,0.42645458358136
624509,1,1,10,347.06010818262604
624513,1,1,6,681.835759150821
624517,1,1,7,50.88890993967004
624524,1,1,8,450.1792435193495
624534,1,1,4,0.4264545919581291
624550,1,1,2,401.83498678547124
624566,1,1,4,0.42645458358136
624579,1,1,10,179.94323516668186
624580,1,1,5,0.42645457969393247
624586,1,1,9,552.600547916126
624598,1,1,4,0.42645458358136
624605,1,1,4,0.42645458358136
624606,1,1,4,0.42645458358136
624624,1,1,2,255.9723399993116
624634,1,1,8,319.6363322247963
624637,1,1,9,229.61021550288854
624651,1,1,7,82.87902701852187
624660,1,1,2,350.60405549286827
624661,1,1,9,586.5723464359769
624665,1,1,5,0.42645457969393247
624676,1,1,5,0.42645457969393247
624677,1,1,6,451.86749953197466
624707,1,1,8,837.637773853542
624723,1,1,4,0.42645458358136
624734,1,1,6,415.1897370127224
624748,1,1,9,448.70573062185883
624749,1,1,10,446.36256992544696
624763,1,1,7,136.92898433451904
624774,1,1,10,248.11249790807508
624784,1,1,6,718.1276442218638
624785,1,1,7,142.34116293521234
624800,1,1,1,284.5921801870172
624819,1,1,7,30.932009175516743
624823,1,1,5,0.42645457969393247
624862,1,1,8,827.0122824686821
624874,1,1,8,721.817724415053
624885,1,1,2,454.2417625172769
624899,1,1,1,742.2302234451371
624902,1,1,6,798.4297628977639
624910,1,1,5,0.42645457969393247
624911,1,1,9,463.52268636656675
624929,1,1,8,808.5743697810857
624937,1,1,4,0.42645458358136
624943,1,1,10,533.4637282738262
624967,1,1,4,0.42645458358136
624978,1,1,1,682.286946614526
624985,1,1,2,330.2746610890222
624991,1,1,6,481.0735892430229
625004,1,1,6,401.07502123103416
625011,1,1,10,587.3685368069221
625026,1,1,9,712.8167910724137
625042,1,1,8,196.95390195880924
625051,1,1,8,256.41541180769747
625057,1,1,5,0.42645457969393247
625075,1,1,7,117.24541382691773
625082,1,1,9,695.8287974672018
625092,1,1,1,715.3580952214531
625101,1,1,10,242.64952983587028
625110,1,1,10,706.3809802092081
625114,1,1,5,0.42645457969393247
625115,1,1,5,0.42645457969393247
625131,1,1,2,276.77927041328604
625148,1,1,3,83.49281598597672
625157,1,1,1,342.9976505713402
625164,1,1,10,417.53640899740196
625172,1,1,5,0.42645457969393247
625180,1,1,10,523.7553387193597
625182,1,1,2,226.04127286130608
625183,1,1,8,623.7777899395611
625191,1,1,5,0.42645456789925423
625206,1,1,6,749.0305910251253
625218,1,1,4,0.42645458358136
625236,1,1,10,600.5126853737065
625251,1,1,6,485.1632455163375
625259,1,1,4,0.42645458358136
625274,1,1,6,292.35469802403657
625279,1,1,9,851.2993697216945
625287,1,1,5,0.42645457969393247
625293,1,1,4,0.42645458358136
625300,1,1,1,383.93427487443694
625302,1,1,8,219.37581294687394
625306,1,1,5,0.42645457969393247
625314,1,1,5,0.42645457969393247
625318,1,1,5,0.42645457969393247
625324,1,1,1,567.8524459442438
625332,1,1,5,0.42645457969393247
625338,1,1,8,757.2858628548668
625340,1,1,5,0.42645457969393247
625345,1,1,8,666.510168188116
625353,1,1,4,0.42645458358136
625361,1,1,9,673.9231645439302
625367,1,1,4,0.42645458358136
625383,1,1,8,472.33041378422456
625398,1,1,7,171.25800211699448
625399,1,1,9,565.3138258440921
625402,1,1,2,390.3543114823101
625418,1,1,9,778.388406329367
625421,1,1,3,37.73236208118619
625427,1,1,9,553.6218583633636
625454,1,1,10,212.3505318131241
625485,1,1,9,473.50472053432526
625498,1,1,8,387.8266086228865
625520,1,1,10,720.1071513424126
625521,1,1,1,539.7614574554211
625527,1,1,10,299.00740506476353
625531,1,1,8,767.386951742236
625532,1,1,4,0.42645458358136
625534,1,1,8,569.7931734007341
625544,1,1,9,566.0455676063104
625568,1,1,10,117.77972140201096
625578,1,1,5,0.42645457969393247
625582,1,1,6,226.44331892653466
625583,1,1,7,169.3264966516907
625591,1,1,6,223.8585953045944
625596,0,1,0,0.12178739979403043
625616,1,1,6,356.36855331515596
625627,1,1,9,892.4414256038857
625628,1,1,9,449.62724914925604
625630,1,1,1,411.87386388150804
625644,1,1,2,251.807046636625
625647,1,1,9,771.97940044548
625663,1,1,10,495.9348845093346
625683,1,1,9,835.6465889954391
625698,1,1,9,414.39169943229115
625740,1,1,9,591.9409193736601
625750,1,1,4,0.42645458358136
625759,1,1,6,366.9552245432188
625760,1,1,8,733.5598090505491
625762,1,1,9,555.9490462263379
625805,1,1,8,498.4931450849956
625808,1,1,3,82.67242177459023
625829,1,1,9,545.7775627676398
625835,1,1,6,498.4688783251595
625837,1,1,1,361.04102042054114
625846,1,1,8,441.99490939495433
625861,1,1,2,378.93973281812436
625884,1,1,6,732.8539412012867
625885,1,1,10,487.9831388643392
625903,0,1,0,0.11006188255363526
625924,1,1,1,389.8456872031262
625946,1,1,5,0.42645457969393247
625947,1,1,6,606.4910619098368
625969,1,1,7,140.51830724284585
625981,1,1,8,237.45013509708158
625996,1,1,8,522.3911115278163
626001,1,1,5,0.42645457969393247
626005,1,1,10,407.6692555586533
626028,1,1,7,23.34029806511281
626033,1,1,1,428.4051940549133
626043,1,1,2,78.43733152059416
626045,1,1,6,652.4028443976453
626108,1,1,8,925.4767644860782
626112,1,1,10,720.6721083702828
626127,1,1,4,0.42645458358136
626145,1,1,8,781.36635223391
626164,1,1,8,385.29241481057875
626188,1,1,4,0.42645458358136
626207,1,1,10,722.422824548854
626208,1,1,9,622.0331922616956
626212,1,1,9,775.9992709553484
626213,1,1,10,698.5049174052426
626214,1,1,8,717.2216036756249
626218,1,1,7,163.8956445164191
626222,1,1,5,0.42645457969393247
626233,1,1,6,509.7825139914462
626236,1,1,2,350.52385904347835
626239,1,1,4,0.42645458358136
626266,1,1,10,717.2598224713965
626270,1,1,4,0.42645458358136
626272,1,1,10,156.42310653037575
626308,1,1,8,811.3910023677714
626313,1,1,9,108.76581095130555
626320,1,1,1,628.390531555056
626333,1,1,5,0.42645457969393247
626339,1,1,6,538.7378526212884
626352,1,1,4,0.42645458358136
626363,1,1,8,894.1714098131907
626384,1,1,9,700.6147906921273
626410,1,1,4,0.42645458358136
626431,1,1,9,879.3140283061775
626432,1,1,5,0.42645457969393247
626433,1,1,7,45.54521221305912
626440,1,1,10,524.3840325720743
626450,1,1,9,769.6257638709136
626459,1,1,9,257.3672782875452
626463,0,1,0,0.12631844562518538
626475,1,1,8,641.5031447957015
626483,1,1,5,0.42645457969393247
626499,1,1,5,0.42645457969393247
626505,1,1,7,88.08787891614845
626510,1,1,9,543.7842420351188
626520,1,1,2,449.02018344737553
626550,1,1,1,441.20249227027665
626566,1,1,8,537.3018025143307
626573,1,1,4,0.42645458358136
626576,1,1,8,761.6672298091111
626589,1,1,8,562.4819179065269
626601,1,1,2,331.34268202384436
626612,1,1,10,321.32762601499326
626638,1,1,6,194.10253807670918
626666,1,1,7,153.42774423349937
626668,0,1,0,0.12056329408865514
626676,1,1,1,653.1442507305768
626677,1,1,10,503.3169435280924
626701,1,1,6,730.635766006875
626714,1,1,7,128.9709552601039
626730,1,1,6,612.6633673522815
626734,1,1,9,727.1068173101017
626746,1,1,9,405.4689228561038
626766,1,1,8,471.6240555081327
626769,1,1,2,242.92806920159816
626776,1,1,9,625.6329102064749
626784,1,1,1,228.61917388198208
626789,1,1,6,541.3254562729448
626798,1,1,10,459.9324863036686
626802,1,1,10,596.7255304988478
626812,1,1,4,0.42645458358136
626823,1,1,8,302.45209812915925
626825,1,1,10,365.20762687835116
626840,1,1,1,350.69886403185177
626847,1,1,5,0.42645457969393247
626877,1,1,6,793.9452125551568
626887,1,1,1,376.28499699185227
626912,1,1,9,137.87103301160883
626914,1,1,1,714.3982999884603
626917,1,1,4,0.42645458358136
626920,1,1,10,198.4038223068255
626929,1,1,4,0.42645458358136
626947,1,1,2,355.95232984823804
626952,1,1,6,409.0106441172066
626978,1,1,8,930.172277762683
626996,1,1,6,356.1297104012623
626998,1,1,5,0.42645457969393247
627010,1,1,10,516.6007151768226
627018,1,1,6,460.48083670247854
627024,1,1,4,0.42645458358136
627025,1,1,3,89.90324977473621
627029,1,1,8,596.6644884360238
627034,1,1,5,0.42645457969393247
627047,1,1,5,0.42645457969393247
627057,1,1,8,780.6981492919206
627079,1,1,5,0.42645457969393247
627088,1,1,9,252.61188061846738
627107,1,1,8,691.6470736083395
627112,1,1,8,612.9740809605858
627129,1,1,9,813.9740684441338
627140,1,1,2,275.1434167276411
627142,1,1,9,227.34311519124142
627145,1,1,9,536.3020666053479
627147,1,1,5,0.42645457969393247
627178,1,1,8,693.1943334677593
627179,1,1,6,595.3841082305902
627187,1,1,10,468.2780219554653
627188,1,1,4,0.42645458358136
627191,1,1,3,89.88738261976032
627204,1,1,4,0.42645458358136
627216,1,1,9,581.5061876812015
627218,1,1,6,777.3647208691459
627222,1,1,1,570.5700624948937
627227,1,1,5,0.42645457969393247
627236,1,1,8,865.7468680069686
627237,1,1,3,82.18125618978877
627240,1,1,6,714.2436640387679
627242,1,1,10,189.7149932922915
627250,1,1,9,809.8997071607307
627263,1,1,6,268.2092536689122
627293,1,1,5,0.42645457969393247
627294,1,1,10,419.53052679753597
627312,1,1,3,92.28103333073497
627326,1,1,8,688.6914574266469
627327,1,1,10,603.7398572310442
627331,1,1,6,426.94125435180257
627347,1,1,9,471.64461489514935
627358,1,1,8,430.97873526850225
627372,1,1,5,0.42645457969393247
627378,1,1,4,0.42645458358136
627379,1,1,6,750.8686852628672
627381,1,1,8,830.0080660604091
627384,1,1,4,0.42645458358136
627391,1,1,10,415.1033025627267
627394,1,1,6,534.7369802982106
627407,1,1,4,0.42645458358136
627408,1,1,1,540.3665980619306
627414,1,1,8,709.684188537317
627416,1,1,1,468.7602997404629
627424,1,1,7,73.3225373571358
627425,1,1,5,0.42645457969393247
627443,1,1,8,289.61248637519776
627449,1,1,6,675.672586658041
627457,1,1,6,620.335918677689
627470,1,1,1,693.7332049344757
627479,1,1,5,0.42645457969393247
627497,1,1,6,360.9963782323416
627500,1,1,9,746.8399678525593
627505,1,1,9,542.8970149278788
627506,1,1,6,753.6054641037155
627515,1,1,10,170.55806310911942
627523,1,1,9,144.55434955914345
627531,1,1,9,748.2156771763475
627549,1,1,9,658.5662395843343
627564,1,1,9,646.0819179206975
627567,1,1,9,538.7097196717674
627574,1,1,9,470.9982917086642
627577,1,1,7,89.98542717901532
627579,1,1,3,90.01898653709527
627585,1,1,6,720.8358459461632
627587,1,1,10,485.8152751858142
627588,1,1,6,225.29090952962108
627633,1,1,5,0.42645457969393247
627635,1,1,7,68.59254275358175
627640,1,1,10,671.413960922777
627650,1,1,8,900.0668362909366
627652,1,1,4,0.42645458358136
627675,1,1,1,609.9725903400508
627684,1,1,6,627.4930767629112
627716,1,1,8,628.2038119474735
627719,1,1,5,0.42645457969393247
627724,1,1,6,464.1693052996533
627728,1,1,1,309.55455309292614
627737,1,1,2,481.3558256373327
627740,1,1,3,91.10707905888421
627776,1,1,1,570.8164001644673
627792,1,1,9,449.87994289462813
627794,1,1,5,0.42645457969393247
627807,1,1,10,720.3771877775634
627811,1,1,8,853.4875185424936
627856,1,1,6,804.0758538267584
627889,1,1,8,689.58704328641
627897,1,1,9,703.4333333482653
627901,1,1,4,0.42645458358136
627903,1,1,8,304.5315144575342
627904,1,1,8,535.7768426897429
627911,1,1,9,557.3875091042221
627921,1,1,8,444.5176415981997
627932,0,1,0,0.13509200232865728
627948,1,1,9,836.2251503749021
627957,1,1,4,0.42645458358136
627984,1,1,5,0.42645457969393247
627985,1,1,7,164.6645395822959
628011,1,1,4,0.42645458358136
628012,1,1,2,232.94032352391636
628013,1,1,5,0.42645457969393247
628038,1,1,5,0.42645457969393247
628043,1,1,5,0.42645457969393247
628065,1,1,5,0.42645457969393247
628069,1,1,7,79.07773736098207
628072,1,1,9,826.1356105250804
628095,1,1,10,696.9886868854695
628103,1,1,4,0.42645458358136
628107,1,1,4,0.42645458358136
628112,1,1,3,90.95092424070224
628118,1,1,8,141.1145729733366
628120,1,1,4,0.42645458358136
628125,1,1,8,518.439617858266
628153,1,1,10,643.4690550753465
628156,1,1,10,575.4262544018023
628170,1,1,3,70.90219505264724
628178,1,1,6,795.9292066156695
628182,1,1,7,59.39282776646063
628206,1,1,8,280.1977795868424
628209,1,1,10,400.4189882775472
628213,1,1,6,732.7271901885487
628215,1,1,9,845.367881604566
628217,1,1,9,867.0788928649174
628223,0,1,0,0.24077151056585497
628238,1,1,6,499.2440124378234
628239,1,1,10,505.63229590311977
628241,1,1,8,702.193209236288
628262,1,1,4,0.42645458358136
628288,1,1,5,0.42645457969393247
628289,1,1,6,481.13907395990526
628292,1,1,10,678.5279824973246
628311,1,1,9,159.9421543227448
628326,1,1,4,0.42645458358136
628330,1,1,8,485.2743998692102
628359,1,1,4,0.42645458358136
628360,1,1,10,360.0268765176272
628376,1,1,6,779.5503766266053
628404,1,1,5,0.42645457969393247
628412,1,1,4,0.42645458358136
628431,1,1,4,0.42645458358136
628454,1,1,5,0.42645457969393247
628458,1,1,7,167.83033656249162
628470,1,1,10,428.9641870007585
628486,1,1,6,286.52095469534714
628502,1,1,6,336.3507760323943
628509,1,1,10,488.7697183368685
628529,1,1,1,550.9046881234186
628540,1,1,9,550.978573571926
628543,1,1,6,757.6318425332928
628545,1,1,1,604.7058248113773
628549,1,1,4,0.42645458358136
628553,1,1,6,298.09693636852035
628557,1,1,1,361.66010250826037
628562,1,1,4,0.42645458358136
628572,1,1,4,0.42645458358136
628574,1,1,4,0.42645458358136
628583,1,1,1,576.7682044101017
628585,1,1,4,0.42645458358136
628589,1,1,9,665.2475738057208
628612,1,1,9,29.197308276833965
628613,1,1,8,891.1615041273161
628614,1,1,6,431.23581450017986
628620,1,1,4,0.42645458358136
628623,1,1,8,710.5212388559855
628625,1,1,8,352.1491584158347
628637,1,1,10,259.5275979858859
628642,1,1,6,559.5997035969689
628644,1,1,5,0.42645457969393247
628648,1,1,5,0.42645457969393247
628651,1,1,8,555.7812989408494
628682,1,1,9,735.4819091807111
628691,1,1,6,706.352386976213
628694,1,1,9,356.9515467595468
628705,1,1,8,467.67218475111196
628714,1,1,10,460.28107322479366
628721,1,1,6,543.3721233104889
628723,1,1,8,595.3221991018451
628738,1,1,9,591.8471554566055
628740,1,1,10,443.2229126523004
628742,1,1,7,172.5082515072176
628743,1,1,10,394.08855494357647
628744,1,1,10,388.8222535175885
628764,1,1,1,419.1289508671626
628767,1,1,9,573.2672792302666
628787,1,1,6,464.4278830865662
628795,1,1,10,663.4140047341964
628800,1,1,8,553.3522921665436
628809,1,1,5,0.42645457969393247
628816,1,1,5,0.42645457969393247
628820,1,1,7,171.04451011257217
628821,1,1,1,240.26411983694925
628826,1,1,5,0.42645457969393247
628828,1,1,5,0.42645457969393247
628832,1,1,1,669.1193205396604
628837,1,1,1,304.1762708275516
628857,1,1,7,140.1553494597923
628875,1,1,4,0.42645458358136
628880,1,1,9,530.0432846685275
628884,1,1,8,670.9155694521762
628907,1,1,8,621.0172782742329
628924,1,1,9,80.28573076038843
628928,1,1,7,121.84181262337334
628940,1,1,7,41.35453088658362
628944,1,1,3,90.69226358068116
628953,1,1,5,0.42645457969393247
628963,1,1,8,478.64773749045844
628965,1,1,9,878.6118441931502
628974,1,1,9,822.0678877679801
629012,1,1,1,216.1845200668068
629015,1,1,9,396.9562261989288
629023,1,1,4,0.42645458358136
629029,1,1,8,278.89804614508074
629049,1,1,8,303.66803354201005
629054,1,1,5,0.42645457969393247
629064,1,1,9,188.61277115787266
629070,1,1,6,174.2266398841155
629075,1,1,8,914.167583349502
629082,1,1,9,472.10807936524816
629088,1,1,2,446.4400836008418
629089,1,1,7,166.43993287080983
629091,1,1,9,621.4881589728235
629102,1,1,1,224.72658922864784
629105,1,1,7,50.65921979311611
629121,1,1,6,667.7758629276268
629146,1,1,10,720.4745447681883
629168,1,1,2,226.61500705885794
629178,1,1,8,863.9356861215082
629181,1,1,2,488.8053073260799
629183,1,1,4,0.42645458358136
629185,1,1,5,0.42645457969393247
629207,1,1,8,679.6864733169535
629223,1,1,2,223.5269269262932
629231,1,1,1,489.1766258171555
629236,1,1,9,856.3724972515645
629243,1,1,5,0.42645457969393247
629260,1,1,8,629.1729064544463
629271,1,1,4,0.42645458358136
629273,0,1,0,0.17444630139688952
629287,1,1,5,0.42645457969393247
629308,1,1,8,704.6320750936434
629314,1,1,6,236.96706985191125
629316,1,1,9,356.1855083026177
629322,0,1,0,0.11113581023738224
629346,1,1,5,0.42645456789925423
629351,1,1,9,877.9461250887335
629353,1,1,4,0.42645458358136
629358,1,1,5,0.42645457969393247
629367,1,1,10,720.4876610806652
629378,1,1,2,217.3656054321247
629385,1,1,7,110.84733856116388
629389,1,1,5,0.42645457969393247
629397,1,1,6,345.21464008294055
629416,1,1,5,0.42645457969393247
629425,1,1,10,459.3075396309391
629431,1,1,7,171.20141492943876
629445,1,1,1,740.5644427564458
629453,1,1,5,0.42645457969393247
629487,1,1,4,0.42645458358136
629488,1,1,4,0.42645458358136
629497,1,1,2,142.50670217570212
629499,1,1,5,0.42645457969393247
629503,1,1,8,624.7582270336702
629526,1,1,9,688.0627951199556
629581,1,1,6,783.0918098774487
629583,1,1,6,562.6860235347112
629600,1,1,1,664.5242041882452
629617,1,1,4,0.42645458358136
629618,1,1,5,0.42645457969393247
629634,1,1,4,0.42645458358136
629645,1,1,10,561.3980359498086
629658,1,1,9,119.00625141045602
629674,1,1,10,559.3143585141821
629680,1,1,7,154.7754373832754
629687,1,1,9,303.4895635280318
629690,1,1,6,721.5575434986729
629702,1,1,4,0.4264545919581291
629705,1,1,6,469.8096904713771
629707,1,1,10,272.37523025479675
629713,1,1,5,0.42645457969393247
629719,1,1,8,590.1056489175949
629720,1,1,8,430.23329316274624
629729,1,1,10,630.3886256276319
629732,1,1,9,481.9394640324721
629735,1,1,4,0.42645458358136
629749,1,1,8,445.3788698574152
629757,1,1,3,71.4487539091687
629761,1,1,4,0.42645458358136
629773,0,1,0,0.10702857951263972
629780,1,1,8,584.2367348174121
629781,1,1,6,778.2522463338738
629782,1,1,2,364.77839437317766
629805,1,1,1,727.3567706171842
629806,1,1,9,162.95250809843753
629815,1,1,7,99.98991678250577
629816,1,1,9,875.4500744396948
629832,1,1,10,694.5529638875033
629842,1,1,2,466.4105589259971
629844,1,1,8,669.5680226965964
629898,1,1,6,346.58902724503935
629944,1,1,1,336.5901304111669
629969,1,1,6,619.7550081282192
629971,1,1,10,705.6221784443883
629976,1,1,10,144.57683976245255
629988,1,1,4,0.42645458358136
629997,1,1,6,464.1777321929184
629999,1,1,8,452.73476011554817
630001,1,1,1,219.4249366179351
630024,1,1,7,164.9880142073094
630025,1,1,4,0.4264545919581291
630042,1,1,5,0.42645457969393247
630056,1,1,9,455.93577138279437
630059,1,1,10,669.4373156027691
630080,1,1,5,0.42645457969393247
630091,1,1,4,0.42645458358136
630092,1,1,10,669.1475729738825
630094,1,1,7,170.9241267887185
630100,1,1,5,0.42645457969393247
630103,1,1,4,0.42645458358136
630141,1,1,6,783.9781540279731
630145,1,1,8,948.5816014040112
630153,1,1,7,166.39072626598548
630154,1,1,6,779.0727986868067
630157,1,1,8,382.28305331541566
630178,1,1,9,868.6719566666422
630186,1,1,9,684.3544962219138
630197,1,1,6,556.9640980618725
630208,1,1,8,434.0622562484963
630210,1,1,6,182.75537632479325
630221,1,1,9,658.849692892162
630232,1,1,2,150.13224803246274
630240,1,1,8,874.5676853993251
630241,1,1,5,0.42645457969393247
630252,1,1,6,210.07429760023123
630267,1,1,4,0.42645458358136
630272,1,1,2,469.0966311520652
630283,1,1,5,0.42645457969393247
630298,1,1,9,743.0090564246847
630326,1,1,5,0.42645457969393247
630329,1,1,1,614.4593037181439
630340,1,1,8,538.6082698879986
630341,1,1,4,0.4264545919581291
630353,1,1,6,498.16846102421374
630365,1,1,1,363.6077340471641
630370,1,1,7,75.78187562255047
630392,1,1,10,462.65904605155646
630396,1,1,4,0.42645458358136
630415,1,1,4,0.42645458358136
630420,1,1,8,258.8585712229871
630425,1,1,4,0.42645458358136
630439,1,1,9,416.8475694429491
630446,1,1,4,0.42645458358136
630449,1,1,2,289.41296123453697
630451,1,1,5,0.42645457969393247
630452,1,1,6,779.2038233714155
630459,1,1,4,0.42645458358136
630470,1,1,9,516.9025396830921
630480,1,1,9,392.82621974077466
630505,1,1,9,755.9710961146374
630506,1,1,6,524.5136603376061
630508,1,1,10,682.5319751807835
630513,1,1,1,314.47372310397174
630534,1,1,2,309.96048517400413
630536,1,1,4,0.42645458358136
630537,1,1,4,0.42645458358136
630538,1,1,5,0.42645457969393247
630545,1,1,9,409.42659007014976
630546,1,1,5,0.42645457969393247
630567,1,1,1,711.1748588820783
630579,1,1,6,516.3264541333596
630587,1,1,3,87.01040774095144
630588,1,1,1,357.1022237442343
630592,1,1,10,470.34241530178537
630596,1,1,1,609.8026506944951
630599,1,1,5,0.42645457969393247
630600,1,1,6,318.7217270402208
630604,1,1,3,39.922002441709715
630618,1,1,8,268.854246890268
630623,1,1,6,446.2285510825265
630643,1,1,4,0.42645458358136
630656,1,1,1,307.14295237962085
630696,1,1,10,441.6792222593461
630702,1,1,3,91.11013503634709
630703,1,1,10,528.4004246997912
630711,1,1,8,554.4727342068758
630714,1,1,6,783.6371164848939
630716,1,1,5,0.42645457969393247
630721,1,1,5,0.42645457969393247
630740,1,1,5,0.42645457969393247
630748,1,1,6,648.5886342734794
630768,1,1,4,0.42645458358136
630771,1,1,3,73.90493335634848
630775,1,1,4,0.42645458358136
630804,1,1,7,82.9791276810126
630826,1,1,5,0.42645457969393247
630828,1,1,8,741.1455107111293
630831,1,1,6,735.3646559787833
630845,1,1,5,0.42645457969393247
630851,1,1,10,507.5177574517912
630866,1,1,3,52.79875027903141
630879,1,1,5,0.42645457969393247
630904,1,1,9,685.7516726265688
630908,1,1,10,720.9516510617201
630909,1,1,1,276.00936664691284
630919,1,1,8,915.0296568861894
630923,1,1,9,557.0604484599338
630935,1,1,4,0.42645458358136
630937,1,1,9,760.2415742286446
630946,1,1,9,586.8831586545671
630964,1,1,8,462.0579673169278
630976,1,1,5,0.42645457969393247
631013,1,1,9,693.5261294012352
631031,1,1,4,0.42645458358136
631032,1,1,3,89.36208026830941
631049,1,1,8,614.6136849770285
631074,1,1,10,333.4784211070481
631077,1,1,4,0.42645458358136
631079,1,1,9,871.2871333426668
631090,1,1,2,388.09821280083304
631094,1,1,8,660.7199841355928
631103,1,1,10,150.96391106962085
631109,1,1,10,498.92090812633796
631116,1,1,8,829.5844475718036
631124,1,1,10,655.1300645442006
631132,1,1,5,0.42645457969393247
631140,1,1,9,58.43822020224488
631142,1,1,4,0.42645458358136
631147,1,1,9,711.8085731028709
631154,1,1,8,180.82126751010722
631162,1,1,10,445.05869213088505
631165,1,1,6,346.94972896224436
631172,1,1,8,751.4350418833559
631188,1,1,9,659.9677196962034
631190,1,1,4,0.42645458358136
631198,1,1,9,450.48738465723727
631199,1,1,6,265.997349700363
631203,1,1,8,236.41270279254934
631231,1,1,4,0.4264545919581291
631235,1,1,7,95.57923277132606
631240,1,1,8,402.5730205105576
631260,1,1,8,878.4620762318426
631270,1,1,8,572.16719086402
631292,1,1,9,663.6891855903555
631294,1,1,2,439.3733043720224
631298,1,1,6,721.4613619934375
631300,1,1,9,520.1185765295206
631305,1,1,9,607.5410101717016
631307,1,1,4,0.42645458358136
631315,1,1,9,471.3347193202826
631325,1,1,4,0.42645458358136
631326,1,1,4,0.42645458358136
631330,1,1,7,100.54321229143515
631337,1,1,9,575.9191504987821
631348,1,1,8,204.5484222626017
631350,1,1,5,0.42645457969393247
631360,1,1,9,500.7914591692401
631361,1,1,9,503.00305615213483
631363,1,1,3,56.1283409002137
631369,1,1,4,0.42645458358136
631371,1,1,7,8.15487427792348
631377,1,1,10,582.6559359072801
631396,1,1,8,781.3801998583141
631397,1,1,9,508.32685060283836
631403,1,1,6,747.2621566515583
631404,1,1,9,322.47896718828264
631406,1,1,1,419.6435249357166
631410,1,1,10,459.9803874942848
631425,1,1,2,409.7078262431152
631427,1,1,9,210.85704987469745
631435,1,1,7,88.22804499474347
631439,1,1,9,481.4199286090424
631440,1,1,9,543.251146311966
631442,0,1,0,0.24155737056308443
631449,1,1,4,0.42645458358136
631452,1,1,4,0.42645458358136
631462,1,1,3,68.45348444575653
631470,1,1,9,865.5446459787346
631478,1,1,4,0.42645458358136
631489,1,1,5,0.42645457969393247
631491,1,1,6,702.7331918231405
631497,1,1,7,163.63902032224897
631505,1,1,5,0.42645457969393247
631507,1,1,8,606.3458842272842
631538,1,1,5,0.42645457969393247
631544,1,1,6,787.4287111881778
631557,1,1,8,829.4595549177194
631578,1,1,5,0.42645457969393247
631581,1,1,9,723.3651867238863
631586,1,1,8,371.64021581445456
631617,1,1,10,202.14946428032496
631618,1,1,4,0.42645458358136
631638,1,1,10,694.5777402760923
631651,1,1,5,0.42645457969393247
631654,1,1,6,372.9747974490296
631656,1,1,3,75.74807811253275
631658,1,1,10,469.7449251240884
631659,1,1,9,379.72371876333693
631663,1,1,10,720.6085352793217
631676,1,1,2,300.6064435143102
631692,1,1,5,0.42645457969393247
631717,1,1,9,437.14026647056284
631743,1,1,7,7.132708333551134
631745,1,1,8,690.5521698636421
631760,1,1,3,35.747477804069334
631767,1,1,9,350.9414248645721
631786,1,1,5,0.42645457969393247
631790,1,1,4,0.42645458358136
631808,1,1,9,890.7173900630914
631818,1,1,10,391.5472466169587
631843,1,1,10,716.0453949599398
631850,1,1,8,320.7075351876624
631893,1,1,10,705.5075863656126
631902,1,1,8,569.6526639030054
631911,1,1,5,0.42645457969393247
631912,1,1,9,591.5404779755067
631925,1,1,10,694.6056465041642
631952,1,1,1,598.8366258654524
631957,1,1,1,651.0064681281971
631975,1,1,7,165.5381280475353
631981,0,1,0,0.09242208918364579
631995,1,1,6,721.5540565683999
631998,1,1,10,434.16146566480353
632004,1,1,4,0.42645458358136
632021,1,1,8,603.0008677675095
632034,1,1,8,440.81124051798395
632046,1,1,6,419.0788351322506
632054,1,1,4,0.42645458358136
632056,1,1,9,362.03919485017616
632063,1,1,8,452.5429815353269
632065,1,1,9,609.5964988823836
632076,1,1,3,90.47201399939676
632094,0,1,0,0.12540643261418005
632098,1,1,7,32.10932266926318
632099,1,1,9,567.7746982772666
632110,1,1,7,12.542792173592842
632111,1,1,2,480.15106727933204
632136,1,1,7,149.4145609831179
632165,1,1,4,0.42645458358136
632203,1,1,5,0.42645457969393247
632215,1,1,6,746.5602728040758
632216,1,1,6,268.51500290735163
632218,1,1,9,551.8622213955326
632226,1,1,4,0.42645458358136
632232,1,1,10,468.19507988750036
632271,1,1,9,35.61485110349032
632291,1,1,4,0.42645458358136
632296,1,1,9,891.1698755106893
632312,1,1,5,0.42645457969393247
632321,1,1,8,530.5656008605464
632343,1,1,1,697.5641493697319
632350,1,1,8,730.6232687127406
632352,1,1,5,0.42645457969393247
632359,1,1,9,52.01163771473826
632364,1,1,6,400.09113981932217
632372,1,1,9,456.7674975161597
632375,1,1,6,322.33900487794665
632380,1,1,9,561.3531591700341
632386,1,1,6,253.29109787924997
632407,1,1,4,0.42645458358136
632417,1,1,9,39.927253013720794
632437,1,1,4,0.42645458358136
632438,1,1,6,807.1618486250231
632467,1,1,8,595.6264924485484
632502,1,1,4,0.42645458358136
632505,1,1,10,463.1640427019616
632534,1,1,9,801.963037512679
632535,1,1,5,0.42645457969393247
632575,1,1,9,836.7165108848026
632576,1,1,8,571.3447562623098
632586,1,1,6,509.65272285358446
632599,1,1,6,362.9396537210858
632648,1,1,10,577.6163184442414
632651,1,1,5,0.42645457969393247
632661,1,1,8,781.5250513706355
632673,1,1,2,182.0839718839659
632678,1,1,6,355.71332876099154
632691,1,1,8,241.29249509821855
632696,1,1,1,604.241120240092
632699,1,1,6,277.4374448481566
632705,1,1,9,456.6219695719449
632711,1,1,10,460.31867184251803
632716,1,1,4,0.42645458358136
632721,1,1,3,71.93517007055833
632724,1,1,9,566.2591671664327
632725,1,1,8,0.40527652795065783
632726,1,1,9,592.3844161705224
632733,1,1,6,167.51803556844285
632746,1,1,8,535.0093179855023
632748,1,1,9,876.8798729114752
632768,1,1,4,0.42645458358136
632769,1,1,4,0.42645458358136
632775,1,1,4,0.42645458358136
632776,1,1,8,136.55479570457408
632777,1,1,6,429.01240091485766
632785,1,1,4,0.42645458358136
632786,1,1,5,0.42645457969393247
632788,1,1,9,881.5678672452918
632798,1,1,6,554.5138499220897
632802,1,1,8,527.5604097169369
632815,1,1,5,0.42645457969393247
632819,1,1,5,0.42645457969393247
632820,1,1,6,618.2550902267695
632824,1,1,8,528.2156325054602
632830,1,1,1,458.49266298022593
632834,1,1,5,0.42645457969393247
632836,1,1,2,257.51368310281504
632841,1,1,9,134.7759996793742
632856,1,1,6,672.7271844998145
632861,1,1,8,534.866887445841
632864,1,1,10,697.2279964815106
632865,1,1,6,792.3217514419812
632867,1,1,1,420.5222810517246
632869,1,1,7,126.05719838545275
632884,1,1,5,0.42645457969393247
632900,1,1,4,0.42645458358136
632903,1,1,6,278.47778606166725
632905,1,1,4,0.42645458358136
632908,1,1,7,100.83247748942257
632919,1,1,10,201.95726916335514
632925,1,1,4,0.42645458358136
632926,1,1,7,76.69756712092038
632948,1,1,3,84.06521126141021
632956,1,1,6,494.44155687622003
632958,1,1,5,0.42645457969393247
632968,1,1,10,712.1499183162415
632988,1,1,1,316.6833974880778
632993,1,1,9,836.2587652753916
633016,1,1,9,245.12305575339943
633031,1,1,9,209.08172361565798
633035,1,1,10,370.69428003933416
633052,1,1,6,401.7305236948299
633058,1,1,6,540.400211705854
633082,1,1,5,0.42645457969393247
633092,1,1,9,817.6621692811059
633105,1,1,9,587.9122029088854
633109,1,1,6,258.59943773506876
633110,1,1,4,0.42645458358136
633127,1,1,10,591.5498022427114
633138,1,1,10,126.78551226067233
633139,1,1,5,0.42645457969393247
633158,1,1,6,591.6723963541925
633162,1,1,6,777.9559547580229
633163,1,1,5,0.42645457969393247
633168,1,1,5,0.42645457969393247
633169,1,1,6,639.9606539822523
633184,1,1,7,42.431761113577245
633194,1,1,1,222.88946581316162
633199,1,1,9,171.35197472055785
633203,1,1,4,0.42645458358136
633220,1,1,8,214.40837488214203
633223,1,1,6,791.4899054290138
633227,1,1,9,465.4884555264414
633234,1,1,6,746.6557887687989
633239,1,1,8,462.4321098957991
633241,1,1,9,178.84588894339439
633256,1,1,6,263.52118449529223
633267,1,1,9,879.8868082481731
633271,1,1,6,621.8985083301294
633306,1,1,4,0.42645458358136
633316,1,1,4,0.42645458358136
633319,1,1,4,0.4264545919581291
633352,1,1,6,638.4154879652465
633355,1,1,6,242.24829621193072
633363,1,1,9,153.58784303338086
633395,1,1,8,181.40020244180275
633422,1,1,9,828.8975732280504
633438,1,1,6,730.9359142869063
633447,1,1,9,204.07116273655646
633448,1,1,1,157.01493749939758
633458,1,1,9,295.32255407690906
633459,1,1,10,583.9521408690192
633469,1,1,4,0.42645458358136
633472,1,1,9,810.0847892829744
633481,1,1,9,836.3652476833801
633482,1,1,10,316.63427882234504
633488,1,1,8,660.0150431814562
633494,1,1,8,547.3102197556052
633525,1,1,4,0.42645458358136
633528,1,1,6,396.4105294302605
633537,1,1,2,226.01847565898422
633543,1,1,7,170.80517377945077
633559,1,1,10,626.4924765472732
633561,1,1,10,718.4151413627516
633569,1,1,8,578.6167347930303
633577,0,1,0,0.11176906045289678
633586,1,1,4,0.42645458358136
633592,1,1,10,222.25646187910772
633594,1,1,9,885.2925835782096
633623,1,1,4,0.42645458358136
633641,1,1,10,257.6228199787975
633646,1,1,4,0.42645458358136
633664,1,1,3,92.14036108356584
633665,1,1,7,149.30405607991895
633666,1,1,3,60.976835931877545
633668,1,1,10,721.4396052932723
633687,1,1,5,0.42645457969393247
633688,1,1,6,667.7791595004024
633710,1,1,4,0.42645458358136
633711,1,1,2,467.9822505008103
633714,1,1,1,507.2893098478664
633716,1,1,6,555.3873386970521
633733,1,1,8,885.9110298615092
633736,1,1,4,0.42645458358136
633741,1,1,3,48.08977185143866
633744,1,1,8,792.9000503719694
633762,1,1,10,632.9153608170806
633771,1,1,8,900.7100051951358
633791,1,1,10,387.6945997216843
633836,1,1,7,61.85750742226201
633838,1,1,5,0.42645457969393247
633871,1,1,6,111.59759569683196
633882,1,1,4,0.42645458358136
633885,1,1,1,598.2001477535779
633911,1,1,9,297.334327581894
633914,1,1,10,94.6804097415017
633919,1,1,6,529.3127973702865
633920,1,1,9,423.6145334838572
633931,1,1,10,300.6817109344855
633937,1,1,1,435.3558770745695
633939,1,1,4,0.42645458358136
633940,1,1,9,50.14130872919856
633957,1,1,10,663.5060810538589
633970,1,1,5,0.42645457969393247
633973,1,1,6,680.3150153021111
633988,1,1,1,357.54740999981897
633989,1,1,10,459.3018798017777
633997,1,1,4,0.42645458358136
633999,1,1,10,397.82148331384906
634005,1,1,1,682.794883118415
634014,1,1,9,604.8727107207552
634015,1,1,10,413.217775372248
634033,1,1,8,163.67874938243432
634050,1,1,9,151.83191353742885
634053,1,1,7,78.24945862927568
634060,1,1,10,719.7336151744126
634066,1,1,10,232.04334239547345
634070,1,1,8,730.3102758055013
634077,1,1,6,812.1970306854522
634079,1,1,5,0.42645457969393247
634089,1,1,1,695.8795861502903
634100,1,1,9,449.6338951977528
634107,1,1,5,0.42645457969393247
634110,1,1,10,501.1766516462455
634126,1,1,6,453.82197372225585
634128,1,1,4,0.42645458358136
634130,1,1,10,280.1600603574753
634132,1,1,9,576.093209466447
634136,1,1,9,599.3951135821055
634152,1,1,5,0.42645457969393247
634160,1,1,6,157.77895555072482
634166,1,1,4,0.42645458358136
634170,1,1,10,406.95414276016686
634172,1,1,4,0.42645458358136
634181,1,1,6,463.41701570931286
634184,0,1,0,0.11678674050541
634194,1,1,10,187.87484620245604
634204,1,1,6,560.2532831380952
634215,1,1,6,640.0766578337568
634222,1,1,8,516.9052026918679
634229,1,1,10,688.2994666601033
634237,1,1,8,451.95258176828514
634250,1,1,8,604.7793926350346
634265,1,1,1,422.2291637353582
634271,1,1,10,126.61333763623458
634288,1,1,1,398.7122839535714
634290,1,1,5,0.42645457969393247
634293,1,1,6,712.4149348259326
634301,1,1,5,0.42645457969393247
634305,1,1,9,881.3095190846201
634306,1,1,8,383.0955386056257
634309,1,1,10,446.3787923789472
634311,1,1,10,645.6629407537099
634333,1,1,7,71.35947937045226
634340,1,1,2,488.5778817017263
634359,1,1,7,120.41365815857631
634388,1,1,10,173.26277230885117
634411,1,1,8,306.61593061588366
634413,1,1,5,0.42645457969393247
634422,1,1,4,0.42645458358136
634435,1,1,3,78.88102257056183
634447,1,1,9,819.5300070724148
634450,1,1,9,471.8183762542353
634456,1,1,9,356.1076520519426
634459,1,1,9,285.68760972361275
634473,0,1,0,0.19511152589179803
634476,1,1,7,87.8351498535615
634496,1,1,9,603.8963321924886
634511,1,1,4,0.42645458358136
634512,1,1,4,0.4264545919581291
634520,1,1,4,0.4264545919581291
634527,1,1,4,0.42645458358136
634531,1,1,5,0.42645457969393247
634544,1,1,8,490.7261537014045
634548,1,1,5,0.42645457969393247
634562,1,1,5,0.42645457969393247
634564,1,1,9,618.9549632396893
634572,1,1,9,774.3991451294553
634600,1,1,5,0.42645457969393247
634605,1,1,9,559.7248957526897
634606,1,1,8,891.1084490764622
634612,1,1,8,663.085070229914
634615,1,1,6,652.8989051679364
634622,1,1,1,538.902504908723
634636,1,1,1,412.46237265448536
634656,0,1,0,0.1115058130870046
634659,1,1,8,302.3167943186435
634663,1,1,5,0.42645457969393247
634666,1,1,6,424.4875265527898
634668,1,1,7,142.00359135696675
634680,1,1,5,0.42645457969393247
634698,0,1,0,0.12067929076057214
634699,1,1,7,150.69066520982065
634708,1,1,6,790.0981707542528
634749,1,1,9,292.54801486547507
634754,1,1,9,333.0153063525418
634780,1,1,10,250.72359656969158
634796,1,1,9,572.5054703559604
634802,1,1,3,71.82242427424633
634806,1,1,9,564.7015732408888
634810,1,1,4,0.42645458358136
634814,1,1,4,0.4264545919581291
634816,1,1,9,596.0145739267987
634823,1,1,8,759.966969131369
634835,1,1,8,562.2701894328878
634847,1,1,1,154.67087482709698
634873,1,1,9,46.66227791689481
634875,1,1,6,303.0909704240487
634881,1,1,5,0.42645457969393247
634888,1,1,5,0.42645457969393247
634889,1,1,9,579.9126335130826
634892,1,1,10,720.1351792592544
634918,1,1,10,137.8642572948162
634925,1,1,9,582.8981647873266
634926,1,1,6,782.0551408179533
634928,1,1,9,327.8157276093653
634930,1,1,10,149.1849937350057
634937,1,1,9,554.3437606287795
634938,1,1,5,0.42645457969393247
634956,1,1,9,299.96314165384143
634992,1,1,1,595.9882804646526
635001,1,1,4,0.42645458358136
635004,1,1,9,689.0216709349722
635009,1,1,9,328.04812744847334
635014,1,1,9,508.37067809259315
635018,1,1,9,740.8138266344225
635026,1,1,10,137.67013274936045
635032,1,1,10,669.8420798764225
635043,1,1,10,204.96488422005936
635046,1,1,8,292.32476737627144
635054,1,1,5,0.42645457969393247
635058,1,1,8,781.2801085572437
635073,1,1,10,508.8491212862525
635087,1,1,4,0.4264545919581291
635093,1,1,1,691.4102739423581
635112,1,1,8,909.8744642900092
635132,1,1,10,155.3118330258192
635141,1,1,1,572.0321417729158
635142,1,1,4,0.42645458358136
635149,1,1,5,0.42645457969393247
635161,1,1,6,650.6801589357332
635163,1,1,6,690.6184943233211
635173,1,1,9,324.8788423483687
635184,1,1,6,282.3405512226942
635189,0,1,0,0.10010861124801702
635194,1,1,3,73.88000691141414
635205,1,1,8,739.7653445385704
635211,1,1,9,824.1915703212876
635213,1,1,9,659.7653259311408
635221,1,1,1,538.5707198659521
635222,1,1,8,793.7969663118361
635241,1,1,8,576.9352964319334
635254,1,1,6,787.718115333021
635262,1,1,5,0.42645457969393247
635264,1,1,8,675.871705551898
635277,1,1,6,256.3384212015478
635286,1,1,10,715.2998006646247
635291,1,1,8,550.8011635637882
635301,1,1,4,0.42645458358136
635307,1,1,5,0.42645457969393247
635347,1,1,9,855.0258549146903
635368,1,1,9,442.6542617066519
635406,1,1,4,0.42645458358136
635415,1,1,6,600.3034775836129
635426,1,1,5,0.42645457969393247
635428,1,1,7,77.02820634935523
635445,1,1,6,797.4936667263411
635453,1,1,4,0.42645458358136
635457,1,1,5,0.42645457969393247
635474,1,1,9,30.861874909540674
635485,1,1,10,464.01810768920586
635507,1,1,6,279.9994011678587
635512,1,1,6,351.60732098322217
635537,1,1,7,163.2743889143572
635540,1,1,2,292.0988611500778
635544,1,1,9,239.00244375552663
635564,1,1,8,760.8719438055849
635582,1,1,5,0.42645457969393247
635623,1,1,4,0.42645458358136
635633,1,1,9,812.43668209111
635642,1,1,10,396.59021341859096
635654,1,1,6,791.3255444081474
635684,1,1,5,0.42645457969393247
635686,1,1,5,0.42645457969393247
635698,1,1,7,148.28567685972084
635699,0,1,0,0.06862634674105264
635706,1,1,4,0.42645458358136
635711,1,1,4,0.42645458358136
635712,1,1,10,117.29352825872711
635713,1,1,5,0.42645457969393247
635717,1,1,4,0.42645458358136
635721,1,1,5,0.42645457969393247
635724,1,1,4,0.42645457969393247
635758,1,1,9,812.4872819942706
635765,1,1,2,408.73500930028194
635788,1,1,5,0.42645457969393247
635819,1,1,5,0.42645457969393247
635830,1,1,4,0.4264545919581291
635836,1,1,9,728.7639056785051
635838,1,1,8,346.3828468768588
635847,1,1,9,141.0194486649474
635859,1,1,7,101.77232312183142
635866,1,1,4,0.42645458358136
635878,1,1,1,678.5189895886252
635885,1,1,9,170.1090377057563
635891,1,1,6,386.3796384928234
635901,1,1,1,352.5380744221708
635910,1,1,2,88.81164259310857
635911,1,1,6,734.2849004835072
635923,1,1,10,400.70608400521076
635925,1,1,4,0.42645458358136
635936,1,1,8,657.293881686627
635959,1,1,10,420.8843793732435
635996,1,1,4,0.42645458358136
636001,1,1,8,247.454088680057
636008,1,1,9,819.883012883856
636010,1,1,6,731.8563900176539
636014,1,1,10,606.652504675076
636015,1,1,8,584.0622940104741
636056,1,1,8,481.9032310589584
636078,1,1,8,129.0643302096131
636088,1,1,8,616.6891836864083
636106,1,1,3,93.22538114829459
636137,1,1,9,584.4657612611768
636145,1,1,10,142.69503604826454
636165,1,1,6,641.9232071875317
636176,1,1,10,305.61278914854233
636180,1,1,1,657.2429441876385
636205,1,1,6,679.4065637916922
636220,1,1,1,448.28619670300725
636236,1,1,5,0.42645456789925423
636251,1,1,8,734.2564089933853
636254,1,1,9,381.3034973039077
636263,1,1,9,825.0925510425926
636291,1,1,1,546.3712383597564
636301,1,1,5,0.42645457969393247
636303,1,1,10,106.97658967605068
636304,1,1,6,731.3126627763666
636313,1,1,9,650.0060806809198
636332,1,1,5,0.42645457969393247
636340,1,1,8,517.270767411421
636351,1,1,4,0.42645458358136
636353,1,1,8,658.7228499658473
636361,1,1,5,0.42645457969393247
636384,1,1,3,89.57888740255224
636399,0,1,0,0.11737027359534541
636410,1,1,3,66.97361645268741
636415,1,1,6,698.8612864375242
636431,1,1,9,400.3764642148763
636443,1,1,3,55.383091886417134
636453,1,1,10,718.6467455746829
636463,1,1,6,752.4545831097431
636479,1,1,9,583.6242401471862
636486,1,1,9,366.0696777246888
636490,1,1,9,774.998576273438
636507,1,1,6,491.5168393744913
636512,1,1,9,607.78949048935
636513,1,1,4,0.42645458358136
636515,1,1,7,169.79148683429412
636524,1,1,4,0.42645458358136
636541,1,1,4,0.42645458358136
636545,1,1,2,289.78837831605966
636555,1,1,8,867.0994806546689
636557,1,1,5,0.42645457969393247
636565,1,1,9,376.82007841985
636569,1,1,10,158.61411325021015
636582,1,1,6,671.884024330745
636584,1,1,8,597.0807317027477
636593,1,1,4,0.42645458358136
636604,1,1,1,340.06500982269176
636644,1,1,6,746.7162680548533
636647,1,1,8,879.8418560998471
636663,1,1,9,523.4176720638397
636679,1,1,3,89.70349955954269
636681,1,1,6,348.83380182578344
636684,1,1,10,496.20802288359977
636689,1,1,1,406.09606552474236
636699,1,1,4,0.42645458358136
636703,1,1,8,810.8770029900907
636731,1,1,8,332.7520077407379
636734,1,1,6,772.4641959315633
636735,1,1,6,794.3373042863162
636738,1,1,6,762.076714010184
636746,1,1,10,522.1877689948369
636751,1,1,8,797.9371852911041
636752,1,1,9,810.4251669135858
636755,1,1,10,297.43257513123615
636770,1,1,2,481.8432156715456
636779,1,1,3,91.82651147646479
636799,1,1,5,0.42645457969393247
636822,1,1,9,319.38092603587233
636839,1,1,9,793.8453449995051
636855,1,1,6,615.5022128015027
636867,1,1,9,495.98880305544844
636868,1,1,2,307.56191012703454
636870,1,1,9,593.8112944705435
636905,1,1,9,791.1397778164982
636921,1,1,7,138.50453637212257
636928,1,1,6,620.5306713078558
636930,1,1,6,390.5193184309902
636940,1,1,5,0.42645457969393247
636949,1,1,1,318.40750409439386
636954,1,1,4,0.42645458358136
636977,1,1,10,271.7516126479896
636985,1,1,10,719.8199085231538
637003,1,1,6,541.5537890590786
637006,1,1,8,660.7017389224051
637020,1,1,10,384.0399560088294
637025,1,1,5,0.42645457969393247
637028,1,1,9,864.0056661941835
637038,1,1,6,775.4172084246579
637065,1,1,6,651.0370440135762
637070,1,1,8,211.00784158106427
637088,1,1,6,618.4907627060667
637109,1,1,10,459.9618953106629
637110,1,1,6,402.0223737614463
637112,1,1,7,70.54376797581509
637119,1,1,2,65.04106348905891
637124,1,1,2,468.4096274200732
637134,1,1,9,619.8987263197894
637144,1,1,3,77.30668901853264
637151,1,1,1,558.7280286736137
637177,1,1,7,144.86505645702172
637202,1,1,6,744.7286697521056
637205,1,1,3,88.33956232825646
637209,1,1,4,0.4264545919581291
637211,1,1,6,550.3175032251113
637212,1,1,2,467.18691850175696
637213,1,1,9,605.5926968490458
637216,1,1,9,582.4244028244332
637217,1,1,1,676.0745908258033
637230,1,1,4,0.42645458358136
637251,1,1,4,0.42645458358136
637260,1,1,3,93.28098639344736
637267,1,1,9,734.695987899986
637277,0,1,0,0.12434573665057376
637284,1,1,9,652.255466869212
637288,1,1,6,701.0111471086409
637290,1,1,7,131.8461180086746
637295,1,1,9,226.61980069611883
637296,1,1,5,0.42645457969393247
637302,1,1,6,534.9756442474749
637304,1,1,10,494.9614787899865
637308,1,1,9,179.4120858868917
637314,1,1,4,0.42645458358136
637322,1,1,5,0.42645457969393247
637328,1,1,6,304.7802938645916
637361,1,1,8,164.93148972045597
637368,1,1,5,0.42645457969393247
637371,1,1,1,656.0480846702125
637374,1,1,9,888.7598843082595
637380,1,1,8,927.8537871008381
637386,1,1,7,85.73556049753111
637410,1,1,6,605.4277027690817
637412,1,1,10,453.6477589566263
637428,1,1,9,641.1309005922725
637434,1,1,6,790.2418970283827
637436,1,1,10,605.3661256884997
637460,1,1,8,182.6498684947469
637464,1,1,6,504.1353707997757
637471,1,1,7,45.22282133340914
637496,1,1,2,435.29140407480384
637507,1,1,2,465.97207767894054
637508,1,1,8,395.30817080218355
637511,1,1,9,426.9308562132913
637525,1,1,2,85.84950283469394
637535,1,1,7,6.951615981727971
637537,1,1,5,0.42645457969393247
637553,1,1,1,744.0195062202209
637568,1,1,8,337.44102231312525
637574,1,1,7,159.15266088303272
637582,1,1,8,171.0511459159717
637595,1,1,8,476.7269706142646
637619,1,1,8,826.3118146186844
637624,1,1,8,278.7298422547809
637628,1,1,6,416.1409256315647
637637,1,1,9,403.41946857124225
637661,1,1,9,444.7681431975344
637670,1,1,3,53.95796468033096
637671,1,1,5,0.42645457969393247
637683,1,1,4,0.42645458358136
637696,1,1,4,0.42645458358136
637702,1,1,9,511.9339597123703
637708,1,1,3,87.2157394920521
637717,1,1,9,714.7604242044778
637742,1,1,5,0.42645457969393247
637766,1,1,4,0.42645458358136
637787,1,1,10,722.9743843408022
637809,1,1,4,0.42645458358136
637828,1,1,6,741.7375016141248
637832,1,1,9,582.9754863689857
637858,0,1,0,0.13065736120941962
637862,1,1,4,0.42645458358136
637875,1,1,8,590.1187184142619
637876,1,1,6,595.3400711048628
637882,1,1,10,110.82283579561286
637890,1,1,8,529.9138959771104
637897,1,1,10,392.41549768053346
637902,1,1,5,0.42645457969393247
637911,1,1,8,404.44784180185866
637923,1,1,8,547.9082683434212
637924,1,1,3,67.88775231375573
637926,1,1,5,0.42645457969393247
637927,1,1,1,391.0450550343451
637930,1,1,1,344.99361391242405
637932,1,1,3,76.4260302056099
637943,1,1,9,381.277594967192
637948,1,1,5,0.42645457969393247
637957,1,1,7,46.18560737871161
637958,1,1,2,333.57790056815946
637976,1,1,9,753.6310058771342
638003,1,1,2,390.84485525230775
638010,1,1,6,759.164673222795
638016,1,1,10,268.29232758497056
638036,1,1,4,0.42645458358136
638040,1,1,1,588.5007078873876
638043,1,1,5,0.42645457969393247
638055,1,1,6,548.2768073274947
638076,1,1,6,475.0873251240939
638084,1,1,7,160.79104247451164
638099,1,1,7,147.58174038564093
638102,1,1,5,0.42645456789925423
638110,1,1,5,0.42645456789925423
638141,1,1,5,0.42645457969393247
638175,1,1,5,0.42645457969393247
638177,1,1,7,12.993658523120471
638181,1,1,2,281.99380567985855
638195,1,1,8,211.4823665343217
638215,1,1,8,705.17319723908
638231,1,1,5,0.42645457969393247
638234,1,1,6,697.8841437212216
638251,1,1,9,542.9875226750787
638255,1,1,1,669.7547397558176
638263,1,1,8,302.60060355548814
638266,1,1,8,938.8507421037812
638271,1,1,5,0.42645457969393247
638288,1,1,5,0.42645457969393247
638292,1,1,8,212.24211389833098
638299,0,1,0,0.08471384637137776
638327,1,1,7,63.0025457404776
638334,1,1,8,449.4910068185885
638344,1,1,4,0.42645458358136
638349,1,1,8,426.6236787200019
638373,1,1,10,177.47081338174556
638377,1,1,3,86.8681251298634
638380,1,1,8,787.8305763238712
638386,1,1,6,782.9142261024272
638388,1,1,10,583.8732475317586
638389,1,1,9,595.1125786094832
638400,1,1,4,0.42645458358136
638402,1,1,9,754.5826590104969
638408,1,1,6,785.9571878283228
638410,1,1,10,562.2983092031427
638437,1,1,8,943.5788880880535
638440,1,1,9,865.0436466235996
638445,1,1,4,0.42645458358136
638447,1,1,8,387.235900382685
638448,1,1,7,78.36113814411459
638480,1,1,1,604.5938994241272
638485,1,1,9,721.4062947091263
638498,1,1,10,381.628555966512
638560,1,1,10,720.3429624202412
638561,1,1,8,659.3848363758833
638564,1,1,8,572.2172186961486
638594,1,1,8,357.58383939690844
638620,1,1,9,699.7264843265389
638636,1,1,6,779.093425965285
638639,1,1,4,0.42645458358136
638717,1,1,8,285.90564653168985
638734,1,1,9,740.848417214273
638735,1,1,1,231.04259861975407
638752,1,1,4,0.42645458358136
638754,1,1,5,0.42645457969393247
638756,0,1,0,0.10980811247449135
638758,1,1,5,0.42645457969393247
638759,1,1,6,620.3736903952148
638785,1,1,6,393.4229768064418
638793,1,1,1,616.9449907075756
638801,1,1,6,763.734932801346
638808,1,1,9,487.5745093709613
638813,0,1,0,0.11040521152342851
638820,1,1,1,758.9205904896611
638841,1,1,8,592.5644737161184
638858,1,1,8,266.08664226142764
638874,1,1,9,714.5585473438098
638882,1,1,9,103.1876377990407
638886,1,1,8,658.5675563080077
638908,1,1,6,605.073095890417
638914,1,1,5,0.42645457969393247
638935,1,1,1,568.3293657215744
638951,1,1,6,518.1422309139646
638954,1,1,9,561.1355899243463
638973,1,1,4,0.42645458358136
638976,1,1,10,662.556281115408
638979,1,1,9,161.93131985369573
638999,1,1,10,144.3146378756934
639008,1,1,9,890.1976612276104
639017,1,1,6,224.46659367650446
639040,1,1,2,272.9677077603673
639042,1,1,3,78.47816966247957
639058,1,1,9,355.2375853281266
639059,1,1,9,810.0145706999109
639060,1,1,9,460.92036291668126
639086,1,1,9,478.0923290401896
639112,1,1,6,790.4205840774514
639115,1,1,6,353.54823352836905
639122,1,1,10,472.47993734909113
639124,1,1,4,0.42645458358136
639173,1,1,9,252.65704800031412
639198,1,1,6,626.2298417495618
639202,1,1,4,0.42645458358136
639205,1,1,6,789.5078267728952
639216,1,1,5,0.42645457969393247
639227,1,1,6,667.8335970836042
639228,1,1,9,460.0056297471178
639238,1,1,7,158.8522476398288
639243,1,1,9,750.5147504010945
639248,1,1,4,0.4264545919581291
639251,1,1,6,387.3501626447333
639256,1,1,5,0.42645457969393247
639258,1,1,9,781.3738511123441
639284,1,1,10,509.6497883231046
639287,1,1,8,523.6050308226103
639289,1,1,1,282.0988528574937
639299,1,1,6,185.69901751337582
639300,1,1,9,552.126483796742
639302,1,1,8,628.8315920779718
639304,1,1,8,446.1860152209222
639330,1,1,9,877.0359587926782
639341,1,1,7,94.11862664833706
639342,1,1,8,614.3931464290697
639349,1,1,8,776.7080593588715
639369,1,1,6,611.3563427897723
639388,1,1,5,0.42645457969393247
639403,1,1,10,422.9061426522671
639406,1,1,4,0.42645458358136
639439,1,1,1,224.07821148799604
639444,1,1,7,163.66878505742415
639448,1,1,6,464.87865391389704
639451,1,1,6,548.1639461586119
639460,1,1,1,456.24958383493146
639499,1,1,2,384.0775842504502
639525,1,1,5,0.42645457969393247
639547,1,1,8,376.30463569176345
639552,1,1,8,861.7771107516587
639568,1,1,8,247.1935632429374
639569,1,1,4,0.42645458358136
639570,1,1,4,0.42645458358136
639581,1,1,6,635.4001919074756
639582,1,1,7,82.74477908087097
639594,1,1,9,233.1048841953689
639603,1,1,1,742.1228180360149
639612,1,1,6,317.16184494352115
639622,1,1,5,0.42645457969393247
639624,1,1,2,265.9339491046421
639630,1,1,6,705.6827296113173
639631,1,1,8,549.8471984535253
639664,1,1,5,0.42645457969393247
639674,1,1,4,0.42645458358136
639680,1,1,7,139.65439116912538
639684,1,1,5,0.42645457969393247
639694,1,1,6,233.90904672865483
639696,1,1,1,540.9311772812207
639703,1,1,9,643.130321207297
639706,1,1,8,495.25614001423907
639716,1,1,1,244.38659844953864
639728,1,1,10,380.92418941414144
639729,1,1,1,487.45865101447407
639731,1,1,5,0.42645457969393247
639732,1,1,9,775.8407268594918
639745,1,1,6,525.7353051000397
639752,1,1,5,0.42645457969393247
639756,1,1,5,0.42645457969393247
639763,1,1,9,700.5808832043458
639779,1,1,5,0.42645457969393247
639788,1,1,10,362.2704503581493
639799,1,1,9,814.5526098761487
639815,1,1,6,802.5461421534009
639818,1,1,9,513.2485869741289
639822,1,1,8,855.8254536850085
639827,1,1,4,0.42645458358136
639828,1,1,1,724.0049072806943
639833,1,1,9,822.0079745729457
639837,1,1,9,869.9570743922025
639840,1,1,4,0.42645458358136
639858,1,1,6,169.93630122410863
639860,0,1,0,0.11410709871741509
639872,1,1,8,866.8724079107061
639876,1,1,8,430.6433651438483
639893,1,1,7,71.87641002185663
639894,1,1,10,289.67112483824434
639908,1,1,4,0.42645458358136
639910,1,1,9,418.00297884121517
639913,1,1,4,0.42645458358136
639919,1,1,7,82.51759573628321
639959,1,1,8,176.7481551510753
639969,1,1,9,109.07930545311042
640006,1,1,10,592.2644554778004
640020,1,1,8,534.3117645474777
640034,1,1,6,671.8716371822283
640039,1,1,8,792.5216971827233
640048,1,1,10,699.3871310531075
640055,1,1,4,0.42645458358136
640060,1,1,10,456.20078156866253
640088,1,1,6,497.2267189794868
640098,1,1,8,762.7651856543574
640121,1,1,9,362.2726177643862
640123,1,1,5,0.42645457969393247
640126,1,1,4,0.42645458358136
640167,1,1,8,390.8577206383081
640169,1,1,6,793.3917256343856
640172,1,1,10,289.771626437276
640181,1,1,4,0.42645458358136
640194,1,1,9,305.48990718958044
640206,1,1,10,174.39358497603018
640209,1,1,10,115.60908702179755
640224,1,1,9,860.466427345377
640233,1,1,6,467.3981602316838
640239,1,1,3,76.89981315109493
640240,1,1,10,392.0341975186606
640267,1,1,9,890.3484519745434
640273,1,1,6,714.9740819665682
640286,1,1,6,812.7636619005732
640334,1,1,8,452.2548206226394
640336,1,1,6,266.0443545664175
640359,1,1,9,555.557645202908
640366,1,1,9,804.3014878860668
640368,1,1,5,0.42645457969393247
640369,1,1,10,235.96611402111114
640390,1,1,10,721.5626898544956
640394,1,1,3,92.07113558921665
640399,1,1,4,0.42645458358136
640452,1,1,8,468.8616820006086
640458,1,1,5,0.42645457969393247
640470,1,1,9,854.5757208821949
640505,1,1,8,812.5087416171446
640506,1,1,10,506.6325243177028
640523,1,1,8,547.9610236309105
640562,1,1,9,262.34694931297093
640565,1,1,9,324.3837499208015
640574,1,1,9,871.89668473366
640575,1,1,8,679.5507478398714
640576,1,1,9,37.4457892042874
640578,1,1,6,466.6990383295291
640587,1,1,7,58.654796001490205
640589,1,1,5,0.42645456789925423
640591,1,1,9,568.5988699367169
640596,1,1,8,163.30120072994552
640604,1,1,2,428.04527573314766
640610,1,1,4,0.42645458358136
640612,1,1,10,434.3679348055058
640628,1,1,9,756.8695819205502
640634,1,1,9,793.6261966894426
640637,1,1,8,438.039977451781
640708,1,1,9,338.74003227194964
640714,1,1,9,447.8341432106991
640717,1,1,2,402.1968347423105
640731,1,1,5,0.42645457969393247
640741,1,1,10,721.849258966415
640758,1,1,9,884.9388401245519
640783,1,1,6,157.7826237141247
640813,1,1,5,0.42645457969393247
640819,1,1,6,696.6783405351309
640821,1,1,9,447.31622904730506
640844,1,1,9,826.2126179993702
640872,1,1,4,0.42645458358136
640881,1,1,1,455.6589603493555
640899,1,1,9,606.5479335129346
640921,1,1,6,797.6137415163638
640956,1,1,4,0.42645458358136
640958,1,1,6,609.6882114912919
640964,1,1,9,822.7491977881471
640971,1,1,4,0.42645458358136
640976,1,1,8,517.1155687010943
640978,1,1,5,0.42645457969393247
640989,1,1,5,0.42645457969393247
641002,1,1,9,769.5618785089304
641004,1,1,9,823.1927650578916
641010,1,1,6,193.48159058759546
641011,1,1,4,0.42645458358136
641015,1,1,8,572.3180621433286
641020,1,1,8,357.2026424559317
641021,1,1,5,0.42645457969393247
641031,1,1,7,100.1382190435725
641046,1,1,8,173.12213126826882
641054,1,1,8,612.6258090395397
641073,1,1,5,0.42645457969393247
641078,1,1,4,0.42645458358136
641082,1,1,5,0.42645457969393247
641087,1,1,8,270.05642700427103
641111,1,1,6,707.7120215763188
641132,1,1,9,387.0776353810028
641140,1,1,9,781.9673374959028
641159,1,1,2,268.9366574693571
641160,1,1,10,660.1310431490238
641162,1,1,8,572.0309610010581
641166,1,1,8,313.1255584272336
641176,1,1,5,0.42645457969393247
641177,1,1,5,0.42645457969393247
641185,1,1,6,368.4641413860475
641228,1,1,9,596.8223304967568
641243,1,1,7,172.12039330440481
641261,1,1,9,742.7643036534266
641281,1,1,9,760.177936405898
641293,1,1,6,561.2620225698804
641295,1,1,4,0.42645458358136
641312,1,1,5,0.42645457969393247
641325,1,1,4,0.42645458358136
641333,1,1,9,646.013743674254
641344,1,1,8,459.6313247561815
641346,1,1,4,0.4264545919581291
641384,1,1,7,119.96147845469268
641386,1,1,2,122.4840538200711
641388,1,1,9,614.463252528551
641396,1,1,7,141.4740099664895
641429,1,1,3,81.31054110808878
641438,1,1,1,378.30068815232323
641439,1,1,8,425.3081393199128
641449,1,1,9,890.8970569658156
641468,1,1,8,786.620027063547
641483,1,1,8,278.7132679526918
641487,1,1,9,508.5378436644704
641493,1,1,4,0.42645458358136
641494,1,1,3,82.95128821944193
641495,1,1,8,785.3322827347821
641513,1,1,4,0.42645458358136
641520,1,1,6,772.5069309536024
641529,1,1,4,0.42645458358136
641536,1,1,5,0.42645457969393247
641556,1,1,8,819.1867225684362
641559,1,1,2,445.0010254714445
641561,1,1,4,0.42645458358136
641601,1,1,1,303.0474637929662
641604,1,1,5,0.42645457969393247
641637,1,1,5,0.42645457969393247
641646,1,1,9,567.107757946403
641654,1,1,4,0.42645458358136
641665,1,1,6,495.36100606761323
641672,1,1,9,565.7141723761902
641679,1,1,4,0.42645458358136
641680,1,1,5,0.42645457969393247
641695,1,1,8,832.7516127275294
641709,1,1,4,0.4264545919581291
641739,1,1,4,0.42645458358136
641756,1,1,7,160.02593683792554
641766,1,1,1,569.8951872015394
641768,1,1,10,676.8528419835303
641775,1,1,8,405.2571242652203
641776,1,1,6,219.70231887284294
641797,1,1,5,0.42645457969393247
641800,1,1,8,832.0811593748617
641812,1,1,10,372.4096192412257
641823,1,1,7,168.63907771928936
641836,1,1,10,365.05264387643416
641843,1,1,2,263.9740962448753
641846,1,1,4,0.42645458358136
641853,1,1,1,292.51918661829086
641888,1,1,9,675.1613716301187
641891,1,1,5,0.42645457969393247
641896,1,1,2,471.0433397797583
641909,1,1,8,620.6527812708686
641941,1,1,6,484.4047570770153
641950,1,1,10,353.8942836038147
641972,1,1,5,0.42645457969393247
641973,1,1,8,309.8161690279593
641981,1,1,4,0.42645458358136
641982,1,1,7,71.30515909566155
641989,1,1,4,0.42645458358136
641997,1,1,8,235.87702374140213
642001,1,1,9,577.365442410861
642022,1,1,9,684.427170158923
642030,1,1,10,499.52984846492865
642039,1,1,2,212.6537602901249
642040,1,1,5,0.42645456789925423
642041,1,1,6,644.4084570104677
642042,1,1,8,653.7667690472558
642043,1,1,6,396.96422982066775
642068,1,1,6,532.4642484261487
642084,1,1,9,124.65826947491863
642086,1,1,7,138.88819913748011
642120,1,1,8,458.5836579230243
642125,1,1,5,0.42645457969393247
642132,1,1,5,0.42645457969393247
642142,1,1,4,0.42645458358136
642143,1,1,4,0.42645458358136
642146,1,1,8,811.454953898119
642148,1,1,6,262.3708906360352
642175,1,1,9,486.9046222637191
642181,1,1,9,496.216934190111
642182,1,1,1,172.04461692339436
642183,1,1,7,145.7104569004413
642185,1,1,5,0.42645457969393247
642187,1,1,1,393.65070442242995
642189,1,1,10,693.9850191148296
642191,1,1,6,507.1286332125381
642195,1,1,2,217.0565212896621
642204,1,1,8,811.553468565244
642222,1,1,8,394.8082512910482
642231,1,1,1,383.48013331809693
642241,1,1,3,75.17608902357084
642248,1,1,10,680.3704562221185
642278,1,1,2,448.1263041037283
642281,1,1,5,0.42645457969393247
642282,1,1,9,541.5916635427272
642284,1,1,4,0.42645458358136
642301,1,1,6,747.155999739876
642325,1,1,7,160.48575506891973
642335,1,1,8,767.6330178437537
642341,1,1,9,227.29444110356508
642370,1,1,8,784.6972818556707
642387,1,1,10,385.01951387283356
642417,1,1,9,831.4219556574553
642421,1,1,5,0.42645457969393247
642425,1,1,5,0.42645457969393247
642429,1,1,9,473.7091877923094
642432,1,1,6,448.43487554800345
642443,1,1,8,923.0759534983966
642445,1,1,5,0.42645457969393247
642462,1,1,9,582.5816805130586
642478,1,1,3,89.99658537823414
642485,1,1,6,644.1267914144998
642486,1,1,8,330.1289254130302
642494,1,1,4,0.42645458358136
642498,1,1,10,135.50954288869053
642509,1,1,10,717.8558096383556
642512,1,1,10,354.49434272787994
642566,1,1,6,223.06596162191232
642574,1,1,6,797.4498852130233
642580,1,1,10,107.13717014874541
642594,1,1,5,0.42645457969393247
642596,1,1,4,0.42645458358136
642610,1,1,9,835.3593384812492
642612,1,1,10,720.2848634706966
642616,1,1,2,400.13269692914724
642627,1,1,2,272.05443285704797
642629,1,1,6,326.710050776263
642638,1,1,2,123.96891847691448
642640,1,1,2,342.7716355844983
642655,1,1,10,457.81544361661213
642660,1,1,9,577.2163252413675
642672,1,1,8,947.3654187281074
642679,1,1,9,310.1742780431703
642685,1,1,8,581.8263751159922
642690,1,1,9,191.50797617808394
642693,0,1,0,0.10545377588182465
642694,1,1,8,252.14006289769736
642704,1,1,9,823.0212755050526
642713,1,1,9,759.199256888357
642731,1,1,6,684.6859657476517
642746,1,1,6,735.6415154545576
642752,1,1,8,554.7419536995728
642754,1,1,10,517.580932642614
642761,1,1,1,288.80199556589326
642769,1,1,9,801.6439469158538
642771,1,1,9,432.58277446253993
642772,1,1,4,0.42645458358136
642773,1,1,5,0.42645457969393247
642789,1,1,9,211.45101883123235
642800,1,1,10,343.74687767398734
642807,1,1,5,0.42645457969393247
642818,1,1,6,776.682933068251
642840,1,1,4,0.42645458358136
642857,1,1,8,198.20581128825668
642860,1,1,9,512.0987405550825
642863,1,1,5,0.42645457969393247
642866,1,1,8,811.6814357253318
642891,1,1,1,458.45687585067543
642894,1,1,4,0.42645458358136
642904,1,1,1,353.9849423004942
642912,1,1,9,803.5123762263956
642920,1,1,8,756.9827202468781
642940,1,1,9,110.25946044509296
642953,1,1,9,138.23383161308232
642956,1,1,3,73.7393943697912
642970,1,1,4,0.42645458358136
642989,1,1,9,248.58142631029816
642991,1,1,10,669.6329080425246
642994,1,1,8,443.7777917325847
643015,1,1,6,419.4644663105139
643037,1,1,7,84.18509107360283
643049,1,1,6,679.8107214091333
643050,1,1,8,206.99386573338185
643055,1,1,4,0.42645458358136
643075,1,1,5,0.42645457969393247
643089,1,1,4,0.42645458358136
643105,1,1,1,505.5093943329598
643114,1,1,5,0.42645457969393247
643115,1,1,5,0.42645457969393247
643123,1,1,7,81.06128675048483
643128,1,1,9,873.2161553489791
643134,1,1,8,674.4730485543699
643135,1,1,8,698.533521143799
643144,1,1,5,0.42645457969393247
643155,1,1,3,59.05562480707976
643187,1,1,7,57.391463138134846
643193,1,1,6,221.7932305737206
643199,1,1,9,761.8147508444766
643200,1,1,3,91.02592723656332
643201,1,1,5,0.42645457969393247
643223,1,1,10,708.6300648673447
643237,1,1,10,287.09759034951
643251,1,1,7,65.66261558994988
643287,1,1,9,732.206668619037
643289,1,1,10,449.38646692298613
643294,1,1,6,650.4534189661051
643298,1,1,2,278.01598358273384
643300,1,1,8,229.2451288102712
643302,1,1,10,381.79346174810104
643303,1,1,5,0.42645457969393247
643315,1,1,10,335.8139087722885
643316,1,1,9,345.99256960587024
643321,1,1,8,604.0598272248691
643337,1,1,5,0.42645457969393247
643347,1,1,8,893.6810383826127
643370,1,1,1,189.97708767586403
643372,1,1,1,674.2955308052079
643373,1,1,6,237.86819558049808
643374,1,1,7,131.18049871249178
643381,1,1,4,0.42645458358136
643384,1,1,8,948.8939135387498
643393,1,1,9,498.08347984067433
643395,1,1,9,545.5464439304657
643399,1,1,9,638.2757109805148
643410,1,1,8,781.0613678146102
643414,1,1,6,507.73242629087173
643432,1,1,10,506.48725257815306
643434,1,1,5,0.42645457969393247
643438,1,1,9,803.8801268053547
643451,1,1,2,159.80414605377052
643457,1,1,7,106.83587126630941
643458,0,1,0,0.11808836373179295
643462,1,1,4,0.42645458358136
643463,1,1,9,150.78501372222482
643467,1,1,9,561.410430034304
643469,1,1,9,787.3528968003255
643478,1,1,8,341.4821839144719
643495,1,1,4,0.42645458358136
643509,1,1,9,857.5351908450166
643511,1,1,4,0.42645458358136
643516,1,1,10,540.7185663550705
643535,1,1,7,63.90926600084631
643543,1,1,6,432.571976266955
643544,1,1,9,620.3707436232189
643551,1,1,9,613.0342185191012
643557,1,1,2,411.8480022091812
643577,1,1,7,70.40105670829608
643586,1,1,1,331.9084275991682
643612,0,1,0,0.1267918721522347
643652,1,1,9,467.64721130765406
643656,1,1,5,0.42645457969393247
643678,1,1,5,0.42645457969393247
643681,1,1,10,590.9994688138024
643684,1,1,9,321.16927630260165
643685,1,1,9,849.4466807979746
643686,1,1,8,196.54530382677444
643688,1,1,8,793.6162708002262
643709,1,1,8,215.18118359558665
643712,1,1,4,0.42645458358136
643717,1,1,4,0.42645458358136
643718,1,1,4,0.42645458358136
643719,1,1,9,661.0073955754417
643725,1,1,9,614.760884367407
643743,1,1,4,0.42645457969393247
643764,1,1,4,0.42645458358136
643770,1,1,9,387.33571699724706
643773,1,1,9,830.0435172562014
643777,1,1,9,557.8747317970273
643778,1,1,10,509.6214325075168
643785,1,1,4,0.42645458358136
643787,1,1,9,564.4200786527053
643791,1,1,8,871.0643907712257
643797,1,1,4,0.42645458358136
643799,1,1,2,479.750406715512
643800,1,1,9,501.4065503369812
643824,1,1,4,0.42645458358136
643831,1,1,5,0.42645457969393247
643834,1,1,10,400.22517481264623
643848,1,1,9,813.9216206643779
643874,1,1,10,461.34655725035384
643875,1,1,10,718.6881998028786
643886,1,1,9,801.3999649881611
643890,1,1,3,91.35813560694606
643903,1,1,6,537.6973866696783
643912,1,1,1,610.1754515672819
643921,1,1,1,633.0225935994541
643922,1,1,7,92.37320004726338
643928,1,1,4,0.42645458358136
643945,1,1,6,356.24750758543854
643965,1,1,8,869.1488204854141
643974,1,1,10,405.407314016124
643980,1,1,10,254.10544737673584
644000,1,1,9,598.5734708494452
644016,1,1,10,394.2090431044544
644019,1,1,5,0.42645457969393247
644021,1,1,5,0.42645457969393247
644028,1,1,5,0.42645457969393247
644042,1,1,4,0.42645458358136
644045,1,1,4,0.4264545919581291
644048,1,1,10,533.8561197528618
644051,1,1,6,183.38735052677933
644060,1,1,5,0.42645457969393247
644061,1,1,5,0.42645457969393247
644062,1,1,9,763.7500212505324
644070,1,1,5,0.42645457969393247
644077,1,1,5,0.42645457969393247
644081,1,1,6,739.7322936419101
644088,1,1,6,344.80509019974795
644091,1,1,5,0.42645457969393247
644105,1,1,2,419.5923969914135
644112,1,1,3,58.66795626332631
644125,1,1,10,515.7327361371554
644127,1,1,6,790.5860200910877
644130,1,1,5,0.42645457969393247
644153,1,1,2,344.68959449862643
644165,1,1,10,257.01972661943915
644173,1,1,9,601.9325475302763
644192,1,1,6,532.6045085014133
644194,1,1,9,566.1572550419988
644196,1,1,5,0.42645457969393247
644206,1,1,3,87.11234576577223
644214,1,1,10,719.2172186096764
644225,1,1,7,150.40944958866692
644228,1,1,6,414.7971392180341
644233,1,1,8,330.39988151808666
644246,1,1,5,0.42645457969393247
644252,0,1,0,0.12291684268409356
644266,1,1,9,262.96482348614154
644274,1,1,2,253.26143703456916
644276,1,1,1,466.73393682401365
644279,1,1,1,268.0070777900422
644280,1,1,1,720.7773428718707
644288,1,1,6,798.7419876643352
644300,1,1,8,354.6497795513915
644325,1,1,9,291.81643952962696
644332,1,1,9,210.9371027806439
644352,1,1,4,0.42645458358136
644359,1,1,4,0.42645458358136
644365,1,1,1,345.5701159395336
644377,1,1,6,172.27505351309526
644390,1,1,5,0.42645457969393247
644405,1,1,10,125.61005162062727
644415,1,1,9,76.74761696048317
644416,1,1,9,485.9317811677777
644425,1,1,10,530.2318087773904
644443,1,1,9,543.7499199857308
644454,1,1,7,83.21035279111318
644465,1,1,8,664.9693389812751
644494,1,1,6,446.8155783127735
644508,1,1,10,650.7595423201924
644539,1,1,9,750.4884147818545
644551,1,1,8,410.4664138421103
644555,1,1,9,801.6963847248943
644561,1,1,5,0.42645457969393247
644567,1,1,6,785.9104377083415
644568,1,1,9,449.5399841237421
644569,1,1,5,0.42645457969393247
644572,1,1,10,717.2200491157871
644575,1,1,6,519.3107010723005
644577,1,1,10,396.8405737356317
644580,1,1,6,549.911505412461
644588,1,1,4,0.42645458358136
644589,1,1,10,538.357551590616
644593,1,1,10,562.249338389724
644606,1,1,10,458.0717447644656
644607,1,1,8,535.3471109874299
644626,1,1,3,90.77892145534581
644630,1,1,4,0.42645458358136
644637,1,1,4,0.42645458358136
644641,1,1,7,107.93174048659236
644645,1,1,5,0.42645457969393247
644646,1,1,5,0.42645457969393247
644691,1,1,5,0.42645457969393247
644711,1,1,10,638.3524328891536
644717,1,1,8,791.3668449081288
644738,1,1,9,277.08047253030657
644757,0,1,0,0.11400114334121796
644760,1,1,10,670.1422974718947
644772,1,1,6,756.2041572874368
644783,1,1,8,741.1829372710326
644793,1,1,4,0.42645458358136
644808,1,1,4,0.42645458358136
644823,1,1,5,0.42645457969393247
644832,1,1,5,0.42645457969393247
644858,1,1,6,322.42721268128355
644875,1,1,9,554.2125051312814
644878,1,1,5,0.42645457969393247
644891,1,1,6,523.5989145914153
644907,1,1,4,0.42645458358136
644911,1,1,10,532.8637102712307
644913,1,1,5,0.42645457969393247
644933,1,1,5,0.42645457969393247
644945,1,1,4,0.42645458358136
644955,1,1,6,627.9044125366818
644969,1,1,5,0.42645456789925423
644975,1,1,4,0.4264545919581291
644976,1,1,8,448.37950886367645
644982,1,1,3,90.97164527496602
644998,1,1,6,782.350151127021
645001,1,1,4,0.42645458358136
645012,1,1,5,0.42645457969393247
645018,1,1,6,304.8371093560052
645019,1,1,5,0.42645457969393247
645021,1,1,1,484.2392118633938
645055,1,1,5,0.42645457969393247
645057,1,1,1,715.3589681027804
645058,1,1,8,437.18777963308366
645079,1,1,2,386.5695418988631
645086,1,1,9,883.4498007371104
645093,1,1,9,691.0351804398271
645106,1,1,7,108.45035250080981
645107,1,1,9,379.26080240275644
645117,1,1,1,286.7590633332435
645120,1,1,6,810.3638840120469
645127,1,1,5,0.42645457969393247
645132,1,1,6,566.3807003229738
645133,1,1,10,448.6036294200361
645167,1,1,8,707.580930692065
645169,1,1,9,509.01541265596256
645174,1,1,5,0.42645457969393247
645194,1,1,9,433.7442434216907
645200,1,1,9,599.5597129158616
645206,1,1,5,0.42645457969393247
645217,1,1,1,491.5783082471834
645219,1,1,10,394.1624505428393
645229,1,1,6,540.4621808012122
645244,1,1,3,59.18409349638956
645250,1,1,9,635.1113650148652
645292,1,1,10,646.9221945881075
645317,1,1,8,388.33224784892826
645321,1,1,3,93.5425161156819
645322,1,1,10,461.58815784500575
645324,1,1,4,0.42645458358136
645328,1,1,4,0.42645458358136
645331,1,1,7,58.099791183367806
645332,1,1,9,600.8230845778662
645333,1,1,4,0.42645458358136
645334,1,1,9,336.520723804729
645347,1,1,5,0.42645457969393247
645348,1,1,9,400.51390011065223
645352,1,1,10,576.4147383349226
645353,1,1,6,546.372436475891
645363,1,1,9,324.4172374104044
645373,1,1,8,486.0476174759899
645379,1,1,4,0.42645458358136
645384,1,1,8,442.8379644772578
645387,1,1,9,625.1861291714021
645394,1,1,9,794.3724600392407
645411,1,1,6,565.6303963305162
645415,1,1,9,814.6730431950431
645422,1,1,8,740.5403178691142
645436,1,1,8,839.4769146233726
645460,1,1,9,819.4413084180412
645465,1,1,9,357.97762820033176
645466,1,1,9,381.0438002309675
645467,1,1,8,736.1397584702313
645470,1,1,9,302.5742263550588
645482,1,1,3,71.94531642035125
645486,1,1,5,0.42645456789925423
645491,1,1,7,161.7560748024359
645495,1,1,9,284.82174674551385
645500,1,1,2,392.1695007258815
645501,1,1,5,0.42645457969393247
645511,1,1,6,598.2201632241645
645515,1,1,8,190.4323063046992
645516,1,1,9,814.56039074907
645521,1,1,3,89.277381944675
645527,1,1,9,777.9337200025111
645538,1,1,6,643.3673541610036
645545,1,1,9,520.9947174331402
645550,1,1,8,494.62959145867455
645556,1,1,5,0.42645457969393247
645575,1,1,9,538.4079081526061
645598,1,1,4,0.42645458358136
645613,1,1,1,750.895157888395
645619,1,1,6,368.34838636569106
645620,1,1,5,0.42645457969393247
645647,1,1,7,146.3188342874937
645653,1,1,5,0.42645457969393247
645660,1,1,6,601.5462105025183
645662,1,1,6,316.12076852906466
645693,1,1,9,581.6208442355331
645694,1,1,10,460.6195052166983
645702,1,1,8,772.2241332541935
645711,1,1,4,0.42645458358136
645739,1,1,6,163.89664264518223
645758,1,1,9,876.6020317194424
645762,1,1,4,0.42645458358136
645767,1,1,4,0.42645458358136
645781,1,1,6,691.0956732533012
645793,1,1,10,442.08540163270686
645803,1,1,2,347.88631773750393
645821,1,1,10,327.706887257186
645879,1,1,5,0.42645457969393247
645885,1,1,3,91.8203178662172
645886,1,1,9,819.5671676380898
645888,1,1,4,0.42645458358136
645896,1,1,7,84.81440772042639
645897,1,1,6,617.1708808685295
645898,1,1,6,659.3881615824928
645911,1,1,10,637.9071608881272
645912,1,1,8,211.9307530796802
645926,1,1,9,824.596989629068
645941,1,1,5,0.42645457969393247
645947,1,1,8,847.1684747748709
645950,1,1,1,261.8511240814932
645953,1,1,9,395.4520915161926
645975,1,1,9,210.1723824277138
645986,1,1,10,643.0766153824309
645991,1,1,1,331.73074227396523
645992,1,1,8,767.4272165430816
645997,1,1,9,607.050952615477
646024,1,1,7,125.70130766338552
646043,1,1,9,489.05949383058964
646052,1,1,2,379.41924021455867
646055,1,1,8,247.31703745116644
646057,1,1,5,0.42645457969393247
646062,1,1,4,0.8025800311008516
646075,1,1,6,601.3434251616982
646076,1,1,10,383.5881073922116
646079,1,1,2,348.8397012307806
646097,1,1,9,733.0977362858644
646101,1,1,1,760.1877404122346
646105,1,1,8,428.5572526355741
646127,1,1,9,131.1787961867553
646174,1,1,9,485.33305860905
646180,1,1,5,0.42645457969393247
646189,1,1,7,45.02262496346307
646202,1,1,6,564.1273266613638
646204,1,1,9,371.8392749378797
646205,1,1,8,298.40021274034547
646223,1,1,9,884.1252345499039
646226,1,1,2,60.73508483768685
646229,1,1,9,582.1719106157863
646236,1,1,10,541.0512437346218
646252,1,1,1,524.2820134864094
646255,1,1,4,0.42645458358136
646261,1,1,5,0.42645457969393247
646265,1,1,1,158.355628361796
646267,1,1,6,501.63485162534204
646269,1,1,8,656.9239376734813
646274,1,1,6,720.5485161296943
646318,1,1,5,0.42645457969393247
646323,1,1,9,200.10744575540477
646330,1,1,4,0.42645458358136
646337,1,1,8,733.6806815336306
646348,1,1,10,560.4574042595858
646350,1,1,8,925.3369330128926
646358,1,1,6,643.314061733602
646360,1,1,1,748.7591991413693
646409,1,1,1,608.5094327870071
646419,1,1,6,793.5013877128481
646420,1,1,1,763.6713632065014
646433,1,1,5,0.42645457969393247
646442,1,1,6,607.9279030936832
646455,1,1,10,417.83524332408854
646461,1,1,4,0.42645458358136
646464,1,1,5,0.42645457969393247
646472,1,1,8,823.0830844304447
646473,1,1,4,0.42645458358136
646488,1,1,6,799.2631184206053
646561,1,1,4,0.42645458358136
646576,1,1,9,747.8954550199608
646587,1,1,6,487.75448155524555
646589,1,1,9,197.31711075472333
646598,1,1,1,287.07263142991036
646614,1,1,7,53.5462926081747
646624,1,1,4,0.42645458358136
646625,1,1,10,720.782689393755
646643,1,1,4,0.42645458358136
646649,1,1,10,436.72159456117504
646651,1,1,5,0.42645457969393247
646658,1,1,2,424.81786192051015
646671,1,1,5,0.42645457969393247
646681,1,1,4,0.42645458358136
646692,1,1,3,90.05516199880363
646693,1,1,1,634.5295569609593
646717,1,1,8,524.2898509799064
646731,1,1,10,716.4236648665982
646732,1,1,9,582.6029545222392
646742,1,1,5,0.42645457969393247
646752,1,1,5,0.42645457969393247
646753,1,1,4,0.42645458358136
646757,1,1,2,413.9395071798351
646762,1,1,9,252.52088283687405
646766,1,1,5,0.42645457969393247
646767,1,1,1,702.6132806397766
646771,1,1,4,0.4264545919581291
646807,1,1,4,0.42645458358136
646819,1,1,2,303.1891630274601
646823,1,1,9,889.8754282891164
646842,1,1,1,482.1675466126029
646846,1,1,4,0.42645458358136
646855,1,1,9,761.7198020759151
646859,1,1,9,885.3497849717844
646865,1,1,1,235.61557336749797
646875,1,1,9,582.9554741339346
646883,1,1,9,861.7455827934871
646888,1,1,5,0.42645457969393247
646904,1,1,6,480.23213353918396
646923,1,1,5,0.42645457969393247
646934,1,1,2,430.7416155109842
646946,1,1,9,892.3733296434701
646950,1,1,6,230.67592481444245
646970,1,1,4,0.42645458358136
646980,1,1,9,873.61009737003
646986,1,1,1,638.1541917606893
646988,0,1,0,0.09833007476909862
646996,1,1,7,79.62675948663188
647003,1,1,10,206.94949541956092
647027,1,1,2,146.13729438580395
647032,1,1,9,668.8640734096416
647081,1,1,10,458.4965531980066
647083,1,1,8,686.5164304497854
647086,1,1,9,385.2146689868316
647094,1,1,5,0.42645457969393247
647096,1,1,9,572.9032271640544
647101,1,1,3,84.20249659791581
647105,1,1,9,573.2623000566233
647107,1,1,5,0.42645456789925423
647116,1,1,4,0.42645458358136
647121,1,1,10,718.007697399557
647137,1,1,9,248.8059833870814
647141,1,1,5,0.42645457969393247
647142,1,1,10,369.8314026305873
647151,1,1,6,326.5370768770458
647163,1,1,2,256.79320729683104
647170,1,1,6,297.8057980263632
647188,1,1,1,638.6438280194035
647201,1,1,1,396.49709021172384
647215,1,1,8,545.7387365943753
647226,1,1,9,645.8524673561532
647246,1,1,4,0.42645458358136
647273,1,1,1,587.9126640266231
647285,1,1,6,540.4022257519158
647288,1,1,6,385.95779170925726
647291,1,1,10,722.1823545173495
647294,1,1,9,438.0762646305481
647295,1,1,5,0.42645457969393247
647305,1,1,5,0.42645457969393247
647306,1,1,10,458.708842160191
647312,1,1,9,528.3621518999535
647320,1,1,2,479.4714519657042
647332,1,1,8,793.8742566688971
647355,1,1,9,459.798951333153
647385,1,1,9,854.6718964435847
647396,1,1,10,459.69130991775995
647414,1,1,7,151.15844339718646
647426,1,1,8,357.386730790344
647427,1,1,6,549.9703609401464
647447,1,1,7,142.4427937634417
647455,0,1,0,0.09898735960415403
647458,1,1,9,421.12579983023835
647472,1,1,8,876.4510638696491
647474,1,1,4,0.42645458358136
647476,1,1,2,234.79984465361994
647482,1,1,9,328.17090539373606
647496,1,1,8,432.98932973324327
647535,1,1,9,270.48570232103174
647547,1,1,9,293.347158997092
647548,1,1,4,0.42645458358136
647551,1,1,6,772.3332008715655
647556,1,1,1,559.3679865076901
647557,1,1,4,0.42645458358136
647562,1,1,9,890.0730679538394
647572,1,1,10,223.22835380993874
647629,1,1,8,229.11425190090327
647634,1,1,9,652.0825602767599
647640,1,1,4,0.42645458358136
647651,1,1,7,93.95221141623682
647652,1,1,5,0.42645457969393247
647671,1,1,10,175.10139758971965
647675,1,1,10,300.24153258912077
647679,1,1,5,0.42645457969393247
647694,1,1,10,406.8005385329946
647698,1,1,5,0.42645457969393247
647703,1,1,6,317.338239592417
647714,1,1,8,302.7103793652015
647729,1,1,1,689.362419781459
647734,1,1,5,0.42645457969393247
647740,1,1,9,880.0928020546291
647768,1,1,6,435.6575826047995
647770,1,1,8,743.1294747616329
647776,1,1,9,605.4187555154967
647779,1,1,7,171.7516233974772
647799,1,1,6,529.5935355733365
647808,1,1,8,945.4996460700594
647827,1,1,8,134.1033035963722
647833,1,1,5,0.42645457969393247
647848,1,1,5,0.42645457969393247
647858,1,1,1,571.2085611527367
647866,1,1,1,618.862871914979
647875,1,1,5,0.42645457969393247
647878,1,1,1,646.9020910333605
647898,1,1,2,263.6576819072565
647900,1,1,8,508.8683513289778
647904,1,1,10,284.5876881546374
647911,1,1,9,733.3878435217972
647919,1,1,2,251.06167165892268
647921,1,1,10,237.71063942464266
647951,1,1,8,535.7591348976296
647952,1,1,7,169.5328790384955
647994,1,1,8,697.7425912504366
647995,1,1,6,468.5363784558797
648014,1,1,10,194.2987616548573
648023,1,1,5,0.42645457969393247
648032,1,1,8,589.7393508002629
648057,1,1,9,572.837573190245
648064,1,1,5,0.42645457969393247
648089,1,1,2,241.68973376855914
648094,1,1,5,0.42645457969393247
648102,1,1,9,815.0886199633875
648123,1,1,1,247.48184112110025
648126,1,1,6,556.188362152743
648131,1,1,10,257.0593681709324
648145,1,1,5,0.42645456789925423
648152,1,1,6,651.9377218772565
648156,1,1,8,362.1490900789776
648166,1,1,9,720.9953254703829
648187,1,1,8,568.9044890096861
648220,1,1,8,548.1177797805366
648232,1,1,4,0.42645458358136
648235,1,1,8,759.1014237347887
648238,1,1,6,424.3423041434122
648239,1,1,5,0.42645457969393247
648253,1,1,9,853.0553554549094
648256,1,1,1,562.4467180567768
648268,1,1,10,505.7782110169589
648275,1,1,5,0.42645457969393247
648296,1,1,5,0.42645457969393247
648300,1,1,6,246.4354629131144
648308,1,1,8,236.67392453760155
648311,1,1,10,92.90717700533781
648314,1,1,10,333.3644017531731
648336,1,1,4,0.42645458358136
648345,1,1,9,886.1375948453718
648356,1,1,9,373.6701265779162
648364,1,1,8,801.4664512381089
648366,1,1,9,263.29315137307907
648368,1,1,6,586.64824203085
648378,1,1,7,157.14125484473777
648383,1,1,4,0.42645458358136
648394,1,1,10,254.9791526708037
648418,1,1,10,274.469835957684
648419,1,1,6,277.2461053871799
648424,1,1,9,791.2037720285998
648429,0,1,0,0.14995204621119995
648431,1,1,9,318.25504669704657
648435,1,1,8,471.0762862863343
648438,1,1,8,916.1006441121374
648455,1,1,5,0.42645457969393247
648458,1,1,6,254.44194363210923
648471,1,1,10,328.443609730725
648479,1,1,4,0.42645458358136
648505,1,1,9,451.6156443145921
648540,1,1,4,0.42645458358136
648547,1,1,1,626.142852668879
648550,1,1,1,677.4061959848684
648593,1,1,8,598.9123513150031
648595,1,1,9,182.182006203654
648620,1,1,8,469.83571967951025
648626,1,1,7,70.61589068711147
648631,1,1,10,195.26843760352432
648632,1,1,6,257.0766416483989
648634,1,1,10,530.9587962407438
648643,1,1,10,535.6923569038504
648657,1,1,4,0.42645458358136
648658,1,1,8,179.09149315633502
648665,1,1,7,166.04305391593275
648673,1,1,9,700.574966078977
648685,1,1,10,678.9964392544856
648686,1,1,2,477.61073434108556
648712,1,1,4,0.42645458358136
648762,1,1,9,763.6550146909805
648766,1,1,10,175.22594430313035
648771,1,1,6,110.95312424906126
648782,1,1,9,295.87088348407235
648788,1,1,4,0.42645458358136
648807,1,1,7,48.848698144374374
648812,1,1,5,0.42645456789925423
648818,1,1,9,837.59570372898
648833,1,1,10,718.4770645716068
648839,1,1,9,493.08745483854096
648850,1,1,9,671.9866542774226
648852,1,1,9,648.149079100087
648856,1,1,6,797.6028107410314
648863,1,1,1,256.83859504601855
648864,1,1,5,0.42645457969393247
648866,1,1,1,371.52810736207573
648867,1,1,10,123.183646893995
648872,1,1,10,503.87737398192314
648885,1,1,8,302.62875020051143
648895,1,1,8,259.75023421802064
648902,1,1,2,441.0424478479418
648907,1,1,9,172.77696477280531
648915,1,1,8,718.8008146505447
648924,1,1,3,40.661380920596
648925,1,1,10,183.92813860190964
648928,1,1,7,55.81912116412776
648948,1,1,6,773.9914275504685
648951,1,1,9,601.7693660567078
648955,1,1,4,0.42645458358136
648961,1,1,7,155.51138003332923
648976,1,1,9,531.7703291004195
648994,1,1,4,0.42645458358136
649004,1,1,8,667.9863308908475
649005,1,1,6,331.0502878149909
649006,1,1,6,688.7503693026182
649014,1,1,7,63.2366710216371
649019,1,1,6,468.05035057253974
649021,1,1,4,0.4264545919581291
649029,1,1,5,0.42645456789925423
649050,1,1,8,720.4558741930045
649068,1,1,10,561.6721421876252
649072,1,1,5,0.42645457969393247
649074,1,1,5,0.42645457969393247
649078,1,1,5,0.42645457969393247
649111,1,1,10,479.7091709122627
649122,1,1,7,122.01861424202639
649125,1,1,8,568.8722248347734
649126,1,1,10,123.05848420978728
649131,1,1,9,528.5951761752996
649144,1,1,9,723.189678140294
649157,1,1,9,609.0460276209268
649161,1,1,6,533.7025499368594
649172,1,1,8,684.6440757029914
649196,1,1,6,567.1764404604987
649208,1,1,5,0.42645457969393247
649226,1,1,9,831.5026790833749
649230,1,1,9,596.6667999790488
649246,1,1,6,757.3109309465354
649258,1,1,10,254.45348995813416
649281,1,1,5,0.42645457969393247
649294,1,1,1,306.9920446219621
649295,1,1,9,271.4648134623454
649316,1,1,5,0.42645457969393247
649320,1,1,6,777.5363457686424
649327,1,1,10,369.5193947598449
649332,1,1,1,728.6032703518215
649335,1,1,8,655.3681093250789
649364,1,1,4,0.42645458358136
649365,1,1,10,429.55069352335994
649375,1,1,9,806.4672253957309
649388,1,1,10,718.5866022714567
649391,1,1,10,643.4028327735767
649405,1,1,6,236.93051925536693
649410,1,1,6,407.4086900430746
649423,1,1,2,364.4307580253023
649425,1,1,9,823.3142413479487
649426,1,1,4,0.42645458358136
649440,1,1,6,616.5753273239435
649452,1,1,9,326.5744545420985
649469,1,1,9,606.8029125559482
649473,1,1,9,887.3137469634648
649476,1,1,10,341.4590741926733
649510,1,1,5,0.42645457969393247
649540,1,1,3,87.47257348707375
649543,1,1,9,840.765594849746
649546,1,1,7,23.354773674234206
649551,1,1,1,506.09393209143934
649564,1,1,4,0.42645458358136
649579,1,1,3,88.41356567287052
649591,1,1,8,353.69577205688734
649596,1,1,9,539.245328916419
649602,1,1,5,0.42645457969393247
649603,1,1,10,421.2280411189097
649607,1,1,7,146.85899211986626
649612,1,1,4,0.42645458358136
649616,1,1,8,316.6185357902467
649658,1,1,5,0.42645457969393247
649671,1,1,9,718.785272321819
649678,1,1,10,721.6467986796358
649682,1,1,5,0.42645457969393247
649684,1,1,8,508.4387448447594
649685,1,1,8,656.9627534460874
649692,1,1,9,587.98080442506
649697,1,1,5,0.42645457969393247
649702,1,1,10,192.71874530672733
649722,1,1,10,196.86041276191236
649730,1,1,9,98.65781820559188
649736,1,1,7,74.64611596700655
649754,1,1,9,150.249635754729
649761,1,1,5,0.42645457969393247
649764,1,1,5,0.42645457969393247
649773,1,1,5,0.42645457969393247
649799,1,1,8,617.4601198266972
649801,1,1,7,57.21924346668264
649802,1,1,7,17.84166475924804
649813,1,1,9,654.7739316895608
649814,1,1,10,632.2756944635347
649821,1,1,9,219.39696482576798
649837,1,1,1,694.1014487680098
649839,1,1,8,383.87966023082555
649867,1,1,9,869.7374356915522
649890,1,1,5,0.42645457969393247
649897,1,1,5,0.42645457969393247
649905,1,1,1,467.7513027150562
649909,1,1,4,0.42645458358136
649919,1,1,8,896.7004589510473
649937,1,1,5,0.42645457969393247
649965,1,1,10,269.2041314601251
649967,1,1,3,85.12130623616886
649996,1,1,9,369.7783234608374
649998,1,1,6,284.0457473784776
650014,1,1,8,927.9536838754832
650015,1,1,4,0.42645458358136
650052,1,1,4,0.4264545919581291
650053,1,1,9,684.7421582480803
650054,1,1,6,502.77106145752964
650057,1,1,8,625.4870677780359
650086,1,1,9,831.9477444313521
650118,1,1,5,0.42645457969393247
650119,1,1,9,359.83221657680525
650125,1,1,9,271.902568609196
650126,1,1,4,0.42645458358136
650158,1,1,7,81.84539134293506
650162,1,1,10,160.84310007610628
650170,1,1,9,350.33633994307195
650175,1,1,5,0.42645457969393247
650176,1,1,3,91.51094360895492
650178,1,1,9,434.4053504815398
650183,1,1,10,185.17960430818417
650190,1,1,10,427.259757564433
650227,1,1,5,0.42645457969393247
650234,1,1,8,896.8383704829921
650250,1,1,8,557.7418347920861
650283,1,1,8,768.0384315067927
650298,1,1,4,0.42645458358136
650313,1,1,9,535.2455037223538
650315,1,1,9,430.1726730700634
650317,1,1,6,620.4268033491676
650325,1,1,8,465.1861777218459
650327,1,1,10,201.46751845681558
650376,1,1,9,163.0280258077278
650385,1,1,6,596.4824991472404
650415,1,1,6,298.1400777823114
650417,1,1,6,768.3854499965818
650424,1,1,9,597.1901577942128
650426,1,1,10,721.9275798860766
650434,1,1,6,724.9394562870327
650441,1,1,10,309.74946349617943
650454,1,1,9,381.46051559213737
650455,1,1,7,160.8338033483414
650456,1,1,6,474.2056512845888
650459,1,1,10,135.58819516279257
650467,1,1,2,452.9979175811312
650507,1,1,5,0.42645457969393247
650509,1,1,8,161.81896171900405
650514,1,1,5,0.42645457969393247
650517,1,1,1,277.4864077961292
650521,1,1,8,765.4267782957518
650526,1,1,1,379.7501968301801
650527,1,1,7,101.50190700241131
650544,1,1,5,0.42645457969393247
650550,1,1,8,352.0409868291441
650554,1,1,10,117.78276727727793
650562,1,1,8,902.3190986462569
650569,1,1,6,519.075698013189
650572,1,1,6,618.5215180164372
650578,1,1,6,627.2895770585945
650581,1,1,4,0.42645458358136
650591,1,1,8,632.1941447835005
650616,1,1,10,237.11536777583436
650626,1,1,6,378.7168607813378
650639,1,1,8,793.8492890446237
650644,1,1,2,279.6905367576222
650654,1,1,3,74.95225214728802
650657,1,1,4,0.42645458358136
650660,1,1,4,0.42645458358136
650664,1,1,10,716.9210215899643
650685,1,1,9,36.494812850572345
650692,1,1,10,461.2167916775719
650699,1,1,10,653.6842667445255
650709,1,1,4,0.42645458358136
650721,1,1,7,78.00899789348851
650727,1,1,7,55.6800694343721
650738,1,1,6,588.3723000707964
650745,1,1,6,241.46919477565143
650750,1,1,9,202.61349933744717
650787,1,1,2,487.7978753218442
650789,1,1,10,292.56707483162455
650794,1,1,7,65.83699319713413
650803,1,1,6,756.549990214112
650812,1,1,2,233.0611691066312
650818,1,1,6,772.3621422035552
650832,1,1,9,769.4967575643026
650843,1,1,2,252.47302584452422
650845,1,1,6,282.7351189051545
650855,1,1,6,513.3795905905024
650856,1,1,6,508.1350330491417
650862,1,1,6,413.9875956028216
650883,1,1,4,0.42645458358136
650905,1,1,9,362.7545902369893
650906,1,1,4,0.42645458358136
650908,1,1,6,372.9169327272363
650909,1,1,10,457.348757407034
650914,1,1,1,656.350923069285
650925,1,1,6,802.8751201993473
650962,1,1,8,679.815539453345
650970,1,1,6,356.32538815995474
650977,1,1,2,78.79634905393381
650993,1,1,8,835.5767278511423
651013,1,1,4,0.4264545919581291
651017,1,1,2,299.6314190772345
651049,1,1,3,86.49080329335739
651054,1,1,9,565.4712083847993
651055,1,1,4,0.42645458358136
651056,1,1,6,375.19220319241634
651074,1,1,6,675.183651255893
651098,1,1,7,123.53212494702674
651106,1,1,4,0.42645458358136
651113,1,1,5,0.42645457969393247
651117,1,1,5,0.42645457969393247
651125,1,1,4,0.42645458358136
651128,1,1,6,543.483800510571
651131,1,1,5,0.42645457969393247
651141,1,1,10,718.2620128080928
651150,1,1,8,589.969261193669
651156,1,1,8,943.9473792086123
651159,1,1,4,0.42645458358136
651174,1,1,4,0.42645458358136
651175,1,1,1,326.75702936389763
651180,1,1,7,164.12946625878718
651189,1,1,4,0.42645458358136
651203,1,1,7,84.14777068082942
651212,1,1,10,695.8566762627999
651223,1,1,9,733.5494483021141
651224,1,1,7,160.44154850171876
651242,1,1,5,0.42645457969393247
651259,1,1,10,364.62559969631894
651273,1,1,6,404.61303036821676
651274,1,1,8,563.331971227033
651276,1,1,4,0.42645458358136
651282,1,1,4,0.42645458358136
651293,1,1,2,176.18327442076412
651312,1,1,6,332.98450351324374
651314,1,1,7,152.1713259213924
651343,1,1,6,783.0806903755423
651357,1,1,9,471.61628791265963
651401,1,1,6,766.6436482391158
651418,1,1,6,270.150656437119
651436,1,1,10,314.2927121390189
651441,1,1,3,86.89254514820927
651453,1,1,1,312.9180481849189
651458,1,1,6,445.65332604350067
651484,1,1,9,316.43037370060546
651492,1,1,9,782.6889887902299
651495,1,1,6,179.29452196230375
651497,1,1,10,155.29961246109625
651528,1,1,9,854.7248778658169
651565,1,1,10,421.60130921635664
651593,1,1,4,0.42645458358136
651607,1,1,9,291.3569101678037
651608,1,1,5,0.42645457969393247
651609,1,1,4,0.42645458358136
651622,1,1,9,659.6005217016882
651644,1,1,9,96.44901656265976
651687,1,1,5,0.42645457969393247
651691,1,1,8,237.5160750392722
651702,1,1,1,191.58143096721884
651706,1,1,5,0.42645457969393247
651725,1,1,5,0.42645457969393247
651750,1,1,8,863.0708233994594
651773,1,1,4,0.42645458358136
651785,1,1,1,453.0429527827285
651789,1,1,4,0.42645458358136
651792,1,1,2,278.31580279607647
651795,1,1,5,0.42645456789925423
651819,1,1,6,797.8700031970732
651829,1,1,5,0.42645457969393247
651834,1,1,6,516.876463804062
651835,1,1,7,159.1573801008551
651842,1,1,8,829.733844058081
651882,1,1,8,936.0102541028373
651904,1,1,4,0.42645458358136
651919,1,1,9,464.27274124310816
651932,1,1,6,682.8625683625062
651941,1,1,7,161.01186606173758
651995,1,1,9,461.5026171900687
652004,1,1,9,889.9679515958308
652010,1,1,8,282.6039178843622
652013,1,1,9,614.8926695352737
652018,1,1,5,0.42645457969393247
652033,1,1,8,659.0954603562972
652037,1,1,9,815.1463219910805
652049,1,1,1,241.79650542423386
652050,1,1,6,386.5876096957003
652064,1,1,10,711.3981657319118
652068,1,1,4,0.42645458358136
652069,1,1,5,0.42645457969393247
652074,1,1,6,558.0915859004315
652097,1,1,8,817.3675588623403
652117,1,1,5,0.42645457969393247
652152,1,1,2,191.4204396168354
652167,1,1,10,618.953164189429
652179,1,1,4,0.42645458358136
652189,1,1,6,576.2822566102683
652219,1,1,9,850.1084989693524
652221,1,1,5,0.42645456789925423
652222,1,1,1,446.2642325993495
652252,1,1,5,0.42645457969393247
652258,1,1,10,588.9704620243871
652267,1,1,8,395.91144301860896
652270,1,1,1,733.1381786307071
652275,1,1,10,352.4964712647602
652284,1,1,2,355.54033501580534
652295,1,1,5,0.42645457969393247
652320,1,1,9,884.6849553710986
652325,1,1,6,616.1315417244518
652332,1,1,4,0.42645458358136
652333,1,1,4,0.42645458358136
652345,1,1,4,0.42645458358136
652356,1,1,4,0.42645458358136
652365,1,1,5,0.42645457969393247
652394,1,1,5,0.42645457969393247
652396,1,1,6,345.45917049079014
652409,1,1,7,89.8014159455459
652418,1,1,6,748.4791698029551
652419,1,1,8,312.4242220916425
652424,1,1,5,0.42645457969393247
652465,1,1,4,0.42645458358136
652469,1,1,9,485.3612214532727
652473,1,1,9,887.6969378999587
652475,1,1,9,710.5597505753576
652480,1,1,9,111.28983886407954
652490,1,1,3,91.18104002081806
652496,1,1,2,386.98162372948667
652500,1,1,8,187.99780873067184
652521,1,1,4,0.42645458358136
652532,1,1,8,346.83776712717724
652542,1,1,8,470.9090603956301
652546,1,1,4,0.4264545919581291
652554,1,1,6,759.2930457378092
652556,1,1,7,153.47100485203342
652561,1,1,5,0.42645457969393247
652564,1,1,7,53.014117621885504
652578,1,1,10,716.7186978966193
652580,1,1,6,533.3770384747118
652586,1,1,4,0.42645458358136
652591,1,1,8,811.743637659172
652596,1,1,6,776.0374312717294
652599,1,1,4,0.42645458358136
652615,1,1,8,690.9263141068485
652616,1,1,4,0.42645458358136
652620,1,1,6,234.00060614616993
652626,1,1,2,468.3885104481858
652640,1,1,7,23.611992175124957
652647,1,1,8,395.0983943533212
652658,1,1,4,0.42645458358136
652671,1,1,9,84.12101778383116
652682,1,1,9,634.1271224779479
652685,1,1,4,0.42645458358136
652689,1,1,5,0.42645457969393247
652698,1,1,7,74.39810689372842
652704,1,1,9,537.5712372083285
652723,1,1,9,501.30426364888626
652745,1,1,2,349.17755990382005
652769,1,1,1,724.5176343614377
652772,1,1,9,884.9727876093023
652808,1,1,5,0.42645457969393247
652816,1,1,9,812.4109247626168
652819,1,1,1,747.931738005703
652823,1,1,9,793.1606174720645
652824,1,1,5,0.42645456789925423
652835,1,1,5,0.42645457969393247
652840,1,1,6,779.4776580361778
652843,1,1,1,467.06877596256606
652851,1,1,5,0.42645457969393247
652855,1,1,1,609.0655817658002
652858,1,1,1,532.6238833444081
652866,1,1,4,0.42645458358136
652872,1,1,9,585.902080885517
652874,1,1,4,0.42645458358136
652878,1,1,7,128.85648585803995
652887,1,1,9,709.3593086847993
652889,1,1,9,402.3042327030252
652912,1,1,4,0.42645458358136
652929,1,1,2,47.24298123126691
652937,1,1,6,529.8671897219177
652965,1,1,10,676.8654254489744
652966,0,1,0,0.09403789043595719
652988,1,1,10,575.4173683757451
652997,1,1,8,442.32248467214146
653019,1,1,8,221.78067667326476
653020,1,1,10,648.7613677993833
653021,1,1,4,0.42645458358136
653030,1,1,4,0.42645458358136
653048,1,1,3,89.87065765323884
653049,1,1,8,402.74337451187245
653073,1,1,8,414.3152979719859
653084,1,1,5,0.42645457969393247
653114,1,1,5,0.42645457969393247
653117,1,1,6,368.8657147841322
653126,1,1,8,498.1935677133817
653146,1,1,7,171.85773798035035
653155,1,1,6,712.6517337776543
653158,1,1,7,90.51074322052746
653159,1,1,9,662.4631575152137
653166,1,1,1,443.5362673417079
653181,1,1,4,0.42645458358136
653190,1,1,6,462.9267616999016
653197,1,1,2,253.72043705000738
653198,1,1,9,229.8620653545125
653200,1,1,10,719.2740454018402
653211,1,1,8,253.86113539287427
653220,1,1,4,0.42645458358136
653221,1,1,5,0.42645457969393247
653231,1,1,9,890.0066735808754
653251,1,1,10,460.6896918232602
653258,1,1,6,281.02521251063797
653261,1,1,9,408.7384729374586
653267,1,1,9,447.1194329774849
653285,1,1,4,0.42645458358136
653286,1,1,6,544.127281423292
653315,1,1,8,171.32894482114935
653324,1,1,9,775.400976293548
653348,1,1,4,0.42645458358136
653363,1,1,6,194.39278773233326
653377,1,1,7,99.70641806770415
653393,1,1,5,0.42645457969393247
653397,1,1,2,265.32153441247505
653428,1,1,4,0.42645458358136
653436,1,1,5,0.42645457969393247
653455,1,1,1,368.46713261568834
653481,1,1,6,485.4403199010476
653506,1,1,8,799.7305528044577
653519,1,1,1,250.90234981921895
653529,1,1,4,0.4264545919581291
653551,0,1,0,0.24075598158607514
653589,1,1,4,0.42645458358136
653598,1,1,10,532.2724150055731
653602,1,1,5,0.42645457969393247
653603,1,1,6,369.28117113512496
653619,1,1,4,0.42645458358136
653627,1,1,7,104.20487818867329
653632,1,1,9,563.401328762427
653658,1,1,5,0.42645457969393247
653673,1,1,6,373.5191269429116
653683,1,1,5,0.42645457969393247
653718,1,1,9,450.57118645448986
653736,1,1,9,197.93830042559122
653740,1,1,4,0.42645458358136
653758,1,1,5,0.42645457969393247
653763,1,1,8,621.8202705906715
653768,1,1,6,372.66553565556995
653788,1,1,9,565.9059863486276
653793,1,1,4,0.42645458358136
653805,1,1,6,659.3978893379035
653815,1,1,1,451.90564746095976
653820,1,1,9,860.317850236833
653821,1,1,9,449.7756232165049
653827,0,1,0,0.24113673194036936
653838,1,1,9,600.1091933145481
653847,1,1,8,798.028955961263
653871,1,1,4,0.42645458358136
653889,1,1,9,745.0059405457066
653893,1,1,5,0.42645457969393247
653895,1,1,9,890.5818344922143
653897,1,1,5,0.42645456789925423
653912,1,1,5,0.42645456789925423
653920,1,1,8,429.071157152245
653932,1,1,6,446.25923741333094
653958,1,1,10,395.373406710346
653961,1,1,10,343.70724716663045
653963,1,1,9,687.5693526345462
653967,1,1,9,814.3387455788069
653969,1,1,4,0.42645458358136
653986,1,1,10,349.5683781858726
653991,1,1,5,0.42645457969393247
653995,1,1,2,375.2967722553168
654011,1,1,4,0.42645458358136
654034,1,1,10,719.8774435539018
654038,1,1,4,0.42645458358136
654041,1,1,9,883.9581742243791
654090,1,1,9,32.0125004655092
654104,1,1,5,0.42645457969393247
654113,1,1,4,0.42645458358136
654127,1,1,9,365.72693471006966
654129,1,1,10,151.46441879214476
654133,1,1,6,213.49937535523011
654135,1,1,7,57.72477078543788
654140,1,1,10,684.6244915964163
654161,1,1,8,481.86763964250605
654174,1,1,6,172.78337431494685
654181,1,1,6,609.7244480729507
654201,1,1,5,0.42645457969393247
654213,1,1,6,277.3989250474642
654214,1,1,6,610.6690512294117
654241,1,1,6,454.17695029228383
654253,1,1,8,267.3861905479631
654271,1,1,4,0.4264545919581291
654275,1,1,5,0.42645456789925423
654301,1,1,10,600.6638307710028
654306,1,1,6,556.900421452186
654308,1,1,9,838.415422083931
654313,1,1,2,329.03196275756494
654315,1,1,10,694.0158248808767
654320,1,1,4,0.42645458358136
654321,1,1,5,0.42645457969393247
654328,1,1,9,348.16023349062544
654342,1,1,6,781.9378006429746
654346,1,1,7,98.58135587619424
654347,1,1,5,0.42645457969393247
654351,1,1,4,0.42645458358136
654359,1,1,7,136.3327711024089
654367,1,1,9,703.7607105055954
654368,1,1,8,433.59133611810944
654371,1,1,8,152.15568384279055
654380,1,1,10,512.8654114877307
654385,1,1,4,0.42645458358136
654397,1,1,7,57.55500952550912
654399,1,1,8,581.5070660169126
654408,1,1,4,0.42645458358136
654425,1,1,4,0.42645458358136
654440,1,1,9,464.54974685572273
654441,1,1,4,0.42645458358136
654453,1,1,8,616.5654152400976
654454,1,1,3,91.34969864062022
654458,1,1,1,693.8045900862472
654487,1,1,9,856.4864080612072
654493,1,1,6,407.2065776227554
654501,1,1,9,607.9349754015448
654504,1,1,5,0.42645456789925423
654517,1,1,7,134.4041056381174
654520,1,1,2,133.38476634367544
654521,1,1,8,557.5610762035709
654544,1,1,4,0.42645458358136
654547,1,1,8,274.27669164556477
654559,1,1,9,866.794085588477
654571,1,1,9,809.3266261025575
654589,1,1,9,551.8161429440688
654594,1,1,5,0.42645457969393247
654601,1,1,8,151.44875671373555
654607,1,1,5,0.42645457969393247
654614,1,1,9,706.7845462004593
654623,1,1,10,351.2204846925034
654639,1,1,1,243.24590029626503
654646,1,1,10,659.2452251550042
654669,1,1,9,247.1450892889174
654690,1,1,9,652.0385794422857
654691,1,1,6,654.352781044525
654700,1,1,1,398.55936184304005
654701,1,1,9,407.22507400618224
654721,1,1,10,460.2821974539109
654731,1,1,8,105.53807441233936
654740,1,1,2,383.50820719127165
654750,1,1,10,333.48580002751294
654761,1,1,4,0.42645458358136
654766,1,1,4,0.42645458358136
654772,1,1,3,47.88975637760605
654777,1,1,6,470.96737009881366
654790,1,1,1,685.0670315144368
654796,1,1,6,808.0074609234131
654808,1,1,6,241.10889709821885
654809,1,1,9,596.5633435130701
654810,1,1,9,435.40432088108525
654814,1,1,8,220.24462900086874
654817,1,1,3,79.91120413554668
654825,1,1,4,0.42645458358136
654829,1,1,9,754.776976426244
654845,1,1,8,761.900118608114
654860,1,1,8,520.3472446793387
654876,1,1,10,665.7303407978678
654887,1,1,5,0.42645457969393247
654891,1,1,4,0.42645458358136
654896,1,1,2,87.29451529725571
654897,1,1,4,0.42645458358136
654904,1,1,6,464.26917152336637
654910,1,1,9,364.2228893225888
654915,1,1,2,240.39832098488898
654923,1,1,9,329.51581611836224
654928,1,1,10,664.632469585748
654943,1,1,5,0.42645457969393247
654955,1,1,9,810.377268750623
654962,1,1,8,636.6883387026637
654963,1,1,6,783.7068134455003
654966,1,1,8,629.2580722787234
654978,1,1,5,0.42645457969393247
654981,1,1,3,90.3145147543016
654984,1,1,10,459.13066408536696
655000,1,1,9,459.5849951004714
655015,1,1,6,455.2569225167249
655042,1,1,4,0.42645458358136
655048,1,1,1,229.02941772645778
655055,1,1,9,351.38923950190485
655056,1,1,4,0.42645458358136
655063,1,1,9,604.7303733501773
655081,1,1,1,555.2522833548137
655085,1,1,2,371.14839738357114
655090,1,1,8,202.80346509250083
655108,1,1,8,606.1482697241427
655112,1,1,6,318.3577610008176
655118,1,1,1,742.2378082221429
655124,1,1,8,690.3321119889041
655132,1,1,7,172.6903793764429
655154,1,1,8,312.1951609058306
655158,1,1,10,446.1726421798799
655165,1,1,10,462.96567777712204
655183,1,1,10,384.6559009193184
655191,1,1,9,831.7315957424347
655216,1,1,9,553.6174557079084
655237,1,1,9,65.28929688788017
655255,1,1,9,691.0384391683289
655266,1,1,6,579.8149544733564
655279,1,1,7,49.47020558528818
655280,1,1,6,660.1403906261395
655285,1,1,6,360.2281032127545
655296,1,1,9,722.9484431953058
655298,1,1,9,533.6517708892968
655315,1,1,8,888.840431701914
655316,1,1,9,606.4817462000987
655319,1,1,8,729.6915981514948
655321,1,1,9,544.5789367667768
655332,1,1,10,344.72854248838235
655352,1,1,8,689.6913590685109
655358,1,1,8,865.4977824693977
655364,1,1,4,0.42645458358136
655406,1,1,8,202.45956658137877
655410,1,1,4,0.4264545919581291
655414,1,1,3,85.71604217513192
655426,1,1,9,778.0465031885748
655430,1,1,9,727.8818699204662
655438,1,1,10,363.1614968170643
655441,1,1,10,453.9177696037656
655445,1,1,1,731.7567228034025
655461,1,1,9,452.3383410882748
655463,1,1,8,881.4781588993935
655464,1,1,5,0.42645457969393247
655470,1,1,10,427.3925285353757
655485,1,1,6,774.9760252594564
655494,1,1,9,356.8925620267681
655499,1,1,5,0.42645457969393247
655508,1,1,9,890.585164245444
655521,1,1,9,436.66824867762034
655523,1,1,5,0.42645457969393247
655524,1,1,5,0.42645457969393247
655531,1,1,4,0.42645458358136
655538,1,1,10,370.14268700428937
655544,1,1,9,591.3395165645171
655584,1,1,9,844.7894639240765
655603,1,1,7,168.74941095250438
655633,1,1,8,829.9822555079179
655637,1,1,4,0.42645458358136
655659,1,1,8,499.73560984121815
655676,1,1,5,0.42645457969393247
655698,1,1,8,153.1814803084092
655701,1,1,8,909.4846474514796
655720,1,1,1,527.8032864251685
655723,1,1,1,739.4145026877344
655736,1,1,4,0.42645458358136
655747,1,1,10,720.5933682721791
655751,1,1,9,472.5114123480444
655760,1,1,6,643.399808656144
655765,1,1,6,752.7073157742965
655786,1,1,4,0.42645458358136
655797,1,1,8,539.1212989372945
655799,1,1,8,270.1917408538237
655800,1,1,1,607.2856169103279
655806,1,1,4,0.42645458358136
655819,1,1,10,720.160492359677
655824,1,1,10,604.2511759104915
655842,1,1,5,0.42645457969393247
655863,1,1,7,27.478091986459823
655883,1,1,1,604.5242679311481
655885,1,1,6,797.7772648390037
655903,1,1,8,621.6229914706523
655904,1,1,6,340.8131608990734
655906,1,1,1,406.78162808962355
655912,1,1,2,180.6754413392151
655914,1,1,8,719.8227342732438
655915,1,1,5,0.42645457969393247
655928,1,1,1,723.8650721378165
655932,1,1,7,68.67739650609712
655934,1,1,9,793.6522144523042
655936,1,1,6,783.8638025994992
655937,1,1,8,576.6179982634812
655948,1,1,2,277.26930695467195
655954,1,1,7,172.85442407866083
655957,1,1,6,283.80450722423615
655969,1,1,8,536.0602789447768
655973,1,1,5,0.42645457969393247
655982,1,1,9,664.8981739357229
655992,1,1,5,0.42645456789925423
655998,1,1,8,461.83715477147797
656011,1,1,6,603.8704666523994
656016,1,1,4,0.42645458358136
656055,1,1,7,166.25786977780032
656064,1,1,2,252.6892029544416
656081,1,1,9,521.3646102859126
656084,1,1,10,434.1542657816732
656089,1,1,6,466.4296149734653
656090,1,1,8,731.9882238390553
656104,1,1,7,163.86570139113707
656118,1,1,10,678.6483544469971
656130,1,1,5,0.42645457969393247
656133,1,1,8,242.3686502439342
656135,1,1,9,290.8394040874041
656145,1,1,10,451.79069635135346
656151,0,1,0,0.11349010035823595
656152,1,1,9,281.8677832476739
656155,1,1,6,595.4907190330123
656158,1,1,10,700.3293067089875
656169,1,1,10,382.2650715295241
656179,1,1,5,0.42645457969393247
656197,1,1,9,520.550324945197
656222,1,1,9,512.0391813464342
656223,1,1,9,782.3437303102049
656236,1,1,7,144.54369328342483
656243,1,1,9,614.5602154850427
656245,1,1,6,506.7189999437408
656248,1,1,4,0.42645458358136
656253,1,1,8,653.176314189916
656288,1,1,10,438.987879901702
656333,1,1,4,0.42645458358136
656348,1,1,9,444.857700237901
656374,1,1,4,0.4264545919581291
656402,1,1,1,419.2638341740952
656406,1,1,5,0.42645457969393247
656422,1,1,4,0.42645458358136
656446,1,1,5,0.42645457969393247
656457,1,1,9,242.16426162483958
656458,1,1,9,602.2600658259752
656472,1,1,8,799.7369004272438
656484,1,1,9,586.6683238867151
656489,1,1,2,178.39121472121465
656496,1,1,4,0.42645458358136
656507,1,1,1,600.3064480817577
656510,1,1,8,595.9386324403584
656514,1,1,4,0.42645458358136
656526,1,1,7,163.01599676267494
656529,1,1,9,867.3002884322489
656533,1,1,10,139.2550030878398
656543,1,1,10,570.9984110357888
656557,1,1,9,601.8947173806893
656563,1,1,6,406.21358491703313
656571,1,1,4,0.42645458358136
656574,1,1,5,0.42645457969393247
656576,1,1,8,117.39448064132799
656591,1,1,6,713.4261773341602
656635,1,1,1,430.5632692513943
656650,1,1,8,620.5543273102851
656657,1,1,5,0.42645457969393247
656666,1,1,9,566.3288219543115
656671,1,1,4,0.42645458358136
656672,1,1,9,517.0309952566437
656675,1,1,8,271.0735023435382
656685,1,1,9,308.53386117760056
656688,1,1,6,348.30822480001996
656692,1,1,8,159.66528868407946
656706,1,1,4,0.42645458358136
656711,1,1,8,662.4984641534767
656734,1,1,7,171.79607470579077
656741,1,1,8,560.248356751657
656749,1,1,9,471.25153024605214
656750,1,1,9,592.2972351538873
656760,1,1,9,722.7206457490507
656773,1,1,5,0.42645457969393247
656787,1,1,6,357.0693605706385
656833,1,1,9,427.36912128011807
656837,1,1,9,334.91775356095934
656847,1,1,9,665.5989326469772
656851,1,1,8,809.3235827570784
656877,1,1,9,607.935851576459
656899,1,1,4,0.42645458358136
656907,1,1,8,697.2955786556295
656909,1,1,9,865.0861287301572
656930,1,1,7,162.0776674612389
656938,1,1,3,92.58932801551092
656942,1,1,3,91.83113670584261
656943,1,1,6,479.4098832571112
656949,1,1,8,781.4503011244645
656964,1,1,5,0.42645457969393247
656965,1,1,5,0.42645457969393247
656969,1,1,10,459.1544692997087
656985,1,1,9,226.8313912010126
656995,1,1,9,569.4200948579619
657005,1,1,4,0.42645458358136
657012,1,1,6,178.53591245742882
657040,1,1,3,80.62998732163057
657042,1,1,5,0.42645456789925423
657065,1,1,8,912.9672184258568
657066,1,1,10,459.0567295685235
657084,1,1,9,389.9445919333988
657085,1,1,7,123.57393811315637
657089,1,1,8,642.4395440763507
657113,1,1,9,544.4178586146137
657123,1,1,4,0.42645458358136
657124,1,1,10,691.7969338949788
657125,1,1,6,799.8576557836816
657127,1,1,4,0.42645458358136
657168,1,1,10,541.5564930707185
657172,1,1,3,91.27985574928525
657183,1,1,10,460.2972002594646
657198,1,1,5,0.42645457969393247
657206,1,1,3,91.33023836063289
657210,1,1,10,462.49388494689885
657213,1,1,2,475.2179208144712
657215,1,1,4,0.42645458358136
657231,1,1,4,0.42645458358136
657240,1,1,4,0.42645458358136
657253,1,1,3,48.22301796680094
657262,1,1,1,458.8389278859745
657264,1,1,6,438.18751715194503
657278,1,1,8,629.3349718267212
657284,1,1,10,216.04051850788846
657289,1,1,9,864.8134641825416
657292,1,1,6,517.2786046472204
657296,1,1,6,539.8181827583401
657298,1,1,4,0.42645458358136
657318,1,1,5,0.42645457969393247
657345,1,1,6,478.43868706220366
657348,1,1,5,0.42645456789925423
657349,1,1,2,305.7996357200298
657368,1,1,5,0.42645457969393247
657384,1,1,9,636.3274740915111
657387,1,1,3,37.25469360396475
657399,1,1,5,0.42645457969393247
657414,1,1,8,368.30199014163736
657415,1,1,1,632.6936754703346
657417,1,1,6,556.3978638422539
657423,1,1,6,293.6206154913728
657424,1,1,5,0.42645457969393247
657435,1,1,9,875.870820264278
657469,1,1,8,809.210082929347
657487,1,1,6,783.2052302758365
657492,1,1,10,468.05196325652685
657496,1,1,6,318.50395600674074
657513,1,1,8,830.2158392877254
657514,1,1,9,860.6327198193557
657533,1,1,5,0.42645457969393247
657540,1,1,4,0.42645458358136
657563,1,1,3,39.53396940925947
657567,1,1,7,123.6247651788971
657570,1,1,4,0.42645458358136
657613,0,1,0,0.11432184243206353
657633,1,1,9,883.7869195893637
657638,1,1,8,885.4273717779598
657656,1,1,9,794.3618378656134
657661,1,1,5,0.42645457969393247
657671,1,1,5,0.42645457969393247
657675,1,1,4,0.42645458358136
657676,1,1,10,669.7054933866458
657687,1,1,3,61.005127765152835
657690,1,1,3,89.58922351669452
657703,1,1,7,32.958841652182045
657706,1,1,10,404.6387930712896
657707,1,1,6,790.5252365036333
657715,1,1,6,569.1606865719515
657723,1,1,4,0.42645458358136
657724,1,1,6,360.6976698779294
657725,1,1,5,0.42645457969393247
657750,1,1,7,101.45321220531619
657775,1,1,5,0.42645457969393247
657783,1,1,5,0.42645457969393247
657808,1,1,10,260.87669892547353
657836,1,1,4,0.42645458358136
657844,1,1,10,439.563331268355
657846,1,1,8,280.0176361665392
657852,1,1,10,343.13759248272765
657858,1,1,10,658.5112678584392
657863,1,1,4,0.42645458358136
657865,1,1,10,718.6724983189406
657872,1,1,6,618.0978946387471
657882,1,1,2,247.36308445288807
657892,1,1,8,166.4979890274607
657914,1,1,8,408.37302316688795
657923,1,1,8,486.09450266682114
657926,1,1,4,0.42645458358136
657930,1,1,4,0.42645458358136
657933,1,1,8,560.7496371463747
657947,1,1,8,947.6366418741643
657952,1,1,10,549.2988467193675
657959,1,1,7,139.74086469038548
657970,1,1,10,345.1664092992915
657974,1,1,4,0.4264545919581291
657983,1,1,8,489.41571072242067
657985,1,1,3,91.63134069041271
657992,1,1,8,536.3160284157451
657994,1,1,1,512.805248792893
658003,1,1,9,545.348585962829
658024,1,1,8,893.1792934884496
658027,1,1,8,389.05061971293134
658031,1,1,5,0.42645457969393247
658058,0,1,0,0.15742703634518354
658063,1,1,8,333.27606809667185
658068,1,1,6,665.137737039256
658069,1,1,10,399.45927293508726
658076,1,1,9,501.33424620818846
658087,1,1,8,556.9513107065068
658088,1,1,6,800.2228078405998
658096,1,1,3,86.84398706645048
658098,1,1,6,396.18769394668385
658100,1,1,6,782.0393714133535
658106,1,1,1,682.7638807760748
658119,1,1,8,902.5673674256478
658130,1,1,5,0.42645457969393247
658161,1,1,10,534.7807519141405
658168,1,1,4,0.42645458358136
658169,1,1,4,0.42645458358136
658173,1,1,9,233.19602412529517
658175,1,1,8,830.7228014569548
658186,1,1,6,591.1192190398095
658191,1,1,9,840.9605089316279
658205,1,1,5,0.42645457969393247
658212,1,1,1,349.09720501789263
658214,1,1,7,164.43431337886196
658223,1,1,8,947.2626210262115
658227,1,1,9,822.4275936022934
658230,1,1,4,0.42645458358136
658231,1,1,9,515.1270279362088
658237,1,1,4,0.42645458358136
658255,1,1,4,0.42645458358136
658263,1,1,9,396.48513734461636
658270,1,1,9,384.82381092464345
658277,1,1,9,180.4358083460733
658284,1,1,1,268.61079496301323
658290,1,1,7,84.20709286738257
658292,1,1,7,69.75635165687429
658298,1,1,9,335.7005970249073
658314,1,1,7,104.09064864743172
658320,1,1,5,0.42645457969393247
658333,1,1,10,244.4060649564823
658348,1,1,9,785.8039119458889
658350,1,1,6,483.29052303154515
658357,1,1,5,0.42645457969393247
658379,1,1,2,394.30508252349256
658384,1,1,3,50.463956463020715
658389,1,1,3,33.510500183241426
658401,1,1,4,0.42645458358136
658410,1,1,3,91.08547699611796
658411,1,1,9,757.83672540285
658421,1,1,8,443.5988736143184
658437,1,1,5,0.42645457969393247
658439,1,1,4,0.42645458358136
658446,1,1,9,402.98245572213364
658461,1,1,9,405.55980491066964
658469,1,1,10,428.65927804318886
658479,1,1,4,0.42645458358136
658482,1,1,5,0.42645456789925423
658505,1,1,9,596.2577748688649
658519,1,1,5,0.42645457969393247
658538,1,1,10,151.73084077436948
658544,1,1,4,0.42645458358136
658558,1,1,4,0.42645458358136
658560,1,1,4,0.42645458358136
658575,1,1,9,728.0670538520537
658582,1,1,6,649.8499128565661
658596,1,1,6,460.4634750337774
658602,1,1,5,0.42645457969393247
658607,1,1,1,703.5673134073587
658617,1,1,10,576.5985679083436
658622,1,1,3,44.700960584390515
658636,1,1,8,765.554354018714
658647,1,1,6,788.9154783710472
658648,1,1,5,0.42645457969393247
658652,1,1,4,0.42645458358136
658653,1,1,9,284.03373932314713
658656,1,1,9,617.5948592439045
658673,1,1,8,748.3853934256439
658691,1,1,10,679.0284011260833
658692,1,1,6,376.90636552677506
658694,1,1,5,0.42645457969393247
658702,1,1,5,0.42645457969393247
658714,1,1,9,865.8534335762008
658724,1,1,5,0.42645457969393247
658729,1,1,6,227.01619311986644
658754,1,1,5,0.42645457969393247
658758,1,1,8,473.9440741568927
658760,1,1,2,109.43946968311377
658771,1,1,6,389.61438267135446
658790,1,1,6,738.3271993882695
658796,1,1,8,551.6829743118491
658799,1,1,4,0.42645458358136
658800,1,1,4,0.42645458358136
658806,1,1,10,461.0880136819184
658849,1,1,9,787.9156697962788
658859,0,1,0,0.22052553971707448
658883,1,1,6,764.3198479296265
658886,1,1,7,129.60120616913218
658897,1,1,4,0.42645458358136
658903,1,1,9,199.18158177321754
658907,1,1,9,360.0379371267182
658911,1,1,8,538.4990814729096
658936,1,1,10,716.8956498358734
658940,1,1,6,804.2773506925209
658950,1,1,1,759.6501557773247
658955,1,1,6,558.4836288031453
658971,1,1,9,567.2505774073155
658984,1,1,5,0.42645457969393247
659005,1,1,9,772.8538639031291
659055,1,1,1,582.0796307521506
659060,1,1,9,786.1282970618623
659064,1,1,10,719.8062452182363
659073,1,1,10,274.04795458615183
659079,1,1,10,609.0112236717129
659087,1,1,5,0.42645457969393247
659100,1,1,7,166.30036176761791
659115,1,1,4,0.42645458358136
659143,1,1,2,184.041968325219
659145,1,1,5,0.42645457969393247
659147,1,1,9,469.0445477982746
659150,1,1,4,0.42645458358136
659152,1,1,4,0.4264545919581291
659191,1,1,9,832.843651666812
659195,1,1,9,875.1641953658336
659197,1,1,4,0.42645458358136
659210,1,1,6,534.4085870395542
659211,1,1,8,153.19041621904174
659217,1,1,9,516.7635877333099
659234,1,1,2,214.22300289848104
659237,1,1,6,212.61046150121888
659245,1,1,9,489.1392731235464
659258,1,1,9,778.4073824175524
659259,1,1,9,286.34558805481345
659263,1,1,8,388.17695375960494
659279,1,1,8,808.6381357826617
659280,1,1,4,0.42645458358136
659288,1,1,6,722.1139028297624
659293,1,1,8,902.2063939276833
659299,1,1,10,339.76590082515867
659303,1,1,6,207.16534599635807
659309,1,1,7,174.79096222275757
659322,1,1,10,449.10580418474274
659342,1,1,3,60.36839950808346
659360,1,1,8,913.0878225588098
659361,1,1,6,557.6680242196214
659366,1,1,7,173.21240103996297
659394,1,1,8,639.8089170922798
659427,1,1,4,0.42645458358136
659464,1,1,9,642.9550929212401
659473,1,1,5,0.42645457969393247
659475,1,1,1,758.3782755773902
659485,1,1,9,711.4700139803185
659487,1,1,8,306.1302443095604
659493,1,1,5,0.42645456789925423
659514,1,1,8,889.0641247182617
659523,1,1,10,668.5953429031281
659536,1,1,4,0.42645458358136
659551,1,1,4,0.42645458358136
659561,1,1,8,779.7382417115256
659563,1,1,6,410.8452454970743
659570,1,1,2,469.08863734095434
659588,1,1,4,0.42645458358136
659594,1,1,7,26.670401151695394
659616,1,1,6,716.6727177746131
659641,1,1,5,0.42645457969393247
659646,1,1,8,870.9053534048547
659691,1,1,5,0.42645457969393247
659695,1,1,5,0.42645457969393247
659697,1,1,5,0.42645457969393247
659708,1,1,5,0.42645457969393247
659712,1,1,9,442.4559584357403
659715,1,1,4,0.42645458358136
659739,1,1,9,620.7629315843897
659743,1,1,9,710.5391045761181
659750,1,1,4,0.42645458358136
659754,1,1,10,272.5504908294795
659780,1,1,4,0.42645458358136
659781,1,1,9,793.3397233735519
659792,1,1,5,0.42645457969393247
659795,1,1,8,475.4047953109534
659814,1,1,6,479.8884902251529
659842,1,1,10,677.4605490220802
659847,1,1,9,499.07803957705653
659859,1,1,8,662.0996829458406
659863,1,1,8,826.0486861299497
659866,1,1,8,442.2081813575065
659877,1,1,10,324.2254954357718
659885,1,1,5,0.42645457969393247
659891,1,1,9,492.3353445873862
659912,1,1,6,716.5561462318931
659914,1,1,4,0.42645458358136
659916,1,1,6,455.99472044633353
659918,1,1,3,91.08051448406512
659927,1,1,10,390.75515398892315
659941,1,1,8,163.25090785211225
659946,1,1,10,647.0159991892193
659952,1,1,8,488.0870401482935
659959,1,1,8,235.51864490341222
659960,1,1,9,892.0821536028718
659965,1,1,9,285.6863590265232
659974,1,1,4,0.42645458358136
659994,1,1,4,0.42645458358136
660004,1,1,8,492.64847796375284
660006,1,1,8,332.15329935729807
660014,1,1,4,0.42645457969393247
660024,1,1,10,719.3567752347643
660030,1,1,4,0.42645458358136
660041,0,1,0,0.09712974916143345
660066,1,1,2,240.6937859484767
660072,1,1,9,529.1142233523288
660076,1,1,8,811.0864151947081
660080,1,1,9,581.4282594278131
660089,1,1,10,643.132161396658
660112,1,1,10,101.46718289639253
660116,1,1,7,108.40820277568726
660128,0,1,0,0.10304727496317675
660137,1,1,8,337.13726902347724
660151,1,1,8,213.22317364828186
660188,1,1,8,211.4894648982774
660194,1,1,4,0.42645458358136
660202,1,1,9,44.40514545693072
660211,1,1,10,359.3388642160576
660213,1,1,8,524.5086194369812
660224,1,1,8,538.6821331655832
660244,1,1,8,824.5067029342086
660251,1,1,1,547.5955545072009
660267,1,1,6,497.53996318493654
660269,1,1,9,863.1786211032962
660280,1,1,10,718.6810092358321
660282,1,1,4,0.42645458358136
660285,1,1,4,0.42645458358136
660293,1,1,8,590.0402226099454
660294,0,1,0,0.1096936755331307
660305,1,1,3,90.79004823122753
660309,1,1,2,379.44889686821085
660317,1,1,9,735.0910126551307
660324,1,1,8,395.86466412516324
660330,1,1,9,774.4208709583736
660365,1,1,10,189.62498615626544
660370,1,1,1,376.7773118023153
660372,1,1,5,0.42645457969393247
660376,1,1,6,262.1210682679786
660383,1,1,6,476.45222022147897
660399,1,1,1,233.87317819303425
660401,1,1,9,825.0587335177241
660415,1,1,9,890.4797845087238
660417,1,1,10,452.4370518512733
660439,1,1,9,540.5204942668395
660440,1,1,8,413.0308755218615
660442,1,1,10,495.1030719184158
660451,1,1,7,174.043925635962
660458,1,1,9,837.4654675852881
660467,1,1,1,433.54506453615073
660470,1,1,8,811.7366762797789
660471,1,1,9,726.4473230039171
660476,1,1,1,606.4734191718663
660478,1,1,10,86.20815880710316
660479,1,1,10,331.636432993664
660488,1,1,5,0.42645457969393247
660489,1,1,6,541.2877211654899
660490,1,1,4,0.42645458358136
660499,1,1,9,739.3183085423149
660515,1,1,8,642.2415597608923
660530,1,1,6,321.21697838486233
660539,1,1,9,89.65506937474167
660541,1,1,9,685.4589918447172
660567,1,1,9,249.22433768141352
660582,1,1,4,0.42645458358136
660585,1,1,3,68.48192045418543
660589,1,1,6,654.4090339362859
660596,1,1,6,284.02353236914837
660598,1,1,9,563.044689381403
660616,1,1,4,0.42645458358136
660621,1,1,5,0.42645457969393247
660635,1,1,5,0.42645457969393247
660642,1,1,9,825.1949772980499
660651,1,1,7,161.23509800763503
660652,1,1,10,343.249396733158
660667,1,1,7,168.35841422207372
660696,1,1,5,0.42645457969393247
660717,0,1,0,0.10224417822465243
660744,1,1,5,0.42645456789925423
660760,1,1,6,779.6567095676289
660762,1,1,5,0.42645457969393247
660767,1,1,9,431.5193634089505
660783,1,1,5,0.42645457969393247
660788,1,1,8,793.822118655105
660799,1,1,10,97.25880735037603
660806,1,1,5,0.42645457969393247
660829,1,1,9,466.9247580951522
660855,1,1,4,0.42645458358136
660864,1,1,7,122.3249660396252
660866,1,1,5,0.42645457969393247
660882,1,1,4,0.42645458358136
660883,1,1,7,61.606465772615884
660891,1,1,5,0.42645457969393247
660893,1,1,6,494.94154568202094
660927,1,1,8,343.87946988554387
660933,1,1,6,132.17277096800095
660934,1,1,4,0.42645458358136
660940,1,1,8,378.9100438574192
660948,1,1,10,156.3172290641889
660964,1,1,6,517.5026874191448
660971,1,1,7,42.04140456805049
660981,1,1,10,723.2429445912857
661005,1,1,9,730.1452001034996
661007,1,1,5,0.42645457969393247
661017,1,1,8,941.6981987590358
661040,1,1,8,723.9953886358883
661042,1,1,3,57.9453073240578
661054,1,1,4,0.42645458358136
661057,1,1,8,834.5121336320383
661076,1,1,4,0.42645458358136
661079,1,1,10,459.3000151533089
661095,1,1,9,579.4563508593511
661097,1,1,9,655.0024912054832
661102,1,1,9,333.5871460004433
661118,1,1,4,0.42645458358136
661138,1,1,5,0.42645457969393247
661141,1,1,10,460.65258774191227
661148,1,1,5,0.42645457969393247
661155,1,1,5,0.42645457969393247
661159,1,1,8,690.9374467928249
661169,0,1,0,0.082033741558718
661198,1,1,4,0.42645458358136
661208,1,1,9,810.717037220353
661216,1,1,6,786.0905199479583
661223,1,1,2,272.4030261437921
661231,1,1,6,623.9583736690483
661234,1,1,4,0.42645458358136
661239,1,1,6,431.6667027116933
661242,1,1,1,640.5210678690167
661253,1,1,7,97.96838113006316
661260,1,1,1,687.8525310753878
661263,1,1,6,676.8588791311945
661269,1,1,9,386.9957899764296
661271,1,1,9,881.6261783957915
661273,1,1,9,511.6542702754747
661274,1,1,8,278.8721253594628
661282,1,1,3,93.69976659031862
661310,1,1,6,793.2912193701728
661313,1,1,8,837.3184004379376
661314,1,1,5,0.42645457969393247
661326,1,1,8,274.30545064950724
661335,1,1,9,747.2314429156497
661355,1,1,2,76.50757368277274
661359,1,1,9,510.3001404664046
661361,1,1,9,547.6157506356385
661365,1,1,5,0.42645457969393247
661373,1,1,4,0.42645458358136
661377,1,1,8,511.39758685729896
661385,1,1,6,547.821608333474
661388,1,1,8,448.2910056604486
661396,1,1,5,0.42645457969393247
661407,1,1,4,0.42645458358136
661410,1,1,9,701.4581949137776
661413,1,1,5,0.42645457969393247
661426,1,1,10,541.1806400690311
661434,1,1,4,0.42645458358136
661444,1,1,10,719.8429065126247
661445,0,1,0,0.11238729986982716
661449,1,1,9,67.09339330471626
661469,1,1,10,524.393904561489
661499,1,1,7,75.65908124711936
661500,1,1,1,607.983697703241
661511,0,1,0,0.1660493480717087
661516,0,1,0,0.13973396987139167
661531,1,1,5,0.42645457969393247
661548,1,1,7,154.49678015595447
661559,1,1,6,264.8945530250559
661566,1,1,6,284.44498429620495
661569,1,1,7,143.25700117777905
661573,1,1,6,481.5008037569083
661578,1,1,8,346.82720105021
661587,1,1,2,453.140338874801
661607,1,1,5,0.42645457969393247
661613,1,1,4,0.42645458358136
661618,1,1,7,165.25994223468376
661628,1,1,8,357.04698064230286
661629,1,1,1,543.7076748897722
661631,1,1,9,567.3496155619123
661635,1,1,5,0.42645457969393247
661655,1,1,10,383.4631045825676
661662,1,1,5,0.42645457969393247
661685,1,1,9,839.0180141967312
661692,1,1,1,351.1053897123409
661697,1,1,8,714.0994500021668
661703,1,1,4,0.42645458358136
661711,1,1,4,0.42645458358136
661722,1,1,8,748.9160444987428
661724,1,1,8,224.59254510655572
661727,1,1,1,756.524643163365
661773,1,1,4,0.42645458358136
661776,1,1,4,0.42645458358136
661785,1,1,8,375.14536037271495
661795,1,1,1,751.8053037058372
661800,1,1,6,247.00784501038152
661818,1,1,9,544.9964754053491
661822,1,1,2,118.69185261722427
661830,1,1,4,0.42645458358136
661831,1,1,6,297.77061471916625
661833,1,1,1,712.7228064345877
661838,1,1,8,841.1341910426028
661846,1,1,3,90.71449265966028
661860,1,1,7,153.91906152474394
661875,1,1,5,0.42645457969393247
661884,1,1,5,0.42645457969393247
661892,1,1,1,639.7844802097387
661900,1,1,6,316.06014660913274
661906,1,1,6,536.5653940582314
661930,1,1,3,53.58196493102877
661933,1,1,8,819.943958552136
661960,1,1,5,0.42645457969393247
661971,1,1,5,0.42645457969393247
661983,1,1,5,0.42645457969393247
661988,1,1,5,0.42645457969393247
661997,1,1,9,564.1352827718163
662007,1,1,5,0.42645457969393247
662027,1,1,10,580.9403947242338
662030,1,1,9,535.8767841555891
662046,1,1,5,0.42645457969393247
662051,1,1,10,577.7319717053667
662059,1,1,8,600.9678311205699
662069,1,1,9,404.7553254068726
662074,1,1,4,0.42645458358136
662080,1,1,6,544.0968895848974
662092,1,1,6,438.40672233889916
662098,1,1,9,723.8516422349916
662102,1,1,10,395.6809923826681
662104,1,1,8,762.4286166362677
662111,1,1,5,0.42645457969393247
662125,1,1,10,708.7844071321719
662131,1,1,4,0.42645458358136
662139,1,1,9,486.64753817171874
662153,1,1,5,0.42645457969393247
662175,1,1,4,0.42645458358136
662178,1,1,5,0.42645457969393247
662202,1,1,4,0.42645458358136
662217,1,1,6,614.4133211568545
662227,1,1,10,364.3216835519836
662249,1,1,7,156.97977194291565
662251,1,1,4,0.4264545919581291
662265,1,1,10,540.8395411685755
662268,1,1,6,731.5175285229325
662271,1,1,9,585.3097757993366
662278,1,1,6,487.1211189384598
662293,0,1,0,0.11411226365498964
662295,1,1,9,884.0565937858942
662305,1,1,7,134.43350561866944
662316,1,1,5,0.42645457969393247
662331,1,1,10,720.0775829414338
662338,1,1,8,676.0014872980412
662351,1,1,10,722.569786055931
662362,1,1,5,0.42645457969393247
662366,1,1,7,145.3673724403426
662368,1,1,9,833.0112649697851
662388,1,1,4,0.42645458358136
662394,1,1,3,90.25761820910361
662402,1,1,6,458.72594894002793
662424,1,1,6,476.04282940901516
662431,1,1,6,363.12393686374963
662434,1,1,7,156.87633564312952
662449,1,1,4,0.42645458358136
662477,1,1,10,314.20767131517965
662480,1,1,2,363.88775606967175
662481,1,1,4,0.42645458358136
662489,1,1,4,0.42645458358136
662490,1,1,6,541.2222255486718
662492,1,1,4,0.42645458358136
662513,1,1,4,0.42645458358136
662527,0,1,0,0.08488028052647524
662535,1,1,10,721.6894093449329
662546,1,1,4,0.42645458358136
662554,1,1,10,254.46200945701077
662556,1,1,6,655.2210133441694
662558,1,1,4,0.42645458358136
662573,1,1,9,832.259975877856
662576,1,1,9,611.8637032716271
662578,1,1,6,775.6371395033935
662596,1,1,5,0.42645457969393247
662597,1,1,9,877.825545238418
662601,1,1,6,505.60289280838424
662607,1,1,6,446.7977664090177
662631,1,1,9,269.073270332266
662640,1,1,9,577.9227638756097
662656,1,1,4,0.42645458358136
662673,1,1,5,0.42645457969393247
662674,1,1,4,0.42645458358136
662682,1,1,9,421.6131996776994
662705,1,1,7,153.746607334228
662725,1,1,8,544.9955396812487
662728,1,1,9,662.7730678425085
662740,1,1,5,0.42645457969393247
662748,1,1,4,0.42645458358136
662771,1,1,10,718.8405682293242
662779,1,1,4,0.42645458358136
662791,1,1,8,812.3588179740534
662798,1,1,6,474.5791804920734
662847,1,1,2,421.01794606245744
662849,1,1,10,480.7345525998643
662853,1,1,5,0.42645457969393247
662862,1,1,5,0.42645457969393247
662870,1,1,7,115.59606174174719
662872,1,1,6,809.8542502038107
662889,1,1,5,0.42645457969393247
662895,1,1,6,639.2805566488462
662905,1,1,3,91.7705810518065
662917,1,1,6,716.7317019382259
662924,1,1,8,941.0774312256959
662993,1,1,4,0.42645458358136
663022,1,1,7,94.31114640539315
663039,1,1,9,639.9401219127119
663050,1,1,10,429.71564226653794
663067,1,1,4,0.42645458358136
663086,1,1,9,890.4912457792738
663092,1,1,10,674.1428040502263
663097,1,1,5,0.42645457969393247
663112,1,1,8,833.3404760894754
663114,1,1,5,0.42645457969393247
663116,1,1,1,721.0640442200066
663141,1,1,6,657.5784102738393
663147,1,1,10,314.54996854527667
663170,1,1,6,401.9342468013735
663184,1,1,4,0.42645458358136
663185,1,1,4,0.42645458358136
663188,1,1,3,89.34259198103358
663192,1,1,10,637.1222989664203
663194,1,1,9,268.9964692524988
663205,1,1,10,459.51653391096045
663221,1,1,7,76.25036159422136
663235,1,1,5,0.42645457969393247
663249,1,1,5,0.42645457969393247
663255,1,1,4,0.42645458358136
663266,1,1,6,527.3892074232078
663270,1,1,6,485.96488557394565
663275,1,1,7,174.37355298977602
663277,1,1,7,130.08523761237043
663288,1,1,4,0.4264545919581291
663315,1,1,8,850.0486033800818
663327,1,1,1,622.6410444751865
663340,0,1,0,0.11432006796840007
663342,1,1,9,334.0904577178675
663348,1,1,6,695.4514091276376
663359,1,1,5,0.42645457969393247
663364,1,1,6,542.1570266093601
663368,1,1,4,0.42645458358136
663373,1,1,9,831.0264526701277
663384,1,1,4,0.42645458358136
663388,1,1,10,575.5951494835975
663390,1,1,3,56.65666747013147
663397,1,1,9,378.7547574868877
663425,1,1,9,413.29653004176953
663432,1,1,8,256.7821552266531
663441,1,1,4,0.42645458358136
663455,1,1,8,805.1411907872623
663457,1,1,10,406.71452577352204
663462,1,1,9,609.7715322910019
663463,1,1,7,172.00555418738574
663464,1,1,7,146.2355460443277
663506,1,1,4,0.42645458358136
663517,1,1,10,722.4999236697032
663519,1,1,8,251.77597434098112
663540,1,1,4,0.42645458358136
663544,1,1,5,0.42645457969393247
663565,1,1,10,462.880887333162
663571,1,1,7,79.249174327937
663594,1,1,8,562.0572632239636
663596,0,1,0,0.17133669325211817
663602,1,1,2,238.83998146650453
663603,1,1,8,809.734895075669
663609,1,1,9,649.5588049039181
663629,1,1,5,0.42645457969393247
663630,1,1,8,398.96518071953824
663638,1,1,7,156.009132640165
663645,1,1,9,249.33295503207978
663655,1,1,10,267.80139713688305
663657,0,1,0,0.14341533608261967
663658,1,1,9,479.5201100077892
663673,1,1,8,889.338618053819
663679,1,1,8,528.4517574034725
663700,1,1,1,327.2089712118234
663706,1,1,3,90.6879435638625
663721,1,1,9,437.02528797651337
663727,1,1,9,866.6628127405371
663758,1,1,9,765.7666039355199
663768,1,1,2,276.5649396109689
663775,0,1,0,0.158647679774709
663778,1,1,8,473.6857652885863
663785,1,1,6,350.83727469900487
663797,1,1,10,305.41270766756776
663812,1,1,4,0.42645458358136
663818,1,1,9,502.04701869029003
663831,1,1,7,31.106200698204834
663832,1,1,4,0.42645458358136
663833,1,1,9,735.6297444977085
663838,1,1,5,0.42645457969393247
663848,1,1,10,721.2857360033508
663861,1,1,6,339.02152388347446
663906,1,1,8,923.6309737043305
663907,1,1,1,663.7480512565204
663909,1,1,2,366.8114599675667
663910,1,1,9,208.95399891559705
663913,0,1,0,0.2501251942536601
663915,1,1,10,371.158956736264
663935,1,1,7,86.86222443584255
663937,1,1,3,59.128259445366645
663943,1,1,6,782.9187606328002
663951,1,1,6,437.3319227074523
663952,1,1,8,326.99441572307416
663963,1,1,8,430.44898618512366
663967,1,1,7,153.1494997409372
663985,1,1,6,787.2535657065025
663991,1,1,3,86.89689832047574
664006,1,1,9,608.00837185201
664009,1,1,8,837.6547250023874
664018,1,1,8,936.7805159856827
664030,1,1,2,183.19810344199257
664033,1,1,1,416.6622970683812
664044,1,1,7,141.4081511256727
664049,1,1,9,316.50698618333877
664071,1,1,5,0.42645457969393247
664085,1,1,6,477.80650215073547
664086,1,1,10,363.66201493780545
664088,1,1,9,797.043527167534
664089,1,1,5,0.42645457969393247
664174,0,1,0,0.12359727015984939
664176,1,1,10,575.6966061743619
664206,1,1,1,416.70447956085593
664207,1,1,10,272.2140811526853
664209,1,1,6,807.115410400403
664228,1,1,10,502.66097712727503
664234,1,1,9,213.72106479911866
664239,1,1,5,0.42645457969393247
664244,1,1,9,498.620216336777
664246,1,1,3,80.54707673434115
664251,1,1,10,650.4407996709264
664266,1,1,1,181.72412003895147
664267,1,1,9,708.0154312986175
664284,1,1,9,71.1735050086469
664299,1,1,1,528.1599084237092
664306,1,1,9,437.70783035003006
664315,1,1,6,487.0056389924909
664317,1,1,1,563.4822191153169
664329,1,1,9,527.4575957997254
664364,1,1,5,0.42645457969393247
664376,1,1,8,647.1174490409392
664385,1,1,2,392.4003556580492
664386,1,1,4,0.42645458358136
664389,1,1,5,0.42645457969393247
664403,1,1,9,724.581502524034
664425,1,1,9,484.3771040421785
664443,1,1,6,362.7226687564763
664445,1,1,3,88.41623475961647
664447,1,1,10,439.14942692766357
664482,1,1,9,864.9147691170419
664486,1,1,2,380.2598703630595
664507,1,1,6,582.352576881806
664527,1,1,1,402.8020535422648
664555,1,1,3,86.31498774441675
664562,1,1,8,843.781561148944
664580,1,1,6,534.6323995180504
664587,1,1,9,354.009889757625
664590,1,1,2,380.3632859670635
664598,1,1,10,296.95648921908554
664604,1,1,1,497.09054523244293
664630,1,1,9,578.6886508641179
664635,1,1,2,208.63415860387514
664640,1,1,8,371.09517959831123
664641,1,1,6,656.2480065255154
664654,1,1,4,0.42645458358136
664659,1,1,9,533.9671993592759
664660,1,1,1,464.75939963474747
664671,1,1,2,371.31010582867026
664673,1,1,9,609.8100743760457
664676,1,1,4,0.42645458358136
664700,1,1,6,195.24052667170554
664718,1,1,8,835.0404026000382
664729,1,1,10,624.4467316679062
664732,1,1,10,404.998015987503
664748,1,1,10,592.723298156189
664750,1,1,6,458.4084750091702
664770,1,1,9,608.8792371006805
664780,1,1,4,0.42645458358136
664790,1,1,5,0.42645457969393247
664792,1,1,5,0.42645457969393247
664798,1,1,8,551.0185482370044
664802,1,1,4,0.42645458358136
664813,1,1,4,0.42645458358136
664822,1,1,4,0.42645458358136
664839,1,1,5,0.42645457969393247
664840,1,1,9,876.9619270997366
664843,1,1,10,682.8691269586204
664853,1,1,7,62.71383796943369
664886,1,1,8,594.2698763449482
664906,1,1,9,800.1220555242252
664910,1,1,8,571.6684818088145
664917,1,1,1,510.2004262367841
664930,1,1,5,0.42645456789925423
664939,1,1,7,5.893500147772255
664940,1,1,9,752.1710643306158
664943,1,1,9,482.19317698319185
664953,1,1,6,491.53192482689656
664970,1,1,4,0.42645458358136
665000,1,1,4,0.42645458358136
665011,1,1,8,284.6568802119589
665012,1,1,4,0.42645458358136
665015,1,1,8,833.9001849121964
665016,1,1,5,0.42645457969393247
665034,1,1,1,513.8593346763595
665044,1,1,1,753.6855898514328
665060,1,1,8,349.5074323245199
665065,1,1,10,463.5203696214047
665103,1,1,10,716.9751436508978
665107,1,1,9,308.69281527117846
665125,1,1,7,166.6893335793956
665132,1,1,4,0.42645458358136
665168,1,1,9,663.5849931963547
665211,1,1,7,82.1372552252551
665212,1,1,7,39.31544082413311
665215,1,1,10,623.4708437806058
665265,1,1,1,555.1703465376488
665286,1,1,5,0.42645457969393247
665287,1,1,10,136.79620474091277
665289,1,1,9,548.1074412500559
665323,1,1,8,556.4678402614377
665328,1,1,6,286.2595924440004
665343,1,1,9,499.93320251888167
665365,1,1,9,530.1709916018793
665374,1,1,9,421.0240401930064
665380,1,1,8,715.4681730322883
665384,1,1,8,500.00580024103306
665386,1,1,5,0.42645457969393247
665388,1,1,9,67.67333614684043
665406,1,1,5,0.42645457969393247
665416,1,1,8,651.6997818855481
665421,1,1,7,116.32877974883513
665423,1,1,6,303.43983042743747
665425,1,1,9,785.1813540467632
665426,1,1,8,765.3931036579198
665431,1,1,10,200.55929884042166
665446,1,1,6,539.7357441596259
665448,1,1,4,0.42645458358136
665450,1,1,6,751.7122685907104
665457,1,1,8,119.17482342251071
665462,1,1,9,890.4798040141712
665485,1,1,4,0.42645458358136
665490,1,1,5,0.42645457969393247
665498,1,1,10,121.3661902592439
665501,1,1,5,0.42645457969393247
665513,1,1,1,576.3459497043302
665526,1,1,8,553.8936882642107
665527,1,1,9,711.6401026358584
665535,1,1,9,642.4415523843165
665543,1,1,2,110.69474882557427
665551,1,1,8,637.5376448893043
665571,1,1,4,0.42645458358136
665575,1,1,8,394.71262154959805
665606,1,1,9,880.566730964048
665609,1,1,6,714.4797906234294
665610,1,1,2,153.43812794636946
665616,1,1,9,506.95962440222434
665621,1,1,5,0.42645456789925423
665628,1,1,5,0.42645456789925423
665634,1,1,9,543.7550503170231
665643,1,1,10,257.607980715007
665649,1,1,5,0.42645457969393247
665651,1,1,5,0.42645457969393247
665665,1,1,8,397.5356582667603
665671,1,1,9,476.8053243326418
665675,1,1,9,289.28686108398637
665683,1,1,4,0.42645458358136
665689,1,1,7,141.0644929101623
665690,1,1,9,445.6781481261105
665697,1,1,4,0.42645458358136
665699,1,1,10,658.4912221104704
665738,1,1,8,805.7092433369435
665739,1,1,4,0.42645458358136
665745,1,1,8,534.4326307301324
665748,1,1,2,315.6721384752809
665754,1,1,4,0.42645458358136
665761,1,1,10,650.8790411634177
665775,1,1,10,441.86378121513144
665780,1,1,6,124.13347180794617
665782,1,1,5,0.42645457969393247
665783,1,1,9,412.2690116714478
665794,1,1,4,0.42645458358136
665800,1,1,10,433.62956932473
665834,1,1,5,0.42645457969393247
665842,1,1,7,65.40928248290841
665847,1,1,5,0.42645457969393247
665852,1,1,5,0.42645457969393247
665863,1,1,8,164.16311415245107
665874,1,1,10,163.1613449201119
665904,1,1,4,0.4264545919581291
665905,1,1,9,781.9905036146771
665935,1,1,6,574.9394311673404
665955,1,1,9,672.0554653661756
665979,1,1,8,170.4635211238755
666007,1,1,9,568.5991777126541
666019,1,1,4,0.42645458358136
666034,1,1,4,0.42645458358136
666046,1,1,5,0.42645457969393247
666052,1,1,10,326.7638721822308
666071,1,1,10,459.48847551391407
666088,1,1,4,0.42645458358136
666091,1,1,5,0.42645457969393247
666101,1,1,6,287.43938761446833
666116,1,1,9,833.9592243797978
666125,1,1,9,590.6105814590073
666133,1,1,10,142.773232921088
666161,1,1,9,376.13337141120104
666166,1,1,9,766.6612725172291
666188,1,1,9,127.52265891064324
666193,1,1,10,516.1234689098222
666194,1,1,7,114.33860262023637
666214,1,1,5,0.42645457969393247
666240,1,1,9,252.7889129321399
666248,1,1,2,275.2905488843326
666257,1,1,4,0.42645458358136
666274,1,1,7,51.95496520540255
666276,1,1,10,201.08690919333486
666278,1,1,9,599.1958492980037
666282,1,1,8,684.2312082726453
666298,1,1,9,289.600387289942
666302,1,1,1,442.0306579321878
666309,1,1,9,625.0445958451755
666321,1,1,9,373.1828378106177
666323,1,1,6,555.2525990361904
666334,1,1,6,721.0658317671528
666377,1,1,3,89.23189845051655
666395,1,1,4,0.42645458358136
666408,1,1,9,613.8037172291586
666419,1,1,5,0.42645457969393247
666420,1,1,9,874.9866228558564
666426,1,1,8,810.7362618433522
666431,1,1,1,691.2098903008372
666454,1,1,5,0.42645457969393247
666455,1,1,3,60.741961066092315
666471,1,1,6,774.9423302066451
666474,1,1,7,162.32550427461393
666493,1,1,2,312.9495285026997
666495,1,1,9,702.8724944857378
666502,1,1,6,794.368256803365
666503,1,1,5,0.42645457969393247
666512,1,1,7,148.45480116324865
666530,1,1,5,0.42645457969393247
666533,1,1,10,204.0034318935271
666541,1,1,6,672.6462583422802
666554,1,1,4,0.42645458358136
666557,1,1,8,871.1533349598385
666570,1,1,10,621.4185580018044
666573,1,1,8,638.9424968174518
666582,1,1,9,163.9784476441229
666590,1,1,8,772.7805207681837
666597,1,1,5,0.42645457969393247
666605,1,1,4,0.42645458358136
666613,1,1,7,129.14909891785743
666616,1,1,5,0.42645456789925423
666625,1,1,9,717.9598338928519
666628,1,1,1,393.70126467747167
666629,1,1,7,75.19626503603764
666671,1,1,5,0.42645457969393247
666672,1,1,2,444.26407421843606
666681,1,1,3,83.71762093515255
666690,1,1,6,157.4269401881183
666696,1,1,10,217.46211109509554
666723,1,1,8,651.1782003161309
666728,1,1,2,452.3258011464252
666742,1,1,2,121.22778485514503
666777,1,1,4,0.42645458358136
666806,1,1,8,777.4625959458209
666811,1,1,1,547.492641592084
666814,1,1,5,0.42645457969393247
666828,1,1,6,390.03423432467196
666833,1,1,9,351.131166999216
666834,1,1,5,0.42645457969393247
666839,1,1,7,32.297772719109105
666840,1,1,1,353.9654564139519
666854,1,1,1,221.76524854097434
666855,1,1,9,876.1247891036872
666864,1,1,2,111.17980696547147
666875,1,1,5,0.42645457969393247
666898,1,1,10,502.3802811478829
666902,1,1,9,870.217530603435
666903,1,1,5,0.42645457969393247
666920,1,1,4,0.42645458358136
666938,1,1,5,0.42645457969393247
666941,1,1,8,674.3137935823826
666950,1,1,2,462.62428266546516
666991,1,1,10,401.9588249338467
666999,1,1,8,767.0881839943108
667002,1,1,9,737.2001616829201
667010,1,1,8,111.35708874433865
667016,1,1,6,500.01841381672193
667041,1,1,2,378.6098599585996
667047,1,1,1,671.0308331488687
667055,1,1,3,89.55715328769607
667062,1,1,7,160.09654871095063
667072,1,1,4,0.42645458358136
667084,1,1,4,0.42645458358136
667085,1,1,9,750.0873737143748
667098,1,1,10,465.47030573058174
667102,1,1,1,334.57043824774166
667103,1,1,5,0.42645457969393247
667118,1,1,5,0.42645457969393247
667127,1,1,9,503.45762994368977
667142,1,1,7,171.0088698363823
667162,1,1,5,0.42645457969393247
667164,1,1,9,612.883531816568
667173,1,1,8,631.5384409424207
667186,1,1,9,89.21080764299393
667197,1,1,9,156.3220387637935
667200,1,1,9,699.7392132840183
667211,1,1,5,0.42645457969393247
667220,1,1,10,625.9758802438923
667223,1,1,6,797.5711036949789
667226,1,1,5,0.42645457969393247
667267,1,1,4,0.42645458358136
667286,1,1,10,372.19577764734305
667310,1,1,8,800.9511698752422
667316,1,1,6,810.361885593051
667319,1,1,3,92.57120983389119
667320,1,1,9,783.3420605018881
667321,1,1,5,0.42645457969393247
667324,1,1,5,0.42645457969393247
667328,1,1,7,89.97312679797368
667331,1,1,5,0.42645457969393247
667345,1,1,6,780.5158379649456
667348,1,1,9,849.3039356318404
667365,1,1,7,173.34449066241527
667370,1,1,9,591.5768517742756
667372,1,1,5,0.42645457969393247
667374,0,1,0,0.1637766616003406
667376,1,1,7,23.697120429013196
667404,1,1,5,0.42645457969393247
667429,1,1,5,0.42645457969393247
667434,1,1,8,786.4574167638813
667443,1,1,8,644.3570150595913
667449,1,1,7,25.164176457878956
667468,1,1,8,387.6212925247483
667470,1,1,8,914.9610190124566
667477,1,1,9,833.1865175240414
667483,1,1,7,133.77269009450944
667489,1,1,9,878.1027332954267
667490,1,1,9,878.4943158349108
667514,1,1,10,245.69530765999144
667515,1,1,9,608.4748353926849
667523,1,1,1,268.8378689704527
667524,1,1,2,487.7397602921524
667537,1,1,9,808.5896498789084
667539,1,1,4,0.42645458358136
667544,1,1,5,0.42645457969393247
667547,1,1,6,546.4197661920015
667556,1,1,4,0.4264545919581291
667561,1,1,7,101.76708179339734
667563,1,1,2,419.1871759931267
667565,1,1,6,704.3071692249739
667572,1,1,4,0.42645458358136
667583,1,1,9,463.56165535890744
667605,1,1,6,714.2173394349206
667644,1,1,5,0.42645457969393247
667645,1,1,10,721.2205588832333
667646,1,1,4,0.42645458358136
667649,1,1,1,411.1011577499964
667674,1,1,1,661.3278534213138
667678,1,1,9,706.8363505322839
667694,0,1,0,0.1614181946343973
667695,1,1,6,746.8479287087079
667698,1,1,5,0.42645457969393247
667705,1,1,9,205.67909557818558
667710,1,1,5,0.42645457969393247
667711,1,1,10,550.9548418176408
667718,1,1,10,324.9436602020259
667722,1,1,10,197.6813599288131
667733,1,1,5,0.42645457969393247
667734,1,1,7,168.06755684155198
667738,1,1,9,611.5107553565315
667746,1,1,6,372.89284743163284
667785,1,1,1,623.3899051734775
667786,1,1,4,0.42645458358136
667807,0,1,0,0.2490015521454468
667834,1,1,8,325.6012815394488
667840,1,1,8,501.43267488689503
667843,1,1,5,0.42645457969393247
667877,1,1,5,0.42645457969393247
667888,1,1,10,459.94329068686505
667905,1,1,7,83.03709146016303
667924,1,1,6,624.0787272661859
667928,1,1,9,433.4554166570936
667941,1,1,9,781.0845742173829
667945,1,1,8,518.8684543583407
667951,1,1,9,497.29241237066987
667963,1,1,5,0.42645457969393247
667971,1,1,4,0.42645458358136
667984,1,1,5,0.42645457969393247
667986,1,1,10,628.7939022187277
667999,1,1,8,367.2472903187938
668002,1,1,8,387.6193700438656
668007,1,1,5,0.42645457969393247
668044,1,1,7,97.87517807259368
668060,1,1,4,0.42645458358136
668068,1,1,6,531.7229805079626
668072,1,1,1,449.6865552410174
668076,1,1,8,943.3155315460881
668078,1,1,2,114.59969155953499
668095,1,1,9,710.9727441731671
668098,1,1,9,428.98121284641434
668150,1,1,7,166.91461290442547
668163,1,1,6,731.8746595459374
668169,1,1,6,767.4168597924041
668185,1,1,10,138.68763521328435
668194,1,1,5,0.42645457969393247
668213,1,1,9,885.7311228885397
668257,1,1,3,90.01992479001154
668260,1,1,6,186.327132041189
668262,1,1,6,366.9576994961914
668266,1,1,9,642.2985199666832
668271,1,1,9,350.5990263646742
668319,1,1,10,452.49607985039637
668336,1,1,6,683.2740958513556
668337,1,1,4,0.42645458358136
668343,1,1,5,0.42645457969393247
668344,1,1,5,0.42645457969393247
668345,1,1,6,490.60277669550385
668355,1,1,8,220.16219555649377
668356,1,1,5,0.42645457969393247
668381,1,1,4,0.42645458358136
668388,1,1,6,782.9034263210664
668418,1,1,7,89.7206211172714
668423,1,1,6,786.6194792582546
668438,1,1,9,829.1486375648534
668440,1,1,5,0.42645457969393247
668450,1,1,4,0.42645458358136
668451,1,1,10,253.73424035390923
668459,1,1,5,0.42645457969393247
668463,1,1,5,0.42645457969393247
668473,1,1,5,0.42645457969393247
668495,1,1,6,406.74160527645705
668521,1,1,8,744.9482160822931
668530,1,1,6,325.8423688713394
668534,1,1,4,0.42645458358136
668537,1,1,8,761.1090682414824
668541,1,1,1,262.6548572835741
668544,1,1,6,458.2785516175103
668547,1,1,8,570.0188162449334
668548,1,1,9,709.3147838821579
668557,1,1,9,126.34393815855144
668584,1,1,8,619.0185856339131
668585,1,1,8,197.18305607712182
668598,0,1,0,0.10485613947671914
668614,1,1,1,207.71380884571133
668619,1,1,7,150.5034999281005
668630,1,1,6,551.9862509649496
668633,1,1,5,0.42645457969393247
668642,1,1,3,87.51767921023806
668649,1,1,9,864.1057996171888
668653,1,1,9,596.9629097189702
668672,1,1,2,207.703961741033
668673,1,1,10,694.1872786253215
668686,1,1,3,40.66292260975652
668692,1,1,4,0.42645458358136
668702,1,1,6,166.33229220724508
668710,1,1,10,232.9750586086236
668711,1,1,6,746.7206287520378
668741,1,1,4,0.42645458358136
668756,1,1,9,231.59145685889166
668772,1,1,8,378.6682653017863
668774,1,1,6,555.1302319246759
668792,1,1,5,0.42645457969393247
668801,1,1,8,569.6583991689029
668815,1,1,4,0.42645458358136
668841,1,1,1,474.5777821754628
668845,1,1,8,780.376028182849
668855,1,1,5,0.42645457969393247
668858,1,1,1,520.4803153252413
668866,1,1,1,734.3598331517605
668880,1,1,4,0.42645458358136
668889,1,1,8,414.24299782716577
668891,1,1,6,372.1120295340207
668922,1,1,4,0.42645458358136
668943,1,1,7,123.68937073458943
668944,1,1,2,393.65350850506695
668953,1,1,9,544.9145717481067
668960,1,1,3,90.39600261127242
668961,1,1,7,65.37363825893159
668976,1,1,10,724.1753273958722
668977,1,1,3,76.14065939118417
669009,1,1,1,669.0876429093554
669025,1,1,4,0.42645458358136
669035,1,1,6,691.5246202970233
669077,1,1,5,0.42645457969393247
669082,1,1,10,720.5178691852384
669086,1,1,9,557.1029567052674
669089,1,1,9,359.6652380871643
669115,1,1,8,866.6716252461486
669154,1,1,5,0.42645457969393247
669161,1,1,3,91.52594705229866
669184,1,1,3,92.10948715915139
669194,1,1,9,803.013892865152
669195,1,1,3,60.782419068264566
669201,1,1,1,288.3292371935167
669207,1,1,2,446.3824385079296
669211,1,1,10,451.57754732825174
669219,1,1,5,0.42645457969393247
669268,1,1,8,304.41861037574154
669269,1,1,1,188.13922045536063
669274,1,1,6,705.9736777062542
669281,1,1,6,596.1341514459751
669290,1,1,9,801.9261964730412
669292,1,1,6,554.1406930838415
669295,1,1,6,804.6316015209444
669301,1,1,1,537.5479338229209
669306,1,1,9,563.9245453121326
669307,1,1,9,700.2145898215011
669308,1,1,9,699.1082905154408
669324,1,1,2,59.40959105092615
669335,1,1,6,733.0620212965916
669337,1,1,1,559.125536797164
669368,1,1,9,174.75224968669096
669371,1,1,4,0.42645458358136
669377,1,1,7,54.78406372162339
669389,1,1,1,616.8209268022222
669407,1,1,6,180.50480725365924
669429,1,1,9,558.9836012977075
669432,1,1,6,390.93911573797504
669451,1,1,9,92.33052616322158
669461,1,1,9,263.3307140845695
669467,1,1,4,0.42645458358136
669487,1,1,10,292.69933026701364
669499,1,1,9,862.4163116663038
669521,1,1,1,202.21100622544773
669525,1,1,10,375.5106027090842
669531,1,1,9,771.6274855749808
669546,1,1,10,332.0841919483711
669562,1,1,4,0.42645458358136
669590,1,1,4,0.42645458358136
669606,1,1,4,0.42645458358136
669612,1,1,9,358.6286361581306
669616,1,1,5,0.42645457969393247
669617,1,1,4,0.42645458358136
669629,1,1,8,402.3962023608402
669634,1,1,9,536.7495662194556
669643,1,1,6,554.3126411638723
669645,1,1,5,0.42645457969393247
669663,1,1,8,209.4480570484379
669682,1,1,9,391.54330406731737
669684,1,1,9,230.96445036457598
669686,1,1,5,0.42645457969393247
669698,1,1,9,778.329523375778
669727,1,1,9,787.8835449378906
669734,1,1,6,383.67928580860547
669756,1,1,4,0.42645458358136
669761,1,1,9,199.24271313454346
669769,1,1,6,347.81152249931205
669773,1,1,10,372.38414183983264
669790,1,1,8,368.4793544655139
669798,1,1,5,0.42645457969393247
669812,1,1,5,0.42645457969393247
669836,1,1,4,0.42645458358136
669852,1,1,9,38.942517998499284
669855,1,1,9,565.5045430170993
669857,1,1,10,376.4596896632961
669867,1,1,7,161.0293118359685
669879,1,1,8,534.50984387306
669883,1,1,10,657.9869227997382
669895,1,1,8,809.0765830835835
669898,1,1,5,0.42645457969393247
669916,1,1,6,336.6493680396259
669917,1,1,5,0.42645457969393247
669923,1,1,1,762.1031626117432
669932,1,1,8,740.2619231874316
669939,1,1,8,516.9169585755017
669949,1,1,1,590.2766498296658
669978,1,1,9,418.7044104407197
669983,1,1,1,657.7571712026071
669985,1,1,9,382.3800460722561
669996,1,1,4,0.42645458358136
669997,1,1,9,444.1402179513999
670003,1,1,7,113.68612229502013
670008,1,1,9,775.7442819439898
670019,1,1,8,523.557419346914
670023,1,1,6,219.34771723615262
670028,1,1,5,0.42645457969393247
670038,1,1,1,439.56799954927385
670055,1,1,3,91.31990152133788
670057,1,1,10,202.7909067129642
670062,1,1,5,0.42645457969393247
670068,1,1,4,0.42645458358136
670079,1,1,6,792.678516231485
670110,1,1,9,123.57430206181344
670118,1,1,10,124.29756229965739
670121,1,1,8,715.9537289601452
670126,1,1,9,327.34288032876304
670129,1,1,6,192.16236711814787
670142,1,1,9,246.48770137301327
670147,1,1,6,541.8073233156249
670156,1,1,10,138.05429524832897
670160,1,1,6,318.3188120854294
670163,1,1,6,556.0865672936208
670164,1,1,6,358.87934405791026
670170,1,1,4,0.42645458358136
670171,1,1,7,69.62660165557891
670176,1,1,9,837.2672844870227
670184,1,1,5,0.42645457969393247
670186,1,1,8,827.3974527508617
670196,1,1,5,0.42645457969393247
670201,1,1,5,0.42645457969393247
670226,1,1,6,402.1664409879936
670230,1,1,10,323.4298582557403
670236,1,1,5,0.42645456789925423
670247,1,1,8,307.93983639097036
670251,1,1,9,662.8738398123803
670252,1,1,5,0.42645457969393247
670262,1,1,10,486.0222263004946
670297,1,1,9,834.9237464725666
670326,1,1,3,91.87243708769208
670345,1,1,9,869.3152140394973
670381,1,1,6,254.72172743522503
670395,1,1,5,0.42645457969393247
670398,1,1,4,0.42645458358136
670420,1,1,8,184.63068796845786
670443,1,1,10,459.52845247408055
670452,1,1,5,0.42645457969393247
670455,1,1,6,556.8915769114319
670459,1,1,1,493.0931567105192
670466,1,1,6,345.72618946771496
670469,1,1,8,698.2177198970356
670470,1,1,8,949.841353607798
670473,1,1,10,339.5089547379551
670485,1,1,2,298.5515654732
670499,1,1,8,549.9754929451686
670526,1,1,6,709.1993762603138
670559,1,1,5,0.42645457969393247
670564,1,1,6,486.3906107982313
670569,1,1,6,487.5361130548237
670576,1,1,4,0.42645458358136
670620,1,1,9,434.28160353851257
670622,1,1,5,0.42645457969393247
670630,1,1,10,717.4914548152911
670634,1,1,4,0.42645458358136
670654,1,1,9,823.6045278202384
670670,1,1,5,0.42645456789925423
670686,1,1,5,0.42645456789925423
670697,1,1,6,595.0511976880084
670705,1,1,8,829.781795035159
670713,1,1,7,71.3539589287909
670719,1,1,4,0.42645458358136
670729,1,1,9,746.9536390612911
670735,1,1,8,362.0865770488253
670737,1,1,9,187.94810150091553
670751,1,1,5,0.42645457969393247
670759,1,1,7,90.42918294155078
670775,1,1,3,91.59139922581622
670793,1,1,6,789.4075304295777
670799,1,1,10,456.85204478925573
670817,1,1,5,0.42645457969393247
670820,1,1,8,533.3073647007037
670824,1,1,8,606.2415916746711
670832,1,1,1,666.371985645905
670834,1,1,6,477.34795868391944
670837,1,1,2,419.79296392229475
670843,1,1,2,336.7763001202045
670878,1,1,10,719.6636432118263
670891,1,1,8,629.7051499801507
670906,1,1,10,376.6165675267108
670919,1,1,5,0.42645457969393247
670926,1,1,8,271.17589095134645
670929,1,1,4,0.42645458358136
670935,1,1,9,616.2472725489661
670966,1,1,7,57.16064586302703
670969,1,1,9,572.8100380493119
670975,1,1,6,692.4090070483354
670984,1,1,1,393.0140733002491
670987,1,1,2,370.421624744414
670991,1,1,1,652.7414064235156
671004,1,1,5,0.42645457969393247
671014,1,1,2,58.6184513778456
671017,1,1,4,0.42645458358136
671021,1,1,7,161.11014737916287
671045,1,1,9,608.3971065010925
671061,1,1,6,675.7456604784621
671100,1,1,9,679.6970844028932
671104,1,1,9,601.0635337125132
671130,1,1,4,0.42645458358136
671131,1,1,2,417.8449547304194
671135,1,1,9,731.4053490379723
671136,1,1,4,0.42645458358136
671141,1,1,3,81.0916203074531
671155,1,1,8,212.15945036610813
671166,1,1,9,153.0612975162829
671172,1,1,5,0.42645457969393247
671175,1,1,6,449.8199141755757
671186,1,1,5,0.42645457969393247
671194,1,1,6,409.3103299097199
671213,1,1,5,0.42645457969393247
671225,1,1,9,807.6558673451593
671227,1,1,7,80.31830427026398
671234,1,1,8,534.2613280011876
671235,1,1,5,0.42645457969393247
671237,1,1,6,511.82274443194194
671247,1,1,10,538.9823924924618
671250,1,1,5,0.42645457969393247
671264,1,1,9,496.4259806979145
671270,1,1,4,0.42645458358136
671271,1,1,9,99.47379826645819
671272,1,1,8,832.8741210053531
671295,1,1,5,0.42645456789925423
671298,1,1,6,759.4169439217261
671325,1,1,10,504.5295880577429
671326,1,1,5,0.42645457969393247
671338,0,1,0,0.16866409146669945
671364,1,1,1,383.16549166914984
671367,1,1,8,699.320550312752
671381,1,1,10,721.8644074088911
671386,1,1,8,281.04882546101936
671400,1,1,4,0.42645458358136
671416,1,1,7,148.6070038260272
671417,1,1,6,731.3378843028763
671451,1,1,6,555.1513443526799
671452,1,1,4,0.42645458358136
671468,1,1,4,0.42645458358136
671496,1,1,8,673.8562990147348
671519,1,1,8,274.2751553286307
671538,1,1,6,426.8798749025799
671549,0,1,0,0.11840684101806406
671558,1,1,8,707.6454284654335
671591,1,1,8,498.01578671861574
671601,1,1,9,267.7162859742711
671617,1,1,9,120.8385273838946
671631,1,1,8,707.6816588102171
671632,1,1,5,0.42645457969393247
671635,1,1,6,450.95131389711355
671638,1,1,9,557.6081431131253
671641,1,1,5,0.42645457969393247
671665,1,1,10,204.63754398090865
671668,1,1,2,413.46938424624767
671680,1,1,3,72.32534318982758
671693,1,1,6,225.85083905640533
671698,1,1,5,0.42645456789925423
671712,1,1,6,382.4609259171566
671733,1,1,2,259.9964021528738
671742,1,1,10,607.2020072423434
671760,1,1,9,722.2077843805807
671766,1,1,2,231.71664163316717
671785,1,1,8,408.492643737451
671792,1,1,1,498.36901501020054
671795,1,1,7,98.64108141966993
671799,1,1,2,365.179239009628
671803,1,1,6,713.0314708451199
671810,1,1,4,0.42645458358136
671817,1,1,10,287.507697777967
671837,1,1,5,0.42645457969393247
671843,1,1,4,0.42645458358136
671873,1,1,2,467.4455353480329
671877,1,1,6,429.8403835197829
671881,1,1,6,681.3711630308441
671885,1,1,6,514.2516139967048
671888,1,1,10,123.97929120576991
671889,1,1,7,75.89121477132879
671899,1,1,6,437.33981285551687
671926,1,1,5,0.42645457969393247
671934,1,1,3,89.74000609997819
671935,1,1,5,0.42645457969393247
671937,1,1,2,106.00121504564817
671938,1,1,10,109.40439229702149
671946,1,1,7,73.0795836194288
671950,1,1,10,400.8448197321857
671954,1,1,9,674.3063113288737
671990,1,1,6,446.9984002181418
671997,1,1,5,0.42645456789925423
672011,1,1,5,0.42645456789925423
672020,1,1,9,709.1298090254747
672037,1,1,4,0.42645458358136
672051,1,1,9,478.9236671775115
672094,1,1,4,0.42645458358136
672114,1,1,6,435.87204052658655
672139,1,1,10,462.57329592519187
672142,1,1,1,758.1796832524906
672164,1,1,9,267.50889944537704
672168,1,1,8,151.39278712374696
672174,1,1,10,217.22078352992241
672175,1,1,10,199.17094497492343
672177,1,1,7,133.96236853819647
672188,1,1,6,618.5017601397631
672197,1,1,4,0.42645458358136
672202,1,1,4,0.42645458358136
672215,1,1,8,801.6394047860945
672248,1,1,10,439.10158241737474
672253,1,1,1,699.651508166713
672261,1,1,9,603.8506237800623
672270,1,1,9,532.0612585109694
672301,1,1,10,449.1527048878827
672308,1,1,10,709.082853815717
672326,1,1,8,841.068217187914
672337,1,1,4,0.42645457969393247
672340,1,1,10,434.8067131672806
672341,1,1,9,865.6695917040435
672357,1,1,6,257.8373109802444
672364,1,1,8,336.25961800158495
672366,1,1,5,0.42645457969393247
672379,1,1,7,16.598842260297136
672395,1,1,5,0.42645456789925423
672398,1,1,4,0.4264545919581291
672410,1,1,6,714.5096344573153
672413,1,1,6,180.15050070873986
672431,1,1,8,374.0228114174002
672434,1,1,6,531.9387900121411
672446,1,1,4,0.42645458358136
672452,1,1,6,706.2615494487627
672454,1,1,7,165.53824449359607
672460,1,1,10,659.1740143577666
672475,1,1,5,0.42645457969393247
672498,1,1,9,459.958641474384
672500,1,1,1,638.8287359954489
672505,1,1,8,670.8482763068288
672514,1,1,6,284.97726708761587
672519,1,1,9,823.1100879970382
672528,1,1,8,809.152946806061
672563,1,1,9,390.75755674653806
672570,1,1,8,241.54204208007997
672571,1,1,10,289.52609042707
672588,1,1,1,492.6530655988691
672592,1,1,5,0.42645457969393247
672601,1,1,6,656.2043122310739
672610,1,1,4,0.42645458358136
672614,1,1,8,375.3316072206334
672617,1,1,2,482.009332550748
672619,1,1,9,799.4248511455875
672626,1,1,9,188.56121270502865
672636,1,1,5,0.42645457969393247
672662,1,1,9,762.0070722593404
672669,1,1,10,291.2842469136818
672670,1,1,9,513.5630183056787
672678,1,1,5,0.42645456789925423
672679,1,1,7,164.37562361104375
672683,1,1,5,0.42645457969393247
672684,1,1,6,368.42131905512963
672701,1,1,9,289.9199228943423
672702,1,1,7,129.46201312789
672707,1,1,5,0.42645457969393247
672712,1,1,4,0.42645458358136
672736,1,1,8,469.95290663188814
672759,1,1,4,0.42645458358136
672778,1,1,9,778.5723187988472
672793,1,1,10,257.102773337287
672805,1,1,5,0.42645457969393247
672851,1,1,3,82.49667041905744
672855,1,1,3,91.289028128155
672858,1,1,4,0.42645458358136
672863,1,1,4,0.42645458358136
672864,1,1,6,422.231800737869
672876,1,1,4,0.42645458358136
672890,1,1,9,677.1917350978641
672906,1,1,10,554.241337099384
672917,1,1,7,166.96070894496293
672921,1,1,6,483.1364189931325
672925,1,1,8,506.8705619920403
672926,1,1,8,213.2899433206577
672946,1,1,4,0.42645458358136
672966,1,1,8,518.3526679988048
672968,0,1,0,0.2403046289790402
672971,1,1,5,0.42645457969393247
672977,1,1,4,0.42645458358136
672987,0,1,0,0.18197492167530807
672993,1,1,3,91.12996306729099
672997,1,1,9,640.340730073455
673005,1,1,9,33.57845555316812
673026,1,1,3,63.59101855872429
673032,1,1,7,167.87563602007816
673039,1,1,6,508.0670368890549
673057,1,1,4,0.42645458358136
673059,1,1,4,0.42645458358136
673063,1,1,4,0.42645458358136
673068,1,1,5,0.42645457969393247
673082,1,1,5,0.42645457969393247
673086,1,1,8,415.54048810273696
673092,1,1,6,292.9855106363162
673094,1,1,5,0.42645457969393247
673099,1,1,6,794.4469475062629
673102,1,1,4,0.42645458358136
673110,1,1,9,847.8548093454873
673122,1,1,9,396.2023501743258
673123,1,1,9,614.2739294622912
673138,1,1,3,57.55178062779814
673144,1,1,8,444.3148642169316
673151,1,1,6,787.4055143078442
673159,1,1,9,876.4493327405733
673169,1,1,8,176.8269594147625
673172,1,1,6,252.78712926651636
673177,1,1,8,539.3187433190625
673183,1,1,2,228.5296963342741
673188,1,1,9,323.68351647625616
673201,1,1,4,0.42645458358136
673202,1,1,8,754.1542440975772
673205,1,1,9,787.8344736892869
673213,1,1,5,0.42645457969393247
673216,1,1,9,489.64679646310117
673224,1,1,5,0.42645456789925423
673228,1,1,1,599.4240413363834
673234,1,1,9,822.1477324925572
673236,1,1,6,339.6524881351296
673240,1,1,8,691.6346342258895
673244,1,1,8,688.2381674430625
673246,1,1,10,358.6102035880616
673253,1,1,6,518.3628351124194
673259,1,1,3,74.45357420593011
673264,1,1,6,190.05844304275044
673282,1,1,9,164.78802835794284
673290,1,1,1,469.3623316165833
673291,1,1,7,47.00178293851207
673298,1,1,5,0.42645457969393247
673330,1,1,4,0.42645458358136
673333,1,1,3,92.66218172841985
673335,1,1,7,96.60930638263575
673337,1,1,1,701.6225099921611
673344,1,1,9,723.4092839465944
673346,1,1,8,194.95320026617122
673348,1,1,4,0.42645458358136
673369,1,1,8,451.63413596495263
673371,1,1,10,641.6495130613633
673376,1,1,4,0.42645458358136
673413,1,1,9,501.2817575643821
673415,1,1,9,787.4806188775578
673422,1,1,8,456.037979461801
673426,1,1,4,0.42645458358136
673427,1,1,4,0.7363166543638189
673451,1,1,4,0.42645458358136
673453,1,1,4,0.42645458358136
673458,1,1,8,416.65040418324554
673459,1,1,1,358.53972540082594
673461,1,1,5,0.42645456789925423
673465,1,1,9,688.5895095245897
673466,1,1,5,0.42645457969393247
673471,1,1,1,405.72213117746566
673493,1,1,4,0.42645458358136
673515,1,1,4,0.42645458358136
673524,1,1,8,679.9211561741004
673543,1,1,9,787.8645726122079
673546,1,1,4,0.42645458358136
673571,1,1,9,882.8554861203027
673581,1,1,8,720.3475743655405
673582,1,1,10,85.43919927771938
673596,1,1,6,227.3438979873327
673602,1,1,3,89.90827729973043
673609,1,1,5,0.42645457969393247
673621,1,1,5,0.42645457969393247
673623,1,1,4,0.42645458358136
673628,1,1,3,91.15294840606957
673633,1,1,4,0.42645458358136
673641,1,1,4,0.42645458358136
673643,1,1,7,125.90063804901726
673646,1,1,9,477.81643336233753
673665,1,1,4,0.42645458358136
673683,1,1,5,0.42645457969393247
673684,1,1,9,545.1429731673708
673687,1,1,6,715.5115487341063
673701,1,1,3,58.156594120630864
673703,1,1,1,707.2114685985802
673711,1,1,8,735.1550034067074
673719,1,1,7,124.83858423050917
673735,1,1,5,0.42645457969393247
673762,1,1,9,62.001024561177026
673764,1,1,6,804.3479027908209
673768,1,1,8,356.8366389873264
673791,1,1,9,448.4651683377825
673795,1,1,9,618.2417958237896
673809,0,1,0,0.16183145853537179
673819,1,1,1,589.4776279057256
673829,1,1,9,611.7870949423387
673846,1,1,7,74.22873955611153
673856,1,1,8,596.33075361063
673862,1,1,9,859.8803681697209
673882,1,1,9,694.5579523060541
673894,1,1,5,0.42645457969393247
673895,1,1,6,269.4007890050425
673911,1,1,9,572.8716507690774
673938,1,1,8,204.62023230752493
673964,1,1,9,611.9657509561148
673966,1,1,9,665.9297425791149
673968,1,1,8,864.0328189080739
673971,1,1,1,327.0289063663523
673979,1,1,9,607.0343324017132
673982,1,1,9,271.7065421992943
673998,1,1,10,428.10473986780033
674000,1,1,4,0.42645458358136
674006,1,1,10,577.0218474822665
674016,1,1,9,507.33184484642914
674030,1,1,4,0.42645458358136
674046,1,1,5,0.42645457969393247
674061,1,1,9,403.91212834138764
674074,1,1,6,536.2935906094815
674077,1,1,8,473.2806364863526
674104,1,1,10,458.5309792256393
674105,1,1,5,0.42645456789925423
674109,1,1,6,526.7008291882208
674113,1,1,4,0.42645458358136
674154,1,1,1,748.1645282865089
674168,1,1,4,0.42645458358136
674172,1,1,8,830.1619803419225
674183,1,1,1,669.8052597468577
674185,1,1,5,0.42645457969393247
674202,1,1,9,354.30976431738867
674205,1,1,6,158.39405119009382
674215,1,1,6,234.1188175682126
674241,1,1,9,876.6695605037337
674245,1,1,5,0.42645457969393247
674249,1,1,4,0.42645458358136
674253,1,1,8,563.3826998544671
674257,1,1,8,547.4769203812152
674261,1,1,4,0.42645458358136
674274,1,1,7,158.7788797975978
674279,1,1,10,377.8873874451034
674284,1,1,6,586.7589640584479
674291,1,1,6,728.2780658378631
674292,1,1,5,0.42645457969393247
674298,1,1,4,0.42645458358136
674301,1,1,1,660.1052152172449
674308,1,1,4,0.42645458358136
674323,1,1,6,153.73647187852904
674340,1,1,2,376.3458591428519
674347,1,1,5,0.42645457969393247
674351,1,1,10,719.7478980569675
674357,1,1,4,0.42645458358136
674360,1,1,9,91.35344238774944
674370,1,1,1,579.4495894081997
674397,1,1,5,0.42645456789925423
674406,1,1,4,0.4264545919581291
674424,1,1,8,426.2062349668424
674427,1,1,5,0.42645457969393247
674447,0,1,0,0.12068508804008692
674448,1,1,7,172.3079589497708
674453,1,1,6,280.01700413386
674458,1,1,2,121.78351740812255
674461,1,1,3,37.42676961510131
674465,1,1,5,0.42645457969393247
674467,1,1,9,360.3393311050302
674470,1,1,1,613.5100418273342
674482,1,1,5,0.42645457969393247
674488,1,1,9,782.6360675236887
674494,1,1,3,90.79728137184105
674501,1,1,9,160.92939993325697
674502,1,1,9,860.2561297415064
674505,1,1,1,587.7322527986557
674514,1,1,7,10.108900070662546
674515,1,1,8,649.0808190306255
674523,1,1,7,133.54548917078375
674525,1,1,1,536.103932279345
674532,1,1,1,404.77382318444273
674535,1,1,1,498.7554037044974
674554,1,1,9,592.9316058237368
674564,1,1,6,263.18274386440055
674584,1,1,6,797.5548506002818
674589,1,1,6,308.4950864154074
674590,1,1,9,377.1042342202954
674594,1,1,8,813.0344741460526
674598,1,1,6,618.4024006671231
674609,1,1,6,775.647418755482
674615,1,1,9,865.9549170519001
674621,1,1,8,478.49983934950075
674625,1,1,9,235.17052978545698
674645,1,1,10,706.9748646581671
674660,1,1,10,460.22256172740344
674669,1,1,6,518.0615771013681
674689,1,1,10,462.7759732580529
674701,1,1,9,865.9744306254388
674703,1,1,4,0.42645458358136
674715,1,1,9,594.9077010423716
674722,1,1,8,754.2515849002313
674725,1,1,3,91.61300253332865
674741,1,1,9,860.4820144190066
674742,1,1,10,266.77139313514976
674746,1,1,4,0.42645458358136
674756,1,1,4,0.42645458358136
674761,1,1,9,442.63418654261886
674774,1,1,3,54.497309621901906
674784,1,1,4,0.42645458358136
674785,1,1,5,0.42645457969393247
674787,1,1,2,110.5755154159314
674795,1,1,4,0.42645458358136
674803,1,1,6,782.4956430005543
674814,1,1,8,728.6817388980993
674848,1,1,3,93.61069317468731
674851,1,1,5,0.42645457969393247
674852,1,1,5,0.42645457969393247
674862,1,1,5,0.42645457969393247
674868,1,1,5,0.42645457969393247
674889,1,1,5,0.42645457969393247
674900,1,1,8,649.3629098020743
674909,1,1,7,141.38988772605884
674912,1,1,10,692.7224738313466
674919,1,1,8,714.598800404882
674961,1,1,10,461.4539905197562
674963,1,1,9,619.6001549962232
674967,1,1,6,778.5921433990002
674970,1,1,3,64.30912435843761
675004,1,1,10,651.0976947967673
675012,1,1,4,0.42645458358136
675024,1,1,9,852.3185930328223
675030,1,1,5,0.42645457969393247
675037,1,1,1,676.1693446568906
675046,1,1,10,340.8714165492784
675056,1,1,5,0.42645457969393247
675090,1,1,3,89.70605725214821
675093,1,1,5,0.42645457969393247
675096,1,1,5,0.42645457969393247
675130,1,1,10,378.39258284929974
675133,1,1,8,633.8400323624036
675163,1,1,1,200.2626096014902
675166,1,1,6,562.537325954426
675169,1,1,6,706.5521311140504
675171,1,1,8,316.4444886559679
675184,1,1,9,535.2424606106861
675186,1,1,8,149.66054986203872
675197,1,1,8,442.81926928586824
675198,1,1,4,0.42645458358136
675202,1,1,2,375.6742863188661
675213,1,1,10,274.8845856117365
675214,0,1,0,0.16251981571788301
675216,1,1,8,667.6652034251724
675224,1,1,9,352.8158654806969
675238,1,1,6,287.5172711461856
675245,1,1,6,429.8127617668643
675253,1,1,8,618.2081246571018
675260,1,1,10,183.9561646733859
675267,1,1,4,0.42645458358136
675277,1,1,10,99.58749153917383
675285,0,1,0,0.1493685466947599
675287,1,1,1,528.7702540768648
675290,1,1,3,88.31818564991178
675293,1,1,5,0.42645457969393247
675294,1,1,1,190.77364069422433
675301,1,1,10,721.9891483207958
675306,1,1,6,658.6267917309856
675310,1,1,10,253.72457820850374
675320,1,1,9,555.6300533158291
675322,1,1,7,92.09633060171
675327,1,1,6,737.3580873087336
675345,1,1,4,0.42645458358136
675373,1,1,2,97.52874351996783
675376,1,1,9,720.8173526593686
675387,1,1,2,82.11803958629598
675399,1,1,6,437.3388759745382
675412,1,1,2,213.49638961433007
675430,1,1,9,851.228573593981
675431,1,1,6,484.41539311879404
675444,1,1,10,618.7407683168017
675445,1,1,1,261.7116285391872
675451,1,1,8,767.3915331417437
675459,0,1,0,0.0800267185049004
675475,1,1,8,518.422102235271
675476,1,1,7,117.1969140152764
675477,1,1,8,216.91786059841192
675494,1,1,3,44.80447251530931
675495,1,1,7,46.954527600248355
675501,1,1,8,564.7446655653458
675503,1,1,4,0.42645458358136
675511,1,1,10,414.703712749705
675524,1,1,4,0.42645457969393247
675544,1,1,2,367.9355619072866
675558,1,1,8,280.88479643903725
675559,1,1,7,109.4672901387608
675568,1,1,9,469.0391033859502
675571,1,1,7,155.81592455029835
675582,1,1,9,801.994421171601
675607,1,1,7,168.00998947584526
675622,1,1,5,0.42645457969393247
675632,1,1,10,131.90373099700776
675645,1,1,5,0.42645457969393247
675661,1,1,1,717.3560309400875
675676,1,1,10,424.15592334628565
675678,1,1,1,397.0212246026108
675682,1,1,6,729.2452125570812
675700,1,1,10,363.3724859686311
675702,1,1,9,607.6747879363121
675703,1,1,5,0.42645457969393247
675753,1,1,9,871.5815631557076
675764,1,1,9,91.84377928414447
675768,1,1,8,891.3302249431157
675780,1,1,4,0.42645458358136
675788,1,1,9,554.6193948509925
675797,1,1,4,0.42645458358136
675809,1,1,9,234.06382880566184
675839,1,1,4,0.42645458358136
675844,1,1,8,718.6262544927588
675847,1,1,5,0.42645457969393247
675849,1,1,1,220.30693118451984
675891,1,1,4,0.4264545919581291
675916,1,1,4,0.42645458358136
675921,1,1,3,87.18614159946986
675939,1,1,3,92.6969270660597
675946,1,1,6,799.6385659603199
675963,1,1,7,95.42646423978732
675968,1,1,9,813.2622938173895
675970,1,1,1,561.4330656786568
675979,1,1,1,634.5331610851559
675991,1,1,3,93.17336744896362
676002,1,1,4,0.42645458358136
676010,1,1,8,246.6937804233463
676012,1,1,6,707.3265755805555
676027,1,1,6,282.30804235678323
676028,1,1,4,0.42645458358136
676029,1,1,10,459.59527351682607
676030,1,1,5,0.42645457969393247
676032,1,1,8,638.9475093688037
676037,1,1,1,423.8411908318141
676044,1,1,8,731.8935723561956
676069,1,1,7,74.28629791326586
676085,1,1,3,82.07271444816922
676099,1,1,6,544.4683061624451
676101,1,1,9,300.4643023113946
676106,1,1,3,89.84478961623459
676111,1,1,5,0.42645457969393247
676114,1,1,6,714.0567712647551
676120,1,1,8,464.4664433353859
676127,1,1,5,0.42645457969393247
676130,1,1,9,406.7124134011693
676139,1,1,10,399.59210002476703
676148,1,1,5,0.42645456789925423
676150,1,1,4,0.4264545919581291
676179,1,1,4,0.42645458358136
676183,1,1,4,0.42645458358136
676185,1,1,3,71.52923160278668
676186,1,1,6,217.25613921770292
676196,1,1,4,0.42645458358136
676203,1,1,8,214.61593715640777
676209,1,1,6,728.0202956228065
676213,1,1,5,0.42645457969393247
676226,1,1,9,70.73165767656609
676228,1,1,4,0.42645458358136
676247,1,1,9,373.31344676050225
676252,1,1,7,8.787233735826714
676270,1,1,8,509.27646532527933
676274,1,1,7,164.6095156783561
676275,1,1,5,0.42645457969393247
676277,1,1,3,70.93192834218881
676281,1,1,4,0.42645458358136
676282,1,1,5,0.42645457969393247
676286,1,1,9,429.7032772278632
676325,1,1,10,171.51210532714626
676338,1,1,6,368.392815797907
676342,1,1,1,492.79449339565167
676354,1,1,4,0.42645458358136
676355,1,1,1,303.65748169591365
676373,1,1,1,413.14416194382255
676374,1,1,6,643.4492792626614
676375,1,1,1,497.828895447108
676376,1,1,4,0.42645458358136
676398,1,1,9,481.3065216970981
676413,0,1,0,0.1591386401368809
676425,1,1,8,770.7287676914743
676432,1,1,9,814.0176836712078
676453,1,1,7,70.0148050008368
676455,1,1,5,0.42645457969393247
676457,1,1,5,0.42645457969393247
676470,1,1,7,73.88282093814793
676477,1,1,9,588.0709862379164
676485,1,1,6,353.79373018491884
676488,1,1,5,0.42645457969393247
676490,1,1,4,0.42645458358136
676492,1,1,6,511.43754087095994
676495,1,1,8,610.8025211293807
676496,1,1,5,0.42645457969393247
676500,1,1,4,0.42645458358136
676504,1,1,7,107.2488054411844
676516,1,1,4,0.42645458358136
676556,1,1,9,747.0872774149123
676572,1,1,8,405.1590554574331
676579,1,1,6,470.05916294371184
676581,1,1,9,451.30794056600786
676586,1,1,5,0.42645457969393247
676611,1,1,1,365.2472380277197
676622,1,1,4,0.42645458358136
676629,1,1,6,194.61113412612906
676639,1,1,6,210.79247626600207
676646,1,1,8,744.6439155892188
676650,1,1,4,0.42645458358136
676657,1,1,9,759.7481200276258
676663,1,1,7,157.31088822144514
676667,1,1,9,778.3465200004093
676684,1,1,9,250.36796769268486
676689,1,1,5,0.42645457969393247
676692,1,1,6,186.3112677893476
676738,1,1,10,718.4155344169787
676752,1,1,5,0.42645457969393247
676756,1,1,10,718.4107432331327
676811,1,1,9,725.2270108634754
676812,1,1,5,0.22607440313254346
676813,1,1,5,0.42645457969393247
676821,1,1,1,302.66996452959415
676845,1,1,8,778.2950177155005
676856,1,1,9,865.7778821441818
676869,1,1,8,278.56660414176486
676871,1,1,5,0.42645457969393247
676877,1,1,8,149.7641371412716
676882,1,1,9,249.15350754257108
676884,1,1,10,717.1996717624984
676889,1,1,5,0.42645457969393247
676894,1,1,5,0.42645457969393247
676901,1,1,10,252.77161146913232
676914,1,1,7,77.31712663962315
676915,1,1,4,0.42645458358136
676921,1,1,10,143.3020084437201
676924,1,1,7,61.527865851088336
676926,1,1,7,81.86417100289069
676927,1,1,9,572.9246663076176
676947,1,1,10,528.8921207812233
676963,1,1,8,615.7583951057001
676966,1,1,5,0.42645457969393247
676971,0,1,0,0.12053956506148984
676982,1,1,6,513.0342798808126
676998,1,1,9,124.45178238408823
677003,1,1,9,502.6530127228071
677010,1,1,10,157.40605781294587
677011,1,1,8,551.5982883397041
677028,1,1,5,0.42645456789925423
677033,1,1,10,135.72044160831726
677039,1,1,10,333.7871908606463
677050,1,1,8,196.51151068574939
677052,1,1,6,504.6223015707888
677055,1,1,8,931.7592173470109
677059,1,1,1,709.9450245477394
677061,1,1,10,105.99227363278739
677087,1,1,6,728.3713508200015
677091,1,1,8,643.6284053326115
677093,0,1,0,0.10977602066899814
677094,1,1,6,526.546133644854
677099,1,1,10,212.34829801764653
677102,1,1,6,154.26133629207567
677107,1,1,10,715.6525151547585
677118,1,1,6,720.7044078908565
677123,1,1,4,0.42645458358136
677133,1,1,4,0.42645458358136
677135,1,1,1,600.1832673243488
677137,1,1,5,0.42645457969393247
677153,1,1,10,185.45930615533183
677162,1,1,5,0.42645457969393247
677174,1,1,4,0.42645458358136
677178,1,1,4,0.42645458358136
677189,1,1,5,0.42645457969393247
677193,1,1,1,545.259948961667
677194,1,1,6,493.91934673311863
677195,1,1,7,80.77956868555329
677231,1,1,6,743.2590491503668
677246,1,1,8,334.9490029779044
677247,1,1,6,765.0810347895357
677248,1,1,9,405.47705900996704
677260,1,1,4,0.4264545919581291
677279,1,1,8,851.9690905561836
677281,1,1,2,464.7678319219397
677287,1,1,8,537.1090186723256
677299,1,1,7,170.36218478812694
677305,1,1,1,406.5082501820089
677323,1,1,9,459.6409018676516
677330,1,1,10,656.7590434883897
677334,1,1,1,697.27888893884
677357,1,1,9,865.7648613335291
677371,1,1,1,501.4739670244023
677379,1,1,8,383.81331153263056
677382,1,1,1,605.0614516211042
677388,1,1,7,167.06074126450832
677405,1,1,9,156.84822607358674
677436,1,1,6,476.6065017893314
677438,1,1,5,0.42645457969393247
677446,1,1,9,534.264967338175
677457,1,1,8,762.5523883870811
677475,1,1,5,0.42645457969393247
677478,1,1,9,715.331897615594
677492,1,1,9,615.43058294036
677519,1,1,8,868.3498518491994
677522,1,1,5,0.42645457969393247
677526,1,1,10,410.4329083942226
677534,1,1,9,852.3861799692304
677543,0,1,0,0.13153748067549131
677552,1,1,8,899.033821958416
677561,1,1,9,865.6335285022076
677563,1,1,5,0.42645457969393247
677564,1,1,5,0.42645457969393247
677571,1,1,6,618.2175497923707
677575,1,1,9,565.9322531866663
677580,1,1,1,369.1540662226658
677581,1,1,8,928.4653329861435
677587,1,1,10,457.26460033539973
677597,1,1,10,721.4421275873744
677615,1,1,1,685.4939520608646
677633,1,1,9,870.4064327712451
677642,1,1,8,320.5528797633877
677656,1,1,7,90.68647212418101
677657,1,1,9,542.7320237061627
677662,1,1,10,295.2537984896728
677685,1,1,5,0.42645457969393247
677719,1,1,9,356.93276370863776
677722,1,1,8,498.01352833781493
677724,1,1,6,541.417657554311
677738,1,1,9,701.2259903865719
677739,1,1,9,626.1489441964759
677753,1,1,9,812.0341388360753
677770,1,1,6,780.5646682326368
677772,1,1,6,123.63647460585165
677777,1,1,9,111.15656375232344
677785,1,1,4,0.42645458358136
677798,1,1,7,166.75194162272982
677816,1,1,8,817.5881024083398
677822,1,1,7,101.13814548449841
677833,1,1,8,272.53967236481367
677835,1,1,3,62.52882100866611
677849,1,1,9,605.0689154340396
677854,1,1,5,0.42645457969393247
677856,1,1,9,881.4319137089302
677863,1,1,2,405.1052186455251
677881,1,1,1,527.8282463068354
677892,1,1,6,809.8768052563818
677897,1,1,9,561.611613645271
677901,1,1,3,37.10905823721688
677906,1,1,9,542.6485404939036
677915,1,1,7,162.0305765511304
677921,1,1,8,862.464047822805
677925,1,1,1,234.18789067604092
677937,1,1,4,0.42645458358136
677953,1,1,9,813.850492764898
677959,1,1,7,104.245962673369
677966,1,1,5,0.42645457969393247
677973,1,1,6,119.5157008919874
677984,1,1,10,588.721390715602
677996,1,1,10,345.07006258581316
678009,1,1,2,353.5209558213015
678012,1,1,8,697.3202575346886
678074,1,1,8,866.795919825035
678114,1,1,9,875.1714795099384
678117,1,1,9,863.7755774409515
678120,1,1,6,451.65968688341627
678127,1,1,1,595.2080195961271
678136,1,1,9,333.2229726797721
678146,1,1,8,457.98475092388975
678149,1,1,4,0.42645458358136
678173,0,1,0,0.10052387141556704
678180,1,1,3,56.7617429609283
678181,1,1,9,437.20876250281884
678193,1,1,6,787.5589811253346
678201,1,1,9,831.1424377860166
678218,1,1,9,692.5686414441346
678233,1,1,10,417.4105203362167
678247,1,1,4,0.4264545919581291
678253,1,1,7,86.11828593074628
678260,1,1,9,834.8934904858626
678262,1,1,8,793.6911216983956
678269,1,1,9,692.7063215776196
678275,1,1,3,40.55393979362709
678292,0,1,0,0.11107577576249625
678298,1,1,5,0.42645457969393247
678304,1,1,5,0.42645457969393247
678306,1,1,1,229.41897972017264
678317,1,1,8,853.7664748692788
678346,1,1,2,96.2838771785044
678347,1,1,9,836.4022031003734
678354,1,1,9,554.0818301381074
678364,1,1,5,0.42645457969393247
678376,1,1,4,0.42645458358136
678383,1,1,9,614.0548031601721
678388,1,1,4,0.42645458358136
678395,1,1,2,415.6997515517432
678402,1,1,5,0.42645457969393247
678412,1,1,8,273.5146370108191
678436,1,1,8,782.1710001511226
678439,1,1,2,236.70332519055805
678442,1,1,7,165.49899469604625
678447,1,1,5,0.42645457969393247
678453,1,1,7,72.78689770104923
678457,1,1,5,0.42645457969393247
678461,1,1,10,243.5341545643043
678462,1,1,9,233.23094123851595
678482,1,1,9,378.6048912656132
678483,1,1,5,0.42645457969393247
678533,1,1,5,0.42645457969393247
678534,1,1,9,892.9344225213124
678537,1,1,4,0.4264545919581291
678541,1,1,2,461.80675338833424
678543,1,1,10,463.02998919274853
678547,1,1,5,0.42645457969393247
678549,1,1,1,711.5681958494516
678563,1,1,9,352.96351060282086
678574,1,1,6,218.93195822008997
678576,1,1,9,584.4586297023867
678581,1,1,9,314.91281028539237
678608,1,1,9,396.44447630869377
678611,1,1,9,350.9829965262212
678624,1,1,8,676.0927312740647
678650,1,1,5,0.42645457969393247
678661,1,1,7,43.89655520725438
678668,1,1,10,401.553079592071
678683,1,1,6,803.4421066974046
678686,1,1,4,0.42645458358136
678704,1,1,2,337.1007057419318
678706,1,1,4,0.42645458358136
678709,1,1,10,437.7297689741418
678728,1,1,9,880.0360521583184
678743,1,1,5,0.42645457969393247
678766,1,1,2,275.61109723915774
678773,0,1,0,0.13200529611761086
678798,1,1,10,614.3005241981438
678810,1,1,2,403.6016705342284
678820,1,1,1,710.3467936772702
678843,1,1,1,506.5231516700814
678848,1,1,2,131.3337159816743
678860,1,1,6,789.7223290105583
678867,1,1,5,0.42645457969393247
678869,1,1,9,605.3927655993779
678870,1,1,10,660.6518947549895
678875,1,1,9,583.9688824753649
678889,1,1,4,0.42645458358136
678891,1,1,10,719.793068941197
678894,1,1,4,0.42645458358136
678915,1,1,7,78.42526134392645
678916,1,1,3,39.5527664616053
678927,1,1,4,0.42645458358136
678934,1,1,1,663.3039793195625
678959,1,1,9,801.784453609009
678976,1,1,10,639.1861967127736
678979,1,1,10,328.88166287021926
678994,1,1,7,61.40231255045534
678998,1,1,4,0.42645458358136
679000,1,1,6,690.3642343578448
679018,1,1,9,170.75973586025728
679038,1,1,10,434.73233517816925
679053,0,1,0,0.09496252114848856
679067,1,1,6,408.2927816271076
679071,1,1,5,0.42645457969393247
679089,1,1,9,84.80689876411108
679108,1,1,9,585.7794628321826
679111,1,1,10,304.9407091247357
679112,1,1,6,384.901701422179
679113,1,1,6,515.6987370099827
679131,1,1,5,0.42645457969393247
679134,1,1,9,838.0927121810136
679135,0,1,0,0.1492831046399527
679144,1,1,10,423.23900659368
679145,0,1,0,0.15408155516102406
679149,1,1,4,0.42645458358136
679154,1,1,9,747.221266242515
679179,1,1,8,833.8501832516457
679197,1,1,4,0.42645458358136
679209,1,1,6,164.7285496230704
679223,1,1,9,836.6015546965288
679225,1,1,5,0.42645457969393247
679233,1,1,8,947.0485958085368
679236,1,1,4,0.42645458358136
679237,1,1,9,445.41151384892197
679240,1,1,9,322.47061213222565
679243,1,1,9,869.6183879816808
679261,1,1,7,154.1609418612959
679262,1,1,4,0.42645457969393247
679263,1,1,9,206.78098641599078
679268,1,1,5,0.42645457969393247
679295,1,1,8,749.6908561245272
679297,1,1,10,180.1727623576938
679304,1,1,8,778.4701338164406
679306,1,1,9,301.7793072281524
679341,1,1,6,472.86704310528717
679346,1,1,6,481.5924122842189
679350,1,1,5,0.42645457969393247
679354,1,1,7,150.9567150940765
679362,1,1,1,547.2232992526201
679364,0,1,0,0.11214220685384556
679368,1,1,1,518.1083761139914
679371,1,1,6,547.8312751776506
679400,1,1,10,717.3703995061951
679402,1,1,7,142.50073271787466
679406,1,1,9,792.999254153891
679419,1,1,9,446.8582667415119
679420,1,1,6,208.27244293812055
679424,1,1,6,339.9872903135789
679441,1,1,8,754.3682267780197
679443,1,1,4,0.42645458358136
679448,1,1,9,831.841999108995
679450,1,1,8,505.3980961177146
679456,1,1,9,161.28140751798225
679471,1,1,10,592.1920490458187
679481,1,1,8,645.1641622634426
679482,1,1,9,197.5446028790922
679487,1,1,10,458.20337710131355
679488,1,1,5,0.42645457969393247
679494,1,1,10,718.1737535085912
679499,1,1,6,659.8454523715483
679520,1,1,1,514.4552742637043
679539,1,1,6,158.7906403908417
679544,1,1,9,828.7437693935879
679555,1,1,1,235.81917512450815
679574,1,1,7,110.06959480913478
679591,1,1,4,0.42645458358136
679596,1,1,10,225.7543268307778
679603,1,1,8,830.0788122428494
679604,1,1,4,0.42645458358136
679605,1,1,4,0.42645458358136
679611,1,1,9,299.8275337797094
679616,1,1,2,177.308314155667
679622,1,1,10,441.8026835250286
679624,1,1,6,435.97584022640496
679630,1,1,8,476.29419143856745
679634,1,1,1,747.0895587656961
679636,1,1,4,0.42645458358136
679640,1,1,10,431.27560866568905
679649,1,1,9,159.22426282702705
679659,1,1,10,291.4251086073897
679667,0,1,0,0.10913836081607897
679668,1,1,8,183.51276700445916
679673,1,1,1,283.96613402652093
679676,1,1,10,719.2916244669503
679678,1,1,4,0.42645458358136
679681,1,1,10,400.85294727970347
679687,1,1,8,573.0867973575737
679688,1,1,9,313.07858397876606
679691,1,1,4,0.42645457969393247
679700,1,1,4,0.42645458358136
679701,1,1,5,0.42645457969393247
679707,1,1,10,459.16370516231234
679708,1,1,4,0.42645458358136
679710,1,1,6,509.74649264540426
679724,1,1,8,544.3310869716887
679728,1,1,10,492.2747049864256
679741,1,1,10,396.6468755706358
679761,1,1,9,765.4189112926738
679766,1,1,9,573.2182425838477
679786,1,1,4,0.42645458358136
679796,1,1,9,259.4649060000851
679827,1,1,9,762.239404088414
679828,1,1,10,256.17725372542776
679845,1,1,8,479.15884833462604
679847,1,1,1,566.0264661747742
679848,1,1,9,463.37923287041497
679869,1,1,6,430.78160916235635
679916,1,1,2,391.3896279736875
679918,1,1,5,0.42645457969393247
679919,1,1,7,94.86091200780052
679930,1,1,6,453.41845044417363
679932,1,1,6,510.50677441930515
679935,1,1,6,362.1458113689268
679938,1,1,6,721.9269853403199
679941,1,1,9,834.8529557461595
679943,1,1,10,396.878057084623
679952,1,1,1,725.1069964356792
679966,1,1,10,720.9630633564575
679992,1,1,6,230.14518941267556
680007,1,1,6,535.3010563181326
680011,1,1,8,867.773878200862
680015,1,1,8,206.00228334794832
680033,1,1,6,689.698334843942
680040,1,1,5,0.42645457969393247
680045,1,1,8,605.8787986739113
680047,1,1,9,160.63930878216112
680048,1,1,8,481.9199181715152
680063,1,1,9,574.4817737633042
680071,1,1,8,948.1239275588366
680076,1,1,6,791.6706309233095
680096,1,1,6,487.05790797592135
680107,1,1,6,482.67029656717153
680113,1,1,6,778.7831877108483
680118,1,1,6,521.9305029757944
680120,1,1,5,0.42645457969393247
680125,1,1,4,0.42645458358136
680153,1,1,6,495.6727666652657
680169,1,1,9,551.5302262047601
680199,1,1,6,457.30591938379695
680202,1,1,4,0.42645458358136
680203,1,1,9,692.7670301624054
680208,1,1,9,803.8014293553443
680210,1,1,6,153.20457596915406
680215,1,1,8,538.8551380710177
680270,1,1,9,512.1749803116961
680273,1,1,6,772.342407834815
680279,1,1,3,87.3320935094141
680287,1,1,7,98.86325901279291
680296,1,1,5,0.42645457969393247
680324,1,1,5,0.42645457969393247
680329,1,1,9,870.1613272110884
680342,1,1,8,498.47280269642636
680359,1,1,9,275.5332803943896
680362,1,1,6,717.0485405094546
680364,1,1,6,479.2177977778699
680379,1,1,6,806.3578952025098
680392,1,1,8,777.5505593402918
680395,0,1,0,0.1126035198964747
680402,1,1,9,516.0314691007038
680410,1,1,7,112.95997543386095
680411,1,1,5,0.42645457969393247
680422,1,1,9,864.4504402403932
680432,1,1,6,586.7831704415375
680438,1,1,8,454.5232038486544
680443,1,1,8,846.1288899103364
680446,1,1,9,506.6235900206446
680447,1,1,7,43.937915044059054
680463,1,1,6,783.4446239223444
680464,1,1,4,0.42645458358136
680473,1,1,5,0.42645457969393247
680494,1,1,2,118.78788995830179
680495,1,1,9,552.202045271657
680496,1,1,4,0.42645458358136
680498,1,1,10,155.7095858973063
680503,1,1,9,611.3331386712437
680510,1,1,4,0.4264545919581291
680518,1,1,10,669.3097642133447
680527,1,1,8,871.6387000114821
680530,1,1,5,0.42645457969393247
680535,1,1,5,0.42645457969393247
680544,1,1,5,0.42645457969393247
680579,1,1,6,805.627651038529
680592,1,1,4,0.42645458358136
680595,1,1,8,684.7546987153443
680598,1,1,7,58.02114120659401
680604,1,1,7,61.00281719542285
680624,1,1,6,551.601861486513
680625,1,1,4,0.42645458358136
680636,1,1,9,582.8139096975058
680642,1,1,10,473.1201348014661
680667,1,1,8,313.0712849407669
680671,1,1,6,420.7437937847284
680672,1,1,2,386.8390732030827
680683,1,1,9,802.9169023991323
680695,1,1,1,723.7558160650963
680711,1,1,6,506.87059163737894
680718,1,1,10,646.9448557492674
680738,1,1,5,0.42645457969393247
680743,1,1,6,507.6095205130996
680745,1,1,9,242.34397141790296
680749,1,1,10,540.7180033360451
680760,1,1,4,0.42645458358136
680775,1,1,8,244.96329858591673
680790,1,1,9,484.7277782379739
680821,1,1,6,660.1708047785427
680827,1,1,5,0.42645457969393247
680831,1,1,8,675.069286612841
680834,1,1,5,0.42645456789925423
680839,1,1,8,690.950970608776
680866,1,1,6,778.689864453881
680871,1,1,8,928.1558366297747
680883,1,1,1,591.7858097574932
680900,1,1,9,313.35971781354283
680918,1,1,10,630.8620701474301
680933,1,1,9,301.12743952240385
680935,1,1,9,872.5422398570166
680938,1,1,10,337.25799180081935
680945,1,1,6,776.1166763833138
680959,1,1,5,0.42645457969393247
680967,1,1,8,551.8349043408065
680972,1,1,5,0.42645457969393247
680986,1,1,9,600.9752313155152
680994,1,1,6,456.16935818129247
681028,1,1,6,784.0874703157053
681030,1,1,4,0.42645458358136
681031,1,1,2,464.00003051907646
681032,1,1,8,396.1674641867129
681038,1,1,6,789.227771028993
681043,1,1,7,174.78344596595497
681052,1,1,4,0.42645458358136
681073,1,1,5,0.42645457969393247
681079,1,1,5,0.42645457969393247
681093,1,1,4,0.42645458358136
681109,1,1,4,0.42645458358136
681116,1,1,6,787.532043055062
681129,1,1,4,0.42645458358136
681130,1,1,10,638.5349608385786
681136,1,1,4,0.42645458358136
681141,1,1,9,614.2360855370254
681144,1,1,9,572.8560446683322
681153,1,1,9,376.7113586501072
681182,1,1,5,0.42645457969393247
681198,1,1,10,354.8417922552972
681201,1,1,9,530.0748186661067
681204,1,1,9,439.8020058634658
681212,1,1,6,659.369988681163
681215,1,1,3,88.06839891500402
681226,1,1,8,326.2471560282002
681230,1,1,5,0.42645457969393247
681266,1,1,7,80.62653076003019
681281,1,1,10,457.4268539898758
681283,1,1,3,77.58219807125253
681300,1,1,8,562.0064366938896
681302,1,1,6,781.1575931646714
681304,1,1,1,405.7615690407972
681328,1,1,5,0.42645457969393247
681353,1,1,4,0.42645458358136
681368,1,1,6,785.8386357115749
681375,1,1,4,0.42645458358136
681384,1,1,10,558.9967431430618
681397,1,1,9,617.4589336362192
681407,1,1,5,0.42645457969393247
681418,1,1,1,260.11305879610507
681422,1,1,8,177.44067462766117
681443,1,1,6,712.571638370899
681449,1,1,5,0.42645457969393247
681450,1,1,8,797.1861124306402
681453,1,1,7,168.68452789399595
681475,1,1,1,418.7404003186084
681480,1,1,8,733.2377542722458
681489,1,1,4,0.42645458358136
681501,1,1,1,582.9359002778214
681502,1,1,5,0.42645456789925423
681513,1,1,6,185.10271111558765
681524,1,1,9,890.4525855291296
681526,1,1,4,0.42645458358136
681573,1,1,1,663.9441635851218
681582,1,1,4,0.42645458358136
681587,1,1,7,89.73870679596818
681598,1,1,7,148.45579906194942
681602,1,1,8,591.5446386775319
681608,1,1,8,752.637451948508
681609,1,1,4,0.42645458358136
681622,1,1,1,377.80975467569135
681633,1,1,3,90.65942599510856
681636,1,1,9,841.564574279897
681637,1,1,1,757.6821945360091
681643,1,1,9,607.8110334489261
681653,1,1,9,515.3762148492589
681659,1,1,9,795.3685189840079
681663,1,1,5,0.42645457969393247
681668,1,1,8,823.3538273404181
681673,1,1,6,448.9747595092311
681679,1,1,9,110.111070270803
681684,1,1,4,0.42645458358136
681691,1,1,5,0.42645457969393247
681693,1,1,9,614.8338806096415
681698,1,1,6,304.3261093377902
681715,1,1,2,305.42878773909746
681723,1,1,10,403.58095968624644
681724,1,1,5,0.42645457969393247
681736,1,1,9,212.68601808130117
681748,1,1,1,379.4531441389433
681762,1,1,5,0.42645456789925423
681765,1,1,10,590.7591779305756
681773,1,1,9,641.857721717843
681774,1,1,7,26.14390471803492
681775,1,1,8,771.1364038178364
681795,1,1,8,516.5544756454278
681797,1,1,7,83.98621469557256
681801,1,1,5,0.42645457969393247
681818,1,1,5,0.42645457969393247
681855,1,1,8,445.38766615559257
681856,1,1,8,791.3450426535247
681879,1,1,1,716.781256570659
681885,1,1,5,0.42645457969393247
681888,0,1,0,0.15019183958950827
681900,1,1,1,565.5018475430574
681901,1,1,3,88.09930048320616
681930,1,1,2,161.3852321329095
681934,1,1,10,324.69243119635416
681952,1,1,9,619.6251476723103
681956,1,1,4,0.42645458358136
681985,1,1,9,757.8104281006807
681988,1,1,5,0.42645457969393247
682000,1,1,9,853.1362093558992
682010,1,1,6,518.3460953430048
682020,1,1,4,0.42645458358136
682022,1,1,8,659.440971541057
682025,1,1,2,74.6737977574659
682027,1,1,9,838.0132189094802
682051,1,1,9,722.5959821806642
682053,1,1,2,322.16356371643127
682055,1,1,5,0.42645457969393247
682058,1,1,1,490.06841375587106
682068,1,1,6,779.816993157535
682071,1,1,9,530.6112738842116
682088,1,1,7,134.52663872649362
682093,1,1,9,554.3418267320393
682103,1,1,2,332.4027934178175
682105,1,1,9,343.6208503941569
682106,1,1,10,365.1072720047854
682119,1,1,4,0.42645458358136
682124,1,1,10,434.82387022634407
682131,1,1,1,637.3373132685265
682136,1,1,6,312.9711382459685
682138,1,1,6,693.3393189750828
682149,1,1,1,386.66936428141736
682153,1,1,4,0.42645458358136
682165,1,1,4,0.42645458358136
682167,1,1,4,0.42645458358136
682172,1,1,9,164.09472338427426
682186,1,1,1,370.9656093377528
682191,1,1,5,0.42645457969393247
682196,1,1,5,0.42645457969393247
682219,1,1,1,467.8433131947503
682222,1,1,5,0.42645457969393247
682232,1,1,2,284.76779655326146
682233,1,1,8,369.4402091414207
682234,1,1,9,276.2176633519844
682240,1,1,3,92.52315504889648
682255,1,1,8,704.4507867895908
682294,1,1,5,0.42645457969393247
682308,1,1,2,277.89527127365847
682316,1,1,2,471.2967946866851
682317,1,1,6,626.7923716313243
682334,1,1,6,291.95554690149953
682348,1,1,1,702.0982842585785
682350,1,1,4,0.4264545919581291
682362,1,1,2,118.39652419753003
682392,1,1,5,0.42645457969393247
682421,1,1,9,387.36837685164073
682429,1,1,6,641.8981896319958
682446,1,1,8,901.9878901073747
682458,1,1,9,320.0634324920207
682464,1,1,8,294.1150616903124
682479,1,1,6,671.9923746966061
682481,1,1,7,98.1138874191852
682485,1,1,4,0.42645458358136
682486,1,1,4,0.42645458358136
682487,1,1,10,174.23242788691914
682488,1,1,3,90.38017280652362
682490,1,1,4,0.42645458358136
682501,1,1,9,428.94684863423583
682504,1,1,6,640.8993820514592
682522,1,1,5,0.42645457969393247
682557,1,1,7,168.5175151422572
682571,1,1,3,41.33417825833084
682574,1,1,4,0.42645458358136
682576,1,1,4,0.42645458358136
682583,0,1,0,0.1436514890942571
682588,1,1,10,466.1387237881898
682589,1,1,10,461.25727159644686
682614,1,1,8,431.99524581884265
682624,1,1,9,711.6985631543481
682627,1,1,3,67.51213447629617
682642,1,1,8,866.7832383951599
682656,1,1,2,398.59969308051024
682660,1,1,10,684.3320996044603
682674,1,1,8,241.51082122174722
682679,0,1,0,0.12159127100158601
682684,1,1,4,0.42645458358136
682713,1,1,9,652.2661973177507
682715,1,1,5,0.42645457969393247
682722,1,1,6,459.7478401176051
682731,1,1,4,0.42645458358136
682733,1,1,8,892.6418213122563
682744,1,1,9,625.584386292896
682751,1,1,7,57.91438801119951
682764,1,1,6,549.150513606677
682781,1,1,2,88.1304986274039
682788,1,1,8,575.9278526927088
682795,1,1,3,72.55432656254838
682803,1,1,10,271.1719113474519
682806,1,1,8,679.8902199840703
682816,1,1,9,578.789634496474
682822,1,1,4,0.42645458358136
682825,1,1,5,0.42645457969393247
682827,1,1,6,679.4999933727794
682828,1,1,8,576.2331616094593
682830,1,1,6,189.05941967652504
682832,1,1,8,373.33472904485336
682842,1,1,7,68.66365086996845
682854,1,1,6,329.0235129885455
682866,1,1,8,946.5521860042534
682880,1,1,3,92.12594684408602
682902,1,1,5,0.42645457969393247
682912,1,1,1,327.14660664147914
682914,1,1,10,719.6141506416453
682915,1,1,9,572.7482136151597
682937,1,1,9,540.2976271668447
682963,1,1,2,388.5940340404543
682971,1,1,9,251.45529524886987
682996,1,1,6,779.0754996026557
683010,1,1,5,0.42645457969393247
683014,1,1,4,0.42645458358136
683016,1,1,9,547.8133625344865
683017,1,1,7,21.329406904780733
683020,1,1,2,415.72424598692925
683025,1,1,8,829.4302053467154
683036,1,1,9,512.6365826553092
683042,1,1,1,266.1258513560944
683044,1,1,8,495.5066628213662
683055,1,1,9,619.7495099415207
683061,1,1,8,829.4401343841052
683074,1,1,4,0.42645458358136
683077,1,1,8,363.5029872114612
683079,1,1,5,0.42645457969393247
683080,1,1,9,337.0745614837845
683082,1,1,8,106.00031350973313
683086,1,1,7,168.38527347534966
683092,1,1,7,120.08327712675523
683094,1,1,4,0.42645458358136
683101,1,1,9,728.7914163467469
683136,1,1,10,408.4739192040988
683142,1,1,8,601.4545837065184
683167,1,1,9,757.7888795645116
683183,1,1,4,0.42645458358136
683208,1,1,8,204.76574132469827
683213,1,1,5,0.42645457969393247
683219,1,1,6,448.36224410649845
683223,1,1,7,64.91288424052728
683240,1,1,9,815.0382795212131
683250,1,1,1,166.28310140714567
683264,1,1,6,582.1162475572473
683284,1,1,5,0.42645457969393247
683297,1,1,6,748.9325207546252
683299,1,1,3,88.79660347605183
683309,1,1,9,236.83127534280587
683317,1,1,4,0.42645458358136
683330,1,1,9,471.6982724285437
683344,1,1,6,782.9982947328391
683358,1,1,1,485.4907168114496
683359,1,1,10,545.4796139576115
683363,1,1,9,378.17856327601464
683389,1,1,5,0.42645457969393247
683391,1,1,6,618.1474755377938
683394,1,1,10,524.9556903517879
683408,1,1,5,0.42645457969393247
683432,1,1,7,157.6212796093668
683434,1,1,1,691.6486993699215
683452,1,1,1,331.43554250850116
683464,1,1,10,719.9503453652771
683466,1,1,1,537.5049648209792
683472,1,1,6,652.8470054556017
683489,1,1,7,124.7264524109204
683499,1,1,6,504.4375526627827
683502,1,1,4,0.42645458358136
683522,1,1,5,0.42645457969393247
683536,1,1,5,0.42645457969393247
683562,1,1,4,0.42645458358136
683564,1,1,1,562.312665766287
683576,1,1,8,811.1854702802289
683581,1,1,10,328.8062053686246
683588,1,1,5,0.42645457969393247
683596,1,1,8,868.3362572857237
683621,1,1,9,887.4296559024455
683625,1,1,9,722.9261906504472
683627,1,1,10,682.1975631164506
683631,1,1,5,0.42645457969393247
683634,1,1,5,0.42645457969393247
683637,1,1,8,642.4873188489981
683645,1,1,2,249.17308866723036
683655,1,1,7,168.01789179009683
683656,1,1,8,869.2247509180522
683659,1,1,9,328.8895765705054
683667,1,1,6,686.5749823177522
683671,1,1,8,204.85381411592482
683676,1,1,4,0.42645458358136
683684,1,1,9,676.4531681870252
683686,1,1,9,863.2305408988526
683688,1,1,9,862.7633104972898
683690,1,1,10,274.00144102163387
683695,1,1,9,665.8330140794516
683696,1,1,9,640.0679757274396
683708,1,1,6,583.7953163432813
683710,1,1,4,0.42645458358136
683711,1,1,8,765.6378519611308
683754,1,1,8,292.1701095868948
683841,1,1,5,0.42645457969393247
683854,1,1,10,433.9723607428262
683864,1,1,8,378.09944401151165
683873,1,1,9,609.7523687044304
683874,1,1,1,538.6791480856468
683879,1,1,8,606.5506168991091
683891,1,1,8,137.92191094483306
683895,0,1,0,0.09679414282160913
683903,1,1,6,235.5136865472931
683909,1,1,4,0.4264545919581291
683912,1,1,8,551.756918763271
683916,1,1,4,0.42645458358136
683923,1,1,5,0.42645457969393247
683929,1,1,8,357.3186686723028
683936,1,1,5,0.42645457969393247
683953,1,1,6,765.1060138525345
683994,1,1,5,0.42645457969393247
684019,0,1,0,0.15810282838609324
684023,0,1,0,0.10860308301903183
684033,1,1,9,587.8307801609908
684036,1,1,10,272.71089945497744
684059,1,1,5,0.42645457969393247
684062,1,1,6,442.00142552987336
684064,1,1,5,0.42645457969393247
684072,1,1,10,600.2896629088701
684104,1,1,7,156.72685150752352
684110,1,1,9,528.1245776588843
684112,1,1,4,0.42645458358136
684130,1,1,5,0.42645457969393247
684140,1,1,1,510.43849037386013
684158,1,1,8,870.5530328130727
684161,1,1,5,0.42645457969393247
684162,1,1,5,0.42645457969393247
684166,1,1,4,0.42645458358136
684169,1,1,6,300.55365378723087
684181,1,1,5,0.42645457969393247
684195,1,1,6,794.1646303445578
684225,1,1,4,0.42645458358136
684239,1,1,9,843.152044526329
684257,1,1,5,0.42645457969393247
684263,1,1,6,652.5949074187723
684300,1,1,10,141.67450042982398
684302,1,1,4,0.42645458358136
684314,1,1,9,681.0670087021551
684316,1,1,9,582.6497269801037
684348,1,1,4,0.42645458358136
684365,1,1,9,806.7460317024878
684372,1,1,5,0.42645457969393247
684375,1,1,2,268.59351494319185
684398,1,1,4,0.42645458358136
684408,1,1,5,0.42645457969393247
684419,1,1,4,0.42645458358136
684426,1,1,7,156.50252707883968
684435,1,1,6,422.465933634079
684440,1,1,9,620.674083355981
684444,1,1,9,90.18812760762225
684445,1,1,9,151.47664157050377
684458,1,1,5,0.42645457969393247
684473,1,1,8,331.3651200130207
684486,1,1,5,0.42645457969393247
684487,1,1,8,938.887423002275
684488,1,1,4,0.42645458358136
684520,1,1,10,419.45205243973743
684555,1,1,2,236.0091946276682
684557,1,1,1,232.51219498519862
684569,1,1,3,71.97738892729755
684574,1,1,9,483.43517734408675
684577,1,1,9,636.2514217373113
684588,1,1,5,0.42645457969393247
684591,1,1,10,404.29788589539316
684593,1,1,8,773.6563782783988
684595,1,1,10,364.2445406892705
684608,1,1,10,660.9797336417092
684612,1,1,8,375.9688328530653
684616,1,1,5,0.42645457969393247
684621,1,1,6,407.27996946209373
684630,1,1,6,756.540412197156
684703,1,1,6,617.3114117527891
684731,1,1,6,628.8438857053342
684734,1,1,10,314.3940824754522
684752,1,1,1,737.3011730622771
684782,1,1,7,164.2215599899239
684788,1,1,5,0.42645457969393247
684817,1,1,6,762.4458655624435
684822,1,1,1,680.6905249707978
684826,1,1,9,888.8185522097117
684846,1,1,2,75.77468324238612
684892,1,1,8,604.9652934612983
684900,1,1,9,813.2873380655152
684905,1,1,9,278.087731342285
684906,1,1,7,165.5904414003712
684923,1,1,6,372.44402199038444
684945,1,1,9,543.8685156822587
684959,1,1,10,144.35773826475761
684975,1,1,1,224.59225692237524
684977,1,1,6,662.7948592795734
684980,1,1,7,86.61119931942513
684987,1,1,5,0.42645457969393247
684991,1,1,2,234.89275863179157
685010,1,1,5,0.42645457969393247
685019,1,1,2,153.08124317465465
685027,1,1,10,718.191171440688
685041,1,1,5,0.42645457969393247
685058,1,1,1,733.539848219275
685062,1,1,4,0.4264545919581291
685065,1,1,1,542.4801521082254
685072,1,1,6,460.4586738510596
685077,1,1,1,278.8008522368635
685078,0,1,0,0.14889249584232125
685091,1,1,8,728.7549323501029
685100,1,1,6,344.9817820659371
685104,1,1,4,0.42645458358136
685112,0,1,0,0.12485923862365754
685127,1,1,8,432.0714829523927
685132,1,1,5,0.42645457969393247
685134,1,1,1,205.04492754051876
685141,1,1,5,0.42645457969393247
685158,1,1,8,308.45913718871935
685184,1,1,7,49.3363451147986
685197,1,1,4,0.42645458358136
685200,1,1,9,845.6844922445332
685203,1,1,10,637.3512866712282
685223,1,1,9,253.07046542710017
685236,1,1,4,0.42645458358136
685237,1,1,9,447.88727059623363
685238,1,1,4,0.42645458358136
685241,1,1,3,90.20223186230257
685246,1,1,7,130.57959261357817
685268,1,1,1,236.43218317477445
685275,1,1,4,0.42645458358136
685276,1,1,5,0.42645457969393247
685277,1,1,9,530.1718009763049
685294,1,1,9,346.3662364320191
685316,1,1,6,181.67762881813601
685321,1,1,8,538.9727011992125
685330,1,1,5,0.42645457969393247
685335,1,1,8,734.2419058696944
685337,1,1,6,207.31695037614054
685344,1,1,8,691.7223881859768
685366,1,1,8,513.3942781898512
685372,1,1,7,70.41677556483694
685376,1,1,5,0.42645457969393247
685380,1,1,6,767.5330077425409
685385,1,1,6,562.4872678414074
685394,1,1,7,157.0703932237425
685421,1,1,5,0.42645457969393247
685424,1,1,4,0.42645458358136
685432,1,1,6,617.1985184403396
685435,1,1,10,356.40054365532086
685436,1,1,7,98.18102225054221
685456,1,1,8,547.7804254261054
685461,1,1,7,166.9490089434783
685497,1,1,8,192.25825714620572
685506,1,1,6,446.594647265418
685522,1,1,10,337.621062227822
685537,1,1,9,444.5008395759438
685546,1,1,4,0.42645458358136
685550,1,1,7,175.02644587130993
685558,1,1,8,307.7992238069884
685576,1,1,6,373.1051999937283
685584,1,1,8,404.8944076679531
685586,1,1,7,95.35143430528414
685590,1,1,8,548.9621855582359
685599,1,1,5,0.42645457969393247
685604,1,1,8,777.248009906549
685612,1,1,6,536.5576242812838
685625,1,1,4,0.42645458358136
685626,1,1,5,0.42645457969393247
685646,1,1,4,0.4264545919581291
685648,1,1,4,0.4264545919581291
685650,1,1,10,382.4598343418675
685655,1,1,9,663.1966606874994
685668,1,1,8,494.8564417743151
685670,1,1,4,0.42645458358136
685671,1,1,9,509.7610812532939
685676,1,1,5,0.42645457969393247
685696,1,1,10,722.3671942882212
685699,1,1,4,0.42645458358136
685704,1,1,1,753.6472349124109
685721,1,1,9,485.3316574149419
685727,1,1,8,935.5226748513476
685737,1,1,5,0.42645457969393247
685742,1,1,6,376.29321042854497
685779,1,1,6,229.60869737134945
685791,1,1,4,0.42645458358136
685793,1,1,4,0.42645458358136
685831,1,1,9,795.8370236441743
685862,1,1,8,790.4793299263648
685863,1,1,10,577.8380695677868
685865,1,1,9,644.7804302825156
685874,1,1,8,463.9970462450738
685877,1,1,5,0.42645457969393247
685886,1,1,4,0.42645458358136
685890,1,1,4,0.42645458358136
685895,1,1,9,604.8297309837805
685917,1,1,9,314.95347035404495
685931,1,1,9,876.1515573625716
685934,1,1,1,652.6748646368075
685967,1,1,9,566.8801349772733
685972,1,1,8,893.4408891942542
685977,1,1,9,559.1910289243698
685983,1,1,9,561.3914531074153
685985,1,1,1,724.8652576883378
685993,1,1,4,0.42645458358136
685995,1,1,2,392.38796699956737
685999,1,1,1,251.4053531082452
686002,1,1,5,0.42645457969393247
686004,1,1,9,757.9585654636049
686015,1,1,10,261.4486083164275
686019,1,1,5,0.42645457969393247
686034,1,1,6,720.9729382974444
686045,1,1,6,777.9986972239317
686046,1,1,8,693.715542306417
686051,1,1,6,136.98230140097556
686059,1,1,9,297.2545685650106
686071,1,1,4,0.42645458358136
686098,1,1,6,401.1189205390042
686107,1,1,8,475.2272198405118
686112,1,1,1,702.2114771996763
686116,1,1,3,87.9874334519325
686119,1,1,4,0.42645458358136
686129,1,1,9,635.5041325256316
686136,1,1,8,720.302558606618
686140,1,1,6,564.2275750871321
686143,1,1,4,0.42645458358136
686147,0,1,0,0.09803337098674543
686151,1,1,7,106.74185507870091
686174,1,1,10,371.17776233235736
686191,1,1,9,328.17504014528026
686203,1,1,4,0.42645458358136
686205,1,1,9,593.3996675681713
686211,1,1,10,407.366517598676
686217,1,1,5,0.42645456789925423
686220,1,1,9,238.22592310901092
686226,1,1,8,487.5566266412705
686228,1,1,6,659.9664195094108
686231,1,1,3,70.88121401785527
686247,1,1,9,809.1414672903546
686265,1,1,3,91.91184098203514
686306,1,1,1,371.67400650321446
686318,1,1,5,0.42645457969393247
686333,1,1,1,284.8702993239878
686338,1,1,9,607.1905938156791
686339,1,1,8,571.7708873396462
686358,1,1,4,0.42645458358136
686364,1,1,6,776.5130023261285
686372,1,1,4,0.42645458358136
686376,1,1,6,440.93454061328225
686386,1,1,9,855.117567567974
686401,1,1,2,321.5996139738782
686404,1,1,10,588.1169254388819
686420,1,1,10,524.408424497679
686424,1,1,9,815.524486445552
686435,1,1,3,84.62514195232868
686465,1,1,6,790.7288053884184
686479,1,1,6,581.1274933059399
686494,1,1,5,0.42645457969393247
686514,1,1,6,326.17750608691614
686530,1,1,4,0.42645458358136
686542,1,1,5,0.42645457969393247
686546,1,1,6,478.18744279156795
686561,1,1,9,544.4700734033306
686574,1,1,2,293.25190350708874
686579,1,1,8,475.49190351211064
686586,1,1,8,560.339522622973
686614,1,1,9,854.9358468775922
686621,1,1,9,794.3201163220151
686627,1,1,8,141.6920552730863
686641,1,1,6,514.0506241531801
686646,1,1,9,388.0007157734569
686665,1,1,8,913.5938329560125
686677,1,1,8,209.6412179249742
686683,1,1,8,644.2374900133497
686693,1,1,10,549.5550390476153
686703,1,1,9,819.9359461723516
686704,1,1,5,0.42645457969393247
686707,1,1,5,0.42645457969393247
686712,1,1,3,92.02688414971111
686723,1,1,4,0.42645458358136
686729,1,1,5,0.42645457969393247
686745,1,1,10,232.01949554293387
686747,1,1,6,373.24327456041584
686752,1,1,9,278.88897429002617
686758,1,1,10,559.0655487108653
686766,1,1,9,553.655615948085
686771,1,1,1,638.1419042241149
686790,1,1,4,0.42645458358136
686794,1,1,8,213.2697486529114
686809,1,1,8,321.2565581573213
686820,0,1,0,0.1569087706423288
686825,1,1,5,0.42645457969393247
686865,1,1,4,0.42645458358136
686878,1,1,3,89.31622705985647
686930,1,1,2,388.51571060860556
686939,1,1,1,752.1532562138284
686945,1,1,8,628.3013420955449
686969,1,1,8,421.1367940511236
686975,1,1,9,450.2118634577705
686980,1,1,9,876.8886384804237
687004,1,1,9,72.173114047218
687022,1,1,6,468.2626683072306
687037,1,1,9,115.58693416519911
687062,1,1,5,0.42645457969393247
687074,1,1,8,629.7061585880635
687078,1,1,10,587.1128067042413
687086,1,1,9,501.25938325710905
687091,1,1,8,859.1577527943286
687098,1,1,4,0.42645458358136
687121,1,1,4,0.42645458358136
687144,0,1,0,0.13002668181831153
687145,1,1,8,528.5002076485388
687159,1,1,5,0.42645457969393247
687190,1,1,4,0.42645458358136
687195,1,1,9,226.48321081286562
687201,1,1,5,0.42645457969393247
687211,1,1,9,552.1051574600891
687213,1,1,8,360.7083256181373
687215,1,1,1,730.5452645080134
687220,1,1,6,408.3095601630995
687225,1,1,7,75.78641040885094
687230,1,1,5,0.42645457969393247
687235,1,1,3,68.6100484583815
687267,1,1,1,194.59625739155032
687276,1,1,1,559.7937418208376
687279,1,1,9,460.1761141624214
687280,1,1,5,0.42645457969393247
687297,1,1,6,722.1583026826618
687304,1,1,5,0.42645457969393247
687313,1,1,4,0.4264545919581291
687328,1,1,6,652.9314103214995
687358,1,1,6,207.4840658153195
687373,1,1,4,0.42645458358136
687401,1,1,8,651.6134697614683
687414,1,1,8,552.0251946236964
687415,1,1,6,540.5403418722526
687418,1,1,3,77.22197321159763
687423,1,1,10,719.1629593993343
687430,1,1,3,85.72083792387501
687433,1,1,8,894.3719666287182
687444,1,1,1,753.571742627106
687446,1,1,1,687.5385669915267
687468,1,1,10,680.3049513423377
687470,1,1,10,488.1741331381597
687476,1,1,4,0.42645458358136
687486,1,1,9,536.7180764106201
687490,1,1,4,0.42645458358136
687494,1,1,4,0.42645458358136
687509,1,1,10,415.2829364060702
687513,1,1,5,0.42645457969393247
687526,1,1,6,542.9602215727723
687528,1,1,1,685.6348890957275
687548,1,1,9,836.2086453370005
687554,0,1,0,0.1215423720858771
687557,1,1,6,544.3145275543461
687570,1,1,1,610.7818914261858
687572,1,1,10,371.35992859787694
687576,1,1,10,415.0844798765012
687580,1,1,10,334.0623099940946
687581,1,1,8,341.8148489348393
687583,1,1,5,0.42645457969393247
687592,1,1,8,790.7450853840438
687614,1,1,2,370.6590187103354
687616,1,1,9,435.32796655781556
687622,1,1,10,403.8905103316807
687638,1,1,8,901.8104927063267
687657,1,1,9,446.9347549381176
687668,1,1,8,534.8830142936004
687677,1,1,1,624.836227257847
687692,1,1,7,153.5859916476973
687700,1,1,9,717.607517851692
687706,1,1,3,58.69805137237266
687713,1,1,9,533.2776269113872
687716,1,1,8,754.7377461620234
687738,1,1,7,75.24239513765993
687739,1,1,5,0.42645457969393247
687746,1,1,5,0.42645457969393247
687751,1,1,6,627.0008547657425
687768,1,1,10,270.66429324512717
687771,1,1,9,876.281484281985
687776,1,1,6,420.5070043559228
687790,1,1,9,235.57731511844025
687805,1,1,9,403.3854924345682
687813,1,1,4,0.42645458358136
687832,1,1,4,0.42645458358136
687838,1,1,5,0.42645457969393247
687850,0,1,0,0.13348598477801982
687851,1,1,5,0.42645457969393247
687859,1,1,9,398.41468113900515
687869,1,1,9,831.9289619717258
687881,1,1,5,0.42645457969393247
687882,1,1,8,655.8616626273991
687886,1,1,9,662.5930582714644
687910,1,1,4,0.4264545919581291
687912,1,1,5,0.42645456789925423
687915,1,1,6,539.3890157715194
687925,1,1,4,0.42645458358136
687929,1,1,4,0.42645458358136
687940,1,1,5,0.42645457969393247
687950,1,1,4,0.42645458358136
687966,1,1,1,237.77600663012655
687971,1,1,6,402.43099207183764
687976,1,1,6,573.0755912698419
687993,1,1,7,21.55367402454139
687996,1,1,8,536.3279902160781
688008,0,1,0,0.12383258404441862
688012,1,1,3,89.99165266422098
688016,1,1,4,0.42645458358136
688033,1,1,9,649.806020296597
688034,1,1,5,0.42645457969393247
688042,1,1,10,719.1583035562916
688051,1,1,9,753.7786309072685
688065,1,1,6,578.113388645318
688069,1,1,10,615.7584522952656
688084,1,1,8,829.9834663522062
688085,1,1,6,549.7375164642074
688087,1,1,10,557.6608746269311
688102,1,1,10,721.5920677091509
688105,1,1,10,711.4690021744307
688108,1,1,9,532.7798424996028
688114,1,1,9,635.6249429562125
688129,1,1,5,0.42645457969393247
688133,1,1,5,0.42645457969393247
688143,1,1,9,451.3357749750721
688149,1,1,4,0.42645458358136
688154,1,1,9,551.9839362691306
688156,1,1,9,605.1675118389775
688162,1,1,7,61.66645713171533
688163,1,1,3,80.33184861466229
688171,1,1,1,552.384883493269
688172,1,1,10,327.619460938227
688176,1,1,9,640.5170114172229
688183,1,1,7,75.57767723795304
688190,1,1,5,0.42645457969393247
688208,1,1,6,783.1940020018056
688212,1,1,4,0.42645458358136
688214,1,1,6,469.96713351896864
688218,1,1,4,0.42645458358136
688235,1,1,9,819.6689404941919
688238,1,1,8,633.3367488683829
688259,1,1,9,790.6680214429598
688264,1,1,10,217.3952420919943
688278,1,1,6,358.20133703604597
688290,1,1,6,390.28726587652585
688292,1,1,10,324.77796080033755
688303,1,1,4,0.42645458358136
688319,1,1,4,0.42645458358136
688320,1,1,10,401.14460774163416
688329,1,1,4,0.42645458358136
688331,1,1,8,829.5607060333558
688332,1,1,5,0.42645457969393247
688334,1,1,5,0.42645457969393247
688348,1,1,9,61.793669369713186
688350,1,1,4,0.42645458358136
688373,1,1,8,457.9283466253209
688378,1,1,9,609.8100019091306
688391,1,1,4,0.42645458358136
688400,1,1,9,446.6583698479111
688424,0,1,0,0.12432867535619614
688427,1,1,1,694.6227426685525
688483,1,1,6,579.7013049716477
688487,1,1,6,464.02682818370687
688491,1,1,10,408.19601256113805
688492,1,1,8,212.12381831344447
688508,1,1,5,0.42645457969393247
688514,1,1,4,0.42645458358136
688533,1,1,6,671.9801841130909
688549,1,1,9,384.3569288694471
688550,1,1,8,385.0071288897065
688573,1,1,1,522.03675225069
688589,1,1,9,654.9592631568526
688594,1,1,9,201.8625167508403
688617,1,1,4,0.42645458358136
688630,1,1,9,524.9638541506397
688631,1,1,9,431.2972133540475
688633,1,1,8,235.45615231242965
688657,1,1,9,811.5420906112267
688662,1,1,8,566.6998376931123
688664,1,1,6,263.66071286397363
688670,1,1,6,701.6947037369703
688673,1,1,6,369.0096957034441
688676,1,1,7,145.82764798794489
688693,1,1,4,0.42645458358136
688694,1,1,5,0.42645457969393247
688696,1,1,7,98.58389097109063
688714,1,1,4,0.42645458358136
688720,1,1,5,0.42645457969393247
688730,1,1,5,0.42645457969393247
688769,1,1,4,0.42645458358136
688775,1,1,4,0.4264545919581291
688802,1,1,6,810.6052162562687
688804,1,1,10,510.30471153678735
688808,1,1,9,574.7142131500646
688819,1,1,9,349.74369956623815
688820,1,1,8,209.86236642751274
688824,1,1,8,606.3045162010535
688832,1,1,9,238.08739821703932
688844,1,1,9,581.6430364365474
688845,1,1,1,476.60162865643997
688858,1,1,4,0.42645458358136
688861,1,1,10,417.91266344627326
688867,1,1,9,382.2555563218686
688876,1,1,5,0.42645457969393247
688891,1,1,6,641.1450169587812
688894,1,1,1,604.3885855783627
688904,1,1,1,223.38266240957563
688951,1,1,4,0.42645458358136
688958,1,1,1,603.8042940503226
688983,1,1,10,625.4595479364338
688988,1,1,7,130.95019475252568
689022,1,1,9,659.2763018313138
689028,1,1,9,876.9459112806147
689035,1,1,4,0.42645458358136
689040,1,1,1,532.6373120079447
689042,1,1,3,82.43965953075634
689054,1,1,3,84.80968494027584
689066,1,1,4,0.42645457969393247
689068,1,1,1,508.31740341951775
689074,1,1,5,0.42645457969393247
689075,1,1,5,0.42645457969393247
689080,1,1,10,460.34222093987694
689083,1,1,8,345.695405617774
689094,1,1,5,0.42645456789925423
689100,1,1,9,160.88705461155996
689102,1,1,4,0.42645458358136
689127,1,1,9,533.2106907509125
689128,1,1,1,621.8285726518064
689144,1,1,6,682.9161774049845
689161,0,1,0,0.16980687005222517
689163,1,1,3,92.77100324633004
689178,1,1,10,619.3617672096476
689183,1,1,5,0.42645457969393247
689194,1,1,1,500.2019787522791
689203,1,1,3,89.90350936733732
689208,1,1,5,0.42645457969393247
689211,1,1,4,0.42645458358136
689215,1,1,10,705.1155471699019
689220,1,1,5,0.42645457969393247
689221,1,1,9,542.2774087391603
689226,1,1,7,4.366866844781375
689228,1,1,10,111.22012668397065
689244,1,1,5,0.42645457969393247
689250,1,1,9,730.1163727431798
689254,1,1,6,407.20166144198384
689278,1,1,8,612.7518008055508
689284,1,1,1,510.26194945443706
689291,1,1,10,555.7817709591436
689300,1,1,6,495.9413159029616
689316,1,1,6,783.4253064427926
689317,1,1,6,534.9860416964148
689335,1,1,4,0.42645458358136
689339,1,1,7,173.25424693151962
689352,1,1,3,90.48211728290079
689356,1,1,4,0.4264545919581291
689363,1,1,10,410.3465183245453
689365,1,1,2,308.80245812617574
689366,1,1,9,852.9857037277974
689371,1,1,10,444.7633179971966
689372,1,1,6,409.1406447622207
689374,1,1,6,446.6505660376535
689378,1,1,9,556.6752741501504
689392,1,1,9,413.85826278070124
689419,1,1,5,0.42645457969393247
689429,1,1,4,0.42645458358136
689436,1,1,9,820.4498152782558
689441,1,1,9,470.74642863519085
689446,1,1,6,776.62897947937
689453,1,1,4,0.42645458358136
689454,1,1,5,0.42645457969393247
689460,1,1,9,518.9707610271615
689475,1,1,6,768.0843796131111
689479,1,1,3,80.03734304339575
689495,1,1,9,804.3221700348925
689496,1,1,6,428.2332569351522
689501,1,1,8,170.75769113160783
689513,1,1,2,376.2625092008125
689518,1,1,1,379.70655762225005
689523,1,1,6,496.6515757043981
689538,1,1,8,564.7155374781053
689539,1,1,7,96.87283822982072
689543,1,1,5,0.42645457969393247
689566,1,1,4,0.42645458358136
689584,0,1,0,0.11491490006805129
689609,1,1,9,358.6166458477409
689644,1,1,5,0.42645457969393247
689658,1,1,9,778.3811635390857
689662,1,1,8,938.8318803586268
689678,1,1,9,572.2179740681653
689686,1,1,2,414.37764086715384
689699,1,1,5,0.42645457969393247
689707,1,1,9,200.90913992935026
689711,1,1,9,820.0770028675216
689723,1,1,9,521.8312601043906
689744,1,1,5,0.42645457969393247
689748,1,1,6,706.2191348103959
689757,1,1,2,474.0584775714133
689759,1,1,9,566.8072624114461
689767,1,1,2,312.3152500491786
689773,1,1,5,0.42645457969393247
689774,1,1,5,0.42645457969393247
689783,1,1,5,0.42645457969393247
689785,1,1,6,706.2411139513703
689787,1,1,6,502.2474379138523
689805,1,1,6,788.935255251879
689812,1,1,8,527.6284632993487
689821,1,1,9,514.8410547743031
689823,1,1,9,388.44536130080417
689827,1,1,9,772.1454181000299
689831,1,1,5,0.42645457969393247
689836,1,1,8,899.0668208133754
689837,1,1,8,390.2661800489553
689852,1,1,9,22.656184921120495
689856,1,1,6,592.3646079520448
689857,1,1,9,822.3571655740845
689861,1,1,1,484.3835360069528
689869,1,1,1,206.50192330686005
689874,1,1,3,89.19303024213934
689909,1,1,4,0.4264545919581291
689926,1,1,4,0.4264545919581291
689941,1,1,6,488.05760799408887
690003,1,1,5,0.42645457969393247
690011,1,1,5,0.42645457969393247
690028,1,1,5,0.42645457969393247
690052,1,1,9,757.5267688321417
690056,1,1,5,0.42645457969393247
690058,1,1,8,660.7453593664367
690061,1,1,10,466.30078562645446
690064,1,1,1,296.6589532393579
690068,1,1,10,279.2006136275448
690071,1,1,5,0.42645457969393247
690073,1,1,9,701.1685779892588
690074,1,1,2,326.1801735950195
690075,1,1,8,921.5323557682144
690076,1,1,6,339.2141107782961
690084,1,1,6,460.1162234525335
690088,1,1,1,553.1345053838905
690095,1,1,7,29.712356650953033
690102,1,1,8,185.8942217250613
690112,1,1,5,0.42645457969393247
690123,1,1,9,599.2042142884247
690127,1,1,7,102.1052148354005
690132,1,1,9,615.7453643665301
690133,1,1,10,84.2651354799132
690140,1,1,8,449.1741116877639
690147,1,1,8,566.2331683278552
690178,1,1,5,0.42645457969393247
690180,0,1,0,0.12337381782223264
690216,1,1,4,0.42645458358136
690230,1,1,7,155.215357622318
690233,1,1,8,203.06451009160446
690236,1,1,5,0.42645456789925423
690245,1,1,6,714.1868883506748
690248,1,1,7,142.71795651201342
690256,1,1,2,243.8749426617787
690266,1,1,1,509.5740590347361
690270,1,1,6,291.56426700171454
690277,1,1,6,744.7519413498146
690289,1,1,5,0.42645457969393247
690291,1,1,7,94.43059685848331
690319,0,1,0,0.12161575609962301
690332,1,1,3,68.36745951170658
690337,1,1,9,814.2085054166056
690346,1,1,8,510.5863472309374
690356,1,1,5,0.42645457969393247
690367,1,1,6,681.1421735562892
690376,1,1,8,418.6549463329323
690391,1,1,2,421.59291372387815
690392,1,1,5,0.42645457969393247
690396,1,1,5,0.42645457969393247
690400,1,1,6,430.36754770893054
690404,1,1,6,167.50082661069538
690423,1,1,4,0.42645458358136
690426,1,1,4,0.42645458358136
690430,1,1,9,743.397753206398
690451,1,1,2,300.7411560883996
690452,1,1,9,589.8429733224019
690455,1,1,9,749.9360463461269
690459,1,1,5,0.42645457969393247
690475,1,1,9,872.846262592098
690486,1,1,1,579.0021677995534
690490,1,1,8,501.5745998841027
690495,1,1,7,85.01214605165558
690511,1,1,4,0.4264545919581291
690519,1,1,5,0.42645457969393247
690528,1,1,6,164.72185982815685
690545,1,1,10,399.634133445127
690551,1,1,7,96.09240273068222
690561,1,1,8,565.2575617472439
690563,1,1,10,486.590325036742
690578,1,1,6,495.89186340967416
690590,1,1,4,0.42645458358136
690594,1,1,6,518.0133483062275
690615,1,1,7,85.10894545955308
690619,1,1,9,663.0437485964234
690621,1,1,4,0.42645458358136
690625,1,1,8,820.6786211207511
690626,1,1,10,720.0281576996452
690628,1,1,1,197.75637476105274
690634,1,1,9,656.8765355375416
690640,1,1,7,34.37448363818786
690645,1,1,9,797.5769311288636
690663,1,1,6,704.0760484771528
690665,1,1,5,0.42645457969393247
690673,1,1,10,289.234067559415
690683,1,1,2,328.6672988685957
690687,1,1,5,0.42645457969393247
690692,1,1,9,610.1023036690243
690721,1,1,4,0.42645457969393247
690727,1,1,5,0.42645457969393247
690740,1,1,8,868.45778155205
690742,1,1,3,52.544606154029765
690746,1,1,6,554.4733188950402
690758,1,1,10,461.75839540700446
690786,1,1,9,867.2639957822566
690817,1,1,2,336.4322249132663
690826,1,1,6,697.5207374994835
690834,1,1,6,641.2267204360325
690846,1,1,5,0.42645457969393247
690853,1,1,9,229.09239818128367
690864,1,1,9,598.5642343841571
690866,1,1,10,129.57031802066606
690876,1,1,8,649.8567438028456
690887,1,1,6,404.3319652578578
690894,1,1,7,174.30997080773028
690896,1,1,5,0.42645457969393247
690897,1,1,6,261.0459430338683
690898,1,1,8,752.761167686834
690902,1,1,4,0.42645458358136
690909,1,1,6,359.334244891484
690911,1,1,6,546.6549617551615
690926,1,1,6,542.6191353410621
690929,1,1,8,511.9065384814841
690935,1,1,5,0.42645457969393247
690944,1,1,10,711.476359977499
690959,1,1,4,0.42645458358136
690960,1,1,7,126.31164737414649
690963,1,1,4,0.42645458358136
690968,1,1,9,566.5888292785504
690983,1,1,5,0.42645457969393247
691011,1,1,6,676.112446071502
691012,1,1,7,59.74224323228261
691037,1,1,5,0.42645457969393247
691043,1,1,8,697.8761331037457
691047,1,1,4,0.42645458358136
691050,1,1,9,887.073067688598
691057,1,1,5,0.42645456789925423
691060,1,1,4,0.4264545919581291
691061,1,1,8,555.0044675618188
691069,1,1,8,513.2472111735937
691085,1,1,9,510.2800099927676
691092,1,1,8,295.46311874846975
691096,1,1,9,832.9853578807846
691097,1,1,6,116.46938224177633
691100,1,1,9,823.8600910526205
691107,1,1,1,362.485072009905
691110,1,1,10,115.6039889535706
691115,1,1,6,778.8668056805826
691122,1,1,9,384.86336354136387
691123,1,1,9,876.533474469542
691146,1,1,10,445.1167193162753
691158,1,1,9,430.8663408782153
691168,1,1,4,0.42645458358136
691172,1,1,1,579.2895130822351
691186,1,1,9,461.3087617610133
691197,1,1,7,72.00100400298525
691200,1,1,6,672.399938082137
691201,1,1,9,553.8176276817511
691204,1,1,9,204.0136426574446
691205,1,1,1,666.3866281101282
691211,1,1,4,0.42645458358136
691222,1,1,8,708.1623953263934
691225,1,1,2,246.52241537332543
691233,0,1,0,0.1046627776767015
691234,1,1,2,275.62321472400737
691235,1,1,8,674.7572055506879
691255,1,1,9,328.7665917208987
691265,1,1,8,191.92323757808336
691279,1,1,9,316.3022570440813
691301,1,1,5,0.42645456789925423
691312,1,1,7,24.261043679156437
691339,1,1,10,605.526983849972
691347,1,1,9,715.662902834649
691358,1,1,10,612.8407682750261
691370,1,1,9,707.5002140091971
691376,1,1,1,719.7968180748406
691385,1,1,4,0.42645458358136
691388,1,1,1,236.5505820348054
691391,1,1,6,731.373839288856
691430,1,1,1,0.46082369186719074
691433,1,1,10,626.6573746413645
691448,1,1,10,124.61090912631728
691459,1,1,5,0.42645457969393247
691484,1,1,10,602.515662094658
691495,1,1,4,0.42645458358136
691498,1,1,9,837.1925209242917
691500,1,1,6,590.2554416346661
691502,1,1,6,748.8076799500928
691504,1,1,7,54.62592660394009
691543,1,1,10,609.5110972910174
691576,1,1,2,439.8703647826005
691577,1,1,6,446.70291341329863
691600,1,1,4,0.42645458358136
691602,1,1,5,0.42645457969393247
691604,1,1,1,310.0640161096117
691610,1,1,4,0.42645458358136
691611,1,1,4,0.42645458358136
691617,1,1,8,836.0458005596927
691622,1,1,5,0.42645457969393247
691640,1,1,4,0.42645458358136
691656,1,1,8,437.10083073597946
691662,1,1,5,0.42645456789925423
691675,1,1,8,942.8045559587438
691694,1,1,9,648.3460884427398
691702,1,1,5,0.42645457969393247
691705,1,1,10,352.4732440163937
691707,1,1,1,368.32561090629315
691714,1,1,8,431.45879585690165
691718,1,1,8,421.0182523175806
691719,1,1,9,480.6561282894064
691726,1,1,6,753.7851530485276
691734,1,1,8,757.30238358229
691755,1,1,7,110.1486363055239
691756,1,1,9,653.0507030692829
691782,1,1,10,211.00775798856458
691790,1,1,10,316.2946752204504
691805,1,1,10,323.4538789259732
691838,1,1,9,876.2750713490653
691841,1,1,10,331.64537358222253
691858,0,1,0,0.11488786379039102
691863,1,1,7,56.83305666527913
691864,1,1,7,108.23525572782364
691865,1,1,9,709.4382674005925
691866,1,1,9,577.014762247855
691869,1,1,4,0.42645458358136
691880,1,1,9,673.6654610987796
691884,1,1,10,610.4658261084367
691892,1,1,4,0.42645458358136
691895,1,1,8,474.6596493751245
691898,1,1,4,0.42645458358136
691900,1,1,5,0.42645457969393247
691921,1,1,1,280.77187491350384
691922,1,1,7,171.04019404157756
691930,1,1,6,471.23318328239446
691934,1,1,6,429.84167241140057
691947,1,1,4,0.42645458358136
691953,1,1,6,379.95722570325245
691973,1,1,8,242.96275650751014
691975,1,1,8,949.791888710885
691982,1,1,4,0.42645458358136
691986,1,1,8,424.9605136097744
692000,1,1,9,720.3696387116586
692026,1,1,3,54.50585774157172
692039,1,1,9,672.264350790106
692052,1,1,6,237.0989293149825
692053,0,1,0,0.13132129404960474
692072,1,1,10,455.67794027006016
692077,1,1,4,0.42645458358136
692081,1,1,5,0.42645457969393247
692082,1,1,9,515.7690162523588
692089,1,1,5,0.42645457969393247
692096,1,1,8,281.25073591372626
692099,1,1,8,211.96516447281783
692113,1,1,6,439.8846995241985
692119,1,1,5,0.42645457969393247
692127,1,1,9,851.2310570263584
692129,1,1,8,180.5206369195071
692133,1,1,7,32.86124538565399
692143,1,1,1,223.489156612206
692170,1,1,9,768.3546045476764
692182,1,1,8,389.6095912241488
692188,1,1,9,61.87508353761706
692201,1,1,8,666.5808800249831
692210,1,1,5,0.42645457969393247
692248,1,1,10,287.0810422838479
692253,1,1,4,0.4264545919581291
692263,1,1,4,0.42645458358136
692265,1,1,3,89.29108218494022
692274,1,1,9,481.45557655931924
692279,1,1,6,310.20493220508195
692281,1,1,7,123.72161681667623
692305,1,1,6,220.6712530074869
692320,1,1,6,165.57947979684937
692323,1,1,6,579.2268708118912
692343,1,1,5,0.42645457969393247
692346,1,1,4,0.42645458358136
692349,1,1,10,507.53489300607276
692355,1,1,1,753.3995006525435
692358,1,1,10,130.62603534278273
692413,1,1,3,92.31739400275929
692450,1,1,2,341.58441904280204
692456,1,1,6,283.5763520996238
692471,1,1,7,140.92767292582937
692477,1,1,4,0.42645458358136
692486,1,1,10,677.2675014097456
692487,1,1,10,485.85911695385175
692489,1,1,8,202.06029664524354
692495,1,1,3,56.44938234156789
692505,1,1,9,562.4431529219219
692517,1,1,8,799.0829273548629
692523,1,1,9,675.2680829041043
692536,1,1,9,602.7107494586447
692551,1,1,8,885.6445450612642
692554,1,1,6,681.3368723279965
692556,1,1,9,68.72119750816658
692560,1,1,6,510.218230051346
692562,1,1,5,0.42645456789925423
692563,0,1,0,0.11065488274448362
692564,1,1,8,590.2633561216974
692585,1,1,7,80.94679000199696
692610,1,1,4,0.42645458358136
692619,1,1,5,0.42645457969393247
692637,1,1,4,0.42645458358136
692648,1,1,3,92.44153658588567
692676,1,1,6,500.4516158274178
692683,1,1,4,0.42645458358136
692686,1,1,6,574.9582191711453
692707,1,1,6,781.4709937072167
692728,1,1,5,0.42645457969393247
692742,1,1,9,612.1105517933573
692745,1,1,8,682.0479986631289
692757,1,1,6,178.62438929305225
692759,1,1,9,515.120367841546
692763,1,1,1,222.4660726006037
692775,1,1,6,764.6750050607205
692788,1,1,6,714.0081359820218
692796,1,1,10,372.0042780826961
692797,1,1,4,0.42645458358136
692839,0,1,0,0.08450649932626718
692841,1,1,4,0.42645458358136
692844,1,1,8,496.8251818570535
692848,1,1,8,871.1807348496552
692860,0,1,0,0.2464486706519959
692884,1,1,4,0.42645458358136
692885,1,1,10,689.5301951677898
692898,1,1,5,0.42645457969393247
692902,1,1,6,754.0769604316322
692914,1,1,9,849.2106837685167
692919,1,1,9,865.3309990516359
692938,1,1,10,366.56627658396053
692952,1,1,8,587.7091895006997
692974,1,1,4,0.42645458358136
692976,1,1,10,86.61141999930493
693006,1,1,8,723.5402834802087
693008,1,1,7,93.38014402238018
693020,1,1,10,721.0570639733795
693042,1,1,8,546.7359571671042
693072,1,1,9,621.0174651172804
693081,1,1,10,193.31662308393163
693084,1,1,8,811.1281828219755
693087,1,1,4,0.42645458358136
693103,1,1,4,0.42645458358136
693107,0,1,0,0.12011754893107292
693111,1,1,3,92.73462996548652
693127,1,1,5,0.42645457969393247
693132,1,1,6,721.0621875863393
693134,1,1,5,0.42645457969393247
693136,1,1,2,300.72613135302163
693156,1,1,1,733.0969233109918
693161,1,1,9,845.8393404255025
693170,1,1,7,78.3289869005903
693176,1,1,1,271.83487652740456
693178,1,1,9,305.5836281207893
693183,1,1,1,611.788922642283
693186,1,1,9,616.8978202631502
693188,1,1,5,0.42645457969393247
693216,1,1,1,283.9195539261517
693217,1,1,9,735.5472273067736
693229,1,1,9,876.9015061914002
693259,1,1,5,0.42645457969393247
693276,1,1,9,444.8633413682465
693277,1,1,5,0.42645456789925423
693280,1,1,4,0.42645458358136
693301,1,1,8,812.6507834353919
693306,1,1,10,188.5006930035158
693314,1,1,8,510.4465046199329
693317,1,1,9,733.6721780883228
693337,1,1,4,0.42645458358136
693338,1,1,10,459.81343984043156
693341,1,1,4,0.42645458358136
693357,1,1,8,475.8837925827242
693360,1,1,9,772.697233489088
693362,1,1,6,302.412421913086
693369,1,1,6,508.23926141719016
693370,1,1,8,179.48386778755392
693371,1,1,4,0.42645458358136
693378,1,1,10,460.2167210440705
693408,1,1,4,0.42645458358136
693416,1,1,4,0.42645458358136
693421,1,1,1,241.97386155246184
693460,1,1,10,721.4759931546303
693466,1,1,4,0.42645458358136
693467,1,1,5,0.42645457969393247
693474,1,1,9,327.55564996884357
693480,1,1,6,667.6965804332337
693487,1,1,6,478.5428017272663
693512,1,1,5,0.42645457969393247
693523,1,1,8,280.81060327999256
693529,1,1,2,430.6154128012975
693552,1,1,6,325.19325427025166
693585,1,1,7,134.68001773174535
693589,1,1,9,750.1980267997506
693625,1,1,7,62.69950078976578
693627,1,1,8,604.5226719557677
693629,1,1,7,56.92559152957239
693631,1,1,8,456.633073428364
693636,1,1,1,223.62169192663475
693642,1,1,9,796.3697090196928
693644,1,1,5,0.42645457969393247
693670,1,1,9,25.448407272563646
693672,1,1,5,0.42645457969393247
693676,1,1,4,0.42645458358136
693683,1,1,6,782.8743993223791
693718,1,1,9,605.5207326651349
693721,1,1,10,719.7602356068372
693733,1,1,8,341.1857521216407
693774,1,1,10,242.75947325862228
693788,1,1,5,0.42645457969393247
693789,1,1,4,0.42645458358136
693801,1,1,5,0.42645457969393247
693810,1,1,9,469.01484365066
693815,1,1,8,636.349671454918
693833,1,1,10,519.107785543732
693847,1,1,10,480.3793183149077
693850,1,1,7,97.98760234059436
693852,1,1,5,0.42645457969393247
693862,1,1,8,662.5073103868336
693870,1,1,5,0.42645457969393247
693874,1,1,8,767.6986819614444
693879,1,1,10,192.01439907845523
693885,1,1,10,718.2582264749033
693894,1,1,4,0.42645458358136
693904,1,1,4,0.42645458358136
693913,1,1,10,145.2333573946018
693919,1,1,1,608.532315943756
693935,1,1,5,0.42645456789925423
693945,1,1,1,228.971922860707
693947,1,1,6,474.52853475038137
693954,1,1,9,614.698541985589
693967,1,1,4,0.42645458358136
693972,1,1,6,354.13376517447034
693977,1,1,10,433.6883757600987
693995,1,1,8,784.0895500743931
693996,1,1,6,744.9200048476856
694004,1,1,9,865.8931514538104
694011,1,1,5,0.42645457969393247
694016,1,1,9,807.893068583999
694074,1,1,4,0.42645458358136
694077,1,1,7,143.4291627655894
694090,1,1,10,614.500109148644
694103,1,1,9,69.17469594698163
694104,1,1,6,749.3506898914948
694128,1,1,8,733.8307991074904
694145,1,1,1,523.2625878773631
694165,1,1,9,19.282032189724053
694167,1,1,9,135.38114819990906
694171,1,1,10,277.8846914789807
694183,1,1,5,0.42645457969393247
694190,1,1,5,0.42645457969393247
694205,1,1,9,268.19798862483015
694206,1,1,1,528.3927573399297
694209,1,1,8,545.9625327174298
694213,1,1,10,502.90026565510584
694217,1,1,8,852.5439221296073
694230,1,1,1,304.45843156666075
694234,1,1,1,211.74311098922627
694240,1,1,1,220.74158712756497
694276,1,1,9,292.93432603604936
694277,1,1,6,597.8993294979407
694287,1,1,5,0.42645457969393247
694291,1,1,9,659.2222347798529
694292,1,1,1,567.067482073985
694306,1,1,1,523.9184109398734
694307,1,1,6,516.0450651687357
694308,1,1,9,620.0381215816752
694337,1,1,8,417.9146555035477
694347,1,1,8,736.7525831352508
694350,1,1,4,0.42645458358136
694363,1,1,8,410.9127426872353
694373,1,1,7,69.43649437610486
694380,1,1,8,321.4150262892896
694412,1,1,4,0.42645458358136
694415,1,1,9,880.4527990906982
694431,1,1,6,809.5429629232841
694434,1,1,1,374.82542936102925
694436,1,1,9,866.4722779677986
694438,1,1,5,0.42645457969393247
694447,1,1,4,0.42645458358136
694450,1,1,6,666.0615210387326
694451,1,1,1,637.6255162503862
694454,1,1,8,637.527080929876
694464,1,1,9,262.3857377006755
694465,1,1,10,260.5051283451919
694468,1,1,5,0.42645457969393247
694484,1,1,1,603.2933024865392
694500,1,1,6,368.4271939106347
694502,1,1,10,651.5443252181042
694530,0,1,0,0.11909651746187284
694543,1,1,4,0.4264545919581291
694551,1,1,10,123.18552583851927
694578,1,1,8,610.3898249056874
694609,1,1,8,850.1915405243498
694615,1,1,4,0.42645458358136
694625,1,1,5,0.42645457969393247
694631,1,1,8,921.3473741568519
694646,1,1,8,531.2946613287487
694652,1,1,2,302.14125358986485
694682,1,1,2,162.242272919645
694694,1,1,8,536.4031808126166
694696,1,1,5,0.42645457969393247
694705,1,1,8,644.8138498100338
694706,1,1,9,566.6476150859959
694713,1,1,8,342.34929361252205
694731,1,1,6,373.25467184002633
694744,1,1,9,181.34530297770914
694785,1,1,9,410.8671765272361
694813,1,1,9,829.2090706942363
694831,1,1,5,0.42645457969393247
694854,1,1,1,178.73091077742944
694860,1,1,9,235.86285368035604
694861,1,1,4,0.42645458358136
694862,1,1,10,717.3162166000724
694869,0,1,0,0.24027895979511235
694872,1,1,4,0.42645458358136
694882,1,1,9,347.8506247697312
694883,1,1,8,571.4615197123832
694897,1,1,10,716.8485522008567
694908,1,1,4,0.42645458358136
694911,1,1,6,647.8652579540162
694922,1,1,4,0.42645458358136
694924,1,1,7,160.87567315050114
694951,1,1,9,359.63205349537805
694965,1,1,10,419.3127914662258
694971,1,1,8,337.29256687432485
694988,1,1,5,0.42645457969393247
695018,1,1,6,643.9210841420775
695024,1,1,9,543.8642016598252
695089,1,1,1,328.42156929984264
695117,1,1,9,529.0169432579227
695125,1,1,9,516.7213356562963
695135,1,1,9,603.1327011951622
695137,1,1,5,0.42645457969393247
695148,1,1,10,109.79811502396105
695151,1,1,8,380.2361086692537
695153,0,1,0,0.16046193580470036
695177,1,1,7,57.47157097737786
695190,1,1,5,0.42645457969393247
695203,1,1,6,444.29356693530906
695236,1,1,8,522.6398101272379
695253,1,1,6,721.5142042129321
695256,1,1,7,159.88355814751569
695263,1,1,8,494.8260130383449
695302,0,1,0,0.09094090006679718
695309,1,1,8,453.47797361098566
695318,1,1,8,185.49453409299747
695330,1,1,9,819.2570778109723
695337,1,1,2,378.43043994492206
695351,1,1,5,0.42645457969393247
695354,1,1,4,0.42645458358136
695355,1,1,9,549.0739367395645
695377,1,1,5,0.42645457969393247
695389,1,1,8,911.0742335233663
695401,1,1,2,376.39139691667765
695408,1,1,5,0.42645456789925423
695415,1,1,2,235.6238771111655
695426,1,1,5,0.42645457969393247
695430,1,1,8,778.2839959179311
695432,1,1,10,140.58903259309054
695434,1,1,9,831.6315846425097
695449,1,1,8,190.28570998471113
695453,1,1,10,173.25188426515896
695455,1,1,4,0.42645458358136
695468,1,1,3,94.18412431288066
695476,1,1,9,500.7993848266174
695480,1,1,9,612.9379334918175
695483,1,1,8,158.50801352286308
695488,1,1,8,316.7531739608052
695497,1,1,8,507.1607892630945
695506,1,1,10,362.6179890884522
695511,1,1,3,77.22963209422129
695524,1,1,1,641.344215523775
695535,1,1,10,196.79640361197744
695549,1,1,10,501.23739988749145
695555,1,1,4,0.42645458358136
695565,1,1,6,446.89422766375725
695570,1,1,4,0.42645458358136
695574,1,1,10,570.588163551918
695584,1,1,6,738.3789795239892
695588,1,1,3,84.03882164347174
695593,1,1,3,83.26014241651906
695595,0,1,0,0.1196115447948642
695600,1,1,9,517.2222443253501
695611,1,1,9,820.8049793459805
695614,1,1,4,0.42645458358136
695617,1,1,8,593.7537408769679
695621,1,1,4,0.4264545919581291
695629,0,1,0,0.11947163494936551
695630,1,1,8,383.8220234970116
695632,1,1,10,546.2814694937387
695639,1,1,3,92.10952253854282
695646,1,1,5,0.42645457969393247
695659,1,1,9,551.442607393551
695660,1,1,1,709.3239978047742
695680,1,1,8,819.7651332267162
695683,1,1,9,800.8203695807722
695688,1,1,10,183.5996087233836
695691,1,1,5,0.42645457969393247
695702,1,1,9,824.4572103358929
695742,1,1,1,222.82685017188575
695749,1,1,9,334.6523129198292
695765,1,1,9,875.9266895876772
695773,1,1,4,0.42645458358136
695804,1,1,9,868.1191646688925
695850,1,1,10,192.89812888531478
695868,1,1,7,93.79393002217408
695873,1,1,6,752.0339698714439
695899,1,1,9,225.5393544480068
695909,1,1,3,85.58642925450587
695919,1,1,6,553.4024776599848
695922,1,1,5,0.42645457969393247
695927,1,1,8,592.7287883288719
695929,1,1,4,0.42645458358136
695942,1,1,5,0.42645457969393247
695944,1,1,6,526.6468496120934
695946,1,1,1,645.0708103819288
695961,1,1,10,333.37154414511315
695966,1,1,7,61.28325509629208
695971,1,1,10,293.2026357356587
695987,1,1,8,659.0696042853367
695988,1,1,9,881.9555127350745
695995,1,1,5,0.42645457969393247
696009,1,1,4,0.42645458358136
696038,1,1,4,0.42645458358136
696039,1,1,9,765.4218440308607
696047,1,1,5,0.42645457969393247
696059,1,1,5,0.42645457969393247
696064,1,1,2,440.77079500065497
696068,1,1,3,85.43730179337
696072,1,1,1,733.5627494722007
696073,1,1,9,837.780309331032
696075,1,1,9,525.3386316256534
696084,1,1,5,0.42645457969393247
696088,1,1,6,769.3767278424498
696126,1,1,5,0.42645457969393247
696151,1,1,5,0.42645457969393247
696153,1,1,10,120.45027216381726
696154,1,1,10,391.9430808598158
696179,1,1,2,166.74193482548904
696196,1,1,5,0.42645457969393247
696211,1,1,9,28.38579577977904
696217,1,1,5,0.42645457969393247
696220,1,1,4,0.42645458358136
696226,1,1,6,265.02294980067103
696238,1,1,2,417.65589329672144
696248,1,1,8,517.6727409494496
696249,1,1,7,70.97450283835312
696253,1,1,2,462.4507351979306
696255,1,1,5,0.42645457969393247
696264,1,1,8,523.4341038988752
696267,1,1,9,690.0120637301384
696275,0,1,0,0.10341541942043984
696289,1,1,10,695.1856127594239
696297,1,1,8,356.781342145095
696299,1,1,10,349.78421347580206
696323,1,1,7,116.34282715388866
696334,1,1,6,549.6873074999478
696337,1,1,6,766.6055253953579
696353,1,1,9,880.5566737437061
696362,1,1,9,530.0611201047857
696369,1,1,3,76.24485145999641
696380,1,1,6,270.58889889955486
696383,1,1,1,284.7064617658291
696385,1,1,10,257.45286129352604
696398,1,1,8,303.4280768417236
696409,1,1,5,0.42645457969393247
696412,1,1,4,0.42645458358136
696431,1,1,5,0.42645457969393247
696433,1,1,9,431.35749022630995
696435,0,1,0,0.11537976311820952
696463,1,1,8,591.1953276420336
696465,1,1,7,67.6847184801147
696466,1,1,5,0.42645457969393247
696490,1,1,6,698.455144536661
696491,1,1,5,0.42645457969393247
696497,1,1,6,731.6654761179358
696508,1,1,10,360.76288054391165
696511,1,1,3,88.76279894557499
696515,1,1,7,122.75290257457496
696538,1,1,7,87.972866568812
696560,1,1,6,176.32775629472076
696561,1,1,9,890.4295980747319
696564,1,1,9,326.7892738914348
696568,1,1,6,734.7955761771881
696584,1,1,10,135.63848601406622
696586,1,1,3,71.54163680948768
696598,1,1,3,71.90983565633567
696619,1,1,5,0.42645457969393247
696631,1,1,8,845.4623937979611
696646,1,1,8,728.8049220775478
696650,1,1,6,233.85797059624664
696653,1,1,6,534.6061801000317
696665,1,1,2,208.4625412853421
696682,1,1,8,623.1707232255784
696690,1,1,7,152.03967126907563
696703,1,1,10,461.03814188062563
696741,1,1,5,0.42645457969393247
696766,1,1,5,0.42645457969393247
696781,1,1,8,853.8991743748251
696794,1,1,8,279.02358682650004
696795,1,1,8,609.9545388923049
696801,1,1,4,0.42645458358136
696807,1,1,6,778.875694475521
696811,1,1,2,433.23824127508556
696813,1,1,9,797.5252692074694
696819,1,1,8,495.28761393255763
696825,1,1,6,259.1717806308392
696841,1,1,6,562.4492102008135
696848,1,1,7,96.26035605427928
696849,1,1,6,556.3180614576055
696857,1,1,2,233.50052106799063
696872,1,1,2,463.01804648617764
696899,1,1,4,0.42645458358136
696902,1,1,5,0.42645456789925423
696916,1,1,8,190.20811012624117
696918,1,1,9,161.51700591316026
696937,1,1,10,458.3890945959107
696938,1,1,5,0.42645457969393247
696947,1,1,6,474.10869221728154
696948,1,1,4,0.42645458358136
696965,1,1,10,441.98654451554034
696970,1,1,9,543.5941444660991
696998,1,1,9,486.84143522692364
697009,1,1,10,408.3908112022983
697012,1,1,9,881.3227332849698
697026,1,1,6,534.0021791399041
697028,1,1,4,0.42645458358136
697043,1,1,4,0.42645458358136
697050,1,1,9,709.5712291061946
697051,1,1,1,719.4233956447655
697085,1,1,1,389.7688777740208
697097,1,1,6,361.7227942725442
697103,1,1,9,574.3795158134069
697113,1,1,4,0.42645458358136
697153,1,1,6,400.09024687380446
697165,1,1,9,560.83109662117
697170,1,1,10,650.7485302155555
697207,1,1,7,167.3453702084527
697211,1,1,8,867.0512200709485
697214,1,1,5,0.42645457969393247
697231,1,1,8,321.523149743159
697250,1,1,9,768.1744287097995
697252,1,1,5,0.42645457969393247
697254,1,1,9,605.6670247944558
697264,1,1,6,804.7637805585995
697275,1,1,6,792.326723097319
697317,1,1,1,437.6599160327127
697321,1,1,7,89.97122943198
697324,1,1,4,0.42645458358136
697326,1,1,4,0.42645458358136
697340,1,1,8,493.46586937075233
697352,1,1,3,55.88080160467099
697366,1,1,6,485.49544476193824
697372,1,1,5,0.42645457969393247
697373,1,1,7,101.71087557884326
697386,1,1,6,322.53085902853286
697391,1,1,6,476.7180733939412
697393,1,1,10,523.1576293542253
697424,1,1,5,0.42645457969393247
697425,1,1,9,882.9516662333126
697436,1,1,6,721.2414762523194
697438,1,1,4,0.42645458358136
697439,1,1,4,0.42645458358136
697446,1,1,1,319.46492917206695
697448,1,1,4,0.42645458358136
697455,1,1,9,709.9561336751483
697486,1,1,1,762.484573506345
697501,1,1,5,0.42645457969393247
697521,1,1,9,593.6076953009579
697538,1,1,10,164.78464318247543
697544,1,1,7,127.63870502190927
697569,1,1,5,0.42645457969393247
697573,1,1,5,0.42645457969393247
697574,1,1,10,659.9865839921741
697582,1,1,2,372.3426345208773
697596,1,1,7,70.2326649007936
697613,1,1,8,467.5112407272768
697623,1,1,9,373.16218133773634
697639,1,1,10,494.17975555729896
697640,1,1,8,723.0258903349678
697672,1,1,1,676.5957634778117
697701,1,1,4,0.42645458358136
697708,1,1,2,105.47678672016234
697724,1,1,10,720.9099604384649
697741,1,1,5,0.42645457969393247
697742,1,1,10,600.3038112145583
697779,1,1,8,416.7001899687041
697784,1,1,1,670.8738610809563
697814,1,1,3,40.61138859919961
697822,1,1,4,0.42645458358136
697824,1,1,6,731.6917136724392
697829,1,1,9,602.0686580536324
697832,1,1,8,375.4295445511219
697835,1,1,7,35.772109681757726
697847,1,1,5,0.42645457969393247
697849,1,1,9,776.6754494383725
697864,1,1,1,215.88381841360183
697869,1,1,10,619.3160203257063
697872,1,1,9,451.86393287444014
697898,1,1,3,91.22220254870088
697902,1,1,6,271.4232946257088
697921,1,1,2,422.8398839279128
697922,1,1,10,181.50891248673068
697928,1,1,5,0.42645457969393247
697947,1,1,8,555.4976101876659
697953,1,1,5,0.42645457969393247
697980,1,1,6,569.3857117327353
697991,1,1,9,727.7043934365072
698003,1,1,4,0.42645458358136
698010,1,1,5,0.42645456789925423
698018,1,1,3,47.04760251194945
698024,1,1,4,0.42645458358136
698035,1,1,9,764.912430206953
698059,1,1,5,0.42645457969393247
698064,1,1,10,261.3993130117203
698067,1,1,8,912.902348051672
698068,1,1,9,862.0899121023241
698076,1,1,4,0.42645458358136
698080,1,1,7,97.63343054419596
698099,1,1,1,303.2266631460035
698111,1,1,10,576.7624583490924
698113,1,1,1,544.9969422849418
698117,1,1,8,649.02900750345
698119,1,1,7,124.33653565706167
698124,1,1,2,466.83572090756246
698129,1,1,6,320.7552584417825
698140,1,1,4,0.42645458358136
698153,1,1,4,0.42645458358136
698157,1,1,10,280.63886454908715
698158,1,1,1,761.23323435696
698161,1,1,9,353.180332170576
698162,1,1,6,390.1202249381665
698164,1,1,9,59.756452472030404
698166,1,1,1,749.0619530271026
698171,1,1,9,128.0304224636565
698189,1,1,7,65.57657254301937
698193,1,1,9,31.695823474095494
698215,1,1,10,583.7518885547689
698228,1,1,6,341.94303400009534
698238,1,1,6,287.5982832807781
698241,1,1,8,660.4074683665925
698250,1,1,9,566.1381926325773
698257,1,1,8,443.7592677474073
698267,1,1,10,632.9800896489787
698268,1,1,8,627.444018928513
698274,1,1,9,691.1147725757583
698304,1,1,4,0.42645458358136
698315,1,1,6,722.2507327263518
698336,1,1,6,551.9426965738287
698342,1,1,8,900.5628434620381
698355,1,1,5,0.42645457969393247
698373,1,1,5,0.42645457969393247
698382,1,1,6,546.0956183564286
698384,1,1,8,269.5349307642926
698412,1,1,5,0.42645457969393247
698438,1,1,9,874.2496281835444
698445,1,1,8,902.4545047861249
698447,1,1,8,242.64874951844772
698456,1,1,5,0.42645457969393247
698458,1,1,5,0.42645457969393247
698469,1,1,1,717.6355326608374
698471,1,1,1,642.936330071835
698485,1,1,10,286.8302745853851
698490,0,1,0,0.25479195369869706
698510,1,1,9,714.8725178682139
698525,1,1,10,445.4375625997102
698534,1,1,9,867.1472868050885
698535,1,1,5,0.42645457969393247
698540,1,1,6,633.2752819237251
698545,1,1,8,866.0873487400048
698558,1,1,1,407.80203996469396
698575,1,1,8,382.1330070473871
698604,1,1,7,51.39560836023257
698615,1,1,9,503.0847245443379
698633,1,1,9,533.1338170258468
698642,1,1,10,405.37051144604754
698643,1,1,9,635.7124547930388
698647,1,1,9,815.2981417811137
698668,1,1,4,0.42645458358136
698678,1,1,9,730.120756513223
698684,1,1,8,756.9199302752472
698704,1,1,6,616.5337118143755
698717,1,1,8,537.0093736189773
698718,1,1,5,0.42645457969393247
698736,1,1,4,0.42645458358136
698738,1,1,5,0.42645457969393247
698762,1,1,6,620.2835938720036
698774,1,1,8,413.1265184348306
698777,1,1,10,591.4203201845668
698782,1,1,5,0.42645457969393247
698792,1,1,1,726.0810531426472
698798,1,1,5,0.42645457969393247
698809,1,1,7,27.3861666520859
698811,1,1,4,0.42645458358136
698826,1,1,9,467.5611011652105
698831,1,1,5,0.42645457969393247
698834,1,1,9,580.9415823510606
698847,1,1,10,321.1323403787696
698857,1,1,1,643.9846225613999
698868,1,1,5,0.42645457969393247
698872,1,1,3,87.9326942787906
698873,1,1,6,225.15906847499323
698886,1,1,6,607.4376681146427
698897,1,1,3,76.10268859072158
698900,1,1,4,0.42645458358136
698903,1,1,9,683.2733031881979
698907,1,1,4,0.4264545919581291
698911,1,1,9,227.70026380249757
698923,1,1,5,0.42645457969393247
698973,1,1,5,0.42645457969393247
698981,1,1,10,718.6331622930613
698983,1,1,8,781.339009167417
698985,1,1,10,590.5223245236606
699000,1,1,9,97.69715859915483
699031,1,1,6,721.6662862353018
699041,1,1,4,0.42645458358136
699065,1,1,4,0.42645458358136
699071,1,1,10,343.591170830021
699083,1,1,6,210.42479883989424
699086,1,1,8,271.67285709399994
699089,1,1,5,0.42645457969393247
699090,1,1,8,265.4150556100816
699093,1,1,5,0.42645457969393247
699104,1,1,9,607.346133925256
699111,1,1,9,413.9174224839991
699117,1,1,6,529.9361203242631
699121,1,1,4,0.42645458358136
699125,1,1,1,565.6496601831989
699127,1,1,7,145.50923433560777
699130,1,1,4,0.42645458358136
699132,1,1,5,0.42645457969393247
699137,1,1,8,568.3723672890897
699144,1,1,1,713.6462112848438
699146,1,1,2,423.1271405917244
699152,1,1,8,601.6808477987478
699168,1,1,1,454.4101245967431
699174,1,1,10,648.7485676965437
699191,1,1,10,252.3577721222535
699199,0,1,0,0.23207670612827216
699229,1,1,5,0.42645457969393247
699233,1,1,1,543.9111331498488
699242,1,1,3,42.64628436544494
699245,1,1,4,0.42645458358136
699247,1,1,7,64.20532731815865
699256,1,1,1,169.78027208785755
699271,1,1,1,177.06669435816164
699283,1,1,5,0.42645457969393247
699293,1,1,7,155.09541897412956
699299,1,1,8,421.03605534958473
699302,1,1,9,174.8255502558628
699304,1,1,6,608.4076653768402
699309,1,1,9,814.4639573313328
699311,1,1,1,508.6552776380926
699327,1,1,10,389.85760449095955
699365,1,1,5,0.42645457969393247
699375,1,1,7,133.505734835551
699376,1,1,8,557.4165059681236
699393,0,1,0,0.07380451023507877
699398,1,1,6,256.49334757155407
699418,1,1,8,189.87617260084264
699421,1,1,5,0.42645457969393247
699422,1,1,4,0.42645458358136
699425,1,1,4,0.42645458358136
699478,1,1,6,790.342455444745
699481,0,1,0,0.19369409329217468
699495,1,1,4,0.42645458358136
699503,1,1,9,179.63127662531977
699512,1,1,4,0.42645458358136
699514,1,1,7,116.16631868142557
699544,1,1,1,682.4186215700319
699547,1,1,3,75.45941906755795
699573,1,1,4,0.42645458358136
699601,1,1,3,77.7094007257629
699602,1,1,4,0.42645458358136
699605,1,1,9,600.9732116819335
699608,1,1,5,0.42645457969393247
699627,1,1,10,121.78771803054737
699634,1,1,2,318.79069490828476
699646,1,1,1,512.6245020337614
699656,1,1,4,0.42645458358136
699680,1,1,6,361.2541644712014
699693,1,1,8,751.2523772727229
699694,1,1,5,0.42645457969393247
699695,0,1,0,0.2407208758661946
699702,1,1,3,48.99919111568271
699712,1,1,4,0.42645458358136
699714,1,1,10,396.73261361052084
699716,1,1,6,363.4024310499291
699718,1,1,8,632.284526104513
699727,0,1,0,0.12118741708474084
699732,1,1,9,373.34196194781236
699736,1,1,8,422.22087047575076
699738,1,1,10,717.839379395972
699739,1,1,1,389.12916437783974
699748,1,1,3,82.02829926684757
699750,1,1,4,0.42645458358136
699758,1,1,5,0.42645457969393247
699768,1,1,10,622.164653335356
699784,1,1,6,728.3079159692475
699786,1,1,4,0.42645458358136
699791,1,1,2,316.9504900235814
699810,1,1,1,572.065487420086
699813,1,1,3,72.97673947399667
699820,1,1,1,378.1915400503855
699826,1,1,2,333.58361410816383
699828,1,1,4,0.42645458358136
699841,1,1,8,390.03554559661615
699848,1,1,10,718.485623374072
699858,1,1,10,588.5399555708972
699860,1,1,5,0.42645457969393247
699875,1,1,6,752.8977466173975
699886,1,1,10,519.6141026266155
699888,1,1,6,786.8553279146489
699891,1,1,6,512.5276515790307
699899,1,1,6,791.5615166681799
699931,1,1,6,440.6402582066352
699935,1,1,10,517.7730434867497
699946,1,1,8,687.008571832176
699948,1,1,5,0.42645457969393247
699951,1,1,9,691.5480560432405
699954,1,1,8,855.421399406209
699962,1,1,1,636.8672151210409
699967,1,1,1,709.6893396932805
699984,1,1,5,0.42645457969393247
700007,1,1,4,0.42645458358136
700018,1,1,9,774.4164060197818
700032,1,1,4,0.42645458358136
700035,1,1,4,0.42645458358136
700057,1,1,3,61.14869212690041
700058,1,1,6,150.44304839816286
700060,1,1,9,440.5744841520205
700071,1,1,6,424.30035823421275
700083,1,1,10,665.4540509404458
700103,1,1,5,0.42645456789925423
700114,1,1,3,53.51615109036913
700116,1,1,5,0.42645457969393247
700117,1,1,7,136.905749545018
700136,1,1,9,154.84099326624366
700141,1,1,9,867.6597971221632
700167,1,1,9,792.0313029329435
700177,1,1,10,339.400740467364
700204,1,1,4,0.42645458358136
700214,1,1,5,0.42645457969393247
700215,1,1,3,65.75896219412624
700226,1,1,4,0.42645458358136
700244,1,1,5,0.42645457969393247
700245,1,1,5,0.42645457969393247
700259,1,1,8,482.4885844847965
700282,1,1,5,0.42645457969393247
700288,1,1,4,0.42645458358136
700312,1,1,5,0.42645457969393247
700313,1,1,10,680.1197405689791
700314,1,1,1,285.46548512337165
700315,1,1,4,0.42645458358136
700321,1,1,9,502.9041325460716
700329,1,1,10,721.2675014866526
700330,1,1,5,0.42645457969393247
700331,1,1,8,387.68686296903985
700333,1,1,9,383.1532887007318
700340,1,1,9,127.35579829440103
700342,1,1,4,0.42645458358136
700345,1,1,6,801.5029440401096
700357,1,1,5,0.42645457969393247
700369,1,1,8,859.230839826191
700374,1,1,4,0.42645458358136
700388,1,1,7,58.932715733628854
700407,1,1,6,252.83045684496497
700409,1,1,9,822.6862392078134
700460,1,1,5,0.42645457969393247
700471,1,1,6,681.0878072362842
700472,1,1,2,282.4888345424478
700482,1,1,4,0.42645458358136
700516,1,1,9,819.6967002902401
700520,1,1,1,646.927711724522
700523,1,1,4,0.42645458358136
700542,1,1,5,0.42645457969393247
700546,1,1,1,230.5576371503333
700549,1,1,5,0.42645457969393247
700564,1,1,6,368.18226570390823
700571,1,1,10,406.51484634419603
700575,1,1,8,864.4154974104338
700593,1,1,9,420.72708501970743
700600,1,1,4,0.42645458358136
700631,1,1,6,721.7988891491918
700639,1,1,6,734.5751372618475
700640,1,1,9,827.4142707631491
700641,1,1,5,0.42645457969393247
700643,1,1,9,437.0626011399326
700654,1,1,9,492.1123851384957
700668,0,1,0,0.1514928299996542
700669,1,1,8,781.8235274046505
700670,1,1,8,592.2073348101511
700683,1,1,4,0.42645458358136
700702,1,1,9,596.679045904783
700729,1,1,5,0.42645457969393247
700731,1,1,8,565.8353142901824
700735,1,1,5,0.42645457969393247
700756,1,1,9,235.71447556920853
700758,1,1,6,792.0330594404578
700764,1,1,9,845.3645135683057
700791,1,1,6,645.1986608860619
700820,0,1,0,0.131554161164112
700826,1,1,9,528.4343045131151
700832,1,1,9,523.3081238039238
700833,1,1,1,622.868735426508
700840,1,1,9,876.8066306505566
700852,1,1,5,0.42645457969393247
700853,1,1,3,85.94230611507508
700873,1,1,1,287.42853703919985
700875,1,1,9,872.1397981062447
700889,1,1,4,0.42645458358136
700898,1,1,8,533.7012312005113
700901,1,1,8,887.5822201912381
700907,1,1,10,562.9800733556948
700909,1,1,6,810.1882927435959
700918,1,1,6,195.76230943615911
700924,1,1,4,0.42645458358136
700943,1,1,8,621.2023847539283
700961,1,1,6,791.3802348851734
700962,1,1,4,0.42645458358136
700965,1,1,8,798.9390026047549
700970,1,1,9,569.3106687405385
700971,1,1,8,400.097001481387
700983,1,1,3,87.20061490884972
701002,1,1,3,91.26823940072791
701004,1,1,2,242.90847631753857
701011,1,1,7,109.8377267239349
701017,1,1,6,586.6406763668451
701028,1,1,9,848.4273079838824
701034,1,1,8,462.5934267511483
701036,1,1,1,450.1237405059658
701038,1,1,6,721.514803370702
701039,1,1,5,0.42645457969393247
701044,1,1,6,393.72509262519395
701054,1,1,9,658.5014530218588
701066,1,1,4,0.42645458358136
701067,1,1,9,387.00051539707414
701076,1,1,9,825.1400155297741
701090,1,1,2,362.9879252040914
701104,1,1,9,715.5433899854486
701111,1,1,3,81.09782668338194
701114,1,1,1,224.51381232812776
701132,1,1,4,0.42645458358136
701137,1,1,6,423.15093754940966
701144,1,1,10,459.5811861509538
701146,1,1,6,532.6745264225829
701160,1,1,8,572.3564263916508
701170,1,1,6,563.9071829284597
701178,1,1,6,564.2288742834436
701196,1,1,9,485.9146816571847
701199,1,1,10,252.31902041611647
701202,1,1,8,813.4947376383325
701205,1,1,9,235.6354634083247
701208,1,1,9,654.0813038086633
701215,1,1,8,134.63874085479583
701217,1,1,6,684.5316033144055
701225,1,1,5,0.42645457969393247
701234,1,1,9,123.46155826519164
701291,1,1,4,0.42645457969393247
701299,1,1,4,0.42645458358136
701302,1,1,6,438.68157943280625
701317,1,1,8,719.7395648935553
701325,1,1,9,836.5969744127001
701344,1,1,10,674.2272635779957
701350,1,1,9,355.1528714171198
701355,1,1,4,0.42645458358136
701362,1,1,9,826.3921000664737
701363,1,1,5,0.42645457969393247
701371,1,1,9,860.7757911647766
701386,1,1,2,109.27540327492413
701400,1,1,6,738.55811425338
701407,1,1,9,877.1276827012714
701422,1,1,4,0.42645458358136
701424,1,1,10,450.8286202057505
701425,1,1,10,592.1300561231367
701439,1,1,3,74.29630470699998
701443,1,1,8,774.6611129751878
701460,1,1,4,0.42645458358136
701463,1,1,1,468.61894977932263
701464,1,1,5,0.42645457969393247
701465,1,1,10,419.1578193115405
701488,1,1,10,300.5872035183051
701497,1,1,4,0.42645458358136
701513,1,1,4,0.42645458358136
701536,1,1,6,443.4655975425224
701540,1,1,1,636.5034312464481
701547,1,1,4,0.42645458358136
701560,1,1,4,0.42645458358136
701569,1,1,8,637.9685700816923
701589,1,1,6,153.47569272067327
701603,1,1,9,815.2495356780358
701605,1,1,9,549.2995143179763
701608,1,1,9,199.4282284893928
701611,1,1,5,0.42645456789925423
701614,1,1,2,363.5739212609479
701624,1,1,8,637.2617803809449
701626,1,1,10,329.03085838107614
701632,1,1,4,0.42645458358136
701633,1,1,6,231.92949072091454
701643,1,1,9,675.8345862095671
701661,1,1,1,426.74016937313553
701676,1,1,5,0.42645457969393247
701687,1,1,5,0.42645457969393247
701691,1,1,3,68.54595531628881
701695,1,1,1,471.48908961938264
701713,1,1,9,544.746923285398
701714,1,1,6,515.8308328174169
701738,1,1,10,197.11905939249306
701762,1,1,9,729.8177462271876
701767,1,1,1,710.3804190539004
701771,1,1,9,227.26961572192036
701778,1,1,8,829.237356204917
701795,1,1,6,810.8040953973832
701807,1,1,10,567.4002560832309
701814,1,1,8,907.5792517107151
701817,1,1,3,86.64204925075474
701820,1,1,1,231.23132406532002
701861,1,1,6,573.2399314997214
701864,1,1,6,464.77339272140586
701886,1,1,9,443.5535539560872
701908,1,1,4,0.42645458358136
701917,1,1,6,550.3303151249736
701921,1,1,9,599.3547010031801
701931,1,1,8,371.6314801467132
701939,1,1,4,0.42645458358136
701950,1,1,2,384.1910302130703
701960,1,1,9,770.4734446972661
701978,1,1,4,0.42645458358136
701981,1,1,5,0.42645457969393247
701984,1,1,9,244.39939265788138
702000,1,1,2,392.1835320996726
702015,1,1,6,664.012402180877
702024,1,1,6,779.7211719235921
702031,1,1,9,659.1139226235545
702043,1,1,8,551.0671203903871
702049,1,1,9,437.24736590679
702050,1,1,9,701.9789824421896
702074,1,1,10,639.7548542226455
702077,1,1,1,562.04115995588
702080,1,1,9,850.2314099812662
702081,1,1,4,0.42645458358136
702097,1,1,7,85.69469581333094
702110,1,1,9,849.7313759481051
702111,1,1,9,792.1809536242359
702142,1,1,5,0.42645457969393247
702151,1,1,8,177.4179751182533
702163,1,1,7,109.9177288226929
702171,1,1,8,159.16625814454505
702174,1,1,6,752.2869596650518
702177,1,1,5,0.42645457969393247
702178,1,1,8,292.8201396982993
702180,1,1,2,376.5201199033002
702194,1,1,9,545.2803855447488
702200,1,1,7,83.83623813304702
702210,1,1,5,0.42645457969393247
702213,1,1,2,217.1385554227338
702224,1,1,6,690.3473035030245
702228,1,1,7,136.66505451529795
702242,1,1,8,306.7018208718255
702276,1,1,3,89.12745718522513
702287,1,1,8,662.8034746665859
702298,1,1,6,658.4861585752824
702310,1,1,10,547.2186683722197
702316,1,1,9,402.335503955429
702344,1,1,9,402.1955201639104
702353,1,1,8,585.011457398451
702355,1,1,10,540.3886510439863
702375,1,1,9,877.6981770290405
702392,1,1,6,517.9975616460539
702457,1,1,6,367.4703156604842
702471,1,1,2,461.0860840710539
702481,1,1,6,618.3704266464159
702487,1,1,5,0.42645457969393247
702495,1,1,8,596.9252435945796
702501,1,1,1,600.494645298642
702507,0,1,0,0.08594567138439044
702508,1,1,6,791.3426897208362
702512,1,1,5,0.42645457969393247
702536,1,1,7,56.10350839990152
702539,1,1,10,142.78835758224517
702546,1,1,9,863.6694396716997
702549,1,1,8,361.74867492990666
702567,1,1,6,335.6169668879091
702568,1,1,9,492.662466583001
702569,1,1,9,548.3701305217285
702587,1,1,10,459.24562253603625
702593,1,1,1,631.1037007563128
702595,1,1,9,557.2943800680756
702596,1,1,8,657.0798178199002
702618,1,1,2,408.90025303926615
702619,1,1,6,644.5172937135762
702625,1,1,2,401.61813759792904
702635,1,1,1,180.22740728060992
702636,1,1,5,0.42645457969393247
702659,1,1,8,254.70148523120307
702661,1,1,10,693.5924074236392
702670,1,1,7,174.7549029907002
702679,0,1,0,0.24161345556019892
702681,1,1,6,424.64147834025954
702686,1,1,6,690.5690683382189
702687,1,1,2,165.77301124763645
702690,1,1,5,0.42645457969393247
702700,1,1,9,65.1047891303062
702702,1,1,4,0.42645458358136
702712,1,1,8,341.71622426124947
702716,0,1,0,0.10945299976244922
702720,1,1,2,350.33597074223695
702726,1,1,7,131.13855611256392
702736,1,1,10,723.3342363718446
702755,1,1,8,534.0151471590576
702762,1,1,1,594.5685441565432
702775,1,1,8,812.980306264027
702778,1,1,6,214.48138933685246
702791,1,1,4,0.42645458358136
702799,1,1,5,0.42645457969393247
702801,1,1,5,0.42645457969393247
702803,1,1,5,0.42645457969393247
702808,1,1,3,53.588785068107526
702814,1,1,9,877.2260635024946
702818,1,1,5,0.42645457969393247
702819,1,1,9,723.9095228363605
702823,1,1,8,141.45231005239765
702824,1,1,6,643.604567824968
702838,1,1,1,653.7967145822755
702849,1,1,9,709.4203231437461
702866,1,1,1,399.6130795054499
702882,1,1,5,0.42645457969393247
702892,1,1,10,330.58056474369573
702896,1,1,9,223.49271243805913
702908,1,1,7,55.55297988339536
702909,1,1,6,415.76980118246155
702925,1,1,6,231.45554950878437
702942,1,1,6,546.1009662524747
702950,1,1,1,344.22405979487297
702966,1,1,6,308.87806291477403
702969,1,1,9,155.49128705379331
702981,1,1,8,904.1623727830253
703015,1,1,4,0.42645458358136
703021,1,1,4,0.42645458358136
703023,1,1,8,605.8143870116896
703037,1,1,9,664.1793996200524
703039,1,1,6,722.0677923606332
703046,1,1,9,397.4540644836681
703061,1,1,9,830.9599769955819
703086,1,1,9,191.99176468455386
703135,1,1,1,278.45376435191014
703141,1,1,8,515.1169388090227
703160,1,1,6,259.464840525198
703162,1,1,4,0.42645458358136
703208,1,1,9,735.484940462396
703263,1,1,8,115.04950152633546
703273,1,1,5,0.42645457969393247
703275,1,1,8,553.4555659739605
703279,1,1,9,549.5573600788351
703281,1,1,3,53.031190740469064
703288,1,1,10,402.4523879663498
703292,1,1,1,469.6451443263959
703297,1,1,6,677.1044939350379
703317,1,1,6,416.3050271001245
703329,1,1,9,233.39033393964047
703352,1,1,2,74.13778546902427
703353,1,1,9,325.48288975357906
703357,1,1,8,840.4205960869705
703364,1,1,5,0.42645457969393247
703383,1,1,5,0.42645457969393247
703406,1,1,1,315.67154876699027
703425,1,1,8,680.7120784019264
703432,1,1,5,0.42645457969393247
703441,1,1,9,686.3447307373569
703448,1,1,9,452.57695946363793
703453,1,1,5,0.42645457969393247
703455,1,1,4,0.42645458358136
703457,1,1,7,167.61812033153137
703475,1,1,9,845.0693167561207
703503,1,1,5,0.42645457969393247
703515,1,1,1,714.2476810126741
703523,1,1,10,600.3006972188157
703524,1,1,10,89.10069696077625
703549,1,1,6,216.0947043060207
703553,1,1,9,413.01551872984487
703563,1,1,9,377.5121730684442
703573,1,1,3,91.488835344306
703597,1,1,8,183.86021865054462
703610,1,1,5,0.42645457969393247
703611,1,1,9,887.1980164321516
703615,1,1,6,794.3113845704931
703623,1,1,6,408.02501322223713
703624,1,1,6,700.5364601324814
703637,1,1,9,449.64526040965416
703650,1,1,9,267.6901504484941
703671,1,1,8,425.8916264884342
703699,1,1,6,517.5555513557917
703707,1,1,8,896.864133058648
703731,1,1,7,170.41232009174206
703742,1,1,9,762.1226159947979
703747,1,1,6,361.56550169919205
703754,1,1,4,0.42645458358136
703759,1,1,3,58.27667677698306
703786,1,1,3,37.883440636034386
703789,1,1,6,179.21587219054106
703800,1,1,2,244.53826522153352
703807,1,1,9,676.6343435531056
703809,1,1,9,846.2522035172417
703831,1,1,5,0.42645457969393247
703859,1,1,6,642.9110314336187
703865,1,1,8,280.22872543012426
703870,1,1,10,344.570483464901
703873,1,1,10,619.488711942893
703887,1,1,5,0.42645457969393247
703893,1,1,4,0.42645458358136
703898,1,1,5,0.42645457969393247
703903,1,1,10,429.47358575229737
703914,1,1,8,361.2750836438784
703920,1,1,9,369.38143857016854
703928,1,1,5,0.42645457969393247
703938,1,1,10,219.0003020466804
703942,1,1,8,941.8988339968876
703948,1,1,5,0.42645456789925423
703950,1,1,7,60.48030904590215
703952,1,1,9,116.93070468680516
703962,1,1,6,749.4552486942865
703966,1,1,6,720.1470711495642
703967,1,1,5,0.42645457969393247
703976,1,1,9,131.28818527107373
703986,1,1,9,614.6468601368588
703993,1,1,10,449.5221222785114
704013,1,1,5,0.42645457969393247
704035,1,1,10,719.6466156354845
704045,1,1,1,291.115010284328
704050,1,1,10,324.14504877824794
704065,1,1,9,645.3958308117541
704066,1,1,10,123.14130374812632
704067,1,1,6,562.8321917974046
704068,1,1,6,731.2566546152383
704089,1,1,5,0.42645457969393247
704091,1,1,4,0.42645458358136
704104,1,1,9,676.7820040787876
704105,1,1,10,348.4726576707463
704106,1,1,8,325.5987904175191
704113,1,1,5,0.42645457969393247
704119,1,1,5,0.42645457969393247
704129,1,1,2,116.96384593995633
704138,1,1,8,759.8867119671085
704151,1,1,6,782.7161164398996
704160,1,1,8,572.0189795506017
704175,1,1,4,0.42645458358136
704188,1,1,5,0.42645457969393247
704203,1,1,9,450.86380869282755
704215,1,1,8,321.7035963445848
704233,1,1,9,788.5017830847529
704237,1,1,9,514.6714564849793
704254,1,1,7,95.25408664349317
704258,1,1,8,368.09812465133086
704269,1,1,5,0.42645457969393247
704278,1,1,8,262.51416211373436
704288,1,1,9,338.7524962393621
704291,1,1,10,682.081525882171
704305,1,1,4,0.42645458358136
704311,1,1,7,76.04865941032817
704325,1,1,9,200.99748605092722
704327,1,1,10,316.39886947517346
704329,1,1,5,0.42645457969393247
704334,1,1,6,618.0705840491551
704335,1,1,5,0.42645457969393247
704344,1,1,10,331.7784278402862
704353,1,1,4,0.42645458358136
704361,1,1,4,0.42645458358136
704373,1,1,5,0.42645457969393247
704413,1,1,5,0.42645457969393247
704436,1,1,8,590.3796183807101
704459,1,1,5,0.42645457969393247
704463,1,1,6,300.35816221960823
704466,1,1,9,778.2410466444107
704478,1,1,4,0.42645458358136
704479,1,1,8,890.8678858876904
704489,1,1,5,0.42645457969393247
704497,1,1,8,800.5877038525379
704548,1,1,7,35.76773075367254
704552,1,1,1,714.2335442555526
704553,1,1,6,178.4183417106722
704577,1,1,10,398.8741590034206
704616,1,1,2,164.2044075459739
704625,1,1,7,165.97219706684214
704643,1,1,6,369.2889643157784
704645,1,1,7,92.0499696339955
704655,1,1,9,252.60230954023754
704673,1,1,8,362.8692356372308
704696,1,1,6,578.1127691187867
704722,1,1,4,0.7178490454387235
704743,1,1,2,312.7068531058116
704767,1,1,9,865.2297898488699
704784,1,1,9,704.7032760289864
704795,1,1,3,92.5502888532607
704804,1,1,7,67.0756893173233
704809,1,1,5,0.42645457969393247
704813,1,1,9,418.8336252462405
704828,1,1,8,531.1576617477332
704838,1,1,7,169.06869786019993
704847,1,1,4,0.42645458358136
704863,1,1,9,611.5056880772617
704864,1,1,6,172.60976641142807
704872,1,1,2,304.2492786265769
704880,1,1,6,781.1489847272056
704899,1,1,6,535.9585806338099
704916,1,1,3,90.96088596709089
704926,1,1,10,388.0126210049769
704930,1,1,6,718.8481840653762
704940,1,1,10,382.47417669862716
704941,1,1,7,87.86383756796198
704952,1,1,9,762.0972250324647
704958,1,1,4,0.42645458358136
704965,1,1,7,173.67152858894568
704970,1,1,4,0.42645458358136
704973,1,1,8,743.3214819536618
704979,1,1,8,596.9251863961564
704987,1,1,6,798.2696627871179
704990,1,1,4,0.42645458358136
704994,1,1,6,773.2137857180966
705008,1,1,7,63.993042927063186
705016,1,1,9,857.6558187355865
705028,1,1,3,75.97199799387124
705038,1,1,1,321.5668251817464
705050,1,1,5,0.42645457969393247
705053,1,1,8,753.3666144214604
705109,1,1,4,0.42645458358136
705118,1,1,4,0.42645458358136
705127,1,1,9,50.48520476752938
705129,1,1,8,876.6981456127459
705141,1,1,10,320.5242971886357
705158,1,1,1,433.0243755702314
705163,1,1,6,610.9878850529199
705175,1,1,1,446.18651187291624
705180,1,1,9,323.155041090057
705190,1,1,6,809.9291412831653
705213,1,1,6,491.9007476538763
705250,1,1,8,707.5281867959799
705252,1,1,9,269.50885886470996
705284,1,1,5,0.42645457969393247
705306,1,1,4,0.42645458358136
705310,1,1,4,0.42645458358136
705322,1,1,1,477.2429259417038
705323,1,1,9,456.20513714293827
705329,1,1,10,161.64110143807446
705364,1,1,4,0.42645458358136
705365,1,1,3,79.92212805776461
705374,1,1,5,0.42645456789925423
705393,1,1,4,0.4264545919581291
705411,1,1,5,0.42645457969393247
705414,1,1,4,0.42645458358136
705428,1,1,9,619.5689079797496
705452,1,1,10,279.0280844988221
705458,1,1,2,298.5075750371417
705463,1,1,2,243.91245308866255
705482,1,1,8,419.10438322422425
705500,1,1,9,410.4347623391006
705516,1,1,7,137.91484298900846
705522,1,1,10,432.74454322112683
705525,1,1,6,254.91239469213292
705529,1,1,6,222.8696723844711
705534,1,1,1,377.6275761688404
705538,1,1,9,178.00248854042525
705542,1,1,10,244.6345528667059
705558,1,1,9,813.8686305321329
705574,1,1,9,273.3062797450761
705601,1,1,9,536.0032482627722
705614,1,1,10,548.5724288930506
705615,1,1,5,0.42645457969393247
705617,1,1,9,737.0226659107052
705627,1,1,2,441.5873062671524
705628,1,1,5,0.42645457969393247
705635,1,1,8,291.74626703910343
705636,1,1,6,469.88409867870433
705662,1,1,4,0.42645458358136
705667,1,1,9,850.4844346207698
705668,1,1,8,585.4483085644324
705679,1,1,5,0.42645457969393247
705682,1,1,6,235.3320250632333
705697,1,1,3,88.73047812839646
705703,1,1,8,590.2838461731639
705705,1,1,4,0.42645458358136
705716,1,1,9,53.970240244971194
705720,1,1,6,381.876636555984
705722,1,1,9,460.01215196238337
705729,1,1,6,361.0098436310722
705769,1,1,9,614.9729930468328
705772,1,1,8,708.4381691697863
705774,1,1,6,810.15920687071
705775,1,1,4,0.42645458358136
705777,1,1,3,90.7544441755172
705782,1,1,9,574.7142132849806
705804,1,1,4,0.42645458358136
705826,1,1,4,0.42645458358136
705832,1,1,5,0.42645457969393247
705833,1,1,6,518.4237633949192
705834,1,1,8,597.1747057039347
705844,1,1,4,0.42645458358136
705849,1,1,8,837.8895045609526
705866,1,1,1,594.676133008642
705879,1,1,6,696.72739654622
705893,1,1,8,531.9695503541369
705907,1,1,6,610.8776787084091
705927,1,1,9,763.1647416994034
705928,1,1,5,0.42645457969393247
705936,1,1,4,0.42645458358136
705938,1,1,8,364.72024116171826
705955,1,1,8,784.1336996486385
705977,1,1,7,155.86872916120657
705990,1,1,4,0.42645458358136
705993,1,1,9,504.9364035396944
706000,1,1,4,0.4264545919581291
706001,1,1,9,446.0465460631326
706016,1,1,6,279.6563743515559
706018,1,1,3,69.28212696065222
706019,1,1,8,321.5345684650672
706028,1,1,6,551.8406605615886
706053,1,1,4,0.42645458358136
706059,1,1,8,637.3238052909917
706067,1,1,4,0.42645458358136
706073,1,1,9,862.5961560204954
706104,1,1,8,722.8705208101461
706116,1,1,5,0.42645457969393247
706122,1,1,6,222.83965553549822
706127,1,1,5,0.42645457969393247
706132,1,1,7,41.10119800945367
706143,1,1,5,0.42645457969393247
706146,1,1,3,86.05478294741386
706147,1,1,9,586.6733108111126
706179,1,1,3,60.72043285918094
706181,1,1,4,0.42645458358136
706186,1,1,10,248.07918505282413
706187,1,1,1,472.209472332949
706202,1,1,10,236.8377023101046
706239,1,1,4,0.42645458358136
706241,1,1,10,458.95947892926245
706243,1,1,1,491.6140180447748
706263,1,1,10,463.25493371595974
706280,1,1,7,27.574082766555176
706283,1,1,10,721.225357998396
706290,1,1,10,348.9524734115356
706294,1,1,4,0.42645458358136
706295,1,1,10,198.992916486356
706298,1,1,6,451.1675849962087
706300,1,1,5,0.42645456789925423
706313,1,1,8,707.5936573306342
706347,1,1,2,468.2134025842329
706354,1,1,9,223.75077504344446
706370,1,1,9,349.42757255281396
706401,1,1,10,501.9819854523868
706412,1,1,9,338.7378737120851
706420,1,1,8,226.0888610498984
706425,1,1,5,0.42645457969393247
706438,1,1,7,86.87178893203779
706441,1,1,4,0.42645458358136
706444,1,1,8,563.5903436294459
706474,1,1,9,189.56665593847578
706487,1,1,8,781.1534728207442
706488,1,1,10,441.9297073767063
706503,1,1,10,183.99247385465472
706509,1,1,3,87.99843905347339
706530,1,1,7,155.1504179739446
706551,1,1,6,553.2921741232542
706558,1,1,6,508.96602406172605
706568,0,1,0,0.13098598193314978
706581,1,1,2,328.5081465877379
706590,1,1,1,698.8644818625094
706593,1,1,6,745.045604092516
706596,1,1,9,611.5526559370301
706616,1,1,8,725.0958309571082
706617,1,1,5,0.42645457969393247
706621,1,1,8,409.70502072943674
706623,1,1,6,807.1911806632692
706624,1,1,6,790.4498627035483
706646,1,1,7,76.09039837282843
706666,1,1,7,148.61507760587065
706668,1,1,5,0.42645456789925423
706676,1,1,10,410.07679053435385
706678,1,1,8,422.53796349109314
706684,1,1,2,226.50359698459184
706702,1,1,6,617.6096725095778
706704,1,1,4,0.42645458358136
706712,1,1,3,71.92636207467442
706719,1,1,8,588.3991415445958
706733,1,1,1,677.1250555764286
706743,1,1,10,568.3218079168357
706776,1,1,4,0.42645458358136
706780,1,1,6,541.8879186123744
706788,1,1,8,171.29965103177003
706791,1,1,3,86.91397300757434
706800,1,1,1,413.0165181727381
706817,1,1,1,159.93229781246464
706843,1,1,3,39.921086697529006
706853,1,1,1,701.7091015177991
706856,0,1,0,0.15110530855654264
706863,1,1,6,519.7806567155507
706867,1,1,5,0.42645457969393247
706880,1,1,6,772.5960846662161
706886,1,1,8,373.38803977492347
706888,1,1,3,89.68794410502628
706892,1,1,8,817.9631844473382
706900,1,1,8,812.9686534998743
706932,1,1,5,0.42645457969393247
706938,1,1,10,720.8670271186924
706958,1,1,6,747.6533906148135
706960,1,1,4,0.42645458358136
706961,1,1,7,105.68034631687918
706966,1,1,5,0.42645456789925423
706972,1,1,6,324.99513517824727
706975,1,1,9,647.4880758556066
706976,1,1,8,776.0100738785292
706982,1,1,9,617.2386923837954
706990,1,1,9,796.8224322849726
707015,1,1,10,659.400774630737
707021,1,1,9,594.084720090101
707035,1,1,5,0.42645457969393247
707039,1,1,8,526.0839991256803
707043,1,1,5,0.42645457969393247
707046,1,1,2,388.01461872979274
707047,1,1,6,802.1969979272711
707048,1,1,8,238.21342536848607
707066,1,1,9,269.33602862729686
707082,1,1,10,539.4391430987995
707092,1,1,5,0.42645457969393247
707093,1,1,9,679.9355415419344
707095,1,1,5,0.42645457969393247
707105,1,1,6,423.5659798528539
707107,1,1,8,583.7299448273324
707109,1,1,5,0.42645457969393247
707118,1,1,10,416.5301528348799
707120,1,1,5,0.42645457969393247
707132,1,1,8,781.2123687011649
707134,1,1,7,60.649993592375225
707162,1,1,10,156.13501498007284
707166,1,1,4,0.42645458358136
707187,1,1,7,175.28997903037964
707209,1,1,9,191.42860040735948
707213,1,1,3,42.42415987193321
707219,1,1,7,145.4144892082319
707230,1,1,6,480.7616337659558
707293,1,1,7,105.53178787776949
707314,1,1,8,213.50993156542896
707323,1,1,9,204.77141516298315
707348,1,1,4,0.42645458358136
707351,1,1,1,645.7700695522445
707357,1,1,2,347.1089862392511
707380,1,1,9,778.7470930573528
707394,1,1,8,729.1791575801078
707409,1,1,5,0.42645457969393247
707412,1,1,9,596.8745718976567
707433,1,1,9,606.5962690096052
707442,1,1,9,790.392967024004
707446,1,1,5,0.42645457969393247
707451,1,1,6,452.8408657993579
707452,1,1,6,252.3982494430442
707462,1,1,8,492.84437564082805
707466,1,1,2,235.27657320257873
707472,1,1,9,814.9050234928317
707473,1,1,10,275.4732740288011
707478,1,1,9,65.93618068646065
707494,1,1,5,0.42645457969393247
707495,1,1,8,857.3692121697584
707498,1,1,8,783.3708651261127
707513,1,1,8,307.83925014469406
707520,1,1,5,0.42645457969393247
707521,1,1,10,139.11472857499763
707522,1,1,6,307.9443352962296
707540,1,1,5,0.42645457969393247
707590,1,1,2,399.65201526276894
707601,1,1,9,579.4749001554077
707612,1,1,10,173.8704394625453
707619,1,1,2,251.3214275618442
707621,1,1,5,0.42645456789925423
707630,1,1,10,162.6314405805244
707641,1,1,8,813.3435530230572
707642,1,1,9,478.6980270921118
707652,1,1,4,0.42645458358136
707657,1,1,9,884.2017271219137
707681,1,1,9,548.3643949231212
707685,1,1,4,0.42645458358136
707689,1,1,9,824.872860428872
707702,1,1,9,888.8843778153542
707706,1,1,1,746.7163884903664
707715,1,1,1,730.185444304661
707726,1,1,8,602.0475666422199
707738,1,1,7,129.78199855284433
707749,1,1,6,410.85322867945604
707755,1,1,5,0.42645457969393247
707756,1,1,3,92.22670896341799
707761,1,1,5,0.42645457969393247
707829,1,1,8,647.5349916469054
707832,1,1,9,226.2369591826056
707834,1,1,5,0.42645457969393247
707836,1,1,8,445.10365482097507
707847,1,1,10,400.3274892705814
707850,1,1,8,318.5535224092927
707851,1,1,9,890.2743189955793
707855,1,1,10,296.9947497284949
707860,1,1,9,315.6883031832021
707870,1,1,8,765.1705322651071
707884,1,1,5,0.42645457969393247
707886,1,1,5,0.42645457969393247
707892,1,1,6,643.6325755472833
707906,1,1,5,0.42645456789925423
707914,1,1,4,0.4264545919581291
707919,1,1,5,0.42645457969393247
707920,1,1,9,421.41942123836105
707925,1,1,6,291.97677491436787
707931,1,1,10,415.69316404722076
707933,1,1,8,638.6310218060182
707950,1,1,9,263.37820422531274
707958,1,1,5,0.42645457969393247
707960,1,1,5,0.42645457969393247
707965,1,1,4,0.42645458358136
707985,1,1,7,95.08312880342186
707987,1,1,7,130.84213357158916
707999,1,1,9,582.6161783762382
708000,1,1,8,669.8438115322701
708002,1,1,10,430.3141044182201
708007,1,1,5,0.42645457969393247
708008,1,1,6,564.1944896086968
708021,1,1,7,20.899102185584297
708036,1,1,5,0.42645457969393247
708038,1,1,4,0.42645458358136
708069,1,1,4,0.42645458358136
708071,1,1,8,399.07115315119876
708072,1,1,1,249.88619514803938
708076,1,1,9,794.4737531503338
708079,1,1,9,223.36830749664688
708082,1,1,8,349.05994549589064
708097,1,1,5,0.42645457969393247
708098,1,1,10,706.1440396141807
708100,1,1,2,331.02730612619183
708102,1,1,8,273.61151503508006
708119,1,1,9,799.8357267605545
708133,1,1,6,777.3185488332815
708136,1,1,8,528.5048644328082
708138,1,1,4,0.42645458358136
708157,1,1,7,172.14821214051153
708167,1,1,10,518.3406451828415
708187,1,1,9,357.37922799994794
708189,1,1,5,0.42645457969393247
708192,1,1,8,820.3163701849027
708213,1,1,9,751.5725014955632
708231,1,1,5,0.42645457969393247
708238,1,1,5,0.42645457969393247
708242,1,1,4,0.42645458358136
708248,0,1,0,0.11847515819640222
708258,1,1,3,81.68319248585416
708263,1,1,10,658.0019779039268
708281,1,1,4,0.42645458358136
708288,1,1,3,87.26447393337799
708296,1,1,9,80.02068042670274
708308,1,1,10,422.65959905538887
708318,1,1,5,0.42645457969393247
708341,1,1,9,98.61165483459806
708383,1,1,1,336.29155622224164
708389,1,1,7,64.14618281783875
708395,1,1,6,310.83112079600323
708415,1,1,10,355.34826962567723
708419,1,1,10,542.5320710775186
708420,1,1,4,0.42645458358136
708425,1,1,8,731.7784216027951
708428,1,1,5,0.42645457969393247
708432,1,1,10,537.2827995375521
708444,1,1,4,0.42645458358136
708452,1,1,6,644.9968291373312
708468,1,1,9,840.8188105503197
708474,1,1,6,616.676943144953
708478,1,1,9,471.7831956123909
708481,1,1,7,47.35073467833508
708494,1,1,10,699.7334024138067
708514,1,1,9,811.2320970197894
708517,1,1,1,682.7211473743464
708519,1,1,1,736.2399590398518
708522,0,1,0,0.11517431143126321
708523,1,1,9,209.33821786447788
708541,1,1,8,213.9231852826571
708547,1,1,9,759.6661776247421
708549,1,1,8,457.09349822833804
708571,1,1,7,83.28339779269848
708585,1,1,8,575.7855275878566
708592,1,1,3,89.33789925822019
708600,1,1,9,603.3784729566123
708612,1,1,4,0.42645458358136
708613,1,1,6,254.8497593741032
708631,1,1,10,457.6385454750751
708636,1,1,6,223.45295521485113
708639,1,1,5,0.42645457969393247
708643,1,1,4,0.42645458358136
708665,1,1,9,179.04865666753545
708671,1,1,6,592.7217655990365
708682,1,1,8,336.8790817175684
708691,1,1,9,638.9280539474981
708713,1,1,9,134.39242173979372
708731,1,1,5,0.42645457969393247
708741,1,1,10,131.2642470476022
708754,1,1,1,691.8469816263556
708759,1,1,6,786.4411246557898
708786,1,1,9,882.6685728447526
708792,1,1,8,237.92427437647382
708805,1,1,8,662.3636317408755
708824,1,1,2,431.43236845030276
708826,1,1,9,674.0162152719249
708831,1,1,8,617.8945981090978
708837,1,1,8,567.1611644764587
708839,1,1,9,408.558086188258
708846,1,1,1,709.1098925466188
708859,1,1,8,830.4411389853055
708867,1,1,6,779.0233330147012
708868,1,1,10,334.5218566284012
708870,1,1,9,701.5715636740034
708889,1,1,6,256.02748023732323
708896,1,1,8,369.3169419139196
708897,1,1,9,600.0730883610676
708899,1,1,9,442.57747173291
708914,1,1,10,717.9165760496894
708915,1,1,5,0.42645457969393247
708929,1,1,9,826.5789066717425
708935,1,1,1,685.3947075505808
708944,1,1,4,0.42645458358136
708945,1,1,6,786.0672798333293
708960,1,1,10,629.4687504897113
708980,1,1,3,91.40850324753633
708989,1,1,3,92.06746377648548
708990,1,1,8,723.5536271891988
708997,1,1,9,147.46508281930105
709001,1,1,9,810.073343918688
709012,1,1,4,0.42645458358136
709014,1,1,5,0.42645457969393247
709032,1,1,5,0.42645457969393247
709040,1,1,8,425.2288761259227
709048,1,1,9,833.1977790982581
709058,1,1,7,154.5036784545246
709060,1,1,2,389.6505035777294
709068,1,1,6,612.5017889725294
709091,1,1,5,0.42645457969393247
709117,1,1,5,0.42645457969393247
709119,1,1,4,0.42645458358136
709133,1,1,5,0.42645457969393247
709138,1,1,9,660.0681659199839
709146,1,1,2,317.22929467409404
709147,1,1,9,620.3330568130575
709188,1,1,8,329.3949110663676
709194,1,1,9,396.42548584550326
709195,0,1,0,0.11564645859109929
709248,1,1,9,714.7742021266721
709268,1,1,8,667.0693738952112
709283,1,1,8,865.9825830157287
709291,1,1,9,607.4199704454608
709302,1,1,5,0.42645457969393247
709317,1,1,4,0.42645458358136
709321,1,1,8,299.32506790029413
709333,1,1,8,636.5070592884026
709334,1,1,3,93.21366294931866
709336,1,1,4,0.42645458358136
709337,1,1,9,505.7206848353207
709366,1,1,8,925.0344434518714
709374,1,1,7,170.30577671555233
709379,1,1,10,673.0266913678631
709381,1,1,6,417.5630634490381
709398,1,1,10,677.9934485170243
709405,1,1,5,0.42645457969393247
709408,1,1,10,185.03712521881164
709420,1,1,10,335.72449673526233
709434,1,1,3,68.91365991624944
709435,1,1,9,850.4834940993259
709441,1,1,10,424.34799279152514
709444,1,1,5,0.42645457969393247
709449,1,1,5,0.42645457969393247
709455,1,1,5,0.42645457969393247
709465,1,1,4,0.42645458358136
709481,1,1,4,0.42645458358136
709483,1,1,1,229.73893623473262
709489,1,1,1,682.4906396494887
709517,1,1,9,754.4373271594922
709518,1,1,6,617.6151672773877
709558,1,1,6,412.27859220125316
709565,1,1,6,496.024540652416
709579,1,1,9,811.6331278026101
709589,1,1,4,0.42645458358136
709596,1,1,5,0.42645457969393247
709599,1,1,10,390.770915552599
709610,1,1,10,600.8107486035578
709616,1,1,4,0.42645458358136
709622,1,1,8,891.2622059698975
709633,1,1,5,0.42645457969393247
709635,1,1,10,322.8095269903345
709641,1,1,10,410.36378997854837
709657,1,1,4,0.42645458358136
709668,1,1,6,402.21770401786546
709680,1,1,5,0.42645457969393247
709698,1,1,8,548.1186202643828
709706,1,1,8,731.5492757698912
709710,1,1,4,0.42645458358136
709714,1,1,7,79.82023039674709
709725,1,1,9,625.3388177037327
709749,1,1,6,787.41418704066
709750,1,1,6,167.3775827362313
709757,1,1,1,608.5823095013848
709780,1,1,9,163.28157680370524
709783,1,1,9,614.7943998271281
709790,1,1,7,67.03626286667662
709794,1,1,9,154.76725051625175
709796,1,1,8,626.0786759366739
709806,1,1,8,635.0598099464183
709813,1,1,8,872.6341389700891
709814,1,1,6,809.9419319658615
709846,1,1,8,207.47350496389453
709860,1,1,8,554.9825186315699
709865,1,1,6,431.9186624036791
709870,1,1,9,448.207458282402
709881,1,1,4,0.42645458358136
709884,1,1,2,386.99397459971107
709918,1,1,3,89.33366226112238
709922,1,1,10,626.2870643872259
709937,1,1,5,0.42645457969393247
709941,1,1,10,718.2523640955318
709951,1,1,6,784.3548062830262
709989,1,1,8,723.351572312453
709994,1,1,4,0.42645458358136
709996,1,1,2,462.924002533897
710004,1,1,4,0.42645458358136
710041,1,1,9,601.4965223885223
710043,1,1,1,540.4204388234356
710045,1,1,10,331.55598432169876
710047,1,1,1,648.0896358865978
710053,1,1,8,421.29437422814846
710058,1,1,9,719.8870101355499
710061,1,1,5,0.42645457969393247
710062,1,1,5,0.42645457969393247
710065,1,1,5,0.42645457969393247
710070,1,1,8,782.7579175712593
710075,1,1,9,631.6706784005883
710083,1,1,1,686.0736818992926
710087,1,1,6,204.15257362465488
710094,1,1,4,0.42645458358136
710100,1,1,9,403.7653212130965
710106,1,1,4,0.42645458358136
710115,1,1,4,0.42645458358136
710155,1,1,9,857.4242318090556
710176,1,1,9,300.21267374029594
710185,1,1,5,0.42645457969393247
710192,1,1,6,538.2831528628539
710193,1,1,6,550.2841837918858
710196,1,1,8,532.2338276135054
710202,1,1,8,840.5926799720143
710203,1,1,5,0.42645457969393247
710215,1,1,7,77.13931061192586
710216,1,1,4,0.42645458358136
710245,1,1,10,448.9909709924656
710247,1,1,5,0.42645457969393247
710258,1,1,3,63.10525721065377
710262,1,1,8,276.16096309503405
710271,1,1,9,76.02563296561601
710276,1,1,9,867.3399081391614
710280,1,1,9,116.41506789175637
710283,1,1,4,0.42645458358136
710287,1,1,9,604.9822651934239
710298,1,1,2,479.8870382121151
710299,1,1,1,468.38071305765595
710312,1,1,4,0.42645458358136
710318,1,1,6,515.1319392983934
710348,1,1,1,724.3945242286611
710356,1,1,7,66.88930584491695
710364,1,1,10,343.1845519528929
710372,1,1,9,715.1671952834821
710402,1,1,10,625.2721756271344
710439,1,1,6,356.2036265462414
710441,1,1,5,0.42645457969393247
710451,1,1,9,287.47024711182104
710452,1,1,1,710.4274033580288
710457,1,1,8,137.98972192549053
710493,1,1,9,545.7860051927728
710511,1,1,7,158.8108151083327
710522,1,1,9,771.2613481003382
710541,1,1,5,0.42645457969393247
710567,1,1,7,74.40353739189551
710573,1,1,7,57.16457038432814
710581,1,1,3,48.00685940546966
710585,1,1,6,679.2341773710822
710597,1,1,9,238.10985737850913
710600,1,1,6,444.8725182027925
710614,1,1,6,805.7811571379845
710636,1,1,10,693.0293060098792
710639,1,1,5,0.42645457969393247
710643,1,1,8,789.3620708035426
710652,1,1,6,491.0816146036401
710660,1,1,4,0.42645458358136
710665,1,1,7,153.7174951570999
710682,1,1,3,89.90961733504918
710694,1,1,9,797.6170672270998
710721,1,1,5,0.42645456789925423
710726,1,1,4,0.42645458358136
710738,1,1,9,483.0150653732836
710746,1,1,6,279.14360963478543
710771,1,1,9,407.31920041488064
710803,1,1,8,807.4594338483766
710808,1,1,3,89.61471982407951
710817,1,1,7,151.28076429484668
710819,1,1,2,396.4917832469239
710825,1,1,9,215.28722121127763
710831,1,1,7,88.20658690052655
710838,1,1,8,241.64891623912442
710843,1,1,7,169.79988926958256
710846,1,1,10,636.8340754364687
710855,1,1,8,176.14934606268943
710878,1,1,6,144.71558965309163
710883,1,1,8,615.9623006282533
710898,1,1,5,0.42645457969393247
710900,1,1,9,801.8962116733604
710905,1,1,5,0.42645457969393247
710913,1,1,8,664.334769101276
710917,1,1,7,111.7902891803832
710965,1,1,1,289.2885026598773
710969,1,1,6,715.3069283483043
710970,1,1,10,345.27197789015577
710993,1,1,9,750.4489846610422
710998,1,1,9,549.7081162230684
711001,1,1,6,479.1532223734063
711012,1,1,10,652.9448662741074
711013,1,1,8,262.9773719026554
711017,0,1,0,0.1450480880046504
711034,1,1,4,0.4264545919581291
711037,1,1,4,0.4264545919581291
711047,1,1,5,0.42645457969393247
711084,1,1,10,704.8125824585545
711086,1,1,1,417.34693357661695
711097,1,1,10,284.77703510477977
711100,1,1,5,0.42645457969393247
711110,1,1,10,268.14021889171744
711115,1,1,10,298.2291199518918
711118,1,1,5,0.42645457969393247
711120,1,1,6,527.2536844595184
711122,1,1,1,527.7756118028414
711128,1,1,5,0.42645457969393247
711139,1,1,6,157.3083172334622
711163,1,1,5,0.42645457969393247
711173,1,1,9,810.6545057724771
711184,1,1,3,92.77799706302766
711204,1,1,9,749.2798039804209
711205,1,1,10,270.7024752729955
711220,1,1,10,389.7646277202523
711225,1,1,5,0.42645457969393247
711234,1,1,9,545.5031767688819
711237,1,1,7,91.26049128141157
711246,1,1,9,815.2700741275492
711250,1,1,8,140.88078558913546
711256,1,1,10,455.7638109030317
711267,1,1,8,748.9123318834722
711293,1,1,3,76.76788082242713
711305,1,1,8,149.78272838126352
711308,1,1,10,193.4424614809245
711309,1,1,9,565.2160905501744
711330,1,1,9,253.8987579269114
711354,1,1,2,476.0867472076606
711393,1,1,6,797.9421311698699
711401,1,1,9,513.4360119574898
711408,1,1,10,591.6413803079378
711421,1,1,9,399.82340385561037
711428,1,1,10,490.251757958275
711439,1,1,6,215.03358067191462
711444,1,1,5,0.42645457969393247
711448,1,1,8,697.0214732711396
711450,1,1,9,455.75886307987463
711452,1,1,1,531.1591388862557
711455,1,1,6,806.1586716960842
711460,1,1,5,0.42645457969393247
711462,1,1,6,553.9037120571933
711472,1,1,10,225.45735479526977
711484,1,1,6,119.06484417716221
711492,1,1,8,525.1691742676987
711494,1,1,5,0.42645457969393247
711501,1,1,1,232.20117865003044
711515,1,1,9,373.4871108448793
711532,1,1,9,201.00397684941245
711540,1,1,9,876.4836372286268
711565,1,1,8,249.3853837419833
711573,1,1,4,0.42645458358136
711593,1,1,6,542.3986980978252
711595,1,1,2,250.24720698507886
711608,1,1,3,92.95085852707042
711615,1,1,8,514.5313573812958
711617,1,1,5,0.42645457969393247
711619,1,1,7,110.07670306985582
711621,1,1,5,0.42645457969393247
711626,1,1,5,0.42645457969393247
711643,1,1,8,332.5983050854814
711647,1,1,5,0.42645456789925423
711653,1,1,1,287.1542361446962
711662,1,1,9,884.1919483712293
711665,1,1,6,542.4191192029808
711667,1,1,6,805.4326930389485
711677,1,1,9,557.0809592260144
711689,1,1,6,276.07905112239524
711718,1,1,4,0.42645458358136
711722,1,1,4,0.42645458358136
711731,0,1,0,0.14105871407688841
711755,1,1,3,49.21906897931026
711766,1,1,6,681.0267022100452
711783,1,1,6,467.1230442423688
711816,1,1,4,0.42645458358136
711818,1,1,9,476.23127002892863
711824,1,1,9,790.6042411877529
711826,1,1,7,169.2181001110969
711827,1,1,10,259.19327737127384
711849,1,1,9,543.0029576562962
711851,1,1,4,0.42645458358136
711870,1,1,4,0.42645458358136
711881,1,1,5,0.42645457969393247
711883,1,1,2,487.49678911412315
711887,1,1,5,0.42645457969393247
711888,1,1,5,0.42645457969393247
711900,1,1,10,653.9323190977375
711934,1,1,8,478.62794085140246
711943,1,1,6,390.2176264852807
711947,1,1,4,0.42645458358136
711953,1,1,9,85.14516117653257
711954,1,1,8,643.2823544770907
711966,1,1,8,147.65794684521362
711967,1,1,5,0.42645456789925423
711970,1,1,5,0.42645457969393247
711982,1,1,2,289.87427453806083
711983,1,1,1,206.16167379159407
711988,1,1,9,267.24653445447746
711999,1,1,1,763.4320748595064
712007,1,1,5,0.42645457969393247
712026,1,1,6,497.23562286526084
712034,1,1,6,698.9713269520579
712035,1,1,9,555.4685080587066
712038,1,1,6,150.53299383025677
712055,1,1,8,332.0580283954467
712060,1,1,5,0.42645457969393247
712063,1,1,6,536.0552652668131
712066,1,1,8,679.2706602038959
712068,1,1,9,85.20371133757719
712078,1,1,8,647.2504385598007
712082,1,1,5,0.42645457969393247
712084,1,1,4,0.42645458358136
712117,1,1,9,462.95764326222985
712127,1,1,8,251.22570959257087
712128,1,1,6,478.4694014724362
712145,1,1,6,689.0247489497631
712155,1,1,3,90.29636708318047
712168,1,1,10,198.37116187103592
712172,1,1,5,0.42645457969393247
712178,1,1,9,242.69615384988194
712188,1,1,6,201.6701673418979
712195,1,1,6,402.04834015603234
712196,1,1,9,566.0944266003124
712199,1,1,1,661.2806705175813
712200,1,1,9,505.297088712528
712211,1,1,9,860.7307304381345
712212,1,1,6,225.20732081908804
712223,1,1,6,614.8618162591459
712233,1,1,6,556.1730658898008
712260,1,1,9,703.6794744712514
712263,1,1,10,639.9521252242057
712277,1,1,8,695.2777743869516
712278,1,1,9,806.1836327711327
712288,1,1,7,141.2931994588872
712310,1,1,9,870.364125245403
712318,1,1,2,404.862595336273
712330,1,1,6,759.724488387166
712368,1,1,9,516.1245500364352
712369,1,1,8,274.1584927956141
712380,1,1,1,354.66117552166827
712384,1,1,8,670.8030622706341
712385,1,1,1,751.2534201377927
712388,1,1,9,544.8985310587418
712395,1,1,5,0.42645457969393247
712396,1,1,9,832.0782924490272
712410,1,1,7,155.10832516034884
712415,1,1,1,399.12909237232475
712426,1,1,10,284.8120468762078
712434,1,1,3,38.823188282558185
712450,1,1,4,0.42645458358136
712451,1,1,4,0.42645458358136
712465,1,1,10,682.4908956877638
712504,1,1,6,620.0676279052332
712509,1,1,7,59.4548140657009
712520,1,1,8,594.8149337476655
712526,1,1,4,0.42645458358136
712552,1,1,9,171.40458352462522
712553,1,1,2,97.61884410264989
712565,1,1,4,0.42645458358136
712578,1,1,4,0.42645458358136
712581,1,1,9,208.30689981622942
712598,1,1,5,0.42645457969393247
712601,1,1,10,449.37253813230717
712605,1,1,6,735.5398109992024
712621,1,1,10,678.4066451440607
712631,1,1,4,0.42645458358136
712638,1,1,3,88.88096346623612
712644,1,1,5,0.42645457969393247
712657,1,1,6,273.1563543055459
712659,1,1,9,874.5581053832187
712664,1,1,8,844.8908946311649
712666,1,1,5,0.42645457969393247
712667,1,1,5,0.42645457969393247
712688,1,1,6,213.58178253307236
712689,1,1,5,0.42645457969393247
712697,1,1,4,0.42645458358136
712710,1,1,8,332.2427105742973
712716,1,1,4,0.42645458358136
712719,1,1,9,305.5455600584066
712720,1,1,6,697.1494195357548
712721,1,1,8,930.5395831961293
712724,1,1,9,734.0508554510661
712726,1,1,6,703.070286967106
712731,1,1,9,711.5846952375406
712733,1,1,5,0.42645457969393247
712736,1,1,9,313.37744388298137
712737,1,1,6,341.63324940119514
712738,1,1,6,346.05024175990684
712745,1,1,8,452.3413986347312
712761,1,1,5,0.42645456789925423
712777,1,1,8,572.2697476851938
712787,1,1,8,569.244370101978
712802,1,1,9,539.7920247941553
712804,1,1,4,0.42645458358136
712829,1,1,6,449.7360013218996
712843,1,1,1,644.8094155190954
712844,1,1,4,0.42645458358136
712845,1,1,9,348.85067644298135
712872,1,1,10,722.4177492384116
712883,1,1,6,554.5558833978953
712914,1,1,9,818.6212784742435
712921,1,1,4,0.42645458358136
712924,1,1,5,0.42645457969393247
712927,1,1,9,766.5712802765518
712931,1,1,5,0.42645457969393247
712934,1,1,6,675.1513293755081
712951,1,1,9,800.6763318757725
712954,1,1,9,647.223039795938
712970,1,1,7,169.17024517344706
712986,1,1,4,0.42645458358136
712991,1,1,4,0.42645458358136
712995,1,1,8,582.7047703367778
713050,1,1,6,540.1618574476225
713063,1,1,5,0.42645457969393247
713072,1,1,8,942.515500449328
713103,1,1,5,0.42645457969393247
713110,1,1,1,579.7451594585223
713120,1,1,8,526.1600338684644
713128,1,1,9,408.56616638085734
713133,1,1,8,611.7445134483523
713159,1,1,2,478.2571680737776
713188,1,1,5,0.42645456789925423
713198,1,1,5,0.42645457969393247
713213,1,1,6,352.139695720197
713219,1,1,6,556.5468014072002
713224,1,1,9,429.71759821792796
713226,1,1,9,792.1073582557373
713227,1,1,5,0.42645457969393247
713284,1,1,10,720.3620632394757
713285,1,1,5,0.42645457969393247
713288,1,1,7,116.08698222702783
713297,1,1,10,105.84291734283913
713299,1,1,6,580.2711057402565
713307,1,1,5,0.42645457969393247
713314,1,1,6,413.2810970497928
713316,1,1,6,519.4731039944945
713324,1,1,6,810.3064395035786
713333,1,1,10,389.2111538308935
713353,1,1,9,747.7927929878448
713363,1,1,9,750.6124748782332
713365,1,1,8,684.5358460824355
713368,1,1,6,790.5467473601096
713389,1,1,6,629.2456567143644
713394,1,1,4,0.42645458358136
713402,1,1,7,71.15838815276459
713423,1,1,4,0.42645458358136
713428,1,1,1,615.9454237661838
713429,1,1,2,466.4266574537812
713439,1,1,9,545.2099388398584
713440,1,1,10,719.7014008094744
713444,1,1,5,0.42645457969393247
713446,1,1,4,0.42645458358136
713447,1,1,5,0.42645456789925423
713449,1,1,6,515.9147394687786
713478,1,1,5,0.42645457969393247
713484,1,1,7,128.89487137918871
713490,1,1,10,590.1310566528381
713492,1,1,6,532.7017196280834
713500,1,1,10,378.71850549210563
713517,1,1,5,0.42645457969393247
713529,1,1,9,578.008200557816
713535,1,1,4,0.42645458358136
713542,1,1,9,412.31723756237113
713553,1,1,6,367.458883988347
713574,1,1,2,448.0027902801357
713575,1,1,5,0.42645457969393247
713581,1,1,9,607.8417575319531
713597,1,1,1,488.06652095709075
713602,1,1,9,579.7629200977409
713608,1,1,4,0.42645458358136
713610,1,1,7,145.53193273033094
713652,1,1,3,34.61262927970329
713654,1,1,8,778.4154118243624
713665,1,1,4,0.42645458358136
713679,1,1,9,559.508872732167
713695,1,1,7,162.60079678445487
713700,1,1,6,322.4616559952246
713709,1,1,10,488.9072908725286
713739,1,1,6,409.4246750262421
713742,1,1,5,0.42645457969393247
713753,1,1,3,84.45425310850496
713757,1,1,10,682.9621524391139
713759,1,1,7,105.3874637682892
713761,1,1,5,0.42645457969393247
713767,1,1,8,296.5329471915324
713769,1,1,8,720.0341987559746
713772,1,1,8,899.4768737424183
713775,1,1,6,696.2023571042026
713780,1,1,1,354.6965728767314
713788,1,1,2,474.42108519900154
713818,1,1,6,681.3556627365207
713824,1,1,4,0.42645458358136
713831,1,1,4,0.42645458358136
713835,1,1,8,556.7571289190458
713846,1,1,9,140.57775163992372
713857,1,1,6,319.8248756271872
713876,1,1,3,88.98476936465612
713878,1,1,3,91.12845023030553
713880,1,1,5,0.42645457969393247
713884,1,1,8,549.2349200305869
713893,1,1,6,212.50717078647824
713906,1,1,4,0.42645458358136
713910,1,1,1,383.9557880195413
713917,1,1,5,0.42645457969393247
713918,1,1,10,597.4432889016022
713919,1,1,9,585.791183522781
713940,1,1,1,397.46362797618303
713948,1,1,4,0.42645458358136
713964,1,1,10,575.4993001124017
714021,1,1,4,0.42645458358136
714022,1,1,6,285.2697118328679
714041,1,1,5,0.42645457969393247
714052,1,1,4,0.42645458358136
714054,1,1,9,507.0090002751607
714066,1,1,8,641.5207721088661
714079,1,1,5,0.42645457969393247
714083,1,1,1,257.2340510052305
714087,1,1,3,90.64281471159403
714096,1,1,1,675.5383444060321
714114,1,1,4,0.42645458358136
714124,1,1,9,334.0478899704693
714147,1,1,5,0.42645457969393247
714148,1,1,4,0.42645458358136
714158,1,1,8,255.00992623008622
714160,1,1,9,855.1350369438107
714162,1,1,2,141.71079618172317
714166,1,1,8,534.1740887113849
714172,1,1,4,0.42645458358136
714175,1,1,1,697.1441904159157
714177,1,1,9,734.5390140151993
714189,1,1,10,429.4284366681097
714200,1,1,8,657.2217110114623
714204,1,1,8,266.27297524679625
714208,1,1,1,179.9810150679377
714212,1,1,5,0.42645457969393247
714223,1,1,5,0.42645457969393247
714224,1,1,8,799.63822899891
714225,1,1,6,280.07570869432425
714239,1,1,8,761.6472111928658
714257,1,1,10,320.71974755137467
714258,1,1,7,98.3673930855625
714259,1,1,4,0.42645458358136
714263,1,1,8,475.52683458134067
714266,1,1,8,683.7860366955983
714272,1,1,10,705.2447869071118
714278,1,1,5,0.42645457969393247
714290,1,1,9,509.89135482069275
714300,1,1,9,620.2590037185587
714302,1,1,9,512.2976916630846
714303,1,1,4,0.4264545919581291
714318,1,1,6,564.0273454313667
714327,1,1,6,801.9683161792409
714339,1,1,6,556.3475055859509
714340,1,1,3,81.49029212892304
714348,1,1,4,0.42645458358136
714362,1,1,1,481.67636463597523
714371,1,1,10,124.03364822904236
714373,1,1,4,0.42645458358136
714376,1,1,8,801.8117413422389
714387,1,1,3,90.6097549548541
714388,1,1,6,777.0883566854068
714393,1,1,8,730.5548039165479
714397,1,1,2,323.42594979842835
714406,1,1,10,325.6308553503892
714408,1,1,6,457.3814150942436
714414,1,1,6,675.378520404857
714423,1,1,1,715.4498408196804
714424,1,1,1,551.9600631947621
714432,1,1,10,678.3471978993983
714434,1,1,9,569.7914172471015
714439,1,1,5,0.42645457969393247
714464,0,1,0,0.09548950023797081
714476,1,1,5,0.42645457969393247
714487,1,1,2,438.5528580974902
714495,1,1,5,0.42645457969393247
714501,1,1,8,213.8055548898444
714505,1,1,5,0.42645457969393247
714512,0,1,0,0.1318817635778471
714519,1,1,5,0.42645457969393247
714534,1,1,2,462.379985801353
714542,1,1,7,92.24967876236632
714548,1,1,4,0.4264545919581291
714556,1,1,5,0.42645457969393247
714560,1,1,9,692.8534044385225
714566,1,1,7,61.91882344106965
714573,1,1,1,577.1474281032571
714593,1,1,6,286.8531150314089
714597,1,1,1,494.4830693479296
714611,1,1,9,652.0218345241294
714612,1,1,6,423.55027159674574
714618,1,1,1,541.4630632696908
714629,1,1,2,52.44908681256523
714630,1,1,8,853.6914408786406
714632,1,1,6,641.4502733206181
714650,1,1,5,0.42645457969393247
714664,1,1,8,576.6416328586489
714678,1,1,6,348.10130705331414
714680,1,1,7,156.78821443809514
714692,1,1,9,757.6186171232039
714694,1,1,8,457.06546241649386
714698,1,1,8,780.8049890521322
714719,1,1,5,0.42645457969393247
714732,1,1,5,0.42645457969393247
714733,1,1,8,576.243848170135
714750,1,1,1,709.0863703225135
714762,1,1,9,557.4720039465553
714764,1,1,10,272.40532922164
714766,1,1,8,535.3193338965355
714774,1,1,4,0.42645458358136
714787,1,1,4,0.42645458358136
714794,1,1,6,345.54104399440564
714796,1,1,9,497.9951496596138
714805,1,1,1,562.3689307159494
714825,1,1,7,100.7447465674298
714835,1,1,6,264.7017026261993
714844,1,1,5,0.42645457969393247
714846,1,1,9,582.9852854315033
714857,1,1,10,589.1593838170592
714865,1,1,8,812.6027183834557
714871,1,1,4,0.42645458358136
714875,0,1,0,0.12076366401932458
714883,1,1,6,483.8397587316845
714886,1,1,8,758.0782096952314
714904,1,1,6,553.8713039895024
714943,1,1,1,691.6583250399602
714948,1,1,3,92.75288638320984
714959,1,1,8,790.8220274967786
715002,1,1,5,0.42645457969393247
715006,1,1,5,0.42645457969393247
715019,1,1,9,489.6250576964405
715032,1,1,1,342.33159324749016
715034,1,1,6,790.4451219909644
715035,1,1,10,605.295253766614
715049,1,1,5,0.42645457969393247
715065,1,1,8,360.2298023167964
715071,1,1,9,642.6120286520124
715101,1,1,5,0.42645457969393247
715109,1,1,4,0.42645458358136
715124,1,1,6,565.7052348313244
715136,1,1,9,107.23790942584539
715142,1,1,8,502.6981294234286
715148,1,1,6,587.729895856749
715150,1,1,2,402.3007841400932
715157,1,1,3,53.877676684108906
715173,1,1,6,444.20244397817015
715191,1,1,8,637.5325549986316
715204,1,1,1,196.83150951895843
715208,1,1,6,764.6353912910315
715212,1,1,3,88.39883165379169
715225,1,1,9,160.6840837244008
715245,1,1,1,405.51607214803084
715254,1,1,8,817.3110344804918
715257,1,1,4,0.42645458358136
715269,1,1,5,0.42645457969393247
715278,1,1,1,565.2258314266521
715304,1,1,9,237.84158062361237
715306,1,1,3,92.79612259894928
715309,1,1,4,0.42645458358136
715313,1,1,9,813.8763534318318
715317,1,1,1,582.0452899319353
715320,1,1,4,0.42645458358136
715333,1,1,1,231.36529199336496
715336,1,1,10,205.61118438836306
715385,1,1,6,467.67737736608575
715403,1,1,10,222.1655067436606
715413,1,1,9,778.1931907371368
715420,1,1,4,0.42645458358136
715436,1,1,1,548.6422744780527
715446,1,1,8,286.6486530325883
715452,1,1,3,91.12789925083275
715458,1,1,7,168.15956472188893
715462,1,1,5,0.42645457969393247
715463,1,1,10,157.42914437236007
715466,1,1,7,163.26788916828673
715468,1,1,6,331.1510643968518
715469,1,1,8,307.7504819653436
715473,1,1,10,243.81231078144046
715477,1,1,5,0.42645456789925423
715502,1,1,5,0.42645457969393247
715513,1,1,8,809.0340292449276
715516,1,1,7,116.96086514072286
715522,1,1,1,374.78326024743296
715536,1,1,7,52.48524269485403
715548,1,1,8,354.3418611512047
715563,1,1,5,0.42645457969393247
715571,1,1,4,0.42645458358136
715582,1,1,10,438.9488171473247
715598,1,1,7,20.339304246638427
715640,1,1,3,90.95022678634318
715642,1,1,9,409.3954491089082
715646,1,1,9,292.94950863826165
715652,1,1,8,617.17873634462
715659,1,1,10,677.5792996696784
715666,1,1,8,580.2128566940024
715693,1,1,6,633.6608365222296
715715,1,1,8,330.4739010492129
715718,1,1,10,578.5476050257147
715728,1,1,9,375.66592604346374
715736,1,1,4,0.42645458358136
715741,1,1,5,0.2857664340804523
715744,1,1,9,840.3266264380173
715747,1,1,8,336.0962338224099
715748,1,1,8,485.74947542270957
715756,1,1,5,0.42645457969393247
715759,1,1,6,508.93992372138064
715761,1,1,7,165.09503550162805
715767,1,1,10,370.5407817353381
715770,1,1,6,539.9171499915777
715772,1,1,9,736.3282769087729
715776,1,1,4,0.4264545919581291
715800,1,1,6,445.0576137827444
715801,1,1,8,605.035310175473
715806,0,1,0,0.10677043213997378
715828,1,1,3,86.89941402729758
715877,1,1,9,472.60572569368924
715892,1,1,9,841.2386387254803
715894,1,1,9,806.6952721587446
715897,1,1,8,430.6410953403334
715915,1,1,8,591.3689385060171
715926,1,1,9,884.6506112681865
715929,1,1,1,399.0872745998766
715936,1,1,8,383.7781455772169
715955,1,1,1,660.1569421135202
716003,1,1,1,727.779442946683
716005,0,1,0,0.0941402984727185
716012,1,1,4,0.42645458358136
716033,1,1,8,808.2036290671192
716045,1,1,5,0.42645457969393247
716061,1,1,5,0.42645457969393247
716065,1,1,8,213.61481526803433
716066,1,1,8,267.3635683698912
716067,1,1,6,783.9611349501465
716076,1,1,9,761.9718432750573
716077,1,1,5,0.42645457969393247
716082,1,1,4,0.42645458358136
716092,1,1,1,488.8394461415285
716096,1,1,9,811.9075966373788
716112,1,1,10,416.4033814535818
716116,1,1,10,441.97166311408284
716125,1,1,8,612.0725765463316
716144,1,1,3,72.112538514289
716152,1,1,5,0.42645456789925423
716270,1,1,4,0.42645458358136
716274,1,1,4,0.42645458358136
716277,1,1,8,871.3950724828355
716295,1,1,1,239.84731399892632
716317,1,1,2,101.38606925394825
716341,1,1,9,853.4292791808941
716344,1,1,6,767.1998433082044
716345,1,1,2,361.9963516489872
716387,1,1,9,361.2883717875688
716395,1,1,8,907.1963189245372
716406,1,1,4,0.42645458358136
716418,1,1,8,650.9132893558453
716424,1,1,9,877.1633347897681
716434,1,1,10,600.7373144775066
716439,1,1,7,51.50867545576957
716453,1,1,5,0.42645457969393247
716458,1,1,6,629.837720554051
716463,1,1,10,457.8629611237803
716493,1,1,8,415.5533540733497
716505,1,1,5,0.42645457969393247
716510,1,1,2,417.79636337425416
716513,1,1,5,0.42645457969393247
716519,1,1,9,629.4768635846559
716549,1,1,9,867.2377864670335
716552,1,1,6,614.0374955276466
716554,1,1,5,0.42645457969393247
716569,1,1,9,311.8300299859309
716584,1,1,5,0.42645457969393247
716585,1,1,1,224.54542772224272
716589,1,1,9,149.30482706213576
716600,1,1,8,618.7521493297434
716624,1,1,8,776.4967545922674
716627,1,1,6,658.6964744330294
716630,1,1,8,723.652603263114
716643,1,1,1,458.57323257022847
716680,1,1,8,614.2336670121933
716691,1,1,6,668.1856759500278
716702,1,1,10,240.12100594389636
716711,1,1,7,151.8508310062103
716718,1,1,8,236.15438530359404
716748,1,1,8,634.8610742206176
716763,1,1,8,749.5003022455605
716782,1,1,4,0.42645458358136
716785,1,1,6,506.8973598161319
716798,1,1,2,478.6659024617469
716812,1,1,4,0.42645458358136
716814,1,1,1,498.98712076584735
716820,1,1,2,75.04093417991594
716823,1,1,1,748.8743038038978
716843,1,1,8,391.8187117783865
716847,1,1,9,874.9855139585047
716852,1,1,4,0.42645458358136
716855,1,1,9,532.9731091359394
716859,1,1,7,147.09070329463978
716865,1,1,10,509.39149333245456
716871,1,1,6,790.1790397020295
716881,1,1,9,652.8837499754867
716889,1,1,8,584.8938160334064
716897,1,1,7,140.40908454652302
716901,1,1,6,265.0386290529563
716906,1,1,7,75.37946222685183
716925,1,1,3,69.54740539761464
716926,1,1,10,718.8996301338957
716965,1,1,5,0.42645456789925423
716971,0,1,0,0.11637598132756702
716976,1,1,4,0.42645458358136
717002,1,1,9,874.5709514971518
717004,1,1,8,939.8033448510536
717085,1,1,3,75.53715186973395
717091,1,1,9,658.986318903545
717102,1,1,9,457.76567420460975
717122,1,1,10,718.2715417807891
717132,1,1,8,837.7757402654885
717134,1,1,9,621.0678754912973
717142,1,1,9,582.8390820897832
717164,1,1,6,713.8267058208147
717165,1,1,10,658.5435731663299
717171,1,1,1,417.44322998381307
717178,1,1,4,0.42645458358136
717179,1,1,7,62.64696110914446
717204,1,1,4,0.42645458358136
717245,1,1,10,510.0651118811907
717263,1,1,9,232.50237745467766
717264,1,1,3,91.70916920873472
717269,1,1,10,326.76708368647405
717276,1,1,5,0.42645457969393247
717294,1,1,5,0.42645457969393247
717302,1,1,4,0.42645458358136
717314,1,1,10,592.7533189962681
717315,1,1,10,407.0415567730988
717318,1,1,10,723.4533873154915
717319,1,1,2,53.27623833514726
717322,1,1,8,856.2849063507545
717353,1,1,3,92.7669180514396
717355,1,1,9,791.893461258995
717356,1,1,4,0.4264545919581291
717357,1,1,9,328.1508570603953
717365,1,1,1,622.3695032909508
717391,1,1,6,560.5607584764609
717403,1,1,1,251.05221694336672
717406,1,1,8,855.6987253059533
717408,1,1,9,473.61110825503954
717416,1,1,4,0.42645458358136
717417,1,1,2,254.28113256521635
717425,1,1,6,669.6141319828645
717441,1,1,10,257.23764535788746
717448,1,1,10,351.06195618803105
717458,1,1,3,90.17857902401292
717461,1,1,10,659.7888589137832
717470,1,1,4,0.42645458358136
717487,1,1,6,772.400388713705
717511,1,1,5,0.42645457969393247
717532,1,1,6,434.2968181492737
717536,1,1,5,0.42645457969393247
717549,1,1,6,630.7353161738315
717553,1,1,6,484.490174147234
717558,1,1,8,197.4027795298457
717566,1,1,1,424.579683658135
717572,1,1,8,497.33583256042925
717581,1,1,9,413.22209404593355
717586,1,1,6,723.673827952482
717606,1,1,1,385.06952584065573
717607,1,1,5,0.42645457969393247
717641,1,1,5,0.42645457969393247
717654,1,1,1,623.5528753044352
717661,1,1,10,361.4620736905492
717662,1,1,9,536.5656395514354
717673,1,1,5,0.42645456789925423
717675,1,1,10,391.8886437435819
717708,1,1,10,452.6777169164473
717713,1,1,1,537.5124473149747
717716,1,1,5,0.42645457969393247
717721,1,1,1,639.2295447592448
717725,1,1,9,371.1810144542805
717742,1,1,4,0.42645458358136
717792,1,1,6,475.0105490887239
717815,1,1,9,768.1906045750006
717818,1,1,10,122.12029040802979
717820,1,1,9,562.7214314937594
717850,1,1,5,0.42645457969393247
717864,1,1,9,221.90649651355676
717869,1,1,1,752.8883705398746
717879,1,1,6,568.7924148103207
717881,1,1,6,521.9440900689642
717886,1,1,3,60.64707618029911
717890,1,1,1,425.96529267734013
717898,1,1,5,0.42645457969393247
717903,1,1,9,716.8192592309736
717904,1,1,5,0.42645457969393247
717910,1,1,9,508.65702073441753
717911,1,1,5,0.42645457969393247
717927,1,1,6,733.730393885148
717929,1,1,4,0.42645458358136
717950,1,1,6,479.42437230767683
717972,1,1,6,422.536478896224
717973,1,1,5,0.42645457969393247
717977,1,1,6,436.9425774458798
717987,1,1,4,0.42645458358136
718005,1,1,2,376.11691017603243
718024,1,1,9,446.7554328356429
718041,1,1,4,0.42645457969393247
718059,1,1,10,268.9026937815288
718068,1,1,7,66.91142064443481
718072,1,1,10,618.4906932811853
718073,1,1,8,718.5724697666171
718074,1,1,1,646.1581571647641
718081,1,1,3,82.22510583254169
718095,1,1,9,427.6815509692568
718110,1,1,10,458.9493581468615
718130,1,1,10,366.7999809738048
718151,1,1,10,705.6595561055015
718170,1,1,5,0.42645457969393247
718171,1,1,8,151.23300569464777
718172,1,1,1,533.7387606923608
718193,1,1,6,536.4363270074322
718207,1,1,6,157.79648398680425
718216,1,1,4,0.42645458358136
718222,1,1,1,508.78750385537774
718226,1,1,8,353.31588210913367
718227,1,1,1,616.0529790358164
718253,1,1,9,849.5227076916433
718272,1,1,7,67.80954049036785
718321,1,1,10,381.95205135865024
718334,1,1,6,235.51841293489684
718335,1,1,8,635.8138373249601
718338,1,1,8,391.6870322420338
718347,1,1,10,558.3396527796103
718355,1,1,4,0.42645458358136
718356,1,1,9,389.8465656673684
718366,1,1,8,697.9251710255348
718374,1,1,8,829.692194660458
718379,1,1,8,474.2375915138356
718388,1,1,10,723.4557855773587
718389,1,1,1,608.7270156968085
718412,1,1,9,540.7274498699925
718416,1,1,5,0.42645457969393247
718423,1,1,5,0.42645457969393247
718444,1,1,10,577.7345964635297
718450,1,1,8,393.40091809063887
718451,1,1,1,523.2494843260895
718459,1,1,2,450.5899875717154
718463,1,1,5,0.42645457969393247
718479,1,1,3,33.90448730028024
718482,1,1,6,431.7753192042357
718489,1,1,8,796.298482232047
718496,1,1,8,666.5788372200453
718520,1,1,10,265.22583719636447
718537,1,1,8,829.8536482688447
718548,1,1,10,589.314892407366
718551,1,1,9,816.0560914010603
718553,1,1,8,561.1285765888658
718558,1,1,7,83.64307667345984
718562,1,1,4,0.42645458358136
718579,1,1,5,0.42645457969393247
718584,1,1,8,627.633401869727
718593,1,1,10,182.3032323548638
718601,1,1,7,146.7653281963956
718629,1,1,6,538.580291479203
718631,1,1,9,532.962914445873
718639,1,1,9,774.674673706723
718659,1,1,1,160.0048829228284
718670,1,1,9,842.8789376664377
718683,1,1,5,0.42645456789925423
718697,1,1,9,328.76418296334924
718715,1,1,4,0.42645458358136
718736,1,1,5,0.42645457969393247
718739,1,1,1,554.6736780732078
718743,1,1,6,671.2300164737164
718760,1,1,9,112.92661961188296
718767,1,1,8,381.95080605981894
718771,1,1,9,329.4261191981774
718803,1,1,9,616.0272948154143
718804,1,1,5,0.42645457969393247
718810,1,1,8,723.04657151984
718821,1,1,4,0.42645458358136
718836,1,1,9,609.0070440795308
718858,1,1,1,526.372407843019
718859,1,1,6,678.9564386604729
718861,1,1,2,106.18459439202202
718870,1,1,6,431.7876662429365
718882,1,1,10,722.8731442168047
718888,1,1,6,535.9908180314889
718898,1,1,10,722.7307765111132
718903,1,1,8,389.0890402550411
718918,1,1,9,65.63465218692848
718931,1,1,9,629.3063578334486
718958,1,1,6,777.4071659228202
718987,1,1,1,739.7991177617748
718998,1,1,10,194.571210441981
719061,1,1,7,172.39817955017975
719070,1,1,9,876.8974912809604
719074,1,1,4,0.42645458358136
719075,1,1,10,502.5968039545743
719090,1,1,2,438.83908505438717
719123,1,1,10,457.2190098393726
719146,1,1,3,72.09076998032722
719147,1,1,7,116.10990048887086
719182,1,1,9,795.8384701254996
719184,1,1,6,527.0301314265622
719197,1,1,4,0.42645458358136
719231,1,1,10,717.3857343275707
719238,1,1,5,0.42645457969393247
719248,1,1,10,604.2346336592806
719255,1,1,4,0.42645458358136
719270,1,1,5,0.42645457969393247
719290,1,1,2,292.0521292790956
719294,1,1,10,720.7065576965506
719306,1,1,4,0.42645458358136
719314,1,1,8,470.96131377651596
719319,1,1,10,350.9284371465509
719328,1,1,9,790.4597063408877
719332,1,1,4,0.42645458358136
719339,1,1,3,92.57856047353792
719344,1,1,4,0.42645458358136
719348,1,1,7,162.6696713771551
719370,1,1,9,771.394709285378
719373,1,1,4,0.42645458358136
719397,1,1,6,472.36304235602717
719403,1,1,10,458.1087028788861
719414,1,1,9,510.15463868232007
719422,1,1,6,722.0929308725417
719431,1,1,4,0.42645458358136
719441,1,1,4,0.42645458358136
719448,1,1,9,889.9387532423522
719461,1,1,8,811.9590467951117
719485,1,1,9,534.5032845815837
719486,1,1,5,0.42645456789925423
719494,1,1,8,415.4940725878589
719516,1,1,8,345.6058775982191
719537,1,1,4,0.42645458358136
719538,1,1,6,301.52634620360976
719553,1,1,9,501.8122057590738
719556,1,1,8,659.4421364399069
719563,1,1,6,540.377612634456
719569,1,1,9,244.58565625143984
719570,1,1,9,872.4717167762451
719575,1,1,9,716.3996270181975
719587,1,1,9,271.24946752299394
719596,1,1,4,0.42645458358136
719606,1,1,8,351.0039620439539
719619,1,1,5,0.42645457969393247
719627,1,1,8,629.5844142322426
719631,1,1,5,0.42645457969393247
719633,1,1,9,614.177510888185
719640,1,1,9,610.0840154208014
719641,1,1,8,867.9294076772503
719642,1,1,8,451.6015197959662
719643,1,1,5,0.42645457969393247
719647,1,1,5,0.42645457969393247
719664,1,1,4,0.42645458358136
719666,1,1,4,0.42645458358136
719679,1,1,10,129.25707751677933
719713,1,1,10,334.07246057359447
719718,1,1,5,0.42645457969393247
719719,1,1,5,0.42645457969393247
719727,1,1,3,76.91858295734212
719740,1,1,5,0.42645457969393247
719771,0,1,0,0.129081154483116
719772,1,1,9,777.8734304261274
719778,1,1,8,498.53568105972903
719781,1,1,4,0.42645458358136
719796,1,1,8,354.4424873362536
719797,1,1,3,85.67486525028743
719799,1,1,4,0.42645458358136
719818,1,1,5,0.42645457969393247
719823,1,1,5,0.42645457969393247
719830,1,1,8,402.5736712793511
719833,1,1,5,0.42645457969393247
719835,1,1,4,0.42645458358136
719840,1,1,4,0.42645458358136
719842,1,1,9,118.98859874006526
719846,1,1,4,0.42645458358136
719850,1,1,1,706.3550846144933
719866,1,1,3,76.35067517921232
719868,1,1,10,417.6853270589728
719881,1,1,10,429.63844761886844
719887,1,1,9,167.45148077977404
719890,1,1,7,51.79542993634073
719892,1,1,5,0.42645457969393247
719895,1,1,5,0.42645457969393247
719906,1,1,2,360.3072196315783
719912,1,1,10,460.6425865046262
719913,1,1,1,318.19792818418983
719926,1,1,4,0.42645457969393247
719951,1,1,9,865.6032439217228
719956,1,1,5,0.42645457969393247
719964,1,1,6,391.56864021094754
719998,1,1,5,0.42645457969393247
720007,1,1,5,0.42645457969393247
720013,1,1,5,0.42645457969393247
720018,1,1,4,0.4264545919581291
720020,1,1,8,754.4950651585333
720026,1,1,9,499.2025856478043
720033,1,1,3,75.81618303338819
720039,1,1,10,653.7152547620342
720041,1,1,10,696.7378969466863
720044,1,1,5,0.42645457969393247
720053,1,1,4,0.42645458358136
720076,1,1,5,0.42645457969393247
720087,1,1,6,475.94330363397887
720093,1,1,8,480.6985984433685
720106,1,1,9,593.6076022223249
720115,1,1,6,659.3372536606576
720126,1,1,1,212.34935189492893
720131,1,1,9,867.322526721555
720141,1,1,6,625.884088084274
720146,1,1,6,360.50504295242183
720170,1,1,6,304.20533372049766
720175,1,1,5,0.42645457969393247
720178,1,1,9,336.47853573898584
720183,1,1,6,778.9570881617783
720194,1,1,10,431.745326880978
720198,1,1,8,421.2061112718745
720212,1,1,1,608.856574618151
720213,1,1,3,56.14062700786167
720218,1,1,5,0.42645457969393247
720236,1,1,3,83.81316773600358
720242,1,1,9,850.0497442370893
720247,1,1,1,436.4931948772253
720249,1,1,5,0.42645457969393247
720257,1,1,6,645.4434454820662
720263,1,1,8,205.60593825168093
720264,1,1,7,80.73735577054286
720265,1,1,6,157.53862071196554
720271,1,1,7,170.28309945779256
720291,1,1,1,456.01308910709565
720294,1,1,10,630.967329792602
720311,1,1,3,86.87489035998549
720348,1,1,3,80.69157871056116
720351,1,1,1,710.275585464715
720368,1,1,9,737.6929455110725
720376,1,1,7,96.54741714258905
720382,1,1,8,353.74238853253047
720407,1,1,7,84.95703065579612
720415,1,1,10,528.5844665676972
720419,1,1,7,155.51259981898414
720428,1,1,4,0.42645458358136
720436,0,1,0,0.16669359249214213
720451,1,1,6,812.0389577233931
720456,1,1,1,413.7059178317527
720458,1,1,4,0.42645458358136
720488,1,1,8,604.3340074794903
720499,1,1,4,0.42645458358136
720500,1,1,10,186.46395250188982
720511,1,1,5,0.42645457969393247
720515,1,1,5,0.42645457969393247
720531,1,1,4,0.42645458358136
720537,1,1,1,525.1808079454386
720551,1,1,8,766.0619626925707
720572,1,1,6,326.50350748512074
720609,1,1,5,0.42645457969393247
720618,1,1,8,517.0571991239552
720624,1,1,6,641.320439875626
720631,1,1,10,593.9691378547551
720634,1,1,2,406.68044263568623
720636,1,1,8,593.1091132907013
720641,1,1,1,749.0212749521356
720644,1,1,8,332.0158377517329
720659,1,1,8,946.9090382314447
720677,1,1,6,592.6801326290486
720725,1,1,6,773.2525885753369
720746,1,1,10,212.2268255226439
720753,1,1,8,928.4074432407451
720765,1,1,6,495.757221037321
720767,1,1,4,0.42645458358136
720786,1,1,8,204.26483379815255
720800,1,1,9,225.3991849379439
720812,1,1,8,797.4592082193332
720815,1,1,5,0.42645457969393247
720818,1,1,5,0.42645457969393247
720823,1,1,7,95.20978108493871
720824,1,1,10,297.2172985461243
720827,1,1,9,194.99656711714556
720861,1,1,8,426.5285437854372
720864,1,1,6,176.9388820065814
720879,1,1,7,77.40159889835202
720887,1,1,2,433.2934956297746
720902,1,1,7,154.67622015607736
720912,1,1,9,864.5428907411967
720927,1,1,3,82.04591380012565
720951,1,1,8,402.80661059900183
720954,1,1,1,485.5451262319231
720978,1,1,9,682.9384769625774
720989,1,1,1,469.12268276355434
720996,1,1,6,701.4393748654221
721001,1,1,3,86.32639110705337
721035,1,1,1,604.740091221583
721045,1,1,4,0.4264545919581291
721058,1,1,7,77.00926251379181
721060,1,1,9,281.85672179810484
721072,1,1,9,518.8594654394419
721090,1,1,6,507.83426942578245
721093,1,1,6,617.1012582374154
721097,1,1,4,0.42645458358136
721112,1,1,6,358.93773165629216
721125,1,1,9,864.3296768029415
721165,1,1,7,78.48788018297736
721187,1,1,10,367.626713502902
721201,1,1,10,439.0887570645396
721222,1,1,6,218.39097077972042
721231,1,1,6,762.519905834025
721232,1,1,9,211.50526093742496
721250,1,1,9,813.1576715723272
721268,1,1,5,0.42645457969393247
721272,1,1,5,0.42645457969393247
721283,1,1,9,604.6005482837263
721287,1,1,9,862.0302994744513
721328,0,1,0,0.1683002757821759
721349,1,1,2,422.42148724813535
721352,1,1,8,433.22111368654174
721359,1,1,2,313.08134949692834
721364,1,1,8,373.67386200368816
721385,1,1,7,51.423815500515126
721388,1,1,5,0.42645457969393247
721398,1,1,7,115.29643091216161
721399,1,1,6,671.8484187154369
721417,1,1,3,77.1125629402788
721423,1,1,5,0.42645457969393247
721425,1,1,10,158.14892003179682
721433,1,1,6,778.2544038627117
721445,1,1,10,417.43430698837574
721456,1,1,9,247.2705072954557
721496,1,1,9,440.63809948656086
721500,1,1,5,0.42645457969393247
721513,1,1,5,0.42645457969393247
721515,1,1,6,539.414358969506
721537,1,1,7,166.69247646584995
721541,1,1,6,484.6067441082187
721544,1,1,6,401.4124929931143
721556,1,1,6,516.8906803085971
721578,1,1,6,556.5286511578893
721586,1,1,9,711.176625121891
721598,1,1,10,428.2875406639641
721617,1,1,8,243.10006423044624
721620,1,1,3,59.577860808249625
721625,1,1,8,341.5990982330944
721635,1,1,8,383.43608239607784
721641,1,1,9,863.0281679740839
721649,1,1,8,931.9173738438603
721663,1,1,6,333.0916127077785
721670,1,1,9,850.3505594018594
721711,1,1,10,721.3928659527098
721713,1,1,10,612.2687901735343
721717,1,1,4,0.42645458358136
721731,1,1,3,88.09905136738463
721732,1,1,8,765.5771845407078
721739,1,1,4,0.42645458358136
721751,1,1,8,743.4626762669244
721756,1,1,6,530.0827000797867
721759,1,1,9,675.9128151078446
721763,1,1,6,564.2051673503998
721787,1,1,9,673.5550503434479
721789,1,1,9,602.1426371701638
721798,1,1,8,618.6177584209285
721803,1,1,7,73.10428399883294
721805,1,1,9,705.0949446987347
721808,1,1,1,214.5882384134906
721813,1,1,8,923.7443375487538
721817,1,1,6,652.7309463206923
721824,1,1,2,382.6070235074501
721841,1,1,9,478.7637843812763
721877,1,1,4,0.42645458358136
721882,1,1,9,58.31702359351537
721887,1,1,4,0.42645458358136
721904,1,1,5,0.42645457969393247
721909,1,1,8,611.7820142254479
721912,1,1,9,194.67956942837625
721920,1,1,2,59.33682194456783
721928,1,1,5,0.42645457969393247
721931,0,1,0,0.15181031337595974
721934,1,1,10,681.8771608088455
721939,1,1,4,0.42645458358136
721968,1,1,8,555.2242309866742
721974,1,1,8,778.5299973021608
721984,1,1,4,0.42645458358136
721994,1,1,8,379.6933965318836
722004,1,1,9,124.86031027852286
722008,1,1,4,0.42645458358136
722028,1,1,10,711.5856255653333
722051,1,1,5,0.42645457969393247
722075,1,1,6,719.8439848972213
722079,1,1,5,0.42645457969393247
722081,1,1,3,76.58644602444103
722082,1,1,5,0.42645456789925423
722099,1,1,4,0.42645458358136
722117,1,1,7,169.2181064034013
722121,1,1,9,894.1568998868578
722146,1,1,7,118.95691024619497
722154,1,1,4,0.42645458358136
722157,1,1,3,73.73225260089822
722168,1,1,5,0.42645457969393247
722178,1,1,6,156.3858046265969
722184,1,1,4,0.42645458358136
722191,1,1,1,617.2609571739705
722193,1,1,3,87.9828564482241
722203,1,1,8,115.02914534108811
722218,1,1,6,617.8597906293487
722221,1,1,1,466.983817859363
722228,1,1,8,764.3090355098186
722253,1,1,9,224.8415292296521
722267,1,1,10,721.6486930129921
722269,1,1,9,212.19429438407127
722271,1,1,8,938.3946256964268
722274,1,1,5,0.42645457969393247
722280,1,1,8,534.2296425212973
722318,1,1,6,758.1371630459552
722325,1,1,9,713.6292456893159
722339,1,1,9,642.6401527257083
722343,1,1,6,205.36250316329915
722353,1,1,7,86.5886512958735
722362,1,1,5,0.42645457969393247
722364,1,1,6,671.8164311764496
722368,1,1,4,0.42645458358136
722373,1,1,8,689.5122616250243
722375,1,1,3,88.52344857825292
722376,1,1,9,525.3607415120853
722406,1,1,10,669.45402569378
722412,1,1,8,780.3240677792227
722415,1,1,9,235.58886033679343
722424,1,1,5,0.42645457969393247
722433,1,1,9,853.2248442274214
722442,1,1,9,757.5445703679522
722443,1,1,9,707.5284650037963
722444,1,1,8,543.4844353600498
722446,1,1,7,67.14280698957647
722455,1,1,9,432.9483635052132
722463,1,1,1,364.8109566990944
722479,1,1,3,85.52215819164765
722480,1,1,4,0.42645458358136
722497,1,1,6,435.553434754641
722504,1,1,10,263.90598921316086
722506,1,1,1,587.9940033607177
722507,1,1,1,602.5381017805965
722508,1,1,9,484.3560150372708
722513,1,1,6,739.7061717224591
722526,1,1,1,470.9156998849315
722527,1,1,10,204.7471092207465
722532,1,1,4,0.42645458358136
722552,1,1,1,398.3546134214802
722565,1,1,8,747.2189391651407
722604,1,1,2,375.9544450132607
722606,1,1,9,540.515280841834
722608,1,1,8,785.8600715101256
722619,1,1,8,415.55471057988296
722627,1,1,10,616.1449795489998
722648,1,1,6,605.1508060456098
722653,1,1,2,488.6017687521979
722655,1,1,9,815.4812653358537
722670,1,1,10,370.1195311077557
722672,1,1,9,607.1121987839124
722684,1,1,3,70.62652627483078
722691,1,1,5,0.42645457969393247
722693,1,1,6,778.8222532134657
722695,1,1,6,547.2559022903529
722696,1,1,10,693.6509535661502
722698,1,1,8,321.06552942735374
722704,1,1,9,806.1777924169276
722717,1,1,6,666.2647551077517
722719,1,1,9,882.5121166567556
722729,1,1,8,227.5241284091332
722773,1,1,10,230.7473054891617
722784,1,1,6,431.53485948933934
722785,1,1,4,0.42645458358136
722793,1,1,2,237.29525169143318
722794,1,1,10,705.989039332383
722802,1,1,7,168.84726211255312
722825,1,1,7,155.75312359984233
722827,0,1,0,0.18506850667507896
722841,1,1,6,556.8226305942691
722842,1,1,4,0.42645458358136
722851,1,1,6,772.1982556429385
722858,1,1,6,316.4588987682587
722862,1,1,9,601.6364184088231
722864,1,1,10,590.0651748605834
722865,1,1,1,716.1941669494965
722871,1,1,9,467.91951140709574
722879,1,1,5,0.42645457969393247
722893,1,1,5,0.42645457969393247
722898,1,1,7,136.26130705927804
722916,1,1,9,366.71330535111576
722920,1,1,4,0.42645458358136
722922,1,1,5,0.42645457969393247
722924,1,1,9,642.6055534198453
722927,1,1,5,0.42645457969393247
722929,1,1,10,720.0246585412431
722935,1,1,10,262.73553270115804
722938,1,1,5,0.42645457969393247
722945,1,1,6,789.9310211507109
722949,1,1,1,704.6038324124288
722960,1,1,8,567.0963917060601
722988,1,1,5,0.42645457969393247
723023,1,1,5,0.42645457969393247
723024,1,1,1,462.16705607976576
723034,1,1,9,861.481883209182
723038,1,1,8,552.2418194265564
723043,1,1,7,81.49817790696999
723057,1,1,5,0.42645457969393247
723077,1,1,5,0.42645457969393247
723084,1,1,10,441.2562473483634
723095,1,1,9,35.050766077649946
723110,1,1,4,0.42645458358136
723112,1,1,10,255.7733120251078
723128,1,1,5,0.42645457969393247
723129,1,1,6,793.7587949289629
723137,1,1,10,511.6534531231911
723145,1,1,9,616.8627047709408
723147,1,1,5,0.42645457969393247
723152,1,1,9,157.04395175550283
723168,1,1,6,672.7444808039272
723199,1,1,10,609.3260533207923
723207,1,1,9,815.1421003128343
723212,1,1,4,0.4264545919581291
723213,1,1,9,884.8595142459268
723216,1,1,5,0.42645457969393247
723228,1,1,4,0.42645458358136
723264,1,1,4,0.42645458358136
723265,1,1,2,247.09479348195842
723266,1,1,10,533.6254156674587
723288,1,1,10,392.3229738135986
723294,1,1,7,11.745269413195507
723295,1,1,4,0.42645458358136
723310,1,1,6,606.3751760822944
723311,1,1,4,0.42645458358136
723313,1,1,8,203.57986764880505
723314,1,1,9,582.0502940448822
723323,1,1,9,762.1463724166747
723327,1,1,9,612.8073720235058
723334,1,1,5,0.42645457969393247
723341,1,1,6,721.6437363358316
723349,1,1,3,66.04498079327013
723354,1,1,9,810.1204313088302
723358,1,1,8,170.40044042881598
723361,1,1,2,451.0390494690294
723371,1,1,4,0.42645458358136
723386,1,1,8,568.5034347682109
723389,1,1,6,466.8979656947915
723399,1,1,8,451.62084564751507
723404,1,1,9,638.295296065391
723409,1,1,6,543.2704803316768
723416,1,1,7,171.4138251777298
723423,1,1,10,524.8249760041869
723426,1,1,9,620.9902340658128
723435,1,1,1,224.20187324309092
723447,1,1,6,272.53319248099
723459,1,1,9,890.326866255597
723463,1,1,6,684.6006316006147
723467,1,1,6,192.3450400493037
723470,1,1,10,698.3142685164311
723486,1,1,9,821.8575771528695
723496,1,1,6,408.2963759599709
723504,1,1,8,408.2947000468195
723510,1,1,4,0.42645458358136
723520,1,1,5,0.42645457969393247
723543,1,1,9,246.4747533725891
723545,1,1,1,587.2489120800565
723554,1,1,5,0.42645457969393247
723557,1,1,1,627.3363372780959
723570,1,1,8,542.8669785302916
723572,1,1,10,720.738084430871
723600,1,1,8,501.49377707306644
723604,1,1,10,254.3398643117759
723614,1,1,10,296.21558601170517
723644,1,1,10,457.80409319277857
723647,1,1,9,784.6206665771211
723649,1,1,9,456.79526972157834
723653,0,1,0,0.24900136386955726
723662,1,1,1,464.26070435319826
723687,1,1,8,723.1514457438526
723702,1,1,8,642.7834241824446
723711,1,1,1,167.7732526823788
723721,1,1,6,697.4856824362017
723722,1,1,8,213.23016402217564
723726,1,1,4,0.42645458358136
723727,1,1,8,472.0357664644478
723731,1,1,7,91.78032294520422
723741,1,1,9,176.03021464386856
723742,1,1,9,577.2644902974735
723747,1,1,9,832.0832836594415
723760,1,1,7,165.8184203544901
723762,1,1,2,99.39774674840552
723786,1,1,10,131.23717540671768
723787,1,1,6,182.83147570754454
723794,1,1,10,270.64576358162014
723797,1,1,6,293.2861611151726
723811,1,1,8,778.9009457342755
723814,1,1,3,89.09394047931292
723818,1,1,6,778.7241630386668
723823,1,1,9,488.0594754973361
723849,1,1,7,90.92599216004274
723851,1,1,2,349.7803413345908
723858,1,1,9,739.1419257536979
723860,1,1,5,0.42645457969393247
723887,1,1,6,620.7708796752439
723897,1,1,5,0.42645457969393247
723922,1,1,9,682.3209450416394
723923,1,1,4,0.42645458358136
723930,1,1,9,78.88442684332958
723945,1,1,9,333.0643128856087
723946,1,1,5,0.42645457969393247
723949,1,1,10,540.2637343508952
723951,1,1,8,366.0808225441645
723961,1,1,3,91.79037720565941
723985,1,1,10,422.8675559275801
723990,1,1,9,873.4938004104956
723994,1,1,8,942.2738145758078
723995,1,1,6,777.7157695716005
723999,1,1,1,608.3120941090215
724003,1,1,2,330.851454419958
724014,1,1,7,143.49158661790335
724018,1,1,6,745.0525008811123
724039,1,1,5,0.42645457969393247
724047,1,1,9,387.96020596054393
724052,1,1,2,180.49264855422265
724055,1,1,9,860.7510395081154
724061,1,1,9,747.6292710068396
724079,1,1,6,276.0303477649052
724095,1,1,6,777.0775806642464
724099,1,1,9,592.6724281080478
724104,1,1,4,0.42645458358136
724106,1,1,8,760.9256774188287
724108,1,1,1,715.2495203975101
724134,1,1,4,0.42645458358136
724142,1,1,7,145.3481423562508
724172,1,1,8,834.06785198252
724173,1,1,8,725.9437907424024
724180,1,1,8,213.93116377172248
724186,1,1,9,669.5999601102582
724188,1,1,5,0.42645457969393247
724190,1,1,9,850.7477810897399
724222,1,1,8,349.47191116133195
724223,1,1,6,319.4107914334448
724231,1,1,1,260.5393870790883
724245,1,1,10,457.24678979118266
724257,1,1,9,576.6421569752553
724258,1,1,9,616.4870467132812
724286,1,1,8,320.75052685943734
724304,1,1,8,707.0175465432848
724310,1,1,8,537.4802881505342
724311,1,1,5,0.42645456789925423
724359,1,1,5,0.42645456789925423
724377,1,1,10,183.1301854152882
724388,1,1,4,0.42645458358136
724391,1,1,6,573.8079802072879
724400,1,1,6,788.9949792911397
724412,1,1,8,242.21272105092262
724422,1,1,4,0.42645458358136
724423,1,1,8,533.2697940363694
724437,1,1,4,0.42645458358136
724440,1,1,5,0.42645457969393247
724458,1,1,10,698.1424759078094
724465,1,1,5,0.42645457969393247
724470,1,1,10,316.8906213392367
724475,1,1,9,566.6522133317939
724482,1,1,8,614.3147109858958
724495,1,1,7,99.94947589083152
724504,1,1,9,610.0354245008706
724517,1,1,5,0.42645457969393247
724520,1,1,6,404.510584790625
724524,1,1,3,78.99836129164939
724529,1,1,1,683.6214086777069
724532,1,1,2,212.44182044858667
724537,1,1,10,127.14068428835844
724558,1,1,5,0.42645457969393247
724559,1,1,5,0.42645457969393247
724573,1,1,5,0.42645457969393247
724580,1,1,4,0.42645458358136
724597,1,1,8,918.2778717236376
724608,1,1,10,619.0175194687956
724631,1,1,8,547.0802079520313
724635,1,1,10,321.1657049852997
724640,1,1,3,75.52536370029196
724643,1,1,1,742.795764862563
724651,1,1,9,359.0030362641767
724664,1,1,4,0.42645458358136
724670,1,1,6,338.7467097946923
724677,1,1,4,0.42645458358136
724691,1,1,5,0.42645457969393247
724698,1,1,8,569.2212852844895
724700,1,1,1,639.1985124260464
724705,1,1,4,0.42645458358136
724708,1,1,7,144.75851395863344
724711,1,1,8,626.0808384633283
724727,1,1,6,618.152622968604
724731,1,1,4,0.42645458358136
724740,1,1,2,208.13807542053067
724798,1,1,1,544.1377607853608
724808,1,1,4,0.42645458358136
724822,1,1,8,389.21764331156817
724824,1,1,3,92.81473025978823
724833,1,1,7,89.95053306028649
724834,1,1,5,0.42645457969393247
724841,1,1,6,521.890918601943
724850,1,1,6,799.8152966059621
724863,1,1,9,479.7324356226615
724866,1,1,5,0.42645457969393247
724878,1,1,4,0.42645458358136
724879,1,1,3,44.74954676779864
724884,1,1,9,162.4030177669186
724902,1,1,4,0.42645458358136
724915,1,1,5,0.42645457969393247
724921,1,1,6,723.9653104764793
724925,1,1,10,409.78385649871944
724947,1,1,4,0.4264545919581291
724997,1,1,5,0.42645456789925423
725008,1,1,10,650.6980256059179
725023,1,1,10,463.67585086565765
725045,1,1,7,66.73792287658864
725067,1,1,10,376.2039293751481
725086,1,1,2,395.65425575959773
725087,1,1,8,281.36486869290616
725095,1,1,5,0.42645457969393247
725100,1,1,9,754.3837352469726
725106,1,1,9,725.2911981965508
725111,1,1,8,698.2833278211392
725112,1,1,6,643.139222256676
725125,1,1,8,508.58768594871486
725139,1,1,9,678.9022105571743
725143,1,1,9,859.7650455886769
725169,1,1,10,546.0715335554435
725175,1,1,8,728.9400764378645
725180,1,1,10,327.88481580242365
725189,1,1,4,0.42645458358136
725197,1,1,2,318.74947598060004
725206,1,1,9,381.25998836051724
725208,1,1,7,78.53329366488153
725209,1,1,6,797.7450303894465
725217,1,1,9,500.3675968603306
725226,1,1,8,387.4822871504546
725242,1,1,10,450.72130212573296
725251,1,1,10,455.6797049782642
725296,1,1,5,0.42645457969393247
725321,1,1,4,0.42645458358136
725338,1,1,5,0.42645457969393247
725348,1,1,9,203.22613431054998
725350,1,1,6,772.9537738559981
725352,1,1,10,157.33601681644112
725354,1,1,2,93.2414326823257
725372,1,1,8,375.6154315026016
725385,1,1,5,0.42645457969393247
725404,1,1,4,0.42645458358136
725412,1,1,4,0.42645458358136
725415,1,1,1,404.31845513358013
725416,1,1,7,138.75389129061958
725434,1,1,8,595.7572762469779
725440,1,1,6,759.4054451309721
725445,1,1,10,498.8283381025954
725454,1,1,9,429.3880108362706
725458,1,1,9,577.8096520829321
725474,1,1,10,499.00689726385684
725510,1,1,10,493.5125220951977
725531,1,1,8,343.6414351144946
725550,1,1,9,619.7783735335979
725558,1,1,6,455.8383114205435
725559,1,1,1,475.3342702979632
725569,1,1,9,603.0324103041655
725573,1,1,10,722.1207295098598
725583,1,1,8,409.25721755300475
725584,1,1,5,0.42645457969393247
725608,1,1,5,0.42645457969393247
725610,1,1,8,417.8813445011106
725619,1,1,10,300.45438463711594
725626,1,1,8,169.88996857066124
725631,1,1,10,561.1040997487711
725652,1,1,9,520.2724711316041
725667,1,1,9,324.2695129038379
725669,1,1,2,470.9392351600051
725670,1,1,10,158.5269214718416
725681,1,1,6,284.0244488667951
725690,1,1,1,415.42989121550534
725698,1,1,3,89.22482807915988
725702,1,1,4,0.42645458358136
725707,1,1,5,0.42645457969393247
725720,1,1,3,92.28078172746531
725721,1,1,4,0.42645458358136
725731,1,1,5,0.42645457969393247
725740,1,1,4,0.42645458358136
725744,1,1,7,71.03418962732603
725746,1,1,8,651.5939167826423
725750,1,1,4,0.42645458358136
725758,1,1,10,558.3527532523223
725768,1,1,8,426.6367032020724
725785,1,1,6,511.3675129319068
725796,1,1,1,603.4519887813258
725801,1,1,5,0.42645457969393247
725814,1,1,9,448.48202782736684
725819,1,1,5,0.42645457969393247
725825,1,1,8,513.3362893390873
725835,1,1,8,204.68539252300323
725840,1,1,10,721.918768918231
725845,1,1,4,0.42645458358136
725852,1,1,2,406.3215071280132
725856,1,1,1,304.99283479179866
725870,1,1,4,0.42645458358136
725877,1,1,5,0.42645457969393247
725879,1,1,8,617.9118595102983
725884,1,1,5,0.42645457969393247
725888,1,1,10,528.7667223024544
725900,1,1,7,65.95721465326774
725902,1,1,6,424.807616778705
725904,1,1,6,582.5851376327615
725908,1,1,6,200.3843129854526
725926,1,1,7,57.20958497292538
725939,1,1,4,0.42645458358136
725947,1,1,10,550.6744374203645
725960,1,1,9,884.7516262606156
725971,1,1,4,0.42645458358136
725972,1,1,9,503.0252107498477
725976,1,1,8,442.35775688748845
725978,1,1,3,73.32828294979953
726004,1,1,4,0.42645458358136
726010,1,1,8,254.9663270486196
726011,1,1,4,0.42645458358136
726024,1,1,3,82.42981137864061
726025,1,1,6,538.1930923563865
726026,1,1,10,422.1608275788697
726027,1,1,4,0.42645458358136
726036,1,1,7,97.73825844634511
726059,1,1,9,856.5756425687046
726070,1,1,8,870.7211050152291
726100,1,1,8,757.3420856288886
726109,1,1,10,463.30197059083685
726110,1,1,6,391.3770585819221
726121,1,1,9,602.3662121263917
726129,1,1,6,313.02631073179913
726150,1,1,7,29.426664109088897
726158,1,1,3,91.77854195159762
726163,1,1,4,0.42645458358136
726187,1,1,9,709.0741593242863
726205,1,1,2,77.40541279112979
726211,1,1,9,671.9251048553803
726216,1,1,10,398.3137179776496
726239,1,1,6,728.6516196749893
726244,1,1,8,224.30871203156568
726252,1,1,9,609.8341032041532
726259,1,1,8,516.9219183842004
726262,1,1,9,722.7198043112666
726290,1,1,4,0.42645458358136
726294,1,1,5,0.42645457969393247
726295,1,1,8,728.6182645157971
726300,1,1,9,566.0783488084421
726303,1,1,9,793.5795176977646
726309,1,1,4,0.42645458358136
726311,1,1,1,349.3442926750157
726314,1,1,6,591.9039192179574
726319,1,1,4,0.42645458358136
726323,1,1,5,0.42645457969393247
726338,1,1,8,739.6502927559143
726343,1,1,3,92.72442227267949
726366,1,1,9,806.4312627274214
726367,1,1,10,418.2648040135685
726392,1,1,5,0.42645457969393247
726395,1,1,3,90.3162438596176
726397,1,1,5,0.42645457969393247
726411,1,1,9,831.6033905799561
726424,1,1,8,822.6096547882477
726436,1,1,7,51.825316876973304
726449,1,1,1,448.8426718304645
726465,1,1,6,735.786597804513
726470,1,1,10,458.43735430293634
726474,1,1,10,463.7829389714088
726489,1,1,7,35.15603236163859
726549,1,1,5,0.42645457969393247
726583,1,1,7,89.10157157991681
726587,1,1,6,471.709883327227
726598,1,1,4,0.42645458358136
726607,1,1,2,223.3602701156833
726617,1,1,6,262.1338356464242
726619,1,1,8,770.815979415577
726621,1,1,8,533.1066172534056
726636,1,1,6,658.6997626371641
726640,1,1,7,125.46195356298377
726665,1,1,4,0.42645458358136
726674,1,1,6,363.9838195110276
726682,1,1,9,553.8894457635903
726683,1,1,1,731.6040062103403
726684,1,1,4,0.42645458358136
726686,1,1,9,610.2646363389637
726689,0,1,0,0.15740340809806444
726696,1,1,5,0.42645457969393247
726697,1,1,9,448.39559761606233
726710,1,1,6,775.3662578603544
726718,1,1,8,662.7104337563632
726723,1,1,10,593.7588361838355
726731,1,1,9,603.3585362229506
726733,1,1,4,0.42645458358136
726762,1,1,6,803.4085056392041
726764,1,1,5,0.42645457969393247
726780,1,1,5,0.42645457969393247
726783,1,1,9,488.6978606955424
726784,1,1,5,0.42645457969393247
726785,1,1,1,594.1159477249414
726801,1,1,3,93.07381212213771
726833,1,1,10,659.5972769187273
726841,1,1,9,834.2887315572443
726842,1,1,5,0.42645456789925423
726843,1,1,10,338.514496229533
726855,1,1,10,702.2841908895754
726856,1,1,6,620.9933850941019
726874,1,1,6,586.7756480901866
726902,1,1,9,610.0324793593367
726935,1,1,6,555.7284870393197
726941,1,1,7,169.32226805527412
726942,1,1,8,833.8432194613475
726944,1,1,10,246.75564351799247
726962,1,1,1,237.61577971545177
726974,1,1,9,606.231887436176
727022,1,1,6,521.9787632597706
727029,1,1,9,866.6550901506079
727049,1,1,10,719.6465245450904
727061,1,1,6,405.74877823266235
727070,1,1,4,0.42645458358136
727071,1,1,7,70.74394182517138
727093,1,1,5,0.42645457969393247
727102,1,1,3,92.28736274764465
727105,1,1,10,695.247965390661
727131,1,1,9,669.8760373004706
727151,1,1,5,0.42645457969393247
727156,1,1,9,705.164220867633
727161,1,1,10,105.38263488759182
727166,1,1,4,0.42645458358136
727184,1,1,4,0.42645458358136
727188,1,1,10,306.76629789433883
727198,1,1,5,0.42645457969393247
727224,1,1,1,626.5285641988794
727242,1,1,5,0.42645457969393247
727243,1,1,8,591.4674900232174
727258,1,1,5,0.42645456789925423
727259,1,1,5,0.42645456789925423
727269,1,1,5,0.42645457969393247
727272,1,1,6,408.27331783219427
727289,1,1,5,0.42645457969393247
727290,1,1,8,820.4325208688189
727306,1,1,4,0.42645458358136
727310,1,1,4,0.42645458358136
727320,1,1,8,536.7619303697332
727337,1,1,10,325.19009018761886
727345,1,1,2,377.2668677374873
727380,1,1,1,546.5401771894623
727389,1,1,5,0.42645457969393247
727390,1,1,5,0.42645457969393247
727407,1,1,6,217.76793102672542
727423,1,1,9,865.7285925672296
727425,1,1,1,299.0160699612329
727438,1,1,6,587.6092506493916
727446,1,1,4,0.42645458358136
727463,1,1,8,185.28100784203926
727465,1,1,6,506.6395915326741
727468,1,1,9,815.5569580728253
727486,1,1,10,537.0603831165031
727503,1,1,10,416.5104926382994
727516,1,1,9,777.6753915632632
727528,1,1,9,847.9607571143823
727530,1,1,7,77.08831057285602
727531,1,1,8,782.0335687234398
727537,1,1,2,124.45359332262825
727538,1,1,9,889.7673682784131
727547,1,1,8,567.857307097196
727548,1,1,5,0.42645457969393247
727558,1,1,9,828.7750084891424
727565,1,1,7,162.1281374275041
727568,1,1,8,611.8528408778639
727579,1,1,4,0.42645458358136
727584,1,1,4,0.42645458358136
727597,1,1,5,0.42645457969393247
727601,1,1,10,471.511376497487
727615,1,1,9,461.3729487615165
727618,1,1,5,0.42645457969393247
727638,1,1,1,599.365178515586
727646,1,1,4,0.42645458358136
727650,1,1,7,88.08955301060203
727651,1,1,6,547.7283027264904
727656,1,1,9,778.3074009162444
727658,1,1,6,788.8590694587523
727668,1,1,5,0.42645457969393247
727680,1,1,6,333.0527620381762
727705,1,1,9,115.42613136634144
727706,1,1,8,572.0217021854788
727711,1,1,10,536.8155330691687
727732,1,1,6,475.86467750352705
727744,1,1,8,375.9046408944484
727754,1,1,8,151.2800909739262
727757,1,1,2,322.2964763826422
727769,0,1,0,0.24964127388830074
727777,1,1,6,243.74416210302888
727779,1,1,3,91.63787790629047
727787,1,1,9,853.2189879047413
727792,1,1,6,476.7365126044292
727809,1,1,4,0.42645458358136
727815,1,1,10,313.69095638136537
727816,1,1,8,677.2567603976337
727819,1,1,8,523.4508021063408
727826,1,1,6,486.27815405492623
727833,1,1,4,0.42645458358136
727840,1,1,3,87.97839563031386
727847,1,1,9,663.0452055686088
727848,1,1,5,0.42645457969393247
727853,0,1,0,0.14031540996801922
727857,1,1,9,153.61881780599734
727863,1,1,10,510.36732577590317
727867,1,1,8,443.299013864222
727868,1,1,6,549.3851088580745
727870,1,1,8,780.1906151751822
727876,1,1,10,545.1651711763808
727882,1,1,1,438.18840894654346
727894,1,1,8,885.4938624880632
727896,1,1,8,735.0254331365065
727900,1,1,10,363.2731343513903
727901,1,1,9,297.92534519803763
727927,1,1,9,826.0572921893963
727929,1,1,3,92.37437227774166
727931,1,1,6,650.7969856404085
727932,1,1,5,0.42645457969393247
727943,1,1,9,488.1189818202629
727950,1,1,10,502.4648015107755
727965,1,1,6,193.06554403912946
727967,1,1,8,368.99463915290994
727978,1,1,8,865.3526837376605
727987,1,1,9,596.6453136451489
727991,1,1,4,0.42645458358136
727997,1,1,5,0.42645457969393247
728003,1,1,3,46.815021323029384
728009,1,1,1,591.9338534619322
728020,1,1,2,363.73032467354625
728057,1,1,8,552.1694005232962
728060,1,1,4,0.42645458358136
728075,1,1,9,448.75299629520543
728105,1,1,4,0.42645458358136
728109,1,1,9,557.5019662240536
728121,1,1,7,85.53836917378212
728134,1,1,9,215.67596425500594
728149,1,1,4,0.42645458358136
728162,1,1,5,0.42645457969393247
728163,1,1,4,0.42645458358136
728182,1,1,4,0.42645458358136
728191,1,1,5,0.42645457969393247
728202,1,1,9,412.45687532975484
728224,1,1,5,0.42645457969393247
728228,1,1,8,381.0779601969864
728236,1,1,1,739.5060224948178
728241,1,1,6,216.3596629067432
728243,1,1,8,687.5341489327104
728247,1,1,8,538.7679780720306
728253,1,1,10,720.2826532424883
728260,1,1,4,0.42645458358136
728287,1,1,4,0.42645458358136
728293,1,1,10,346.9921704509746
728315,1,1,9,686.1512373184664
728319,1,1,7,167.71275275776725
728323,1,1,6,510.5899588923281
728339,1,1,10,657.3236914508034
728356,1,1,5,0.42645457969393247
728359,1,1,8,693.3161988420269
728381,1,1,8,168.02784851229762
728406,1,1,9,238.68018352375313
728407,1,1,8,265.4996188090756
728416,1,1,4,0.4264545919581291
728420,1,1,5,0.42645457969393247
728425,1,1,6,336.06409530064093
728466,1,1,5,0.42645457969393247
728476,1,1,6,407.0278226443008
728507,1,1,8,879.2348192154557
728530,1,1,6,326.1691615998465
728542,1,1,6,582.4499945526954
728547,1,1,10,471.4481502458505
728558,1,1,10,419.99608731390987
728559,1,1,5,0.42645457969393247
728561,1,1,4,0.42645458358136
728562,1,1,9,588.412380832898
728571,1,1,5,0.42645457969393247
728574,1,1,6,498.7327929267361
728604,1,1,8,501.13290285476796
728605,1,1,9,659.9911866345697
728614,1,1,3,88.34710427611951
728616,1,1,9,889.8611749553833
728628,1,1,6,721.4557292091083
728633,1,1,10,321.04306636595425
728635,1,1,3,80.61402656322798
728638,1,1,4,0.42645458358136
728652,1,1,8,893.5112665980647
728685,1,1,8,354.705731743865
728697,1,1,4,0.42645458358136
728706,1,1,9,536.610410514749
728719,1,1,9,293.9781701411736
728744,1,1,5,0.42645457969393247
728753,1,1,4,0.42645458358136
728759,1,1,9,825.5390227242825
728779,1,1,1,538.5223795369926
728784,1,1,4,0.4264545919581291
728795,1,1,9,529.9615305555938
728801,1,1,7,174.76493133777387
728802,1,1,2,164.49736921165578
728812,1,1,4,0.42645458358136
728821,1,1,9,793.9000547969124
728822,1,1,1,584.5690456816999
728839,1,1,4,0.42645458358136
728842,1,1,6,411.0237057917872
728850,1,1,10,486.4327199494491
728852,1,1,7,77.70452875901097
728854,1,1,5,0.42645457969393247
728861,1,1,8,196.95999876573038
728864,1,1,6,332.99456815567396
728866,1,1,8,518.487600375409
728868,1,1,4,0.42645458358136
728874,1,1,5,0.42645457969393247
728879,1,1,1,703.1820794574248
728899,1,1,9,154.1529735589097
728902,1,1,10,295.42218150401163
728908,1,1,4,0.42645458358136
728922,1,1,4,0.42645458358136
728955,1,1,9,399.15070853371475
728958,1,1,1,226.97778568525257
728959,1,1,4,0.42645458358136
728964,1,1,1,586.941714046385
728969,1,1,9,737.3280785342558
728972,1,1,9,208.80334526758168
728982,1,1,8,311.6415706009767
728999,1,1,1,422.8001147770717
729010,1,1,10,694.8625239755222
729012,1,1,8,667.2311804094952
729015,1,1,6,564.1638341254575
729025,1,1,10,720.3071848156726
729027,1,1,6,272.0523254469191
729030,1,1,8,563.7928703665676
729036,1,1,10,715.420191777245
729069,1,1,10,550.4930939833848
729080,1,1,9,503.72612539689254
729088,1,1,9,409.0995341850986
729099,1,1,5,0.42645457969393247
729120,1,1,10,642.0027719832759
729123,1,1,5,0.42645457969393247
729126,0,1,0,0.21967983848288586
729128,1,1,4,0.42645458358136
729143,1,1,9,174.1106602277332
729157,1,1,4,0.42645458358136
729160,1,1,1,760.1091433526724
729170,1,1,10,286.0446788800473
729171,1,1,9,872.753678244706
729209,1,1,6,139.6358752097085
729211,1,1,8,643.6335992658423
729216,1,1,5,0.42645457969393247
729225,1,1,6,190.078657350441
729250,1,1,9,77.43254739974556
729252,1,1,5,0.42645457969393247
729264,1,1,10,378.8158338449293
729268,1,1,4,0.42645458358136
729286,1,1,8,369.39976778196694
729288,1,1,8,869.645524819294
729302,1,1,4,0.42645458358136
729317,1,1,4,0.42645458358136
729323,1,1,6,477.9858150658875
729334,1,1,4,0.4264545919581291
729367,1,1,1,763.3348117231324
729380,1,1,5,0.42645457969393247
729395,1,1,9,864.4967635342455
729425,1,1,8,355.5174363940312
729433,1,1,8,500.74769378285873
729450,1,1,4,0.42645458358136
729465,1,1,8,444.29438067767165
729470,1,1,6,392.0626721650577
729471,1,1,5,0.42645457969393247
729483,1,1,4,0.42645458358136
729486,1,1,6,558.0216555054814
729502,1,1,5,0.42645457969393247
729542,1,1,9,644.2346073414651
729547,1,1,9,251.55398076349434
729554,1,1,10,83.34487004835482
729557,1,1,6,764.4390948202066
729558,1,1,9,431.32764428601695
729565,1,1,9,564.5321332001645
729576,1,1,7,14.026434956993311
729580,1,1,5,0.42645457969393247
729581,1,1,10,222.6369381070948
729592,1,1,5,0.42645457969393247
729593,1,1,5,0.42645457969393247
729600,1,1,3,87.46742460706555
729603,1,1,10,512.1239295368662
729604,1,1,10,90.50346858400052
729628,1,1,4,0.42645458358136
729650,1,1,9,360.9214576377503
729667,1,1,2,269.2758668132005
729678,1,1,2,74.64902399558981
729683,1,1,4,0.42645458358136
729697,1,1,7,60.52412449800524
729706,1,1,5,0.42645456789925423
729710,1,1,9,279.0214803621809
729715,1,1,8,571.4080019984192
729747,1,1,3,92.6667876342773
729748,1,1,7,136.6883556833034
729755,1,1,5,0.42645457969393247
729760,1,1,10,283.2442533498821
729774,1,1,6,239.8524179041812
729776,1,1,6,364.97346947899314
729786,1,1,5,0.42645457969393247
729787,1,1,4,0.42645458358136
729788,1,1,6,323.25542660925885
729835,1,1,2,88.636943869361
729844,1,1,7,48.882354807319444
729849,1,1,2,454.9398317191539
729855,1,1,7,48.06952071999119
729860,1,1,8,699.0685398911758
729862,1,1,2,470.1736000104571
729871,1,1,3,81.89837734942282
729878,1,1,5,0.42645457969393247
729882,1,1,6,659.2420358086758
729889,1,1,8,697.2045557776303
729890,1,1,8,502.9987126912025
729894,1,1,4,0.42645458358136
729898,1,1,5,0.42645457969393247
729904,1,1,5,0.42645457969393247
729906,1,1,5,0.42645457969393247
729907,1,1,5,0.42645457969393247
729927,1,1,10,307.32231361661326
729938,1,1,9,765.0726116211969
729946,1,1,4,0.42645458358136
729956,1,1,6,721.896213935624
729960,1,1,8,732.6768989687134
729976,1,1,9,617.4911733838684
729993,1,1,2,343.8969375137555
729997,1,1,9,864.4230542186061
730011,1,1,4,0.42645458358136
730013,1,1,3,88.22345218193172
730032,1,1,5,0.42645457969393247
730034,1,1,8,660.137623727168
730047,1,1,1,446.26748896884936
730055,1,1,8,854.4413621098192
730090,1,1,7,172.18110015537738
730116,1,1,8,192.14348411657548
730118,1,1,6,444.7208682805215
730136,1,1,10,546.7440078399319
730137,1,1,5,0.42645457969393247
730138,1,1,8,466.4113923364976
730166,1,1,6,786.1275709366703
730168,1,1,2,62.57118981223657
730172,1,1,9,569.435618907794
730190,1,1,9,486.57960071587723
730207,1,1,1,301.43496510919204
730219,1,1,9,689.359295645531
730225,1,1,8,636.8520040678293
730256,1,1,1,574.5369744021292
730271,1,1,4,0.42645458358136
730303,1,1,9,825.0208435724464
730310,1,1,5,0.42645457969393247
730324,1,1,8,301.0371055208589
730335,1,1,6,254.17236013644597
730337,1,1,6,437.6254916144037
730339,1,1,10,600.8227778854067
730351,1,1,6,245.02941730995636
730370,1,1,6,702.352253965402
730373,1,1,9,813.332987735153
730400,1,1,5,0.42645457969393247
730412,1,1,9,218.03786947800725
730414,1,1,4,0.42645458358136
730432,1,1,4,0.42645458358136
730443,1,1,9,831.0845901572892
730452,1,1,1,663.5174313379987
730453,1,1,9,551.8859792347928
730471,1,1,9,765.1295651300909
730472,1,1,8,800.0309838604448
730482,1,1,1,603.1854053085043
730483,1,1,1,723.3291696202251
730485,1,1,1,562.962099360843
730494,1,1,9,693.2269318037295
730507,1,1,2,268.8442893792259
730510,1,1,1,754.8352758561031
730516,1,1,6,509.4998146403072
730533,1,1,10,520.5622873768027
730548,1,1,5,0.42645457969393247
730572,1,1,10,459.68490315967375
730591,1,1,6,627.0248977759283
730592,1,1,8,150.47103219657257
730596,1,1,9,487.0378910372494
730598,1,1,2,163.22322791851423
730607,1,1,9,855.6090342835633
730612,1,1,8,454.5711858294104
730632,1,1,7,143.8670798721894
730634,1,1,8,384.83960691686315
730635,1,1,4,0.42645458358136
730649,1,1,8,485.64469315640747
730664,1,1,1,400.6062275777431
730694,1,1,6,779.5287288261991
730696,1,1,10,446.51682178906174
730702,1,1,10,388.8463788672381
730704,0,1,0,0.0946483023071581
730722,1,1,9,154.139408565905
730723,1,1,9,455.7198740693966
730726,1,1,4,0.42645458358136
730745,1,1,10,294.85174822582155
730748,1,1,9,810.4467015826601
730751,1,1,10,720.0875963854337
730766,1,1,9,22.46477198216985
730772,1,1,6,276.6515707579063
730780,1,1,10,501.5829617474823
730789,1,1,4,0.42645458358136
730792,1,1,8,202.49547281115431
730794,1,1,4,0.42645458358136
730795,1,1,6,328.1764997074207
730798,1,1,5,0.42645457969393247
730800,1,1,8,893.5776439697706
730815,1,1,7,69.55337436178199
730816,1,1,4,0.42645458358136
730827,1,1,1,188.9713099322858
730828,1,1,4,0.42645458358136
730849,1,1,6,728.4908341249004
730854,1,1,4,0.42645458358136
730857,1,1,6,780.8871621657888
730871,1,1,1,606.2668219395123
730876,1,1,6,538.4271901153154
730880,1,1,9,592.4635251675817
730882,1,1,7,54.02331696906595
730905,1,1,6,778.7469620188451
730913,1,1,5,0.42645456789925423
730928,1,1,1,594.1884057475934
730930,1,1,9,801.0798956086123
730932,1,1,8,433.00667188222536
730942,1,1,8,223.6123685740898
730943,1,1,6,416.0931136318933
730953,1,1,4,0.42645458358136
730981,1,1,5,0.42645457969393247
730986,1,1,9,699.687581168328
730990,1,1,8,835.0567887553842
731000,1,1,8,379.2233376088448
731011,1,1,4,0.42645458358136
731013,1,1,5,0.42645457969393247
731037,1,1,10,136.2774880873733
731044,1,1,2,328.896734660109
731046,1,1,5,0.42645457969393247
731047,1,1,8,722.4500113101398
731048,1,1,4,0.42645458358136
731052,1,1,5,0.42645457969393247
731068,1,1,9,686.1830653742145
731080,1,1,1,608.3732755996842
731091,1,1,10,556.1159436847231
731099,1,1,4,0.42645458358136
731110,1,1,6,752.4811802425062
731118,1,1,2,241.2738709024522
731130,1,1,10,376.3864114672864
731149,1,1,9,607.8749911940336
731159,1,1,8,613.1084147669089
731175,1,1,8,901.8914305207252
731177,1,1,6,736.1349997191658
731190,1,1,3,45.66009637223356
731197,1,1,10,294.64766118066797
731216,1,1,5,0.42645456789925423
731225,1,1,7,17.12009279892661
731235,1,1,7,148.64032131328358
731237,1,1,9,884.1143529104764
731243,1,1,10,712.8457093078936
731246,1,1,9,860.9897089129813
731252,1,1,7,146.94102366031245
731274,1,1,5,0.42645457969393247
731286,1,1,3,81.30522784147718
731289,1,1,6,810.5521114623033
731301,1,1,10,362.81027500516944
731302,1,1,10,433.53485335378514
731333,1,1,9,849.6411818536315
731342,1,1,8,572.49454914941
731347,1,1,4,0.42645458358136
731348,1,1,5,0.42645457969393247
731365,1,1,4,0.42645458358136
731376,1,1,5,0.42645457969393247
731399,1,1,10,622.3598117168458
731410,1,1,6,787.7101561211921
731411,1,1,8,536.5968499918889
731416,1,1,8,875.7553906371335
731418,1,1,9,328.37517266246397
731422,1,1,3,89.02534850375176
731423,1,1,2,467.41765903829446
731437,1,1,5,0.42645457969393247
731447,1,1,7,154.9811423032522
731460,1,1,9,488.28606681239796
731462,1,1,4,0.42645458358136
731488,1,1,9,673.3538347058336
731493,1,1,1,561.2464341938944
731496,1,1,6,802.487184855957
731499,1,1,1,660.2098959291664
731507,1,1,4,0.4264545919581291
731520,1,1,9,819.665806153062
731528,1,1,1,722.8520566972294
731535,1,1,4,0.42645458358136
731554,1,1,9,562.9746551103908
731564,1,1,3,88.93096209822224
731571,1,1,8,671.9608630776206
731573,1,1,5,0.42645457969393247
731582,1,1,10,281.25048390766557
731596,1,1,10,157.30777476324735
731601,1,1,4,0.42645458358136
731619,1,1,10,524.8469945975805
731627,1,1,5,0.42645457969393247
731636,1,1,6,474.03187641739953
731671,1,1,10,438.47184224929515
731673,1,1,2,489.61135583646154
731675,1,1,9,434.89576046938805
731685,1,1,4,0.42645458358136
731691,1,1,10,685.2116451065625
731716,1,1,8,363.4104575547692
731732,1,1,1,358.9206216514015
731747,1,1,3,92.82072861419235
731786,1,1,5,0.42645457969393247
731802,1,1,9,616.2507124628385
731823,1,1,5,0.42645457969393247
731826,1,1,6,484.0087936690995
731840,1,1,8,482.9777878579505
731846,1,1,2,299.05323632770273
731855,1,1,8,762.7083496125855
731878,1,1,6,487.6654280413474
731882,1,1,4,0.42645458358136
731908,1,1,2,465.95462827548727
731910,1,1,8,405.6238889031716
731964,1,1,8,291.9647100841509
731965,1,1,8,198.37068278629778
732018,1,1,10,388.8375467177475
732027,1,1,6,615.4169209095486
732032,1,1,5,0.42645457969393247
732043,1,1,7,142.77293886151764
732044,1,1,6,681.4941979923422
732052,1,1,8,838.131467416533
732056,1,1,9,730.2522444684056
732063,1,1,7,139.90159677920292
732065,1,1,7,70.4676444785003
732094,1,1,5,0.42645457969393247
732100,1,1,1,534.7480866325951
732103,1,1,6,779.3489485238929
732119,1,1,5,0.42645457969393247
732138,1,1,4,0.42645458358136
732144,1,1,3,92.37102899285883
732155,1,1,9,553.7182185073269
732158,1,1,5,0.42645457969393247
732162,1,1,10,597.4251981905215
732169,1,1,4,0.42645458358136
732171,1,1,2,190.66045609218162
732174,1,1,1,701.4359224016521
732198,1,1,6,790.249874691714
732237,1,1,7,139.23377438925104
732247,1,1,9,573.4618653718705
732260,1,1,4,0.42645458358136
732268,1,1,4,0.42645458358136
732277,1,1,8,462.09111212775565
732280,1,1,4,0.42645458358136
732287,1,1,5,0.42645456789925423
732301,1,1,6,285.2609118357643
732307,1,1,1,725.7428664388533
732310,1,1,1,166.65206952281417
732321,1,1,4,0.42645458358136
732326,1,1,1,335.3580021820555
732356,1,1,10,327.008934923082
732357,1,1,7,168.92598796032036
732371,1,1,4,0.42645458358136
732385,1,1,9,819.9012080678278
732391,1,1,6,487.1804750517074
732405,1,1,1,205.7254808282645
732415,1,1,1,275.91428277360785
732426,1,1,6,633.4320883359493
732432,1,1,10,670.1058414493386
732445,0,1,0,0.21137687167393612
732448,1,1,6,807.1875564430468
732458,1,1,2,328.419909794489
732477,1,1,9,464.36432582514806
732506,1,1,10,720.2450728894138
732507,1,1,9,332.6187692383231
732509,1,1,6,606.8096339612069
732536,1,1,9,364.9308965635057
732557,1,1,9,794.496089055512
732562,1,1,5,0.42645457969393247
732570,1,1,4,0.42645458358136
732572,1,1,5,0.42645457969393247
732575,1,1,4,0.42645458358136
732581,1,1,6,534.923157138627
732582,1,1,2,332.97053193576755
732609,1,1,9,582.1914177710088
732617,1,1,9,252.36976199014285
732620,1,1,9,378.3359574347613
732623,1,1,2,286.23638715017404
732651,1,1,8,605.1304050141034
732684,1,1,9,225.38757452770497
732695,1,1,10,252.8510284010059
732708,1,1,8,885.7487731045038
732710,1,1,4,0.42645458358136
732718,1,1,10,442.49669616794324
732723,1,1,1,198.5580970173766
732727,1,1,6,731.6797622615163
732737,1,1,9,878.4409341799659
732754,1,1,7,172.79381595280768
732831,1,1,4,0.42645457969393247
732853,1,1,9,632.3285870377449
732885,1,1,9,830.8805279738892
732910,1,1,1,736.603303242757
732911,1,1,6,140.31854526137644
732913,1,1,5,0.42645457969393247
732914,1,1,8,470.52427251335314
732916,1,1,9,446.518538192227
732934,1,1,9,360.46526404422093
732936,1,1,8,336.91918809828877
732937,1,1,10,193.70454924766548
732941,1,1,8,457.2090774480025
732942,1,1,6,456.16676688192626
732946,1,1,8,488.75006652318393
732954,1,1,6,536.1499044890904
732968,1,1,9,421.7742845357334
732986,1,1,7,33.57932973704564
732993,1,1,7,90.43254996100957
733000,1,1,8,515.61145493227
733008,1,1,9,431.4953127365604
733046,1,1,3,84.3643562752473
733055,1,1,3,79.08365562217358
733063,1,1,8,338.3831421945034
733069,1,1,8,753.0373311541043
733080,1,1,6,567.7700630951309
733089,1,1,6,749.7306506527266
733100,1,1,8,324.00490479774504
733102,1,1,9,879.9822613314711
733107,1,1,5,0.42645457969393247
733109,1,1,9,882.8164828395031
733114,1,1,5,0.42645457969393247
733122,1,1,5,0.42645457969393247
733126,1,1,5,0.42645457969393247
733127,1,1,1,476.51443139852483
733135,1,1,9,211.99242787604206
733158,1,1,8,915.4380542521345
733160,1,1,9,575.9954854587683
733173,1,1,3,79.99824407204538
733175,1,1,5,0.42645457969393247
733182,1,1,4,0.42645458358136
733192,1,1,1,561.8085736440403
733210,1,1,10,304.7928555401463
733228,1,1,8,758.7948278529398
733231,1,1,5,0.42645457969393247
733234,1,1,1,618.1626312869549
733255,1,1,9,316.37439867690085
733263,1,1,7,148.9521725161754
733278,1,1,5,0.42645457969393247
733280,1,1,8,166.9890181837225
733295,1,1,8,567.2799104260546
733296,1,1,4,0.42645458358136
733301,1,1,6,164.3944175190931
733311,1,1,7,171.6142031450635
733315,1,1,7,93.29722946065755
733334,1,1,4,0.42645458358136
733346,1,1,5,0.42645457969393247
733349,1,1,10,299.0028279176407
733380,1,1,9,491.9476726507268
733385,1,1,4,0.42645458358136
733390,1,1,4,0.42645458358136
733391,1,1,6,444.3876447800274
733400,1,1,8,671.2327225245987
733410,1,1,8,678.0812017174538
733425,1,1,4,0.42645458358136
733440,1,1,4,0.42645458358136
733453,1,1,10,433.41808491220564
733475,1,1,5,0.42645457969393247
733486,1,1,9,209.22235587333262
733488,1,1,4,0.42645458358136
733490,1,1,6,666.2715033310113
733494,1,1,5,0.42645457969393247
733496,1,1,9,524.7941942898692
733520,1,1,8,326.0503284755394
733531,1,1,5,0.42645457969393247
733543,1,1,1,494.4134531947809
733547,1,1,9,883.744052246812
733550,1,1,5,0.42645457969393247
733559,1,1,9,431.65325005964644
733562,1,1,6,516.1047251483328
733563,1,1,9,315.11146209569347
733572,1,1,6,778.284648039941
733581,1,1,9,845.3581696357228
733582,1,1,1,495.41889029278184
733594,1,1,4,0.42645458358136
733610,1,1,9,444.16842741365963
733636,1,1,7,60.05355374314262
733656,1,1,6,804.6410907735844
733674,1,1,8,471.7571408927116
733678,1,1,10,720.6957987809457
733680,1,1,7,112.16985286112184
733695,1,1,9,882.3486481116693
733697,1,1,2,232.23435502049088
733699,1,1,6,487.1721072480967
733702,1,1,10,642.3762157880393
733708,1,1,9,711.3454763010833
733710,1,1,10,313.8493999898067
733711,1,1,5,0.42645457969393247
733712,1,1,7,82.29843771446603
733717,1,1,10,349.2075655459631
733724,1,1,5,0.42645457969393247
733727,1,1,2,259.941242467011
733729,1,1,6,608.2779991790125
733735,1,1,6,460.15952124816164
733736,1,1,10,332.57963440176604
733740,1,1,4,0.42645458358136
733747,1,1,8,604.8871183186609
733752,1,1,9,415.03158062529843
733764,1,1,5,0.42645457969393247
733782,1,1,10,722.7496151055642
733789,1,1,6,676.041749755386
733798,1,1,3,79.69273750061569
733809,1,1,5,0.42645457969393247
733817,1,1,2,60.344990536094045
733820,1,1,1,570.5604106596678
733836,1,1,7,140.28135889156917
733847,1,1,9,262.6489619252829
733866,1,1,10,719.2845608606391
733888,1,1,1,227.75329423797513
733899,1,1,5,0.42645457969393247
733908,1,1,2,473.0752600519351
733914,1,1,6,335.749835179765
733923,1,1,6,734.4415166904733
733930,1,1,4,0.42645458358136
733931,1,1,6,559.6916204265807
733936,1,1,4,0.42645458358136
733950,1,1,9,869.7751346548775
733954,1,1,2,443.3778023145434
733958,1,1,6,318.38980010503724
733960,1,1,2,466.9245482386477
733966,1,1,8,659.3317269866069
733975,1,1,6,627.039298487629
734009,1,1,5,0.42645457969393247
734027,1,1,8,781.1257459094955
734030,1,1,10,462.07846734895537
734050,1,1,9,838.9093949467352
734054,1,1,8,730.5904897235138
734104,1,1,8,308.0323506398401
734128,1,1,6,713.7312362370063
734133,1,1,6,526.9174701383437
734147,1,1,4,0.42645458358136
734158,1,1,1,381.6659527042304
734168,1,1,4,0.42645458358136
734186,1,1,9,652.4155777300914
734189,1,1,6,562.3061255251496
734200,1,1,5,0.42645457969393247
734212,1,1,9,230.83762102100016
734226,1,1,9,787.3742219344593
734229,1,1,5,0.42645457969393247
734231,1,1,5,0.42645456789925423
734235,1,1,10,639.6679487809685
734241,1,1,4,0.42645458358136
734244,1,1,5,0.42645457969393247
734265,1,1,4,0.42645458358136
734282,1,1,10,147.5223693250251
734302,1,1,4,0.42645458358136
734304,1,1,3,31.82898424887696
734318,1,1,2,111.10379138484237
734322,1,1,8,354.53882670233094
734323,1,1,5,0.42645457969393247
734344,0,1,0,0.24134106300765876
734355,1,1,10,460.58736694512555
734357,1,1,6,646.9754534285311
734363,1,1,9,795.2816372326624
734364,1,1,5,0.42645457969393247
734375,1,1,1,382.6380123262048
734378,1,1,6,385.80950908039796
734386,1,1,6,225.51633590522565
734391,1,1,10,719.8660087279716
734408,1,1,6,804.9999153922623
734428,1,1,8,290.92066846319415
734444,1,1,5,0.42645457969393247
734446,1,1,1,504.8361216452631
734453,1,1,8,946.0209213155588
734475,1,1,9,730.6230538967249
734476,1,1,8,823.4673523775717
734486,1,1,5,0.42645457969393247
734494,1,1,4,0.42645458358136
734499,1,1,10,150.6887078236343
734504,1,1,8,719.8956341495593
734508,1,1,5,0.42645457969393247
734531,1,1,5,0.42645456789925423
734543,1,1,5,0.42645456789925423
734545,1,1,6,513.7338080843163
734552,1,1,10,144.2679514437409
734568,1,1,10,626.4259096427528
734604,1,1,7,81.73796552177382
734635,1,1,6,524.402835783209
734643,1,1,9,875.2574892990145
734646,1,1,5,0.42645457969393247
734647,1,1,9,862.7890519172335
734648,1,1,5,0.42645457969393247
734654,1,1,8,849.8451118651351
734675,1,1,9,729.8514492548213
734677,1,1,4,0.42645458358136
734696,1,1,5,0.42645457969393247
734713,1,1,10,261.45063759772563
734718,1,1,1,626.3188967240541
734719,1,1,9,301.845365401913
734733,1,1,8,810.6295505857806
734736,1,1,6,529.2349577206509
734744,1,1,10,452.473213162213
734746,1,1,4,0.42645458358136
734752,1,1,5,0.42645457969393247
734753,1,1,4,0.42645458358136
734762,0,1,0,0.11807918298458077
734770,1,1,4,0.42645458358136
734787,1,1,8,416.7269543129099
734810,1,1,5,0.42645457969393247
734842,1,1,9,487.95548140510203
734848,1,1,2,187.61772011772607
734872,1,1,9,646.6249461619942
734896,1,1,8,602.9673723818449
734913,1,1,5,0.42645456789925423
734919,1,1,6,651.0158367135057
734920,1,1,4,0.42645458358136
734930,1,1,5,0.42645457969393247
734939,1,1,1,435.5804885908243
734945,1,1,5,0.42645457969393247
734952,1,1,4,0.42645458358136
734954,1,1,8,704.768991330828
734955,1,1,1,692.0906154452142
734968,1,1,5,0.42645457969393247
734978,1,1,9,278.40875336443713
735016,1,1,4,0.42645458358136
735031,1,1,8,555.3215671132584
735040,1,1,5,0.42645457969393247
735045,1,1,9,697.5778475510161
735068,1,1,8,475.47653631714013
735074,1,1,8,391.3412427205995
735087,1,1,9,394.64697129360417
735096,1,1,6,645.8820189917142
735102,1,1,10,618.2849734059367
735106,1,1,10,459.56265268741134
735126,1,1,10,245.23889145151713
735128,1,1,4,0.42645458358136
735156,1,1,3,39.25517606144978
735173,1,1,2,471.99561246641065
735193,1,1,9,604.7279648271157
735197,1,1,1,170.35959508559566
735200,1,1,4,0.42645458358136
735206,1,1,6,427.00861644475236
735235,1,1,6,683.6285384630406
735247,1,1,5,0.42645457969393247
735255,1,1,8,936.8102712897936
735258,1,1,9,855.1913097808066
735266,1,1,5,0.42645456789925423
735268,1,1,4,0.42645458358136
735291,1,1,8,669.4799868113662
735295,1,1,6,599.0810750396716
735299,1,1,2,375.2954753164116
735302,1,1,9,892.5337590085034
735320,1,1,9,512.1049073138672
735330,1,1,10,659.6086427601368
735363,1,1,9,398.25530817508525
735370,1,1,10,404.92438163535746
735379,1,1,7,78.43507125238398
735380,1,1,8,575.4447534658307
735397,1,1,2,157.63754820363692
735401,1,1,8,257.8885944611698
735403,1,1,1,719.4076218605396
735410,1,1,5,0.42645457969393247
735415,1,1,8,835.2549590352249
735428,0,1,0,0.11297526059745347
735437,1,1,9,183.59941331606942
735443,1,1,6,786.4899943037761
735451,1,1,10,718.7215054587714
735453,1,1,4,0.42645458358136
735465,1,1,10,607.9906524820334
735468,1,1,4,0.42645458358136
735469,1,1,9,492.1860459137004
735480,1,1,8,515.4554327475752
735498,1,1,3,89.71584967974661
735514,1,1,1,714.3777354851288
735516,1,1,9,771.7918984507809
735543,1,1,7,161.7476427604656
735546,1,1,5,0.42645457969393247
735563,1,1,8,523.7805205009763
735583,1,1,1,336.643916174545
735585,1,1,6,185.74608704380208
735608,1,1,7,89.76979423756615
735624,1,1,7,171.89756170322295
735625,1,1,4,0.42645458358136
735656,1,1,9,860.3008469150445
735670,1,1,6,597.2476693906411
735672,1,1,9,849.1819299213103
735683,1,1,8,799.2632831390177
735690,1,1,10,507.89132124723363
735693,1,1,7,170.93109968840506
735705,1,1,9,636.1059158145765
735715,1,1,9,854.6516018037366
735720,1,1,5,0.42645457969393247
735726,1,1,5,0.42645457969393247
735732,1,1,9,221.22843066643054
735747,1,1,9,796.3536491872827
735748,1,1,10,680.2434318408041
735755,1,1,6,549.529262141741
735758,1,1,6,524.06574432393
735809,1,1,1,527.4982141946367
735813,1,1,10,719.9148255640796
735818,1,1,9,578.1587141915537
735829,1,1,7,80.29940866094039
735844,1,1,1,605.2280987163808
735854,1,1,1,686.8093428336197
735879,1,1,6,541.1896817410391
735890,1,1,4,0.42645458358136
735895,1,1,9,250.83764626452833
735920,1,1,8,936.453637093188
735921,1,1,8,444.9945331825431
735924,1,1,9,225.4632843571756
735930,1,1,6,593.2989733133852
735931,1,1,8,680.2451549033603
735943,1,1,3,90.33196985276895
735946,1,1,9,386.60041672692154
735948,1,1,6,774.679399078098
735955,1,1,7,90.43254949357353
735963,1,1,8,291.5740619488631
735996,1,1,8,326.2903916015623
735998,1,1,2,407.1449990165745
736009,1,1,3,83.82937332281377
736010,1,1,8,445.3370695624463
736017,1,1,1,234.23165121436296
736019,1,1,6,788.9560171745485
736055,1,1,2,194.34407661059288
736056,1,1,5,0.42645457969393247
736082,1,1,8,854.6671705168743
736096,1,1,1,763.4024829148946
736102,1,1,10,263.31885286290526
736109,1,1,9,853.8323065819665
736137,1,1,1,402.700861937154
736158,1,1,10,201.0294794817892
736163,1,1,8,636.7975543222128
736181,1,1,9,472.81849921616407
736182,1,1,8,581.4380204248844
736187,1,1,9,776.8434617012183
736193,1,1,4,0.42645458358136
736194,1,1,6,785.1527512977804
736199,1,1,6,679.7407682117276
736215,1,1,5,0.42645457969393247
736236,1,1,5,0.42645457969393247
736245,1,1,4,0.42645458358136
736272,1,1,9,831.9728391368243
736281,1,1,6,560.4182033305214
736288,1,1,5,0.42645457969393247
736291,1,1,4,0.42645458358136
736292,1,1,9,792.1721036630348
736297,1,1,7,83.60206719472917
736300,1,1,5,0.42645457969393247
736310,1,1,6,785.9507283215771
736312,1,1,4,0.42645458358136
736319,1,1,6,565.6408558970098
736326,1,1,6,720.8866176816267
736335,1,1,9,594.9625411393783
736342,1,1,10,214.9605283414919
736348,1,1,9,582.2627422524638
736363,1,1,8,810.7760172607956
736380,1,1,9,157.39245565948582
736383,1,1,4,0.42645458358136
736397,1,1,8,793.4733780579732
736423,1,1,5,0.42645457969393247
736427,1,1,8,612.0216148649538
736430,1,1,8,387.8619490612255
736437,1,1,7,108.0698521282576
736470,1,1,6,469.7509516871067
736475,1,1,9,278.10548919466544
736486,1,1,8,852.2105102618701
736490,1,1,10,588.3335314434746
736493,1,1,10,722.1817033298096
736507,1,1,9,96.79346514849374
736513,1,1,2,210.87976507266887
736525,1,1,4,0.42645458358136
736535,1,1,9,309.61523771842553
736537,1,1,8,364.2201735273655
736543,1,1,10,417.84614691299356
736565,1,1,8,536.5979958872257
736574,1,1,4,0.42645458358136
736578,1,1,1,610.4945389658818
736579,1,1,2,431.9775137514638
736581,1,1,5,0.42645457969393247
736606,1,1,10,263.93126803661613
736642,1,1,4,0.42645458358136
736649,1,1,5,0.42645457969393247
736653,1,1,1,676.9325096372643
736655,1,1,10,335.02916423347006
736663,1,1,6,797.5560094960673
736671,1,1,9,612.8515151259301
736678,1,1,9,835.433457524979
736687,1,1,4,0.42645458358136
736688,1,1,5,0.42645457969393247
736701,1,1,7,156.63301720884445
736702,1,1,4,0.42645458358136
736712,1,1,6,290.43749404483884
736713,1,1,6,643.3896686977214
736724,1,1,8,626.4638093697582
736742,1,1,5,0.42645457969393247
736744,1,1,6,446.6319241922617
736758,1,1,6,516.4924502666441
736761,1,1,6,688.693140452298
736778,1,1,4,0.42645458358136
736779,1,1,8,867.4588182477879
736783,1,1,5,0.42645457969393247
736787,1,1,4,0.42645458358136
736788,1,1,8,242.14357804457347
736789,1,1,9,91.70778360733452
736790,1,1,9,366.4859231893021
736803,1,1,10,133.5248526155989
736811,1,1,10,372.6296214519445
736828,1,1,8,697.7278579496303
736877,1,1,10,120.0803616484964
736891,1,1,2,374.7900581346363
736895,1,1,5,0.42645457969393247
736902,1,1,8,875.8516480082122
736909,1,1,2,256.68869135832733
736912,1,1,8,744.757065066261
736914,1,1,4,0.42645458358136
736922,1,1,7,79.55635425781377
736941,1,1,8,753.3949658212175
736964,1,1,5,0.42645457969393247
736982,1,1,8,556.0045983220908
736993,1,1,5,0.42645457969393247
736999,1,1,9,730.0130680677504
737002,1,1,6,571.2776865333
737008,1,1,4,0.42645458358136
737009,1,1,8,491.68144539122164
737014,1,1,8,894.237696606271
737019,1,1,4,0.42645458358136
737025,1,1,4,0.42645458358136
737041,1,1,9,795.4068500240627
737047,1,1,9,294.2410523339195
737048,1,1,2,371.2459311843065
737073,1,1,5,0.42645457969393247
737080,1,1,9,877.7426733497189
737087,1,1,8,410.8270092861362
737097,1,1,6,425.5973417898306
737103,1,1,9,496.69468999183715
737128,1,1,1,467.9090714760872
737140,1,1,4,0.42645458358136
737185,1,1,8,834.5526370916882
737190,1,1,10,305.0563418388097
737191,1,1,4,0.42645458358136
737200,1,1,6,764.0003938153978
737213,1,1,10,460.1062155829174
737231,1,1,8,598.3737411523596
737233,1,1,9,77.35552615290628
737237,1,1,9,576.4411150816542
737240,1,1,5,0.42645457969393247
737254,1,1,10,647.7766043710533
737257,1,1,8,703.1092593464787
737282,1,1,4,0.42645458358136
737294,1,1,8,593.9945010931949
737295,1,1,5,0.42645457969393247
737296,1,1,1,332.51218369712143
737319,1,1,4,0.42645458358136
737328,1,1,9,768.2766622489311
737336,1,1,6,778.7940131572917
737350,1,1,6,219.13707939677735
737353,1,1,8,830.1979457589234
737356,1,1,9,885.017461636805
737367,1,1,4,0.42645458358136
737371,1,1,8,809.0802735796265
737372,1,1,3,75.97813658478047
737378,1,1,4,0.42645458358136
737440,1,1,9,751.6560924179654
737445,1,1,9,764.8313421357109
737449,1,1,4,0.42645458358136
737451,1,1,5,0.42645457969393247
737458,1,1,5,0.42645457969393247
737482,1,1,4,0.42645458358136
737487,1,1,6,691.1621440839913
737543,1,1,2,414.2242189938623
737551,1,1,6,691.1025648647868
737560,1,1,9,625.451984766829
737566,1,1,4,0.42645458358136
737574,1,1,7,86.90024828751139
737582,1,1,8,585.882188683639
737586,1,1,7,86.48329960569708
737596,1,1,5,0.42645457969393247
737601,1,1,9,756.3059005954842
737643,1,1,6,401.95227288335496
737647,1,1,8,358.32785566969835
737658,1,1,8,942.7127481316134
737678,1,1,1,338.4070397292057
737696,1,1,6,675.2684913171065
737706,1,1,2,85.40493543583904
737717,1,1,7,164.14696117867672
737727,1,1,8,285.32655815223256
737735,1,1,5,0.42645457969393247
737753,1,1,5,0.42645457969393247
737757,1,1,6,787.6669958226072
737831,1,1,6,629.0400011297215
737849,1,1,9,877.9493097947325
737859,1,1,8,405.1917012039418
737867,1,1,5,0.42645457969393247
737868,1,1,8,349.74670301067505
737896,1,1,7,134.4448615460939
737908,1,1,10,217.48850058594735
737913,0,1,0,0.12313115606470815
737916,1,1,6,773.9798642771125
737918,1,1,6,459.1921573991249
737925,1,1,6,500.7281035970002
737934,1,1,5,0.42645457969393247
737936,1,1,8,426.77871990600204
737938,1,1,5,0.42645456789925423
737948,1,1,8,143.77613152055324
737967,1,1,1,337.4934648561578
737970,1,1,9,621.5574805262427
737984,1,1,9,187.88795277733075
737989,1,1,6,783.637913217629
738006,1,1,7,135.81026091766645
738007,1,1,10,409.56363486959157
738009,1,1,6,548.9622503729667
738019,1,1,10,720.6954725129767
738022,1,1,4,0.42645458358136
738037,1,1,6,244.72900459970933
738053,1,1,9,532.1715688100579
738056,1,1,6,786.2717155463205
738058,1,1,6,785.9597946343215
738062,1,1,5,0.42645457969393247
738066,1,1,9,497.2585260324836
738084,1,1,9,586.3214376247153
738095,1,1,4,0.42645458358136
738107,1,1,4,0.42645458358136
738111,1,1,5,0.42645457969393247
738116,1,1,9,510.2754146276351
738118,1,1,8,716.4926269225082
738134,1,1,9,746.2342152042478
738138,1,1,5,0.42645457969393247
738146,1,1,9,583.0382805021104
738155,1,1,10,146.0632231951986
738183,1,1,1,340.56414317520523
738186,1,1,8,947.7399672176728
738210,1,1,4,0.42645458358136
738228,0,1,0,0.146136033250129
738240,1,1,4,0.4264545919581291
738259,1,1,9,676.0924719538187
738263,1,1,4,0.42645458358136
738269,1,1,1,348.0845967226441
738274,1,1,7,43.70920137206762
738276,1,1,9,565.9220615400538
738293,1,1,3,92.18300378731782
738306,1,1,8,561.48087159256
738322,1,1,2,341.3317360835298
738331,1,1,1,728.7489007015635
738337,1,1,4,0.42645458358136
738347,1,1,9,787.8711954751303
738354,1,1,8,578.4114918964721
738374,1,1,4,0.42645458358136
738377,1,1,5,0.42645457969393247
738382,1,1,7,99.42567602146572
738385,1,1,6,686.5904177097353
738390,1,1,10,252.29293821151023
738399,1,1,10,324.0754944414043
738413,1,1,10,618.3193089449326
738425,1,1,9,433.45387644799325
738463,1,1,9,582.7496972736112
738469,1,1,9,321.3989913851696
738479,1,1,6,381.94807189983214
738501,1,1,4,0.42645458358136
738518,1,1,8,425.10568433112127
738523,1,1,5,0.42645457969393247
738535,1,1,4,0.42645458358136
738536,1,1,7,31.508936589642687
738546,1,1,1,498.32372676724435
738551,1,1,5,0.42645457969393247
738565,1,1,6,592.2242116598344
738582,1,1,10,174.37022253015238
738588,1,1,6,163.84985499496102
738592,1,1,10,275.30657100302744
738607,1,1,9,621.3620393106013
738610,1,1,6,681.047989380124
738614,1,1,8,899.342806060966
738618,1,1,2,77.52302046006626
738621,1,1,5,0.42645457969393247
738632,1,1,9,750.6910539725145
738634,1,1,1,521.0756293415259
738652,1,1,1,609.9085925703357
738657,1,1,7,131.29623488165578
738661,1,1,10,299.9794977411732
738666,1,1,10,522.6341032944148
738688,1,1,8,850.7273351380082
738689,1,1,10,263.45359526472
738701,1,1,9,634.6393592159139
738707,1,1,8,750.6067618312776
738708,1,1,5,0.42645457969393247
738727,1,1,6,703.4849083592378
738733,1,1,5,0.42645457969393247
738734,1,1,9,292.8149556997044
738778,1,1,1,295.11848622873515
738791,1,1,6,338.87289401746796
738818,1,1,7,154.41914976037978
738825,1,1,3,89.83161659138287
738830,1,1,7,124.53586654457152
738850,1,1,8,176.8986304861107
738858,1,1,8,416.8207272906739
738863,1,1,5,0.42645457969393247
738867,1,1,1,611.4292803209191
738882,1,1,1,422.58243479020007
738913,1,1,3,54.029922420245626
738940,1,1,10,589.6014817578102
738950,1,1,5,0.42645457969393247
738979,1,1,6,538.0984373736804
738981,1,1,7,91.15515862184144
738983,1,1,9,222.1993830234757
738995,1,1,8,473.80436963808876
738997,1,1,9,450.2547551784088
739011,1,1,8,867.9911994247356
739018,1,1,9,482.76882003646045
739019,1,1,8,255.6288806233562
739036,1,1,5,0.42645457969393247
739039,1,1,5,0.42645457969393247
739040,1,1,9,472.04036240553665
739048,1,1,8,743.7845700067537
739089,1,1,6,799.4530564629908
739092,1,1,9,179.55902598668783
739097,1,1,10,339.3557162783421
739106,1,1,9,375.6755476955521
739116,1,1,9,710.4115200082259
739123,1,1,6,322.7181228580763
739129,1,1,9,889.8628874082999
739144,1,1,10,423.4860583387345
739152,1,1,4,0.42645458358136
739164,1,1,8,768.835601148524
739180,1,1,3,93.23379243598782
739189,1,1,6,798.8944572705116
739193,1,1,6,705.5937769731757
739207,1,1,4,0.42645458358136
739226,1,1,8,674.6075128750697
739228,1,1,6,366.59143843671825
739272,1,1,4,0.42645458358136
739281,1,1,10,563.6543135878685
739285,1,1,5,0.42645456789925423
739293,1,1,9,351.8913977046811
739297,1,1,2,163.84825485551391
739304,1,1,3,93.1953219989955
739318,1,1,6,328.89896899329324
739327,1,1,4,0.42645458358136
739334,1,1,6,263.43969712115876
739348,1,1,9,750.5833904853312
739355,1,1,9,611.2710931876111
739358,1,1,6,721.3506597800063
739403,1,1,9,580.1440751423127
739404,1,1,7,170.11940781406534
739428,1,1,8,411.17930452981835
739440,1,1,9,853.4700444428544
739442,0,1,0,0.1693063299544962
739443,1,1,4,0.42645458358136
739469,1,1,9,586.9388228919273
739483,1,1,7,173.89562328805238
739485,1,1,9,563.3096649970174
739490,1,1,2,101.65466605056388
739506,1,1,1,480.8203797591471
739508,1,1,10,351.3371135099367
739512,1,1,4,0.42645458358136
739519,1,1,8,755.9756484182166
739520,1,1,3,79.11719573281066
739531,1,1,8,814.63245560443
739537,1,1,5,0.42645457969393247
739545,1,1,6,428.3149650169625
739546,1,1,6,176.3221986157618
739562,1,1,9,668.2336570191214
739572,1,1,9,204.9010872854999
739589,1,1,6,669.4232126324669
739604,1,1,5,0.42645456789925423
739606,1,1,5,0.42645457969393247
739607,1,1,4,0.42645458358136
739611,1,1,5,0.42645457969393247
739625,1,1,10,706.2114910023554
739648,1,1,2,300.98316098519155
739652,1,1,8,895.8152016608423
739655,1,1,5,0.42645457969393247
739661,1,1,4,0.42645458358136
739670,1,1,6,667.7805493607344
739678,1,1,6,477.2232858160114
739728,1,1,1,543.7136892722525
739735,1,1,6,251.36673398637063
739742,1,1,9,409.3360051493868
739747,1,1,4,0.42645458358136
739766,1,1,5,0.42645457969393247
739775,1,1,7,109.2330434958073
739781,1,1,9,819.2870774574444
739782,1,1,7,143.1750256568248
739798,1,1,6,613.7309201790177
739801,1,1,10,222.16148818449093
739822,1,1,7,78.69193644222958
739823,1,1,2,190.39412771391727
739825,1,1,9,880.3453415045702
739835,1,1,10,509.80781083868936
739863,1,1,6,409.0138525848544
739876,1,1,7,107.41159269873991
739880,1,1,5,0.42645457969393247
739910,1,1,9,787.7155916267102
739918,1,1,5,0.42645457969393247
739922,1,1,2,381.19812002896236
739934,1,1,5,0.42645456789925423
739941,1,1,9,874.1352157187366
739952,1,1,8,812.6630768492612
739954,1,1,5,0.42645457969393247
739959,1,1,5,0.42645457969393247
739975,1,1,6,794.3513518733788
739980,1,1,6,586.3434901450472
739988,1,1,10,717.9614519295444
740005,1,1,10,256.4252089105147
740014,1,1,1,379.01997333788336
740021,1,1,6,778.4134249776884
740056,1,1,5,0.42645457969393247
740061,1,1,6,546.1921532481858
740073,1,1,9,830.4595222839149
740080,1,1,6,764.1905228577641
740092,1,1,10,485.87972782656584
740110,1,1,6,276.0304238370789
740112,1,1,5,0.42645457969393247
740140,1,1,6,521.4431766089184
740145,1,1,5,0.42645457969393247
740146,1,1,9,485.7324013600732
740158,1,1,1,602.9807347504637
740166,1,1,5,0.42645457969393247
740172,1,1,4,0.42645458358136
740176,1,1,8,901.2203461083544
740192,1,1,3,38.15025178672606
740214,1,1,5,0.42645457969393247
740238,1,1,10,668.7544279502525
740241,1,1,7,168.27581878835898
740249,1,1,9,861.933114548992
740254,1,1,4,0.42645458358136
740271,1,1,3,79.07369640276465
740277,1,1,8,517.8971450616122
740281,1,1,5,0.42645456789925423
740285,1,1,9,237.9995663021635
740299,1,1,6,541.9736026015
740302,1,1,8,419.0727988803373
740316,1,1,8,885.7383182768217
740322,1,1,10,605.5450146703039
740323,1,1,1,702.9213032805228
740327,1,1,4,0.42645458358136
740334,1,1,4,0.42645458358136
740345,1,1,10,232.15735749941143
740348,1,1,8,634.8215955586113
740350,1,1,4,0.42645458358136
740352,1,1,8,337.4577472182231
740375,1,1,4,0.42645458358136
740379,1,1,9,116.78869443754326
740383,1,1,4,0.42645458358136
740390,1,1,6,404.471512991489
740401,1,1,9,339.88138917045256
740411,1,1,8,568.78435302336
740416,1,1,10,698.4314385616686
740422,1,1,8,922.3286909120504
740430,1,1,9,32.164703688074106
740442,1,1,2,435.0838290651358
740459,1,1,1,539.3578392518839
740462,1,1,9,627.3016849007572
740467,1,1,8,400.7541165870135
740469,1,1,8,389.7907831172058
740487,1,1,5,0.42645457969393247
740495,1,1,6,265.4025543325452
740504,1,1,3,83.88635858408693
740506,1,1,9,621.5568425543669
740522,1,1,8,820.7851432486011
740544,1,1,9,794.0845854596535
740545,1,1,10,176.71301526157936
740547,1,1,4,0.42645458358136
740548,1,1,10,488.98644565453316
740549,1,1,8,223.9916733657076
740557,1,1,8,546.942381846704
740577,1,1,9,374.48098291373395
740580,1,1,10,721.2505214437051
740581,1,1,10,602.3839394837928
740585,1,1,8,620.5390031420433
740593,1,1,6,713.8514137035044
740602,1,1,6,448.85698713095553
740603,1,1,7,158.9295507100765
740605,1,1,7,172.8656718385058
740632,1,1,10,445.6895925977037
740633,1,1,4,0.42645458358136
740643,1,1,3,88.51028035178715
740645,1,1,7,108.13174356691444
740655,1,1,6,239.895799356488
740659,1,1,9,80.09041083663413
740668,1,1,9,745.0554195320132
740674,1,1,5,0.42645457969393247
740685,1,1,6,680.5630171901353
740693,1,1,4,0.42645458358136
740698,1,1,4,0.42645458358136
740704,1,1,9,622.3294849020662
740728,1,1,8,715.998405952314
740732,1,1,10,414.15512587980106
740734,1,1,8,298.7587478299334
740739,1,1,8,786.5931697288217
740765,1,1,9,832.819887571923
740766,1,1,7,79.91844803037017
740770,1,1,5,0.42645456789925423
740774,1,1,8,165.86063069204712
740797,1,1,10,722.0835572402904
740808,1,1,10,434.8097473978177
740813,1,1,5,0.42645457969393247
740846,1,1,10,703.899695316701
740869,1,1,8,338.6638481484051
740897,1,1,9,298.75272141558526
740900,1,1,4,0.42645458358136
740923,1,1,9,116.79184048502843
740936,1,1,6,643.3576607942942
740951,1,1,1,452.9624538433625
740956,1,1,2,392.70555733595023
740964,1,1,6,672.2463721775711
740988,1,1,8,191.81034819295917
741001,1,1,5,0.42645457969393247
741004,1,1,9,711.2878391328082
741005,1,1,10,409.90404137319945
741006,1,1,9,824.4889791193327
741008,1,1,4,0.42645458358136
741014,1,1,9,810.0392646759497
741018,1,1,6,292.7007381508462
741019,1,1,9,477.33104090440975
741020,1,1,6,155.2566051380873
741049,1,1,9,835.7564094468531
741065,1,1,10,540.8320443661214
741067,1,1,5,0.42645457969393247
741069,1,1,9,578.5044307603227
741070,1,1,5,0.42645457969393247
741073,1,1,9,723.6975282580393
741074,1,1,8,268.0368505075901
741082,1,1,4,0.4264545919581291
741086,1,1,7,90.364246531269
741087,1,1,1,367.1277678655445
741095,1,1,5,0.42645457969393247
741109,1,1,4,0.42645458358136
741128,1,1,5,0.42645457969393247
741173,1,1,4,0.42645458358136
741260,1,1,5,0.42645457969393247
741273,1,1,10,517.2985905262425
741275,1,1,10,380.4696391598409
741282,1,1,5,0.42645457969393247
741289,1,1,6,402.0503537902583
741290,1,1,8,629.4017032854067
741297,1,1,2,320.15980450804375
741306,1,1,8,811.5523033002906
741310,1,1,5,0.42645457969393247
741332,1,1,4,0.42645458358136
741347,1,1,6,714.05001116952
741350,1,1,5,0.42645457969393247
741357,1,1,5,0.42645457969393247
741369,1,1,6,279.7688006512013
741377,1,1,9,69.39206845046077
741395,1,1,5,0.42645457969393247
741398,1,1,1,604.9950792995943
741419,1,1,10,372.74386482118734
741432,1,1,1,371.6726215061571
741466,1,1,5,0.42645457969393247
741469,1,1,8,591.9916935904123
741471,1,1,9,820.4791338068471
741478,1,1,8,654.653599154407
741498,1,1,9,295.1586589061423
741511,1,1,8,731.8903185614463
741512,1,1,10,408.3306105988651
741531,1,1,9,619.9045874980025
741554,1,1,4,0.42645458358136
741560,1,1,4,0.42645458358136
741561,1,1,6,517.5854049762042
741571,1,1,9,579.8477139359975
741575,1,1,9,405.54230886905503
741583,1,1,6,784.367988768264
741603,1,1,9,336.2918329354131
741610,1,1,9,442.0327659564591
741612,1,1,10,463.45772513247545
741613,1,1,5,0.42645457969393247
741615,1,1,6,737.4945767799666
741620,1,1,8,263.9711285183278
741621,1,1,9,563.013550766896
741622,1,1,5,0.42645457969393247
741635,1,1,8,649.2004231412792
741638,1,1,9,836.7475847804012
741640,1,1,9,709.3247107141622
741643,1,1,6,297.747858060634
741647,1,1,9,566.9311241010483
741648,1,1,4,0.42645458358136
741649,1,1,2,371.75652380450833
741660,1,1,9,643.6211686462144
741661,1,1,6,470.42135541625726
741662,1,1,10,630.9164743626662
741679,1,1,4,0.42645458358136
741723,1,1,10,588.4857653455514
741731,1,1,8,862.8741242368797
741732,1,1,1,197.9665306861475
741743,1,1,5,0.42645457969393247
741750,1,1,1,506.6401472871225
741752,1,1,5,0.42645456789925423
741754,1,1,9,839.6768830540992
741757,1,1,7,159.5190780637334
741765,1,1,5,0.42645457969393247
741769,1,1,8,649.1393443568554
741782,1,1,6,197.2104981484858
741789,1,1,1,438.96143841629174
741804,1,1,7,134.97813000392978
741822,1,1,8,178.78325703169722
741827,1,1,5,0.42645457969393247
741835,1,1,9,873.9221105250298
741836,1,1,8,783.554357375708
741839,1,1,10,166.7254451589256
741846,1,1,4,0.42645458358136
741856,1,1,4,0.42645458358136
741872,1,1,10,266.0997463569029
741875,1,1,9,386.51824610917134
741881,1,1,4,0.42645458358136
741891,1,1,8,442.38169415437625
741899,1,1,9,830.8756367461489
741901,1,1,8,690.807297730993
741910,1,1,5,0.42645457969393247
741914,1,1,1,583.2080879194085
741937,1,1,3,89.38373622073706
741939,1,1,4,0.42645458358136
741942,1,1,6,496.85627178526175
741943,1,1,6,446.36197013781657
741946,1,1,8,503.1227876201869
741955,1,1,4,0.42645458358136
741972,1,1,9,616.7167115455902
741998,1,1,1,285.51966055687063
742009,1,1,7,116.36694600473855
742019,1,1,10,637.4391919273785
742027,1,1,9,186.6585394476276
742038,1,1,9,188.88354769366978
742043,1,1,8,510.61775721506285
742048,1,1,4,0.42645458358136
742051,1,1,6,446.64352442457323
742058,1,1,5,0.42645457969393247
742062,1,1,4,0.42645458358136
742074,1,1,1,742.6175112928246
742090,1,1,8,809.2315453475669
742102,1,1,9,360.0021917062702
742118,1,1,9,133.0063184113223
742126,1,1,9,589.7612435723853
742143,1,1,10,296.57329895139975
742170,1,1,8,392.5932872396397
742172,1,1,6,767.4460173640502
742178,1,1,10,398.69456934151407
742179,1,1,5,0.42645457969393247
742182,1,1,1,633.8212895653355
742185,1,1,4,0.42645458358136
742188,1,1,4,0.42645458358136
742197,1,1,9,161.41755607173297
742206,1,1,6,408.2522640570072
742209,1,1,8,531.265156253732
742230,1,1,10,577.4514106765131
742235,1,1,9,735.4548528526683
742236,1,1,6,799.7287694304782
742238,1,1,5,0.42645457969393247
742246,1,1,4,0.42645458358136
742255,1,1,10,460.27796091329344
742259,1,1,1,538.7147536892519
742262,1,1,5,0.42645457969393247
742268,1,1,2,481.5392970119125
742284,1,1,10,672.0619377390552
742289,1,1,8,511.6890478350588
742313,1,1,6,455.4314088418583
742316,1,1,1,630.6248788363615
742321,1,1,10,610.7112835346048
742329,1,1,6,465.92537968515023
742334,1,1,7,74.83088249247538
742339,1,1,4,0.42645458358136
742353,1,1,5,0.42645457969393247
742381,1,1,9,761.9229460286919
742383,1,1,4,0.42645458358136
742400,1,1,4,0.42645458358136
742413,1,1,7,119.27432000265213
742420,1,1,9,328.7716884088715
742425,1,1,10,172.3635119267308
742431,1,1,8,688.6351337874827
742437,1,1,4,0.42645458358136
742451,1,1,2,225.70602886114528
742458,1,1,9,553.783610615639
742460,1,1,7,166.42589026067733
742462,1,1,1,270.4426880751861
742472,1,1,1,279.46730904036275
742475,1,1,1,191.79122483690526
742476,1,1,8,885.9647690053165
742477,1,1,8,623.1530908190972
742486,1,1,9,226.22809789244312
742490,1,1,9,440.9726969536182
742493,1,1,9,448.3467229227512
742502,1,1,4,0.42645458358136
742503,1,1,9,727.4140940210475
742511,1,1,4,0.42645458358136
742526,1,1,8,753.3941060201734
742538,1,1,4,0.4264545919581291
742540,1,1,4,0.42645458358136
742546,1,1,4,0.42645458358136
742554,1,1,3,83.96410883493594
742578,1,1,9,320.1166774051379
742584,1,1,1,386.42235703000017
742608,1,1,9,890.5300751379875
742609,1,1,9,750.4324007095391
742634,1,1,10,351.62336667727755
742637,1,1,10,235.79789868950238
742652,1,1,8,464.58130175920047
742656,1,1,9,837.9747259554325
742663,1,1,10,674.5205101801113
742669,1,1,9,701.1082172441268
742675,1,1,9,414.37564501616333
742694,1,1,1,604.863247727987
742704,1,1,5,0.42645457969393247
742722,1,1,8,320.2930780578387
742744,1,1,3,89.2958457420386
742771,1,1,8,385.4820280493314
742783,1,1,6,533.2345150514739
742787,1,1,3,89.69776219768673
742795,1,1,8,200.26914391275417
742820,1,1,8,241.20665401022748
742829,1,1,5,0.42645457969393247
742836,1,1,6,713.8793354231717
742838,1,1,2,211.12758439246454
742840,1,1,2,459.32952183850614
742844,1,1,9,864.2784057722769
742848,1,1,7,123.5443754746082
742872,1,1,9,275.1771809088568
742891,1,1,8,405.0750069457235
742899,1,1,10,351.06238904979176
742904,1,1,6,744.0257237770112
742922,1,1,5,0.42645457969393247
742924,1,1,3,53.20371801146197
742925,1,1,8,382.37988881472046
742927,1,1,8,449.3477799257474
742933,1,1,6,746.785646712733
742941,1,1,1,617.2414615434527
742952,1,1,1,479.0054913796062
742953,1,1,8,315.61076930010125
742980,1,1,6,713.9550300133302
742993,1,1,8,303.6827160596001
743024,1,1,8,516.752003320484
743030,1,1,5,0.42645457969393247
743031,1,1,6,522.8698838668232
743045,1,1,10,721.2351396810127
743056,1,1,6,667.707909690019
743061,1,1,4,0.42645458358136
743062,1,1,4,0.42645458358136
743066,1,1,9,774.1911088938808
743071,1,1,4,0.42645458358136
743111,1,1,4,0.42645458358136
743127,1,1,2,477.40480462551164
743130,1,1,4,0.42645458358136
743139,1,1,7,147.30614932318187
743142,1,1,5,0.42645457969393247
743149,1,1,6,640.0828279172157
743156,1,1,6,778.9916822103468
743157,1,1,5,0.42645457969393247
743158,1,1,7,68.69298347767275
743163,1,1,8,706.8142266973648
743170,1,1,10,223.05308620408636
743176,1,1,1,389.939081718868
743204,1,1,9,72.47530906516724
743210,1,1,6,655.4440407633347
743212,1,1,8,372.2102954282189
743235,1,1,8,708.7404876200242
743263,1,1,9,889.7992172555275
743275,1,1,10,710.253613731685
743287,1,1,6,667.9262862782124
743294,1,1,2,121.00949217229963
743297,1,1,5,0.42645457969393247
743300,1,1,9,422.01867562742063
743308,1,1,9,102.10459479024846
743316,1,1,9,640.013527151025
743326,1,1,6,758.1307642133111
743331,1,1,1,739.0834398520009
743334,1,1,1,625.1773972610458
743349,1,1,6,649.9599101725768
743360,1,1,9,657.7599027513345
743371,1,1,8,874.9640888902381
743374,1,1,8,723.0859985194994
743383,1,1,4,0.42645458358136
743387,1,1,5,0.42645457969393247
743399,1,1,8,782.1719378621858
743407,1,1,8,503.8900925571292
743425,1,1,6,396.4920669359992
743431,1,1,7,170.29277629183323
743437,1,1,9,425.9410993430793
743452,1,1,10,626.8677805703128
743469,1,1,8,469.78183947434314
743471,1,1,7,149.27842774566366
743473,1,1,5,0.42645457969393247
743474,1,1,6,158.5745497071761
743478,0,1,0,0.15162106744989617
743489,1,1,8,639.0942692811336
743498,1,1,1,337.4641966239993
743503,1,1,8,642.569599314136
743513,1,1,8,902.4426803657286
743517,1,1,8,633.2817307820438
743538,1,1,9,829.2034064355496
743540,1,1,9,602.0109335011779
743541,1,1,7,134.30718938237843
743548,1,1,10,439.4643275755485
743565,1,1,6,605.808989122519
743570,1,1,4,0.42645458358136
743592,1,1,4,0.42645458358136
743596,1,1,9,621.0951631973927
743608,1,1,3,90.10726717889479
743619,1,1,8,807.1784805486532
743651,1,1,10,676.9473130435263
743652,1,1,9,132.28943575585507
743659,1,1,8,278.5703133737162
743667,1,1,6,803.80513720362
743694,1,1,10,653.8896989613147
743695,1,1,6,458.9675851591587
743701,1,1,9,541.1657758469258
743711,1,1,4,0.42645458358136
743724,1,1,4,0.42645458358136
743735,1,1,8,731.8871973423538
743736,1,1,10,718.4720979556118
743739,1,1,2,389.0155165655759
743746,1,1,7,43.05139400452346
743747,1,1,7,98.53178835065883
743762,1,1,9,803.9143213605291
743764,1,1,4,0.4264545919581291
743765,1,1,4,0.4264545919581291
743777,1,1,7,44.94309809785019
743783,1,1,1,603.4198395066368
743805,1,1,10,637.4247176162944
743821,1,1,6,446.4103145984148
743860,1,1,2,462.16088152603595
743875,1,1,4,0.42645458358136
743886,1,1,10,679.349725674843
743892,1,1,8,424.9921326134809
743905,1,1,6,675.5771845747672
743912,1,1,8,534.5219366781265
743923,1,1,6,534.6301048559735
743929,1,1,9,599.4550555992232
743943,1,1,1,505.00146787244216
743945,1,1,4,0.42645458358136
743952,1,1,10,425.0555154008499
743957,1,1,1,493.7590768524947
743967,1,1,8,754.5527230675639
743984,1,1,10,722.8824275290372
744002,1,1,9,536.5426442922649
744004,1,1,8,716.2310543675384
744015,1,1,9,446.79363727623866
744046,1,1,8,804.6250852426325
744048,1,1,1,761.5694775950511
744078,1,1,4,0.42645458358136
744085,1,1,1,166.614814724766
744090,1,1,4,0.42645458358136
744092,1,1,9,37.64385768748546
744098,1,1,8,201.75347759722482
744101,1,1,1,485.2879791088331
744103,1,1,8,895.0315528871688
744113,1,1,9,517.2951805912771
744123,1,1,10,587.2641278801077
744124,1,1,5,0.42645457969393247
744128,1,1,9,206.24888757312482
744136,1,1,1,448.32502872353507
744140,1,1,6,526.1140892984282
744152,1,1,9,834.9820680870275
744157,1,1,1,554.523525539013
744194,1,1,5,0.42645457969393247
744203,1,1,6,362.4798449151123
744210,1,1,8,165.60603935406712
744211,1,1,6,759.1529543882475
744226,1,1,8,838.2602213516859
744231,1,1,1,604.2397246335148
744238,1,1,5,0.42645457969393247
744243,1,1,3,68.63968991144105
744244,1,1,10,348.69636269956976
744247,1,1,2,399.38156420164916
744251,1,1,8,721.2349321410644
744270,1,1,10,459.5169763271585
744273,1,1,9,152.70036996281925
744299,1,1,2,475.40088627929475
744302,1,1,6,174.81320052376893
744313,1,1,3,59.884450635035414
744317,1,1,7,44.22036403016598
744334,1,1,10,560.3271438085752
744338,1,1,8,539.6257669819385
744372,1,1,10,291.0893263083561
744375,1,1,9,757.7876265816154
744408,1,1,9,222.08996934916618
744434,1,1,4,0.42645458358136
744437,1,1,6,357.27219072687654
744438,1,1,5,0.42645456789925423
744440,1,1,6,182.9485383164973
744449,1,1,8,237.3894805502756
744463,1,1,8,616.371738844911
744470,1,1,4,0.42645458358136
744484,1,1,9,593.170630656687
744494,1,1,9,769.1952159214663
744498,1,1,9,429.90604677185837
744500,1,1,6,782.2755751966943
744516,1,1,1,334.15579399863356
744518,1,1,7,158.08902631260415
744533,1,1,10,300.5518697205042
744557,1,1,4,0.42645458358136
744565,1,1,2,423.21036193609314
744578,1,1,8,396.1083994173488
744589,1,1,9,400.20773460349704
744594,1,1,1,757.9364065096195
744611,1,1,9,616.1808613895073
744615,1,1,4,0.42645458358136
744621,1,1,7,94.1523328230475
744626,1,1,4,0.42645458358136
744656,1,1,5,0.42645457969393247
744679,1,1,8,411.7294447039046
744688,1,1,9,667.659673891215
744726,1,1,4,0.42645458358136
744733,1,1,1,672.6055730281792
744741,1,1,6,736.2010583840149
744742,1,1,9,430.7349250619836
744752,1,1,9,435.90315162917966
744764,1,1,5,0.42645457969393247
744772,1,1,8,528.4343657351735
744774,1,1,9,657.9609123827341
744778,1,1,1,622.4758369570104
744791,1,1,9,777.4316743867212
744797,1,1,4,0.42645458358136
744816,1,1,5,0.42645457969393247
744822,1,1,8,294.0910116952254
744825,1,1,5,0.42645457969393247
744830,1,1,9,540.6643579716108
744851,0,1,0,0.1577115568834723
744872,1,1,4,0.42645458358136
744892,1,1,7,129.20386405646573
744900,1,1,6,399.831794298419
744923,1,1,8,625.3166871471167
744928,1,1,9,791.2963055153622
744937,1,1,8,781.2388820722605
744945,1,1,4,0.42645458358136
744946,1,1,8,506.15361148158416
744949,1,1,5,0.42645457969393247
744980,1,1,8,555.8814312548839
744984,1,1,6,713.5238750883395
744992,1,1,10,244.0765271399894
745001,1,1,1,719.3197418622534
745007,1,1,3,70.27482959355432
745013,1,1,5,0.42645457969393247
745019,1,1,10,454.19952519127173
745020,1,1,10,549.9523727497467
745049,1,1,10,250.65399480296796
745056,1,1,9,868.9063280318295
745059,1,1,10,432.62397585001816
745067,1,1,10,194.10791148112958
745068,1,1,4,0.42645458358136
745073,1,1,9,487.5934594297965
745090,1,1,5,0.42645457969393247
745107,1,1,9,875.452794454147
745114,1,1,4,0.4264545919581291
745137,1,1,6,620.4626412410872
745145,1,1,3,79.75829443017439
745149,1,1,8,396.14012841878383
745155,1,1,6,495.6561414728957
745158,1,1,1,754.2331820236649
745173,1,1,1,402.9671621634923
745199,1,1,6,218.39142048064036
745204,1,1,8,259.50585630077825
745216,1,1,6,210.22383612622107
745218,0,1,0,0.10496297179692846
745223,1,1,9,119.99224154563268
745225,1,1,8,368.23060386357116
745230,1,1,6,205.27245937788427
745242,1,1,9,416.4654396877446
745246,1,1,6,683.3157317975671
745262,1,1,3,76.79294526310758
745277,1,1,7,91.99748718863599
745279,1,1,8,621.4484532507864
745295,1,1,4,0.42645458358136
745300,1,1,5,0.42645457969393247
745306,1,1,9,365.88788291268673
745310,1,1,7,165.5074326983661
745311,1,1,9,227.5086484626191
745347,1,1,10,687.7277106117116
745378,1,1,1,422.7454351997842
745388,1,1,10,410.48649817417294
745400,1,1,4,0.42645458358136
745412,1,1,6,529.6958786453264
745422,1,1,8,528.2626323044617
745429,1,1,10,314.3782424765117
745442,1,1,8,408.73872280305784
745456,1,1,5,0.42645456789925423
745459,1,1,9,300.692523423312
745466,1,1,5,0.42645457969393247
745475,1,1,7,165.66443521879992
745490,1,1,1,756.1248844841101
745494,1,1,6,783.3145414797157
745497,1,1,8,453.9237181423193
745505,1,1,9,204.35418583182687
745514,1,1,1,558.9955386970273
745515,1,1,9,620.4781443052915
745516,1,1,10,96.74590818362049
745519,1,1,8,758.1775973692655
745524,1,1,8,321.8988949333765
745536,0,1,0,0.13645333058595388
745541,1,1,1,387.1754572642325
745553,1,1,10,720.8981690079083
745562,1,1,5,0.42645457969393247
745577,1,1,3,45.31927525536675
745578,1,1,8,253.61582606999
745580,1,1,10,450.844449126599
745591,1,1,9,377.0440808610896
745603,1,1,1,734.4344438725345
745608,1,1,1,384.46893310926305
745612,1,1,6,783.0847359984452
745624,1,1,9,560.7205329523322
745626,1,1,2,278.8496156042618
745629,1,1,6,779.5526478758252
745635,1,1,6,277.6244383696357
745636,1,1,10,269.5664526903557
745637,1,1,9,553.2210448725053
745638,1,1,10,457.20816876404155
745642,1,1,1,383.1672527902551
745648,1,1,7,58.354610693562776
745653,0,1,0,0.1132435141855572
745657,1,1,5,0.42645457969393247
745658,1,1,4,0.42645458358136
745669,1,1,5,0.42645457969393247
745677,1,1,10,320.8318636061592
745680,1,1,10,273.29774109861256
745702,1,1,8,643.6022848823599
745711,1,1,10,261.0262003597055
745712,1,1,9,68.53138826205493
745716,1,1,8,798.8283027366306
745738,1,1,9,456.5359674076218
745747,1,1,5,0.42645457969393247
745760,1,1,6,220.21714927732742
745781,1,1,8,593.7299071390556
745808,1,1,9,481.17044649927334
745818,1,1,8,810.5318894119588
745834,1,1,5,0.42645457969393247
745835,1,1,1,682.2502267753046
745846,1,1,6,338.94088434358105
745886,1,1,5,0.42645457969393247
745902,1,1,8,142.6497439474569
745908,1,1,4,0.42645458358136
745918,1,1,10,339.82633880493256
745923,1,1,6,445.04529943412336
745938,1,1,4,0.42645458358136
745939,1,1,5,0.42645457969393247
745942,1,1,8,226.26169633400474
745943,1,1,4,0.42645458358136
745946,1,1,9,243.85149654723475
745959,1,1,10,148.2876718028495
745966,1,1,10,523.7502523189697
745972,1,1,9,861.7894120153053
745976,1,1,2,378.212500618419
745982,1,1,3,46.76556619830575
745985,1,1,9,687.6122260913335
745996,1,1,4,0.42645458358136
746005,1,1,4,0.42645457969393247
746013,1,1,10,257.2308554968229
746021,1,1,5,0.42645457969393247
746023,1,1,8,221.94586644126153
746032,1,1,9,435.87838160519067
746051,1,1,4,0.42645458358136
746062,1,1,9,168.59320665749865
746070,1,1,8,518.8748499408727
746086,1,1,10,652.1298148467283
746089,1,1,6,708.1815360684456
746101,1,1,9,615.1712630553163
746103,1,1,1,159.10544454258172
746113,1,1,7,47.14526590686051
746134,1,1,9,868.7787707926652
746138,1,1,6,809.8697538615148
746139,1,1,6,706.5334343976529
746152,1,1,5,0.42645457969393247
746156,1,1,6,509.7612509556768
746158,1,1,9,514.7272340187542
746162,1,1,10,295.0926663893204
746165,1,1,5,0.42645457969393247
746179,1,1,1,587.5056569884963
746181,1,1,7,111.88292669446425
746194,1,1,10,621.32957804516
746210,1,1,1,435.50448443286996
746242,1,1,5,0.42645457969393247
746257,1,1,9,526.468125307638
746261,1,1,2,477.42277694544276
746262,1,1,4,0.42645458358136
746290,1,1,8,617.6275377327471
746292,1,1,10,397.9289178922251
746311,1,1,5,0.42645457969393247
746313,1,1,6,623.8788543562345
746321,1,1,6,382.618065746159
746322,1,1,8,358.3943086413477
746343,1,1,8,307.46481086400684
746360,1,1,4,0.42645458358136
746365,1,1,4,0.42645458358136
746388,1,1,4,0.42645458358136
746390,1,1,9,832.1413256258197
746410,1,1,10,611.8397300150064
746415,1,1,9,365.75122514824085
746418,1,1,10,449.3712726933984
746442,1,1,10,112.92337666152243
746449,1,1,1,391.97540507991994
746450,1,1,4,0.42645458358136
746462,1,1,9,342.74276669790027
746467,1,1,7,62.839065436451634
746471,1,1,10,254.94955476768862
746486,1,1,8,610.6817296909092
746490,1,1,5,0.42645457969393247
746491,1,1,9,219.32558410400213
746496,1,1,4,0.42645458358136
746502,1,1,5,0.42645457969393247
746518,1,1,2,333.4441802799369
746522,1,1,1,315.35256823048644
746530,1,1,9,544.087141877965
746543,1,1,9,582.5326037218016
746545,1,1,5,0.42645456789925423
746548,1,1,8,140.88855838951392
746560,1,1,6,624.171196428299
746572,1,1,6,511.33249129051137
746574,1,1,10,650.6478869486277
746584,1,1,6,447.56616813847313
746587,1,1,8,335.0319612408407
746592,1,1,8,111.22192094949578
746604,1,1,6,564.8035772530621
746628,1,1,9,634.0004347646935
746638,1,1,6,225.07904752974957
746639,1,1,9,173.02293740654642
746643,1,1,5,0.42645457969393247
746647,1,1,5,0.42645457969393247
746650,1,1,4,0.42645458358136
746651,1,1,1,315.70051214870324
746652,1,1,9,240.1539723420508
746670,1,1,9,876.9620960631441
746675,1,1,5,0.42645457969393247
746687,1,1,9,276.94914333192094
746692,1,1,3,94.17178020649283
746701,1,1,10,657.9774639769328
746720,1,1,5,0.42645457969393247
746742,1,1,7,146.98549329227293
746749,1,1,4,0.42645458358136
746751,1,1,5,0.42645457969393247
746753,1,1,5,0.42645457969393247
746785,1,1,4,0.42645458358136
746788,1,1,8,452.1723653295269
746802,1,1,4,0.42645458358136
746803,1,1,9,598.714887695576
746810,1,1,8,781.8232138728806
746837,1,1,2,347.0184834773986
746841,1,1,10,545.0874804405752
746842,1,1,8,159.33432718842926
746858,1,1,5,0.42645457969393247
746859,1,1,8,690.881135083025
746861,1,1,4,0.42645458358136
746868,1,1,4,0.42645458358136
746878,1,1,9,704.2613606975648
746881,1,1,1,470.2607270505539
746883,1,1,8,902.4292530033345
746891,1,1,8,927.8395999555905
746892,1,1,2,364.037293782499
746905,1,1,8,388.75463087624985
746908,1,1,8,770.8420873368643
746915,1,1,1,370.96008087682173
746929,1,1,6,548.4299818424362
746933,1,1,5,0.42645457969393247
746948,1,1,3,88.2737359056569
746956,1,1,5,0.42645457969393247
746963,1,1,8,629.3181813148516
746966,1,1,2,144.18289153493475
746973,1,1,10,120.45354672128472
746976,1,1,7,97.93109078511249
746977,1,1,6,402.67204083079184
746978,1,1,9,487.33106694002845
746991,1,1,10,458.3980286419813
747001,1,1,5,0.42645457969393247
747015,1,1,10,620.9039220778349
747027,1,1,9,348.52853373944293
747034,1,1,9,881.3019814108311
747038,1,1,9,795.4518265928285
747040,1,1,9,379.134349891602
747043,1,1,8,871.0119309251617
747055,1,1,5,0.42645456789925423
747066,1,1,9,155.11700227170297
747069,1,1,5,0.42645457969393247
747073,1,1,7,108.41988266573307
747088,1,1,5,0.42645457969393247
747092,1,1,9,526.8949785795459
747100,1,1,8,849.582478058393
747117,1,1,6,790.1691550713308
747121,1,1,8,429.55350910265406
747122,1,1,9,856.5071147733407
747135,1,1,9,821.8836094131725
747154,1,1,5,0.42645457969393247
747172,1,1,8,578.7540357177592
747176,1,1,5,0.42645457969393247
747184,1,1,4,0.42645458358136
747228,1,1,5,0.42645457969393247
747230,1,1,6,668.4160093526497
747240,1,1,9,611.4966089679294
747243,1,1,6,276.48626328753096
747264,1,1,9,699.6500837749212
747269,1,1,10,492.412482726583
747271,1,1,7,101.79218697417139
747294,1,1,1,271.14431684394185
747311,1,1,5,0.42645457969393247
747323,1,1,3,73.78493871753719
747326,1,1,8,561.2159642807505
747331,1,1,6,785.7859491506285
747359,1,1,6,254.90075266198528
747363,1,1,8,754.7201026604224
747370,1,1,5,0.42645457969393247
747378,1,1,10,648.7344149696537
747390,1,1,8,453.02571223623994
747411,1,1,4,0.4264545919581291
747415,1,1,7,78.70433736246363
747421,1,1,5,0.42645457969393247
747423,1,1,6,642.6059121120279
747428,1,1,8,752.3568845908703
747432,1,1,5,0.42645457969393247
747435,1,1,1,655.3823504141375
747441,1,1,5,0.42645457969393247
747443,1,1,6,731.5712317903769
747451,1,1,9,862.2098238097043
747457,1,1,5,0.42645457969393247
747462,1,1,4,0.42645458358136
747469,1,1,4,0.42645458358136
747503,1,1,9,814.420723789526
747504,1,1,8,833.084103680657
747525,1,1,8,621.6165857444662
747527,1,1,4,0.42645458358136
747544,1,1,10,517.4840386810265
747545,1,1,1,236.20143708717453
747561,1,1,6,423.62040556706233
747586,1,1,10,198.30460301063272
747597,1,1,2,370.79205987751266
747599,1,1,4,0.42645458358136
747620,1,1,10,167.17985674175623
747637,1,1,4,0.42645458358136
747642,1,1,8,332.757237331087
747649,1,1,1,648.9976598510327
747669,1,1,10,460.81810728398034
747670,1,1,5,0.42645457969393247
747692,1,1,2,377.19711575034603
747696,1,1,6,759.4014732136045
747727,1,1,6,175.92539864481233
747768,1,1,5,0.42645456789925423
747770,1,1,6,660.1692649165067
747785,1,1,9,421.5033523362949
747792,1,1,6,802.7173318148376
747794,1,1,6,678.090479610204
747800,1,1,5,0.42645457969393247
747806,1,1,9,759.2328180706405
747807,1,1,6,469.2212591825883
747819,1,1,4,0.42645458358136
747821,1,1,8,342.6862523311059
747822,1,1,8,298.593476272916
747834,1,1,4,0.42645458358136
747838,1,1,7,133.7668468261091
747864,1,1,7,137.93268907502028
747884,1,1,8,231.34193080661376
747913,1,1,4,0.42645458358136
747914,1,1,5,0.42645457969393247
747926,1,1,5,0.42645457969393247
747938,1,1,7,108.25692255004131
747944,1,1,10,496.9252568939471
747952,1,1,8,522.7921945141251
747971,1,1,10,228.96690007587793
747974,1,1,4,0.42645458358136
747978,1,1,4,0.42645458358136
747990,1,1,7,168.74314590617857
748005,1,1,4,0.42645458358136
748006,1,1,9,188.56896104904098
748009,1,1,8,152.37096645250028
748037,1,1,8,366.2254055384566
748051,1,1,10,434.9193216300931
748055,1,1,10,723.2476417084404
748082,1,1,6,328.91926499072594
748111,1,1,7,169.58671734915845
748115,1,1,9,68.30240760910415
748138,1,1,4,0.42645458358136
748146,1,1,10,160.0861705588972
748167,1,1,9,103.30729660204355
748178,1,1,8,321.1316506203201
748219,1,1,6,804.6202072973549
748226,1,1,10,699.4144255411816
748231,1,1,9,715.294377956798
748241,1,1,9,625.381104099226
748254,1,1,10,718.7577377856287
748270,1,1,10,636.7333656845325
748275,1,1,4,0.42645458358136
748280,1,1,1,709.6699419799462
748303,1,1,9,492.1041847306316
748316,1,1,4,0.42645458358136
748323,1,1,2,485.6712254125745
748327,1,1,4,0.42645458358136
748330,1,1,3,91.92894388535487
748335,1,1,9,617.0843545194241
748372,1,1,1,703.8123041196118
748375,1,1,8,453.7393064436092
748379,1,1,5,0.42645457969393247
748380,1,1,6,560.3079876772417
748393,1,1,1,230.3578537033822
748395,1,1,8,783.0519251930084
748397,1,1,5,0.42645457969393247
748409,1,1,6,465.6426300502311
748427,1,1,6,167.68717278967998
748436,1,1,9,712.0568102469515
748440,1,1,9,71.17449594609151
748441,0,1,0,0.15197126931629557
748449,1,1,9,418.8281303256937
748452,1,1,5,0.42645457969393247
748463,1,1,6,408.09413082519194
748483,1,1,5,0.42645457969393247
748494,1,1,10,619.4261542923916
748500,1,1,2,302.1220599340138
748527,1,1,9,467.02363391696747
748551,1,1,10,674.4104059140865
748560,1,1,8,435.12451430055705
748564,1,1,6,279.35309435314304
748571,1,1,4,0.42645458358136
748575,1,1,9,381.49922205651694
748584,1,1,3,92.73676696943546
748592,1,1,6,396.93387432334487
748603,1,1,5,0.42645457969393247
748623,1,1,6,386.011652106285
748624,1,1,5,0.42645457969393247
748632,1,1,10,134.60530663851588
748635,1,1,8,777.5151564999612
748651,1,1,3,55.62274060760506
748660,1,1,9,204.42739561871414
748680,1,1,6,203.60891000947154
748691,1,1,7,96.5440075711656
748706,1,1,5,0.42645457969393247
748721,1,1,9,31.099914031079134
748727,1,1,8,590.0954031191736
748741,1,1,1,460.58359035686675
748749,1,1,6,185.6373604215348
748757,1,1,10,650.333528165358
748758,1,1,1,181.43085338695096
748776,1,1,8,542.71714515761
748778,1,1,8,781.2675314615088
748796,1,1,9,532.509358841949
748815,1,1,8,501.73686147571397
748819,1,1,9,686.351745473901
748820,1,1,3,62.35801807612668
748830,1,1,5,0.42645457969393247
748845,1,1,8,587.6112411100254
748846,1,1,8,767.0039839047512
748852,1,1,6,644.622708367622
748863,1,1,5,0.42645457969393247
748881,1,1,6,227.7279577906454
748908,0,1,0,0.2014184087478216
748914,1,1,3,89.05817253357907
748928,1,1,2,245.4488076103546
748931,1,1,4,0.42645458358136
748938,1,1,9,712.9525129847041
748954,1,1,6,770.3830984890492
748958,1,1,8,297.9883207322162
748965,1,1,1,455.36877590728625
748983,1,1,10,721.8929387089647
748995,1,1,4,0.42645458358136
749001,1,1,9,436.22072926007166
749011,1,1,5,0.42645457969393247
749017,1,1,5,0.42645457969393247
749021,1,1,9,456.6114161031249
749035,1,1,4,0.42645458358136
749040,1,1,8,510.9048303944507
749045,1,1,1,736.6437358538388
749059,1,1,6,363.2909935934456
749065,1,1,7,137.49964329377212
749066,1,1,10,614.327018515262
749069,1,1,5,0.42645457969393247
749078,0,1,0,0.11096576909648813
749080,1,1,8,513.7824202831721
749104,1,1,9,554.3698458939872
749118,1,1,4,0.42645458358136
749137,1,1,9,55.929776200662296
749138,1,1,9,861.0304292445516
749145,1,1,10,151.07631242933246
749151,1,1,9,135.68537972705312
749154,1,1,7,168.80371996744975
749165,1,1,1,362.58100139234307
749183,1,1,5,0.42645457969393247
749187,1,1,6,493.2377641723436
749192,1,1,7,169.57782071100948
749205,1,1,9,407.55232589953994
749213,1,1,7,34.24362189139554
749214,1,1,10,129.07541427727824
749222,1,1,4,0.42645458358136
749225,1,1,4,0.42645458358136
749226,1,1,4,0.42645458358136
749234,1,1,8,514.584711754121
749245,1,1,9,809.76765625846
749249,1,1,6,406.79267469661033
749299,1,1,7,98.54519691231819
749310,1,1,4,0.42645458358136
749318,1,1,7,128.01146252581097
749339,1,1,9,308.1893424820622
749341,1,1,9,849.7405904935697
749351,1,1,6,508.41231133847407
749399,1,1,7,148.31285198273852
749419,1,1,4,0.42645458358136
749423,1,1,9,635.0368807153694
749456,1,1,4,0.42645458358136
749466,1,1,10,400.2263489371942
749491,1,1,9,677.4630979440583
749518,1,1,10,720.0834634949201
749539,1,1,6,537.8628941987228
749549,1,1,6,253.73677072198709
749552,1,1,5,0.42645457969393247
749561,1,1,1,253.2903811863525
749580,1,1,7,145.97642379083908
749584,1,1,4,0.42645458358136
749603,1,1,6,416.3912303136077
749608,1,1,5,0.42645457969393247
749621,1,1,8,840.5593652008272
749634,1,1,5,0.42645457969393247
749636,1,1,6,797.8854564315233
749641,1,1,1,588.0676447431615
749661,1,1,10,722.2470892969296
749666,1,1,4,0.42645458358136
749676,1,1,8,943.8811390672593
749682,1,1,10,147.38505267414783
749688,1,1,9,625.2963824031575
749696,1,1,6,807.646481586714
749704,1,1,6,221.56451375955913
749707,1,1,5,0.42645457969393247
749711,1,1,6,455.47481856671527
749715,1,1,1,658.8534545234833
749726,1,1,3,49.797957721246014
749727,1,1,4,0.42645458358136
749751,1,1,6,578.111677652545
749756,1,1,6,399.4095094676326
749766,1,1,1,753.673112482191
749771,1,1,4,0.42645458358136
749779,1,1,1,483.6916754361139
749789,1,1,6,568.8211599845001
749794,1,1,2,383.3028330895392
749801,1,1,9,456.831630548904
749806,1,1,6,750.8553957676728
749811,1,1,8,829.7567750285286
749818,1,1,10,176.1912605418427
749821,1,1,1,645.6946656062423
749844,1,1,5,0.42645457969393247
749846,1,1,4,0.42645458358136
749847,1,1,9,745.2925201826524
749851,1,1,8,721.7287050369442
749866,1,1,9,269.2280638655206
749870,1,1,5,0.42645457969393247
749878,1,1,8,915.0931698358696
749883,1,1,5,0.42645457969393247
749884,1,1,9,819.7744185938412
749893,1,1,9,848.0142878180942
749909,1,1,9,340.9122845000679
749960,1,1,6,613.4607450935
749962,1,1,6,156.64562869902915
749968,1,1,8,261.33298755227565
749974,1,1,9,801.2169447540374
749983,1,1,3,45.93616685974837
749997,1,1,2,104.61692055917248
750016,1,1,6,526.8140738609189
750033,1,1,5,0.42645457969393247
750042,1,1,8,770.6776056337096
750055,1,1,10,590.6716133314593
750058,1,1,7,83.72770984634188
750073,1,1,4,0.42645458358136
750077,1,1,10,106.48884669721613
750078,1,1,8,267.9820044451
750081,1,1,5,0.42645456789925423
750085,1,1,10,459.72039205807454
750088,1,1,9,784.8550038671027
750101,1,1,9,640.3744116506074
750104,1,1,8,612.7833267308285
750111,1,1,10,638.8764389431196
750127,1,1,9,282.9613112863728
750130,1,1,7,62.19408707424438
750139,1,1,5,0.42645457969393247
750140,1,1,8,491.80995678836916
750141,1,1,5,0.42645457969393247
750146,1,1,4,0.42645458358136
750147,1,1,5,0.42645457969393247
750148,1,1,5,0.42645457969393247
750179,1,1,6,192.72102665438103
750184,1,1,9,403.94961137018174
750185,1,1,4,0.42645458358136
750186,1,1,9,452.62909729375326
750200,1,1,6,806.36667435004
750211,1,1,9,527.4972706025679
750228,1,1,8,728.4266150360994
750232,1,1,9,825.7963904462332
750241,1,1,6,803.3767764429774
750249,1,1,1,412.6187506021647
750267,1,1,7,148.74815384710254
750309,1,1,1,541.7064735392328
750322,1,1,8,335.222087219503
750336,1,1,1,591.4466304412396
750339,1,1,5,0.42645457969393247
750341,1,1,10,668.7390868357295
750351,1,1,10,719.6569438948678
750355,1,1,4,0.42645458358136
750359,1,1,10,181.66314731169263
750382,1,1,9,813.9924658574703
750407,1,1,9,810.2503029277055
750421,1,1,5,0.42645457969393247
750436,1,1,3,89.73860643662464
750449,1,1,4,0.42645458358136
750456,1,1,4,0.42645458358136
750458,1,1,4,0.42645458358136
750459,1,1,6,452.47033336625043
750460,1,1,9,462.1838348475757
750474,1,1,10,460.39308220876677
750499,1,1,10,339.7790119038242
750530,1,1,4,0.42645458358136
750539,1,1,4,0.42645458358136
750546,1,1,10,260.87890550580516
750550,1,1,6,698.9241848283381
750551,1,1,10,722.7447250358736
750560,1,1,6,624.105252898975
750578,1,1,4,0.42645458358136
750579,1,1,6,485.5081939460485
750637,1,1,8,606.397179216944
750657,1,1,9,651.1543149599648
750658,1,1,2,163.4754943412619
750708,1,1,6,309.464889902267
750732,1,1,4,0.42645458358136
750733,1,1,6,643.5056247911294
750736,1,1,6,783.0842898534047
750739,0,1,0,0.09078784760653302
750758,1,1,8,238.7244339130075
750772,1,1,9,871.8798821036729
750774,1,1,9,662.0617063099471
750788,1,1,8,390.4618340323932
750792,1,1,8,319.43303231760643
750796,1,1,5,0.42645456789925423
750799,1,1,3,65.92425610565438
750801,1,1,6,497.1961617702927
750814,1,1,9,510.86266599677896
750827,1,1,10,123.60641384432971
750832,1,1,5,0.42645457969393247
750855,1,1,4,0.42645458358136
750859,1,1,9,652.6819750202692
750881,1,1,2,387.05054100130894
750885,1,1,1,256.5773690642704
750891,1,1,4,0.42645458358136
750897,1,1,5,0.42645457969393247
750924,1,1,3,90.07503931208515
750935,1,1,5,0.42645457969393247
750945,1,1,10,719.3243741073474
750956,1,1,8,704.9977021547127
750961,1,1,5,0.42645457969393247
750965,1,1,4,0.42645458358136
750966,1,1,6,404.52226981879977
750968,1,1,4,0.42645458358136
750977,1,1,9,829.6288008861882
750993,1,1,6,306.4680946831407
751019,1,1,9,626.4532638017112
751028,1,1,6,407.4213649732046
751029,1,1,9,190.66764862165442
751032,1,1,4,0.42645458358136
751070,1,1,6,747.0895401152051
751072,1,1,4,0.42645458358136
751089,1,1,5,0.42645457969393247
751090,1,1,4,0.42645458358136
751102,1,1,3,85.27654710311529
751122,1,1,10,320.1774064651905
751125,1,1,8,246.44074876208134
751132,1,1,2,376.28918432498426
751139,0,1,0,0.14963365864065578
751162,1,1,8,754.4018696471236
751165,1,1,1,590.4119431209326
751174,1,1,10,720.7796536208713
751193,1,1,4,0.42645458358136
751224,1,1,10,418.99328717960304
751228,1,1,5,0.42645457969393247
751240,1,1,4,0.42645458358136
751264,1,1,6,582.0578777858693
751277,1,1,5,0.42645457969393247
751280,1,1,6,803.7990325578227
751284,1,1,4,0.42645458358136
751285,1,1,5,0.42645457969393247
751296,1,1,4,0.42645458358136
751310,1,1,1,339.1559776107674
751312,1,1,4,0.42645458358136
751321,1,1,6,316.5313717641126
751331,1,1,3,85.77784822531194
751337,1,1,8,655.0115750108779
751347,1,1,4,0.42645458358136
751356,1,1,6,356.4169585339605
751358,1,1,8,157.24255926700351
751379,1,1,5,0.42645457969393247
751381,1,1,10,705.6327620087844
751392,1,1,9,722.7617650311292
751405,1,1,5,0.42645457969393247
751416,1,1,6,778.9164197215847
751419,1,1,4,0.42645458358136
751438,1,1,8,812.0605462432563
751448,1,1,6,405.2495893656098
751464,1,1,6,807.4525053011065
751466,0,1,0,0.10920773218014786
751467,1,1,9,371.0384290158929
751468,1,1,5,0.42645457969393247
751481,1,1,9,543.3929941043151
751483,1,1,2,317.5453677746244
751484,1,1,9,722.6046076923076
751485,1,1,5,0.42645457969393247
751486,1,1,9,808.1991041334257
751503,1,1,1,156.26209686169634
751524,1,1,10,570.5892368622435
751526,1,1,5,0.42645457969393247
751565,1,1,8,354.81264408352723
751568,1,1,5,0.42645457969393247
751577,1,1,4,0.42645458358136
751582,1,1,7,153.5349399476015
751583,1,1,7,160.86531659686304
751599,1,1,9,56.64900771893543
751606,1,1,8,289.14144048173387
751646,1,1,9,594.0682975218818
751649,1,1,8,667.3140022508354
751658,1,1,2,468.53441783718745
751668,1,1,9,66.2592039747406
751670,1,1,10,372.8952189801016
751676,1,1,10,668.4776598040039
751685,1,1,9,381.48718137172665
751687,1,1,4,0.42645458358136
751692,1,1,5,0.42645457969393247
751694,1,1,8,886.1378692181131
751698,1,1,3,81.92984150186759
751721,1,1,10,255.93072120575053
751732,1,1,7,89.42697886045787
751748,1,1,7,75.45376730622014
751750,1,1,3,89.30431499503987
751775,1,1,5,0.42645457969393247
751799,1,1,6,161.01645159294566
751807,1,1,3,91.25962025034251
751831,1,1,2,210.08226231884095
751841,1,1,10,254.13036478490338
751845,1,1,6,483.85764160031187
751849,1,1,6,577.5262799837195
751862,1,1,6,480.19675942146415
751864,1,1,4,0.42645458358136
751878,1,1,6,474.9779649230173
751885,1,1,5,0.42645457969393247
751889,1,1,5,0.42645457969393247
751901,1,1,5,0.42645457969393247
751907,1,1,10,502.59733082368956
751921,1,1,7,106.32698274823906
751923,1,1,9,859.5074266156034
751944,1,1,5,0.42645457969393247
751949,1,1,5,0.42645457969393247
751956,1,1,5,0.42645457969393247
751958,1,1,5,0.42645457969393247
751959,1,1,4,0.42645458358136
751965,1,1,9,536.6216329183819
751971,1,1,6,529.8578161676085
751972,1,1,7,155.8949297689217
751973,1,1,8,465.29989748358446
751991,1,1,6,339.08223166627715
752006,1,1,4,0.42645458358136
752013,1,1,6,408.97533520544954
752038,1,1,8,524.3005026326001
752058,1,1,1,583.6955855604771
752093,1,1,8,509.6447484305676
752105,1,1,6,544.2458492615563
752106,1,1,9,563.1115956801148
752107,1,1,8,892.445045526512
752108,1,1,4,0.42645458358136
752115,1,1,10,328.1311989114778
752136,1,1,5,0.42645457969393247
752137,1,1,7,129.2833948282882
752171,1,1,4,0.42645458358136
752172,1,1,7,61.65977468836531
752188,1,1,4,0.42645458358136
752197,1,1,6,308.43935508259034
752210,1,1,10,356.8709139206957
752215,1,1,4,0.42645458358136
752217,1,1,2,448.2429533317873
752227,1,1,9,810.0885296144241
752239,0,1,0,0.14650892443828042
752240,1,1,5,0.42645457969393247
752241,1,1,10,175.39911813568932
752292,1,1,8,648.8132598231751
752315,1,1,10,438.39017722908187
752323,1,1,10,365.50075357106
752336,1,1,5,0.42645457969393247
752340,1,1,9,543.9326909733244
752380,1,1,5,0.42645457969393247
752387,1,1,5,0.42645457969393247
752392,1,1,4,0.42645458358136
752408,1,1,8,388.8670988363465
752427,1,1,6,541.9578101092126
752436,1,1,3,90.47713753635001
752440,1,1,9,321.0511107697728
752444,0,1,0,0.09716610514232213
752449,1,1,10,522.789294345069
752481,1,1,5,0.42645457969393247
752489,1,1,8,434.9643754880917
752501,1,1,8,385.07918048867066
752507,1,1,6,527.9134785581628
752546,1,1,10,721.5020624063308
752547,1,1,9,616.5447443743436
752559,1,1,8,321.5900273169517
752576,1,1,7,18.226626914783257
752586,1,1,9,877.8268801197262
752603,1,1,5,0.42645457969393247
752614,1,1,8,451.41767379063265
752618,1,1,4,0.42645458358136
752632,1,1,6,515.0587051505717
752653,1,1,9,519.413205948313
752671,1,1,7,89.24526300656073
752688,1,1,1,323.38056771401045
752690,1,1,9,122.2422449122037
752705,1,1,3,33.88365714415687
752720,1,1,9,532.8015043842811
752721,1,1,8,689.8215293642107
752723,1,1,8,352.21391951950307
752726,1,1,8,512.2248796376554
752732,1,1,5,0.42645457969393247
752748,1,1,6,463.08070938229963
752771,1,1,4,0.42645458358136
752779,1,1,9,366.4719007109605
752787,1,1,4,0.42645458358136
752804,1,1,7,19.90790179980478
752807,1,1,6,556.5580640369815
752817,1,1,4,0.42645458358136
752818,1,1,5,0.42645456789925423
752833,1,1,5,0.42645456789925423
752840,1,1,6,555.0133316897341
752848,1,1,5,0.42645457969393247
752849,1,1,4,0.42645458358136
752876,1,1,6,155.65430834982837
752892,1,1,10,718.4564748362801
752894,1,1,9,781.8581956894566
752907,1,1,2,360.63811476996943
752928,1,1,6,661.2422900215508
752931,1,1,9,123.7928474959298
752937,1,1,8,913.9552560706493
752992,1,1,8,143.5348976242621
752995,1,1,8,819.7624567284881
752996,1,1,9,429.2824224139868
753008,1,1,1,691.0896100186571
753024,1,1,4,0.42645458358136
753025,1,1,4,0.42645458358136
753035,1,1,5,0.42645457969393247
753052,1,1,9,488.124253847009
753053,1,1,8,572.1224593855139
753056,1,1,8,769.6726152991673
753068,1,1,6,266.8150582615718
753079,1,1,6,738.9523574664659
753088,1,1,9,887.2955349854669
753098,1,1,10,267.3954734799303
753099,1,1,9,611.6045231432548
753116,1,1,10,376.17334876539064
753122,1,1,6,162.24507005940697
753131,1,1,4,0.42645458358136
753134,0,1,0,0.14286954683093525
753147,1,1,4,0.42645458358136
753151,1,1,10,232.1678589856206
753154,1,1,9,41.86390986260556
753167,1,1,6,591.0517640050991
753178,1,1,6,112.09586571465005
753190,1,1,4,0.42645458358136
753192,1,1,9,677.0102689355803
753216,1,1,5,0.42645457969393247
753219,1,1,8,817.6218207459233
753236,1,1,8,348.85017017991976
753242,1,1,4,0.42645458358136
753249,1,1,6,750.7699562732163
753255,1,1,5,0.42645457969393247
753290,1,1,10,679.1753441732031
753291,1,1,1,294.3154548901186
753300,1,1,8,917.0881179798397
753326,1,1,8,785.4682538604845
753342,1,1,8,669.1839367424996
753345,1,1,9,837.5145773786102
753359,1,1,4,0.42645458358136
753365,1,1,9,243.0876663571374
753377,1,1,9,778.2836280646541
753383,1,1,5,0.42645457969393247
753384,1,1,1,159.81100569512031
753402,1,1,5,0.42645457969393247
753405,1,1,9,312.9966024246124
753411,1,1,7,39.314855770964826
753412,1,1,6,572.2061557924856
753419,1,1,5,0.42645457969393247
753443,1,1,8,700.0085806122814
753467,1,1,3,70.9133155087401
753497,1,1,9,223.13710807653715
753519,1,1,1,690.3319399353879
753532,1,1,8,164.78485931603979
753534,1,1,7,68.14550846494998
753535,1,1,5,0.42645457969393247
753538,1,1,3,86.35586921196297
753558,1,1,6,495.3410968214744
753561,1,1,7,47.005226940881414
753568,1,1,8,820.4447089779583
753580,1,1,7,84.00499213594865
753591,1,1,8,697.8824955834984
753595,1,1,6,157.4510540453826
753596,1,1,5,0.42645457969393247
753598,1,1,5,0.42645457969393247
753600,1,1,1,172.56507899793627
753608,1,1,4,0.42645458358136
753614,1,1,4,0.42645458358136
753619,1,1,9,470.44578229005606
753632,0,1,0,0.12421804160355122
753638,1,1,5,0.42645457969393247
753651,1,1,5,0.42645457969393247
753652,1,1,1,616.3103877744635
753655,1,1,8,596.7149865600421
753676,1,1,1,480.39298634465354
753690,1,1,10,718.6587759283462
753704,1,1,10,338.1830209281948
753705,1,1,5,0.42645457969393247
753707,1,1,10,379.17452049341813
753709,1,1,6,119.41516025367353
753720,1,1,7,172.49587580180798
753736,1,1,2,382.57724001212404
753740,1,1,6,773.7120359058321
753744,1,1,5,0.42645457969393247
753750,1,1,5,0.42645457969393247
753751,1,1,9,641.9339132347716
753760,1,1,5,0.42645456789925423
753784,1,1,6,773.5780554750617
753787,1,1,10,533.6128843433245
753800,1,1,8,805.8668830072922
753802,1,1,9,506.1006166359224
753826,1,1,8,603.9318360103782
753832,1,1,7,58.412770795364224
753846,1,1,6,527.0642150003902
753849,1,1,6,275.89912748316397
753854,1,1,8,629.6684975594161
753859,1,1,9,314.5461145409412
753862,1,1,4,0.42645458358136
753867,0,1,0,0.2405844073569991
753879,1,1,5,0.42645457969393247
753883,1,1,8,890.9838961521517
753884,1,1,3,71.06071882134154
753887,1,1,9,737.5950200129588
753894,1,1,10,337.7026506990481
753898,1,1,4,0.42645458358136
753910,1,1,8,941.9772132085598
753912,1,1,5,0.42645457969393247
753917,1,1,4,0.42645458358136
753928,1,1,4,0.42645458358136
753933,1,1,6,808.2396268370007
753944,1,1,2,249.8440891005627
753948,1,1,10,336.4685315032231
753960,1,1,10,437.02856195648883
753991,1,1,8,433.5000722404239
753993,1,1,4,0.42645458358136
754005,1,1,4,0.42645458358136
754006,1,1,10,187.84603210701897
754014,1,1,4,0.4264545919581291
754020,1,1,4,0.4264545919581291
754028,1,1,6,409.92700215948145
754031,1,1,9,859.8678365394925
754050,1,1,9,273.7583222438211
754052,1,1,4,0.42645458358136
754056,1,1,5,0.42645457969393247
754068,1,1,2,368.97991153070444
754078,1,1,4,0.42645458358136
754081,1,1,8,394.9177155694801
754082,1,1,10,200.51563155280206
754085,1,1,5,0.42645457969393247
754089,0,1,0,0.09392324640906724
754090,1,1,4,0.42645458358136
754098,1,1,8,781.8634766802521
754102,1,1,6,765.5578511089346
754108,1,1,8,900.2325817981397
754113,1,1,8,623.1883969826604
754114,1,1,5,0.42645457969393247
754116,1,1,5,0.42645457969393247
754124,1,1,8,946.1483905182341
754125,1,1,9,762.5070105476843
754130,1,1,7,88.61434780698549
754154,1,1,10,719.8950896901373
754170,1,1,3,84.61582111231071
754175,1,1,6,627.1465543752954
754196,1,1,10,716.1648829563525
754205,1,1,8,554.5309368744427
754211,1,1,8,666.9057702802058
754212,1,1,8,274.26141813969446
754225,1,1,6,153.7057244105538
754227,1,1,8,561.158550535329
754231,1,1,5,0.42645456789925423
754276,1,1,5,0.42645456789925423
754296,1,1,8,659.7671829364898
754300,1,1,4,0.42645458358136
754306,1,1,9,589.0180421340855
754308,1,1,7,133.4000285587524
754316,1,1,6,547.559004150953
754326,1,1,1,308.65577164183475
754327,1,1,4,0.42645458358136
754342,1,1,2,381.58200590862015
754349,1,1,8,832.3377039818905
754352,1,1,4,0.42645458358136
754365,1,1,6,631.4890117447256
754372,1,1,4,0.42645458358136
754378,1,1,1,237.78779087989042
754389,1,1,5,0.42645457969393247
754416,1,1,3,87.97674412982504
754420,1,1,9,795.8957060710363
754424,1,1,4,0.42645458358136
754429,1,1,7,96.11732945038158
754435,1,1,1,161.43692638810302
754450,1,1,6,737.5014215648141
754453,1,1,8,395.3526857307172
754471,1,1,6,793.247552613889
754507,1,1,5,0.42645457969393247
754516,1,1,7,121.3619434219932
754535,1,1,5,0.42645457969393247
754536,1,1,10,603.662572659522
754541,1,1,4,0.42645458358136
754555,1,1,9,871.6416159351422
754611,1,1,6,775.7600093919478
754628,1,1,3,60.76454396799108
754634,1,1,9,828.0362923576176
754652,1,1,4,0.4264545919581291
754655,1,1,7,166.30271258220492
754662,1,1,3,46.54606891732194
754664,1,1,8,468.98442062609985
754670,1,1,6,500.59847947513634
754671,1,1,5,0.42645457969393247
754717,1,1,4,0.42645458358136
754723,0,1,0,0.11317551846339471
754740,1,1,10,665.0014126101729
754748,1,1,4,0.42645458358136
754752,1,1,4,0.42645458358136
754754,1,1,5,0.42645457969393247
754781,1,1,9,778.4503366184778
754782,1,1,10,350.8737721628284
754786,1,1,4,0.42645458358136
754792,1,1,8,644.7843538025865
754793,1,1,10,134.44867545865227
754795,1,1,9,665.8745731381673
754805,1,1,5,0.42645457969393247
754809,1,1,8,518.5271668553529
754822,1,1,6,566.4593870186018
754823,1,1,6,742.3187246829838
754833,1,1,9,96.77792904954767
754838,1,1,6,705.6005459552589
754846,1,1,8,336.7855331272544
754851,1,1,7,67.74019776229484
754856,1,1,4,0.42645457969393247
754859,1,1,9,524.799581626364
754868,1,1,8,718.4568888759694
754869,1,1,9,723.1910657607497
754908,1,1,1,453.9062832210957
754931,1,1,9,624.1618607308401
754933,1,1,8,439.9056436667876
754944,1,1,9,271.2450139991249
754946,1,1,9,879.6910591899269
754948,1,1,6,448.7752571754604
754965,1,1,8,480.45622949298746
755002,1,1,5,0.42645457969393247
755006,1,1,9,334.31039710525494
755016,1,1,9,429.7285857730646
755052,1,1,2,329.23624827281367
755064,1,1,5,0.42645457969393247
755069,1,1,10,261.4271125887874
755070,1,1,9,839.4682441921723
755072,1,1,9,111.04102856690923
755076,1,1,5,0.42645457969393247
755099,1,1,9,549.0354913920607
755118,1,1,2,459.05507434140054
755122,1,1,3,78.72252370947274
755129,1,1,10,125.93256650309519
755134,1,1,6,600.0764618371611
755141,1,1,8,714.6724517998256
755148,1,1,1,732.8186030845013
755151,1,1,4,0.42645458358136
755158,1,1,4,0.42645458358136
755168,1,1,10,669.5185666667185
755177,1,1,10,407.6390332710866
755190,1,1,4,0.42645458358136
755202,1,1,8,342.6550134499321
755206,1,1,5,0.42645457969393247
755226,1,1,10,289.5534789532864
755238,0,1,0,0.10069381003865259
755258,1,1,6,671.2644737454656
755268,1,1,6,802.982052834256
755269,1,1,10,460.35257365700886
755280,1,1,8,603.9672361949009
755302,1,1,5,0.42645457969393247
755313,1,1,1,498.384900298344
755321,1,1,9,612.0224301934752
755327,1,1,10,659.3902803142511
755345,1,1,1,399.83242295552856
755355,1,1,4,0.42645458358136
755356,1,1,9,725.199389491017
755361,1,1,10,496.01166155458054
755362,1,1,8,537.0561052550369
755383,1,1,4,0.42645458358136
755402,1,1,1,591.7106296789105
755423,1,1,6,655.811127941995
755437,1,1,10,624.6430325980419
755455,1,1,9,397.9912492829418
755466,1,1,1,571.8577541636035
755468,1,1,10,669.449972600944
755489,1,1,5,0.42645457969393247
755493,1,1,5,0.42645457969393247
755512,0,1,0,0.11395434343415253
755513,1,1,8,645.5163108268438
755534,1,1,9,843.1262424087554
755540,1,1,10,578.5853306811241
755541,1,1,6,421.22264288955387
755547,1,1,9,271.96775297491405
755570,1,1,5,0.42645457969393247
755571,1,1,9,617.180080402482
755603,1,1,5,0.42645457969393247
755607,1,1,8,512.6679675825945
755624,1,1,5,0.42645457969393247
755625,1,1,1,720.2747911385297
755626,1,1,9,714.5040554695088
755628,1,1,4,0.42645458358136
755636,1,1,1,209.97626326192994
755649,1,1,4,0.42645458358136
755671,1,1,1,365.04063880395006
755679,1,1,10,212.19060582725368
755696,0,1,0,0.11394039228121275
755703,1,1,7,147.72100163629165
755723,1,1,9,872.3014018464804
755725,1,1,5,0.42645457969393247
755726,1,1,6,663.1782614384161
755729,1,1,4,0.42645458358136
755730,1,1,1,639.8781645694851
755743,1,1,8,418.4462086629356
755767,1,1,6,795.4538621120049
755772,1,1,1,417.29710653996835
755784,1,1,10,406.97326285642345
755791,1,1,4,0.42645458358136
755794,1,1,9,204.26681443709273
755811,1,1,10,614.5086569971032
755812,1,1,9,854.974665386635
755815,1,1,10,512.2284513950523
755821,1,1,3,93.13234884297177
755850,1,1,1,719.7143391191521
755852,1,1,2,345.9889149888015
755868,1,1,8,264.25380384404286
755885,1,1,6,790.2337430730732
755891,1,1,8,609.3021256915407
755896,1,1,7,139.25180124396383
755913,1,1,5,0.42645457969393247
755918,1,1,1,262.8294221441912
755930,1,1,4,0.4264545919581291
755932,1,1,8,384.34147545888754
755937,1,1,10,720.9175869365823
755944,1,1,6,741.0621532618752
755948,1,1,1,223.82823238272942
755957,0,1,0,0.11679453917211836
755960,1,1,9,295.74598315254786
755963,1,1,10,659.7235667648921
755973,1,1,6,585.5895171324429
755976,1,1,8,617.1970168834324
755979,1,1,9,545.287913956342
755986,1,1,6,297.7837568676627
755998,1,1,4,0.42645458358136
756009,1,1,5,0.42645457969393247
756034,1,1,7,59.296981622125514
756036,1,1,9,450.3521304191715
756057,1,1,6,268.7450021344069
756062,1,1,9,487.1631632453818
756077,1,1,9,659.9783889143193
756085,1,1,1,448.83840748680166
756091,1,1,9,355.04167159713006
756101,1,1,9,511.4407577431508
756111,1,1,1,426.09891487914484
756138,1,1,4,0.42645457969393247
756167,1,1,2,216.69575327206377
756176,1,1,6,158.44018228310534
756183,1,1,8,620.7627665057385
756187,1,1,9,809.7519960010867
756203,1,1,3,93.02909972868521
756204,1,1,8,887.8016397635613
756215,1,1,9,714.6685180711161
756219,1,1,5,0.42645457969393247
756223,1,1,5,0.42645456789925423
756228,1,1,6,749.3221506521065
756240,1,1,7,155.91992664224438
756243,1,1,9,205.30071881474376
756246,1,1,9,566.1319143559767
756253,1,1,2,298.6092433490664
756262,1,1,6,560.6428863210135
756299,1,1,3,91.41541062222237
756322,1,1,8,336.95808489209486
756333,1,1,9,407.2306902409488
756342,1,1,8,519.5909018689322
756346,1,1,7,75.18474549968651
756348,1,1,8,743.3193454963746
756365,1,1,10,460.0262750027096
756370,1,1,9,599.915314264364
756374,1,1,4,0.42645458358136
756377,1,1,1,637.1644704885261
756379,1,1,4,0.42645458358136
756399,1,1,8,940.6115066450296
756415,1,1,6,511.48698287859094
756416,1,1,2,301.59125812508404
756420,1,1,1,541.0599120337312
756432,1,1,9,719.5006798739336
756463,1,1,8,885.9181436264704
756481,1,1,4,0.42645458358136
756485,1,1,10,506.4543208385085
756491,1,1,3,89.56179310963411
756495,1,1,6,716.949078462162
756515,1,1,10,187.57767374355566
756522,1,1,9,316.3223851557214
756523,1,1,1,328.63942504756403
756534,1,1,9,612.9323515704864
756540,1,1,9,814.6057745123517
756545,1,1,8,235.67665648000553
756556,1,1,10,645.7237554574473
756561,1,1,5,0.42645457969393247
756576,1,1,8,543.4835739362778
756581,1,1,5,0.42645457969393247
756586,1,1,3,92.6519945687869
756589,1,1,8,834.897491091069
756609,1,1,8,215.62833487994766
756610,1,1,3,81.64113028810654
756612,1,1,8,537.1134553701357
756626,1,1,9,778.1628777153021
756629,1,1,8,479.4876188960817
756630,0,1,0,0.20681883077615273
756632,1,1,10,229.33453060961745
756665,1,1,9,840.3596753820563
756672,1,1,10,371.72319730733557
756692,1,1,7,158.42348158549368
756700,1,1,4,0.42645458358136
756708,1,1,8,795.0467031971
756709,1,1,6,777.6271831715719
756713,1,1,4,0.42645458358136
756724,1,1,5,0.42645457969393247
756779,1,1,5,0.42645457969393247
756808,1,1,6,778.9270985257406
756817,1,1,9,600.8352620211942
756826,1,1,1,224.41648957318324
756828,1,1,8,374.04367281033586
756829,1,1,8,781.4325563463049
756831,1,1,5,0.42645457969393247
756841,1,1,6,621.9710403579157
756843,1,1,3,78.95520086009834
756852,1,1,3,49.84677592064085
756860,1,1,1,739.7758543964305
756879,1,1,1,356.57763912115433
756899,1,1,8,666.8858538893722
756904,1,1,10,443.66659591038547
756909,1,1,9,871.4818389853044
756917,1,1,9,397.2107137742776
756924,1,1,9,463.2928954860064
756944,1,1,8,339.91345432506387
756946,1,1,5,0.42645457969393247
756957,1,1,5,0.42645457969393247
756968,1,1,8,517.3665227260523
756973,1,1,4,0.42645458358136
757016,1,1,9,835.7345309008665
757024,1,1,9,449.50886940766503
757028,1,1,9,189.7286825837951
757036,1,1,6,156.3682756876817
757037,1,1,5,0.42645457969393247
757046,1,1,9,250.8110854727549
757058,1,1,5,0.42645457969393247
757060,1,1,9,810.0476296548017
757067,1,1,10,450.67480044133896
757070,1,1,5,0.42645457969393247
757072,1,1,2,470.9694358055807
757080,1,1,9,317.1139057322767
757125,1,1,9,240.3517726026859
757141,1,1,9,727.9011801629182
757154,1,1,7,37.35791005010413
757157,1,1,9,728.6338443560322
757185,1,1,1,616.2827108162666
757190,1,1,5,0.42645457969393247
757196,1,1,8,596.0396080153841
757230,1,1,9,685.468906603092
757233,1,1,6,750.6751950589346
757252,1,1,9,232.18735661786187
757260,1,1,1,364.2269029194907
757267,1,1,5,0.42645457969393247
757272,1,1,6,732.4597580481976
757281,1,1,9,872.8244830413173
757292,1,1,5,0.42645457969393247
757296,1,1,10,450.8056634356553
757301,1,1,7,123.31481039833105
757306,1,1,1,751.0572894981533
757320,1,1,2,222.39488086370883
757321,1,1,9,616.3625512392764
757331,0,1,0,0.15181685869119102
757377,1,1,5,0.42645457969393247
757378,1,1,9,778.0455844075656
757381,1,1,9,571.02772365467
757393,1,1,6,746.7970676325469
757411,1,1,6,445.65535054473474
757421,1,1,3,55.61430550736961
757431,1,1,6,737.5215409543885
757448,1,1,7,10.47768376028823
757475,1,1,4,0.42645458358136
757483,1,1,9,674.8833874779482
757488,1,1,4,0.42645458358136
757490,1,1,4,0.42645458358136
757495,1,1,10,393.47040098411674
757500,1,1,8,722.6703546301577
757502,1,1,4,0.42645458358136
757509,1,1,9,814.3648681128894
757516,1,1,5,0.42645457969393247
757528,1,1,3,44.65841783979496
757530,1,1,9,453.76534292584824
757534,1,1,1,394.2006100710017
757535,1,1,9,530.8439714994856
757537,0,1,0,0.11019613062929882
757538,1,1,10,260.0608142048038
757549,1,1,3,33.84638960992299
757553,1,1,7,161.33806204416587
757566,1,1,4,0.42645458358136
757567,1,1,5,0.42645457969393247
757607,1,1,9,424.9018245166694
757616,1,1,8,321.3086734257562
757620,1,1,9,666.0967133798782
757622,1,1,4,0.42645458358136
757660,1,1,9,865.2310152223422
757662,1,1,9,534.288714130803
757663,1,1,1,276.3292057426777
757664,1,1,4,0.42645458358136
757677,1,1,7,130.2042050567741
757689,1,1,10,625.4337877764353
757690,1,1,9,608.538260660517
757699,1,1,4,0.42645458358136
757712,1,1,8,749.6506722062528
757714,1,1,6,531.4858717896044
757726,1,1,10,253.00330595541897
757727,1,1,6,231.4366369353509
757740,1,1,6,641.3181235780631
757775,1,1,9,794.7061245573999
757853,1,1,9,813.7379013260414
757861,1,1,4,0.42645458358136
757865,1,1,4,0.42645458358136
757869,1,1,6,626.7663809618234
757881,1,1,5,0.42645457969393247
757887,1,1,7,144.21405287737252
757896,1,1,9,796.9097805020737
757902,1,1,8,516.340029091103
757913,1,1,4,0.42645458358136
757937,1,1,9,888.6763432318473
757959,1,1,4,0.42645458358136
757968,1,1,7,101.38058360180614
757974,1,1,2,234.93358529517255
757996,1,1,10,433.58576229386006
758009,1,1,3,86.5322846450439
758010,1,1,5,0.42645457969393247
758014,1,1,5,0.42645457969393247
758017,1,1,8,868.8184398339355
758027,1,1,4,0.42645458358136
758031,1,1,10,663.7932811746438
758036,1,1,6,662.6717096180656
758065,1,1,8,529.7494706813662
758077,1,1,9,606.601537692109
758096,1,1,5,0.42645457969393247
758100,1,1,9,587.997849328538
758148,1,1,5,0.42645457969393247
758159,0,1,0,0.15172229676469093
758191,1,1,1,203.71085242277508
758198,1,1,10,420.1088026334699
758245,1,1,3,86.5131892573197
758256,1,1,1,513.583258777146
758273,1,1,9,720.8374208243189
758289,1,1,3,88.05510025436509
758307,1,1,6,546.6552128599375
758314,1,1,7,23.28271553783998
758315,1,1,8,514.2521019618779
758343,1,1,6,242.96694893004846
758350,1,1,10,687.0085205931065
758359,1,1,8,784.9705525494953
758361,1,1,4,0.42645458358136
758385,1,1,10,558.8416444298555
758406,1,1,2,255.7497833706016
758418,1,1,8,637.3471256518816
758420,1,1,5,0.42645457969393247
758427,1,1,4,0.42645458358136
758442,1,1,9,530.0148341290978
758454,1,1,9,887.0094312740589
758455,1,1,9,604.8371379726764
758461,1,1,4,0.42645458358136
758462,1,1,7,163.72798440823271
758463,1,1,6,430.89801654272316
758467,1,1,9,173.31536411850635
758484,1,1,10,195.43367411659412
758488,1,1,9,588.3191810893602
758497,1,1,5,0.42645457969393247
758507,1,1,7,58.12100045260067
758521,1,1,4,0.42645458358136
758528,1,1,3,90.19848766951483
758532,1,1,4,0.42645458358136
758540,1,1,5,0.42645457969393247
758545,1,1,9,603.1495489021974
758553,1,1,8,555.8524490830524
758560,1,1,7,160.39334785711821
758569,1,1,6,344.6748096047432
758571,1,1,6,563.1484650722094
758597,1,1,7,174.9276159308342
758610,1,1,9,671.6527084702881
758621,1,1,8,829.9417568341319
758625,1,1,5,0.42645457969393247
758641,1,1,4,0.4264545919581291
758653,1,1,6,322.4004967859434
758668,1,1,6,626.9007223834051
758679,1,1,6,302.2205838226128
758683,1,1,7,94.36418223726446
758689,1,1,6,617.9781880919294
758693,1,1,5,0.42645457969393247
758735,1,1,5,0.42645457969393247
758736,1,1,9,732.8364892978658
758749,1,1,9,619.232840507429
758759,1,1,8,889.3018649977481
758766,1,1,6,543.0407685869145
758774,1,1,7,112.56981371285194
758812,1,1,4,0.42645458358136
758813,1,1,1,717.7000656258963
758824,1,1,8,944.9608399802511
758873,1,1,8,500.52950252655944
758874,1,1,6,251.87447985057372
758876,1,1,6,798.8959502837648
758894,1,1,5,0.42645457969393247
758897,1,1,4,0.42645458358136
758901,1,1,5,0.42645457969393247
758916,1,1,6,388.24526391415856
758929,1,1,9,615.9276312668984
758937,1,1,6,477.12501906767983
758960,1,1,4,0.42645458358136
758964,1,1,7,151.27742167410042
758970,1,1,2,490.1834262396227
758972,1,1,9,549.2147974912709
758973,1,1,8,572.2750249594193
758980,1,1,9,883.9786269921575
758998,1,1,8,341.6417112168119
759024,1,1,6,801.4927789752885
759036,1,1,6,459.7725469605022
759042,1,1,5,0.42645457969393247
759045,1,1,6,666.1233355530161
759057,1,1,9,890.8849345422531
759063,1,1,8,471.9956722919955
759067,1,1,3,73.51522017247312
759068,1,1,9,396.44388422777183
759098,1,1,7,59.820167788159836
759120,1,1,6,783.1165683948761
759142,1,1,7,75.87951440172999
759144,1,1,8,163.51774675020627
759148,1,1,8,489.7057039716871
759173,1,1,6,411.00662928426834
759177,1,1,9,314.1522574107448
759200,1,1,1,654.850993890862
759207,1,1,9,581.9964031997494
759210,1,1,1,436.18977150491634
759224,1,1,5,0.42645457969393247
759237,1,1,9,605.0530020499675
759254,1,1,9,534.1188016470497
759259,1,1,4,0.42645458358136
759277,1,1,5,0.42645457969393247
759281,1,1,9,862.4487957974394
759282,1,1,6,263.97686568244757
759285,1,1,1,676.534427500565
759287,1,1,7,19.23049119054133
759288,1,1,8,539.4329302632607
759303,1,1,3,93.48102286593718
759369,1,1,9,300.62837181174353
759376,1,1,10,720.9525280513647
759381,1,1,5,0.42645457969393247
759382,1,1,9,607.3777885043709
759398,1,1,5,0.42645456789925423
759404,1,1,8,612.2894600977925
759414,1,1,5,0.42645457969393247
759417,1,1,1,758.1757835149151
759428,1,1,9,436.1350012249279
759430,1,1,8,437.63289857799293
759434,1,1,9,780.3954340760348
759438,1,1,10,338.36253572511976
759440,1,1,1,337.19646857551635
759445,1,1,7,96.43702558721453
759467,1,1,5,0.42645457969393247
759473,1,1,9,206.90045544049903
759477,1,1,2,133.39447919534933
759483,1,1,8,420.07955592401464
759484,1,1,1,686.9406965602664
759499,1,1,2,364.03844366481326
759511,1,1,6,778.2605307014481
759529,1,1,7,97.7735756043027
759538,1,1,9,565.5113879835142
759545,1,1,7,91.13121422754199
759551,1,1,2,207.7649850299336
759587,1,1,8,656.8552222915642
759588,1,1,4,0.42645458358136
759595,1,1,6,626.9856364920644
759615,1,1,9,866.94623944344
759617,1,1,2,475.4776000206024
759631,1,1,8,754.4649158983768
759658,1,1,9,773.949148776891
759662,1,1,9,845.3270026928307
759667,1,1,3,90.23281910015699
759668,1,1,9,594.5101921133929
759682,1,1,9,398.6655086486334
759694,1,1,6,400.1014683578153
759697,1,1,9,853.4506169615584
759704,1,1,7,120.8555872064151
759710,1,1,9,782.7012430968633
759715,1,1,6,658.2247983318559
759718,1,1,8,333.25848495237153
759722,1,1,8,212.81927491869732
759727,1,1,8,728.6788993668818
759740,1,1,4,0.42645458358136
759772,1,1,9,616.2658349413383
759785,1,1,4,0.42645458358136
759787,1,1,9,759.4108754018309
759788,1,1,8,295.08149128311845
759790,1,1,9,361.6497149072687
759793,1,1,6,609.6534484868857
759798,1,1,6,205.46458398231917
759801,1,1,7,50.025967424951276
759805,1,1,6,426.6431383506942
759821,1,1,6,241.9170958085902
759832,1,1,3,90.50406978309861
759834,1,1,10,698.6974697635114
759841,1,1,10,661.0685633003186
759849,1,1,10,533.0644849146278
759852,1,1,4,0.42645458358136
759857,1,1,9,624.7322526935577
759859,1,1,4,0.42645458358136
759875,1,1,4,0.42645458358136
759891,1,1,5,0.42645457969393247
759911,1,1,4,0.42645458358136
759913,1,1,5,0.42645457969393247
759918,1,1,9,594.879212077935
759924,1,1,5,0.42645456789925423
759939,1,1,3,92.35750916525024
759945,1,1,10,686.0813294497875
759965,1,1,1,432.1159080069317
759976,1,1,2,484.30258537455853
759989,1,1,6,655.8240692773808
760003,1,1,9,576.6069413284204
760030,1,1,10,539.1160241795627
760043,1,1,4,0.42645458358136
760053,1,1,4,0.42645458358136
760055,1,1,7,151.93092560474867
760057,1,1,6,427.65757552846856
760058,1,1,4,0.42645458358136
760075,1,1,9,559.3655484601138
760076,1,1,5,0.42645457969393247
760080,1,1,8,549.721178586587
760098,1,1,9,582.7703668381389
760128,1,1,3,84.09901991120503
760134,1,1,8,731.8316833604407
760138,1,1,8,268.7851908012172
760146,1,1,9,882.1741205727805
760151,1,1,9,606.6786601058088
760154,1,1,5,0.42645457969393247
760179,1,1,4,0.42645458358136
760186,1,1,8,384.63306117656384
760203,1,1,3,89.63691670889777
760207,1,1,6,665.2150965640787
760223,1,1,4,0.42645458358136
760229,1,1,9,636.3926768422826
760253,1,1,10,650.6820378624913
760258,1,1,4,0.42645458358136
760271,1,1,9,540.3356117178649
760314,1,1,10,384.11614145312996
760318,1,1,7,87.83069692821626
760328,1,1,5,0.42645457969393247
760338,1,1,2,50.55467232921688
760358,1,1,9,338.0386870480828
760362,1,1,10,366.1695153108185
760369,1,1,9,858.616878443133
760376,1,1,10,325.27527812677704
760385,1,1,4,0.42645458358136
760392,1,1,10,224.15769917120568
760407,1,1,9,887.2863271567987
760409,1,1,3,91.41550092947966
760420,1,1,10,641.006076135685
760439,1,1,9,604.3771342972284
760466,1,1,8,866.6636262038588
760492,1,1,9,795.4882459311037
760495,1,1,4,0.42645458358136
760497,1,1,1,438.87696686477756
760514,1,1,5,0.42645457969393247
760542,1,1,8,451.5502169241491
760567,1,1,5,0.42645457969393247
760578,1,1,9,794.0750031209781
760594,1,1,6,261.2445499199944
760595,1,1,10,349.0481832509467
760621,1,1,5,0.42645457969393247
760628,1,1,6,326.1427027310893
760666,1,1,1,538.5714953761589
760683,1,1,10,658.9253011803025
760700,1,1,5,0.42645457969393247
760704,1,1,10,319.8818933234871
760706,1,1,9,599.6234881795441
760709,1,1,9,488.697751985938
760716,1,1,5,0.42645456789925423
760717,1,1,10,679.1278947958447
760728,1,1,9,684.1145969625834
760741,1,1,8,254.88242256910604
760744,1,1,6,287.73539434113763
760756,1,1,6,730.793405484369
760779,1,1,6,247.34743728183065
760794,1,1,1,223.2339676031562
760814,0,1,0,0.143466961424575
760826,1,1,2,370.16245760635854
760830,1,1,9,564.9772308032497
760852,1,1,5,0.42645457969393247
760869,1,1,5,0.42645457969393247
760902,1,1,5,0.42645457969393247
760905,1,1,9,701.026568667844
760906,1,1,4,0.42645458358136
760908,1,1,2,257.4469085797018
760909,1,1,9,590.9208897499853
760913,1,1,8,495.1985220129079
760922,1,1,1,686.9878571278966
760925,1,1,6,448.66385260515
760944,1,1,3,87.15714344116633
760946,1,1,5,0.42645457969393247
760953,1,1,5,0.42645457969393247
760960,1,1,6,488.65770355646623
760961,1,1,5,0.42645457969393247
760962,1,1,8,463.01280626220057
760978,1,1,10,661.1023690156474
760984,1,1,6,781.322470825644
761007,1,1,9,788.6416380551547
761033,1,1,4,0.42645458358136
761064,1,1,6,759.1041283897861
761066,1,1,9,793.4653762927716
761099,1,1,5,0.42645456789925423
761100,1,1,9,356.7162758087976
761105,1,1,8,752.1244582810833
761110,1,1,8,469.5694125572514
761129,1,1,6,259.0268706723066
761176,1,1,9,536.4232056689456
761179,1,1,4,0.42645458358136
761188,1,1,6,389.50309543759147
761193,1,1,10,431.1347552126233
761204,1,1,6,735.8781596782641
761211,1,1,8,363.62324630609305
761223,1,1,9,453.3986980784021
761227,1,1,2,375.2426544857113
761254,1,1,4,0.42645457969393247
761259,1,1,10,699.3989373019507
761267,1,1,1,617.0636410864488
761292,1,1,6,292.1492344418987
761299,1,1,9,724.8247102282994
761302,1,1,1,371.6322779932135
761311,1,1,9,838.3188455562808
761329,1,1,1,696.9903141143782
761368,1,1,2,242.95685291859976
761371,1,1,5,0.42645457969393247
761373,1,1,9,617.6765000766183
761394,1,1,8,333.51142675988285
761406,1,1,5,0.42645457969393247
761409,1,1,1,534.106240516578
761438,1,1,5,0.42645457969393247
761445,1,1,5,0.42645457969393247
761446,1,1,9,518.7772786747108
761453,1,1,1,536.3847466910784
761461,1,1,6,795.4719503702852
761477,1,1,9,427.26662943994825
761482,1,1,3,73.25914855848916
761492,1,1,6,337.45904899591557
761516,1,1,8,815.3266686094875
761519,1,1,8,213.48550418248072
761530,1,1,5,0.42645457969393247
761534,1,1,2,340.9577493321637
761543,1,1,9,813.6550680979338
761561,1,1,6,251.38437884883405
761566,1,1,9,791.1770157405176
761572,1,1,6,729.29440711701
761589,1,1,9,813.4540649153732
761602,1,1,10,212.00986097781538
761605,1,1,5,0.42645457969393247
761611,1,1,7,141.0239346105622
761636,1,1,9,685.4542531028594
761643,1,1,9,831.8141776042952
761655,1,1,5,0.42645457969393247
761658,1,1,5,0.42645457969393247
761681,1,1,9,776.1201178343539
761686,1,1,3,39.255553937909745
761701,1,1,9,882.217479988183
761709,1,1,8,534.1811475578957
761711,1,1,6,230.60098448896576
761726,1,1,9,707.8929130613327
761730,1,1,9,557.6232717815451
761733,1,1,6,546.9160380405893
761759,1,1,9,868.380267992632
761775,1,1,8,900.3046718200575
761776,1,1,5,0.42645457969393247
761809,1,1,4,0.42645458358136
761824,1,1,10,651.19032581346
761830,1,1,8,555.4217316426739
761859,1,1,9,747.1131275958006
761865,1,1,8,454.37188441669485
761868,1,1,8,462.9429526136046
761869,1,1,10,195.61922338008765
761876,1,1,8,584.3328600568398
761882,1,1,8,210.50348199058809
761884,1,1,7,133.88909999826484
761886,1,1,6,511.3372695399057
761887,1,1,4,0.42645458358136
761891,1,1,5,0.42645457969393247
761895,1,1,6,316.65035158208394
761901,1,1,8,491.7993844414759
761902,1,1,4,0.42645458358136
761904,1,1,10,370.3275435103642
761936,1,1,9,769.1385074156224
761951,1,1,5,0.42645457969393247
761955,1,1,9,263.30475957658945
761963,1,1,9,543.0357580549036
761965,1,1,4,0.42645458358136
761978,1,1,9,444.0711012764278
761980,1,1,6,547.9631858287696
761983,1,1,10,310.01864135935426
761998,1,1,3,72.48667020999994
762006,1,1,5,0.42645457969393247
762028,1,1,5,0.42645457969393247
762036,1,1,4,0.42645458358136
762047,1,1,1,601.5835106162054
762051,1,1,1,333.60884544277116
762087,1,1,4,0.42645458358136
762098,1,1,2,196.13314671170696
762103,1,1,9,782.6343850813819
762114,1,1,8,245.50913102675227
762130,1,1,10,458.3825082562912
762131,1,1,4,0.42645458358136
762147,1,1,9,774.439650621914
762149,1,1,1,592.0889424464532
762158,1,1,6,762.6556808103363
762164,1,1,6,614.7318881868815
762169,1,1,9,866.8329465784471
762171,1,1,1,342.8968342865332
762190,1,1,8,853.7626368002293
762200,1,1,10,719.7496126732223
762203,0,1,0,0.10706353982091664
762221,1,1,9,400.3140703594158
762238,1,1,5,0.42645457969393247
762240,1,1,6,595.3607818388726
762241,1,1,6,628.9215248409149
762243,1,1,1,585.0769613973328
762250,1,1,5,0.42645457969393247
762270,1,1,9,542.772926103322
762290,1,1,1,553.3168659083595
762292,1,1,4,0.42645458358136
762293,0,1,0,0.24057044205405156
762305,1,1,1,599.2019221575226
762313,1,1,1,235.11631746003607
762322,1,1,10,614.7493581434215
762327,1,1,5,0.42645457969393247
762331,1,1,7,105.80353241020886
762332,1,1,4,0.42645458358136
762340,1,1,7,98.7710278144999
762362,1,1,4,0.42645458358136
762419,1,1,1,472.91438542063486
762422,1,1,4,0.4264545919581291
762443,1,1,10,302.94467495744243
762450,1,1,3,92.8727148499442
762457,1,1,9,438.4066717276958
762459,1,1,9,38.59360088647909
762462,1,1,2,466.525257709818
762469,0,1,0,0.16031218310841566
762470,1,1,6,811.1173417839877
762472,1,1,9,815.317041890577
762490,1,1,8,195.858173656875
762495,1,1,6,681.3433232283659
762502,1,1,4,0.42645458358136
762511,1,1,6,696.7472329274847
762537,1,1,4,0.42645458358136
762546,1,1,8,799.4202485679386
762569,1,1,6,569.0433103072099
762601,1,1,7,155.82062083343283
762616,1,1,5,0.42645457969393247
762624,1,1,5,0.42645457969393247
762638,1,1,6,461.29258966140304
762639,1,1,1,515.4909592534589
762647,1,1,5,0.42645457969393247
762663,1,1,10,498.47396841037266
762669,1,1,10,449.63701089868624
762672,1,1,6,436.8589337606687
762674,1,1,7,55.275580115369365
762684,1,1,8,674.8094669410756
762698,1,1,5,0.42645457969393247
762715,1,1,6,500.7934174039766
762756,1,1,4,0.42645458358136
762760,1,1,8,799.8251395425215
762771,1,1,9,831.5085227900223
762775,1,1,8,467.2584694308591
762783,1,1,4,0.4264545919581291
762785,1,1,9,528.2906976252457
762789,1,1,6,422.918910420647
762801,1,1,6,779.0909351789622
762802,1,1,8,519.6176710978489
762806,1,1,10,650.8489425723615
762810,1,1,9,603.9902961576524
762816,1,1,7,172.24642793583575
762827,1,1,3,90.63888121173554
762846,1,1,8,734.665349095484
762907,1,1,4,0.42645458358136
762913,1,1,4,0.42645458358136
762925,1,1,10,328.9059584060824
762933,1,1,8,754.1467958414308
762969,1,1,9,800.5614557856719
762975,1,1,4,0.42645458358136
762984,1,1,6,594.5785311164535
762992,1,1,9,567.5814270708205
762993,1,1,8,505.0435071388104
762999,1,1,3,92.42230030073502
763003,1,1,1,381.04191351093715
763006,1,1,9,136.80639310621865
763023,1,1,10,721.8994545289015
763025,1,1,3,59.96987742605174
763034,1,1,5,0.42645457969393247
763038,1,1,3,78.84119234134741
763077,1,1,9,442.14788419157134
763086,1,1,5,0.42645457969393247
763093,1,1,9,47.765786805951294
763100,1,1,4,0.42645458358136
763109,1,1,9,763.2597247967545
763112,1,1,2,121.80709166437573
763118,1,1,9,809.7341860388437
763122,1,1,8,235.00966770628315
763124,1,1,5,0.42645457969393247
763137,1,1,4,0.42645458358136
763144,1,1,9,790.4197485498754
763149,1,1,5,0.42645457969393247
763160,1,1,9,63.12637137133063
763172,1,1,3,88.40198760715138
763186,1,1,10,685.1160518528616
763196,1,1,9,793.6178908094894
763201,1,1,9,719.2737263477107
763216,1,1,4,0.42645458358136
763220,1,1,9,53.860039971307245
763221,1,1,3,47.07739848185091
763222,1,1,4,0.42645458358136
763230,1,1,8,718.0164052470301
763231,1,1,9,203.10605529505827
763232,1,1,9,763.1193537896697
763236,1,1,4,0.42645458358136
763237,1,1,8,790.4365284892082
763262,1,1,7,159.8766306251804
763264,1,1,8,721.7320441359279
763274,0,1,0,0.11006747642660608
763276,1,1,9,771.1627413419226
763279,1,1,8,623.3130036112545
763281,1,1,5,0.42645457969393247
763282,1,1,4,0.42645458358136
763283,1,1,9,709.5779953225305
763293,1,1,4,0.42645458358136
763299,1,1,9,812.1201441736777
763320,1,1,8,693.1853820735706
763339,1,1,9,626.1054110752161
763349,1,1,5,0.42645456789925423
763350,1,1,4,0.42645457969393247
763391,1,1,9,503.2223615211996
763398,1,1,8,175.4700608054125
763416,1,1,2,312.4277379905656
763420,1,1,4,0.42645458358136
763425,1,1,6,790.6024696232146
763426,1,1,7,138.47728185504144
763427,1,1,9,819.9779292449105
763448,1,1,2,362.6784111792466
763453,1,1,9,271.50654968852905
763501,1,1,3,85.50354696119805
763502,1,1,4,0.42645458358136
763511,1,1,2,419.51845601463907
763514,1,1,10,230.44517586910783
763516,1,1,8,810.4357093576739
763523,1,1,9,864.3830168515436
763545,1,1,4,0.42645458358136
763550,1,1,10,518.686044544908
763552,1,1,4,0.42645458358136
763562,1,1,8,849.8810922918677
763600,1,1,5,0.42645457969393247
763603,1,1,1,600.8837426582498
763624,1,1,7,21.957583517485066
763629,1,1,9,336.81813542331844
763630,1,1,4,0.42645458358136
763650,1,1,7,129.13284222573276
763653,1,1,5,0.42645457969393247
763658,1,1,5,0.42645457969393247
763675,1,1,1,479.9893773114961
763684,1,1,9,693.1179708172734
763685,1,1,3,85.76812152624609
763711,1,1,9,432.5738296686601
763750,1,1,5,0.42645457969393247
763785,0,1,0,0.06715797611583882
763787,1,1,9,728.1480009414438
763806,1,1,6,603.0927232885492
763808,1,1,9,821.5397545517257
763809,1,1,8,936.0045589498508
763811,1,1,7,128.55097416226187
763813,1,1,5,0.42645457969393247
763818,1,1,1,517.3851414967697
763827,1,1,6,631.6081222924544
763840,1,1,4,0.42645458358136
763855,1,1,9,738.5353865240987
763858,1,1,5,0.42645457969393247
763865,1,1,9,343.3009177318789
763917,1,1,5,0.42645457969393247
763928,1,1,9,376.2786382250358
763934,1,1,5,0.42645457969393247
763939,1,1,5,0.42645457969393247
763947,1,1,4,0.42645458358136
763951,1,1,2,350.37757718810343
763954,1,1,5,0.42645457969393247
763982,1,1,6,762.489668838871
763998,1,1,6,714.2516626114749
764000,1,1,7,147.56910202694237
764002,1,1,10,295.2012050421766
764009,1,1,10,359.8232385298145
764018,1,1,9,362.6248558313611
764023,1,1,4,0.42645458358136
764026,1,1,9,299.72392362715624
764027,1,1,6,460.5490569331037
764031,1,1,5,0.42645456789925423
764055,1,1,5,0.42645456789925423
764069,1,1,10,405.4725046312155
764072,1,1,7,163.08559928432896
764077,1,1,4,0.42645458358136
764081,1,1,6,553.0448539491895
764082,1,1,4,0.42645458358136
764086,1,1,9,540.5026546740429
764091,1,1,7,53.900302089397414
764104,1,1,8,612.3368413531321
764106,1,1,3,37.323845883791506
764115,1,1,5,0.42645457969393247
764120,1,1,9,614.1973838664613
764142,1,1,5,0.42645457969393247
764166,1,1,5,0.42645457969393247
764175,1,1,8,920.711356373718
764184,1,1,8,378.86709762867065
764199,1,1,9,249.29187266011735
764210,1,1,10,719.1618820405569
764226,1,1,10,336.08677555282304
764227,1,1,4,0.42645458358136
764229,1,1,4,0.42645458358136
764232,1,1,4,0.42645458358136
764242,1,1,9,210.33792530750392
764263,1,1,5,0.42645457969393247
764273,1,1,6,348.817828366378
764286,1,1,9,757.3151956919809
764290,1,1,8,552.9540683678249
764293,1,1,5,0.42645457969393247
764294,0,1,0,0.11897817692958336
764304,1,1,10,558.3678341265593
764306,1,1,5,0.42645457969393247
764336,1,1,9,471.1048602927195
764341,1,1,8,202.30061311691063
764348,1,1,6,476.86487998197435
764382,1,1,8,598.9857274327135
764384,1,1,6,434.4833458779042
764392,1,1,9,874.7194306472625
764396,1,1,9,828.0853724084817
764398,1,1,5,0.42645457969393247
764407,1,1,6,368.4095556445519
764409,1,1,2,292.3527308172442
764414,0,1,0,0.11541079096968572
764425,1,1,8,679.7043905698354
764447,1,1,8,918.1644320961983
764454,1,1,8,835.472743576227
764468,1,1,2,87.80347593136867
764496,1,1,8,604.1816974203292
764499,1,1,5,0.42645457969393247
764502,1,1,7,47.935969153140526
764513,1,1,6,784.3584827551683
764542,1,1,10,557.9571755918303
764546,1,1,4,0.42645458358136
764550,1,1,10,190.01457091305213
764557,1,1,7,135.25726163301965
764565,1,1,10,289.06422729939305
764591,1,1,10,439.8329537306931
764592,1,1,6,286.6862435675722
764594,1,1,10,594.0436990263202
764612,1,1,9,883.9931432270666
764618,1,1,6,552.0693378313863
764619,1,1,4,0.42645458358136
764656,1,1,9,629.4221833207517
764661,1,1,7,119.66930214905553
764664,1,1,1,639.8902195803186
764666,1,1,9,339.898036064175
764676,1,1,10,719.8456973006101
764684,1,1,9,619.1547693082799
764700,1,1,2,88.59561586893454
764702,1,1,5,0.42645457969393247
764740,1,1,4,0.42645458358136
764748,1,1,9,500.34175751514107
764782,1,1,7,75.59073682297301
764788,1,1,8,420.4746756135553
764797,1,1,6,200.18302814131954
764823,1,1,4,0.42645458358136
764826,1,1,6,195.37916938812398
764830,1,1,8,512.0784160189775
764843,1,1,9,135.47618898010313
764851,1,1,10,443.583713785344
764852,1,1,10,451.1301408451948
764853,1,1,8,168.66105597871274
764872,1,1,6,782.4405625797463
764899,1,1,10,408.549738472682
764907,1,1,10,194.73086283714457
764910,1,1,3,88.2195054795164
764917,1,1,7,170.99816755744487
764920,1,1,4,0.42645458358136
764937,1,1,5,0.42645457969393247
764943,1,1,4,0.42645458358136
764955,1,1,10,417.35836631273355
764972,1,1,4,0.42645458358136
764975,1,1,6,772.5416802983054
764995,1,1,5,0.42645457969393247
765001,1,1,10,718.8897109008608
765003,1,1,4,0.42645458358136
765021,1,1,5,0.42645456789925423
765030,1,1,3,90.768175589663
765033,1,1,1,762.5246820788453
765039,1,1,8,663.8522052369735
765040,1,1,1,618.8519406018302
765041,1,1,5,0.42645457969393247
765044,1,1,5,0.42645457969393247
765052,1,1,6,334.412530418481
765064,1,1,9,828.949913964755
765075,1,1,4,0.42645458358136
765076,1,1,4,0.42645458358136
765101,1,1,1,227.97608903556053
765105,1,1,8,720.638821250424
765111,1,1,1,627.6808622770777
765113,1,1,6,414.5248830463842
765151,1,1,9,574.8525900046953
765153,1,1,2,467.18857943768745
765165,1,1,5,0.42645457969393247
765171,1,1,5,0.42645457969393247
765193,1,1,4,0.42645458358136
765194,1,1,4,0.42645458358136
765206,1,1,4,0.42645458358136
765217,1,1,8,286.71879295944615
765223,1,1,9,889.1172257676461
765227,1,1,2,166.71469925113553
765232,1,1,5,0.42645457969393247
765246,1,1,9,792.6483581322453
765250,1,1,10,161.00045962812447
765268,1,1,4,0.42645458358136
765271,1,1,10,650.2455763977916
765272,1,1,8,813.2232531191914
765281,1,1,10,624.5534110909485
765282,1,1,6,787.116149135049
765284,1,1,8,421.6068508310606
765285,1,1,9,881.3116718882799
765299,1,1,4,0.42645458358136
765303,1,1,9,179.81439421613157
765309,1,1,6,214.25663043299383
765342,1,1,6,658.1242944381678
765349,1,1,4,0.42645458358136
765373,1,1,4,0.42645458358136
765387,1,1,8,563.7396926713525
765395,1,1,4,0.42645458358136
765396,1,1,8,732.0995169032353
765397,1,1,1,646.8456932231359
765405,1,1,1,760.4568550719773
765412,1,1,4,0.42645458358136
765428,1,1,6,557.6782866670706
765431,1,1,6,718.8346068431026
765432,1,1,3,38.7463756049913
765433,1,1,9,691.9193410490894
765436,1,1,6,302.43549841288274
765437,1,1,8,593.3619593699055
765445,1,1,1,694.1783924478618
765447,1,1,8,522.6441970482504
765460,1,1,8,281.3243827113113
765472,1,1,1,250.485701196451
765474,1,1,8,777.6919859114541
765479,1,1,6,496.92180814251253
765481,1,1,4,0.42645458358136
765483,1,1,4,0.42645458358136
765487,1,1,6,437.95651148346593
765513,1,1,6,563.0637081444869
765519,1,1,8,267.9728049051865
765532,1,1,3,93.25080958738371
765537,1,1,3,86.52758330678223
765540,1,1,1,318.0689711835172
765554,1,1,5,0.42645457969393247
765558,1,1,9,520.7345565600231
765559,1,1,4,0.42645458358136
765579,1,1,10,716.8323640515666
765583,1,1,9,346.6870648352293
765593,1,1,9,888.7753069579702
765601,1,1,8,303.79159666322533
765604,1,1,10,575.713211220859
765606,1,1,8,870.6932840808486
765607,1,1,4,0.42645458358136
765612,1,1,4,0.42645458358136
765615,1,1,8,556.7382761218859
765618,1,1,8,576.6579755979125
765635,1,1,4,0.42645458358136
765636,1,1,8,765.7912118566538
765641,1,1,8,923.406193945029
765649,1,1,7,117.5256214162135
765658,1,1,8,947.7315217439398
765661,1,1,9,881.443806587616
765662,1,1,7,123.25317119346637
765702,1,1,8,766.1799726483382
765721,1,1,5,0.42645457969393247
765729,1,1,3,88.34817277761357
765730,1,1,3,37.712542638139944
765735,1,1,7,110.62171617345906
765750,0,1,0,0.11203439159757722
765751,1,1,2,105.70978099842402
765754,1,1,9,200.9493022132811
765764,1,1,2,293.82219872786317
765795,1,1,4,0.4264545919581291
765799,1,1,9,551.9359601603051
765813,1,1,6,409.0902290630343
765820,1,1,9,261.39911998125837
765829,1,1,4,0.42645458358136
765845,1,1,10,580.7745205501112
765873,1,1,10,324.4030447420282
765886,1,1,6,800.0862342933584
765909,1,1,8,245.37519857459333
765925,1,1,10,434.8053501109522
765935,1,1,6,565.9599155990282
765941,1,1,9,836.2329898754189
765959,1,1,6,318.1426644829226
765962,1,1,4,0.42645458358136
765974,1,1,9,607.4444492106367
765976,1,1,6,507.2979461853434
765980,1,1,9,507.1157708932008
765985,1,1,1,659.470349522174
766009,1,1,1,352.42040370097385
766015,1,1,5,0.42645457969393247
766037,1,1,10,144.39877598863563
766044,1,1,6,431.71265273614887
766052,1,1,6,568.8260994835108
766059,1,1,9,882.7316410762696
766073,1,1,1,685.5742815244657
766082,1,1,7,94.182657033707
766083,1,1,5,0.42645457969393247
766092,1,1,9,566.1594908521748
766095,1,1,5,0.42645457969393247
766111,1,1,2,397.7917473616555
766114,1,1,1,337.35770641237207
766157,1,1,9,574.4451864573699
766159,1,1,6,544.0683395013526
766166,1,1,4,0.4264545919581291
766170,1,1,9,860.483781373433
766174,1,1,4,0.42645458358136
766178,0,1,0,0.11478029933299837
766199,1,1,9,787.297573478333
766206,1,1,4,0.42645458358136
766208,1,1,3,39.72596040014181
766221,1,1,9,519.4952923424472
766226,1,1,5,0.42645457969393247
766227,1,1,5,0.42645457969393247
766233,1,1,6,179.27752414337775
766251,1,1,7,70.12260950086593
766268,1,1,7,70.15266532933546
766284,1,1,6,587.4813814249239
766299,1,1,4,0.42645458358136
766301,1,1,2,241.63856197275285
766352,1,1,3,77.75537838922862
766357,1,1,5,0.42645457969393247
766371,1,1,4,0.42645458358136
766378,1,1,9,870.3465120717143
766381,1,1,2,63.44128449922672
766383,1,1,6,372.54736964184525
766390,1,1,4,0.42645458358136
766423,1,1,5,0.42645457969393247
766429,0,1,0,0.2407412979168577
766431,1,1,6,532.9942410295328
766432,1,1,10,534.1426843912864
766433,1,1,2,234.16245425225435
766436,1,1,5,0.42645457969393247
766441,1,1,9,724.2197801017678
766456,1,1,1,201.38533820743072
766486,1,1,8,750.9751761760972
766512,1,1,6,536.0005372247261
766515,1,1,1,394.647304587095
766523,1,1,9,832.2929265054581
766528,1,1,10,621.3546141423457
766532,1,1,6,195.5596532805437
766551,1,1,9,254.3228486744287
766553,1,1,6,407.65702635557625
766587,1,1,10,248.88457202394946
766608,1,1,8,618.7405132884534
766614,1,1,1,658.7871063684254
766621,1,1,10,368.8380117405235
766623,1,1,6,515.7569621926035
766662,1,1,4,0.42645458358136
766676,1,1,2,140.94858479506468
766690,1,1,6,201.22422074264108
766691,1,1,8,706.9060139190002
766715,1,1,4,0.42645458358136
766720,1,1,5,0.42645457969393247
766739,1,1,8,927.7022020665645
766745,1,1,6,712.8640843298241
766752,1,1,8,797.5396248283478
766761,1,1,9,819.5398733551292
766784,1,1,4,0.42645458358136
766789,1,1,1,189.767361915737
766804,1,1,10,414.38840745050317
766805,1,1,10,416.14875383227695
766809,1,1,9,471.6777808623385
766817,1,1,4,0.42645458358136
766850,1,1,5,0.42645457969393247
766864,1,1,2,135.46030389121358
766871,1,1,2,363.6025808602468
766884,1,1,10,660.0347928640606
766895,1,1,6,560.3026654493879
766914,1,1,10,99.25968075874987
766926,1,1,2,130.88641470875933
766955,1,1,5,0.42645457969393247
766991,1,1,9,359.51856284070425
767023,1,1,7,30.165258496149484
767046,1,1,5,0.42645457969393247
767049,1,1,1,507.16290329370855
767064,1,1,4,0.42645458358136
767066,1,1,4,0.42645458358136
767092,1,1,4,0.42645458358136
767099,1,1,1,255.53436585285593
767112,1,1,8,581.6381876034984
767121,1,1,5,0.42645457969393247
767131,1,1,1,564.6798401991257
767136,1,1,7,166.4400903242995
767149,1,1,10,711.5612972165976
767174,1,1,3,58.6042327405138
767182,1,1,7,86.89919882949994
767194,1,1,10,720.958091035287
767209,1,1,4,0.42645458358136
767213,1,1,8,809.0474115489716
767234,1,1,8,928.1944665719737
767235,1,1,6,542.1629293521625
767250,1,1,6,775.1297150698795
767264,1,1,6,226.61725605084544
767265,1,1,5,0.42645457969393247
767267,1,1,7,87.22717937804099
767273,1,1,4,0.42645458358136
767275,1,1,4,0.42645458358136
767288,1,1,6,511.82547457020814
767295,1,1,5,0.42645456789925423
767300,1,1,7,101.11215177170035
767305,1,1,9,189.3126596116745
767312,1,1,4,0.42645458358136
767325,1,1,4,0.42645458358136
767341,1,1,8,849.0203866762253
767342,1,1,1,198.44664409969974
767356,1,1,1,405.7756356759823
767362,1,1,6,762.370009442979
767364,1,1,6,785.7743468235252
767366,0,1,0,0.09876876236486136
767380,1,1,9,91.5065745101327
767383,1,1,6,645.8304771798527
767389,1,1,1,494.0167835849655
767402,1,1,9,512.7964712790757
767420,1,1,5,0.42645457969393247
767435,1,1,5,0.42645457969393247
767439,1,1,10,619.8176991198757
767452,1,1,1,642.3473615924372
767456,1,1,8,588.4207385237376
767458,1,1,6,415.071260478657
767464,1,1,9,471.3886229718955
767469,1,1,9,855.2579951300278
767473,1,1,5,0.42645457969393247
767474,1,1,4,0.42645458358136
767481,1,1,8,721.1730742664853
767487,1,1,2,462.40015416769376
767497,1,1,9,580.2519562552561
767505,1,1,8,513.5478599528384
767514,1,1,4,0.42645458358136
767527,1,1,9,627.844937400755
767529,1,1,5,0.42645457969393247
767532,1,1,7,95.8299041094755
767538,1,1,2,266.9657371333804
767545,1,1,3,53.649986706715005
767567,1,1,5,0.42645457969393247
767573,1,1,8,839.4517387321204
767580,1,1,5,0.42645457969393247
767588,1,1,1,604.2698341430745
767594,1,1,9,758.6333966970643
767599,1,1,5,0.42645457969393247
767617,1,1,6,783.8734061874413
767619,1,1,8,744.742770012099
767638,1,1,4,0.42645458358136
767643,1,1,9,890.4518224499465
767655,1,1,8,674.3985883885583
767660,1,1,6,386.3800898287608
767671,1,1,4,0.42645458358136
767681,1,1,8,329.93396903688154
767693,1,1,9,430.551973395506
767700,1,1,5,0.42645457969393247
767733,1,1,9,438.8377823653603
767747,1,1,9,41.123894302447155
767781,1,1,5,0.42645457969393247
767786,1,1,5,0.42645457969393247
767788,1,1,8,868.2134602130583
767790,1,1,7,174.5841819892794
767791,1,1,8,391.7271366947451
767809,1,1,4,0.42645458358136
767815,1,1,6,615.965074949287
767820,1,1,6,775.9802734480636
767822,1,1,1,222.08096571839073
767825,1,1,10,717.2402551082845
767844,1,1,4,0.42645458358136
767851,1,1,5,0.42645456789925423
767852,1,1,9,326.80794092430557
767858,1,1,8,813.3146205488478
767862,1,1,1,269.3048808778097
767890,1,1,6,453.79088257913565
767893,1,1,8,214.04250020733573
767901,1,1,6,777.3260077086383
767903,1,1,4,0.42645458358136
767910,1,1,9,727.8321543787462
767914,1,1,7,129.51671311131477
767918,1,1,8,577.3661985001506
767928,1,1,5,0.42645457969393247
767938,1,1,4,0.42645458358136
767951,1,1,5,0.42645457969393247
767956,1,1,8,368.37236234460926
767978,1,1,4,0.42645458358136
767985,1,1,7,24.531346529834376
768000,1,1,10,458.03939236486525
768017,1,1,4,0.42645458358136
768032,1,1,5,0.42645457969393247
768040,1,1,10,153.3994625165367
768055,1,1,10,435.6566266781911
768091,1,1,10,260.84379644092206
768092,1,1,8,591.5450936798161
768097,1,1,5,0.42645457969393247
768102,1,1,9,862.096673444055
768115,1,1,6,749.3117724628985
768119,1,1,9,292.1225399028902
768120,1,1,4,0.42645458358136
768126,1,1,4,0.42645458358136
768130,1,1,3,85.98394722871889
768135,1,1,8,381.9705386543822
768142,1,1,6,494.20828682868256
768150,1,1,2,227.47412403580913
768177,1,1,5,0.42645457969393247
768183,1,1,9,652.7875381492063
768189,1,1,8,607.64993592307
768194,1,1,9,385.4600369447115
768203,1,1,6,698.9679916363516
768218,1,1,8,151.55136423842566
768222,1,1,4,0.42645458358136
768224,1,1,2,409.63051457318227
768231,1,1,7,130.74311211252137
768252,1,1,9,778.0995203694673
768256,1,1,8,498.0447343453175
768261,1,1,8,631.441424529347
768272,1,1,5,0.42645457969393247
768288,1,1,1,526.8103680013453
768294,1,1,3,91.39120349317301
768303,1,1,9,540.6351948043782
768340,1,1,5,0.42645457969393247
768347,1,1,5,0.42645457969393247
768353,1,1,8,337.07186216602173
768360,1,1,2,79.81767182174478
768410,1,1,5,0.42645457969393247
768429,1,1,6,653.0416071271633
768430,1,1,10,207.68045849971608
768442,1,1,9,583.0448890902995
768443,1,1,9,786.8862416182741
768459,1,1,5,0.42645457969393247
768478,1,1,5,0.42645457969393247
768484,1,1,6,176.28239121370854
768493,1,1,4,0.42645458358136
768500,1,1,2,423.5361965148446
768512,1,1,6,568.3352032484111
768519,1,1,6,453.3563492459667
768520,1,1,9,603.3457115293485
768522,1,1,1,694.3892056301031
768523,1,1,10,722.710940529035
768527,1,1,6,549.4506552224304
768533,1,1,5,0.42645457969393247
768554,1,1,6,437.02351112375493
768558,1,1,7,82.37805431994282
768564,1,1,4,0.42645458358136
768565,1,1,2,487.46122072728576
768580,1,1,5,0.42645457969393247
768582,1,1,4,0.42645458358136
768586,1,1,9,794.2463224164572
768594,1,1,9,465.86571229031927
768608,1,1,10,232.16656238511385
768612,1,1,10,299.1514951433232
768617,1,1,5,0.42645457969393247
768635,1,1,5,0.42645457969393247
768638,1,1,5,0.42645457969393247
768645,1,1,9,413.84792540447637
768650,1,1,9,672.3202853054224
768653,1,1,9,565.131447143216
768654,1,1,2,267.1349541316208
768672,1,1,5,0.42645457969393247
768673,1,1,7,41.49224323175701
768679,1,1,10,719.9116425251067
768682,1,1,10,450.1740081412419
768693,1,1,9,692.7717969429086
768706,1,1,1,300.831726752892
768741,1,1,7,77.39441031453802
768746,1,1,6,765.18387029879
768751,1,1,10,678.9053480083992
768762,1,1,9,513.6125350340886
768776,1,1,6,498.19297193469646
768780,1,1,5,0.42645457969393247
768784,1,1,4,0.42645458358136
768811,1,1,10,247.11711879437365
768814,0,1,0,0.16932838053994348
768822,1,1,4,0.42645458358136
768828,1,1,3,91.63927791788285
768838,1,1,4,0.42645458358136
768844,1,1,6,446.35088958126147
768856,1,1,4,0.42645458358136
768861,1,1,1,188.03996765819338
768867,1,1,1,404.4612484747481
768874,1,1,9,758.2408620655035
768892,1,1,9,459.2890776343717
768904,1,1,9,797.1619657354534
768911,1,1,9,447.5813570500863
768926,1,1,1,451.31891105493725
768944,1,1,10,96.59401616427884
768968,1,1,7,64.97619231511922
768969,1,1,10,440.9198723196607
768976,1,1,6,448.71415722080627
768981,1,1,4,0.42645458358136
768993,1,1,7,79.86452131269678
769022,1,1,6,765.7409809974482
769023,1,1,10,414.73608909412286
769029,1,1,8,665.0497466033884
769037,1,1,10,644.7175434810913
769039,1,1,8,812.1049631393998
769067,1,1,9,553.1689786436552
769075,1,1,9,794.1719422007192
769078,1,1,6,157.18515590132932
769093,1,1,9,591.2418122306176
769115,1,1,9,485.81576132319196
769129,1,1,8,419.041955026399
769141,1,1,8,651.6059264334924
769147,1,1,4,0.42645458358136
769159,1,1,3,90.73323110878259
769166,1,1,9,790.54202234936
769168,1,1,8,471.058636752487
769193,1,1,9,270.4767236920983
769215,1,1,9,597.4541187118383
769216,1,1,1,302.638147198011
769229,1,1,9,788.636700279297
769241,1,1,9,277.8384811650099
769261,1,1,8,379.9481634045118
769265,1,1,9,341.97470118260156
769287,1,1,1,744.2928226149925
769300,1,1,6,166.981855843811
769312,1,1,7,101.29626361288786
769330,1,1,1,725.0196137353637
769334,1,1,6,716.3792321033932
769353,1,1,9,565.6321430269218
769355,1,1,2,172.45451564622672
769363,1,1,9,58.273856518618814
769373,1,1,6,184.1703403700999
769384,1,1,7,167.13529508701546
769395,1,1,4,0.42645458358136
769399,1,1,8,679.6063876635201
769405,1,1,8,633.3641291050969
769418,1,1,5,0.42645457969393247
769433,1,1,6,231.8239989059997
769471,1,1,7,156.2170940729718
769486,1,1,3,77.77663038815284
769498,1,1,5,0.42645456789925423
769516,1,1,6,778.9520152949572
769523,1,1,9,820.0578569039109
769531,1,1,2,376.45598760369717
769550,1,1,1,524.7406773137326
769552,1,1,8,666.6461001957665
769553,1,1,5,0.42645457969393247
769577,1,1,2,173.3895530321635
769591,1,1,5,0.42645457969393247
769609,1,1,4,0.42645458358136
769623,1,1,4,0.42645458358136
769629,1,1,6,712.357693938385
769630,1,1,9,571.8480387042781
769641,1,1,9,748.0055530047898
769654,1,1,8,636.945290891945
769658,1,1,5,0.42645457969393247
769659,0,1,0,0.12814128093822227
769662,1,1,6,706.6528259225803
769675,1,1,2,320.92662451049154
769680,1,1,2,422.63351033159483
769683,1,1,9,92.10178901134408
769686,0,1,0,0.12136524078232529
769690,1,1,1,315.6383328329222
769696,1,1,6,109.00727260638777
769702,1,1,4,0.42645458358136
769706,1,1,9,138.70695600742715
769707,1,1,9,572.3634270590804
769720,1,1,5,0.42645457969393247
769738,1,1,8,641.6938312911801
769749,1,1,4,0.42645458358136
769751,1,1,8,503.5671355478884
769753,1,1,5,0.42645456789925423
769777,1,1,5,0.42645456789925423
769802,1,1,4,0.42645458358136
769818,1,1,8,734.2146217855567
769819,1,1,5,0.42645457969393247
769823,1,1,9,248.81050537599228
769828,1,1,4,0.42645458358136
769829,1,1,1,697.9937850707231
769848,1,1,4,0.42645458358136
769883,1,1,10,253.07096152938504
769891,1,1,1,536.1316841411076
769907,1,1,5,0.42645457969393247
769908,1,1,1,655.2542304506845
769920,1,1,1,327.51017661358173
769927,1,1,9,227.52051143486338
769934,1,1,6,474.61367159941807
769950,1,1,5,0.42645457969393247
769961,1,1,7,165.96131251143197
769987,1,1,4,0.42645458358136
769988,1,1,9,554.2599201803927
770035,1,1,6,791.7556852593765
770044,1,1,4,0.42645458358136
770062,1,1,1,681.633469027185
770072,1,1,8,760.9164029067138
770074,1,1,10,423.1866615509304
770101,1,1,6,773.6754832132784
770108,1,1,3,36.97618479684285
770117,1,1,3,76.48550451124156
770130,1,1,8,392.05165102946887
770132,1,1,6,500.7815722215953
770140,1,1,2,256.2707760853221
770146,1,1,8,133.78529284387545
770150,1,1,8,424.2833718239856
770156,1,1,6,520.5924182048349
770168,1,1,8,896.50832563759
770176,1,1,10,301.59047560385295
770180,1,1,5,0.42645457969393247
770202,1,1,3,93.06864498207257
770217,1,1,5,0.42645457969393247
770243,1,1,6,517.6683834737656
770274,1,1,10,709.5209700563377
770286,1,1,6,403.2174438362932
770287,1,1,8,500.30860827649866
770291,1,1,9,712.528833436888
770298,1,1,5,0.42645457969393247
770301,1,1,8,482.2503162756201
770302,1,1,9,165.68137110396958
770307,1,1,5,0.42645457969393247
770323,1,1,3,92.00896874747697
770331,1,1,6,246.61458320566842
770345,1,1,8,508.2739841412619
770354,1,1,9,330.8874007149788
770388,1,1,6,160.87814675592446
770409,1,1,9,601.6529712082298
770418,1,1,5,0.42645457969393247
770427,1,1,2,422.56777253767575
770432,1,1,1,189.63069133449486
770437,1,1,6,800.2783434710335
770453,1,1,7,126.6585132350445
770458,1,1,4,0.42645458358136
770471,1,1,6,626.8948565685407
770477,1,1,9,616.1883239232633
770486,1,1,1,498.25177693849366
770498,1,1,9,665.6192595415188
770507,1,1,4,0.4264545919581291
770516,1,1,10,300.91265973596506
770522,1,1,6,397.40872101119857
770535,1,1,8,210.2415414085951
770562,1,1,5,0.42645457969393247
770566,1,1,7,163.9828347225837
770576,1,1,4,0.42645458358136
770577,1,1,10,282.5615113709405
770595,1,1,8,302.6263023179299
770616,1,1,8,941.3268928433897
770645,1,1,6,738.8775470595168
770655,1,1,9,235.89040888819991
770664,1,1,1,686.2175010228965
770674,1,1,6,184.769679321894
770677,1,1,8,629.1584595238721
770679,1,1,5,0.42645457969393247
770682,1,1,6,252.83134517064738
770683,1,1,4,0.42645458358136
770695,0,1,0,0.08856136172978643
770698,1,1,4,0.42645458358136
770703,1,1,3,70.68420701760311
770706,1,1,1,463.5461784863025
770719,1,1,9,161.98450329387356
770732,1,1,9,590.2363015902657
770734,1,1,5,0.42645457969393247
770748,1,1,1,736.0469784034661
770749,1,1,5,0.42645457969393247
770755,1,1,5,0.42645457969393247
770763,1,1,6,366.95780510609944
770791,1,1,10,717.2821635053901
770808,1,1,7,57.70288995309139
770818,1,1,6,785.7066960552028
770827,1,1,5,0.42645456789925423
770830,1,1,5,0.42645456789925423
770836,1,1,9,186.1024905265543
770840,1,1,5,0.42645457969393247
770845,1,1,9,587.1842978854173
770869,1,1,4,0.42645458358136
770874,1,1,10,109.43036959569949
770878,1,1,5,0.42645457969393247
770907,1,1,9,506.5202672761845
770914,1,1,4,0.42645458358136
770919,1,1,9,540.9025921502563
770943,1,1,3,78.61129171679605
770949,1,1,6,670.7707178345771
770959,0,1,0,0.11227585785144177
770964,1,1,8,630.6877336324269
770966,1,1,10,262.20431525376654
770972,1,1,10,418.02389148809976
770974,1,1,5,0.42645457969393247
770984,1,1,6,776.7034526878932
770999,1,1,8,799.3043043429502
771006,1,1,4,0.42645458358136
771010,1,1,8,704.4681391146961
771034,1,1,2,437.1623832143068
771042,1,1,10,373.1770764988143
771078,1,1,8,561.6963005003446
771079,1,1,9,709.7915475464074
771084,1,1,5,0.42645457969393247
771091,1,1,4,0.42645458358136
771117,1,1,10,484.6170029519909
771164,1,1,9,476.7321658898401
771177,1,1,5,0.42645457969393247
771183,1,1,2,421.21949579677676
771188,1,1,8,949.6500892402519
771198,1,1,9,437.2643355132906
771219,1,1,7,132.3023375540386
771222,1,1,5,0.42645457969393247
771232,1,1,10,177.42991708666796
771247,1,1,4,0.42645458358136
771252,1,1,5,0.42645457969393247
771275,1,1,9,419.01167087855333
771281,1,1,6,286.58281233569653
771322,1,1,4,0.42645458358136
771323,1,1,9,205.89058023390857
771332,1,1,8,158.28229087650004
771334,1,1,9,416.79952453616835
771336,1,1,10,284.1620758665326
771342,1,1,9,514.8105844986634
771345,1,1,9,853.7859419709356
771351,1,1,8,570.1800346855905
771358,1,1,10,135.35662412724824
771367,1,1,8,346.09154371045975
771375,1,1,9,830.934299662117
771379,1,1,9,699.9016155592125
771381,1,1,4,0.42645458358136
771387,1,1,6,389.340270383608
771396,1,1,6,237.1954432242178
771397,1,1,10,272.4338824274534
771407,1,1,9,383.24287252248286
771414,1,1,9,575.313036047229
771433,1,1,6,671.4042346856135
771443,1,1,6,774.7996352912736
771444,1,1,10,462.3085747270372
771458,1,1,10,720.0993238548044
771476,1,1,4,0.42645458358136
771492,1,1,7,38.930968248671725
771496,1,1,1,297.3449993998933
771523,1,1,9,83.42895299971644
771532,1,1,2,243.93227415153052
771542,1,1,2,430.07695695533164
771545,1,1,4,0.42645458358136
771547,1,1,9,787.4635109417161
771549,1,1,6,721.6072970529397
771578,1,1,6,730.0716877555698
771587,1,1,7,165.74613826329187
771594,1,1,5,0.42645457969393247
771599,1,1,4,0.42645458358136
771611,1,1,7,72.79758237238389
771625,1,1,6,639.5759319368664
771632,1,1,9,706.954751682265
771640,1,1,8,383.9750206558979
771656,1,1,9,552.7270665972198
771681,1,1,6,705.4936937538026
771700,1,1,8,422.58194227923883
771704,1,1,9,706.8271634350441
771745,1,1,9,550.0589516020735
771753,1,1,9,747.0219448117432
771760,1,1,10,408.03197205771227
771761,1,1,7,155.72461200472856
771777,1,1,4,0.42645458358136
771780,1,1,10,226.0955561350713
771782,1,1,1,604.5121648403131
771783,1,1,8,612.4885578841371
771796,1,1,9,622.8832519150392
771813,1,1,9,724.246663347007
771820,1,1,6,408.43750869383655
771822,1,1,1,530.566141904359
771823,1,1,5,0.42645456789925423
771827,1,1,1,436.1182888327635
771833,1,1,8,313.7087839049462
771837,1,1,10,720.9258872115852
771860,1,1,6,208.08802809102846
771869,1,1,5,0.42645457969393247
771872,1,1,8,465.6786198917641
771875,1,1,9,376.7217790298153
771885,1,1,10,223.4365902335901
771892,1,1,6,193.32391107874557
771907,1,1,8,378.6165231575544
771926,1,1,10,611.235391962748
771934,1,1,8,594.4211168640992
771947,1,1,8,918.8576647490214
771948,1,1,6,427.08410652075867
771952,1,1,2,340.46857833055765
771963,1,1,8,347.4852843980501
771964,1,1,8,910.8294173611736
771972,1,1,4,0.42645458358136
771984,1,1,10,388.5214922435853
771987,1,1,8,515.9383146310934
772004,1,1,8,560.0684495456898
772022,1,1,4,0.42645458358136
772042,1,1,9,432.58106309547327
772072,1,1,4,0.42645458358136
772074,1,1,4,0.42645458358136
772086,1,1,5,0.42645457969393247
772126,1,1,1,608.9105643179143
772127,1,1,10,452.95763543376916
772139,1,1,8,690.6372897101945
772152,1,1,9,815.0949372278025
772154,1,1,2,421.40523877792924
772160,1,1,5,0.42645456789925423
772164,1,1,6,518.1133072941686
772167,1,1,8,572.9446655985755
772176,1,1,6,222.47152181252818
772184,1,1,6,160.0749473637014
772187,1,1,5,0.42645457969393247
772189,1,1,9,464.70399529768224
772226,1,1,6,451.9635384811409
772235,1,1,3,85.69295062024658
772240,1,1,1,295.6609473286519
772252,1,1,5,0.42645457969393247
772270,1,1,8,272.3238542785763
772276,1,1,8,643.3533297591998
772290,1,1,9,890.4882883472592
772306,1,1,10,353.8727750584711
772314,0,1,0,0.1347915450374623
772320,1,1,10,167.65701875129625
772328,1,1,8,711.537951916669
772343,1,1,8,741.0318917489648
772350,1,1,8,514.1642890397889
772356,1,1,9,28.10525397664665
772374,1,1,6,788.9917992255615
772377,1,1,6,236.0157663982877
772391,1,1,4,0.42645458358136
772392,1,1,1,550.5875072628596
772401,1,1,1,402.73695803678777
772419,1,1,5,0.42645457969393247
772422,1,1,10,590.3457911645324
772426,1,1,1,231.52441350275996
772452,1,1,9,843.2084862396711
772466,1,1,5,0.42645457969393247
772468,1,1,10,383.321130880775
772470,1,1,8,672.2634336805512
772473,1,1,7,170.27547475782924
772478,1,1,3,35.95812399336336
772497,1,1,8,666.24619885399
772512,1,1,6,524.9101195577048
772514,1,1,7,86.80324818525885
772521,1,1,9,663.933041857949
772527,1,1,6,150.57494121837945
772531,1,1,2,475.7682346341048
772539,1,1,10,371.0811886814754
772540,1,1,6,736.1129404334306
772562,1,1,1,603.740743005477
772569,1,1,4,0.42645458358136
772575,1,1,10,296.87635905559426
772577,1,1,8,460.07876172589346
772578,1,1,4,0.42645458358136
772582,1,1,5,0.42645457969393247
772592,1,1,6,684.0945723842264
772596,1,1,5,0.42645457969393247
772600,1,1,9,750.6716925357842
772619,1,1,2,287.07507134304336
772624,1,1,7,87.63389056000793
772636,1,1,1,368.77981711274055
772639,1,1,10,351.1341582824149
772657,1,1,8,871.2205134041138
772669,1,1,8,524.2366722241771
772671,1,1,10,715.7614787203822
772697,1,1,5,0.42645457969393247
772698,1,1,3,37.20645620337027
772710,1,1,1,448.2744664125731
772712,1,1,2,350.7143628196875
772714,1,1,2,294.2699594878561
772721,1,1,7,58.04303218390514
772722,1,1,1,231.3937718892415
772729,1,1,2,416.39840689580217
772734,1,1,10,651.4409966694835
772754,1,1,9,194.68176635671642
772755,1,1,7,158.69263269409268
772758,1,1,10,432.5742599964632
772760,1,1,10,709.2460566580114
772768,1,1,9,691.1621137023303
772770,1,1,9,775.0545668011279
772780,1,1,5,0.42645457969393247
772788,1,1,1,608.5932437190194
772796,1,1,4,0.42645458358136
772814,1,1,2,446.16643884177614
772829,1,1,10,579.0871487298693
772830,1,1,7,113.22903790636366
772844,1,1,1,485.5740938423332
772874,1,1,4,0.42645458358136
772905,1,1,1,510.20989309496144
772912,1,1,3,92.64127357435902
772915,1,1,9,593.6549521266336
772919,1,1,8,457.88964797022396
772928,1,1,8,141.53269567994857
772932,1,1,6,506.69325333397086
772952,1,1,9,58.82046955188825
772953,1,1,9,425.85543241860785
772958,1,1,10,85.2271478692697
772964,1,1,4,0.42645458358136
772972,1,1,4,0.42645458358136
772976,1,1,8,632.6836156340398
772987,1,1,6,568.8746602303487
772990,1,1,5,0.42645457969393247
773001,1,1,9,774.7965367930984
773012,1,1,4,0.4264545919581291
773017,1,1,4,0.42645458358136
773038,1,1,10,659.5122756113108
773040,1,1,6,438.13073686063944
773047,1,1,5,0.42645457969393247
773057,1,1,5,0.42645457969393247
773058,1,1,5,0.42645457969393247
773085,1,1,4,0.42645457969393247
773091,1,1,5,0.42645457969393247
773094,1,1,10,723.2090233187026
773096,1,1,10,145.282613623185
773110,1,1,1,647.8255959136314
773115,1,1,6,355.9657091947574
773127,1,1,1,356.80698861637677
773131,1,1,7,99.50360502127
773132,1,1,3,92.07501252335607
773143,1,1,9,871.7554677980239
773158,1,1,8,373.3571417273734
773159,1,1,6,696.7176602799044
773165,1,1,10,122.83837231233251
773191,1,1,6,622.275204092099
773203,1,1,3,94.04675461877092
773211,1,1,9,789.2471256542952
773216,1,1,6,684.1021013569678
773217,1,1,10,722.8129555126341
773238,1,1,2,268.9382796831737
773245,1,1,10,405.6276683038681
773262,1,1,4,0.42645458358136
773278,1,1,2,120.93158769089882
773290,1,1,8,684.3817035048195
773297,1,1,8,666.1994281671805
773301,1,1,5,0.42645456789925423
773303,1,1,5,0.42645456789925423
773304,1,1,9,619.9307675762872
773322,1,1,9,749.9821703487037
773324,1,1,6,305.6701669544864
773352,1,1,10,335.55228268346366
773356,0,1,0,0.06398024936308695
773365,1,1,10,101.29930342165792
773391,1,1,9,646.031828341689
773397,1,1,10,179.61738244576912
773415,1,1,4,0.42645458358136
773424,1,1,10,270.026164729942
773433,1,1,6,186.76946529835087
773451,1,1,5,0.42645457969393247
773454,1,1,8,588.510431396159
773456,1,1,10,158.04778887624295
773459,1,1,10,344.25697233550346
773467,1,1,9,876.4586178452223
773469,1,1,9,108.21864398863872
773470,1,1,9,305.14103782619
773475,1,1,5,0.42645457969393247
773480,1,1,10,527.7309302310107
773493,1,1,7,152.85637047163397
773500,1,1,8,534.6451121481083
773505,1,1,10,588.2453525077188
773506,1,1,10,601.6349271097705
773507,1,1,5,0.42645457969393247
773511,1,1,9,700.5501717904468
773523,1,1,7,166.58313486823127
773530,1,1,5,0.42645457969393247
773565,1,1,5,0.42645457969393247
773569,1,1,4,0.42645458358136
773570,1,1,8,745.1513589820335
773582,1,1,4,0.4264545919581291
773615,1,1,6,548.887886250124
773617,1,1,5,0.42645457969393247
773624,1,1,5,0.42645457969393247
773630,1,1,4,0.42645458358136
773634,1,1,10,269.1921266803966
773639,1,1,4,0.42645458358136
773640,1,1,2,462.40676502911305
773650,1,1,8,671.2042082923272
773656,1,1,8,150.45112568347918
773660,1,1,8,247.35544352883767
773669,1,1,7,69.41871280973677
773672,1,1,6,404.57987330836124
773676,1,1,10,571.3098303911574
773677,1,1,10,443.1961424645111
773693,1,1,9,771.1054490638069
773730,1,1,5,0.42645457969393247
773743,1,1,6,527.4986648449332
773744,1,1,9,62.39867905266773
773747,1,1,10,167.46342373943085
773764,1,1,9,605.2946529625148
773767,1,1,8,743.0559062629737
773771,1,1,10,466.19335887508703
773774,1,1,4,0.42645458358136
773791,1,1,8,531.9425480454642
773798,1,1,4,0.42645458358136
773807,1,1,5,0.42645457969393247
773821,1,1,9,382.96948430605676
773826,1,1,6,782.2454277875427
773851,1,1,3,68.98706764455872
773853,1,1,9,343.7614764295963
773885,1,1,4,0.4264545919581291
773913,1,1,3,88.20694804963757
773915,1,1,9,425.8276297055246
773939,1,1,4,0.42645458358136
773945,1,1,6,306.43384532702413
773947,1,1,9,469.8727853018996
773958,1,1,1,324.81536586018564
773963,1,1,10,483.22427152863963
773972,1,1,8,705.3157338149224
773980,1,1,5,0.42645457969393247
773986,1,1,5,0.42645457969393247
774006,1,1,4,0.42645458358136
774007,1,1,4,0.42645458358136
774023,1,1,5,0.42645457969393247
774051,1,1,8,402.57687267595526
774053,1,1,6,729.6455534436957
774059,1,1,4,0.42645458358136
774061,1,1,6,633.9168649212412
774072,1,1,10,549.256958903132
774077,1,1,4,0.42645458358136
774099,1,1,1,605.076219644238
774100,1,1,9,443.034770502827
774108,1,1,8,761.6052111240024
774112,1,1,6,791.713726640359
774119,1,1,1,740.3587759529603
774125,1,1,4,0.42645458358136
774171,1,1,8,720.9519162671121
774174,1,1,9,795.4678081842843
774177,1,1,5,0.42645457969393247
774179,1,1,2,75.16099848577538
774184,1,1,9,875.3016507913494
774222,1,1,4,0.42645458358136
774225,1,1,9,638.7276906499233
774228,1,1,4,0.4264545919581291
774261,1,1,5,0.42645457969393247
774263,1,1,5,0.42645457969393247
774267,1,1,9,682.887711271376
774273,1,1,2,265.81388573456763
774277,1,1,9,734.4648494337279
774291,1,1,6,790.7302379071615
774296,1,1,9,875.0248367571213
774311,1,1,5,0.42645457969393247
774319,1,1,10,685.3576471781689
774322,1,1,5,0.42645457969393247
774326,1,1,9,320.6839385181798
774327,1,1,5,0.42645457969393247
774359,1,1,9,400.9759190609318
774365,1,1,4,0.42645458358136
774374,1,1,10,716.8769542561921
774390,1,1,9,577.5586890730106
774408,1,1,9,366.9249907326643
774410,1,1,5,0.42645457969393247
774418,1,1,6,360.88864096173563
774425,1,1,2,392.2173724836863
774427,1,1,5,0.42645457969393247
774435,1,1,6,633.9038174231756
774436,1,1,3,73.51834326784538
774471,1,1,2,199.98515048377445
774475,1,1,9,566.4508623463244
774480,1,1,5,0.42645457969393247
774496,1,1,5,0.42645457969393247
774505,1,1,1,503.34606700385007
774506,1,1,8,720.7355999371306
774513,1,1,7,153.9014628015414
774515,1,1,5,0.42645456789925423
774531,1,1,4,0.4264545919581291
774537,1,1,6,643.6825066060072
774548,1,1,3,74.89299191629102
774563,1,1,2,58.13532907242015
774578,0,1,0,0.12647544177132763
774606,1,1,10,720.6109198513168
774627,1,1,9,108.7898178794405
774628,1,1,8,523.2543840771951
774637,1,1,6,287.7288012708325
774663,1,1,9,335.75829867955053
774683,1,1,9,769.8128473629362
774688,1,1,9,269.78365634680506
774692,1,1,1,698.246149676294
774700,1,1,4,0.42645458358136
774701,1,1,9,802.9596911747938
774707,1,1,5,0.42645457969393247
774715,1,1,1,287.9360681608786
774717,1,1,4,0.42645458358136
774725,1,1,1,603.5206411241645
774752,1,1,8,577.789501053753
774758,1,1,10,636.9701005167807
774784,1,1,9,250.10233980770107
774788,1,1,10,410.33810290794963
774793,1,1,6,549.1448481211557
774795,1,1,6,198.53547123062972
774839,1,1,6,666.063213465468
774858,1,1,3,92.16488334042556
774895,1,1,8,359.7150301728134
774902,1,1,8,873.9115915824183
774905,1,1,4,0.42645458358136
774916,1,1,6,368.04032860238624
774929,1,1,4,0.4264545919581291
774956,1,1,8,236.04272266068116
774963,1,1,6,491.9075879772916
774998,1,1,6,764.555884142496
775019,1,1,4,0.42645458358136
775031,1,1,8,267.53143068056204
775049,1,1,6,783.9493135087538
775070,1,1,9,527.736160672092
775079,1,1,6,740.9798171617358
775087,1,1,10,479.96726686966525
775091,1,1,5,0.42645457969393247
775102,1,1,8,881.6656530297223
775116,1,1,4,0.42645458358136
775119,1,1,1,747.8876919211224
775139,1,1,10,438.86022388671574
775156,1,1,1,296.48335346026386
775197,1,1,8,399.326659442747
775218,1,1,9,639.0094828511429
775219,1,1,9,58.69334644064438
775232,1,1,4,0.42645458358136
775288,1,1,6,773.9218389443666
775309,1,1,9,794.1673912181633
775310,1,1,6,809.1897110978537
775312,1,1,2,420.28161217556533
775317,1,1,10,494.19392580240276
775328,1,1,2,337.83923281965275
775329,1,1,9,864.7079935720591
775358,1,1,9,516.752049416568
775371,1,1,5,0.42645457969393247
775372,1,1,4,0.42645458358136
775374,1,1,8,175.20732904823603
775402,1,1,6,515.2037130317675
775407,1,1,9,831.3770591697163
775409,1,1,8,798.1293129641656
775411,1,1,9,652.3926420457589
775415,1,1,4,0.42645458358136
775431,1,1,6,501.11827551414274
775454,1,1,10,459.46320319879266
775505,1,1,10,458.44172195514795
775511,1,1,5,0.42645457969393247
775514,1,1,2,88.39234221480551
775519,1,1,6,548.2659856011882
775522,1,1,7,148.0788302982796
775524,1,1,6,495.24081645398553
775551,1,1,5,0.42645457969393247
775552,1,1,6,278.10303765809425
775558,1,1,5,0.42645457969393247
775563,1,1,8,526.0390460270066
775566,1,1,9,737.2344139150616
775577,1,1,4,0.42645458358136
775601,1,1,3,52.46429541553643
775615,1,1,10,291.0386140365187
775616,1,1,5,0.42645457969393247
775629,1,1,4,0.42645458358136
775640,1,1,2,335.0999060978304
775642,1,1,9,503.89581513505414
775648,1,1,4,0.42645458358136
775662,1,1,8,185.93029922581817
775664,1,1,5,0.42645457969393247
775669,1,1,10,460.747000238874
775684,1,1,10,288.88180823856703
775696,1,1,8,292.23880566774477
775704,1,1,6,272.41838453537883
775708,1,1,8,669.5542057438648
775717,1,1,4,0.42645456789925423
775732,1,1,8,233.72399584746316
775740,1,1,8,853.5281445859932
775741,1,1,6,402.02192847929
775775,1,1,6,556.1416639674212
775786,1,1,5,0.42645457969393247
775795,1,1,1,608.4273332220598
775797,1,1,9,600.4684455449158
775802,1,1,5,0.42645457969393247
775804,1,1,9,720.0119438761275
775828,1,1,3,39.61796563347716
775834,1,1,6,284.01323729559334
775849,1,1,6,170.4535045965827
775850,1,1,6,803.9911523646942
775874,1,1,8,729.4572247890108
775889,1,1,8,366.6984162068384
775930,1,1,3,91.13663339903353
775937,1,1,4,0.42645458358136
775963,1,1,8,488.6613343098147
775971,1,1,8,162.03314929098175
775988,1,1,4,0.42645458358136
776011,1,1,5,0.42645457969393247
776032,1,1,9,577.5307656678447
776038,1,1,6,497.4137162485649
776053,1,1,5,0.42645457969393247
776062,1,1,9,385.00384594734487
776071,1,1,10,721.8744568717595
776076,1,1,5,0.42645457969393247
776079,1,1,5,0.42645457969393247
776102,1,1,10,721.7541025222662
776109,1,1,9,814.9124824066371
776121,1,1,8,494.60769934363753
776129,1,1,3,88.27060067265163
776134,1,1,1,329.4535189048485
776141,1,1,10,574.9355847038114
776153,1,1,1,321.75313241753463
776159,1,1,5,0.42645457969393247
776162,1,1,6,542.3246538952963
776175,1,1,5,0.42645457969393247
776176,1,1,10,510.43086643658427
776189,1,1,3,91.16473333561751
776201,1,1,9,551.0127702002895
776212,1,1,2,465.1442404925206
776218,1,1,6,272.71180739048
776226,1,1,6,451.8797504973241
776238,1,1,7,158.59200578940633
776239,1,1,5,0.42645457969393247
776243,1,1,1,188.96020427047753
776256,1,1,1,602.2013255219832
776260,1,1,10,436.86334850903427
776285,1,1,9,47.2004751970554
776289,1,1,4,0.42645458358136
776291,1,1,5,0.42645457969393247
776295,1,1,4,0.42645457969393247
776301,1,1,9,686.0152034558524
776302,1,1,2,378.7020117837819
776304,1,1,9,203.84995148623779
776316,1,1,9,654.5999716605716
776320,1,1,1,318.60855745389006
776341,1,1,5,0.42645457969393247
776349,1,1,5,0.42645457969393247
776350,1,1,6,420.97968044817156
776360,1,1,9,555.2080817186078
776374,1,1,5,0.42645457969393247
776376,1,1,1,520.4233504182306
776385,1,1,9,519.9298757315516
776422,1,1,5,0.42645457969393247
776430,1,1,9,801.3313136663636
776439,1,1,5,0.42645457969393247
776473,1,1,6,231.85012708406614
776478,1,1,8,417.9006466352213
776488,1,1,4,0.42645458358136
776508,1,1,5,0.42645457969393247
776510,1,1,8,498.26383728762636
776528,1,1,6,748.865753636853
776532,1,1,10,400.5476000360534
776535,1,1,6,571.3913426993171
776540,1,1,5,0.42645457969393247
776565,0,1,0,0.1301641078011264
776570,1,1,2,282.9991591817957
776575,1,1,6,797.2917394648512
776609,1,1,9,617.6244039391041
776610,1,1,2,59.014520550546756
776614,1,1,7,55.658511016838034
776617,1,1,10,398.04047616203223
776626,1,1,7,52.125079042391526
776628,1,1,8,284.5587353852965
776638,1,1,5,0.42645457969393247
776642,1,1,9,576.9457813796867
776643,1,1,10,621.4734825994668
776660,1,1,10,430.65957145169256
776666,1,1,6,809.262550569074
776684,1,1,9,865.9594525716097
776685,1,1,5,0.42645457969393247
776690,1,1,4,0.42645458358136
776728,1,1,6,195.12542700346697
776738,1,1,2,301.9497827738123
776742,1,1,6,193.753063524756
776749,1,1,10,461.86099690335726
776753,1,1,4,0.42645458358136
776775,1,1,10,626.0043397811644
776784,1,1,9,512.8375783148838
776796,1,1,10,316.7903163249564
776797,1,1,10,692.4358769387604
776807,0,1,0,0.10693424486497961
776820,1,1,8,213.32691350253265
776833,1,1,3,55.92027207771976
776850,1,1,8,510.6696421282555
776857,1,1,8,734.5367787997498
776862,1,1,9,884.949867436983
776903,1,1,2,387.7013949577914
776933,1,1,9,439.8104441509235
776942,1,1,8,564.4112166534985
776952,1,1,9,110.86210201658622
776964,1,1,2,443.6873942510631
776987,1,1,10,400.530440483422
776991,1,1,2,416.3579429464378
776995,1,1,8,522.465797318789
777005,1,1,8,556.854610408535
777016,1,1,8,808.9999976264951
777019,1,1,9,693.5735431483107
777025,1,1,5,0.42645457969393247
777050,1,1,10,184.56584896583755
777080,1,1,4,0.42645458358136
777083,1,1,3,66.14998686024502
777092,1,1,8,425.0707139964033
777095,1,1,6,722.1232938257825
777097,1,1,6,474.58126179337137
777100,1,1,7,141.38276116293642
777107,1,1,9,631.4479051603901
777108,1,1,9,615.3827270175458
777110,1,1,8,765.3898241105516
777119,1,1,1,225.64148468356842
777135,1,1,5,0.42645457969393247
777140,1,1,5,0.42645457969393247
777153,1,1,7,144.2293300153419
777157,1,1,8,460.73433512152184
777158,1,1,6,757.7314810810051
777168,1,1,10,132.1299145857633
777191,1,1,10,256.8881188267391
777199,1,1,8,850.4242518739584
777224,1,1,5,0.42645457969393247
777238,1,1,8,751.8416448631584
777258,1,1,4,0.42645458358136
777262,1,1,9,614.4579234756505
777274,1,1,9,156.45803413008994
777278,1,1,6,516.2571188912345
777280,1,1,6,786.0712581458017
777282,1,1,5,0.42645457969393247
777309,1,1,7,26.46746176780139
777328,1,1,9,856.2040569224743
777337,1,1,4,0.42645458358136
777340,1,1,6,618.5667206726612
777347,1,1,9,160.64976868357513
777354,1,1,8,810.9192329596056
777357,1,1,2,141.45083460866186
777364,1,1,9,358.9521923630668
777367,1,1,9,600.8512702974998
777394,1,1,5,0.42645457969393247
777407,1,1,8,124.35728168715946
777441,1,1,10,267.42637479275237
777493,1,1,6,527.0510848324046
777508,1,1,5,0.42645457969393247
777538,1,1,10,122.70593628761918
777543,1,1,4,0.42645458358136
777546,1,1,2,398.46809242984455
777583,1,1,5,0.42645457969393247
777599,1,1,5,0.42645457969393247
777602,1,1,5,0.42645457969393247
777637,1,1,10,682.8077085072838
777638,1,1,4,0.42645458358136
777642,1,1,9,407.06964663067305
777651,1,1,5,0.42645457969393247
777672,1,1,8,195.71366216287618
777690,1,1,10,506.4907719370109
777706,1,1,9,810.7729708525301
777715,1,1,9,439.3236063535048
777720,1,1,9,893.940517780276
777754,1,1,8,790.7772976816319
777771,1,1,9,267.9253976475551
777774,1,1,5,0.42645457969393247
777775,1,1,6,475.94971651733806
777794,1,1,10,137.4421921673193
777795,1,1,10,370.8174000695671
777797,1,1,6,684.3236275188801
777800,1,1,1,159.65717273733404
777837,1,1,10,458.9934787728773
777850,1,1,6,229.02377979315847
777873,1,1,9,524.8074448543042
777876,1,1,10,545.2549888855611
777879,1,1,10,700.1936631115776
777883,1,1,6,445.2548465689631
777893,1,1,8,164.50668326947562
777906,1,1,9,592.3996412569591
777923,1,1,8,319.80591964271
777924,1,1,6,721.3727741675303
777930,1,1,6,785.645092184184
777934,1,1,5,0.42645457969393247
777937,1,1,6,544.1902853393517
777944,0,1,0,0.11543839379500567
777946,1,1,5,0.42645457969393247
777948,1,1,4,0.42645458358136
777963,1,1,10,381.95373157880294
777974,1,1,1,721.7065670908537
777985,1,1,6,744.667466271012
778001,1,1,4,0.42645458358136
778003,1,1,9,866.8435783328819
778005,1,1,9,381.9797722097372
778012,1,1,8,686.4062468363109
778018,1,1,1,320.5484852257513
778025,1,1,4,0.42645458358136
778051,1,1,9,498.44810378641074
778055,1,1,5,0.42645457969393247
778061,1,1,10,722.7431340917683
778069,1,1,5,0.42645457969393247
778079,1,1,9,272.37242260138913
778096,1,1,10,424.3206112187509
778103,1,1,5,0.42645457969393247
778107,1,1,6,298.11145367143433
778115,1,1,2,383.10184911140703
778127,1,1,5,0.42645457969393247
778159,1,1,3,90.0217571400747
778174,1,1,9,881.8186084872649
778192,1,1,7,158.17188158668924
778209,1,1,8,171.0148975471809
778212,0,1,0,0.11044080144711907
778233,1,1,9,549.9447967857994
778242,1,1,6,491.97363551146196
778249,1,1,10,722.932614236447
778251,1,1,5,0.42645457969393247
778259,1,1,4,0.42645458358136
778277,1,1,1,230.47825590432728
778298,1,1,9,602.1204719899233
778316,1,1,9,775.4248309470279
778326,1,1,10,156.80466548069657
778341,1,1,5,0.42645457969393247
778344,1,1,5,0.42645457969393247
778346,1,1,10,265.6402029943386
778347,1,1,9,791.9650828372577
778356,1,1,6,470.1583044801044
778368,1,1,8,513.5099611529284
778377,1,1,9,472.8361353744324
778379,1,1,9,798.9086058698965
778410,1,1,6,734.1644720888396
778411,1,1,1,716.1927423610025
778449,1,1,3,56.047654378402996
778450,1,1,6,782.2950310906959
778456,1,1,2,388.9126590842336
778478,1,1,4,0.42645458358136
778499,0,1,0,0.06774598641423109
778505,1,1,3,83.25366314865238
778515,1,1,1,234.2793669652664
778523,1,1,10,439.7019618955772
778531,1,1,4,0.42645458358136
778558,0,1,0,0.1611373487023575
778561,1,1,6,573.1158887641636
778562,1,1,8,912.9308739643185
778563,1,1,4,0.4264545919581291
778566,1,1,2,446.2040448309857
778568,1,1,4,0.42645458358136
778598,1,1,3,54.728961503640726
778609,1,1,3,90.33236772773172
778611,1,1,10,296.9425628527159
778614,1,1,4,0.42645458358136
778634,1,1,5,0.42645457969393247
778646,1,1,5,0.42645457969393247
778659,1,1,8,831.2325833129408
778664,1,1,9,810.2754967843064
778665,1,1,7,142.91107153269866
778670,1,1,7,58.47254482839268
778682,1,1,4,0.42645458358136
778695,1,1,10,417.17391550587985
778701,1,1,8,851.8000057234523
778709,1,1,9,177.8105581617353
778712,1,1,1,594.556251138767
778743,1,1,4,0.42645458358136
778749,1,1,4,0.42645458358136
778755,1,1,6,390.4533730267883
778759,1,1,5,0.42645457969393247
778765,1,1,9,79.88859366293427
778770,1,1,6,265.7219355904463
778772,1,1,9,86.08533115883762
778787,1,1,9,442.7846375495474
778789,1,1,9,890.1368398506042
778794,1,1,9,813.4678061799038
778795,1,1,10,652.1888327926603
778802,1,1,9,579.4264690418432
778814,1,1,8,357.30079068826853
778837,1,1,8,612.7998371455907
778843,1,1,6,761.7846256223353
778854,1,1,6,200.23412647103035
778876,1,1,7,131.80695188299356
778939,1,1,4,0.42645458358136
778946,1,1,4,0.42645458358136
778952,1,1,3,91.66224399118603
778954,1,1,6,364.9261940383547
778961,1,1,8,590.3285915077729
778965,1,1,6,331.93395445055074
778970,0,1,0,0.11116880554179591
778974,1,1,6,526.9278808472767
778975,1,1,5,0.42645457969393247
778985,1,1,6,785.7312192013492
778993,1,1,7,128.94160313096714
779052,1,1,8,402.50898779365133
779075,1,1,6,555.2676571330322
779086,1,1,10,717.5174279994267
779091,1,1,5,0.42645457969393247
779140,1,1,9,396.3007253622594
779148,1,1,5,0.42645457969393247
779180,1,1,10,548.5135541779397
779191,1,1,3,88.2606417012186
779209,1,1,3,90.0188994728708
779212,1,1,2,487.699345850467
779214,1,1,1,747.6589424761341
779220,1,1,8,888.6326850750845
779228,1,1,9,583.3488143861542
779247,1,1,3,83.42030407511633
779254,1,1,2,299.211098724617
779303,1,1,9,320.32425741024116
779304,1,1,6,810.0397680196527
779313,1,1,9,499.7909527610172
779317,1,1,1,697.9592820494944
779327,1,1,9,379.3723639643621
779328,1,1,8,298.6383974993845
779364,1,1,5,0.42645457969393247
779365,1,1,4,0.42645458358136
779378,1,1,8,535.4683285903225
779383,1,1,8,354.3598158015663
779398,1,1,7,170.49339145828552
779400,1,1,4,0.42645458358136
779403,1,1,3,92.82132136307963
779416,1,1,6,310.9305952760539
779423,1,1,2,82.17351079148362
779432,1,1,4,0.42645458358136
779440,1,1,5,0.42645457969393247
779441,1,1,9,860.6393476671014
779456,1,1,5,0.42645457969393247
779473,1,1,9,620.6027405432959
779479,1,1,9,872.2428150182501
779482,1,1,8,820.9661629825816
779484,1,1,4,0.42645458358136
779487,1,1,6,712.5989621640196
779508,1,1,4,0.42645458358136
779510,1,1,6,539.8452194074524
779512,1,1,9,48.082062125201475
779520,1,1,4,0.42645458358136
779522,1,1,8,333.04621388592716
779547,1,1,7,97.85468071017726
779551,1,1,9,277.2200794504351
779552,1,1,9,693.0897599685411
779554,1,1,9,700.0285641502976
779609,1,1,6,778.0219251972555
779617,1,1,7,76.57042020357474
779620,1,1,4,0.4264545919581291
779638,1,1,9,615.6278721259011
779656,1,1,8,588.1798198213442
779666,1,1,3,93.2701010530375
779674,1,1,9,822.6601084586115
779675,1,1,8,603.9924620209478
779684,1,1,8,541.0079375942006
779694,1,1,1,704.4503725088858
779701,1,1,3,89.35386287593397
779709,1,1,4,0.42645458358136
779712,1,1,1,370.5593119744309
779716,1,1,9,795.4433261309558
779717,1,1,1,251.6330219363003
779719,1,1,9,610.1306790940641
779734,1,1,6,518.630512915059
779739,1,1,10,460.4561321863686
779753,1,1,8,636.6091134845801
779768,1,1,9,272.58737747186575
779770,1,1,8,473.21860705025915
779783,1,1,10,523.1477651933747
779796,1,1,4,0.42645458358136
779798,1,1,9,174.5731439080227
779808,1,1,8,358.56057744038236
779840,1,1,5,0.42645457969393247
779843,1,1,1,599.9690154737414
779854,1,1,4,0.42645458358136
779863,1,1,8,281.37141312476206
779864,1,1,6,646.978042528116
779868,1,1,10,435.82482248223937
779876,1,1,9,527.9893529660003
779899,1,1,8,323.7838002907488
779909,1,1,10,343.1820560632208
779925,1,1,8,512.181678178593
779927,1,1,10,349.61984113547055
779965,1,1,3,92.12375915770996
779972,1,1,1,747.0996365905654
779975,1,1,5,0.42645457969393247
780008,1,1,2,89.05654492362105
780016,1,1,7,140.8107879826229
780025,1,1,9,386.9410416039223
780026,1,1,9,785.9408512659671
780028,1,1,5,0.42645457969393247
780031,1,1,8,811.4887208482633
780051,1,1,9,883.1527138978403
780052,1,1,6,408.7905559342018
780090,1,1,8,535.4250438055866
780105,1,1,7,158.21746706710132
780119,1,1,8,840.423805168198
780128,1,1,1,348.69740699567024
780154,1,1,8,225.3861090570258
780178,1,1,9,694.2636164640331
780184,1,1,9,333.05850593976965
780192,1,1,5,0.42645457969393247
780205,1,1,9,421.408274369404
780208,1,1,5,0.42645457969393247
780220,1,1,9,282.4198814439297
780233,1,1,10,123.13444487742767
780240,1,1,9,277.48051498493527
780244,1,1,4,0.42645458358136
780245,1,1,6,686.2019395533888
780290,1,1,6,348.1030738729362
780291,1,1,10,166.65296085614966
780323,1,1,4,0.42645458358136
780332,1,1,8,167.86071564331536
780344,1,1,8,491.0171889893265
780351,1,1,9,96.54670162120556
780357,1,1,6,251.9301963562098
780377,1,1,6,521.8261005687882
780379,1,1,2,425.4426427250185
780403,1,1,5,0.42645457969393247
780416,1,1,4,0.42645458358136
780447,1,1,2,58.81701309136964
780454,1,1,6,577.8261984478048
780458,1,1,8,500.69036370540755
780470,0,1,0,0.11901855819968604
780471,1,1,2,340.8021927965711
780508,1,1,9,818.91216867747
780524,1,1,6,410.5420743773455
780531,1,1,5,0.42645457969393247
780532,1,1,4,0.42645458358136
780537,1,1,2,360.00384532871993
780545,1,1,9,796.284903236398
780547,1,1,7,65.22699086129437
780557,1,1,5,0.42645457969393247
780569,1,1,9,872.9596892186568
780570,1,1,4,0.42645458358136
780571,1,1,9,65.22193319708832
780584,1,1,5,0.42645457969393247
780594,1,1,3,94.1975390113917
780602,1,1,5,0.42645457969393247
780608,1,1,5,0.42645457969393247
780611,1,1,4,0.42645458358136
780619,1,1,10,345.4921113823888
780621,1,1,3,94.17780745352967
780652,1,1,6,311.1488926861964
780669,1,1,4,0.4264545919581291
780674,1,1,9,793.652807373659
780677,1,1,10,405.892648744422
780680,1,1,8,302.51721199494136
780694,1,1,9,659.4514012767715
780698,1,1,10,670.0673854038531
780699,1,1,4,0.42645458358136
780706,1,1,6,526.0221059181765
780708,1,1,8,671.0069043919767
780713,1,1,1,429.0495366926713
780746,1,1,8,870.3872037961005
780752,1,1,2,382.5621240028454
780758,1,1,5,0.42645457969393247
780768,1,1,4,0.42645458358136
780774,0,1,0,0.15498720401385102
780777,1,1,8,483.0850183176311
780786,1,1,6,599.7698464526432
780799,1,1,9,753.6033224631107
780809,1,1,9,565.1106710012573
780813,1,1,7,75.19472780098441
780815,1,1,9,867.1020561425394
780817,1,1,4,0.42645458358136
780821,1,1,9,815.5812980522603
780836,1,1,8,568.9122393331706
780839,1,1,9,284.17656504328374
780847,1,1,8,387.6059905954031
780851,1,1,2,474.2523269309377
780860,1,1,5,0.42645457969393247
780861,1,1,5,0.42645457969393247
780870,1,1,9,669.283609975394
780878,1,1,7,169.5313100775468
780889,1,1,9,252.18030921552207
780900,1,1,6,688.5873402093852
780906,1,1,9,787.9805437234727
780930,1,1,9,448.7519121855704
780932,1,1,7,79.86729875962828
780944,1,1,10,287.15164390579076
780957,1,1,9,561.8563559540551
780960,1,1,3,90.76442659129293
780970,1,1,8,689.3891706111779
780972,1,1,2,462.8818239077803
780984,1,1,6,786.4751320405851
781002,1,1,4,0.42645458358136
781015,1,1,1,601.5954711638253
781023,1,1,8,104.8380080878725
781030,1,1,10,557.8486271273955
781040,1,1,4,0.42645458358136
781052,1,1,9,552.2860432272257
781078,1,1,4,0.42645458358136
781084,1,1,9,688.1499033071567
781114,1,1,5,0.42645457969393247
781131,1,1,9,624.2238475298775
781143,1,1,8,742.7633052938701
781151,1,1,5,0.42645457969393247
781155,1,1,8,418.213425205045
781156,1,1,8,492.9628972816836
781178,1,1,9,612.6945963157017
781188,1,1,7,126.3237369928446
781189,1,1,6,565.5759830800095
781198,1,1,9,729.967832475297
781208,1,1,9,730.1068822663539
781214,1,1,8,639.0885215256616
781245,0,1,0,0.14348189436948905
781249,1,1,10,665.3014175989224
781261,1,1,7,141.05657998710203
781279,1,1,5,0.42645456789925423
781294,1,1,8,398.11825409868317
781296,1,1,6,377.16813976305934
781301,1,1,8,487.26926382142324
781310,1,1,6,647.0914215986222
781314,1,1,5,0.42645457969393247
781317,1,1,8,251.59957509658474
781324,1,1,6,599.7394140746794
781333,1,1,9,806.2580932709021
781345,1,1,4,0.42645458358136
781347,1,1,9,354.6136755582316
781366,1,1,6,438.76248616747097
781367,1,1,9,299.56729671073276
781370,1,1,9,795.2267468760973
781384,1,1,6,491.9955159705392
781388,1,1,9,621.9177730370917
781391,1,1,10,537.201425079855
781394,1,1,6,456.1121812887585
781408,1,1,9,512.0132007668021
781414,1,1,8,799.1903088105614
781428,1,1,6,386.4172631380227
781434,1,1,2,181.25778738417515
781436,1,1,6,607.9593083239375
781437,1,1,2,473.3086141408127
781444,1,1,4,0.42645458358136
781447,1,1,6,592.6215017156686
781449,1,1,8,282.62842103589026
781450,1,1,5,0.42645457969393247
781453,1,1,5,0.42645457969393247
781456,1,1,6,482.9371734586498
781460,1,1,4,0.42645458358136
781466,1,1,6,762.1378225162827
781469,1,1,4,0.4264545919581291
781473,1,1,6,666.4069398162536
781478,1,1,5,0.42645457969393247
781479,1,1,8,839.442480905587
781487,1,1,10,459.7825968106365
781502,1,1,6,456.26044660830576
781510,1,1,1,513.6920673040006
781517,1,1,5,0.42645457969393247
781526,1,1,7,143.51072166241573
781550,1,1,8,826.2466171361091
781557,1,1,4,0.42645458358136
781570,1,1,8,846.0583818097102
781573,1,1,5,0.42645457969393247
781580,1,1,4,0.42645458358136
781587,1,1,2,274.82309495724616
781594,1,1,9,536.7072087873316
781609,1,1,1,472.362855281926
781614,1,1,2,474.23438568794694
781626,1,1,5,0.42645457969393247
781627,1,1,9,533.0082424608057
781645,1,1,9,575.8903608085383
781647,1,1,6,689.2700135481482
781656,1,1,9,722.8135097980249
781665,1,1,10,244.51602858321928
781671,1,1,9,878.5049726477943
781673,1,1,5,0.42645457969393247
781696,1,1,10,720.0520343529648
781740,1,1,1,519.1308487747315
781747,0,1,0,0.11319288097426526
781750,1,1,7,72.9072699327202
781808,1,1,4,0.42645458358136
781811,0,1,0,0.12153294955412582
781831,1,1,2,173.5885716824523
781856,1,1,6,729.476913542895
781860,1,1,1,652.7818838173744
781864,1,1,4,0.42645458358136
781877,1,1,2,376.4350385779917
781880,1,1,5,0.42645457969393247
781896,1,1,6,258.38490636160543
781901,1,1,5,0.42645457969393247
781914,1,1,6,471.93350281354594
781921,1,1,9,565.8765518280828
781934,1,1,1,762.7130005614823
781953,1,1,9,539.7636019161087
781978,1,1,10,508.7790185578596
781983,1,1,6,326.54046413686024
781997,0,1,0,0.05948909733820275
782009,1,1,9,727.0889483758672
782016,1,1,10,251.84225882888745
782023,1,1,7,56.18168316590201
782033,0,1,0,0.07200659471162422
782048,1,1,10,508.5589561121037
782052,1,1,6,785.6297312759305
782064,1,1,9,803.4913465266392
782082,1,1,9,171.36849062181042
782116,1,1,2,301.1658099898953
782126,1,1,5,0.42645457969393247
782132,1,1,4,0.42645458358136
782133,1,1,9,390.2245011340093
782134,1,1,4,0.42645458358136
782140,1,1,5,0.42645457969393247
782149,1,1,4,0.42645458358136
782151,1,1,10,590.8168923969565
782157,1,1,9,612.1411728804443
782183,1,1,8,424.3838040591048
782194,1,1,1,525.2580450763732
782200,1,1,7,79.78789353323387
782209,1,1,6,545.3195635906677
782211,1,1,4,0.42645458358136
782214,1,1,8,421.1859708235901
782216,0,1,0,0.16180760534103908
782217,1,1,9,306.69666808566484
782230,0,1,0,0.15476989592565352
782238,1,1,4,0.42645458358136
782249,1,1,8,543.0121656954067
782255,1,1,6,718.9074632317072
782261,1,1,1,198.18742131257966
782276,1,1,10,156.78236942799208
782288,1,1,4,0.42645458358136
782290,1,1,10,107.30479626731322
782299,1,1,6,549.7447705100101
782304,1,1,10,196.81390132932432
782305,1,1,3,79.5778776176755
782319,1,1,4,0.42645458358136
782325,1,1,8,457.08333073863065
782330,1,1,9,846.4539048942116
782353,1,1,5,0.42645457969393247
782354,1,1,1,223.5190372884755
782355,1,1,5,0.42645457969393247
782363,1,1,5,0.42645457969393247
782370,1,1,10,719.3507907782646
782381,1,1,9,479.0349894802354
782382,1,1,7,128.98984038018742
782399,1,1,6,454.5647880969532
782408,1,1,3,91.25997646899732
782410,1,1,8,321.1502922699848
782459,1,1,6,711.2623746126251
782472,1,1,1,742.6299737998908
782489,1,1,9,772.3947632542468
782497,1,1,7,163.95603799651474
782501,1,1,7,147.90372470632957
782502,1,1,10,668.3230492025406
782510,1,1,4,0.42645458358136
782514,1,1,4,0.42645458358136
782531,1,1,5,0.42645457969393247
782536,1,1,10,623.8485819371716
782540,1,1,6,360.45750407270845
782552,1,1,4,0.42645457969393247
782560,1,1,6,256.0428360781888
782562,1,1,2,98.04891298272898
782587,1,1,9,757.8254413535146
782604,1,1,6,804.3375859559324
782607,1,1,9,674.188892586031
782620,1,1,9,696.2701572260773
782658,1,1,8,362.7766049362409
782665,1,1,4,0.42645458358136
782680,1,1,4,0.42645458358136
782692,1,1,4,0.42645458358136
782704,1,1,4,0.42645458358136
782715,1,1,5,0.42645457969393247
782717,1,1,10,643.38732245259
782724,1,1,5,0.42645457969393247
782751,1,1,5,0.42645457969393247
782755,1,1,7,106.82747370264836
782756,1,1,4,0.42645458358136
782770,1,1,10,685.5661297447749
782778,1,1,8,788.8162490721545
782779,1,1,1,634.0141306711355
782789,1,1,10,400.06052450059167
782793,1,1,9,501.5735035409486
782800,1,1,5,0.42645457969393247
782832,1,1,1,172.52364792486463
782839,1,1,5,0.42645457969393247
782860,1,1,8,691.0498509832989
782869,1,1,5,0.42645457969393247
782881,1,1,4,0.42645458358136
782887,1,1,8,195.65627633480094
782903,1,1,5,0.42645457969393247
782907,1,1,9,831.3665851714542
782920,1,1,9,152.25232211721567
782946,1,1,9,337.7232172318427
782950,1,1,6,804.650501276261
782983,1,1,6,802.2269481131857
782992,1,1,6,411.7652406985091
783000,1,1,2,434.40572234222844
783010,1,1,9,540.0532485877573
783021,1,1,1,616.5480473028314
783026,1,1,2,333.24515412558856
783058,1,1,9,614.3299395033777
783060,1,1,9,876.8375887600259
783061,1,1,6,445.36971698127206
783074,1,1,5,0.42645457969393247
783075,1,1,9,810.7795411975465
783085,1,1,9,481.85098669389754
783096,1,1,9,461.04701977640224
783120,1,1,9,885.9685309966928
783129,1,1,8,634.765895254307
783130,1,1,8,209.36221739129928
783133,1,1,5,0.42645457969393247
783136,1,1,4,0.4264545919581291
783140,0,1,0,0.09681104323412623
783149,1,1,10,540.7648624195815
783154,1,1,8,889.456024580656
783173,1,1,1,341.6587115446981
783174,1,1,9,511.67718669506365
783205,1,1,5,0.42645457969393247
783209,1,1,9,645.5610274492531
783216,1,1,6,763.8503743550793
783221,1,1,2,407.4301550389322
783240,1,1,3,37.83575358997903
783255,1,1,1,254.771529729227
783260,1,1,4,0.42645458358136
783261,1,1,5,0.42645457969393247
783268,1,1,10,401.1998953409931
783276,1,1,9,301.9804060390771
783302,1,1,6,801.8604213151816
783315,1,1,1,389.35993653236073
783321,1,1,8,800.2245380782321
783322,1,1,5,0.42645457969393247
783335,0,1,0,0.12058722620021567
783377,1,1,8,808.7141044072852
783387,1,1,1,238.67848259072403
783389,1,1,6,659.7675653461941
783460,1,1,10,221.56008276377065
783464,1,1,8,204.86225907574254
783467,1,1,6,540.9969960151315
783471,1,1,6,291.93436236904597
783476,1,1,2,162.35241521353856
783483,1,1,9,587.8017383619302
783487,1,1,8,290.23220770236077
783496,1,1,1,266.05618882338223
783507,1,1,10,408.43663226101876
783525,1,1,10,718.2653038629936
783532,1,1,10,720.7851803993572
783559,1,1,2,275.2563367234686
783605,1,1,6,645.1226022465261
783612,1,1,5,0.42645457969393247
783613,1,1,6,496.2841451698615
783619,1,1,10,422.22108856071424
783628,1,1,10,638.9886497655934
783631,1,1,10,413.4696640149966
783646,1,1,4,0.42645458358136
783657,1,1,9,357.5550656963405
783680,1,1,9,359.8808530018625
783682,0,1,0,0.13258541197506232
783696,1,1,8,399.3114018305478
783715,1,1,6,358.3329262400032
783769,1,1,10,500.73684259325483
783778,1,1,8,665.7184582220851
783784,1,1,4,0.42645458358136
783790,1,1,5,0.42645457969393247
783791,1,1,8,286.090198618173
783805,1,1,10,546.4895159395813
783808,1,1,9,614.8314012713279
783809,1,1,8,676.6265215980393
783861,1,1,8,566.6965877844071
783864,1,1,9,487.7436964487795
783865,1,1,5,0.42645457969393247
783879,1,1,10,682.2179336857473
783886,1,1,6,375.9068900212575
783894,1,1,9,526.7876189651566
783897,1,1,5,0.42645457969393247
783898,1,1,5,0.42645457969393247
783901,1,1,2,60.55791114918412
783910,1,1,6,344.7687819519646
783912,1,1,4,0.42645458358136
783916,1,1,4,0.42645458358136
783917,1,1,7,74.38717338141787
783931,1,1,9,488.83767816743125
783939,1,1,9,503.23443234246287
783974,1,1,2,468.59434785417085
783986,1,1,4,0.42645458358136
783988,1,1,10,115.79781861801646
783989,1,1,6,706.9094975456447
784000,1,1,5,0.42645457969393247
784007,1,1,1,660.9083797457279
784027,1,1,4,0.42645458358136
784043,1,1,10,600.896322573001
784044,1,1,7,66.79668967252799
784055,1,1,5,0.42645457969393247
784058,1,1,6,496.05743590036957
784060,1,1,9,831.7300912867798
784061,1,1,8,353.06865072333375
784085,1,1,5,0.42645457969393247
784088,1,1,5,0.42645457969393247
784097,1,1,5,0.42645457969393247
784120,1,1,9,571.3682619808958
784126,1,1,4,0.42645458358136
784135,1,1,9,500.3629388323436
784136,1,1,9,612.4958397140599
784172,1,1,4,0.42645458358136
784174,1,1,5,0.42645457969393247
784181,1,1,8,870.9277388335852
784202,1,1,6,363.2255681859283
784227,1,1,8,555.6681020858745
784240,1,1,6,323.0254933495447
784273,1,1,10,560.4822880101553
784281,1,1,5,0.42645457969393247
784288,1,1,1,397.54610460205265
784290,1,1,6,407.8242019534845
784292,1,1,10,343.7854989647512
784322,1,1,9,557.7244527344585
784325,1,1,9,701.2296007974969
784328,1,1,9,441.17865145986195
784330,1,1,5,0.42645457969393247
784344,1,1,4,0.42645458358136
784349,1,1,10,635.4467063966048
784356,1,1,9,700.323323631598
784358,1,1,1,219.7960382699496
784361,1,1,1,352.23463730419076
784365,1,1,9,111.61068699790908
784373,1,1,2,232.555955486651
784389,1,1,9,268.0025720434713
784403,1,1,3,76.49666252534388
784419,1,1,1,743.0581700215654
784426,1,1,1,604.7102013959683
784437,1,1,9,689.1549608716203
784442,1,1,10,626.1767389312271
784458,1,1,1,265.9075951815022
784462,1,1,1,695.9642522910102
784474,1,1,3,39.448109461965004
784477,1,1,4,0.42645458358136
784478,1,1,9,809.0685074773829
784480,1,1,6,545.4327476509279
784485,1,1,4,0.42645458358136
784494,1,1,5,0.42645457969393247
784500,1,1,4,0.42645458358136
784502,1,1,6,158.71506621039237
784522,1,1,10,408.87511088451794
784565,1,1,6,700.9171482236784
784581,1,1,2,433.80753530708364
784584,1,1,8,201.00626381587554
784629,1,1,2,143.637153283207
784633,1,1,5,0.42645457969393247
784637,1,1,8,814.5593289781535
784641,1,1,4,0.42645458358136
784648,1,1,4,0.42645458358136
784681,1,1,5,0.42645457969393247
784683,1,1,10,428.7989090981335
784703,1,1,9,545.720688007134
784704,1,1,6,326.7391023789683
784706,1,1,9,378.14813101668733
784721,1,1,9,759.5368104733245
784724,1,1,5,0.42645457969393247
784738,1,1,8,792.2052603753497
784751,1,1,4,0.42645458358136
784753,1,1,10,607.2289801855486
784773,1,1,7,52.843736329405374
784813,1,1,5,0.42645457969393247
784831,1,1,6,522.5741009058652
784832,1,1,4,0.42645458358136
784840,1,1,6,624.2355812572902
784846,1,1,7,143.91425248456991
784848,1,1,10,719.3144464937944
784855,1,1,6,267.8336302288828
784856,1,1,7,149.3341210086509
784861,1,1,8,365.9599898935608
784893,1,1,6,700.2013780359732
784897,1,1,9,536.9489109199202
784901,1,1,7,63.1121922815144
784902,1,1,1,169.461691959872
784916,1,1,8,192.47977783990603
784918,1,1,9,836.4381278828724
784963,1,1,9,485.41336366302386
784965,1,1,4,0.42645458358136
784968,1,1,8,175.70067494959017
784996,1,1,5,0.42645457969393247
785005,1,1,2,212.42715735340064
785011,1,1,6,595.064524521347
785034,1,1,1,199.66903332255268
785042,1,1,8,651.6189058589412
785058,1,1,9,610.9433195233679
785096,1,1,7,159.55278683509982
785099,1,1,9,303.9515480622789
785104,1,1,6,658.7260141687165
785109,1,1,8,797.7261348500266
785121,1,1,3,86.33569961293512
785143,1,1,8,573.0783229587001
785165,1,1,6,206.62269726742045
785177,1,1,8,575.8364978900088
785187,1,1,9,591.4214838599485
785201,1,1,6,422.20934040779565
785204,1,1,1,182.04289627046583
785230,1,1,8,576.0189571949692
785240,1,1,1,468.31889166708595
785284,1,1,9,757.8847889944988
785292,1,1,7,57.75209630728437
785307,1,1,10,719.312769659458
785309,1,1,8,485.25422420326225
785311,1,1,6,790.3325733520993
785312,1,1,10,455.27948315329706
785327,1,1,8,114.366024220446
785331,1,1,9,525.1940731489526
785350,1,1,9,589.9613226483535
785357,1,1,8,248.47321011218432
785358,1,1,1,518.731855139536
785367,1,1,5,0.42645457969393247
785369,1,1,10,720.6831492830759
785391,1,1,8,615.8180096114731
785408,1,1,8,401.10360484057685
785412,1,1,8,832.2820823093908
785417,1,1,9,736.2418538487666
785421,1,1,4,0.42645458358136
785425,1,1,9,383.5036265517121
785428,1,1,10,331.2154972619601
785437,1,1,6,641.1801063361736
785441,1,1,6,442.0495748842594
785456,1,1,4,0.42645458358136
785479,1,1,8,913.9341653509028
785484,1,1,5,0.42645457969393247
785496,1,1,9,335.506160603423
785522,1,1,7,114.87861301231297
785536,1,1,3,53.44438598074753
785545,1,1,10,343.52579906056235
785549,1,1,10,407.46073069454167
785554,1,1,5,0.42645457969393247
785555,1,1,6,769.5520207971136
785556,1,1,1,605.5231691459551
785564,1,1,10,175.8874133948366
785573,1,1,7,147.5878592058677
785586,1,1,6,597.7143291537229
785596,1,1,5,0.42645457969393247
785598,1,1,5,0.42645457969393247
785600,1,1,7,87.294181165746
785613,1,1,9,807.285240560965
785622,1,1,5,0.42645457969393247
785654,1,1,6,698.817095647889
785667,1,1,5,0.42645457969393247
785674,1,1,4,0.42645458358136
785687,1,1,8,590.427590592008
785689,1,1,8,557.1600085516703
785697,1,1,7,63.85200607935371
785708,1,1,9,597.821297469631
785719,1,1,8,498.25271684441617
785765,1,1,9,798.7817078808445
785782,1,1,6,725.2057516736209
785790,1,1,9,92.26895835768424
785803,1,1,10,283.21387775561215
785815,1,1,10,161.97260403211337
785817,1,1,7,98.723806299992
785819,1,1,10,253.34983955589175
785831,1,1,10,647.0600965759095
785833,1,1,5,0.42645457969393247
785851,1,1,10,439.45769412376063
785862,1,1,2,160.7887819154633
785886,1,1,9,463.1070592121867
785894,1,1,5,0.42645457969393247
785902,1,1,9,269.1955207529175
785903,1,1,6,672.6279492534632
785906,1,1,6,656.5304780079509
785912,1,1,9,460.1833557975027
785922,1,1,9,708.1628853197236
785928,1,1,4,0.42645458358136
785931,1,1,10,182.74051556210304
785940,1,1,1,607.6239759317413
785941,1,1,8,615.7939800034795
785943,1,1,6,408.2917571645842
785951,1,1,4,0.42645458358136
785955,1,1,9,536.5089533548439
785959,1,1,9,781.8787427834313
785974,1,1,2,49.46478252104579
785985,1,1,8,624.1235416881603
785986,1,1,4,0.42645457969393247
785993,1,1,6,443.78358288950994
786009,1,1,6,475.8655809044155
786016,1,1,6,796.8443173757117
786017,1,1,6,286.8293681852293
786021,1,1,2,100.27637820646547
786041,1,1,9,498.5289287262725
786044,1,1,5,0.42645457969393247
786045,1,1,4,0.42645458358136
786054,1,1,6,667.9715494785274
786067,1,1,8,582.7225749545327
786076,1,1,9,862.1886235076142
786089,1,1,9,305.54481761316293
786100,1,1,10,259.8040725678083
786101,1,1,9,293.1966297807825
786104,1,1,5,0.35459125025585264
786105,1,1,9,850.9549198538896
786114,1,1,8,444.1816974973144
786126,1,1,8,200.39379635223148
786139,1,1,4,0.42645458358136
786146,1,1,1,583.1433910426729
786151,1,1,3,45.92931382417465
786163,1,1,10,166.58592869544862
786168,1,1,5,0.42645457969393247
786175,1,1,4,0.42645458358136
786177,1,1,6,656.3064109142155
786185,1,1,4,0.4264545919581291
786197,1,1,10,400.334065828427
786212,1,1,9,893.6990210491211
786216,1,1,5,0.42645457969393247
786221,1,1,7,168.84717753893779
786234,1,1,4,0.42645458358136
786249,1,1,6,334.3414275260452
786260,1,1,6,507.30460657977574
786268,1,1,9,225.60995345575856
786277,1,1,1,748.1722503530405
786284,1,1,9,99.95498381469834
786290,1,1,5,0.42645457969393247
786323,1,1,8,800.8341195331304
786339,1,1,2,180.33628712550103
786342,1,1,7,93.21265763516847
786351,1,1,9,411.98488211675595
786358,1,1,6,702.797371229148
786366,1,1,3,73.77277424982088
786376,1,1,4,0.42645458358136
786381,1,1,8,780.3332613625396
786397,1,1,6,361.53106742083816
786400,1,1,8,791.2774206691631
786402,1,1,2,171.60337473120887
786411,1,1,5,0.42645457969393247
786415,1,1,9,872.0021858808019
786421,1,1,3,71.17753473774394
786424,1,1,9,185.57338004161898
786437,1,1,4,0.42645458358136
786444,1,1,10,651.3400552870087
786458,1,1,10,388.7832164208055
786465,1,1,9,645.3418165129993
786466,1,1,3,92.54393150848023
786488,1,1,9,583.0983958589209
786503,1,1,6,514.728239191704
786521,1,1,4,0.42645458358136
786532,1,1,9,746.9390185692995
786543,1,1,2,383.41885514782325
786553,1,1,3,47.74397570723083
786566,1,1,9,443.39303165943215
786578,0,1,0,0.10163269150674346
786579,1,1,8,809.5785778566307
786587,1,1,7,129.69466871360444
786589,1,1,8,341.95333672968434
786609,1,1,9,226.55473501750708
786612,1,1,4,0.42645458358136
786614,1,1,8,780.1371041236586
786627,1,1,4,0.42645458358136
786629,1,1,8,486.1445771007602
786633,1,1,9,558.4914584353461
786639,1,1,7,127.98126327596508
786648,1,1,3,88.59769537505852
786663,1,1,9,389.5917332615938
786669,1,1,8,276.35719886967
786679,1,1,6,179.39146743805568
786700,1,1,10,630.7809651416933
786730,1,1,1,630.8049869338499
786731,1,1,10,670.7525398254994
786741,1,1,2,94.98701076865954
786762,1,1,6,385.8330924120034
786765,1,1,10,407.466452027008
786771,1,1,1,677.148802883544
786785,1,1,8,864.9424338244469
786794,1,1,3,32.80736005345747
786799,1,1,6,781.179917677519
786813,1,1,6,379.9427747193236
786823,1,1,9,780.208954303874
786826,1,1,6,777.920697974352
786860,1,1,4,0.42645458358136
786881,1,1,9,480.0671838663659
786905,1,1,10,490.6905501272134
786911,1,1,9,865.6082329742437
786928,1,1,1,536.8060168565825
786930,1,1,6,781.1213389262733
786939,1,1,6,571.4809600597134
786944,1,1,5,0.42645457969393247
786945,1,1,1,485.2000611990112
786952,1,1,10,136.82152877042662
786985,1,1,9,757.7745313123049
786988,1,1,8,887.2788428653056
786994,1,1,2,394.9254162911849
787015,1,1,3,87.77253090085475
787030,1,1,9,824.9965282307758
787067,1,1,5,0.42645457969393247
787081,1,1,9,571.3163624774447
787113,1,1,10,182.48730415360438
787114,1,1,4,0.42645458358136
787122,1,1,9,51.83526451123192
787128,1,1,8,486.12059071054074
787132,1,1,8,502.67469232896
787144,1,1,2,163.61204792273483
787150,1,1,6,802.6025101425074
787151,1,1,8,744.0853199256295
787152,1,1,8,275.04764877806457
787158,1,1,9,596.6752370889714
787161,1,1,6,449.00706548055086
787163,1,1,8,567.2471148563463
787165,0,1,0,0.11872870681583782
787169,1,1,1,229.89850171494328
787174,1,1,8,720.1232270120935
787194,1,1,10,719.1775743054018
787206,1,1,5,0.42645457969393247
787210,1,1,4,0.42645458358136
787219,1,1,10,108.47314751372228
787225,1,1,5,0.42645457969393247
787237,1,1,10,195.56457769225776
787242,1,1,8,392.8760489918513
787269,1,1,8,719.3726778521069
787274,1,1,5,0.42645457969393247
787291,1,1,5,0.42645457969393247
787295,1,1,9,389.8833722924806
787302,1,1,9,264.30920145983765
787323,1,1,4,0.42645458358136
787330,1,1,1,450.08561116944475
787331,1,1,5,0.42645457969393247
787348,1,1,4,0.42645458358136
787350,1,1,6,498.1763659812064
787358,1,1,3,83.74850505523621
787360,1,1,9,813.512457258499
787361,1,1,4,0.42645458358136
787370,1,1,9,532.1968825001803
787382,1,1,5,0.42645457969393247
787387,1,1,9,782.2797076279093
787402,1,1,10,526.1274838092172
787403,1,1,9,775.6898698636435
787418,1,1,6,589.9396937901988
787434,1,1,8,671.9888908165198
787444,1,1,6,610.7201314089314
787462,1,1,8,571.7385875142014
787476,1,1,4,0.4264545919581291
787511,1,1,10,719.6421873665633
787532,1,1,8,753.9973394519649
787538,1,1,10,704.8202020075387
787561,1,1,1,510.55533593865147
787568,1,1,4,0.42645458358136
787585,1,1,7,165.14531306743166
787588,1,1,6,240.22766288195163
787619,1,1,9,663.7482264898351
787635,1,1,10,498.94791178831815
787663,1,1,7,129.53872177261013
787675,1,1,5,0.42645457969393247
787703,0,1,0,0.11424955684077742
787705,1,1,9,582.2789287836015
787730,1,1,4,0.42645458358136
787736,1,1,1,527.6165971567025
787743,1,1,6,672.9067027393986
787752,1,1,6,770.9349127164203
787753,1,1,9,735.7517693486192
787791,1,1,8,707.8067130832258
787794,1,1,9,670.0089426873806
787795,1,1,7,76.79069497466034
787808,1,1,5,0.42645457969393247
787828,1,1,9,841.6668748041634
787840,1,1,5,0.42645457969393247
787871,1,1,6,671.9591115245123
787879,1,1,8,106.17925569421094
787897,1,1,7,131.96819657768782
787905,1,1,6,382.39157800540266
787909,1,1,5,0.42645457969393247
787923,1,1,9,577.424747907545
787928,1,1,3,89.70934586612871
787956,1,1,9,708.208405295964
787962,1,1,4,0.42645458358136
787975,1,1,4,0.42645458358136
787989,1,1,10,583.5871903393831
787992,1,1,9,890.9783524782929
788022,1,1,10,391.64454340595637
788043,1,1,4,0.42645458358136
788049,1,1,8,777.9186200677284
788072,1,1,4,0.42645458358136
788086,1,1,7,156.0084469966828
788105,1,1,9,663.5839634842501
788137,1,1,1,371.6199511323729
788144,1,1,9,266.8313019598725
788155,1,1,6,407.624176944499
788161,1,1,9,598.4250059585338
788168,1,1,8,593.2043659622192
788171,1,1,9,825.1775138173599
788176,1,1,10,374.4584618739447
788178,1,1,10,481.8195925197983
788203,1,1,5,0.42645457969393247
788208,1,1,6,474.07647941101493
788218,1,1,4,0.42645458358136
788232,1,1,5,0.42645457969393247
788242,1,1,8,368.4990818322598
788253,1,1,10,639.8833023984834
788267,1,1,2,335.83934233796896
788283,0,1,0,0.2765825763372229
788287,1,1,2,399.4494791290907
788300,1,1,5,0.42645457969393247
788304,1,1,8,532.8571346005436
788323,1,1,8,577.0394019874732
788333,1,1,5,0.42645456789925423
788345,1,1,6,339.63196877293746
788350,1,1,4,0.42645458358136
788373,1,1,5,0.42645457969393247
788410,1,1,9,429.3357989562149
788412,1,1,7,168.12925528542922
788418,1,1,10,145.26536117512367
788457,1,1,1,651.5102286334364
788461,1,1,5,0.42645457969393247
788463,1,1,6,720.5988655315002
788472,1,1,9,27.375364333110248
788474,1,1,6,437.3174144623588
788475,1,1,4,0.42645458358136
788483,0,1,0,0.08304158188303964
788495,1,1,10,292.70853795667324
788502,1,1,9,462.6156235314819
788517,1,1,8,852.1734900988142
788518,1,1,6,413.1475477206565
788523,1,1,8,542.6440279541931
788528,1,1,6,616.1525610313644
788534,1,1,4,0.42645458358136
788550,1,1,5,0.42645457969393247
788562,1,1,7,75.54545649621764
788565,1,1,1,712.8354081689805
788575,1,1,1,699.067043882434
788589,1,1,9,391.7153459454009
788595,1,1,7,81.91573237395282
788598,1,1,5,0.42645457969393247
788603,1,1,4,0.42645458358136
788609,1,1,8,684.356358897673
788617,1,1,9,616.1854063375484
788620,1,1,5,0.42645457969393247
788625,1,1,7,111.31457551945081
788627,1,1,8,150.74950879984152
788630,1,1,7,73.21619267380429
788639,1,1,6,496.0805832463385
788672,1,1,6,147.27371618724692
788676,1,1,4,0.42645458358136
788680,1,1,9,813.3889489585351
788685,1,1,3,91.73715273272292
788705,1,1,8,606.864673819923
788731,1,1,2,185.82623501782066
788732,1,1,6,190.00024758768478
788733,1,1,4,0.42645458358136
788734,1,1,5,0.42645457969393247
788743,1,1,8,316.8800629359452
788753,0,1,0,0.10645256797927473
788787,1,1,3,87.80188618523943
788790,1,1,5,0.42645457969393247
788791,1,1,9,218.73306345958534
788795,1,1,4,0.42645458358136
788807,1,1,8,687.5731067507563
788844,1,1,9,361.4470482647003
788851,1,1,9,881.5036946712437
788866,1,1,7,121.16638150930628
788871,1,1,9,877.602292826344
788888,1,1,5,0.42645457969393247
788893,1,1,6,529.5124392762513
788908,1,1,8,367.9692079001605
788909,1,1,10,438.9431563923995
788916,1,1,8,595.4742273368314
788924,1,1,6,334.37879212968744
788943,1,1,4,0.42645458358136
788957,1,1,2,300.40942015401197
789008,1,1,4,0.4264545919581291
789021,0,1,0,0.11976890096384805
789023,1,1,10,137.15955530715726
789041,1,1,10,133.15997739668757
789047,1,1,1,759.6376416064782
789054,1,1,7,169.8976730142546
789058,1,1,6,368.620970082745
789072,1,1,10,416.03097672175755
789089,1,1,8,596.2276820954756
789103,1,1,4,0.42645458358136
789115,1,1,9,327.30929273386903
789127,1,1,6,802.6525204779068
789131,1,1,9,823.1705363624966
789138,1,1,8,238.25523431035674
789185,1,1,1,715.3278711637726
789192,1,1,6,590.0958832479988
789204,1,1,8,264.45031877762005
789205,1,1,7,125.5299795711805
789212,1,1,4,0.42645458358136
789217,1,1,1,392.7313241947744
789250,1,1,6,810.3215255508845
789257,1,1,4,0.42645458358136
789259,1,1,10,618.7526291792783
789271,1,1,2,51.4217528649363
789277,1,1,1,147.71729856824692
789280,1,1,9,462.58630617921426
789281,1,1,9,511.4012813838984
789284,1,1,9,593.617755966136
789290,1,1,8,928.2497592678989
789293,1,1,6,416.98857687339836
789301,1,1,7,129.0747549474219
789306,1,1,8,177.17912304553263
789308,1,1,5,0.42645456789925423
789314,1,1,6,344.5579657481295
789335,1,1,9,622.496513399826
789336,1,1,8,785.5800607089551
789350,1,1,9,562.8586873144087
789365,1,1,8,482.0292847710671
789367,1,1,8,364.2808761865202
789371,1,1,10,719.5135172401848
789388,1,1,5,0.42645457969393247
789412,1,1,4,0.42645458358136
789421,1,1,8,917.4236705058521
789450,1,1,4,0.42645458358136
789464,1,1,9,860.7457974632784
789499,1,1,10,434.3176855583644
789519,1,1,10,581.6785154355643
789526,1,1,9,371.6301458162856
789537,1,1,10,397.33077371578463
789538,1,1,3,93.81041570399789
789558,1,1,8,618.0736681750274
789562,1,1,9,814.573350012626
789563,1,1,9,204.07563686594477
789564,1,1,10,448.198824055402
789603,1,1,8,791.5168900473624
789615,1,1,8,589.9178855568047
789641,1,1,10,108.55966086994349
789642,1,1,10,706.0053316460222
789664,1,1,1,219.46675699188816
789666,1,1,9,700.4252610477524
789671,1,1,9,624.1684499698158
789676,1,1,10,84.26093664023549
789681,1,1,6,561.7974813988267
789695,1,1,8,254.00351997815383
789698,1,1,4,0.4264545919581291
789701,1,1,5,0.42645456789925423
789702,1,1,9,750.4763318727771
789736,1,1,5,0.42645457969393247
789741,1,1,9,147.66858131304312
789742,1,1,6,660.3657239057552
789743,1,1,8,663.6843514103786
789746,1,1,6,156.73253055295763
789774,1,1,8,475.1562797620222
789789,1,1,8,620.6004177513076
789792,1,1,4,0.42645458358136
789824,1,1,8,853.470761629184
789830,1,1,2,379.98235570730395
789837,1,1,6,690.9275525344167
789857,1,1,7,170.3840794194865
789877,1,1,6,266.6574622259799
789882,1,1,4,0.42645458358136
789891,1,1,8,790.4510900497144
789913,1,1,10,711.3911781079003
789923,1,1,4,0.42645458358136
789939,1,1,10,609.1737797340481
789957,1,1,8,671.8765745236689
790009,1,1,9,530.1171608999373
790020,1,1,8,170.73824625608515
790021,1,1,2,334.08259175275174
790024,1,1,9,504.67326476423784
790032,1,1,9,161.07626073652412
790036,0,1,0,0.12882578529401623
790040,1,1,2,363.16436305276954
790046,1,1,8,375.6508018717832
790047,1,1,9,328.02565095509306
790049,1,1,3,74.54048328204044
790069,1,1,3,75.25969416244995
790073,1,1,9,255.6311613157895
790074,1,1,7,145.03587148084657
790125,1,1,9,235.7246596128822
790126,1,1,7,110.95665302955119
790127,1,1,1,229.64767421483057
790149,1,1,4,0.42645458358136
790185,1,1,9,871.2683201414926
790190,1,1,6,211.39708933697776
790199,1,1,8,178.0107095783314
790210,1,1,4,0.42645458358136
790218,1,1,10,361.5658964751022
790221,1,1,6,444.6032798625992
790227,1,1,8,321.2994814067211
790267,1,1,5,0.42645457969393247
790274,1,1,9,328.16819742828346
790282,1,1,6,475.7271002830609
790286,1,1,5,0.42645457969393247
790288,1,1,6,145.5672355300923
790308,1,1,10,679.4337740438995
790322,1,1,5,0.42645457969393247
790333,1,1,9,693.566741805609
790338,1,1,10,84.99610902988373
790349,1,1,8,357.57864376886073
790375,1,1,9,576.773459450888
790382,1,1,4,0.42645458358136
790384,1,1,6,410.3980801237643
790387,1,1,4,0.42645458358136
790388,1,1,10,414.46331366493575
790396,1,1,10,507.3816831513691
790397,1,1,8,589.511363571489
790404,1,1,9,837.1865951956055
790413,1,1,9,459.227934888979
790425,1,1,7,140.24724778144224
790427,1,1,6,507.6519356077011
790441,1,1,9,268.19396964242503
790456,1,1,8,395.6741639408127
790467,1,1,10,358.8526142896602
790485,1,1,7,83.94105092374662
790500,1,1,10,631.3404400633272
790501,1,1,4,0.42645458358136
790502,1,1,9,737.8237398050434
790503,1,1,9,465.8643710047344
790516,1,1,1,528.3707891385183
790536,1,1,9,776.3850423879493
790537,1,1,2,411.16311399255864
790547,1,1,6,772.8614836261153
790564,1,1,10,570.0601076931853
790568,1,1,10,509.70783427692527
790588,1,1,6,506.31777006738207
790604,1,1,8,793.7212860269162
790605,1,1,3,73.14350277657093
790619,1,1,10,693.3389160920607
790634,1,1,6,372.094682358164
790651,1,1,5,0.42645457969393247
790653,1,1,9,446.62614710397247
790663,1,1,9,173.16931697239914
790674,1,1,5,0.42645457969393247
790677,1,1,6,752.3076541374103
790682,1,1,9,822.0851474948133
790718,1,1,9,357.1144953815983
790735,1,1,9,322.54279977436244
790760,1,1,4,0.42645458358136
790768,0,1,0,0.11762553017976471
790777,1,1,6,499.3353193519789
790785,1,1,9,520.1747931491813
790795,1,1,5,0.42645457969393247
790798,1,1,6,724.0682691158407
790820,1,1,5,0.42645457969393247
790822,1,1,4,0.42645458358136
790826,1,1,5,0.42645457969393247
790827,1,1,6,542.3069159108985
790836,1,1,1,739.0074243740886
790848,1,1,5,0.42645457969393247
790857,1,1,7,128.05601467001011
790877,1,1,10,715.7014446016408
790880,1,1,3,40.68049316343815
790900,1,1,3,89.59246497103774
790903,1,1,10,711.7034829668165
790919,1,1,6,720.2022790589841
790927,1,1,8,388.9148004760958
790934,1,1,9,527.4801654039131
790960,1,1,6,791.2519483226017
790962,1,1,5,0.42645457969393247
790965,1,1,8,445.3604540081964
790985,1,1,8,397.5601871460703
790993,1,1,8,877.838171649052
791001,1,1,4,0.42645458358136
791003,1,1,6,239.10633186009102
791021,1,1,6,787.5945812031631
791030,1,1,9,243.16097987269293
791045,1,1,7,48.2813166004788
791046,1,1,2,146.88637589396416
791047,1,1,6,658.8628974962561
791093,1,1,8,567.9939968922507
791095,1,1,3,52.85837045962276
791103,1,1,6,158.25545399491756
791111,1,1,7,154.3536983771904
791113,1,1,9,358.9523050644525
791116,1,1,10,263.36686626167767
791118,1,1,9,805.8363666019505
791127,1,1,6,193.52274049861413
791130,1,1,8,553.6116203852575
791134,1,1,1,324.6690954584208
791144,1,1,10,723.5536879195656
791145,1,1,8,364.28110415771863
791164,1,1,8,811.5026072613894
791167,1,1,1,642.9285929202332
791172,1,1,5,0.42645457969393247
791181,1,1,4,0.42645458358136
791186,1,1,8,219.3075857439896
791193,1,1,9,540.5386094666276
791229,1,1,5,0.42645457969393247
791238,1,1,4,0.42645458358136
791239,1,1,8,808.9258744449199
791244,1,1,8,529.7627354171055
791252,1,1,4,0.42645458358136
791269,1,1,4,0.42645458358136
791277,1,1,8,732.243089086939
791278,1,1,5,0.42645457969393247
791279,1,1,9,838.1705780234671
791303,1,1,5,0.42645457969393247
791314,1,1,5,0.42645457969393247
791334,1,1,10,360.0698820612231
791337,1,1,1,590.7397946552591
791339,1,1,4,0.42645458358136
791343,1,1,1,239.4220027658555
791344,1,1,3,58.59655128366419
791353,1,1,5,0.42645456789925423
791363,1,1,8,371.08575918881496
791381,1,1,3,90.35250465067345
791386,1,1,9,814.9134896451314
791387,1,1,4,0.42645458358136
791393,1,1,6,790.6845665147698
791399,1,1,6,547.4022457354142
791410,1,1,2,88.2244625687713
791418,1,1,10,711.2156613886884
791419,1,1,7,146.94564600557658
791420,0,1,0,0.10764376884137739
791439,1,1,4,0.42645458358136
791455,1,1,7,40.913539313628355
791457,1,1,10,294.2233473978634
791458,1,1,10,379.75508525556063
791460,1,1,4,0.42645458358136
791468,1,1,4,0.42645458358136
791481,1,1,9,532.9982023175882
791485,1,1,5,0.42645457969393247
791488,1,1,5,0.42645457969393247
791490,1,1,8,264.01372484711897
791505,1,1,4,0.42645458358136
791507,1,1,4,0.42645458358136
791512,1,1,6,403.34640656580814
791557,0,1,0,0.15643281323022845
791561,1,1,5,0.42645457969393247
791575,1,1,5,0.42645457969393247
791587,1,1,10,198.8809594878278
791595,1,1,5,0.42645457969393247
791606,1,1,8,626.7067938670303
791613,1,1,9,861.7202195163477
791624,1,1,6,280.4233654740222
791625,1,1,3,60.65954327532152
791649,1,1,8,254.19090970809933
791656,1,1,8,834.1710523963767
791671,1,1,4,0.42645458358136
791682,1,1,8,175.80093083841547
791692,1,1,6,349.97717827955944
791701,1,1,10,150.87928548725844
791702,1,1,4,0.42645458358136
791715,1,1,5,0.42645457969393247
791725,1,1,9,463.90281419552093
791727,1,1,6,582.9182570487222
791731,1,1,4,0.42645458358136
791747,1,1,6,559.8786947348594
791748,1,1,5,0.42645457969393247
791798,1,1,4,0.42645458358136
791823,1,1,5,0.42645457969393247
791836,1,1,4,0.42645458358136
791840,1,1,5,0.42645457969393247
791843,1,1,5,0.42645457969393247
791859,1,1,2,332.5831433683355
791863,1,1,6,697.415083170889
791870,1,1,6,504.7364230682031
791873,1,1,8,384.5609853118777
791874,0,1,0,0.12190953602129252
791878,1,1,8,606.1439386646417
791894,1,1,6,773.9080483663367
791906,1,1,4,0.42645458358136
791907,1,1,5,0.42645457969393247
791913,1,1,4,0.42645458358136
791914,1,1,4,0.42645458358136
791919,1,1,4,0.42645458358136
791925,1,1,1,342.91269595145513
791931,1,1,4,0.4264545919581291
791940,1,1,4,0.4264545919581291
791960,1,1,4,0.42645458358136
791969,1,1,8,372.9274649819919
792000,1,1,4,0.42645458358136
792001,1,1,9,383.6850029611635
792015,1,1,5,0.42645457969393247
792016,1,1,1,506.0337008344186
792018,1,1,9,721.246983671885
792022,1,1,2,348.0341252975279
792025,1,1,6,581.2663504484058
792038,1,1,4,0.42645458358136
792042,1,1,4,0.42645458358136
792046,1,1,10,399.0160219726986
792055,1,1,8,337.20548148381494
792057,1,1,6,746.8992017661423
792058,1,1,6,611.9260271255431
792068,1,1,10,563.2200559305189
792074,1,1,4,0.42645458358136
792079,1,1,2,268.356768181921
792094,1,1,4,0.42645458358136
792096,1,1,8,537.986493117271
792105,1,1,8,667.3211758831312
792120,1,1,5,0.42645457969393247
792123,1,1,10,546.0594867121058
792125,1,1,4,0.42645458358136
792153,1,1,4,0.42645458358136
792157,1,1,9,452.8123338111071
792161,1,1,8,868.3232466997201
792170,1,1,1,644.6672938062374
792176,1,1,9,778.5445683360957
792186,1,1,5,0.42645457969393247
792205,1,1,6,167.13017094187464
792207,1,1,4,0.4264545919581291
792212,1,1,5,0.42645457969393247
792219,1,1,4,0.42645458358136
792247,1,1,9,810.4878754708379
792249,1,1,10,136.1725719133237
792265,1,1,3,81.59178331645285
792273,1,1,5,0.42645457969393247
792288,1,1,4,0.42645458358136
792289,1,1,2,87.29482741119155
792301,1,1,5,0.42645457969393247
792302,1,1,1,540.3315159908243
792332,1,1,8,647.4627641988578
792353,1,1,5,0.42645457969393247
792378,1,1,5,0.42645457969393247
792392,1,1,5,0.42645457969393247
792398,1,1,6,755.3871912909698
792401,1,1,9,320.30766632703103
792409,1,1,5,0.42645457969393247
792412,1,1,9,315.88153129019787
792431,1,1,5,0.42645457969393247
792433,1,1,5,0.42645457969393247
792435,1,1,5,0.42645457969393247
792443,1,1,4,0.42645458358136
792451,1,1,4,0.42645458358136
792458,1,1,9,409.51578863878905
792462,1,1,5,0.42645457969393247
792487,1,1,3,89.031896909428
792506,1,1,2,208.19224690299208
792526,1,1,7,167.03648658067831
792538,1,1,4,0.42645458358136
792578,1,1,6,790.1550755611051
792582,1,1,6,504.7522765166219
792604,1,1,3,69.8084428193972
792607,1,1,6,556.4539915424904
792614,1,1,4,0.42645458358136
792617,1,1,9,484.65077915941606
792619,1,1,7,32.321482479499196
792631,1,1,4,0.42645458358136
792656,1,1,9,352.1884854415251
792665,1,1,7,68.82691006880611
792666,1,1,6,762.2067238944055
792673,1,1,9,326.35228687687413
792687,1,1,10,204.80034353101942
792691,1,1,4,0.42645458358136
792695,1,1,4,0.42645458358136
792698,1,1,8,563.491813306554
792704,1,1,9,514.9244757342229
792708,1,1,3,82.0546738927885
792716,1,1,10,539.8377900320775
792725,1,1,4,0.42645458358136
792726,1,1,2,312.1482093123609
792735,1,1,1,459.1112725742653
792747,1,1,10,323.8013579930434
792752,1,1,9,836.1536842839648
792764,1,1,9,712.0523696629743
792768,1,1,6,436.024554355883
792781,1,1,10,722.2141036667895
792783,1,1,1,599.8104932674391
792784,1,1,1,739.2519148328946
792791,1,1,8,834.0443455740796
792796,1,1,10,498.7989649999462
792806,1,1,4,0.42645458358136
792808,1,1,6,807.235549995419
792821,1,1,8,645.6745643129883
792837,1,1,9,427.37429765633715
792840,1,1,4,0.42645458358136
792841,1,1,8,417.6575172925514
792842,1,1,9,690.7197726573867
792852,1,1,4,0.42645458358136
792860,1,1,10,399.28101661383033
792873,1,1,8,255.09725951470017
792881,1,1,9,644.5612272279778
792892,1,1,4,0.42645458358136
792903,1,1,1,719.0950843468485
792908,1,1,6,791.5478034568554
792918,1,1,10,479.99733735967635
792927,1,1,7,91.89346113689308
792933,1,1,6,782.074658199421
792934,1,1,7,27.388005929846997
792944,1,1,6,595.2861020582777
792953,1,1,1,214.0792583614318
792968,1,1,4,0.42645458358136
792973,1,1,10,362.7090212604979
792978,1,1,1,527.0961879765193
792986,1,1,6,783.4715599350797
792993,1,1,8,274.36585541650356
793005,1,1,9,806.4224689812957
793008,1,1,6,779.135827595265
793009,1,1,6,711.2101130539661
793010,1,1,2,58.60633149698248
793019,1,1,5,0.42645457969393247
793029,1,1,9,625.9427484349928
793030,1,1,2,130.66269549024824
793050,1,1,9,276.7318493969069
793061,1,1,9,709.9021296770914
793077,1,1,6,583.6035924002537
793081,1,1,9,707.157300359372
793089,1,1,9,291.74527802041655
793099,1,1,4,0.42645458358136
793107,1,1,9,462.17418119330506
793125,1,1,9,614.4592316060752
793130,1,1,1,326.51255497357823
793133,1,1,4,0.42645458358136
793156,1,1,4,0.42645458358136
793172,1,1,5,0.42645457969393247
793180,1,1,5,0.42645457969393247
793187,1,1,1,693.0803219073348
793189,1,1,8,395.7808137007485
793194,1,1,9,45.17093016557445
793220,1,1,4,0.42645458358136
793226,1,1,9,824.7106011204753
793233,1,1,6,430.2144204893466
793234,1,1,4,0.42645458358136
793248,1,1,5,0.42645457969393247
793258,1,1,9,820.046152967933
793263,1,1,6,407.87345618517287
793281,1,1,4,0.42645458358136
793289,1,1,9,562.6023790763195
793290,1,1,4,0.42645458358136
793291,1,1,4,0.42645458358136
793299,1,1,10,716.9435952623356
793305,1,1,9,711.4965919993668
793331,1,1,4,0.42645458358136
793342,1,1,9,508.7078564014695
793351,1,1,1,293.1653817712494
793399,1,1,8,572.1530710787684
793404,1,1,8,511.74104894634803
793406,1,1,6,800.0955508155912
793416,1,1,8,856.257424004923
793426,1,1,4,0.42645458358136
793427,1,1,6,778.8128573098072
793436,1,1,4,0.42645458358136
793449,1,1,6,534.4651868440269
793453,1,1,3,80.3434948308588
793455,1,1,6,640.2242367150674
793457,1,1,10,567.3354308171737
793475,1,1,4,0.42645458358136
793477,1,1,7,39.7080165342134
793487,1,1,6,498.14167527246025
793511,1,1,10,400.24932958313667
793519,1,1,8,593.4812017513428
793526,1,1,5,0.42645457969393247
793531,1,1,8,208.71063130410204
793536,1,1,6,602.4423332730843
793554,1,1,8,812.6063569360169
793557,1,1,6,503.61313562369327
793572,1,1,8,719.8271332250018
793589,1,1,10,394.4726579644284
793604,1,1,9,794.4787379278887
793627,1,1,9,836.3453156213019
793635,1,1,5,0.42645457969393247
793658,1,1,9,587.9763576718799
793661,1,1,4,0.42645458358136
793685,1,1,2,99.6410067333143
793690,1,1,6,582.9982347877202
793691,1,1,4,0.42645458358136
793694,1,1,3,85.69304064652054
793705,1,1,4,0.42645458358136
793715,1,1,4,0.42645458358136
793725,1,1,6,409.4301321916735
793737,1,1,3,92.00468759442052
793741,1,1,7,173.3548961544537
793743,1,1,6,237.04562269224382
793748,1,1,5,0.42645457969393247
793750,1,1,9,866.4206250894067
793784,1,1,1,576.1241913369342
793786,1,1,10,427.502922345679
793810,1,1,4,0.42645458358136
793813,1,1,1,606.774122922527
793819,1,1,4,0.42645458358136
793833,1,1,4,0.42645458358136
793834,1,1,5,0.42645457969393247
793850,1,1,4,0.42645458358136
793851,1,1,10,267.5612497900613
793854,1,1,9,601.228021503906
793855,1,1,6,408.34838577777646
793856,1,1,1,553.4518019251153
793862,1,1,10,696.7792924796471
793864,1,1,7,168.0436410400847
793865,1,1,4,0.42645458358136
793881,1,1,4,0.42645458358136
793884,1,1,1,528.859162097254
793927,0,1,0,0.11880296985824546
793928,1,1,6,711.0946169102098
793935,1,1,8,386.27985000412355
793938,1,1,6,496.40671446693585
793945,1,1,6,421.4467991358072
793952,1,1,9,871.8758902156742
793956,1,1,6,357.36586178299865
793957,1,1,6,369.2433490129388
793967,1,1,9,566.9602319192446
793971,1,1,9,750.733900638587
793985,1,1,8,590.8301159324587
793990,1,1,10,645.0733708883906
794000,1,1,10,268.41076617810097
794016,1,1,4,0.42645458358136
794038,1,1,9,662.2671753431102
794044,1,1,9,867.2849868250311
794046,1,1,8,875.9764476447326
794060,1,1,5,0.42645457969393247
794061,1,1,4,0.42645458358136
794063,1,1,9,874.0934392375349
794085,1,1,9,471.9204494897498
794088,1,1,9,711.5172737974173
794094,1,1,4,0.42645458358136
794110,1,1,8,390.42309945088607
794117,1,1,6,688.8615719935958
794129,1,1,6,547.3479433151472
794144,1,1,6,368.1723661488507
794171,1,1,10,350.878750371403
794189,1,1,6,348.6686619763857
794210,1,1,8,585.9639803967214
794226,1,1,6,787.7169509351012
794227,1,1,9,282.5868525871328
794242,1,1,4,0.42645458358136
794249,1,1,7,59.772993544681384
794269,1,1,6,397.1261193552548
794280,1,1,10,107.75673876858696
794281,1,1,5,0.42645457969393247
794282,1,1,6,779.2141850790534
794293,1,1,6,669.9099764187172
794302,1,1,9,177.86318605870665
794318,1,1,9,222.17453922553946
794338,1,1,9,592.1337826760134
794339,1,1,7,65.49614264060929
794349,1,1,6,564.1893165741
794357,1,1,10,460.8605725248114
794360,1,1,2,347.38532983382646
794361,1,1,9,513.8629050297691
794391,1,1,8,383.7519689315807
794403,1,1,8,333.36050637288156
794406,1,1,7,160.9713479725062
794423,1,1,5,0.42645457969393247
794429,1,1,9,820.1199938410632
794430,1,1,6,783.5239402138088
794439,1,1,9,560.6033681351897
794447,1,1,9,272.10407969853713
794448,1,1,10,719.5360724706455
794470,1,1,5,0.42645457969393247
794478,1,1,4,0.42645458358136
794485,1,1,10,699.9079228616692
794492,1,1,7,162.05895258973322
794503,1,1,6,253.15743983312126
794512,1,1,8,732.3822376980963
794513,1,1,1,584.1516357295592
794539,1,1,9,514.7744929442163
794556,1,1,8,580.6470609212984
794572,1,1,10,398.2991418247765
794580,1,1,6,454.0294668829466
794585,1,1,10,319.3892254844771
794596,1,1,1,600.4816317729747
794598,1,1,5,0.42645457969393247
794604,1,1,8,425.8130908251653
794612,1,1,4,0.42645458358136
794616,1,1,4,0.42645458358136
794619,1,1,9,810.3645506466612
794623,1,1,5,0.42645456789925423
794651,1,1,6,325.8529124490145
794653,1,1,10,362.25227509376236
794664,1,1,6,492.29294090681407
794673,1,1,10,658.8322451008186
794688,1,1,7,64.31518011495216
794695,1,1,9,79.61890035393414
794708,1,1,8,831.1812470415434
794718,1,1,1,664.0795804148904
794733,1,1,9,860.7254247487106
794737,1,1,6,586.480767392106
794738,1,1,7,147.09842165710322
794758,1,1,5,0.42645457969393247
794766,1,1,6,561.3846341906699
794796,1,1,1,395.0120119022461
794798,1,1,5,0.42645457969393247
794807,1,1,9,881.1490695017026
794815,1,1,10,376.4783498354671
794822,1,1,5,0.42645457969393247
794837,1,1,9,810.0324335563483
794847,1,1,5,0.42645457969393247
794850,1,1,4,0.42645457969393247
794854,1,1,6,769.3634701195435
794884,1,1,6,663.0916091130147
794892,1,1,8,449.08679326412874
794898,1,1,5,0.42645457969393247
794910,1,1,10,201.9182434580043
794915,1,1,1,703.7938346876487
794927,1,1,9,813.8293686310495
794936,1,1,10,372.33720006992627
794948,1,1,3,87.28225415780723
794955,1,1,6,339.4386863802155
794974,1,1,8,879.1462204427257
794976,1,1,3,84.32269545425497
794989,1,1,4,0.42645458358136
795024,1,1,4,0.42645458358136
795030,1,1,5,0.42645457969393247
795054,1,1,6,516.8854245220631
795055,1,1,8,194.28619598181263
795070,1,1,3,53.47804455205892
795081,1,1,9,181.58922930029516
795083,1,1,10,434.45469479195714
795085,1,1,7,101.4473151709731
795088,1,1,7,171.0708437926399
795100,1,1,4,0.42645458358136
795112,1,1,1,544.2089206859381
795117,1,1,3,92.10574355720006
795126,1,1,6,663.720965739956
795153,1,1,8,524.0707136087312
795160,1,1,10,396.40373787611543
795169,1,1,9,583.0368441979886
795171,1,1,6,190.9184719244989
795182,1,1,9,486.65184359127085
795195,1,1,8,508.060718083999
795204,1,1,9,452.9375044794536
795235,1,1,5,0.42645457969393247
795236,1,1,6,264.7072297905183
795249,1,1,6,753.1349604402365
795251,1,1,8,841.0779244737196
795270,1,1,4,0.42645458358136
795274,1,1,1,338.76770556090963
795297,1,1,9,614.3092704483479
795304,1,1,2,204.8872637111562
795323,1,1,8,176.2813429697345
795325,1,1,6,713.7965412745044
795336,1,1,8,634.4663093228581
795346,1,1,1,724.7878286937773
795370,1,1,8,822.8744634200198
795377,0,1,0,0.15322794902276748
795379,1,1,8,509.0683662291431
795392,1,1,6,809.7192659629538
795428,1,1,2,481.9975728060727
795435,1,1,9,794.265341629405
795466,1,1,8,219.9667311134813
795467,1,1,9,848.9366093537626
795488,1,1,2,190.10345537412866
795497,1,1,9,711.4401382130033
795507,1,1,6,392.44836793525855
795514,1,1,5,0.42645457969393247
795515,1,1,9,560.4652342304367
795532,1,1,10,687.7789711310381
795549,1,1,6,555.8541880984967
795557,1,1,5,0.42645457969393247
795581,1,1,10,721.5071489709195
795603,1,1,5,0.42645457969393247
795604,1,1,4,0.42645458358136
795616,1,1,8,868.8679119247229
795660,1,1,4,0.42645458358136
795666,1,1,6,644.9744034444377
795679,1,1,6,421.9621347784154
795685,1,1,9,570.067139367267
795712,1,1,9,803.8395794355298
795745,1,1,9,737.7583730583178
795756,1,1,10,175.62704117572818
795760,1,1,1,593.4457429478599
795767,1,1,5,0.42645456789925423
795769,1,1,5,0.42645456789925423
795784,1,1,9,577.5229787547153
795819,1,1,4,0.42645458358136
795821,1,1,10,719.5726527179539
795826,1,1,9,854.9608346161667
795828,1,1,9,86.39228748434145
795837,1,1,9,845.7404793241973
795840,1,1,2,434.5035164841743
795845,1,1,4,0.42645458358136
795860,1,1,10,522.4216605289901
795861,1,1,5,0.42645457969393247
795864,1,1,8,671.8578587498472
795877,1,1,1,342.00180219348067
795895,1,1,4,0.42645458358136
795901,1,1,9,448.75176860524647
795905,1,1,4,0.42645458358136
795915,1,1,1,411.1523348059203
795924,1,1,8,797.6294782616166
795930,1,1,6,254.49579821260542
795940,1,1,9,883.7033719837336
795952,1,1,6,790.5749342876256
795975,1,1,1,228.69571160226306
795979,1,1,8,568.4083408169369
795990,1,1,4,0.42645458358136
795994,1,1,3,84.12422185938041
795999,1,1,5,0.42645457969393247
796001,1,1,7,139.44402000418768
796006,1,1,5,0.42645457969393247
796014,1,1,7,58.18329488692976
796027,1,1,2,88.28994036147657
796032,1,1,4,0.42645458358136
796072,1,1,9,170.561223965796
796075,1,1,9,445.28785224226186
796077,1,1,7,67.70854555288915
796079,1,1,8,572.2395620880325
796081,1,1,5,0.42645457969393247
796095,1,1,5,0.42645457969393247
796117,1,1,3,92.87087546023794
796124,1,1,6,522.2131485981668
796144,1,1,8,286.70871002946984
796147,1,1,10,125.2699464243406
796160,1,1,7,31.198164559278563
796182,1,1,8,531.9487596626441
796183,1,1,6,308.4154421049551
796197,1,1,9,866.7520863963482
796198,1,1,10,697.1774759097638
796202,1,1,8,211.45763713911205
796205,1,1,10,292.57560187170856
796212,1,1,4,0.42645458358136
796216,1,1,7,163.81072064283427
796220,1,1,1,323.02789766780813
796223,1,1,1,544.857622679217
796230,1,1,4,0.42645458358136
796251,1,1,5,0.42645457969393247
796277,1,1,6,587.4120486964933
796286,1,1,2,279.9360545591183
796302,1,1,4,0.42645458358136
796339,1,1,4,0.42645458358136
796346,1,1,9,49.83182460440108
796354,1,1,8,753.1552228699712
796365,1,1,9,894.2426379375995
796366,1,1,10,211.85057784771
796376,1,1,10,410.2945327058742
796386,1,1,10,436.5977955740364
796397,1,1,9,855.0987763468509
796400,1,1,6,276.4649402911589
796401,1,1,5,0.42645457969393247
796403,1,1,5,0.42645457969393247
796406,1,1,7,24.93858694662208
796418,1,1,10,274.20469554801167
796434,1,1,7,157.1252217645561
796446,1,1,4,0.42645458358136
796464,1,1,9,890.5952981704593
796467,1,1,5,0.42645457969393247
796482,1,1,8,600.3845341827741
796485,1,1,4,0.42645458358136
796489,1,1,9,653.8384817634669
796490,1,1,8,779.5189296595859
796493,0,1,0,0.1103226603730103
796543,1,1,4,0.42645458358136
796557,1,1,3,88.63183321787649
796580,1,1,4,0.42645458358136
796581,1,1,8,568.2833264178541
796583,1,1,8,703.5170384856498
796586,1,1,4,0.42645458358136
796592,1,1,8,476.01322485106874
796620,1,1,8,569.0910934899154
796645,1,1,5,0.42645457969393247
796647,0,1,0,0.24269452591403004
796682,1,1,9,866.263732945572
796698,1,1,7,140.3033362122831
796715,1,1,9,193.33040960161296
796719,1,1,6,246.57167232828706
796742,1,1,4,0.42645458358136
796753,1,1,2,469.44207433083926
796769,1,1,9,689.1772246613034
796780,1,1,8,810.6891124819801
796781,1,1,4,0.42645458358136
796785,1,1,8,547.1167020772285
796794,1,1,8,358.59438869428584
796805,1,1,9,289.7961065689866
796809,1,1,8,871.5217779124965
796815,1,1,5,0.42645457969393247
796816,1,1,6,185.53045119572633
796819,1,1,4,0.42645458358136
796825,1,1,5,0.42645457969393247
796838,1,1,9,832.2181423148736
796849,1,1,5,0.42645457969393247
796861,1,1,7,88.24397523359863
796873,1,1,1,618.1759840737948
796875,1,1,6,692.0381681358919
796906,1,1,6,522.1909545756279
796915,1,1,5,0.42645457969393247
796933,1,1,2,396.72530752901565
796934,1,1,9,693.2811610773332
796940,1,1,6,515.088011289852
796947,1,1,6,265.8376173051092
796951,1,1,9,81.10941805469001
796952,1,1,10,718.5153580722837
796957,1,1,9,383.9442639010919
796960,1,1,5,0.42645457969393247
796966,1,1,8,840.0803818084382
796973,1,1,9,510.18079536641613
796976,1,1,8,161.72647223053175
796982,1,1,8,494.2772027536125
796986,1,1,9,879.6021805792536
796990,1,1,8,459.88834916393637
796996,1,1,10,232.16657208485924
797009,1,1,9,384.7915243325129
797048,1,1,6,734.1644449306835
797051,1,1,9,539.4696536914064
797065,1,1,7,135.6073810329674
797066,1,1,1,556.4710413922473
797078,1,1,5,0.42645457969393247
797087,1,1,5,0.42645457969393247
797107,1,1,1,739.6010151346692
797112,1,1,9,864.5719349306003
797114,1,1,8,855.6367775344415
797120,1,1,7,156.38975874063078
797125,1,1,4,0.42645458358136
797134,1,1,1,497.52031005319367
797138,1,1,8,447.7086889258718
797163,1,1,8,618.0999289360714
797186,1,1,6,400.1358438049261
797193,0,1,0,0.1628831451449848
797224,1,1,4,0.42645458358136
797252,1,1,8,859.4543530210602
797255,1,1,7,170.21074044584702
797258,0,1,0,0.1237056534902578
797259,1,1,3,80.96741283342513
797260,1,1,3,36.87278350340441
797291,1,1,10,719.8176166074949
797294,1,1,8,691.0289784629641
797300,1,1,10,100.42920682992845
797308,1,1,1,235.99076852456628
797319,1,1,5,0.42645457969393247
797330,1,1,4,0.42645458358136
797345,1,1,6,785.2911717149988
797353,1,1,9,645.2478347119265
797357,1,1,4,0.4264545919581291
797362,1,1,5,0.42645456789925423
797364,1,1,8,536.4627587151997
797365,1,1,6,312.4448191492825
797369,1,1,9,456.9516180034484
797387,1,1,5,0.42645457969393247
797393,1,1,6,402.25280558868695
797394,1,1,4,0.42645458358136
797401,1,1,1,190.5514528751844
797402,1,1,6,431.6973932985688
797426,1,1,3,85.72968378314681
797448,1,1,1,596.5050476632844
797468,1,1,6,549.5117457750147
797475,1,1,9,619.2680086862952
797484,1,1,9,642.4675208612417
797506,1,1,5,0.42645457969393247
797507,1,1,8,424.83123572505025
797509,1,1,2,478.4855638092312
797517,1,1,5,0.42645457969393247
797531,1,1,4,0.42645458358136
797540,1,1,8,354.33415133915787
797548,1,1,6,457.46543172145186
797586,1,1,1,220.82135232439126
797597,1,1,6,648.9203099048065
797610,1,1,5,0.42645457969393247
797628,1,1,5,0.42645457969393247
797634,1,1,3,48.134391565814596
797642,1,1,10,452.6110995405553
797668,1,1,8,662.1851920469302
797678,1,1,3,92.31908674091048
797681,1,1,2,426.72755103263876
797685,1,1,5,0.42645457969393247
797705,1,1,6,430.5551394089756
797706,1,1,6,659.1063606635631
797714,1,1,6,794.6462838619328
797736,1,1,1,674.4668705503707
797738,1,1,4,0.42645458358136
797742,1,1,8,452.78271903768723
797751,1,1,4,0.42645458358136
797760,1,1,9,535.2791534088213
797776,1,1,7,83.16622537410493
797785,1,1,4,0.42645458358136
797786,1,1,8,720.6466273110631
797788,1,1,3,92.4063458433666
797792,1,1,6,431.89590335771925
797801,1,1,9,798.6933366367444
797803,1,1,9,680.4424444712683
797804,1,1,4,0.42645458358136
797811,1,1,8,333.5172649826145
797817,1,1,9,400.1439041388225
797823,1,1,4,0.42645458358136
797827,1,1,5,0.42645457969393247
797828,1,1,6,764.9857685602918
797830,1,1,8,461.2571337346928
797835,1,1,7,98.3546251758161
797847,1,1,10,167.13636114812184
797849,1,1,8,854.8385786127308
797857,1,1,2,115.68216341884091
797878,1,1,1,327.2697878801672
797885,1,1,8,642.0013225767784
797891,1,1,8,566.9095508573464
797892,1,1,6,675.6009912721928
797895,1,1,4,0.42645458358136
797898,1,1,9,640.4365493729102
797912,1,1,10,722.6662669150687
797913,1,1,10,464.0976099681676
797925,1,1,8,686.6102605483505
797959,1,1,10,387.56212185687644
798001,1,1,1,261.38373195548536
798003,1,1,10,555.54531128622
798012,1,1,6,512.1038556584737
798025,1,1,7,91.72989291525931
798034,1,1,6,622.5232409879995
798039,1,1,8,411.78228954929733
798056,1,1,9,866.4205172876161
798067,1,1,4,0.42645458358136
798076,1,1,6,380.1685864714796
798082,1,1,6,721.1926460632765
798088,1,1,4,0.42645458358136
798092,1,1,8,881.8981655266318
798112,1,1,6,787.3123332731343
798124,1,1,2,399.95820849121793
798126,1,1,9,622.7018141085786
798130,1,1,5,0.42645457969393247
798132,1,1,4,0.42645458358136
798146,1,1,8,374.2820826346398
798186,1,1,9,84.00814157936374
798190,1,1,8,730.6383472494927
798206,1,1,6,433.83385955101056
798207,1,1,4,0.42645458358136
798227,1,1,8,452.8533482665715
798228,1,1,6,501.90985238602065
798229,1,1,2,157.20906066446452
798241,1,1,10,460.0684020607282
798246,1,1,5,0.42645457969393247
798272,1,1,7,156.94142054978957
798275,1,1,5,0.42645456789925423
798280,1,1,6,806.896012683412
798281,1,1,1,558.5015301272855
798283,1,1,5,0.42645457969393247
798294,1,1,4,0.42645458358136
798295,1,1,6,311.78549297188823
798311,1,1,8,669.8471351865819
798321,1,1,7,72.28606084455247
798323,1,1,6,802.4461549427202
798343,1,1,9,778.4093360099939
798345,1,1,9,230.3682106173483
798353,1,1,8,746.1175514425186
798357,1,1,9,189.98522888039986
798364,1,1,1,209.22008414234398
798379,1,1,8,301.1526975666501
798381,1,1,6,420.4260631121284
798400,1,1,7,43.080066981149635
798423,1,1,6,787.4322913338946
798428,1,1,4,0.42645458358136
798434,1,1,3,77.36132032911505
798446,1,1,4,0.42645458358136
798459,1,1,6,342.7645802884718
798461,1,1,10,719.007641561165
798478,1,1,9,565.5406005948804
798484,1,1,9,839.8794875165245
798507,1,1,9,837.1412561640883
798520,1,1,9,854.3032248788862
798525,1,1,6,719.0629659671976
798529,1,1,6,798.7436624486916
798553,1,1,3,88.35650901417046
798563,1,1,1,410.0354253272282
798566,1,1,10,463.67105100111
798574,1,1,2,276.1992739097815
798581,1,1,9,332.7332139642251
798591,1,1,5,0.42645457969393247
798593,1,1,6,664.9260976994944
798597,1,1,10,384.56031095874647
798600,1,1,10,651.8581843321936
798601,1,1,10,506.6619557707199
798610,1,1,8,317.2344507317256
798613,1,1,9,446.56080916957944
798635,1,1,6,253.46857184327646
798638,1,1,10,546.8011558945876
798649,1,1,8,793.5739236694533
798651,1,1,9,819.6541395812893
798672,1,1,8,745.1359819626882
798674,1,1,9,441.1691478640904
798675,1,1,6,546.7083190037628
798681,1,1,9,628.6632185760064
798709,1,1,9,890.4613718284302
798713,1,1,6,541.1107064375597
798719,1,1,4,0.42645458358136
798736,1,1,4,0.42645458358136
798739,1,1,1,578.145971512292
798741,1,1,2,153.14413965960765
798745,1,1,4,0.42645458358136
798748,1,1,6,508.6893656307345
798750,1,1,10,263.65524120235756
798753,1,1,4,0.42645458358136
798763,1,1,4,0.42645458358136
798779,1,1,9,769.594174854689
798797,1,1,1,507.4375588337634
798808,1,1,6,718.002440564823
798834,1,1,4,0.42645458358136
798845,1,1,9,304.6696495823567
798854,1,1,8,507.83938494631917
798879,1,1,9,782.6356785624705
798881,1,1,6,535.2065011640976
798893,1,1,4,0.42645458358136
798902,1,1,4,0.42645458358136
798918,1,1,9,835.0014472660581
798927,1,1,5,0.42645457969393247
798940,1,1,9,809.6446158546614
798947,1,1,2,376.6426711778131
798957,1,1,4,0.42645458358136
798984,1,1,6,303.515895058561
798987,1,1,9,746.8201313703642
798988,1,1,9,806.3550201124806
799019,1,1,9,806.8437258438387
799021,1,1,5,0.42645457969393247
799022,1,1,6,520.6069181965964
799043,1,1,10,285.36119142954095
799048,1,1,6,556.1628951217101
799061,1,1,2,140.4049440432993
799073,1,1,6,298.65077484498596
799076,1,1,9,333.6784840460811
799088,1,1,3,83.16818107224466
799090,1,1,9,464.53292369540117
799111,1,1,2,210.10524571929116
799112,1,1,9,612.1935197687451
799123,1,1,3,81.6893702685861
799135,1,1,6,781.8739335810449
799144,1,1,5,0.42645457969393247
799151,1,1,10,386.08895446858224
799167,1,1,5,0.42645457969393247
799169,1,1,9,837.262413816196
799170,1,1,9,583.0194957355548
799174,1,1,6,407.5065764542093
799179,1,1,4,0.42645458358136
799180,1,1,9,713.2889896135559
799199,1,1,1,323.2683276426392
799209,1,1,9,711.9168706408836
799212,1,1,4,0.42645458358136
799224,1,1,5,0.42645457969393247
799233,1,1,8,782.0513297062288
799237,1,1,1,232.92071360896466
799241,1,1,6,557.8800142549642
799245,1,1,7,94.88130038333857
799249,1,1,9,548.181332050539
799254,0,1,0,0.0934453123600009
799258,1,1,10,379.1130045604274
799269,1,1,6,380.6988869481059
799270,1,1,9,758.5739561309839
799280,1,1,9,884.9976272858895
799290,1,1,9,861.5525862061894
799306,1,1,6,238.7265826941137
799312,1,1,4,0.42645458358136
799313,1,1,10,450.2965149282497
799322,1,1,4,0.42645458358136
799372,1,1,1,503.9599694699883
799412,1,1,6,317.6445677036378
799420,1,1,9,874.9549050822606
799429,1,1,8,428.69163537313756
799435,1,1,10,550.535658480092
799438,1,1,1,461.4599144377692
799467,1,1,8,405.89515863085927
799484,1,1,5,0.42645457969393247
799485,1,1,9,876.5002790804966
799486,1,1,4,0.4264545919581291
799489,1,1,6,746.7304962823315
799497,1,1,4,0.42645458358136
799500,1,1,9,778.3808809039751
799501,1,1,8,811.0045483419142
799516,1,1,10,594.1437919164365
799517,1,1,9,794.7896763350981
799553,1,1,9,164.6494034777512
799567,1,1,6,758.4150159112083
799575,1,1,5,0.42645457969393247
799581,1,1,4,0.42645458358136
799590,0,1,0,0.11415292342552656
799603,1,1,2,374.9705083516572
799615,0,1,0,0.11372536885572268
799624,1,1,9,841.5442651846662
799660,1,1,2,473.2900949746415
799666,1,1,8,812.8932000224387
799675,1,1,9,257.41363408242205
799681,0,1,0,0.24072936936377223
799683,1,1,6,738.333610107143
799722,1,1,9,278.30987622258147
799725,1,1,4,0.42645458358136
799751,1,1,9,107.50069768113526
799757,1,1,7,57.292307548476124
799760,1,1,4,0.42645458358136
799762,1,1,6,785.780816117208
799765,1,1,5,0.42645457969393247
799769,1,1,9,316.5669657475743
799795,1,1,3,93.48933113024103
799798,1,1,5,0.42645457969393247
799799,1,1,3,89.2861738083396
799823,1,1,7,171.24477619975215
799849,1,1,8,542.4126326702919
799857,1,1,9,499.5251026445569
799869,1,1,6,257.91370205678106
799878,1,1,5,0.42645457969393247
799883,1,1,2,388.66879909598913
799894,1,1,1,371.67035536052356
799898,1,1,8,442.099005435995
799900,1,1,3,84.90951182555995
799930,1,1,2,327.23876457790453
799931,1,1,3,89.26696362269799
799948,1,1,4,0.42645458358136
799953,1,1,6,671.7236289838875
799956,1,1,4,0.42645458358136
799968,1,1,4,0.42645458358136
799970,1,1,7,167.81669372156404
799987,1,1,10,230.76081355749199
799988,1,1,1,282.4199428700939
800003,1,1,6,614.871041130292
800029,1,1,8,893.6986225220826
800032,1,1,10,717.1922227381096
800040,0,1,0,0.16965657432958628
800046,1,1,9,730.1807521971275
800048,1,1,9,775.7139501707223
800066,1,1,8,784.7244280167314
800069,1,1,9,252.1212343764292
800073,1,1,9,621.335431811215
800075,1,1,1,614.9803625679123
800088,1,1,2,139.44111574161053
800095,1,1,6,716.2182177427479
800100,1,1,9,875.6021735929273
800106,1,1,5,0.42645457969393247
800108,1,1,9,778.3951091421004
800126,1,1,6,182.93494823642467
800128,1,1,1,287.2091535712784
800140,1,1,9,671.7402317500298
800147,1,1,8,674.7357719756693
800178,1,1,2,475.7754278191529
800189,1,1,8,271.5844541574222
800198,1,1,2,454.2411980881032
800207,1,1,10,662.1171533025343
800210,1,1,7,35.519366215741876
800211,1,1,6,805.7212195325009
800213,1,1,8,544.9444769132189
800240,1,1,10,235.48534218904996
800242,1,1,6,569.1583970539581
800243,1,1,9,574.6913215100132
800248,1,1,6,628.6509367276958
800292,1,1,4,0.42645458358136
800295,1,1,6,331.1951737062182
800297,1,1,1,411.0933019238511
800315,1,1,6,784.7622921987814
800320,1,1,4,0.42645458358136
800327,1,1,5,0.42645457969393247
800339,1,1,6,642.8558992756286
800348,1,1,7,109.81667343726257
800355,1,1,9,523.3826897080385
800368,1,1,9,367.17536813956406
800370,1,1,5,0.42645457969393247
800381,1,1,8,801.7866779056824
800384,1,1,6,364.751671572374
800395,1,1,10,590.0564673314861
800396,1,1,4,0.42645458358136
800405,1,1,9,31.95912906571623
800412,1,1,9,387.405156450844
800441,1,1,9,282.1259880775264
800446,1,1,6,470.5826947547362
800458,1,1,9,138.16664278786087
800459,1,1,8,175.6209319570388
800483,1,1,9,439.18967117955293
800485,1,1,10,696.7967170976027
800489,1,1,8,698.369534688168
800490,1,1,9,536.4845391732417
800499,1,1,2,364.8951741434452
800501,1,1,8,813.1684872047151
800531,1,1,2,370.7661792269105
800538,1,1,8,297.8734265217767
800540,1,1,9,771.6998961178898
800545,1,1,4,0.42645458358136
800567,1,1,6,671.4042024206095
800577,1,1,6,712.356572585083
800578,1,1,9,862.5692161278591
800580,1,1,6,444.7850097866396
800587,1,1,2,465.02923545884323
800593,1,1,10,503.59661682694184
800599,1,1,5,0.42645457969393247
800602,1,1,10,487.79882988255196
800604,1,1,7,126.49872432968488
800634,1,1,8,575.7741496295123
800642,1,1,2,199.2457024361204
800667,1,1,10,89.63704372567943
800678,1,1,5,0.42645457969393247
800679,1,1,5,0.42645457969393247
800687,1,1,8,548.2455913725515
800694,1,1,8,841.1034686024024
800699,1,1,8,778.2732576702505
800703,1,1,6,806.2772710080617
800713,1,1,4,0.4264545919581291
800714,1,1,5,0.42645456789925423
800717,1,1,9,522.6753465633668
800718,1,1,6,764.5229171348699
800742,1,1,5,0.42645457969393247
800763,1,1,10,621.6943860211221
800768,1,1,8,669.300610357933
800771,1,1,5,0.42645457969393247
800777,1,1,5,0.42645457969393247
800778,1,1,9,777.5395152727076
800801,1,1,6,562.1688498654621
800809,1,1,6,366.2745019992829
800810,1,1,2,111.33754300606353
800813,1,1,9,856.9085361472828
800821,1,1,9,621.2827020645722
800822,1,1,9,787.8764241705543
800826,1,1,5,0.42645457969393247
800865,1,1,2,216.94481670367549
800883,1,1,9,699.443919849591
800891,1,1,10,719.2362185746923
800916,1,1,9,349.50699720564785
800921,1,1,9,864.4567541662431
800940,1,1,8,732.5171343060412
800941,1,1,3,92.37277608711494
800953,1,1,5,0.42645457969393247
800958,1,1,10,141.8677509874788
800964,1,1,5,0.42645457969393247
800965,1,1,1,539.1052406976081
800969,1,1,9,734.0359441378031
800972,1,1,8,271.98213237920646
800973,1,1,3,82.8276942616314
800981,1,1,8,837.0439966414938
800982,1,1,9,174.27463472629577
800993,1,1,4,0.4264545919581291
800996,1,1,9,876.8019211263407
800997,1,1,5,0.42645457969393247
801001,1,1,4,0.42645458358136
801003,1,1,6,606.4399205294975
801006,1,1,8,435.61883314508157
801008,1,1,9,419.27001773291516
801019,1,1,9,476.97744036440986
801030,1,1,6,456.5988846291293
801031,1,1,9,647.6410332805533
801037,1,1,10,610.6358388955075
801041,1,1,4,0.42645458358136
801043,1,1,8,778.1603763526193
801046,1,1,7,100.66625800491258
801047,1,1,8,128.89289315928997
801054,1,1,4,0.42645458358136
801059,1,1,4,0.42645458358136
801079,1,1,1,612.0087543107697
801128,1,1,6,477.6809761447766
801130,1,1,4,0.42645458358136
801147,1,1,8,510.3535188049605
801157,1,1,5,0.42645457969393247
801165,1,1,9,553.1452325124586
801171,1,1,9,640.3083686802263
801175,1,1,5,0.42645457969393247
801176,0,1,0,0.11341318945563013
801191,1,1,8,549.7767386005087
801200,1,1,9,579.4847882892597
801213,1,1,9,772.5704896111489
801222,1,1,10,162.05957092470283
801237,1,1,2,131.57061520677317
801249,1,1,10,328.4752574987533
801259,1,1,5,0.42645456789925423
801270,1,1,9,778.3319548881075
801274,1,1,6,167.13924356454348
801282,1,1,6,659.0276162995157
801287,1,1,6,764.3448195511237
801314,1,1,6,277.94487473795647
801318,1,1,9,739.2631422876754
801320,1,1,7,80.12997281414334
801323,1,1,3,44.64770059452936
801329,1,1,6,651.9808998381505
801337,1,1,7,76.28776077196747
801340,1,1,9,350.79894649842026
801359,1,1,1,455.72401153015164
801362,1,1,4,0.42645458358136
801363,1,1,8,330.5375924925587
801367,1,1,4,0.42645458358136
801373,1,1,5,0.42645457969393247
801383,1,1,6,784.5662085229563
801394,1,1,6,483.18188192475435
801395,1,1,9,267.2236451048576
801396,1,1,5,0.42645457969393247
801399,1,1,6,262.7178404443235
801404,1,1,8,896.4068252650106
801411,1,1,9,370.71577160645967
801424,1,1,2,234.48471093732852
801427,1,1,3,63.54829842298501
801433,1,1,10,685.6613793488201
801435,1,1,4,0.42645458358136
801465,1,1,5,0.42645457969393247
801469,1,1,6,400.3160897019936
801470,1,1,5,0.42645457969393247
801481,1,1,5,0.42645456789925423
801489,1,1,7,81.0882638117957
801490,1,1,4,0.42645458358136
801498,1,1,1,674.9079989404829
801499,1,1,7,55.129131746711096
801501,1,1,6,517.9922149669366
801504,1,1,9,701.0219757657717
801510,1,1,3,73.51713374081486
801535,1,1,9,163.03739996997632
801581,1,1,9,241.24634558100036
801585,1,1,6,806.5687937543361
801605,1,1,6,789.2850349310048
801606,1,1,4,0.42645458358136
801610,1,1,9,828.8401439168813
801617,1,1,8,266.60148133839476
801618,1,1,6,506.15572921169087
801651,1,1,2,286.2831578046542
801664,1,1,9,144.12699185599823
801672,1,1,10,400.5285246538006
801681,1,1,4,0.42645458358136
801698,1,1,9,246.60898250158507
801707,1,1,10,107.38541557201394
801710,1,1,6,787.5482051496608
801718,1,1,8,460.8551953293419
801722,1,1,4,0.42645458358136
801734,1,1,7,68.08072324618513
801738,1,1,4,0.42645458358136
801739,1,1,1,492.99044166423886
801746,1,1,7,82.50431360766396
801751,1,1,10,238.7720962599365
801752,1,1,4,0.42645458358136
801753,1,1,7,69.65175534362633
801766,1,1,8,694.9902019633846
801772,1,1,7,134.5963145546267
801778,1,1,9,495.50357070056054
801786,1,1,6,292.01930744627947
801795,1,1,8,661.6834767449815
801798,1,1,9,426.4626789253701
801808,1,1,8,630.1675260729003
801812,1,1,6,809.6273123017327
801815,1,1,5,0.42645457969393247
801821,1,1,9,874.6730214534316
801824,1,1,9,600.4256684359382
801831,1,1,1,416.49107222475146
801839,1,1,6,643.0555388775933
801850,1,1,8,319.9467102957113
801871,1,1,9,642.4702530789438
801875,1,1,5,0.42645457969393247
801887,0,1,0,0.08774971278419262
801898,1,1,10,389.7086459884476
801940,1,1,5,0.42645457969393247
801955,1,1,8,725.6331254270972
801958,1,1,10,253.86669925088376
801960,1,1,5,0.42645457969393247
801983,1,1,10,417.40681767399735
802006,1,1,7,86.52543925859757
802007,1,1,6,534.3441417074533
802008,1,1,9,871.5087896247805
802043,1,1,6,703.0539328720657
802048,1,1,4,0.42645458358136
802055,1,1,8,734.0273664489811
802057,1,1,8,781.0989553956879
802058,1,1,4,0.42645458358136
802063,1,1,5,0.42645457969393247
802077,1,1,1,666.4093282187704
802082,1,1,8,443.77742055088726
802084,1,1,8,286.3543081629114
802098,1,1,6,480.65750823233856
802141,1,1,5,0.42645457969393247
802144,1,1,6,419.046961531569
802175,1,1,6,728.9213207632789
802179,1,1,2,468.46896141229263
802183,1,1,6,761.4725441075351
802187,1,1,1,688.7327424952654
802207,1,1,6,778.6391766215233
802217,1,1,2,438.3807007873779
802233,1,1,2,331.77110038177295
802241,1,1,2,362.9000895762573
802247,1,1,7,84.45686434063936
802266,1,1,6,810.7562999275304
802328,1,1,9,848.3536206663917
802347,1,1,9,300.01999732630236
802366,1,1,8,428.9727073593884
802368,1,1,9,850.650577334475
802372,1,1,9,183.5467578966728
802377,1,1,8,383.5939338799639
802418,1,1,5,0.42645457969393247
802420,1,1,6,200.31421344356028
802421,1,1,5,0.42645457969393247
802425,1,1,9,607.7982842911211
802443,1,1,5,0.42645457969393247
802452,1,1,5,0.42645457969393247
802454,1,1,1,718.6793821433583
802476,1,1,7,169.58155375444832
802478,0,1,0,0.11499713106297355
802482,1,1,4,0.42645458358136
802501,1,1,8,835.4465378864496
802512,1,1,9,213.7005532195014
802521,1,1,8,397.58206436297644
802539,1,1,4,0.42645458358136
802540,1,1,10,433.3812354476366
802543,1,1,9,834.7364754643559
802545,0,1,0,0.11603402059458838
802556,1,1,8,543.406869694031
802567,1,1,6,522.0107196636201
802568,1,1,9,671.9286312366397
802570,1,1,9,839.2329143275039
802574,1,1,1,465.2619744052212
802578,1,1,4,0.42645458358136
802580,1,1,9,137.14930167627784
802583,1,1,9,418.9017658317168
802585,1,1,9,806.4126644700971
802589,1,1,8,243.6924236549353
802600,1,1,10,388.3603132826298
802608,1,1,8,674.7225022024544
802611,1,1,8,519.0036430936883
802621,1,1,6,564.3935136592906
802625,1,1,8,517.6675468498162
802638,1,1,1,598.9580067819454
802641,1,1,7,85.70307798666174
802666,1,1,6,386.2937988043909
802667,1,1,10,573.7408143720921
802678,1,1,8,704.9372591082195
802681,1,1,8,548.2361790326948
802684,1,1,6,390.4204521525966
802695,1,1,5,0.42645457969393247
802696,1,1,6,373.3131460005178
802712,1,1,4,0.42645458358136
802723,0,1,0,0.11880651262138998
802727,0,1,0,0.11862561502980197
802729,1,1,5,0.42645457969393247
802761,1,1,10,294.81010522388186
802769,1,1,10,581.9091383358563
802770,1,1,4,0.42645458358136
802783,1,1,7,123.43430475973577
802785,1,1,8,835.4476743678407
802791,1,1,1,212.86483377007676
802792,1,1,8,609.8526483742432
802793,1,1,4,0.42645458358136
802808,1,1,2,269.07964534958654
802812,1,1,8,434.12722069869227
802827,1,1,5,0.42645457969393247
802834,1,1,6,641.8394646613659
802836,1,1,9,807.0843014180786
802842,1,1,9,773.5952436421607
802847,1,1,9,91.68462568097932
802858,1,1,8,614.421018944103
802866,1,1,10,570.6252944491574
802867,1,1,1,616.6743804792155
802887,1,1,3,89.67506278907643
802889,1,1,10,402.4826172656057
802901,1,1,8,939.7843882578477
802914,1,1,5,0.42645457969393247
802920,1,1,9,560.5746995945949
802923,1,1,6,493.77513829974924
802937,1,1,6,600.1768192229141
802938,1,1,9,573.347572598249
802940,1,1,9,686.269389347077
802944,1,1,8,729.6838870051427
802950,1,1,5,0.42645457969393247
802961,1,1,8,610.4367165300013
802962,1,1,9,866.8187642171276
802977,1,1,5,0.42645457969393247
802978,1,1,2,299.64457882899757
802984,1,1,6,230.9882265224776
802990,1,1,6,643.2421385883066
802993,1,1,8,425.4661344488897
803001,1,1,9,332.78225060639073
803030,1,1,5,0.42645457969393247
803040,1,1,3,86.64383765242731
803042,1,1,6,790.9900502891651
803065,1,1,4,0.42645458358136
803068,1,1,6,715.5516027413108
803071,1,1,1,723.6963361386544
803074,1,1,8,265.6186998265485
803087,1,1,7,47.52857786540585
803092,1,1,8,331.25985513807046
803137,1,1,4,0.42645458358136
803152,1,1,4,0.42645458358136
803156,1,1,4,0.42645458358136
803165,1,1,10,88.48772758872643
803197,1,1,4,0.42645458358136
803212,1,1,4,0.42645458358136
803231,1,1,9,593.6896719345341
803237,1,1,5,0.42645457969393247
803240,1,1,6,195.82522027390294
803241,1,1,8,555.9587484398489
803248,1,1,1,324.4161445448172
803253,1,1,5,0.42645457969393247
803262,1,1,1,180.56306028693092
803268,1,1,3,71.09496589216158
803270,1,1,8,463.90335968275156
803272,1,1,8,115.27385390341557
803282,1,1,5,0.42645456789925423
803300,1,1,8,460.0733429154846
803301,1,1,3,90.15198703451327
803319,1,1,3,77.72111120214232
803320,1,1,9,543.318932308775
803334,1,1,8,737.9320439802178
803349,1,1,9,749.207128600103
803366,1,1,4,0.42645458358136
803374,1,1,1,547.1833024917106
803375,1,1,10,716.6890502101724
803380,1,1,8,779.83352375165
803381,1,1,4,0.42645458358136
803388,1,1,4,0.42645458358136
803389,1,1,4,0.42645458358136
803402,1,1,6,786.4156484559995
803415,1,1,6,449.03000450193963
803418,1,1,4,0.42645458358136
803426,1,1,8,604.7570921461719
803439,1,1,7,56.84057751201937
803444,1,1,8,480.53020175733764
803462,1,1,6,541.6066375332764
803468,1,1,5,0.42645457969393247
803469,1,1,4,0.42645458358136
803490,1,1,6,529.1660306387471
803491,1,1,5,0.42645457969393247
803525,1,1,6,295.37353874926197
803547,1,1,9,124.31742630350118
803548,1,1,9,542.7209667886132
803574,1,1,9,860.1747033983592
803592,1,1,2,325.9436728900766
803598,1,1,7,103.02215136538292
803603,1,1,5,0.42645456789925423
803614,1,1,10,459.296057928108
803615,1,1,2,447.1147201685603
803631,1,1,6,604.7999020973738
803641,1,1,9,502.78531004548154
803643,1,1,4,0.42645458358136
803645,1,1,1,516.8258124619595
803655,1,1,10,566.4673002092247
803657,1,1,6,689.5600800010835
803672,1,1,10,592.5620157147966
803687,1,1,10,718.844911271383
803694,1,1,2,156.246196827035
803742,1,1,10,149.06090433678108
803746,1,1,9,770.0162870660265
803749,1,1,9,427.5066186170244
803773,1,1,9,548.1402801756531
803776,1,1,5,0.42645457969393247
803788,1,1,8,781.4982425281762
803789,0,1,0,0.16193490473030497
803791,1,1,5,0.42645457969393247
803798,1,1,2,96.60425276170817
803821,0,1,0,0.1367954785608349
803841,1,1,10,295.7321730494113
803842,1,1,1,697.5949334936124
803860,1,1,10,463.929268097331
803862,1,1,5,0.42645457969393247
803880,1,1,7,65.97868320486408
803881,1,1,6,483.4272330115898
803887,1,1,9,252.60010372673983
803889,1,1,9,788.0784804189759
803899,1,1,9,636.8715298911327
803905,1,1,9,870.8046374176779
803907,1,1,8,477.88689532130473
803927,1,1,8,383.49602633038165
803933,1,1,5,0.42645457969393247
803935,1,1,9,23.32645804483312
803936,1,1,5,0.42645457969393247
803938,1,1,6,398.0950834848183
803963,1,1,6,486.5416019106858
803976,1,1,7,140.54229238751793
803986,1,1,9,549.7648226476614
803988,1,1,8,669.5057136216926
804005,1,1,9,171.65949294688156
804007,1,1,4,0.42645458358136
804015,1,1,3,88.965979672305
804017,1,1,2,468.7695121460347
804020,1,1,4,0.42645458358136
804027,1,1,4,0.42645458358136
804038,1,1,9,864.1540897080835
804072,1,1,7,168.89689370383815
804080,1,1,9,789.6496996566357
804086,1,1,5,0.42645457969393247
804099,1,1,4,0.42645458358136
804113,1,1,5,0.42645457969393247
804119,1,1,6,780.025767373286
804120,1,1,10,419.1274554419739
804125,1,1,9,270.58356319561176
804128,1,1,10,223.05569313203785
804130,1,1,3,72.68589793115186
804139,1,1,5,0.42645457969393247
804140,1,1,8,870.7990213775652
804145,1,1,4,0.42645458358136
804155,1,1,6,734.3976031255294
804160,1,1,7,148.9072154779482
804168,1,1,8,833.0445078833858
804181,1,1,9,459.39788123485823
804189,1,1,9,107.17519110669352
804201,1,1,8,784.4508235475089
804226,1,1,4,0.42645458358136
804244,1,1,3,89.63144941808898
804245,1,1,2,348.56393735608464
804301,1,1,5,0.42645457969393247
804302,1,1,5,0.42645457969393247
804315,1,1,5,0.42645457969393247
804322,1,1,1,609.9036505007358
804323,1,1,5,0.42645457969393247
804324,1,1,9,237.95403129133283
804334,1,1,9,470.22114838921783
804353,1,1,10,705.8033099080141
804357,1,1,8,596.3214180735002
804375,1,1,8,857.2951906525541
804385,1,1,8,891.0604952656726
804415,1,1,8,370.2711694830914
804416,1,1,10,265.8074136839389
804418,1,1,9,832.1614144731561
804421,1,1,10,460.09407533240073
804423,1,1,8,547.4966092522619
804435,1,1,7,127.94900733733502
804439,1,1,5,0.42645457969393247
804441,1,1,5,0.42645457969393247
804442,1,1,1,746.2074443204648
804457,1,1,10,395.8154886289103
804459,1,1,7,82.35858715736524
804460,1,1,1,349.38640547774776
804473,1,1,6,604.64050263432
804474,0,1,0,0.1176514258305696
804476,1,1,10,316.87605753663127
804477,1,1,6,716.9383633449332
804489,1,1,9,512.0756087758296
804491,1,1,9,98.27980989863518
804502,1,1,6,247.25049939152726
804509,1,1,2,391.7885312827746
804510,1,1,4,0.42645458358136
804520,1,1,6,811.5639331504398
804524,1,1,6,549.2069714663264
804533,1,1,9,501.03166267503167
804540,1,1,10,722.4224732128686
804549,1,1,4,0.42645458358136
804559,1,1,9,821.9098531355334
804598,1,1,10,600.4341013950349
804610,1,1,5,0.42645457969393247
804615,1,1,7,142.81388070511252
804634,1,1,10,542.5850973970315
804653,1,1,10,200.47253140091652
804656,1,1,5,0.42645457969393247
804658,1,1,3,81.81490548526396
804705,1,1,9,384.1402915968689
804718,1,1,4,0.42645458358136
804719,1,1,7,144.15928848350399
804725,1,1,5,0.42645457969393247
804732,1,1,8,799.1551040913037
804741,1,1,8,720.0824696928698
804742,1,1,9,495.19912869248554
804765,1,1,9,737.0501268322967
804766,1,1,8,733.8242367355227
804767,1,1,5,0.42645457969393247
804774,1,1,4,0.42645458358136
804780,1,1,5,0.42645457969393247
804786,1,1,2,417.34125588666177
804791,1,1,1,748.397064661517
804801,1,1,10,388.8309801520914
804806,1,1,6,560.449849964785
804846,1,1,5,0.42645457969393247
804872,1,1,7,113.76911423436776
804880,1,1,4,0.42645458358136
804891,1,1,10,270.9797271797731
804892,0,1,0,0.11445421994769382
804899,1,1,5,0.42645457969393247
804922,0,1,0,0.08340464414742045
804928,1,1,8,323.5411628413045
804939,1,1,7,73.14894776919162
804951,1,1,2,276.5744903810647
804957,1,1,1,570.5941085984729
804974,1,1,7,38.562621168564974
804979,1,1,10,718.9039361927069
804980,1,1,3,58.17649431030103
804992,1,1,8,830.4690753188742
805018,1,1,5,0.42645457969393247
805051,1,1,2,422.54405006476
805052,1,1,9,474.72542606582994
805053,1,1,3,88.46231930524387
805059,1,1,10,276.47096358624503
805082,1,1,10,100.84387247063806
805106,1,1,6,504.29032214734684
805109,1,1,9,637.1811987465819
805112,1,1,4,0.42645458358136
805126,1,1,5,0.42645457969393247
805127,1,1,5,0.42645457969393247
805135,1,1,8,643.499166541336
805142,1,1,8,896.5374595413866
805148,1,1,6,786.46038022978
805159,1,1,9,876.7754103296409
805166,1,1,6,548.5741219524045
805172,1,1,8,639.7796120218752
805191,1,1,5,0.42645457969393247
805193,1,1,5,0.42645457969393247
805207,1,1,5,0.42645457969393247
805211,1,1,5,0.42645457969393247
805228,1,1,7,172.59211469600234
805236,1,1,5,0.42645457969393247
805238,1,1,5,0.42645457969393247
805241,1,1,9,814.3329849563238
805248,1,1,1,557.8351615900858
805265,1,1,4,0.42645458358136
805272,1,1,1,366.33792262727815
805276,1,1,3,52.57732567141877
805280,1,1,9,842.7386535406819
805287,1,1,7,85.7143576123112
805313,1,1,8,341.8865411263478
805315,1,1,3,90.58399256759147
805322,1,1,9,874.4854590372107
805335,1,1,7,99.62543811303519
805352,1,1,5,0.42645457969393247
805354,1,1,8,843.8751671837231
805358,1,1,4,0.42645458358136
805368,1,1,8,405.731267141425
805373,1,1,5,0.42645457969393247
805380,1,1,8,702.4494056876057
805397,1,1,9,485.8763944918595
805404,1,1,6,436.8762666962333
805417,1,1,3,79.0080780894622
805441,1,1,9,545.2386922185614
805455,1,1,6,744.6040601950968
805475,1,1,9,587.097136984798
805492,1,1,9,807.5010825055543
805493,1,1,4,0.42645458358136
805518,1,1,4,0.42645458358136
805525,1,1,6,548.1760708829169
805533,1,1,8,684.1627878074116
805539,1,1,4,0.42645458358136
805565,1,1,2,124.34816896488438
805578,1,1,6,511.5547352391744
805588,1,1,4,0.42645458358136
805592,1,1,9,862.4574654998543
805598,1,1,7,98.28195962505228
805622,1,1,9,700.555871789862
805643,1,1,8,812.7652068157456
805647,1,1,6,356.3608357600257
805668,1,1,6,660.2090926493
805669,1,1,8,684.433830511362
805673,1,1,8,712.8786391594255
805675,1,1,5,0.42645457969393247
805678,1,1,4,0.42645458358136
805687,1,1,9,605.0098078861515
805697,1,1,9,233.42756510812214
805699,1,1,7,123.27375333683987
805700,1,1,9,875.268790987553
805732,1,1,5,0.42645457969393247
805734,0,1,0,0.16013449253397324
805760,1,1,3,87.51120366898401
805780,1,1,9,597.1295631858623
805785,1,1,5,0.42645457969393247
805793,1,1,8,497.3785344037486
805809,1,1,5,0.42645457969393247
805812,1,1,10,698.7945239566398
805815,1,1,6,375.25439486042654
805829,1,1,10,638.7947234168272
805830,1,1,10,278.7431021858261
805849,1,1,1,456.22461279879593
805852,1,1,7,28.83045390499772
805855,1,1,4,0.42645457969393247
805856,1,1,10,711.4302573319195
805873,1,1,10,720.9674024727606
805877,1,1,9,594.1362912093034
805888,1,1,1,280.24834512307444
805896,1,1,6,233.8487574402662
805922,1,1,1,292.3793010967343
805924,1,1,1,714.5469769509396
805927,1,1,8,456.72141856840835
805944,1,1,6,158.46896849341866
805961,1,1,10,385.0043727161929
805966,1,1,5,0.42645457969393247
805990,1,1,8,834.3800956796327
806013,1,1,4,0.42645458358136
806016,1,1,5,0.42645457969393247
806021,1,1,8,829.5968157507646
806029,1,1,8,598.3269602783732
806048,1,1,10,462.23981280838206
806056,1,1,4,0.42645458358136
806071,1,1,10,720.0867923340029
806075,1,1,10,387.0611197040893
806076,1,1,8,364.88424789079295
806082,1,1,7,144.00071619804206
806094,1,1,5,0.42645457969393247
806095,1,1,9,365.9643037152711
806101,1,1,2,381.71730211195995
806111,1,1,5,0.42645456789925423
806116,1,1,7,21.25407606208486
806122,1,1,9,886.2814910259566
806141,1,1,6,613.4783355075299
806152,1,1,5,0.42645457969393247
806158,1,1,9,706.862576019377
806166,0,1,0,0.14767590759547028
806170,1,1,10,285.4019411759796
806180,1,1,5,0.42645457969393247
806184,1,1,9,887.8500148909926
806204,1,1,10,575.9769186638606
806214,1,1,6,801.0447615333537
806227,1,1,9,405.25514689766885
806247,1,1,3,76.93551522616715
806272,0,1,0,0.11795388857671148
806302,1,1,8,434.15956334562986
806303,1,1,6,254.90844139951395
806310,1,1,6,345.2736162682437
806320,1,1,3,90.81087537962233
806337,1,1,4,0.42645458358136
806341,1,1,6,401.53454818456885
806351,1,1,8,732.7696410380865
806362,1,1,9,697.2285362949783
806394,1,1,5,0.42645457969393247
806420,1,1,6,799.0710230042472
806422,1,1,4,0.42645458358136
806430,1,1,8,894.2640557146906
806447,1,1,8,679.2946461931904
806451,1,1,10,591.3521182263846
806472,1,1,6,809.5644334147252
806500,1,1,6,322.49877093532785
806503,1,1,8,514.8856941674003
806504,1,1,9,608.2117895565937
806523,1,1,9,397.73979113868836
806524,1,1,4,0.42645458358136
806562,1,1,5,0.42645457969393247
806574,1,1,6,481.76228268004513
806580,1,1,2,180.42555233641494
806585,1,1,9,779.6071777513697
806588,1,1,6,202.58879324917146
806636,0,1,0,0.12649677578458224
806662,1,1,7,87.72695682473109
806676,0,1,0,0.13733705454008605
806678,1,1,9,706.6561418078496
806686,1,1,8,303.44002886895015
806696,0,1,0,0.05591053454298001
806747,1,1,6,542.7294810825723
806756,1,1,2,208.62966450050624
806822,1,1,10,514.9634949234704
806831,1,1,3,90.32720039160519
806835,1,1,5,0.42645457969393247
806842,1,1,9,507.460130659204
806849,1,1,4,0.42645458358136
806854,1,1,7,173.44090657211368
806857,1,1,6,665.2171397916696
806859,1,1,4,0.42645458358136
806870,1,1,4,0.42645458358136
806876,1,1,8,217.99564309840525
806887,0,1,0,0.09943085620011
806892,1,1,9,514.1609672177083
806897,1,1,5,0.42645457969393247
806898,1,1,4,0.42645458358136
806903,1,1,6,125.36610297965657
806912,1,1,9,709.8317966228987
806915,1,1,9,498.3156705134331
806918,1,1,10,408.1978586780131
806920,1,1,9,605.3169998046701
806952,1,1,6,593.4238897720471
806972,1,1,5,0.42645457969393247
806978,1,1,5,0.42645457969393247
807027,1,1,8,373.6349101794809
807035,1,1,6,765.4016199631915
807053,1,1,10,150.75290045525625
807054,1,1,6,646.665844550015
807058,1,1,5,0.42645457969393247
807069,1,1,9,360.3428177752629
807076,1,1,9,656.3780889542675
807086,1,1,9,547.941722869679
807089,1,1,2,381.8578670416439
807090,1,1,10,719.7874873390627
807092,1,1,7,93.1992955242282
807117,1,1,8,934.9996853728234
807130,1,1,8,431.87094409974003
807140,1,1,10,476.0031389201314
807154,1,1,6,315.3008356869998
807160,1,1,4,0.42645458358136
807179,1,1,5,0.42645457969393247
807185,1,1,6,621.6039321133334
807192,1,1,1,160.50824115247892
807195,1,1,8,603.1438832759245
807210,1,1,9,61.270972768991435
807216,1,1,5,0.42645457969393247
807221,1,1,9,366.92804826144464
807227,1,1,10,391.53973034830983
807233,1,1,5,0.42645457969393247
807239,1,1,6,522.2576184571818
807247,1,1,8,555.8462128598215
807249,1,1,9,74.48041333496529
807266,1,1,6,347.9004650694255
807272,1,1,8,487.9003099478671
807284,1,1,4,0.42645458358136
807304,1,1,10,519.501202200641
807328,1,1,3,48.7247626964039
807354,1,1,8,625.5090572837756
807356,1,1,6,150.58931983101334
807358,1,1,9,386.66079447834574
807365,1,1,5,0.42645457969393247
807391,1,1,6,655.4249714909241
807395,0,1,0,0.14010395364494788
807404,1,1,7,62.53095805537554
807436,1,1,5,0.42645457969393247
807438,1,1,9,318.42056688845474
807439,1,1,9,700.4776755121388
807444,1,1,1,274.24132537374345
807450,1,1,10,722.6153924055793
807452,1,1,9,528.1681547117497
807477,1,1,4,0.42645458358136
807490,1,1,9,741.1140940677268
807513,1,1,6,240.2521507286642
807519,1,1,6,519.4906009923988
807542,1,1,6,783.1270296931476
807543,1,1,7,19.02921101400978
807558,1,1,9,715.4602398230402
807565,1,1,6,625.6668764655134
807567,1,1,4,0.42645458358136
807568,1,1,6,797.5389425146043
807569,1,1,10,718.2392306936215
807575,1,1,4,0.42645458358136
807580,1,1,5,0.42645456789925423
807585,1,1,6,797.7180054594207
807592,1,1,5,0.42645457969393247
807621,1,1,6,628.6786504260015
807624,1,1,6,659.7940023830498
807627,1,1,8,497.58547610394925
807632,1,1,10,430.5860856838457
807652,1,1,2,316.1000763550039
807653,1,1,10,626.4337200358849
807689,1,1,8,780.3074669431202
807704,1,1,4,0.42645458358136
807709,1,1,9,368.75159809305893
807715,1,1,9,513.3090458937471
807723,1,1,7,103.96611966990758
807726,1,1,7,99.34284241787049
807759,1,1,4,0.42645458358136
807781,1,1,4,0.42645458358136
807782,1,1,8,597.6164238692252
807786,1,1,8,810.8511921920286
807787,1,1,2,142.646373339586
807788,1,1,9,593.9760517170383
807830,1,1,1,406.80889220861235
807855,1,1,5,0.42645457969393247
807859,1,1,10,720.4058523537946
807864,1,1,10,723.129703459544
807866,1,1,10,669.622200182858
807893,1,1,6,654.3735977107353
807921,1,1,9,349.69193658729057
807930,1,1,7,173.8635780254886
807931,1,1,5,0.42645457969393247
807937,1,1,2,402.83855600923465
807949,1,1,5,0.42645457969393247
807951,1,1,3,74.5525128264155
807953,1,1,9,123.29904726880811
807978,1,1,9,854.8322615585505
807985,1,1,5,0.42645457969393247
807987,1,1,6,786.7996626257552
808004,0,1,0,0.11257791371605978
808032,1,1,6,667.1754444480368
808034,1,1,10,170.27151788604715
808050,1,1,1,543.7846319291491
808060,1,1,9,862.3241147389011
808062,1,1,9,783.2566377690648
808087,1,1,10,522.8176938853177
808089,1,1,6,746.7647854580049
808100,1,1,4,0.42645458358136
808101,1,1,6,676.3952867812148
808116,1,1,3,48.510438135315475
808118,1,1,8,858.3657054781278
808152,1,1,1,748.3145117528243
808169,1,1,5,0.42645457969393247
808170,1,1,6,565.8016244953719
808177,1,1,5,0.42645457969393247
808188,1,1,4,0.42645458358136
808192,1,1,9,512.3402525808973
808208,1,1,2,374.219011458825
808212,1,1,5,0.42645457969393247
808239,1,1,6,789.618847099494
808267,1,1,10,137.6085310297381
808272,1,1,8,270.02332206622333
808274,1,1,10,718.8022893756348
808280,1,1,5,0.42645457969393247
808287,1,1,9,418.7879660747701
808321,1,1,6,471.0110231565152
808335,1,1,6,775.9366684827917
808340,1,1,6,484.2116140003224
808353,1,1,4,0.42645458358136
808354,1,1,9,72.517936712467
808367,1,1,10,400.26143238647063
808374,1,1,3,37.15943382082406
808380,1,1,9,509.01946946385857
808411,1,1,6,288.0274654032181
808414,1,1,5,0.42645457969393247
808416,1,1,8,282.23500857597054
808431,1,1,10,278.70863466521104
808432,1,1,8,542.9038296009268
808450,1,1,10,705.3858863582561
808451,1,1,1,632.4585803563933
808458,1,1,6,308.06557475706245
808462,1,1,9,342.186636990416
808465,1,1,6,491.9363738508386
808467,1,1,3,80.1524558569542
808470,1,1,5,0.42645457969393247
808482,1,1,9,729.8883736353517
808508,1,1,10,575.3493802590721
808516,1,1,4,0.42645458358136
808535,1,1,8,232.00759914638917
808543,1,1,7,77.78440363189408
808575,1,1,5,0.42645457969393247
808590,1,1,10,390.296506966732
808598,1,1,4,0.42645458358136
808599,1,1,6,335.187956075382
808607,1,1,2,385.6048356259764
808632,1,1,9,666.1377277645668
808636,1,1,6,789.7554152090256
808640,1,1,10,391.3948580371761
808662,1,1,9,577.9207201615969
808679,1,1,9,778.3714401226077
808711,1,1,6,179.5331633821387
808727,1,1,10,378.99495834805566
808741,1,1,10,528.9066574643856
808756,1,1,10,434.9750803100802
808759,1,1,10,721.1534205309016
808768,1,1,4,0.42645458358136
808776,1,1,9,450.29040163177257
808777,1,1,8,163.728931784007
808781,1,1,6,333.745156476949
808796,1,1,8,461.8701066014532
808818,1,1,7,147.10312546626037
808850,1,1,4,0.42645458358136
808851,1,1,8,730.9067368730209
808856,1,1,6,713.4527616185457
808859,1,1,1,258.59988706748254
808868,1,1,7,107.54393123108451
808873,1,1,4,0.42645458358136
808887,1,1,2,253.12485913005492
808898,1,1,1,203.53344987769424
808905,1,1,6,215.5243407532059
808910,1,1,9,557.3989918785103
808922,1,1,6,370.21961167048585
808940,1,1,5,0.42645457969393247
808967,1,1,10,583.478140907873
808968,1,1,5,0.42645457969393247
808969,1,1,8,754.3058061930824
808991,1,1,9,787.9085390357585
808994,1,1,6,483.2279752494262
809025,1,1,6,600.2061043914939
809037,1,1,10,502.0487297476065
809048,1,1,10,656.8516079469954
809059,1,1,5,0.42645456789925423
809077,1,1,4,0.42645458358136
809095,1,1,10,428.07547359034487
809128,1,1,8,811.036272718569
809144,1,1,6,807.8954978494552
809149,1,1,7,79.53425612931929
809167,1,1,5,0.42645457969393247
809169,1,1,10,408.9005098594454
809205,1,1,5,0.42645457969393247
809212,1,1,8,557.3349475639592
809226,1,1,3,89.52790716044082
809247,1,1,5,0.42645457969393247
809257,1,1,8,641.6073732675502
809258,0,1,0,0.24956006374160947
809262,1,1,9,444.1991390475456
809264,1,1,9,547.4965356033665
809266,1,1,1,421.94136527483687
809272,1,1,4,0.42645458358136
809276,1,1,7,163.13842303425835
809278,1,1,5,0.42645457969393247
809286,1,1,9,485.0280903637084
809295,1,1,8,793.0438777367157
809296,1,1,8,591.8581444723746
809304,1,1,6,753.1596462370179
809310,1,1,4,0.42645458358136
809324,1,1,9,763.0765537926583
809330,1,1,4,0.42645458358136
809360,1,1,4,0.42645458358136
809368,1,1,9,418.89113249024194
809381,1,1,10,256.2343035692069
809410,1,1,6,654.3232718599461
809422,1,1,7,89.97785060457994
809448,1,1,4,0.4264545919581291
809453,1,1,5,0.42645457969393247
809458,1,1,3,89.32044560110175
809464,1,1,5,0.42645457969393247
809465,1,1,9,331.0308527456339
809472,1,1,8,911.8315942908174
809477,1,1,9,191.59687524859672
809504,1,1,10,525.8838160098501
809508,1,1,8,567.8292693482643
809509,1,1,10,721.5712056445526
809514,1,1,5,0.42645457969393247
809531,1,1,8,861.5540603534905
809532,1,1,9,467.6154530069303
809545,1,1,5,0.42645457969393247
809546,1,1,4,0.42645458358136
809574,1,1,3,71.24197483975155
809581,1,1,1,543.7712430774973
809583,1,1,4,0.42645458358136
809596,1,1,7,154.32654395781287
809601,1,1,1,243.8191328963491
809603,1,1,8,495.73833278150715
809639,1,1,10,460.24099157576717
809644,1,1,6,368.4112764224667
809645,1,1,6,561.06380015244
809654,1,1,2,417.4217108638578
809658,1,1,8,634.2921592116962
809665,1,1,8,756.8766106231592
809678,1,1,9,795.396886797951
809687,1,1,10,371.5234694095809
809692,1,1,8,418.26764407737227
809693,1,1,4,0.42645458358136
809697,1,1,8,501.8452178846743
809706,1,1,8,480.66449541847527
809708,1,1,1,588.8363127694098
809712,1,1,1,376.05818039960917
809721,1,1,9,884.3697864423096
809729,1,1,8,371.42966178489127
809751,1,1,9,845.440463620253
809773,1,1,3,91.58384312524493
809777,1,1,5,0.42645457969393247
809786,1,1,6,287.2052267477564
809795,1,1,7,112.22508615736798
809800,1,1,5,0.42645457969393247
809804,1,1,5,0.42645457969393247
809808,1,1,10,558.1587223286032
809813,1,1,5,0.42645457969393247
809822,1,1,6,340.49086082633517
809824,1,1,5,0.42645457969393247
809835,1,1,4,0.42645458358136
809862,1,1,8,667.8140707085712
809867,1,1,5,0.42645457969393247
809876,1,1,6,765.9146687693121
809880,1,1,9,815.1750851916686
809889,1,1,9,611.7950725439971
809901,1,1,9,578.7834433917453
809915,1,1,3,80.99943582973884
809929,1,1,9,592.4417242477166
809930,1,1,8,633.531061105068
809941,1,1,9,115.20400099997433
809943,1,1,10,609.1103437872708
809952,1,1,9,20.36530978888687
809955,1,1,7,64.94643926167065
809958,1,1,5,0.42645457969393247
809960,1,1,5,0.42645456789925423
809961,1,1,4,0.4264545919581291
809972,1,1,4,0.42645458358136
809991,1,1,5,0.42645457969393247
810005,1,1,5,0.42645457969393247
810010,1,1,1,599.2772369702327
810032,1,1,1,424.55039656522825
810051,1,1,9,552.6219005155799
810060,1,1,5,0.42645457969393247
810073,1,1,9,614.7247420838811
810078,1,1,5,0.42645457969393247
810084,1,1,5,0.42645457969393247
810102,1,1,10,449.01572493168743
810109,1,1,10,430.45558519426993
810126,1,1,6,403.2189373572028
810131,1,1,10,418.9746886302602
810158,1,1,8,455.3931209751497
810163,1,1,4,0.42645458358136
810168,1,1,1,419.0038160886065
810170,1,1,9,893.6973132785342
810183,1,1,8,174.8413601385174
810189,1,1,9,580.7928586735084
810196,1,1,6,660.2979529498344
810204,1,1,9,504.237003349398
810207,1,1,8,565.2778070665784
810213,1,1,4,0.42645458358136
810214,1,1,6,616.6959641558655
810218,1,1,9,460.1261306071866
810219,1,1,4,0.42645458358136
810239,1,1,4,0.42645458358136
810263,1,1,10,709.7798308900793
810267,1,1,8,271.91729176450224
810271,1,1,9,498.7069784561586
810277,1,1,5,0.42645456789925423
810324,1,1,5,0.42645457969393247
810341,1,1,10,596.2664188178909
810345,1,1,6,791.2571513331353
810347,1,1,8,871.1518519033903
810380,1,1,6,336.2210143275923
810398,1,1,5,0.42645457969393247
810405,1,1,7,91.03768824193273
810408,1,1,10,344.85016873364196
810410,1,1,5,0.42645457969393247
810424,1,1,9,407.817105025676
810428,1,1,4,0.42645458358136
810437,1,1,6,721.6020966571158
810453,1,1,9,578.0211776055734
810455,1,1,6,423.85868523749025
810459,1,1,10,312.03936677519937
810482,1,1,4,0.42645458358136
810500,1,1,3,37.280936445975485
810515,1,1,10,705.9523280454299
810524,1,1,5,0.42645457969393247
810526,1,1,7,109.60713837500685
810536,1,1,9,350.9512152327167
810538,1,1,5,0.42645457969393247
810547,1,1,6,335.3739384026626
810569,1,1,7,152.75500980959052
810578,1,1,4,0.42645458358136
810605,1,1,8,454.3954342123289
810613,1,1,6,794.3740759568894
810615,1,1,5,0.42645457969393247
810625,1,1,6,167.02012926663247
810639,1,1,6,643.7921063895923
810646,1,1,5,0.42645456789925423
810659,1,1,5,0.42645456789925423
810662,1,1,4,0.42645458358136
810663,1,1,7,141.41197143046418
810669,1,1,9,639.3930997362213
810680,1,1,10,310.0621764907426
810685,1,1,5,0.42645457969393247
810686,1,1,10,718.7958240097709
810691,1,1,8,898.5782479895225
810723,1,1,6,604.9169517635943
810727,1,1,5,0.42645457969393247
810739,1,1,3,41.773400858528
810746,1,1,5,0.42645457969393247
810753,1,1,4,0.42645458358136
810762,1,1,6,311.0435293816891
810783,1,1,10,228.48848323191004
810787,1,1,9,503.60491465885025
810800,1,1,10,226.99611142926798
810809,1,1,9,772.0936320656181
810811,1,1,6,521.3246082138263
810812,1,1,9,586.786189413359
810815,1,1,9,544.4007012036377
810816,1,1,5,0.42645457969393247
810824,1,1,2,385.20349542121807
810826,1,1,4,0.42645458358136
810848,1,1,5,0.42645457969393247
810853,1,1,6,259.72397881711225
810861,1,1,2,318.5815672882088
810896,0,1,0,0.13616252151853533
810901,1,1,3,90.45065588494349
810905,1,1,5,0.42645457969393247
810909,1,1,7,25.4318426708665
810911,1,1,7,162.35169937807277
810913,1,1,6,626.9929936451546
810914,1,1,4,0.42645458358136
810947,1,1,2,382.6245482763679
810954,1,1,2,452.44140181118655
810959,1,1,1,613.4483251164394
810971,1,1,9,874.7301871631031
810973,1,1,2,288.7658740804154
810974,0,1,0,0.239696125308721
810979,1,1,9,577.4156034199397
810980,1,1,6,790.2643160375688
810982,1,1,9,420.20848877362045
810990,1,1,5,0.42645457969393247
810997,1,1,10,264.56485557549
811005,1,1,10,305.2149323513716
811015,1,1,6,618.3688449861944
811018,1,1,9,621.446222538803
811035,1,1,10,286.105050056425
811043,1,1,6,500.3302419077873
811058,1,1,2,472.06188824123154
811095,1,1,7,98.53992793614927
811105,1,1,8,854.9552844182462
811126,1,1,8,329.2952632415431
811129,1,1,6,316.44958676874666
811132,1,1,9,872.0608692448147
811147,1,1,9,788.5778618374342
811161,1,1,10,188.4532518329722
811162,1,1,8,325.31995448769584
811179,1,1,5,0.42645457969393247
811180,1,1,6,776.5702465354755
811199,1,1,6,533.8810396598753
811204,1,1,9,154.62593006658005
811205,1,1,6,556.6368181284471
811206,1,1,5,0.42645456789925423
811214,1,1,9,407.77484950223817
811229,1,1,6,448.9670380630351
811231,1,1,1,591.735605458793
811232,1,1,5,0.42645457969393247
811235,1,1,5,0.42645457969393247
811244,1,1,7,127.25606002461429
811282,1,1,6,637.4432946006984
811285,1,1,3,89.74512883279827
811312,1,1,7,68.61890177495545
811334,1,1,1,279.08398375816284
811338,1,1,8,778.280521049997
811355,1,1,6,773.9468106193541
811359,1,1,8,618.6652861632322
811361,1,1,6,167.2714293783516
811362,1,1,5,0.42645457969393247
811366,1,1,9,686.5394112166182
811378,1,1,2,362.3957033734823
811405,1,1,8,863.8636928688203
811413,1,1,5,0.42645457969393247
811439,1,1,7,148.42664970262388
811457,1,1,10,510.0138785155914
811459,1,1,9,819.5447811985231
811466,1,1,1,593.2397703112952
811474,1,1,10,595.3569796074037
811479,1,1,2,47.952850788861056
811481,1,1,9,501.6409790524555
811496,1,1,4,0.42645458358136
811499,1,1,8,561.6828039659772
811501,1,1,1,361.0210686923186
811509,1,1,10,459.5041237770129
811516,1,1,3,88.21141854156062
811530,1,1,10,699.257370163546
811537,1,1,5,0.42645457969393247
811566,1,1,6,355.7669416264779
811588,1,1,8,604.5927583433457
811591,1,1,4,0.42645458358136
811592,1,1,7,91.90535014215419
811605,1,1,6,749.2347847983725
811611,1,1,4,0.42645458358136
811626,1,1,4,0.42645458358136
811632,1,1,10,722.047597717531
811644,1,1,6,722.1259296132673
811647,1,1,4,0.42645458358136
811668,1,1,10,286.00728983907766
811669,1,1,4,0.42645458358136
811679,1,1,10,556.2714441384902
811681,1,1,1,637.9349971831222
811687,1,1,3,92.72450731360895
811701,1,1,9,809.79294643115
811704,1,1,5,0.42645457969393247
811706,1,1,6,729.2707992325387
811732,1,1,2,154.50206387905146
811734,1,1,6,809.86189088885
811736,1,1,10,586.9634065224175
811742,1,1,6,806.4181163831028
811761,1,1,10,460.09299292076633
811763,1,1,9,312.0392410710991
811768,1,1,8,694.3822051886626
811780,1,1,6,157.53514432606352
811781,1,1,5,0.42645457969393247
811788,1,1,8,272.6790582105412
811789,1,1,10,679.76793548698
811792,1,1,8,776.5585072921806
811795,1,1,6,276.1184295266534
811804,1,1,7,90.79138297061947
811815,1,1,8,746.657063847134
811827,1,1,5,0.42645457969393247
811833,1,1,6,397.760311913751
811836,1,1,2,367.87528796880315
811844,0,1,0,0.11381620178765063
811853,1,1,9,811.950698576495
811863,1,1,10,180.18202155934992
811882,1,1,4,0.42645458358136
811892,1,1,10,400.43348975567335
811897,1,1,8,521.4166795761881
811898,1,1,10,506.93115011759295
811913,1,1,6,340.07124378344116
811919,1,1,6,642.9347657957788
811920,1,1,8,464.74735697774116
811923,1,1,8,868.4473817335754
811931,1,1,9,97.49412821961707
811938,1,1,7,160.63792629017237
811941,1,1,6,627.3057379717609
811945,1,1,7,121.57919847111103
811954,1,1,8,270.35129664476824
811961,1,1,6,236.30655339395125
811969,1,1,4,0.42645458358136
811988,1,1,6,501.0681284325392
811994,1,1,9,455.5553326027781
811999,1,1,6,448.5094469577227
812003,1,1,9,403.5229333423448
812011,1,1,6,791.0615749838274
812015,1,1,8,543.2766206164748
812018,1,1,8,291.0467299631043
812039,1,1,3,45.63383231707502
812051,1,1,6,519.2430525173169
812054,1,1,8,571.6371892815253
812078,1,1,9,831.8748009087126
812085,1,1,9,525.7574931704178
812101,1,1,9,496.72620656309044
812115,1,1,5,0.42645457969393247
812121,1,1,6,421.5574654116756
812123,1,1,9,619.8151966431483
812128,1,1,5,0.42645457969393247
812138,1,1,4,0.42645458358136
812142,1,1,4,0.42645458358136
812155,1,1,10,678.1550191769413
812165,1,1,9,813.4669728810326
812166,1,1,4,0.42645458358136
812170,1,1,6,513.7097342464432
812176,1,1,5,0.42645457969393247
812181,1,1,3,75.75253099246747
812185,1,1,8,445.5610103265099
812196,1,1,9,631.921291285946
812200,1,1,8,612.3737464347707
812228,1,1,1,632.0371588250075
812230,1,1,4,0.42645458358136
812237,1,1,8,158.09733169186322
812240,1,1,2,304.22795847622217
812245,1,1,5,0.42645457969393247
812247,1,1,5,0.42645457969393247
812260,1,1,9,512.7252160254499
812269,1,1,9,771.394215704931
812273,1,1,7,167.56275674870423
812279,1,1,2,52.66380403651495
812290,1,1,9,451.28462703731014
812296,1,1,9,525.2071053234183
812297,1,1,1,749.3951571637422
812334,1,1,8,642.3323198266056
812335,1,1,9,690.5403775572812
812363,1,1,5,0.42645457969393247
812404,1,1,7,59.659845564897836
812424,1,1,5,0.42645457969393247
812427,1,1,9,607.0151096650799
812428,1,1,8,560.6711302289456
812447,1,1,9,184.17786217594016
812450,1,1,5,0.42645457969393247
812469,1,1,7,73.63327801529171
812471,1,1,5,0.42645457969393247
812475,1,1,9,795.309323337984
812482,1,1,8,544.3386657999371
812492,1,1,5,0.42645457969393247
812494,1,1,9,814.1311255916478
812496,1,1,9,634.446975201943
812508,1,1,9,599.2852798608974
812523,1,1,5,0.42645457969393247
812533,0,1,0,0.11642255729294781
812539,1,1,4,0.42645458358136
812542,1,1,1,697.2449121082004
812544,1,1,10,716.7782065270172
812555,1,1,8,205.7232836862226
812572,1,1,6,369.2995213687363
812587,1,1,6,784.8249752573685
812588,1,1,9,461.4479381553853
812592,1,1,8,415.45145163281626
812604,1,1,4,0.42645458358136
812611,1,1,6,408.1908813753102
812612,1,1,5,0.42645457969393247
812635,1,1,9,433.94127600229484
812646,1,1,3,71.14586587329869
812650,1,1,8,684.3490025863367
812655,1,1,5,0.42645457969393247
812662,1,1,8,252.14775014362777
812693,1,1,6,797.1019586440871
812701,1,1,9,459.77363067646826
812707,1,1,7,175.09249855285628
812733,1,1,6,319.60613359810094
812742,1,1,7,111.74132440498474
812757,1,1,6,471.03121315928405
812766,1,1,6,275.8242712955551
812793,1,1,5,0.42645457969393247
812808,1,1,6,800.1500482725957
812819,1,1,8,150.1176868515732
812828,1,1,7,157.6625391726167
812839,1,1,2,423.3084195597848
812845,1,1,9,489.0167704183473
812848,1,1,3,87.4954795865976
812849,1,1,8,215.03156922297092
812852,1,1,9,693.5029447941523
812878,1,1,8,666.7455345747578
812900,1,1,1,363.69253676359386
812901,1,1,6,582.749753723788
812905,1,1,6,362.2057963743598
812917,1,1,9,876.6538074466547
812974,1,1,5,0.42645457969393247
813002,1,1,9,388.00068480616096
813005,1,1,7,169.05313229405962
813006,1,1,4,0.42645458358136
813007,1,1,9,340.3385868603613
813010,1,1,8,497.8537791460903
813021,1,1,4,0.4264545919581291
813025,1,1,9,347.76269709838306
813028,1,1,10,719.1782313623806
813035,1,1,9,612.8099279838762
813039,0,1,0,0.24380768135830064
813062,1,1,8,861.4367719157887
813072,1,1,8,181.4803679481123
813073,1,1,6,160.85931577760297
813080,1,1,6,609.141214412463
813091,1,1,6,535.9315083509663
813096,1,1,5,0.42645457969393247
813104,1,1,5,0.42645457969393247
813112,1,1,1,656.139546773395
813161,1,1,1,634.1150464019296
813164,1,1,6,610.4177276198334
813166,1,1,6,438.38895116460014
813177,1,1,5,0.42645457969393247
813184,1,1,5,0.42645457969393247
813190,1,1,7,165.39484790200189
813195,1,1,1,240.8753306922388
813198,1,1,8,870.6646255300501
813209,1,1,5,0.42645457969393247
813211,1,1,4,0.42645458358136
813233,1,1,8,857.8776616784945
813235,1,1,9,711.7264014339752
813239,1,1,5,0.42645457969393247
813240,1,1,2,347.86386295431873
813248,1,1,10,434.04447333525155
813266,1,1,4,0.42645458358136
813280,1,1,1,607.555293638844
813289,1,1,7,152.15194392135967
813294,1,1,9,208.51318752944405
813348,1,1,5,0.42645456789925423
813370,1,1,6,779.8645141429608
813372,1,1,8,333.55593653420834
813385,1,1,9,407.4873079389712
813397,1,1,8,213.57932216249043
813398,1,1,9,411.8139167021906
813406,1,1,5,0.42645457969393247
813414,1,1,5,0.42645457969393247
813426,1,1,8,274.1268211717338
813434,1,1,5,0.42645457969393247
813436,1,1,1,156.88322220928654
813437,1,1,10,586.2110664577438
813459,1,1,9,634.0191679659919
813499,1,1,4,0.42645458358136
813502,1,1,9,285.23550631882756
813506,1,1,9,510.0264579804572
813514,1,1,8,683.030497873988
813516,1,1,9,302.2539235051505
813519,1,1,1,472.07088488329816
813534,1,1,3,90.69540575765187
813543,1,1,9,639.860585481423
813547,1,1,5,0.42645457969393247
813551,1,1,6,643.11529889997
813568,1,1,5,0.42645457969393247
813585,1,1,4,0.42645458358136
813590,1,1,9,408.9562776206478
813608,1,1,4,0.42645458358136
813640,1,1,8,136.451158101153
813651,1,1,8,416.13246034544267
813652,1,1,5,0.42645457969393247
813662,1,1,8,671.8335882500209
813668,1,1,4,0.42645458358136
813671,1,1,6,269.57205652754493
813673,1,1,7,68.1295761435849
813688,1,1,9,856.1911315679865
813694,1,1,5,0.42645457969393247
813701,1,1,4,0.42645458358136
813702,1,1,5,0.42645457969393247
813705,1,1,5,0.42645457969393247
813708,1,1,4,0.42645458358136
813743,1,1,10,260.0148880691257
813749,1,1,1,326.0817768471133
813767,1,1,9,711.1657436480258
813811,1,1,8,762.8760675343167
813825,1,1,8,926.8389890177407
813835,1,1,9,862.1488178861496
813838,1,1,8,396.0300476959426
813847,1,1,9,859.8988376179348
813859,1,1,2,366.57017885732296
813863,1,1,3,89.924494246736
813867,1,1,8,629.338245852873
813878,1,1,5,0.42645457969393247
813887,1,1,3,91.96437920912503
813889,1,1,10,430.74973665295914
813900,1,1,5,0.42645457969393247
813903,1,1,6,209.17642420358555
813909,1,1,1,454.10321990439854
813910,1,1,5,0.42645457969393247
813919,1,1,10,606.3914595244012
813936,1,1,8,790.8398365999739
813952,1,1,8,717.4518399592486
813963,1,1,10,647.1377545960153
813977,1,1,1,388.6657853414273
813984,1,1,6,346.11664023307435
813985,1,1,6,772.6967905543231
813996,1,1,10,427.0738320100559
814009,1,1,5,0.42645457969393247
814035,1,1,7,141.8664444657776
814040,1,1,1,403.03793035845166
814063,1,1,8,131.30497899177757
814068,1,1,9,825.7902901140014
814073,1,1,4,0.42645458358136
814083,1,1,8,555.9045328654112
814085,1,1,10,720.6058629402753
814097,1,1,5,0.42645457969393247
814101,1,1,9,549.8582500316791
814128,1,1,10,435.9896062440091
814130,1,1,8,919.8023866705568
814142,1,1,10,720.0199031954825
814151,1,1,6,437.0374641809657
814169,1,1,6,189.207581668933
814174,1,1,5,0.42645457969393247
814180,1,1,6,270.70184637348217
814185,1,1,8,739.9429362298471
814191,1,1,4,0.42645458358136
814209,1,1,9,759.4383495103091
814212,1,1,8,831.2000068869937
814214,1,1,6,784.1304560073978
814220,1,1,5,0.42645457969393247
814222,1,1,8,425.35030952816965
814255,1,1,2,96.6333219653651
814272,1,1,8,421.2719613961577
814275,1,1,4,0.42645458358136
814279,1,1,6,420.7822812416937
814280,1,1,9,676.4663129828307
814318,1,1,4,0.42645458358136
814327,1,1,8,452.6435456090927
814333,1,1,7,88.83900223199822
814335,1,1,7,169.5124288660993
814340,1,1,4,0.42645458358136
814350,1,1,5,0.42645457969393247
814352,1,1,5,0.42645457969393247
814353,1,1,2,403.2443286807194
814369,1,1,4,0.42645458358136
814373,1,1,7,67.15454688527383
814401,1,1,4,0.42645458358136
814432,1,1,4,0.42645458358136
814449,1,1,9,792.6941010223618
814460,1,1,7,38.02676476741979
814467,1,1,10,509.0914562713423
814490,1,1,6,581.2309317349035
814512,1,1,5,0.42645457969393247
814557,1,1,8,640.3754278207933
814565,1,1,6,666.0359803240675
814567,1,1,9,327.66787922269333
814571,1,1,8,343.5055404037407
814586,1,1,9,557.2681193393026
814598,1,1,2,453.58608324239856
814603,1,1,10,705.1200980720236
814616,1,1,8,578.9117600851085
814627,1,1,9,146.78275292006313
814631,1,1,10,299.8098648488796
814670,1,1,6,626.8478118182891
814680,1,1,10,271.83596357096116
814688,1,1,6,733.9091911536415
814693,1,1,10,539.0629260199249
814700,1,1,2,469.059663690551
814703,1,1,6,556.0229372818244
814711,1,1,8,516.9573209399009
814716,1,1,1,221.43741306281905
814721,1,1,10,459.6629910434495
814733,1,1,2,485.7862574709418
814751,1,1,6,233.6306884211442
814754,1,1,5,0.42645457969393247
814755,1,1,8,732.6072198684338
814764,1,1,8,437.4354179028084
814767,1,1,9,823.64056180596
814768,1,1,1,227.6711063199643
814769,1,1,4,0.42645458358136
814780,1,1,4,0.42645458358136
814782,1,1,7,57.7473048847629
814793,1,1,6,225.47244335522407
814796,1,1,9,270.4461807804801
814809,1,1,6,263.82472080678406
814818,1,1,9,136.19092789882777
814834,1,1,5,0.42645457969393247
814861,1,1,8,722.8493599731445
814880,1,1,1,392.7029781424817
814903,1,1,7,18.69893968850961
814917,1,1,7,65.45646494221907
814921,1,1,4,0.42645458358136
814948,1,1,6,582.8145298767591
814955,1,1,6,144.13690251032548
814958,1,1,2,292.1553249458913
814962,1,1,6,784.3367804766857
814965,1,1,4,0.42645458358136
814967,1,1,1,563.7890481534156
814981,1,1,9,711.1902707655604
814983,1,1,6,757.3639467419456
814988,1,1,1,342.47473228038086
815000,1,1,5,0.42645456789925423
815003,1,1,6,444.5893440641651
815014,1,1,10,179.43429112236342
815022,1,1,10,545.2021842766028
815025,1,1,9,673.8299207346732
815036,1,1,9,781.5917772506513
815040,1,1,3,76.31482598320457
815054,1,1,7,88.12964682792789
815064,1,1,8,642.517438035244
815105,1,1,10,698.4030355484306
815110,1,1,4,0.42645458358136
815120,1,1,1,443.5745099834116
815135,1,1,5,0.42645457969393247
815140,1,1,7,42.71457143362337
815158,1,1,10,626.6976317665391
815168,1,1,6,546.6667462614436
815190,1,1,6,172.39085156639473
815217,1,1,9,556.184455385029
815218,1,1,6,778.2779639341409
815222,1,1,8,799.5606077979577
815236,1,1,6,561.2920092698081
815237,1,1,10,460.18814298600375
815256,1,1,5,0.42645457969393247
815261,1,1,10,172.87020680155126
815262,1,1,8,555.942597133346
815265,1,1,1,533.5627413609819
815276,1,1,9,349.84785368007647
815300,1,1,6,523.6102655679164
815301,1,1,10,459.9272432489295
815303,1,1,10,534.0387385179218
815320,1,1,4,0.42645458358136
815339,1,1,9,563.9908565681227
815348,1,1,9,874.9370017172175
815358,1,1,6,215.26235712134917
815367,1,1,9,854.8166907414677
815375,1,1,10,97.49012952274369
815398,1,1,5,0.42645457969393247
815409,1,1,3,90.12637725085465
815422,1,1,10,466.5301529822499
815439,1,1,4,0.42645458358136
815449,1,1,8,555.1901260971589
815455,1,1,9,186.95327358933878
815456,1,1,4,0.42645458358136
815460,1,1,6,474.42325871767224
815468,1,1,9,607.3934997185031
815470,1,1,10,480.3154009477255
815475,1,1,6,501.05074713720586
815486,1,1,1,723.974807490683
815505,1,1,2,419.3151317337885
815512,1,1,9,686.5001141019455
815522,1,1,1,664.6241036486363
815533,1,1,4,0.42645458358136
815534,1,1,7,172.08826230073322
815590,1,1,4,0.42645458358136
815591,1,1,9,464.9947163269664
815605,1,1,6,809.7332499379992
815610,1,1,5,0.42645457969393247
815625,1,1,1,378.3825679001919
815632,1,1,8,553.8698501173488
815634,1,1,9,781.2925494056047
815636,1,1,9,440.44425911496677
815644,1,1,2,478.33152264990787
815646,1,1,10,458.5276056483691
815680,1,1,3,48.460950966256604
815687,1,1,5,0.42645456789925423
815693,1,1,9,427.21266941793175
815715,1,1,6,740.5328799652099
815733,1,1,6,779.0734406273084
815734,1,1,5,0.42645457969393247
815743,1,1,9,707.8232019384034
815744,1,1,6,247.24084936185557
815757,1,1,6,810.20147252426
815765,0,1,0,0.3563045636670288
815779,1,1,5,0.42645457969393247
815784,1,1,8,936.4252357183772
815801,1,1,6,590.0904052331123
815804,1,1,6,778.3484455222066
815805,1,1,8,284.5364099082359
815818,1,1,6,778.8065943804445
815821,1,1,7,142.75325923719708
815825,1,1,5,0.42645457969393247
815859,1,1,7,78.46235274614615
815863,1,1,9,796.2801046488512
815866,1,1,6,562.459109162401
815878,1,1,5,0.42645457969393247
815890,1,1,6,253.06401986110131
815894,1,1,8,166.8988382079055
815906,1,1,10,123.05951855145182
815911,1,1,10,561.3012614931042
815937,1,1,3,88.77821052762157
815938,1,1,7,161.29171213040817
815944,1,1,7,167.45883508357707
815947,1,1,5,0.42645457969393247
815957,1,1,9,465.77647952250203
815975,1,1,9,21.06302226631611
815979,1,1,2,364.88012918672644
815987,1,1,7,131.79181849129276
815996,1,1,9,699.823241354983
815998,1,1,9,435.6382141181508
816029,1,1,1,679.9541807481545
816033,1,1,6,666.233048916612
816038,1,1,4,0.42645457969393247
816053,1,1,9,823.5197096680065
816082,1,1,6,790.9857908938721
816102,1,1,2,386.4857129906787
816107,1,1,9,577.4749698682375
816145,1,1,3,88.25229456962347
816154,1,1,7,116.97322436633564
816171,1,1,5,0.42645457969393247
816184,1,1,5,0.42645457969393247
816186,1,1,2,311.74501985989093
816198,1,1,6,362.75252655743134
816199,1,1,1,295.9190608489498
816201,1,1,10,336.1471153986976
816224,1,1,9,253.93995533644272
816225,1,1,4,0.42645458358136
816229,1,1,5,0.42645457969393247
816242,1,1,9,493.5148068548701
816247,1,1,10,687.8483723355731
816257,1,1,4,0.42645458358136
816261,1,1,7,58.15269869185219
816276,1,1,9,750.5050492117579
816281,1,1,4,0.42645458358136
816292,1,1,8,376.8213832001267
816317,1,1,7,137.94546375576982
816336,1,1,3,90.985557361547
816361,1,1,9,446.67917608348796
816380,1,1,6,372.7183081059968
816382,1,1,9,688.9373638879263
816384,1,1,6,444.54073606665236
816387,1,1,8,115.30900284433754
816397,1,1,10,631.5882427397127
816403,1,1,9,193.8613015063652
816430,1,1,9,196.2334667562062
816439,1,1,10,400.4449558546796
816443,1,1,10,708.5043374499564
816444,1,1,8,732.2659086398802
816472,1,1,8,739.5312202888824
816480,1,1,10,425.777745169092
816520,1,1,8,556.3783893659191
816526,1,1,5,0.42645457969393247
816528,1,1,8,691.0128979278693
816530,1,1,7,107.67954513148686
816531,1,1,3,87.14091403167735
816533,1,1,10,123.07515048728314
816552,1,1,10,713.1643336915656
816562,1,1,5,0.42645457969393247
816567,1,1,8,732.0575812302835
816569,1,1,10,592.1032047883724
816578,1,1,8,801.9486455673562
816581,1,1,5,0.42645457969393247
816590,1,1,1,319.2061847036277
816642,1,1,5,0.42645457969393247
816673,1,1,9,681.7335954850346
816688,1,1,4,0.42645458358136
816691,1,1,6,772.5387216016319
816697,1,1,10,578.0097566216052
816704,1,1,6,692.9268035047045
816710,1,1,8,359.3135144696455
816727,1,1,9,71.74647155661
816735,1,1,9,500.94446744379763
816744,1,1,9,722.4352006598924
816747,1,1,9,871.7461644520481
816767,1,1,6,440.4102479139883
816768,1,1,2,474.55128032389354
816773,1,1,7,64.89590516577776
816784,1,1,1,180.7058290722676
816792,1,1,7,82.4096941341967
816799,1,1,3,67.27567768524868
816804,1,1,9,661.8570866225554
816813,1,1,4,0.42645458358136
816819,1,1,10,273.1395015692482
816820,1,1,10,721.2009311265889
816823,1,1,8,930.0882358155899
816831,1,1,10,256.45118836562204
816840,1,1,8,380.1625301613434
816849,1,1,9,495.8033498279215
816857,1,1,7,150.56604407555707
816869,1,1,6,357.28690084057286
816871,1,1,8,611.6530663967038
816876,1,1,7,162.1099185706007
816884,1,1,5,0.42645457969393247
816885,1,1,5,0.42645457969393247
816890,1,1,4,0.42645458358136
816896,1,1,4,0.42645458358136
816907,1,1,4,0.42645458358136
816910,1,1,10,682.5624709509526
816912,1,1,9,117.604369001648
816915,1,1,7,75.2937723774964
816925,1,1,8,912.8813889354177
816929,1,1,8,219.376544082744
816944,1,1,8,847.5409930118028
816960,1,1,8,534.1074402971608
816968,1,1,5,0.42645456789925423
816985,1,1,4,0.42645458358136
816989,1,1,5,0.42645457969393247
817003,1,1,9,268.6650896214983
817013,1,1,8,877.2952494295295
817036,1,1,5,0.42645457969393247
817040,1,1,4,0.42645458358136
817045,1,1,9,866.8217822156695
817047,1,1,9,577.6855948101095
817075,1,1,8,704.6094774894035
817079,1,1,1,565.9675265677938
817089,1,1,9,763.5264402696557
817102,1,1,6,744.7726767032352
817104,1,1,9,837.0624750631788
817123,1,1,6,692.6475291170377
817124,1,1,9,465.96422342234257
817156,1,1,6,201.82636766144915
817162,1,1,4,0.42645458358136
817170,1,1,10,127.77816533306266
817172,1,1,6,177.2673874515266
817185,1,1,10,462.2663976729857
817186,1,1,6,779.2893990093934
817187,1,1,10,715.5351336321611
817205,1,1,7,171.4053357645852
817221,1,1,4,0.42645458358136
817296,1,1,4,0.42645458358136
817299,1,1,7,91.70907696910591
817302,1,1,6,429.7285726523555
817303,1,1,5,0.42645457969393247
817307,1,1,7,109.19104579859469
817308,1,1,6,517.8643185103415
817311,1,1,5,0.42645456789925423
817316,1,1,9,795.0878834357513
817319,1,1,2,166.55292139988242
817325,1,1,1,224.58144235076614
817331,1,1,9,663.8278961347615
817341,1,1,8,570.9214256668928
817356,1,1,2,467.89459012570813
817365,1,1,3,86.93173531062804
817377,0,1,0,0.15822251622794328
817383,1,1,2,300.0863475306977
817404,1,1,5,0.42645457969393247
817418,0,1,0,0.16137406493598472
817422,1,1,6,533.4383534848115
817437,1,1,3,92.1236055956468
817452,1,1,8,700.9345960930435
817454,1,1,8,263.40179500586845
817460,1,1,9,850.5055522536995
817474,1,1,9,852.6168422543722
817485,1,1,10,643.7032226721865
817504,1,1,8,504.5120279471872
817546,1,1,5,0.42645457969393247
817548,1,1,9,217.96422519876452
817549,1,1,8,189.50063971067505
817562,1,1,1,153.2472932783399
817563,1,1,9,735.7050733138911
817564,1,1,4,0.42645457969393247
817565,1,1,6,229.09672343401667
817566,1,1,10,439.6704813632223
817605,1,1,1,504.2480003248044
817616,1,1,9,876.2982743956596
817622,1,1,6,738.1610709770812
817625,1,1,2,338.69320592915983
817633,1,1,3,82.28116943655186
817640,1,1,9,865.9329860530149
817652,1,1,4,0.42645458358136
817666,1,1,10,143.38271001507977
817675,1,1,5,0.42645457969393247
817691,1,1,5,0.42645457969393247
817714,1,1,9,116.14449524652053
817717,1,1,9,274.501803249477
817729,1,1,8,400.4310194403752
817736,1,1,3,54.484582301047084
817743,1,1,5,0.42645457969393247
817746,1,1,1,298.8962376111108
817765,1,1,6,557.5687591493629
817780,1,1,1,223.52837155328183
817783,1,1,1,403.4056719708232
817785,1,1,9,98.61959022350729
817811,1,1,3,93.93231413128962
817818,1,1,1,670.1762609031103
817833,1,1,4,0.42645458358136
817846,1,1,9,665.3387999765552
817847,1,1,8,309.63013121795706
817849,1,1,1,686.9209169542462
817855,1,1,10,458.3773826428887
817862,1,1,1,425.067146209533
817867,1,1,9,421.9700494814537
817877,1,1,5,0.42645457969393247
817881,1,1,10,691.1577804979052
817887,1,1,7,77.11769956746657
817901,1,1,10,452.500923019636
817906,1,1,9,759.4646234725412
817915,1,1,9,563.01159061898
817916,1,1,9,801.849987458484
817919,1,1,8,592.9442795493753
817932,1,1,9,820.4459140229297
817934,1,1,7,167.30030815642525
817938,1,1,3,90.59228363379863
817941,1,1,9,784.5104945109788
817966,1,1,2,479.8583576682098
817989,1,1,9,876.1841782753038
817996,1,1,9,354.98021173785037
818009,1,1,7,91.85925849406225
818017,1,1,5,0.42645457969393247
818019,1,1,7,48.09840552864394
818022,1,1,1,480.5679618432481
818031,1,1,4,0.42645458358136
818034,1,1,9,82.20022947051018
818037,1,1,9,886.8872268203555
818039,1,1,6,216.57552066456947
818042,1,1,7,161.9264921819194
818066,1,1,5,0.42645457969393247
818072,1,1,9,533.0154754912234
818073,1,1,4,0.42645458358136
818103,1,1,9,785.5411120190298
818113,1,1,7,141.08036247733776
818122,1,1,6,541.8349045682348
818126,1,1,9,553.0928445746363
818140,1,1,7,49.22832257292953
818157,1,1,8,375.52014149919705
818161,1,1,9,663.4963722730521
818164,1,1,8,150.05958363666036
818208,1,1,3,48.77215122750877
818216,1,1,6,545.9775011196525
818226,1,1,9,343.15119686356735
818240,1,1,9,722.7156566372827
818245,1,1,5,0.42645456789925423
818252,1,1,4,0.4264545919581291
818261,1,1,1,289.1976920434112
818263,1,1,8,394.2737017763046
818300,1,1,4,0.42645458358136
818307,1,1,9,546.3411986667329
818318,1,1,3,70.57581768405154
818322,1,1,9,220.28221543865726
818323,1,1,10,525.9907783617689
818334,1,1,10,698.4940210618424
818354,1,1,5,0.42645457969393247
818393,1,1,3,88.65586640530096
818395,1,1,9,624.1865797519135
818402,1,1,4,0.42645458358136
818404,1,1,1,226.7524830206812
818406,1,1,1,571.5109937682511
818449,1,1,9,853.2778311831474
818464,1,1,8,389.41378438088844
818490,1,1,6,324.0602992285351
818495,1,1,5,0.42645457969393247
818498,1,1,6,239.73105269765108
818522,1,1,5,0.42645457969393247
818530,1,1,8,504.7643756986461
818534,1,1,8,871.3807715379608
818537,1,1,5,0.42645457969393247
818557,1,1,5,0.42645457969393247
818572,1,1,1,427.04723181569295
818577,1,1,1,711.5859660419289
818592,1,1,9,611.8416073226753
818612,1,1,2,269.1213525789049
818617,1,1,8,360.39465552420825
818639,1,1,5,0.42645457969393247
818654,1,1,10,391.4261389694659
818658,1,1,10,398.80773398090787
818672,1,1,6,554.1931043307527
818675,1,1,5,0.42645457969393247
818697,1,1,4,0.42645458358136
818708,1,1,9,663.79683518189
818719,1,1,10,422.8498614675395
818745,1,1,10,488.6557321683197
818747,1,1,8,283.99206883628915
818749,1,1,1,611.9651553372335
818764,1,1,4,0.42645458358136
818769,1,1,1,232.51003276736228
818778,1,1,9,883.6063078912042
818780,1,1,3,86.29605714892642
818788,1,1,1,476.7078394062214
818795,1,1,10,659.809307019427
818799,1,1,10,719.3922991632486
818806,1,1,3,78.74519166212025
818811,1,1,8,446.0594361811476
818825,1,1,6,511.43288504857924
818849,1,1,1,211.98703189871478
818850,1,1,10,371.0747706975605
818855,1,1,2,200.5653896805
818862,1,1,10,545.579561480281
818867,1,1,10,720.6303205236841
818870,1,1,4,0.42645458358136
818874,1,1,5,0.42645457969393247
818875,1,1,1,650.4034807615602
818884,1,1,10,463.22967818217444
818886,1,1,5,0.7226880859020643
818887,1,1,9,675.8887680882398
818892,1,1,8,835.4292473555787
818913,1,1,9,636.3938751492153
818921,1,1,4,0.4264545919581291
818931,1,1,2,197.68904042757984
818982,1,1,8,472.69113384759606
818984,1,1,6,535.9611033414178
818997,1,1,3,89.05650092875837
818998,1,1,6,386.39047585998884
819022,1,1,8,638.225839946566
819026,1,1,9,890.6871672991764
819047,1,1,8,358.1404574095185
819054,1,1,4,0.42645458358136
819055,1,1,9,463.47546789595674
819056,1,1,10,386.2162331870012
819057,1,1,6,523.5577198243692
819093,1,1,9,549.0447124024332
819100,1,1,1,571.3563275325803
819116,1,1,8,868.3546996768183
819123,1,1,8,820.9755028516338
819126,1,1,2,342.35738759508394
819128,1,1,1,753.6032894252862
819130,1,1,7,91.73250599314436
819145,1,1,8,295.18972300155974
819147,1,1,7,143.29748685420918
819179,1,1,7,75.55791938692602
819182,1,1,5,0.42645457969393247
819183,1,1,10,589.1657736378711
819215,1,1,1,616.5808392478796
819229,1,1,4,0.42645458358136
819249,1,1,4,0.42645458358136
819252,1,1,7,138.36420029599816
819255,1,1,4,0.42645458358136
819262,1,1,6,517.364752679679
819265,1,1,7,128.94013030551622
819268,1,1,4,0.4264545919581291
819279,1,1,4,0.42645458358136
819283,1,1,9,580.8682402249334
819306,1,1,8,870.8795579002591
819331,1,1,6,410.62790954946576
819340,1,1,2,451.9279014738992
819348,1,1,3,72.20864306346482
819354,1,1,10,376.4855730481215
819359,1,1,4,0.42645458358136
819361,1,1,9,794.2953703435904
819367,1,1,4,0.42645458358136
819369,1,1,4,0.42645458358136
819402,1,1,6,602.2466546471353
819412,1,1,8,870.0934711031755
819419,1,1,8,872.6726492448389
819420,1,1,4,0.42645458358136
819432,1,1,4,0.42645458358136
819445,1,1,8,625.3806644769251
819453,1,1,8,732.527096730033
819455,1,1,1,546.9235357533183
819460,1,1,10,604.6078899674116
819478,1,1,8,278.09199233292316
819484,1,1,6,573.8547210040449
819485,1,1,5,0.42645457969393247
819487,1,1,6,279.5865129384894
819488,1,1,4,0.42645458358136
819493,1,1,8,459.8352433548094
819495,1,1,9,210.19034709380333
819501,1,1,3,93.02684093217836
819502,1,1,6,547.9973494808648
819506,1,1,6,445.04250066584257
819517,1,1,9,608.1978703152472
819537,1,1,8,377.58706727374226
819542,1,1,2,374.5154051715231
819579,1,1,10,524.9903809398887
819591,1,1,5,0.42645457969393247
819593,1,1,9,307.3468602368883
819598,1,1,4,0.42645458358136
819607,1,1,9,663.3646670879873
819630,1,1,5,0.42645457969393247
819649,1,1,2,356.326463780658
819652,1,1,9,470.9628187568073
819669,1,1,9,53.505594173261095
819674,1,1,10,722.5783888685506
819688,1,1,5,0.42645457969393247
819700,1,1,5,0.42645457969393247
819718,1,1,10,272.46113321603565
819719,1,1,8,497.6248269067829
819735,1,1,9,734.9954787698283
819737,1,1,6,774.1439368871914
819738,1,1,5,0.42645457969393247
819742,1,1,5,0.42645457969393247
819773,1,1,9,810.6505285619866
819790,1,1,9,775.1075637757765
819799,1,1,4,0.42645458358136
819801,1,1,9,365.2474516706031
819828,1,1,8,684.13633491072
819834,1,1,8,213.53344137478996
819863,1,1,7,133.68255633638015
819895,1,1,2,417.8835689263501
819898,1,1,8,932.7586399392271
819900,1,1,1,512.6323558810277
819922,1,1,6,321.3612366502425
819932,1,1,5,0.42645456789925423
819979,1,1,8,596.1526907390021
819996,1,1,6,641.7455422275724
820006,1,1,9,822.2243730139268
820038,1,1,8,254.07889129184122
820053,1,1,1,761.8484667531974
820054,1,1,2,384.09613123373447
820056,1,1,4,0.42645458358136
820057,1,1,8,355.0450300970086
820073,1,1,10,425.0436140750132
820082,1,1,5,0.42645457969393247
820084,1,1,9,471.45073707290885
820098,1,1,6,540.002687502888
820122,1,1,7,78.06989908889457
820161,1,1,5,0.42645457969393247
820162,1,1,7,167.7735690592429
820168,1,1,1,714.3775102809697
820174,1,1,8,596.665088436583
820183,1,1,9,482.74510969863513
820192,1,1,9,351.4270252963514
820194,1,1,4,0.42645458358136
820197,1,1,2,373.1938803751396
820198,0,1,0,0.08765720882396148
820202,1,1,8,265.9489023116159
820216,1,1,8,780.7900820400272
820218,1,1,7,71.59245591648481
820223,1,1,10,187.27962941845183
820226,1,1,4,0.42645458358136
820230,1,1,5,0.42645457969393247
820239,1,1,9,776.127113650643
820253,1,1,9,600.1789138819968
820263,1,1,5,0.42645457969393247
820289,1,1,10,459.66420986025577
820297,1,1,1,599.5677535752296
820303,1,1,9,825.4123248660374
820314,1,1,4,0.42645458358136
820344,1,1,8,357.55745431685585
820346,1,1,8,854.3120609045736
820361,1,1,5,0.42645457969393247
820368,1,1,7,150.34333161424064
820373,1,1,10,180.80007535954536
820380,1,1,6,332.05384159728237
820450,1,1,5,0.42645457969393247
820451,1,1,9,886.8681468584091
820461,1,1,4,0.42645458358136
820469,1,1,6,478.6924628875129
820470,1,1,5,0.42645457969393247
820474,1,1,2,447.27936100750316
820479,1,1,9,532.6303821009149
820487,1,1,2,461.8888619110328
820491,1,1,10,204.12729952645165
820506,1,1,7,7.918900868447302
820516,1,1,9,532.8464046290661
820534,1,1,4,0.42645458358136
820541,1,1,9,735.6847543178982
820548,1,1,10,451.2114460554154
820551,1,1,9,655.0475941576414
820561,1,1,6,786.3006746077905
820563,1,1,9,877.0857762536556
820578,1,1,4,0.42645458358136
820584,1,1,5,0.42645457969393247
820585,1,1,9,143.16473443497824
820596,1,1,6,340.5842426813788
820604,1,1,9,137.9258315568428
820614,1,1,1,614.6342487387784
820617,1,1,6,681.3552175899024
820630,1,1,1,640.995209596299
820634,1,1,6,764.3118367824666
820636,1,1,10,597.1516415107502
820647,1,1,4,0.42645458358136
820648,1,1,7,144.28183149629473
820654,1,1,6,372.1640614192253
820658,1,1,9,611.4735862830262
820659,1,1,4,0.42645458358136
820663,1,1,8,706.9852028577109
820672,1,1,6,458.1738387460791
820682,1,1,5,0.42645457969393247
820685,1,1,5,0.42645457969393247
820687,1,1,7,100.54657439093737
820689,1,1,1,485.65642956316367
820690,1,1,6,759.1887445165422
820693,1,1,10,528.2727894841906
820703,1,1,8,488.8412263804156
820713,1,1,10,395.6392031503551
820714,1,1,4,0.42645458358136
820726,1,1,8,781.7070702615047
820741,1,1,10,358.991220702059
820748,1,1,5,0.42645457969393247
820749,1,1,5,0.42645457969393247
820758,1,1,9,304.1202888697724
820763,1,1,1,654.5059252498821
820772,1,1,8,180.59163466632248
820779,1,1,9,740.1984974130039
820789,1,1,4,0.42645458358136
820790,1,1,3,81.83776069009156
820797,1,1,10,722.4445902109918
820837,1,1,6,620.4275115516209
820843,1,1,8,148.00681647256783
820847,1,1,5,0.42645457969393247
820865,1,1,4,0.42645458358136
820876,1,1,10,307.4764817802694
820881,1,1,8,468.98755270026373
820888,1,1,7,150.25629057061124
820893,1,1,1,484.31791005079907
820909,1,1,5,0.42645457969393247
820917,1,1,2,84.6322610401665
820922,1,1,7,54.72222385086146
820928,1,1,9,500.57701744130566
820933,1,1,9,564.9933469784305
820938,1,1,10,453.38036158724054
820945,1,1,3,91.6318208744359
820959,1,1,4,0.42645458358136
820971,1,1,4,0.42645458358136
820992,1,1,7,89.27487182524348
820995,1,1,5,0.42645457969393247
821011,1,1,3,85.89290725653039
821023,1,1,10,603.1316622719112
821032,1,1,6,536.1610594499884
821036,1,1,6,184.64321864641732
821037,1,1,9,415.1095144269715
821040,1,1,5,0.42645457969393247
821043,1,1,4,0.42645458358136
821047,1,1,10,696.5173645872006
821053,1,1,6,368.7059754223889
821057,1,1,8,895.7843198410768
821061,1,1,7,157.19016696728647
821078,1,1,7,71.3063814323546
821093,1,1,5,0.42645457969393247
821101,1,1,4,0.4264545919581291
821104,1,1,4,0.4264545919581291
821117,1,1,5,0.42645457969393247
821120,1,1,8,284.2413268089478
821121,1,1,4,0.42645458358136
821124,1,1,9,511.96016028764456
821136,1,1,4,0.42645458358136
821141,1,1,1,224.82405595478875
821149,1,1,8,435.1922089520279
821156,0,1,0,0.1182222488633781
821157,1,1,9,605.0884019004662
821159,1,1,4,0.42645458358136
821173,1,1,9,191.67778071755106
821178,1,1,8,722.7922764663274
821184,1,1,2,404.67499909649246
821219,1,1,2,336.02363730788596
821226,1,1,1,320.43333086502895
821227,1,1,6,660.868441801759
821230,1,1,8,654.1510274135128
821233,1,1,1,526.4575780993846
821237,1,1,7,74.64466461229894
821261,0,1,0,0.14286762745064824
821262,1,1,8,614.3311339871707
821272,1,1,6,721.1042250758081
821286,1,1,9,746.39668085895
821294,1,1,10,441.5872930287023
821300,1,1,1,220.8455907864304
821303,1,1,1,695.9959485578942
821304,1,1,7,170.82256961083203
821312,1,1,6,744.7406613171784
821313,1,1,2,375.0310116222926
821337,1,1,10,263.21291641525437
821345,1,1,6,210.3163903862117
821354,1,1,10,255.14443177198393
821369,1,1,4,0.42645458358136
821379,1,1,10,617.6003163532799
821382,1,1,6,659.0119922504496
821383,1,1,10,347.4007872573505
821399,1,1,5,0.42645457969393247
821412,1,1,5,0.42645457969393247
821413,1,1,1,245.643526108941
821415,1,1,2,76.30526326704111
821416,1,1,6,618.0273226611229
821418,1,1,4,0.42645458358136
821424,1,1,3,39.17378968880044
821434,1,1,9,596.6140210286588
821438,1,1,9,551.059722003485
821442,1,1,8,572.1831228097445
821447,1,1,8,840.3602815943273
821485,1,1,7,54.9989902737529
821486,1,1,6,777.255084894305
821504,1,1,8,749.6190353074286
821505,1,1,8,609.9958079815693
821506,1,1,3,87.99520890612281
821507,1,1,1,267.117488363228
821510,1,1,8,555.4921463475509
821513,1,1,5,0.42645457969393247
821516,1,1,5,0.42645457969393247
821518,1,1,8,664.6167957661517
821524,1,1,5,0.42645457969393247
821551,1,1,4,0.42645458358136
821552,1,1,1,438.54189537258475
821562,1,1,4,0.42645458358136
821585,1,1,5,0.42645457969393247
821586,1,1,8,176.91882018122598
821587,1,1,1,520.8711475074493
821589,1,1,10,234.34581174358087
821594,1,1,7,75.7562454259033
821598,1,1,1,748.9657794078762
821624,1,1,1,267.0441130784989
821632,1,1,5,0.42645457969393247
821634,1,1,5,0.42645457969393247
821686,1,1,3,67.51904277525567
821717,1,1,9,578.9120730056277
821736,1,1,5,0.42645457969393247
821739,1,1,9,747.4645933993814
821754,1,1,4,0.42645458358136
821756,1,1,6,360.1787974101389
821762,1,1,5,0.42645457969393247
821769,1,1,4,0.42645458358136
821782,1,1,3,89.56875720420145
821793,1,1,4,0.42645458358136
821796,1,1,5,0.42645457969393247
821851,1,1,1,634.1044029892751
821861,1,1,10,432.1678784646186
821866,1,1,7,160.9563612521796
821872,1,1,6,797.8648008974906
821877,1,1,1,226.60809246619496
821902,1,1,8,835.7105208585145
821910,1,1,6,294.70272239941403
821934,1,1,10,588.0635565577738
821947,1,1,9,525.5015915779422
821948,1,1,4,0.42645458358136
821961,1,1,10,560.817630946742
821967,1,1,4,0.42645458358136
821968,1,1,5,0.42645457969393247
821987,1,1,9,599.5760998649524
821996,1,1,10,604.3216326864792
822006,1,1,9,600.3574937793435
822025,1,1,4,0.42645458358136
822026,1,1,3,49.21298550629541
822041,1,1,9,544.991436737101
822042,1,1,4,0.42645458358136
822059,1,1,1,451.9233284859761
822060,1,1,9,662.2108284104536
822064,1,1,9,857.1460741329633
822072,1,1,10,255.06016574151494
822075,1,1,9,728.870576221738
822103,1,1,9,882.2077153778672
822119,1,1,9,481.23559459858615
822130,1,1,6,247.5271031891948
822134,1,1,3,87.04415637102665
822148,1,1,8,575.8015275490909
822155,1,1,5,0.42645457969393247
822161,1,1,5,0.42645457969393247
822166,1,1,8,697.1518004265063
822168,1,1,1,524.133956351061
822172,1,1,10,460.81594273863254
822173,1,1,4,0.42645458358136
822188,1,1,7,78.97756733225056
822210,1,1,6,252.69678129415362
822212,1,1,9,864.539122697151
822213,1,1,8,777.9450587539786
822217,1,1,1,265.62241027914615
822220,1,1,1,585.7009536155578
822268,1,1,6,354.4066055224699
822270,1,1,8,903.395822497624
822283,1,1,4,0.42645458358136
822287,1,1,10,526.3641615763253
822289,1,1,8,148.29888059562794
822293,1,1,10,498.95088044554825
822306,1,1,10,500.2343296251279
822328,1,1,6,615.555224117063
822331,1,1,9,459.19702159635636
822351,1,1,10,539.1721394369625
822352,1,1,9,777.4390812577958
822366,1,1,9,603.0815935973985
822372,1,1,9,871.3565818841626
822381,1,1,8,336.8628117082646
822386,1,1,9,34.52625244107191
822408,1,1,2,283.15487938060994
822411,1,1,8,700.3217407741913
822421,1,1,6,706.6027288177812
822428,1,1,9,863.9427447034313
822434,1,1,5,0.42645457969393247
822439,1,1,9,604.0389773109115
822440,1,1,1,280.8400856178939
822444,1,1,6,474.69572361156673
822455,1,1,6,537.9339116488254
822457,1,1,6,304.6675267348397
822465,1,1,7,132.910978879138
822467,1,1,10,416.5076616722791
822490,1,1,6,645.0604502799374
822497,1,1,8,471.2079341055452
822498,1,1,6,790.0619473124415
822525,1,1,7,149.58692085328843
822543,1,1,4,0.42645458358136
822544,1,1,9,136.11758430541778
822584,1,1,8,477.96327100132595
822589,1,1,8,792.9467747232387
822591,1,1,5,0.42645456789925423
822604,1,1,4,0.4264545919581291
822605,1,1,8,657.1776929326572
822606,1,1,8,914.1475670434752
822607,1,1,3,83.62307172550634
822613,1,1,5,0.42645457969393247
822625,1,1,10,637.1588660707844
822629,1,1,6,618.2210248155899
822634,1,1,5,0.42645457969393247
822642,1,1,10,720.9739219401679
822652,1,1,5,0.42645457969393247
822662,1,1,8,567.3849208611216
822679,1,1,9,281.12266607110587
822699,0,1,0,0.1474844845438323
822705,1,1,5,0.42645457969393247
822708,1,1,6,202.39568837798717
822711,1,1,4,0.42645458358136
822741,1,1,6,595.3307696136249
822752,1,1,3,38.61328123875875
822766,1,1,4,0.42645458358136
822777,1,1,1,321.8714495501445
822783,1,1,9,511.1810395858991
822785,1,1,4,0.42645458358136
822795,1,1,4,0.42645458358136
822799,1,1,10,400.0021470227502
822814,1,1,2,103.39710476215335
822833,1,1,1,524.6364965223503
822838,1,1,10,719.8613217706586
822844,1,1,8,769.8108276985542
822848,1,1,3,85.30892949217817
822853,1,1,8,251.46780242035393
822858,1,1,8,428.79848714142577
822872,1,1,9,787.9290032634485
822874,1,1,9,614.1437628245216
822882,1,1,4,0.42645458358136
822889,1,1,9,623.1605873668332
822895,1,1,1,697.3966255729132
822906,1,1,1,686.6698923822981
822907,1,1,2,383.5156687564712
822927,1,1,3,85.68061766429072
822929,1,1,10,134.9769446091734
822974,1,1,10,720.9676730787676
822978,1,1,9,681.8579837396453
822980,1,1,3,92.09600463353652
822989,1,1,9,795.9227240714036
822990,1,1,9,569.4644579004784
822992,1,1,9,466.99360963054227
823007,1,1,6,805.1915653675479
823010,1,1,10,132.71724880829188
823012,1,1,5,0.42645457969393247
823023,1,1,8,782.2521165756691
823024,1,1,10,660.2033641090808
823028,1,1,5,0.42645457969393247
823040,1,1,7,135.45846482396993
823042,1,1,5,0.42645457969393247
823065,1,1,7,144.43696381216253
823069,1,1,10,610.241759491847
823140,1,1,7,155.29690780701932
823143,1,1,6,674.5983815595622
823147,1,1,9,84.7748300203397
823156,1,1,9,824.5707268033204
823162,1,1,6,470.4235746529717
823173,1,1,8,658.4224618717794
823185,1,1,7,37.304188847375364
823208,1,1,5,0.42645456789925423
823215,1,1,10,403.87541989311995
823216,1,1,9,441.06971420246487
823218,1,1,5,0.42645457969393247
823223,1,1,6,729.0126528901914
823229,1,1,1,468.86925603938613
823242,1,1,1,748.978007553647
823252,1,1,6,286.90162934138635
823258,1,1,5,0.42645457969393247
823270,1,1,5,0.42645457969393247
823271,1,1,3,84.182871522337
823277,1,1,5,0.42645457969393247
823286,1,1,10,712.0031226570337
823293,1,1,3,78.81475585657203
823307,1,1,2,347.0629707784557
823346,1,1,5,0.42645457969393247
823353,1,1,9,450.612234087746
823357,1,1,8,733.0739083520746
823366,1,1,5,0.42645457969393247
823418,1,1,7,62.18358922776669
823420,1,1,9,611.6932585371278
823422,1,1,4,0.42645458358136
823434,1,1,9,456.1083407587687
823440,1,1,8,646.8412026782462
823468,1,1,9,445.7000783048338
823470,1,1,9,101.96161835494908
823480,1,1,4,0.42645458358136
823483,1,1,9,111.5347352903412
823497,1,1,10,545.2010329849862
823502,1,1,10,348.23949648634755
823505,1,1,10,180.16433711426586
823529,1,1,3,92.67873431705314
823539,1,1,10,722.8133047299808
823563,1,1,8,690.0131559817861
823578,1,1,8,204.74746602609144
823579,1,1,6,361.0493608979062
823585,1,1,6,680.5944343324189
823586,1,1,5,0.42645457969393247
823607,1,1,6,797.8644779065945
823622,1,1,4,0.42645458358136
823634,1,1,6,678.9808937285776
823647,1,1,9,182.71163688010452
823677,1,1,6,641.8403156116667
823681,1,1,7,132.36645005089423
823686,1,1,4,0.42645458358136
823694,1,1,10,721.9131591912385
823708,1,1,8,445.30080382056036
823724,1,1,4,0.42645458358136
823737,1,1,7,66.75763676283242
823756,1,1,2,351.60359514827474
823767,1,1,8,191.43917396583606
823787,1,1,8,151.37942831516986
823797,1,1,10,438.18362563753493
823814,1,1,4,0.42645458358136
823821,1,1,5,0.42645457969393247
823859,1,1,7,110.2064106697548
823864,1,1,2,263.6082982185115
823872,1,1,9,428.97830565616897
823876,1,1,3,85.69684310994687
823881,1,1,5,0.42645457969393247
823883,0,1,0,0.0850457591878991
823887,1,1,8,776.6147688700839
823912,1,1,6,693.9765226294247
823920,1,1,10,455.66286095683137
823934,1,1,8,948.7802532387418
823943,1,1,4,0.4264545919581291
823957,1,1,1,726.1425016067344
823989,1,1,2,131.4796395955934
823991,1,1,8,763.2383520143783
823992,1,1,6,697.6372498058156
824004,1,1,3,92.41303987215905
824011,1,1,10,591.4347455216747
824013,1,1,7,89.50571119192718
824014,1,1,7,168.72243575605225
824015,1,1,6,559.4400329829654
824025,1,1,5,0.42645457969393247
824031,1,1,6,570.8122015245367
824033,1,1,5,0.42645457969393247
824034,1,1,5,0.42645457969393247
824036,1,1,8,898.6348099892147
824045,1,1,1,227.61840394401062
824059,1,1,6,226.9709849852352
824074,1,1,4,0.42645458358136
824080,1,1,7,141.76483896126135
824088,1,1,9,621.3183950214462
824113,1,1,2,299.4112785925305
824118,1,1,8,674.7646798695017
824123,1,1,5,0.42645457969393247
824144,1,1,10,278.67751918760155
824145,1,1,7,159.44104881196657
824189,1,1,7,69.27870604783703
824190,1,1,9,849.9763603680398
824207,1,1,6,651.8405191620752
824217,1,1,8,923.6976688448821
824224,1,1,7,83.83480428417067
824231,1,1,9,607.2096357419767
824232,1,1,5,0.42645456789925423
824234,1,1,9,254.66096785229138
824245,1,1,9,594.1398318393449
824275,1,1,6,786.4488257861861
824289,1,1,5,0.42645457969393247
824306,1,1,7,165.82494610531037
824308,1,1,9,331.26400646882524
824313,1,1,9,648.8068475607167
824328,1,1,6,810.6818805737087
824336,1,1,5,0.42645457969393247
824350,1,1,4,0.42645458358136
824374,1,1,2,405.6837726139016
824376,1,1,7,10.179843330909348
824392,1,1,7,170.6013207120816
824399,1,1,5,0.42645457969393247
824425,1,1,5,0.42645457969393247
824443,1,1,8,443.7709388359771
824455,1,1,9,784.9236506112442
824465,1,1,9,808.5370076206528
824466,1,1,9,488.90531375065837
824470,1,1,9,282.608071138208
824475,1,1,1,306.6250870426401
824498,1,1,7,131.93134596561487
824505,1,1,4,0.42645458358136
824511,1,1,6,809.5156902067463
824512,1,1,1,595.1825702802857
824513,1,1,3,79.34508444867201
824519,1,1,9,797.1966669744827
824521,1,1,4,0.42645458358136
824540,1,1,6,715.1067762929075
824547,1,1,8,554.4728479359665
824549,1,1,7,134.48330875995234
824564,1,1,10,631.0279447090526
824581,1,1,9,788.4230673964
824586,1,1,1,758.5425747899787
824591,1,1,1,412.14939449677934
824593,1,1,9,376.0528757960211
824643,1,1,6,623.8083636562731
824645,1,1,9,813.6661546600092
824652,1,1,2,454.3472814473273
824667,1,1,8,443.8248474707984
824679,1,1,8,902.8291328883657
824697,1,1,5,0.42645457969393247
824704,1,1,4,0.42645458358136
824711,1,1,10,691.4234265913648
824712,1,1,9,622.4952461161463
824735,1,1,6,409.80735757567703
824745,1,1,10,257.3931549321471
824748,1,1,5,0.42645457969393247
824752,1,1,10,316.71376628164813
824770,1,1,6,549.4461844744473
824791,1,1,9,375.5519195856388
824802,1,1,6,671.2828374899145
824824,1,1,8,349.6813321857933
824839,1,1,8,716.5126570393282
824844,1,1,10,207.14919881220828
824847,1,1,9,485.0868147953053
824856,1,1,8,885.5970599550996
824857,1,1,2,320.1147017909742
824859,1,1,4,0.42645458358136
824860,1,1,8,555.8588613529968
824865,1,1,4,0.42645458358136
824867,1,1,5,0.42645457969393247
824889,1,1,9,290.0585982858958
824893,1,1,7,125.11161406382003
824917,1,1,10,547.8093723447271
824921,1,1,10,545.7851453484842
824924,1,1,8,177.78152577931843
824928,1,1,1,654.0141634471544
824938,1,1,8,923.4620849186506
824954,1,1,8,821.8800017531662
824960,1,1,9,707.1548799829452
824966,1,1,9,616.1339626760279
824968,1,1,4,0.42645458358136
824985,1,1,6,548.3968049986526
824988,1,1,4,0.42645458358136
824992,1,1,9,30.508176958172474
824996,1,1,8,302.2208868616069
825014,1,1,10,316.32951782934776
825016,1,1,8,524.3315924933888
825035,1,1,9,887.3394180501857
825040,1,1,4,0.42645458358136
825044,1,1,1,332.88952601044946
825058,1,1,4,0.42645458358136
825066,1,1,10,495.9762559455712
825106,1,1,6,764.4589781851058
825107,1,1,1,603.3767318564401
825121,1,1,1,614.7774193561181
825142,1,1,9,636.8182240214924
825143,1,1,5,0.42645457969393247
825151,1,1,8,654.7547194784893
825159,1,1,4,0.42645458358136
825184,1,1,5,0.42645457969393247
825186,1,1,6,721.601344112159
825195,1,1,8,570.4870995389705
825210,1,1,10,348.5203895154412
825211,1,1,10,250.75747087416298
825221,1,1,8,546.872498857352
825222,1,1,9,810.4117413529256
825229,1,1,10,433.3395434153597
825234,1,1,10,385.57129238619643
825241,1,1,5,0.42645457969393247
825261,1,1,3,66.55162932887838
825263,1,1,10,511.613121571542
825271,1,1,4,0.42645458358136
825272,1,1,1,515.3601488693699
825292,1,1,8,557.4905868561493
825316,1,1,5,0.42645457969393247
825345,1,1,5,0.42645457969393247
825353,1,1,3,83.38275957622898
825354,1,1,5,0.42645457969393247
825360,1,1,9,778.2294323574223
825363,1,1,3,89.17982124779267
825388,1,1,10,381.8214571217272
825393,1,1,1,307.1687027251368
825403,1,1,9,810.4404243206526
825406,1,1,8,511.4308718045917
825418,1,1,1,466.3046200757533
825432,1,1,4,0.42645458358136
825433,1,1,9,756.7966550955131
825438,1,1,8,588.4785389446591
825440,1,1,6,803.1380966776052
825451,1,1,6,792.2583349614556
825463,1,1,9,590.8879679032519
825465,1,1,5,0.42645457969393247
825466,1,1,10,182.32248680715313
825471,1,1,8,593.2491290529492
825496,1,1,8,345.30588096301153
825520,1,1,6,382.54921075725355
825521,0,1,0,0.13491045773666382
825527,1,1,2,176.95571148614366
825529,1,1,7,144.4866906538174
825530,1,1,1,442.59904126388574
825537,0,1,0,0.1149502995368463
825540,1,1,9,194.19838434363604
825557,1,1,1,682.9848978213728
825559,1,1,10,252.60859288183613
825561,1,1,7,62.30452845891538
825562,1,1,9,320.3720504557482
825566,1,1,5,0.42645457969393247
825572,1,1,3,87.21052602792999
825590,1,1,9,860.4437455374353
825595,1,1,5,0.42645457969393247
825608,1,1,9,551.7147914010305
825621,1,1,4,0.42645458358136
825632,1,1,9,814.4337790134313
825634,1,1,8,832.5343750847907
825645,1,1,6,697.2079359576516
825673,1,1,9,603.3138672752463
825678,1,1,4,0.42645458358136
825679,1,1,3,86.21625473880796
825683,1,1,7,162.2336953417822
825687,1,1,10,451.22146249010495
825706,1,1,3,38.72146203102557
825717,1,1,10,179.46138166129128
825737,1,1,5,0.42645457969393247
825741,1,1,9,713.1034110962688
825745,1,1,8,519.168092349612
825752,1,1,8,514.380667960523
825758,1,1,3,92.32854611359487
825760,1,1,6,378.4897014727485
825761,1,1,10,410.93308824084943
825763,1,1,1,436.48622786721234
825768,0,1,0,0.24304705781319738
825773,1,1,6,296.8853342883687
825799,1,1,9,797.2622590175725
825804,1,1,9,890.6369012097912
825816,1,1,7,158.45203106051395
825818,1,1,10,458.6084855063777
825819,1,1,10,485.37439722010265
825836,1,1,9,874.4381202105039
825837,1,1,5,0.42645457969393247
825841,1,1,8,557.3883796944149
825865,1,1,9,819.5883704047798
825878,1,1,6,182.645688864487
825883,1,1,5,0.42645457969393247
825891,1,1,1,729.2030380230269
825892,1,1,2,147.83850965244562
825893,1,1,8,503.87569696862414
825904,1,1,5,0.42645457969393247
825907,1,1,9,870.0733151682297
825917,1,1,9,100.53688868789591
825920,1,1,4,0.42645458358136
825926,1,1,3,89.5899059767246
825934,1,1,10,197.53989507487557
825948,1,1,6,395.2916546026675
825952,1,1,10,541.2465096753159
825957,1,1,8,744.050416254698
825958,1,1,4,0.42645458358136
825962,1,1,5,0.42645457969393247
825972,1,1,7,77.74665225837055
826010,1,1,2,432.40847662057456
826026,1,1,9,845.8999388119272
826055,1,1,1,613.282690259067
826071,1,1,5,0.42645457969393247
826073,1,1,9,835.9792665298903
826074,1,1,7,134.5786451543976
826081,1,1,2,405.2847640121516
826097,1,1,9,765.5931424663966
826117,1,1,6,607.9193002241669
826147,1,1,1,655.8184161746876
826149,1,1,8,418.7283330093617
826154,1,1,2,76.5671785843182
826157,1,1,1,635.917183365637
826160,1,1,10,474.41785115656137
826162,1,1,5,0.42645457969393247
826200,1,1,5,0.42645457969393247
826203,1,1,1,377.36776954073866
826229,1,1,6,710.3082041835527
826254,1,1,7,101.04319639094322
826255,1,1,5,0.42645457969393247
826256,1,1,9,162.02011840039444
826262,1,1,10,718.3011957550966
826273,1,1,9,824.3914469367529
826278,1,1,5,0.42645457969393247
826300,1,1,6,740.3377723664609
826301,1,1,1,720.387021794213
826315,1,1,3,86.08703952405196
826319,1,1,9,815.0126649407468
826332,1,1,1,669.6172253933863
826349,1,1,10,461.3041863565505
826361,1,1,5,0.42645457969393247
826371,1,1,8,569.8027118215817
826377,1,1,9,59.48351707794631
826392,1,1,4,0.4264545919581291
826396,1,1,3,59.198364627064194
826398,1,1,10,336.139406823716
826400,1,1,4,0.42645458358136
826406,1,1,7,149.1180366126308
826409,1,1,5,0.42645457969393247
826410,1,1,5,0.42645457969393247
826415,1,1,6,525.0045669603464
826416,1,1,6,586.9953835421493
826452,1,1,7,174.31594475035703
826456,1,1,6,793.6411467650721
826470,1,1,9,550.1296612232023
826481,1,1,5,0.42645457969393247
826513,1,1,10,424.07401699727717
826528,1,1,5,0.42645457969393247
826542,1,1,10,379.6874941374976
826545,1,1,5,0.42645457969393247
826547,1,1,7,170.9464834484562
826550,1,1,6,606.4188559098069
826563,1,1,8,872.3202592982425
826565,1,1,5,0.42645457969393247
826598,1,1,5,0.42645457969393247
826602,1,1,9,558.7693151703062
826643,1,1,1,278.9026447232462
826649,1,1,9,515.5815615605376
826655,1,1,9,502.7523956655629
826664,1,1,4,0.42645458358136
826668,1,1,6,605.7286409048746
826671,1,1,4,0.42645458358136
826674,1,1,5,0.42645457969393247
826693,1,1,5,0.42645457969393247
826709,1,1,1,186.02339989076538
826716,1,1,9,95.52289024864444
826725,1,1,8,813.2015124178363
826726,1,1,9,512.5057563734229
826734,1,1,10,461.1474923098517
826754,1,1,6,745.5534906443235
826761,1,1,9,587.498425124348
826774,1,1,8,388.95981684801046
826779,1,1,5,0.42645457969393247
826787,1,1,6,759.1937173942479
826789,1,1,6,363.67394835986033
826795,1,1,8,661.7049735217199
826811,1,1,9,403.17914083018735
826825,1,1,6,663.0270438346743
826827,1,1,4,0.42645458358136
826837,1,1,6,507.59834787883324
826840,1,1,1,275.25346061003916
826881,1,1,8,176.01445451340865
826890,1,1,6,628.860362534589
826891,1,1,4,0.42645458358136
826895,1,1,1,544.1769119577862
826906,1,1,5,0.42645457969393247
826911,0,1,0,0.11845541868761732
826959,1,1,1,223.6998425287394
827008,1,1,5,0.42645457969393247
827012,1,1,5,0.42645457969393247
827019,1,1,4,0.42645458358136
827029,1,1,4,0.42645458358136
827038,1,1,8,778.2127475436439
827042,1,1,6,671.8242787868436
827049,1,1,7,105.45459551186453
827053,1,1,8,534.1300275218831
827061,1,1,9,168.9652806127831
827066,1,1,6,512.2513707975174
827071,1,1,4,0.4264545919581291
827078,1,1,1,628.0179632692383
827088,1,1,7,56.55420295517083
827098,1,1,4,0.42645458358136
827104,1,1,10,624.9972801719226
827113,1,1,5,0.42645457969393247
827120,1,1,7,167.31122202121918
827121,1,1,1,518.9509631382585
827124,1,1,8,812.9266602753853
827138,1,1,4,0.42645458358136
827139,1,1,10,142.09410557946194
827153,1,1,9,875.6711930182973
827166,1,1,8,725.4420657171058
827176,1,1,6,185.25554597388617
827186,1,1,10,147.92845582741174
827193,1,1,9,800.7799136894926
827196,1,1,6,434.4451165316438
827197,1,1,1,402.70412542606806
827198,1,1,8,584.3620735647833
827212,1,1,8,278.945885806548
827233,1,1,8,900.4826260604768
827235,1,1,3,37.75367885291711
827248,1,1,6,261.2408782441773
827250,1,1,6,641.8939502002415
827265,1,1,8,773.7108029438534
827283,1,1,5,0.42645457969393247
827284,1,1,8,195.26855789424025
827293,1,1,5,0.42645457969393247
827313,1,1,9,735.4344226619963
827321,1,1,9,407.28629180025865
827326,1,1,10,584.3292598537829
827328,1,1,9,632.2078937806483
827365,1,1,7,60.169509084310505
827370,1,1,10,365.8307470902665
827374,1,1,5,0.42645457969393247
827381,1,1,5,0.42645457969393247
827385,1,1,9,451.5875492630039
827394,1,1,8,575.84213204711
827408,1,1,5,0.42645457969393247
827426,1,1,6,531.3024331937448
827449,1,1,9,752.761660167213
827459,1,1,6,793.7563922919809
827467,0,1,0,0.12699557516209875
827470,1,1,5,0.42645457969393247
827471,1,1,9,396.79743849204255
827489,1,1,10,722.360989767592
827495,1,1,1,349.6784411875079
827520,1,1,9,828.3049856173541
827567,1,1,4,0.42645458358136
827572,1,1,4,0.42645458358136
827592,1,1,5,0.42645457969393247
827598,1,1,6,521.9960301615195
827603,1,1,4,0.42645458358136
827610,1,1,9,464.76617901560854
827613,1,1,9,865.478750681524
827617,1,1,1,495.0925403528043
827619,1,1,6,719.8337076525388
827636,1,1,6,790.666292918531
827644,1,1,5,0.42645457969393247
827664,1,1,6,538.2601597222875
827670,1,1,7,93.27223736696345
827675,1,1,6,549.9376845195482
827681,1,1,6,506.7719739141486
827693,1,1,4,0.4264545919581291
827695,1,1,6,791.0121802756555
827696,1,1,7,143.12700285115363
827719,1,1,5,0.42645457969393247
827734,1,1,3,53.57945396908702
827736,1,1,6,706.9678820344021
827752,1,1,8,780.0724822436391
827758,1,1,4,0.42645458358136
827762,1,1,10,681.8090534591934
827764,1,1,6,780.0959872537251
827769,1,1,5,0.42645457969393247
827784,1,1,1,704.4815778801353
827787,1,1,4,0.42645458358136
827791,1,1,5,0.42645457969393247
827796,1,1,8,751.1201402718643
827806,1,1,9,581.1869130404319
827819,1,1,6,626.9242804422476
827834,1,1,1,556.0496857687583
827851,1,1,1,270.15829154099015
827852,1,1,9,821.7476949091163
827855,1,1,8,159.20581401835275
827857,1,1,9,774.4315315350725
827858,1,1,8,335.310414182459
827873,1,1,9,709.6160271981275
827887,1,1,10,158.46452217578354
827919,1,1,10,280.58647931017737
827921,1,1,5,0.42645457969393247
827924,1,1,9,772.6166289470449
827944,1,1,7,171.58695073609672
827954,1,1,1,544.7525453493482
827980,1,1,6,543.3578521294754
827986,1,1,5,0.42645457969393247
827989,1,1,4,0.4264545919581291
827991,1,1,1,510.60343317642315
828006,1,1,4,0.42645458358136
828015,1,1,10,457.31230511527184
828024,1,1,4,0.42645458358136
828042,1,1,9,876.7227519003209
828056,1,1,8,661.9025983339703
828066,1,1,6,806.8450587343659
828084,1,1,9,427.6725583984035
828086,1,1,2,487.1432886569281
828099,1,1,1,637.9340608629032
828102,1,1,5,0.42645457969393247
828110,1,1,9,652.8528928935377
828112,1,1,4,0.42645458358136
828113,1,1,6,510.2697159110117
828114,1,1,10,449.6317601884038
828117,1,1,8,233.3335286688813
828122,1,1,10,208.15416382080988
828135,1,1,10,721.0076072028891
828139,1,1,1,229.55490113289554
828146,1,1,6,589.424236111452
828159,1,1,4,0.42645458358136
828171,1,1,8,556.0799875719263
828172,1,1,5,0.42645457969393247
828214,1,1,9,516.7989284135966
828234,1,1,8,719.6604259048012
828237,1,1,4,0.42645458358136
828242,1,1,6,252.6728691981473
828246,1,1,6,772.4972905286146
828275,1,1,9,355.06802851438243
828278,1,1,4,0.42645458358136
828281,1,1,10,578.3571903512648
828293,1,1,4,0.4264545919581291
828301,0,1,0,0.10988762552266056
828308,1,1,7,96.45758437250191
828323,1,1,7,55.504422000016646
828326,1,1,9,821.7884717156277
828334,1,1,10,720.2217744830173
828343,1,1,4,0.42645458358136
828349,1,1,1,755.6971621261903
828353,1,1,9,460.3832183827753
828364,1,1,4,0.42645458358136
828365,1,1,6,786.0457844361497
828394,1,1,5,0.42645457969393247
828399,1,1,4,0.42645458358136
828401,1,1,5,0.42645457969393247
828411,1,1,8,291.2944193143977
828413,1,1,4,0.42645458358136
828429,1,1,9,356.6454821971435
828432,1,1,1,290.5752590619431
828457,1,1,5,0.42645457969393247
828519,1,1,10,264.34671940126736
828526,1,1,10,457.86244782642746
828527,1,1,8,456.24884809356365
828536,1,1,4,0.42645458358136
828537,1,1,9,456.6741991090348
828541,1,1,9,210.98181695257585
828543,1,1,10,439.7131431615193
828569,1,1,3,86.42492930956236
828575,1,1,3,74.40588887876538
828587,1,1,5,0.42645457969393247
828595,1,1,10,647.5161191498313
828602,1,1,9,529.1789684168432
828608,1,1,10,415.4415531660645
828618,1,1,5,0.42645456789925423
828625,1,1,4,0.4264545919581291
828631,1,1,6,606.436359088083
828648,1,1,10,439.27222190119824
828650,1,1,9,695.1361143287567
828652,1,1,8,246.7881063705249
828656,1,1,4,0.42645458358136
828665,1,1,8,868.768456881773
828690,1,1,8,379.07659061759574
828700,1,1,5,0.42645457969393247
828714,1,1,6,441.6042798095648
828737,1,1,9,504.06801147031445
828750,1,1,5,0.42645457969393247
828763,1,1,7,173.38802983305487
828767,1,1,9,332.16676212550055
828772,1,1,6,237.5765927269364
828776,1,1,10,109.40716523592927
828798,1,1,2,376.72916168756996
828802,1,1,9,615.2109489756465
828809,1,1,10,100.39708647789804
828810,1,1,5,0.42645457969393247
828817,1,1,10,452.20285441435516
828830,1,1,9,866.8888027508658
828833,1,1,3,74.03671736616043
828836,1,1,4,0.42645458358136
828837,1,1,7,132.50680927195467
828856,1,1,9,837.2275689647676
828859,1,1,2,133.78104690121245
828869,1,1,6,803.7524092768714
828873,1,1,8,807.0472342898298
828886,1,1,9,596.1811154593065
828893,1,1,10,313.83587298689895
828905,1,1,5,0.42645456789925423
828924,1,1,10,197.17153174761228
828932,1,1,4,0.42645458358136
828949,1,1,5,0.42645457969393247
828954,1,1,8,333.6041946899238
829009,1,1,5,0.42645457969393247
829019,1,1,6,736.5291151394789
829023,1,1,10,329.4602558630196
829038,1,1,9,612.714216929633
829040,1,1,10,583.1256110971308
829057,1,1,4,0.42645458358136
829064,1,1,6,696.8488951606458
829067,1,1,7,76.1797305046519
829106,1,1,1,222.02847831746672
829121,1,1,10,650.7984321388705
829123,1,1,10,628.2301300723082
829138,1,1,6,600.4458514703341
829154,1,1,8,790.8299696276123
829163,1,1,4,0.42645458358136
829164,1,1,8,399.130472067639
829165,1,1,5,0.42645457969393247
829169,1,1,2,169.28868029445388
829171,1,1,8,130.40300522310272
829180,1,1,9,852.6756032222045
829183,1,1,8,529.5247698796851
829188,1,1,8,473.63186678362683
829189,1,1,8,879.756548808783
829190,1,1,5,0.42645457969393247
829195,1,1,6,568.6936789607264
829201,1,1,10,576.8568627067768
829204,1,1,5,0.42645457969393247
829210,1,1,4,0.42645458358136
829219,1,1,8,279.14944831248
829221,1,1,6,507.9754538940899
829262,1,1,5,0.42645457969393247
829270,1,1,5,0.42645457969393247
829288,1,1,9,69.32119821588589
829293,1,1,6,394.834171086462
829307,1,1,9,504.28375627812795
829321,1,1,2,363.39061475457476
829327,1,1,8,929.647220606516
829339,1,1,4,0.42645458358136
829343,1,1,5,0.42645457969393247
829346,1,1,6,606.0195708191449
829359,1,1,10,540.9955060841584
829364,1,1,1,721.0436016197311
829388,1,1,5,0.42645457969393247
829405,1,1,3,56.83558821579542
829417,1,1,7,165.82970062158373
829424,1,1,5,0.42645457969393247
829437,1,1,10,286.33091148632093
829439,1,1,8,516.2134377496512
829444,1,1,7,159.8113021213574
829450,1,1,9,56.460880027023286
829478,1,1,4,0.42645458358136
829482,1,1,5,0.42645457969393247
829492,1,1,9,603.2382414041696
829500,1,1,6,276.33993893374077
829509,1,1,2,273.85312714252825
829513,1,1,2,386.6685280083071
829515,1,1,8,280.0522424877515
829525,1,1,8,375.55569134847786
829527,1,1,3,87.81417942392531
829529,1,1,8,256.99889338033853
829537,1,1,9,452.2231213713483
829545,1,1,2,323.22956014710985
829550,1,1,5,0.42645457969393247
829559,1,1,7,161.9327945790504
829560,1,1,5,0.42645457969393247
829563,1,1,9,608.4134962537643
829567,1,1,10,215.22963296883302
829568,1,1,5,0.42645457969393247
829584,1,1,5,0.42645457969393247
829587,1,1,10,463.9845225675308
829589,1,1,8,648.4254293783047
829601,1,1,5,0.42645457969393247
829614,1,1,9,257.79527822557407
829631,1,1,8,724.8396261702989
829642,1,1,1,649.3620842847628
829647,1,1,9,887.1720929197677
829649,1,1,5,0.42645457969393247
829650,1,1,5,0.42645457969393247
829652,1,1,4,0.42645458358136
829700,1,1,8,472.71529673200683
829707,1,1,10,259.1603125630718
829708,1,1,4,0.42645458358136
829716,1,1,6,615.1757809483319
829721,1,1,1,411.2115095605649
829733,1,1,9,312.79506772678747
829743,1,1,9,883.7548642962091
829745,1,1,6,223.7214500520654
829751,1,1,6,541.9094251680085
829753,1,1,10,505.0055709983087
829756,1,1,8,354.52211462169845
829762,1,1,8,211.428240034755
829791,1,1,1,349.1141521925024
829797,1,1,3,89.51913928693138
829800,1,1,9,564.6368817266529
829815,1,1,2,303.74773441671186
829822,1,1,8,913.7232608162643
829833,1,1,6,632.4347992362879
829842,1,1,4,0.42645458358136
829848,1,1,9,484.9617702150303
829859,1,1,9,160.22911973263558
829860,1,1,4,0.42645458358136
829878,1,1,9,889.4132352214847
829885,1,1,4,0.42645458358136
829888,1,1,8,564.1960754007732
829901,1,1,1,197.71438123598992
829946,1,1,8,751.64330766474
829947,1,1,10,415.47732633663406
829961,0,1,0,0.2407283722803691
829966,1,1,7,162.26264870769867
829978,1,1,4,0.42645458358136
829979,1,1,8,717.9749924810558
829997,1,1,7,159.3437388488758
830002,1,1,4,0.42645458358136
830003,1,1,5,0.42645457969393247
830015,1,1,9,735.6052624412262
830019,1,1,8,849.9584577882558
830020,1,1,10,418.8760496489789
830034,1,1,4,0.42645458358136
830036,1,1,6,471.1647752038401
830043,1,1,8,436.30370830184864
830047,1,1,9,876.5500296790076
830048,1,1,6,451.90523311055665
830050,1,1,6,656.33117408391
830062,1,1,4,0.42645458358136
830078,1,1,6,429.1001764843137
830112,1,1,6,408.76211684777985
830118,1,1,2,238.4826798824266
830120,1,1,8,630.1391018516482
830126,1,1,7,168.70278727769823
830144,1,1,5,0.42645457969393247
830151,1,1,5,0.42645457969393247
830159,1,1,6,539.6131869218389
830181,1,1,9,493.1028410453386
830204,1,1,5,0.42645457969393247
830219,1,1,5,0.42645457969393247
830222,1,1,4,0.42645458358136
830231,1,1,3,91.65656695101949
830251,1,1,7,128.47107564773574
830262,1,1,7,83.149710494262
830278,1,1,4,0.42645458358136
830279,1,1,5,0.42645457969393247
830288,1,1,8,301.1527578962355
830289,1,1,7,153.96835325067167
830294,1,1,8,854.4489676429168
830329,1,1,9,616.3029144884387
830338,1,1,9,268.88035957762804
830345,1,1,1,378.165587439092
830348,1,1,10,668.1934926526199
830358,1,1,8,643.942365451847
830359,1,1,9,191.12251439129503
830363,1,1,6,685.9119307888058
830372,1,1,9,839.0520278157397
830381,1,1,7,154.64881972708048
830386,1,1,10,189.2886913274486
830391,0,1,0,0.10267788395775033
830400,1,1,10,664.6577661757017
830403,1,1,4,0.4264545919581291
830405,1,1,8,684.5080656733795
830441,1,1,9,852.9594725714471
830449,1,1,10,261.4009348302272
830468,1,1,6,382.3987029181731
830482,1,1,8,704.2373618568756
830484,1,1,5,0.42645457969393247
830486,1,1,4,0.42645458358136
830498,1,1,9,866.5723059795715
830505,1,1,1,205.6161011148061
830518,1,1,2,341.0271474293451
830530,1,1,9,215.0390572738552
830534,1,1,3,86.7545803277372
830536,1,1,5,0.42645457969393247
830554,1,1,4,0.42645458358136
830556,1,1,10,459.1453499700034
830557,1,1,9,673.5272260170598
830562,1,1,10,415.02980078557573
830578,1,1,1,418.9714965428291
830599,1,1,8,312.0181956504538
830600,1,1,10,407.20419729826654
830602,1,1,10,175.8279192819976
830606,1,1,5,0.42645457969393247
830607,1,1,9,750.459646906207
830621,1,1,9,250.43374216770184
830624,1,1,10,321.428687349889
830639,1,1,5,0.42645457969393247
830648,1,1,9,534.462847470638
830649,1,1,9,616.4356057871563
830656,1,1,8,946.3292680566814
830661,1,1,5,0.42645457969393247
830662,1,1,8,860.8619122741599
830665,1,1,6,475.98088033018115
830689,1,1,2,448.9312873631076
830700,1,1,4,0.42645458358136
830701,1,1,6,413.6589030754438
830710,1,1,8,881.6296627459694
830718,1,1,9,775.3531234687862
830723,1,1,6,437.65801322519735
830730,1,1,8,428.6943914978513
830737,1,1,3,90.64271125782118
830758,1,1,9,798.8248132487972
830762,1,1,9,814.6494560482137
830767,1,1,4,0.42645458358136
830768,1,1,10,435.76322482677074
830770,1,1,8,593.8397704113189
830772,1,1,8,293.4602640931889
830781,1,1,9,617.8276877506318
830795,1,1,8,723.4630408122689
830813,1,1,3,89.41232076799973
830819,1,1,9,582.538499181369
830841,1,1,9,565.7899848306424
830845,1,1,8,787.9649342083695
830851,1,1,4,0.42645458358136
830870,1,1,7,56.90349418918115
830871,1,1,10,685.5235129236333
830873,1,1,3,90.9161250994325
830880,1,1,6,284.378443201614
830896,1,1,8,562.171752981859
830898,1,1,6,755.7434950241105
830911,1,1,9,679.8100546531595
830917,1,1,9,612.4836064469263
830923,1,1,4,0.42645458358136
830925,1,1,6,445.09614677271037
830927,1,1,1,193.6205343441756
830931,1,1,9,859.4733258239036
830936,1,1,1,503.7613702974273
830938,1,1,1,604.4515901240555
830944,1,1,8,420.55623650446336
830945,1,1,3,91.72572364573878
830958,1,1,6,800.1183703067546
830962,1,1,9,603.2265399319934
830967,1,1,1,497.97114873889353
830968,1,1,4,0.42645458358136
830995,1,1,8,745.2471062781843
831005,1,1,1,582.5564276189664
831007,1,1,9,600.2272138300617
831015,1,1,6,529.2441454434517
831020,1,1,3,82.9639821246687
831023,1,1,8,827.1727607023167
831027,1,1,6,510.1005225314482
831028,1,1,10,453.15610598562
831032,1,1,6,505.40396536411095
831034,1,1,6,131.20592899114789
831077,1,1,9,278.01184048420856
831078,1,1,4,0.42645458358136
831079,1,1,9,501.3066344391395
831083,1,1,4,0.42645458358136
831105,1,1,8,408.8524981391618
831113,1,1,5,0.42645457969393247
831144,1,1,7,136.93830250131163
831155,1,1,8,536.4818008199982
831165,1,1,8,302.564695653979
831184,1,1,4,0.42645458358136
831190,1,1,9,856.0938878451918
831197,1,1,8,316.7220284158548
831221,1,1,8,557.4520695555296
831227,1,1,3,91.24833323782484
831229,1,1,8,386.4488899757498
831245,1,1,4,0.42645458358136
831246,1,1,5,0.42645457969393247
831248,1,1,8,455.3389540222198
831267,1,1,1,590.1078331248935
831271,1,1,7,137.06361749038572
831280,1,1,9,685.5437096895589
831285,1,1,2,292.46436967936586
831305,1,1,10,671.9777732248024
831306,1,1,5,0.42645457969393247
831332,1,1,6,543.3522001953298
831357,1,1,8,595.4562887413948
831363,1,1,10,694.4142949011841
831408,1,1,9,763.7803098291365
831415,1,1,7,134.43496736016178
831417,1,1,10,711.7183701652264
831418,1,1,7,83.70288502516274
831430,1,1,5,0.42645457969393247
831441,1,1,6,326.73301899415253
831447,1,1,1,179.86973754529893
831452,1,1,5,0.42645457969393247
831488,1,1,6,252.3689570566189
831500,1,1,1,729.876018454993
831503,1,1,5,0.42645457969393247
831509,1,1,7,145.62004221020172
831525,1,1,9,878.6176522111474
831557,1,1,5,0.42645457969393247
831592,1,1,4,0.42645458358136
831596,1,1,8,503.27735497534314
831601,1,1,5,0.42645457969393247
831605,1,1,10,607.7111454617555
831606,1,1,1,557.3630521048117
831607,1,1,1,288.78963237392827
831612,1,1,4,0.42645458358136
831618,1,1,4,0.42645458358136
831665,1,1,5,0.42645457969393247
831671,1,1,4,0.42645458358136
831692,1,1,6,326.18467845728094
831693,1,1,6,623.6043136846304
831702,1,1,9,599.3970957508977
831705,1,1,4,0.42645458358136
831719,1,1,6,287.2034828746106
831722,1,1,7,120.9785954915443
831736,1,1,9,550.9496669660102
831739,1,1,9,869.3949983355054
831771,1,1,10,271.084033795202
831774,1,1,8,422.41432718231283
831775,1,1,8,606.3998720128849
831785,1,1,5,0.42645457969393247
831791,1,1,5,0.42645457969393247
831796,1,1,9,565.6220139743469
831802,1,1,10,567.2107170211345
831821,1,1,2,385.27488347988225
831825,1,1,9,819.3563398031357
831828,1,1,9,695.9211102727396
831841,1,1,6,720.2582680986695
831870,1,1,2,453.24325195854107
831876,1,1,6,798.1454823626261
831883,1,1,4,0.42645458358136
831897,1,1,9,293.9571176941914
831903,1,1,6,797.08915248871
831917,1,1,4,0.42645458358136
831926,1,1,6,394.7842547700694
831957,1,1,8,618.1872746393393
831970,1,1,5,0.42645457969393247
831998,1,1,3,92.58499800204824
832010,1,1,8,487.0200956573884
832028,1,1,4,0.42645458358136
832038,1,1,4,0.42645458358136
832041,1,1,8,422.42061197122246
832057,1,1,9,749.5892899217141
832075,1,1,9,612.8298597153602
832081,1,1,10,444.38963124155856
832103,1,1,9,769.9557902518994
832120,1,1,6,428.2111783923583
832125,1,1,1,501.1796607143437
832128,1,1,5,0.42645457969393247
832173,1,1,1,751.4106530574106
832175,1,1,4,0.42645458358136
832187,1,1,9,625.5705092399985
832189,1,1,9,534.1063745532994
832197,1,1,1,502.66745334181593
832200,1,1,8,378.1193933500278
832205,1,1,5,0.42645457969393247
832225,1,1,7,77.0415217810252
832229,1,1,10,301.3491323637606
832232,1,1,9,725.4133935392043
832253,1,1,8,722.4573666641951
832255,1,1,3,94.14089170595017
832256,1,1,6,652.7052317961255
832271,1,1,7,116.04963433463008
832272,1,1,4,0.42645458358136
832297,1,1,4,0.42645458358136
832319,1,1,2,371.17886356376704
832322,1,1,2,414.8183502281465
832323,1,1,5,0.42645456789925423
832329,1,1,10,608.8458385081276
832330,1,1,4,0.42645458358136
832340,1,1,10,711.3392391627897
832364,1,1,4,0.42645458358136
832365,1,1,5,0.42645457969393247
832375,1,1,6,549.350467634393
832395,1,1,10,460.0254798711585
832397,1,1,10,600.2340025797195
832403,1,1,9,770.5408859181365
832413,1,1,1,349.3604651133833
832416,1,1,9,256.38136984862365
832420,1,1,6,606.4446291906387
832427,1,1,10,393.61183833128166
832437,1,1,5,0.42645457969393247
832440,1,1,6,802.840840781331
832441,1,1,10,358.6849127931873
832448,1,1,8,178.84256043340204
832465,1,1,1,385.6938209599788
832478,1,1,2,266.8898317643764
832489,1,1,9,550.0637743027538
832493,1,1,1,599.2696799796928
832494,1,1,10,352.1538076312708
832518,1,1,10,663.3888935326534
832533,1,1,5,0.42645457969393247
832542,1,1,4,0.42645458358136
832551,1,1,8,693.661302673676
832555,1,1,4,0.42645458358136
832577,1,1,8,657.9530734332783
832579,1,1,4,0.42645458358136
832584,1,1,1,472.98988993003377
832602,1,1,8,595.2391580809622
832607,1,1,6,671.200153289016
832608,1,1,5,0.42645457969393247
832627,1,1,1,609.0239640764694
832636,1,1,4,0.42645458358136
832666,1,1,6,428.43690944377283
832674,1,1,3,91.25353430387403
832681,1,1,9,852.636929276323
832685,1,1,7,70.40451845126186
832695,1,1,10,405.08689480747415
832696,1,1,10,716.8416248956893
832710,1,1,8,725.7827731207041
832714,1,1,6,727.0027779974795
832717,1,1,5,0.42645457969393247
832719,1,1,6,797.0235838690197
832724,1,1,1,762.7437404104592
832730,1,1,9,562.7260805960369
832744,1,1,4,0.42645458358136
832747,1,1,8,689.78517708204
832763,1,1,10,248.37287237575762
832789,1,1,10,647.2777593735073
832790,1,1,10,446.51740027146514
832793,1,1,9,867.0421181182812
832794,1,1,6,556.141684225157
832797,1,1,1,484.7003732861027
832811,1,1,9,568.7527642120031
832825,1,1,9,731.8460800139005
832832,1,1,5,0.42645457969393247
832839,1,1,9,301.0307591693455
832843,1,1,3,87.21775330092579
832858,1,1,6,788.9566491724802
832859,1,1,3,92.39292733669792
832860,1,1,6,397.65974464831305
832861,1,1,8,839.7964892927043
832862,1,1,5,0.42645457969393247
832871,1,1,6,639.6991099774216
832892,1,1,8,733.7542920220653
832899,1,1,4,0.42645458358136
832905,1,1,9,424.33856829333416
832916,1,1,10,557.771515719743
832918,1,1,1,571.1252609251802
832931,1,1,6,409.1047710923277
832940,1,1,6,586.0249915664816
832944,1,1,5,0.42645457969393247
832949,1,1,9,853.092462088738
832952,1,1,5,0.42645457969393247
832967,1,1,9,636.8031813527167
832970,1,1,8,835.0119374338447
832979,1,1,5,0.42645457969393247
832987,1,1,5,0.42645457969393247
833006,1,1,6,714.6552883028053
833073,1,1,4,0.42645458358136
833080,1,1,8,732.1716315182033
833090,1,1,9,577.8735768077884
833093,1,1,9,226.3170021792681
833102,1,1,10,266.7617876206735
833123,1,1,6,299.6602958934536
833143,1,1,6,604.2894866734072
833151,1,1,10,696.9183709713724
833156,1,1,8,634.9346620615302
833163,1,1,5,0.42645457969393247
833185,1,1,6,350.1774411712552
833189,0,1,0,0.11206616657017507
833190,1,1,4,0.42645458358136
833227,0,1,0,0.1162390437209336
833236,1,1,9,601.854349156033
833242,1,1,9,850.2693998800593
833247,1,1,9,679.6084523019556
833263,1,1,6,803.5742830933391
833268,1,1,4,0.42645458358136
833305,1,1,6,421.44862819621096
833334,1,1,5,0.42645457969393247
833338,1,1,6,267.56337379546477
833342,1,1,5,0.42645457969393247
833358,1,1,4,0.42645458358136
833367,1,1,10,428.05415916154345
833369,1,1,6,656.6770834600069
833375,1,1,4,0.42645458358136
833390,1,1,8,678.5418455104045
833399,1,1,5,0.42645457969393247
833410,1,1,9,498.1491826479518
833425,1,1,6,297.44792780583526
833444,1,1,9,849.9515996131873
833454,1,1,7,74.54262822362546
833461,1,1,9,612.8338971285453
833463,1,1,9,22.443420065808006
833465,1,1,6,472.1976472783516
833467,1,1,6,538.0587211643698
833488,1,1,8,277.55701359228664
833491,1,1,3,90.5231470566691
833496,1,1,3,92.15363901979131
833525,1,1,4,0.42645458358136
833528,1,1,9,841.7966565676362
833534,1,1,4,0.42645458358136
833535,1,1,6,675.7375151570791
833548,1,1,3,90.91881995901326
833550,1,1,9,831.3970640259622
833562,1,1,8,903.1335708174946
833570,1,1,5,0.42645457969393247
833582,1,1,7,112.37357484369537
833590,1,1,10,459.9901694309047
833643,1,1,9,802.8538146310256
833649,1,1,7,94.78522156821414
833650,1,1,8,532.9483212520406
833654,1,1,10,453.3801907747238
833668,1,1,1,233.86499103211753
833673,1,1,2,454.86321784832654
833675,1,1,9,641.051641152653
833693,1,1,6,691.1566702990197
833698,1,1,8,657.0520722371335
833700,1,1,6,479.276139482786
833730,1,1,4,0.42645458358136
833752,1,1,5,0.42645457969393247
833781,1,1,9,586.6670225350132
833786,1,1,5,0.42645457969393247
833796,1,1,8,697.5311200208354
833797,1,1,8,213.653556391525
833799,1,1,6,444.57214836312244
833811,1,1,10,281.65729643637746
833825,1,1,2,226.2844317069137
